-0.12622688710689544678 0.15717576444149017334 -0.00377226551063358784 -0.06297212094068527222 0.01539891771972179413 -0.18155927956104278564 -0.00668448815122246742 0.01762994006276130676 -0.01155805494636297226 0.03150096163153648376 -0.04866585135459899902 0.01109141204506158829 0.21385020017623901367 0.05737302079796791077 0.02615719102323055267 -0.01089828927069902420 -0.00074438401497900486 0.02736864797770977020 -0.03540630266070365906 0.00647288374602794647 0.02094759047031402588 -0.00333373760804533958 -0.08465813845396041870 0.01809835247695446014 -0.02882114611566066742
0.16346749663352966309 0.03184596821665763855 0.04078044742345809937 -0.01433876622468233109 -0.05566928908228874207 -0.07816681265830993652 0.02899191156029701233 0.00540929706767201424 -0.00292167090810835361 0.01456368342041969299 0.03048154525458812714 0.00921145547181367874 -0.12086110562086105347 -0.04871577024459838867 0.02748656645417213440 -0.00159642053768038750 -0.02154446765780448914 0.01724746823310852051 -0.00630791299045085907 -0.00545523501932621002 0.02585545927286148071 -0.05119222030043601990 0.03214070200920104980 0.00460973568260669708 0.03883170336484909058
-0.14270906150341033936 0.02693244069814682007 0.06367215514183044434 -0.06856960058212280273 -0.12654839456081390381 0.56502348184585571289 -0.02641895413398742676 0.00645782751962542534 0.00891878735274076462 -0.00087665446335449815 -0.00236613303422927856 -0.05993593484163284302 -0.10474236309528350830 0.00031338445842266083 -0.00670016650110483170 0.00549981510266661644 -0.01553808059543371201 -0.01249711494892835617 -0.00141548889223486185 -0.00183873972855508327 0.15268242359161376953 -0.00066012091701850295 0.02270790003240108490 -0.06215625256299972534 -0.04231935739517211914
-0.11182299256324768066 0.09054408967494964600 0.14550966024398803711 -0.03398685157299041748 0.01678169891238212585 -0.07708410918712615967 0.00541792437434196472 -0.00318918423727154732 -0.00480465963482856750 -0.00403882469981908798 -0.02401116862893104553 0.02507520280778408051 0.08218300342559814453 0.02519251778721809387 0.00800221879035234451 0.02515070140361785889 0.00377880316227674484 -0.01427109632641077042 0.00393855758011341095 -0.03799986466765403748 0.09908784180879592896 0.02047309093177318573 0.02407269179821014404 -0.00692564062774181366 0.01146496180444955826
-0.14310903847217559814 0.06188718229532241821 -0.02122094482183456421 -0.00235008494928479195 0.01158448401838541031 -0.07980401813983917236 0.00553490221500396729 0.00760909263044595718 -0.00302630965597927570 0.01074658147990703583 0.01888255029916763306 -0.03045280091464519501 -0.21733467280864715576 -0.00546186510473489761 -0.01787440106272697449 0.02793860062956809998 0.00614605285227298737 -0.06325244158506393433 0.01418060343712568283 -0.00543568050488829613 -0.01460152957588434219 -0.00258143455721437931 0.02122534811496734619 0.01737676747143268585 0.03978423401713371277
-0.05851877108216285706 -0.06155207380652427673 -0.18665170669555664062 0.09935810416936874390 -0.05128433182835578918 -0.16195203363895416260 0.03086136095225811005 -0.00660012848675251007 0.00803646259009838104 0.01343849673867225647 -0.01371412072330713272 -0.03028070367872714996 -0.01285356376320123672 0.02486441098153591156 -0.00148835475556552410 0.00542373582720756531 0.04969866573810577393 0.12295421212911605835 -0.01427274197340011597 -0.00506944907829165459 0.36361655592918395996 -0.03520813584327697754 0.05705862492322921753 0.01527324039489030838 0.02076158300042152405
-0.18788261711597442627 0.05599310621619224548 0.23720899224281311035 -0.07304981350898742676 0.02474246732890605927 0.24417303502559661865 0.00169206527061760426 -0.00698006339371204376 0.00493081286549568176 -0.02097151800990104675 0.02777430042624473572 0.00776005815714597702 0.22688737511634826660 -0.00124340201728045940 0.00149904156569391489 -0.00325530581176280975 -0.01810568384826183319 -0.02707880176603794098 -0.00022432938567362726 -0.01022790279239416122 0.12960022687911987305 -0.01023434568196535110 0.02137457020580768585 -0.00096524157561361790 -0.07800484448671340942
-0.08644326031208038330 0.02822451479732990265 0.29286417365074157715 -0.08749414235353469849 -0.00401098886504769325 0.19142749905586242676 -0.02207376994192600250 -0.00156381889246404171 -0.00411453424021601677 -0.00145153340417891741 0.03461369872093200684 -0.01278809458017349243 -0.08879642933607101440 -0.06812562048435211182 -0.02781174704432487488 0.02387237921357154846 -0.02106735482811927795 -0.01870973780751228333 -0.00965436082333326340 -0.00762961339205503464 0.14374043047428131104 0.00528910290449857712 0.14183217287063598633 0.03148046508431434631 -0.12297656387090682983
-0.14925226569175720215 0.00850113108754158020 -0.02084958739578723907 0.02297272905707359314 0.01918854378163814545 0.16850943863391876221 0.01081745885312557220 -0.02369315363466739655 0.01747922413051128387 0.01272194646298885345 -0.00068607064895331860 -0.02000491134822368622 -0.08276325464248657227 -0.05157382041215896606 0.00517465826123952866 -0.03017943166196346283 0.00670239562168717384 0.09986147284507751465 -0.01467327121645212173 -0.01851891726255416870 0.18536566197872161865 -0.03892278671264648438 0.03940045833587646484 0.04745354875922203064 -0.01926302723586559296
0.22914570569992065430 -0.03847637772560119629 -0.01704641804099082947 0.09919735789299011230 -0.02450886182487010956 0.03956075012683868408 -0.00149578042328357697 -0.00700451573356986046 0.01036457251757383347 -0.00508543197065591812 0.01999126002192497253 0.01800726540386676788 -0.28878095746040344238 -0.02396333403885364532 -0.02526128664612770081 0.01984651759266853333 0.05889571830630302429 0.01745963841676712036 -0.00581629434600472450 0.01892363093793392181 -0.15056611597537994385 0.00908729154616594315 -0.02388122491538524628 0.04442229494452476501 0.12075097113847732544
-0.00464900303632020950 0.03663669154047966003 -0.25145715475082397461 0.07706555724143981934 0.04949574172496795654 -0.13024131953716278076 0.02629004605114459991 -0.00864844862371683121 0.00072609866037964821 -0.01139054913073778152 -0.02111515961587429047 -0.05867353081703186035 -0.00656971801072359085 -0.02586099132895469666 -0.03170389682054519653 -0.01034475862979888916 -0.02842225320637226105 0.01357306353747844696 -0.00605332572013139725 0.01888973824679851532 -0.09915616363286972046 -0.00191176007501780987 -0.03630812838673591614 -0.04683665186166763306 -0.07155626267194747925
-0.23461697995662689209 0.07699387520551681519 0.23383909463882446289 -0.02254538238048553467 0.03549263626337051392 -0.12699970602989196777 0.01104267872869968414 -0.00505539448931813240 -0.00885592214763164520 -0.00446247542276978493 -0.01964169554412364960 0.00387454102747142315 0.23783227801322937012 0.06855548918247222900 0.00341499992646276951 -0.01189970131963491440 -0.05446800217032432556 -0.03225273638963699341 -0.00213034427724778652 -0.01743791438639163971 0.18117001652717590332 0.01457046531140804291 0.10923086851835250854 -0.01366620510816574097 -0.00138629449065774679
-0.01466505415737628937 -0.05388546735048294067 -0.01984256133437156677 0.01222332939505577087 -0.05342276021838188171 0.00037892072577960789 0.00010649664181983098 0.00871886312961578369 0.00768395652994513512 0.01027535181492567062 0.01321608573198318481 0.04587147384881973267 -0.05608934909105300903 -0.00592925213277339935 -0.01446481421589851379 0.01913734711706638336 0.06020184233784675598 -0.13155439496040344238 0.02315837889909744263 0.01240285672247409821 0.26338297128677368164 -0.02010853029787540436 -0.03326632082462310791 -0.00439328420907258987 0.04906557872891426086
-0.00993822794407606125 0.03223900869488716125 -0.05590942874550819397 -0.05046452581882476807 0.04596810787916183472 -0.00273814424872398376 0.02537963539361953735 -0.00159956165589392185 -0.02450511977076530457 0.00098770530894398689 -0.00907601788640022278 0.01751068048179149628 0.18279135227203369141 0.00266123819164931774 0.01111400406807661057 -0.01449268870055675507 -0.01263462379574775696 -0.06015620008111000061 0.02128700539469718933 -0.00051822990644723177 0.18532000482082366943 0.00875105615705251694 0.04306633770465850830 0.05504678562283515930 -0.09801307320594787598
-0.00152678182348608971 0.02363948337733745575 -0.08916762471199035645 -0.01211400050669908524 -0.01637235656380653381 0.00256433570757508278 0.00026047063875012100 -0.00713263358920812607 0.00792871695011854172 0.00028728670440614223 -0.02756061591207981110 -0.04718519002199172974 0.07542785257101058960 0.01234887819737195969 -0.00255559058859944344 -0.01562140230089426041 -0.00969976373016834259 0.08818535506725311279 -0.01086824107915163040 0.01321917399764060974 -0.08025420457124710083 0.00144545896910130978 0.00250394642353057861 -0.00210120249539613724 -0.01995126344263553619
0.07820240408182144165 -0.06824387609958648682 0.09159556776285171509 -0.00375803001224994659 -0.09096062183380126953 0.00451539549976587296 -0.00852363277226686478 -0.00985278468579053879 0.01247307937592267990 -0.03563698381185531616 -0.03362239524722099304 -0.02503815479576587677 0.18794237077236175537 0.01633810251951217651 0.01218532770872116089 -0.00611554039642214775 0.02037258073687553406 0.03520389273762702942 -0.01163061428815126419 0.00824350304901599884 -0.01255358010530471802 -0.00455802679061889648 -0.00929298531264066696 0.01022238843142986298 -0.01452548708766698837
-0.11083127558231353760 -0.07737297564744949341 -0.14719706773757934570 0.02764480747282505035 0.00888029672205448151 -0.19115929305553436279 0.00997461471706628799 -0.01561351120471954346 -0.00549916503950953484 0.01045939140021800995 -0.03840902820229530334 -0.00367405405268073082 -0.23256619274616241455 0.04037300124764442444 -0.00194912345614284277 0.01826922968029975891 0.00878028012812137604 0.04547432437539100647 -0.03955367952585220337 0.00357645377516746521 -0.16349729895591735840 0.01058033294975757599 -0.09445192664861679077 0.00020511330512817949 0.03614421933889389038
-0.12156777083873748779 0.03780056163668632507 0.12011731415987014771 0.05962165445089340210 0.01496473420411348343 0.34230473637580871582 -0.01502570044249296188 -0.00270403642207384109 -0.00712975859642028809 -0.02822485566139221191 0.01807773485779762268 -0.00477974861860275269 0.05398571863770484924 -0.09598721563816070557 0.02531728707253932953 -0.01859766244888305664 -0.03195641934871673584 -0.05462824925780296326 0.00156293460167944431 -0.01067865826189517975 0.11182492226362228394 0.01377979852259159088 -0.00231352751143276691 0.00315865594893693924 -0.01819464936852455139
0.11067972332239151001 -0.05048270151019096375 0.19144928455352783203 0.04261799901723861694 0.10196772217750549316 -0.21297879517078399658 0.01417432725429534912 -0.01345538347959518433 -0.00042497972026467323 0.00057406944688409567 0.02680471725761890411 0.01337387785315513611 0.05693105980753898621 -0.05934404954314231873 0.02325581572949886322 -0.03333607316017150879 0.00449855858460068703 0.05006515607237815857 -0.02843199297785758972 0.02700029872357845306 -0.10980089008808135986 -0.00286728097125887871 -0.02346599474549293518 -0.01094532199203968048 0.02074822969734668732
-0.36323782801628112793 -0.09114840626716613770 0.03223706781864166260 -0.11366479098796844482 0.00930572301149368286 0.27442967891693115234 -0.01875809766352176666 -0.00129879312589764595 0.00687428517267107964 -0.00771724293008446693 -0.01286341622471809387 -0.00904931500554084778 0.03846387565135955811 -0.04475163295865058899 0.00173730077221989632 -0.02124669030308723450 0.03343341127038002014 0.02796065621078014374 0.01322163268923759460 0.02627108432352542877 -0.17680168151855468750 0.06563438475131988525 -0.10276854783296585083 -0.01434402447193861008 0.10698065161705017090
0.10422675311565399170 0.00136338197626173496 0.19401592016220092773 -0.00780648598447442055 -0.07195631414651870728 0.36537566781044006348 0.00706398673355579376 -0.00802259054034948349 0.01095497421920299530 0.00808275863528251648 0.00056528160348534584 0.00451030395925045013 -0.13804170489311218262 -0.01547386497259140015 0.00852302648127079010 0.02064906619489192963 0.05251718685030937195 0.04798799008131027222 -0.01475785300135612488 0.00577643280848860741 -0.07259239256381988525 0.00621978146955370903 -0.01776942797005176544 -0.00587426219135522842 0.00867138523608446121
0.21037654578685760498 -0.03877459466457366943 -0.04445652663707733154 0.07077889889478683472 -0.01808678172528743744 -0.12546384334564208984 -0.02315383590757846832 0.00774295907467603683 -0.00076683057704940438 0.01120345667004585266 0.02481981366872787476 0.02271582745015621185 -0.20681555569171905518 -0.01607017591595649719 -0.00338796363212168217 0.01529724337160587311 0.06501186639070510864 0.01282154396176338196 -0.00390014913864433765 -0.00920312479138374329 -0.03281620517373085022 -0.01471644639968872070 -0.05314080789685249329 0.02582863345742225647 0.09282432496547698975
0.28361213207244873047 0.04371020942926406860 0.16596864163875579834 -0.06360820680856704712 -0.00719705689698457718 0.17580634355545043945 -0.01005557551980018616 0.00387832801789045334 -0.00247319671325385571 -0.01579038240015506744 -0.04956633225083351135 -0.04437986388802528381 -0.06995613127946853638 0.01389432512223720551 -0.02553424984216690063 0.02985584177076816559 0.00448161317035555840 0.02749158814549446106 0.00230420008301734924 -0.01352898404002189636 -0.63550353050231933594 0.06530491262674331665 -0.13157419860363006592 -0.08667207509279251099 0.03037223406136035919
-0.18176643550395965576 0.02190907299518585205 0.12027686834335327148 0.04092702642083168030 -0.06514206528663635254 -0.30775639414787292480 0.01542026549577713013 -0.00087688659550622106 0.01406911388039588928 -0.01312795467674732208 0.04749371483922004700 0.04420739039778709412 0.01815094798803329468 -0.02659444324672222137 0.02254403010010719299 -0.00330777931958436966 -0.02523483894765377045 -0.01932130195200443268 0.00129305571317672729 -0.00426957523450255394 0.12527045607566833496 0.03295699879527091980 0.09169872105121612549 -0.05002905428409576416 -0.08654291182756423950
-0.04820310696959495544 0.03700537234544754028 0.00582838384434580803 -0.02412601932883262634 0.04427010938525199890 0.31553682684898376465 -0.00957399699836969376 0.01816688105463981628 0.02625847049057483673 0.01236716844141483307 0.04128026217222213745 -0.05680825561285018921 -0.11239139735698699951 -0.06511750817298889160 -0.01343116164207458496 0.00917847920209169388 -0.01420878525823354721 -0.03914482519030570984 -0.01045296061784029007 0.07322109490633010864 0.20560482144355773926 -0.01010264456272125244 0.07391112297773361206 -0.02842238917946815491 0.06482232362031936646
0.19573394954204559326 -0.09924677759408950806 0.07228948175907135010 -0.05800621584057807922 -0.01121167186647653580 0.23549947142601013184 -0.01293711829930543900 -0.00979940872639417648 0.00695253023877739906 -0.01251070015132427216 -0.04095260798931121826 0.00005169253563508391 0.25699186325073242188 -0.03310436755418777466 0.01772082597017288208 -0.01778869703412055969 0.02514379099011421204 0.02333470247685909271 0.00598864071071147919 0.02136711776256561279 -0.14773868024349212646 0.05014805868268013000 -0.10586940497159957886 0.01256046816706657410 0.07413116097450256348
-0.07157488167285919189 0.10413242131471633911 0.21405319869518280029 -0.03024432063102722168 -0.00435320474207401276 -0.13897286355495452881 -0.01827384717762470245 -0.01407536026090383530 0.00048399448860436678 0.01417463645339012146 0.02371890842914581299 -0.00614575110375881195 -0.02861925587058067322 -0.00364201003685593605 -0.01443737559020519257 -0.01880056597292423248 -0.01961926370859146118 0.05092722922563552856 -0.01355029642581939697 0.01275093201547861099 -0.04127455130219459534 0.07241821289062500000 0.05502673983573913574 0.02296525053679943085 -0.06280906498432159424
0.13615463674068450928 -0.03418352827429771423 -0.09375900775194168091 0.08147491514682769775 -0.01639774069190025330 0.06370010972023010254 -0.02433744072914123535 0.01582475565373897552 0.01457639504224061966 0.00045101955765858293 0.00915477797389030457 -0.01292131468653678894 -0.15772950649261474609 -0.01654919609427452087 0.00137360813096165657 -0.00826633814722299576 0.00551657192409038544 0.03465946391224861145 0.01787719689309597015 0.01373630296438932419 -0.13081130385398864746 -0.04156059026718139648 -0.01702708378434181213 -0.02441578358411788940 -0.01334825158119201660
-0.08668423444032669067 -0.04963137581944465637 -0.22722683846950531006 0.05233989655971527100 -0.06480345875024795532 0.10520324856042861938 -0.00631759921088814735 -0.00642578117549419403 0.01306550391018390656 0.00100143882445991039 -0.04741901159286499023 0.04145966097712516785 -0.11470796912908554077 0.04192423447966575623 -0.00247544771991670132 0.00135269039310514927 -0.00922658015042543411 -0.06097888201475143433 0.01780096255242824554 -0.00869779195636510849 0.07960267364978790283 0.04161306470632553101 0.02115770615637302399 0.01388148684054613113 -0.02920401282608509064
0.03107075579464435577 0.01090729143470525742 -0.16686677932739257812 0.05350670218467712402 0.05297819152474403381 0.15060678124427795410 -0.00974224880337715149 0.00076227419776841998 -0.00331608997657895088 -0.00715608149766921997 0.04609835892915725708 -0.00616724835708737373 -0.00921934656798839569 -0.08364164829254150391 0.00621486501768231392 0.00742043415084481239 0.01690472476184368134 0.00182970415335148573 -0.01815639063715934753 -0.00146960432175546885 0.08059900254011154175 -0.04598536714911460876 -0.02101389132440090179 -0.00198630220256745815 0.02011161856353282928
0.04302705079317092896 0.01499449275434017181 0.05590045452117919922 0.04246247559785842896 -0.03193103894591331482 -0.22204232215881347656 -0.01269451715052127838 0.00472539104521274567 0.00824191607534885406 -0.00420150253921747208 -0.01453121379017829895 0.01355062052607536316 0.20067146420478820801 0.05352301895618438721 0.00663031451404094696 -0.02152255363762378693 0.02246849797666072845 -0.00346974423155188560 -0.01636592298746109009 0.01399117056280374527 0.00565728219226002693 0.01645499654114246368 0.03363977745175361633 0.03497422859072685242 -0.07247855514287948608
-0.10443239659070968628 -0.00648188032209873199 0.11964921653270721436 0.03004460036754608154 -0.03750766813755035400 -0.09040142595767974854 -0.01381759531795978546 0.00103802571538835764 0.02687352150678634644 0.00640827231109142303 -0.00719949137419462204 -0.07426594197750091553 -0.09647315740585327148 -0.03036161139607429504 -0.00962772592902183533 -0.00485033495351672173 0.02419836819171905518 0.07392682135105133057 -0.01724582538008689880 0.02446553483605384827 -0.07686770707368850708 -0.03077362850308418274 0.02954935282468795776 -0.04704173654317855835 0.02082621864974498749
0.00201385165564715862 -0.04313172027468681335 -0.36634248495101928711 0.14990612864494323730 -0.04212243109941482544 0.00125551212113350630 -0.00528955506160855293 0.00494552263990044594 0.02009775117039680481 -0.01374038495123386383 0.02793094888329505920 -0.02738420292735099792 -0.23664517700672149658 -0.03868792578577995300 -0.00149369391147047281 0.00145821145270019770 -0.01118972338736057281 -0.03555493801832199097 -0.00946836452931165695 0.05978795513510704041 0.13780365884304046631 -0.04224654287099838257 0.04533351585268974304 -0.03936740756034851074 0.06804394721984863281
-0.32464623451232910156 0.09994877129793167114 0.00887615419924259186 -0.01541645266115665436 -0.05484653636813163757 -0.01721675321459770203 -0.02300875447690486908 0.00740574486553668976 0.00135117780882865191 -0.00352037581615149975 -0.00910964980721473694 -0.02922956459224224091 0.12782022356986999512 -0.01426803972572088242 -0.03300410881638526917 0.02710992842912673950 -0.07026109844446182251 -0.13920535147190093994 0.01370881870388984680 -0.02886419929563999176 0.11845664680004119873 -0.00192982901353389025 -0.00255335355177521706 -0.00709080742672085762 -0.02383309043943881989
-0.00590481422841548920 0.02769870497286319733 -0.01543696317821741104 0.00925245787948369980 0.01979177072644233704 -0.02279691956937313080 0.00576277170330286026 -0.01910557411611080170 0.01358232647180557251 0.01241194922477006912 0.01323342882096767426 -0.01510238368064165115 0.04974716156721115112 -0.06822041422128677368 -0.04568552970886230469 0.00649506226181983948 0.01828962191939353943 0.04593625664710998535 0.00258280965499579906 0.01217101514339447021 -0.16382122039794921875 -0.00917811971157789230 -0.14839418232440948486 -0.02260783500969409943 0.00032653188100084662
0.06282649934291839600 0.06309638917446136475 0.07819040864706039429 0.11633499711751937866 -0.02354266308248043060 -0.14961877465248107910 0.01105649676173925400 -0.01523807644844055176 -0.02414473704993724823 -0.01068122778087854385 0.04367149248719215393 0.02601737342774868011 -0.24329547584056854248 0.06440932303667068481 0.02997890487313270569 -0.00739731872454285622 0.01343393605202436447 0.02394974045455455780 0.00134986639022827148 0.00615145079791545868 -0.15787112712860107422 -0.01072218827903270721 -0.00279654050245881081 0.00054406892741099000 0.01895538717508316040
0.07264542579650878906 -0.03685865178704261780 -0.02525368146598339081 0.01690223440527915955 -0.05868777260184288025 0.18799091875553131104 -0.03096580132842063904 -0.00626539532095193863 -0.00047285840264521539 0.00685863196849822998 0.01297007128596305847 0.00569039396941661835 -0.11868358403444290161 -0.06485792994499206543 -0.01521705556660890579 0.00376536417752504349 -0.00773058319464325905 -0.01696054078638553619 -0.00701137166470289230 -0.03283421695232391357 0.24530223011970520020 0.00078460108488798141 0.08467298746109008789 0.01131955441087484360 -0.01346543338149785995
-0.00212392932735383511 -0.00272250804118812084 -0.04227932170033454895 0.04538993537425994873 -0.05929035693407058716 -0.27021655440330505371 -0.01176592241972684860 -0.00328819220885634422 0.01129147689789533615 0.00901853945106267929 0.01578276790678501129 0.03158735856413841248 -0.04799656942486763000 0.03411540761590003967 0.01337765809148550034 -0.00318314274773001671 0.02426215261220932007 -0.00593716977164149284 0.01513978373259305954 0.01733036525547504425 0.07209487259387969971 -0.00312545592896640301 -0.02118700742721557617 0.06192231178283691406 0.04634151235222816467
-0.13041064143180847168 0.18815009295940399170 0.15263703465461730957 0.06407121568918228149 -0.02306920289993286133 -0.23667529225349426270 0.02149210311472415924 0.00052013399545103312 -0.00265070982277393341 -0.00996805448085069656 0.05504196509718894958 0.02811905369162559509 0.09358448535203933716 0.02061436325311660767 0.00577239971607923508 -0.01177212875336408615 0.00892975647002458572 -0.02255704067647457123 0.00236310204491019249 -0.02269295603036880493 0.16751529276371002197 0.01645195297896862030 0.05936639010906219482 0.04435522109270095825 0.03463106602430343628
-0.16747634112834930420 0.04346471279859542847 0.01844988390803337097 0.01473255082964897156 -0.05741314217448234558 0.24877160787582397461 0.00809934642165899277 0.00044133199844509363 0.00376132153905928135 0.00741854030638933182 -0.01727678254246711731 0.00287322723306715488 0.09240426868200302124 0.02037316933274269104 -0.00947335176169872284 -0.00107642507646232843 0.01006103772670030594 -0.03213746100664138794 0.00252827070653438568 0.04833468794822692871 -0.00350150209851562977 -0.00594795634970068932 0.06985282152891159058 0.00850257650017738342 -0.03202616795897483826
-0.05749166011810302734 -0.00901455245912075043 -0.05524297803640365601 0.00464542955160140991 -0.07145844399929046631 0.10156056284904479980 0.03232593461871147156 -0.01819441467523574829 -0.01023945584893226624 -0.01315460540354251862 -0.01971312798559665680 0.04177819192409515381 0.07405924797058105469 0.04440543800592422485 0.00274809217080473900 0.01039793714880943298 -0.01071015279740095139 0.03994573280215263367 -0.00239610765129327774 0.00107653823215514421 0.00059169705491513014 -0.00052441592561081052 0.02888810075819492340 -0.00488286744803190231 -0.02624563500285148621
0.13031424582004547119 0.02613326907157897949 0.05670368298888206482 -0.01351014804095029831 -0.01182021945714950562 -0.14924904704093933105 -0.01587761193513870239 -0.00562622584402561188 0.00579988211393356323 0.00496521033346652985 0.01807309687137603760 0.01588503830134868622 -0.04909574985504150391 0.05009022727608680725 0.02528805285692214966 0.02559332549571990967 0.04226207733154296875 0.04229823872447013855 0.03006376326084136963 -0.04267788678407669067 0.03857323154807090759 0.00524774566292762756 -0.03784218803048133850 0.01855355128645896912 0.05442840978503227234
-0.33473154902458190918 -0.05077051371335983276 0.50620216131210327148 -0.15796633064746856689 -0.03316353633999824524 -0.02569972537457942963 -0.00435351906344294548 -0.00866304989904165268 -0.01404117979109287262 0.00619387393817305565 0.03301093727350234985 0.04583350196480751038 0.26831194758415222168 -0.02775746025145053864 -0.02217515558004379272 -0.02955408021807670593 -0.00821537338197231293 -0.03011327795684337616 -0.00277589284814894199 -0.01084035076200962067 0.12932156026363372803 -0.00023392715957015753 0.00842531677335500717 -0.01825716160237789154 -0.04322163015604019165
0.09737356752157211304 0.03026698715984821320 -0.14975684881210327148 0.04141547903418540955 -0.00568412989377975464 -0.33026906847953796387 0.01121075171977281570 0.01029668748378753662 0.00272612180560827255 -0.01789450831711292267 0.02474127151072025299 0.01281649153679609299 -0.08324418962001800537 0.07009201496839523315 -0.00726583739742636681 -0.01244483422487974167 0.02284264937043190002 0.01850419305264949799 -0.00413035880774259567 0.01623326539993286133 -0.15484289824962615967 -0.01101019419729709625 -0.05432767793536186218 -0.00257221842184662819 0.10304502397775650024
0.07298202812671661377 -0.04188348352909088135 0.14543950557708740234 -0.01840320602059364319 -0.01621336862444877625 -0.22003684937953948975 0.02151460573077201843 -0.00399919878691434860 0.00909860339015722275 0.01489420142024755478 0.02489091828465461731 0.01582022756338119507 0.08593422174453735352 0.05194792151451110840 -0.02821904607117176056 0.00927594117820262909 -0.07415891438722610474 -0.05199328064918518066 0.02497041970491409302 -0.04977808892726898193 -0.33896112442016601562 0.09844656288623809814 0.01558599155396223068 0.00018689391436055303 -0.04876165464520454407
0.22861945629119873047 0.01183840353041887283 -0.08393822610378265381 -0.05828165635466575623 0.06743264198303222656 -0.02232783101499080658 0.02270432375371456146 -0.00758656114339828491 0.00548579171299934387 0.00212041614577174187 -0.05321611464023590088 0.00905898865312337875 0.00646880408748984337 -0.02839979343116283417 -0.01854811981320381165 0.00325471791438758373 -0.07228057086467742920 0.01208266522735357285 -0.00740793580189347267 0.00008979724952951074 -0.15340128540992736816 -0.00700201094150543213 0.00941323302686214447 0.00909086316823959351 0.01031686458736658096
0.22903560101985931396 -0.10202919691801071167 -0.08079470694065093994 0.04720795154571533203 0.00727294292300939560 -0.12298402935266494751 -0.00747917313128709793 0.00042277242755517364 0.01162997167557477951 0.00317088142037391663 0.02001961320638656616 0.02414322644472122192 -0.14046710729598999023 -0.05861839652061462402 -0.00372731592506170273 0.02253802120685577393 0.05412594228982925415 -0.04121648892760276794 -0.00658600218594074249 -0.00668903160840272903 -0.02174783498048782349 -0.02914416603744029999 0.13583846390247344971 0.03323210775852203369 0.03004338592290878296
-0.18648095428943634033 0.13494081795215606689 -0.03310289978981018066 -0.12319102883338928223 0.04520278424024581909 0.23416939377784729004 -0.00832111760973930359 0.02708512544631958008 -0.00313333258964121342 0.00494701322168111801 0.01431729365140199661 -0.00538075575605034828 0.11987837404012680054 -0.00120803876779973507 -0.00659682368859648705 0.00463151372969150543 0.03103141672909259796 0.04679359495639801025 0.00725376745685935020 0.00912118703126907349 0.06759008020162582397 0.00290609593503177166 0.03772901371121406555 0.02464419417083263397 -0.01892817392945289612
0.00470360554754734039 -0.03698042780160903931 0.00784659385681152344 -0.08819471299648284912 -0.05591024830937385559 0.03940118849277496338 0.02233184128999710083 -0.01697076670825481415 -0.00489410478621721268 -0.00607519689947366714 -0.00755313131958246231 -0.01495085842907428741 0.16878119111061096191 -0.03562144190073013306 0.01499198284000158310 0.00910867936909198761 -0.02941170148551464081 -0.00249427487142384052 -0.00526110036298632622 0.01859575696289539337 -0.19597268104553222656 -0.00812022201716899872 -0.04361615702509880066 -0.01398875936865806580 0.12927092611789703369
0.04013747349381446838 -0.06886082142591476440 -0.25624665617942810059 0.01210826635360717773 -0.04025904461741447449 -0.13230159878730773926 -0.00090161873959004879 -0.00118390982970595360 0.02353996410965919495 0.04745903238654136658 0.03092538006603717804 -0.01467711664736270905 -0.19891934096813201904 -0.04072594642639160156 -0.01177367381751537323 -0.00582890026271343231 0.01058048103004693985 -0.04606791585683822632 0.01660578697919845581 -0.01490262988954782486 -0.00608850177377462387 -0.00357634527608752251 0.11178725957870483398 -0.01507254596799612045 0.06434774398803710938
-0.00098046439234167337 -0.06728184223175048828 -0.09724813699722290039 -0.03639090433716773987 -0.01352418866008520126 -0.28385642170906066895 -0.00465723127126693726 0.01011422649025917053 0.00522261718288064003 0.00347907608374953270 -0.01785147562623023987 -0.00378602556884288788 -0.11944025754928588867 0.01700023934245109558 -0.00507999630644917488 0.02300086803734302521 0.03913927823305130005 0.02952397055923938751 0.00744490278884768486 -0.00334585504606366158 -0.10399939119815826416 -0.00414389418438076973 -0.00348949804902076721 -0.00879404041916131973 -0.01123911794275045395
0.13744027912616729736 -0.06938514858484268188 -0.18094274401664733887 0.04251028597354888916 -0.02242819592356681824 -0.01962368190288543701 -0.00124565954320132732 -0.01105075515806674957 0.00133308453951030970 -0.01053903996944427490 -0.03901815041899681091 -0.04135216027498245239 -0.07255252450704574585 -0.01210388634353876114 -0.01107200141996145248 -0.01060450356453657150 0.00832201447337865829 0.08388090133666992188 -0.00994415208697319031 -0.01133860554546117783 0.47664070129394531250 -0.03951969742774963379 0.09998738765716552734 0.01747067831456661224 -0.00899088848382234573
-0.14362290501594543457 0.01553378533571958542 0.00829707458615303040 0.00645323423668742180 -0.01188872382044792175 0.02738217078149318695 -0.01392916310578584671 0.00257626851089298725 -0.01223116647452116013 -0.02224961481988430023 -0.04385557770729064941 -0.00556453550234436989 0.16919937729835510254 0.04593687504529953003 0.01567352563142776489 -0.02694573067128658295 -0.04716229438781738281 0.03268916532397270203 -0.00371815403923392296 0.02353115379810333252 -0.14581766724586486816 -0.02629976533353328705 -0.08066798001527786255 -0.00465688109397888184 -0.01785536855459213257
-0.05198949202895164490 -0.15881463885307312012 -0.19243872165679931641 0.08190324157476425171 0.11200830340385437012 -0.21333496272563934326 0.00505618983879685402 -0.02444722689688205719 0.01873879693448543549 0.01487287320196628571 -0.02413010038435459137 0.02656220458447933197 -0.28966039419174194336 0.03410876542329788208 0.04614411666989326477 -0.00759888906031847000 0.00552787538617849350 0.03692536056041717529 -0.01099557895213365555 0.00966382399201393127 -0.09592217952013015747 0.04601534828543663025 -0.00644973013550043106 -0.00683720083907246590 -0.01877006329596042633
-0.01749515533447265625 0.01210941653698682785 -0.04769395291805267334 -0.00468440027907490730 0.04818386584520339966 -0.24155853688716888428 0.00861451588571071625 0.00711068790405988693 -0.00742437783628702164 0.00451611215248703957 0.05870785191655158997 0.04140812531113624573 -0.13879923522472381592 -0.03546452522277832031 0.01099605765193700790 0.01047945488244295120 0.02031485736370086670 -0.00656765373423695564 -0.00257552694529294968 -0.00654345238581299782 -0.09904400259256362915 -0.00830886419862508774 -0.00581089407205581665 0.00395943876355886459 -0.00026948016602545977
-0.27893698215484619141 0.07384378463029861450 0.36067762970924377441 -0.12063740193843841553 -0.04986640438437461853 0.22770354151725769043 -0.03612930700182914734 0.02916408330202102661 -0.00702235009521245956 -0.02068700082600116730 -0.03044871240854263306 -0.02212503366172313690 0.21665120124816894531 0.03376113250851631165 -0.00106736097950488329 -0.00982466805726289749 0.00281343166716396809 -0.02337514422833919525 0.00174682890065014362 -0.00152093544602394104 0.14111858606338500977 0.00593041954562067986 0.02572184801101684570 -0.00825760513544082642 -0.00503491237759590149
0.18551100790500640869 0.03259485960006713867 0.07180514186620712280 -0.06513138860464096069 0.04752089828252792358 -0.05032281950116157532 -0.02037202194333076477 -0.00275996141135692596 -0.01553529221564531326 0.00203102082014083862 0.00747317355126142502 -0.00441001448780298233 -0.20830245316028594971 -0.01967382989823818207 -0.00870767328888177872 0.00466936314478516579 0.04280023276805877686 -0.03319317474961280823 0.00374261196702718735 0.01491135079413652420 -0.13113738596439361572 0.02259954251348972321 0.07441798597574234009 -0.00033586769131943583 -0.01161879673600196838
0.10603211820125579834 0.06277016550302505493 -0.00516101578250527382 0.04976872354745864868 0.11522226780652999878 0.33362755179405212402 -0.00412219902500510216 0.00713475421071052551 0.00919177848845720291 -0.02297728508710861206 -0.02126594819128513336 -0.04235074296593666077 -0.06147997826337814331 0.01332817412912845612 0.00701876869425177574 -0.02887217514216899872 -0.00469907792285084724 0.03556499630212783813 0.00680232979357242584 0.02095022983849048615 -0.20860895514488220215 0.01189728733152151108 0.03402798995375633240 0.01136326789855957031 0.00986082665622234344
0.00068956636823713779 -0.00936335511505603790 -0.00943166017532348633 -0.03088851273059844971 -0.00680361548438668251 0.18436074256896972656 0.00014025547716300935 -0.00926638487726449966 0.01775228977203369141 0.00256445212289690971 0.02132580243051052094 0.01837619580328464508 -0.20642735064029693604 -0.04045338556170463562 -0.01736903004348278046 0.03724028170108795166 0.04689405858516693115 -0.01061402726918458939 -0.00776943191885948181 0.00809700973331928253 -0.14814966917037963867 0.00084820110350847244 -0.02627808414399623871 -0.02493930980563163757 -0.01073308382183313370
0.00361847551539540291 -0.03627707809209823608 -0.28802329301834106445 -0.06286080181598663330 -0.00888627115637063980 0.08999548852443695068 0.01045139133930206299 -0.00764203118160367012 -0.00158765842206776142 -0.04389474913477897644 -0.02260640449821949005 0.00203065294772386551 -0.03116532228887081146 -0.01544212736189365387 -0.00842231139540672302 0.01346955914050340652 -0.00162679585628211498 0.00688521889969706535 -0.00144036859273910522 -0.03566662967205047607 -0.30096906423568725586 0.03054108470678329468 0.07540672272443771362 0.03702592477202415466 -0.18862302601337432861
-0.19720791280269622803 0.01437828410416841507 0.10480725765228271484 -0.06413462013006210327 0.00204476504586637020 -0.10816106200218200684 0.00246005947701632977 0.01516910269856452942 0.00923825707286596298 0.01296540722250938416 0.02928745001554489136 -0.00901859253644943237 -0.02659666165709495544 -0.03549176827073097229 0.01662386395037174225 -0.00343904201872646809 0.02094233408570289612 0.04834531992673873901 0.00939081236720085144 -0.05891276523470878601 -0.23345540463924407959 -0.02501768991351127625 0.05187483131885528564 0.03193128481507301331 0.06896226853132247925
-0.04731440916657447815 0.01423542294651269913 0.13582646846771240234 -0.05258765816688537598 -0.02768128737807273865 -0.27776873111724853516 -0.01322622690349817276 -0.00436766352504491806 -0.01994377560913562775 -0.02177392691373825073 0.04121112450957298279 0.07649111747741699219 0.09886252135038375854 0.06861675530672073364 0.01789830066263675690 0.01429399009793996811 0.00648525590077042580 0.05429410561919212341 -0.01327723637223243713 0.01451298315078020096 0.01628848165273666382 -0.00310937804169952869 -0.00983224622905254364 0.07975006848573684692 0.04154796898365020752
-0.07475642114877700806 0.12124520540237426758 -0.05208456516265869141 0.04196720197796821594 0.02837210521101951599 -0.00036309286952018738 -0.00381010095588862896 -0.01359501760452985764 0.01526567712426185608 0.00780134927481412888 -0.02199587412178516388 -0.05621047317981719971 0.00741692772135138512 0.03109155967831611633 0.01159441471099853516 0.00642833067104220390 -0.01542673166841268539 -0.05021693184971809387 0.01709075644612312317 -0.01267850585281848907 0.08483456075191497803 0.00744028016924858093 0.06731535494327545166 -0.02142591774463653564 -0.20398829877376556396
0.32288131117820739746 -0.09565299749374389648 -0.18230322003364562988 0.04436460882425308228 -0.02005240693688392639 -0.28155386447906494141 -0.02780826576054096222 -0.01251651998609304428 0.00153832114301621914 -0.02815055102109909058 -0.00628884183242917061 -0.02517932280898094177 0.04924702644348144531 -0.03652842342853546143 -0.01586979068815708160 0.02081717737019062042 -0.04226629063487052917 -0.06225046887993812561 -0.03534737974405288696 -0.01133489981293678284 0.08784761279821395874 0.03192877396941184998 -0.05593643337488174438 -0.01984278485178947449 -0.06987324357032775879
0.12080647051334381104 0.00708493636921048164 0.07934045046567916870 0.01160649582743644714 -0.03676830604672431946 -0.20937174558639526367 -0.01255621481686830521 -0.01058571413159370422 -0.01610654219985008240 -0.02412891946732997894 -0.03716231882572174072 -0.01923771016299724579 0.19324523210525512695 0.02295121178030967712 -0.00488590681925415993 -0.00862737651914358139 0.02677991613745689392 -0.00025548203848302364 0.01128504425287246704 -0.03720520809292793274 -0.25393489003181457520 0.02465653419494628906 -0.07896760106086730957 0.02449578791856765747 -0.08222877234220504761
-0.13406541943550109863 0.04954386502504348755 -0.10129106044769287109 0.01272938959300518036 -0.05550473183393478394 -0.01159011479467153549 -0.00219337176531553268 -0.00807348918169736862 0.01138610113412141800 -0.02379950135946273804 -0.03349500149488449097 -0.05072091147303581238 0.05598289519548416138 -0.01855815760791301727 -0.02297938428819179535 -0.00577294360846281052 -0.02116764336824417114 -0.00849168188869953156 0.00555191328749060631 -0.00687217153608798981 0.14518217742443084717 0.02079571969807147980 0.01648364216089248657 0.01889186538755893707 -0.12184789031744003296
-0.03864178434014320374 0.05358770117163658142 -0.15920750796794891357 0.02513161487877368927 0.08788884431123733521 0.24208171665668487549 0.02037633024156093597 0.01628960855305194855 -0.01611086726188659668 -0.01124839670956134796 -0.02128766104578971863 -0.05983342602849006653 -0.03148185834288597107 0.04840141162276268005 0.00049528741510584950 -0.03307074680924415588 -0.01912402547895908356 0.08789583295583724976 -0.02513973228633403778 -0.00371577311307191849 -0.10147240012884140015 -0.00545516656711697578 0.02960715442895889282 -0.00498799234628677368 -0.01821102201938629150
-0.05974835157394409180 0.00216103740967810154 -0.04013546928763389587 0.07887046039104461670 0.00265381950885057449 -0.07600784301757812500 -0.01657579280436038971 -0.01261982694268226624 -0.01911960728466510773 -0.02039341814815998077 0.00945023354142904282 0.00696414429694414139 -0.09995728731155395508 0.00714125856757164001 -0.00337614468298852444 0.00325621082447469234 -0.02065653540194034576 0.02559421211481094360 -0.00525002880021929741 -0.05717388167977333069 0.18890836834907531738 -0.05096740648150444031 -0.00662333983927965164 0.10512141883373260498 -0.03481359407305717468
-0.11928926408290863037 0.01631608046591281891 0.06737039983272552490 -0.12729959189891815186 0.07014731317758560181 0.16800259053707122803 0.03013384342193603516 0.00200452213175594807 0.00275332015007734299 0.00885232631117105484 -0.00441151205450296402 -0.00414436869323253632 0.22987508773803710938 -0.01876577362418174744 0.02343837358057498932 -0.02086342871189117432 -0.07193177938461303711 -0.11172655224800109863 0.01490889117121696472 -0.01432271581143140793 0.14235620200634002686 0.00883351545780897141 0.01786097697913646698 0.02025139145553112030 -0.00523945875465869904
0.01235531456768512726 0.04541639238595962524 -0.04235680773854255676 0.02486521564424037933 0.02929171919822692871 0.03085765242576599121 -0.01502409484237432480 -0.00784405041486024857 -0.00822427403181791306 0.00552221899852156639 0.02154385112226009369 0.02296242117881774902 0.03743304312229156494 -0.05522211641073226929 0.00755661400035023689 -0.00328214000910520554 -0.00055828271433711052 -0.18687120079994201660 0.04150961712002754211 0.06891003996133804321 -0.08968706429004669189 0.06090382859110832214 0.07266757637262344360 0.00439693033695220947 -0.00804704148322343826
-0.07536209374666213989 -0.02188371121883392334 -0.11583906412124633789 0.00863750930875539780 0.03106260299682617188 -0.12235100567340850830 -0.01405169628560543060 -0.00484398799017071724 0.00241882959380745888 0.01545457076281309128 0.04964214563369750977 0.01430749613791704178 -0.13509206473827362061 0.04645046219229698181 0.02418684028089046478 -0.00771750975400209427 0.03022025711834430695 0.04273911193013191223 -0.00130400725174695253 0.00806481577455997467 -0.16033971309661865234 0.00440949480980634689 0.01497547794133424759 -0.00143916753586381674 -0.00608097342774271965
-0.09461136907339096069 0.08836312592029571533 -0.00399602530524134636 0.04585791751742362976 0.01681628078222274780 0.11596307903528213501 0.01516551058739423752 -0.00442996015772223473 0.01447364501655101776 0.02769824862480163574 -0.03234532102942466736 -0.03292745351791381836 -0.11301594972610473633 0.06398193538188934326 -0.00665954919531941414 -0.00109910813625901937 0.01452820934355258942 -0.03834948688745498657 0.01200536638498306274 -0.03399052843451499939 0.29479554295539855957 0.00941776763647794724 0.08738148957490921021 0.04987442865967750549 -0.05488672479987144470
-0.01470576599240303040 -0.00214939564466476440 -0.03299318999052047729 -0.00541943684220314026 -0.02203582972288131714 0.08659848570823669434 0.01866385154426097870 -0.00930453184992074966 0.01584313437342643738 0.01415900047868490219 0.04767726734280586243 -0.02960857935249805450 -0.32294723391532897949 -0.04755253344774246216 -0.04208249598741531372 0.02471587061882019043 0.06301864236593246460 -0.04649320617318153381 0.02690921351313591003 0.00481199054047465324 -0.10017171502113342285 0.00775822997093200684 -0.01645011082291603088 0.00700221443548798561 0.03188683465123176575
-0.17209793627262115479 -0.00826002657413482666 0.00213198550045490265 0.01614759489893913269 0.05226511508226394653 0.10484454035758972168 0.00361786060966551304 -0.00320303998887538910 -0.00154173048213124275 -0.00628647161647677422 -0.00840453244745731354 0.03653564304113388062 0.01862968504428863525 -0.03878609463572502136 -0.00065168354194611311 0.01629043743014335632 -0.04091763123869895935 0.07255476713180541992 -0.00848650187253952026 0.06982097774744033813 -0.32079541683197021484 -0.00057803466916084290 -0.01765955053269863129 0.00511573441326618195 -0.00391367729753255844
0.18473929166793823242 -0.01148453075438737869 -0.14893443882465362549 0.01209166273474693298 0.02503574080765247345 0.21885661780834197998 -0.03225623443722724915 -0.00564720900729298592 -0.01068976055830717087 0.00564844254404306412 -0.00835175998508930206 -0.01745399087667465210 -0.19818587601184844971 -0.04827636852860450745 -0.01454357430338859558 0.00474238861352205276 0.01325721107423305511 -0.01609244011342525482 0.00619044993072748184 -0.03167313337326049805 0.29273444414138793945 0.00387983210384845734 0.09378709644079208374 0.01890503428876399994 -0.10044440627098083496
0.17677305638790130615 -0.08831519633531570435 -0.11913070827722549438 0.07746238261461257935 0.04394086450338363647 -0.48463624715805053711 0.01556457299739122391 -0.00329453707672655582 -0.00699751079082489014 0.00180353270843625069 0.00874321628361940384 -0.06135818734765052795 -0.06340850144624710083 0.08021187037229537964 0.00877388752996921539 -0.04040365293622016907 0.01012475322932004929 0.03373761847615242004 0.01939919777214527130 -0.03553022071719169617 -0.46951511502265930176 0.04721989855170249939 -0.03238601982593536377 -0.02031230367720127106 0.02922154963016510010
-0.13316631317138671875 -0.00614129938185214996 0.23684395849704742432 -0.02979447692632675171 -0.01407299842685461044 0.01421685237437486649 -0.01229131594300270081 -0.01583522744476795197 0.00782003812491893768 -0.03119475953280925751 -0.02387688681483268738 0.02490962855517864227 0.20175607502460479736 0.00979551207274198532 0.02280398458242416382 -0.02325296401977539062 0.00769186392426490784 -0.03149906173348426819 0.02202256768941879272 -0.02181851118803024292 0.16630491614341735840 0.00398912699893116951 0.04274709895253181458 -0.00718890177085995674 -0.01260224636644124985
-0.13854755461215972900 -0.00064793729688972235 0.01864739134907722473 0.02563741803169250488 -0.01450752187520265579 -0.02503811195492744446 0.00009158722241409123 0.01278181467205286026 0.00952215492725372314 0.00474662799388170242 0.03603277355432510376 -0.02924715541303157806 -0.03390400111675262451 -0.02848641015589237213 0.00165431248024106026 0.00163183978293091059 -0.03969290480017662048 0.00443939538672566414 0.02450224384665489197 -0.03620970621705055237 -0.18990918993949890137 0.00093542761169373989 -0.04702118039131164551 -0.04166099056601524353 -0.04819296300411224365
-0.00312128290534019470 -0.12105070054531097412 -0.11329329013824462891 -0.00106965098530054092 0.05079238116741180420 -0.01496131252497434616 -0.00550057506188750267 -0.00538653880357742310 -0.00576700177043676376 0.00709357298910617828 0.01443607173860073090 0.00361802242696285248 -0.25196680426597595215 -0.02947251126170158386 -0.00784292444586753845 0.03036229498684406281 -0.01321580912917852402 -0.01365450210869312286 -0.00040603399975225329 -0.03082386031746864319 0.78748434782028198242 -0.02536603808403015137 0.15109714865684509277 0.00904594548046588898 0.02946984022855758667
0.23236578702926635742 -0.02696440927684307098 -0.31991213560104370117 0.10997512936592102051 0.02705660276114940643 0.11374765634536743164 0.02082977071404457092 -0.01821485720574855804 -0.00035166129237040877 -0.02286449074745178223 -0.02016628906130790710 0.00670257955789566040 -0.01384014543145895004 0.00525850336998701096 0.00731497211381793022 -0.01671393029391765594 -0.00388278905302286148 0.02048910409212112427 -0.00512614334002137184 0.02217667177319526672 -0.17361375689506530762 -0.00613159080967307091 -0.06356150656938552856 -0.01079075597226619720 -0.08441247791051864624
0.16028410196304321289 0.01693284884095191956 0.10824883729219436646 0.11091016978025436401 0.00545573281124234200 -0.22152857482433319092 -0.02808650210499763489 0.00121494964696466923 -0.01569972559809684753 -0.00377211766317486763 -0.01950669661164283752 -0.01174042373895645142 0.16500499844551086426 0.06109768897294998169 0.04035099595785140991 -0.00732507929205894470 0.00573536101728677750 0.02129449695348739624 0.00596129475161433220 -0.07492736726999282837 -0.26275905966758728027 0.01931119337677955627 -0.01014284975826740265 0.04030349850654602051 0.02260375395417213440
0.32035923004150390625 -0.14923851191997528076 -0.11154595762491226196 0.08393269777297973633 0.05055799335241317749 0.04786252230405807495 0.01183583587408065796 -0.01086525619029998779 0.00720152677968144417 0.00577269354835152626 0.04897109791636466980 -0.01008426491171121597 -0.09480489790439605713 -0.05517810210585594177 0.01573490351438522339 -0.02497028186917304993 0.00642702588811516762 0.03681956604123115540 0.00631578452885150909 -0.01642360724508762360 -0.11325565725564956665 -0.01119429524987936020 -0.03004802763462066650 -0.01656048186123371124 0.02920940518379211426
-0.24222275614738464355 0.00058138516033068299 -0.13575969636440277100 -0.06888154894113540649 -0.01336244028061628342 0.32394257187843322754 0.01937290653586387634 -0.01158231403678655624 -0.02192126028239727020 -0.00068036373704671860 -0.02349652163684368134 0.01467544864863157272 0.15117610991001129150 0.02785920910537242889 0.00280765723437070847 0.00110598863102495670 -0.00193948228843510151 -0.00255602947436273098 -0.01378199830651283264 -0.00660386960953474045 0.05436027422547340393 0.01189969480037689209 0.03981586545705795288 0.01210333965718746185 -0.01418073009699583054
0.31443506479263305664 -0.03610450774431228638 -0.15507517755031585693 0.02645200677216053009 0.00151077192276716232 -0.14130032062530517578 0.01071836799383163452 -0.00399109208956360817 0.00305637437850236893 0.01017652172595262527 0.01705011539161205292 -0.05483263358473777771 -0.26984009146690368652 -0.04668103158473968506 -0.02042946591973304749 0.00334791396744549274 0.11540887504816055298 -0.04030143097043037415 0.01222852990031242371 -0.00723977154120802879 -0.08030933141708374023 -0.00631206668913364410 0.02756359055638313293 -0.00062976474873721600 0.00551474932581186295
0.03101229108870029449 -0.02859048731625080109 -0.30330243706703186035 0.10632316768169403076 -0.04996760562062263489 -0.15504652261734008789 0.00322970189154148102 -0.01607908494770526886 -0.00044787931255996227 -0.00408047391101717949 0.02716870233416557312 0.00206842413172125816 -0.03670715540647506714 -0.02256013825535774231 -0.00367582519538700581 0.00148841773625463247 -0.02098874934017658234 -0.03170727938413619995 -0.00943731423467397690 -0.01979663781821727753 0.18367822468280792236 -0.00260763196274638176 0.01107089035212993622 0.00000563054345548153 -0.01129355840384960175
-0.02088041417300701141 -0.01730727776885032654 0.05354006588459014893 -0.06111847236752510071 0.02049153298139572144 -0.06555896252393722534 0.01643777266144752502 0.00877078622579574585 -0.00608754996210336685 0.00789797585457563400 -0.01759653724730014801 0.01871483027935028076 -0.05211010202765464783 0.02846469543874263763 0.01790253445506095886 0.00363525655120611191 -0.01490602828562259674 0.04727859050035476685 -0.01954826898872852325 0.03005691431462764740 -0.20152074098587036133 -0.00578925758600234985 -0.01415763143450021744 -0.01238747313618659973 0.02118552848696708679
0.04505668580532073975 -0.15480741858482360840 -0.16497144103050231934 0.10701341927051544189 -0.07426526397466659546 -0.19258219003677368164 0.01047392468899488449 0.00704556470736861229 0.00109686725772917271 0.00300460541620850563 0.02217182517051696777 0.02491230890154838562 -0.13539718091487884521 -0.02143927849829196930 0.01357221044600009918 0.01695714145898818970 0.01064420863986015320 0.03232616558670997620 -0.02216263487935066223 0.00491906842216849327 -0.13772852718830108643 -0.00295405299402773380 -0.02627532184123992920 -0.00110768957529217005 0.03534482419490814209
0.10043991357088088989 -0.02885655313730239868 -0.07037010788917541504 0.04568015784025192261 0.00876956991851329803 -0.08545139431953430176 0.01330145634710788727 -0.00824787840247154236 0.01065669674426317215 -0.00333157274872064590 -0.00691484380513429642 -0.02289715223014354706 0.15911030769348144531 0.01447163522243499756 -0.01670703850686550140 -0.01152915135025978088 0.01247956324368715286 0.04933068156242370605 -0.00585937872529029846 0.03279769420623779297 0.03042102418839931488 -0.00846061017364263535 0.10780403763055801392 0.02509516291320323944 0.02252194657921791077
0.03248206898570060730 -0.11958270519971847534 0.02222080715000629425 -0.06120733544230461121 0.01635920070111751556 0.15861086547374725342 0.01348363980650901794 -0.00423548091202974319 0.00273236446082592010 0.02007534541189670563 0.01302793342620134354 -0.04480762779712677002 0.01704680919647216797 -0.08735518902540206909 0.01096121221780776978 -0.01079596206545829773 0.01363532617688179016 0.01516579464077949524 0.00143169378861784935 0.00756916962563991547 -0.08609281480312347412 0.00193756737280637026 -0.00842794124037027359 0.02442799136042594910 0.02999934554100036621
-0.11271309107542037964 0.04179727286100387573 0.04592847824096679688 -0.00196402217261493206 -0.06480389088392257690 0.11423328518867492676 -0.00352489831857383251 0.00329557759687304497 0.00246891775168478489 -0.01071673445403575897 -0.01748557575047016144 -0.05308828130364418030 0.15885055065155029297 -0.02856138534843921661 0.03009587712585926056 -0.03116021864116191864 0.02030959725379943848 0.09671203047037124634 -0.01027355622500181198 -0.01097183395177125931 0.12347391992807388306 -0.03300248086452484131 -0.06555376201868057251 -0.00857185665518045425 0.02540974691510200500
0.12005227059125900269 0.08246716856956481934 0.03993523120880126953 0.05068114027380943298 0.05540673807263374329 -0.28415724635124206543 -0.01354655902832746506 0.00785845983773469925 -0.01243142690509557724 0.00290697487071156502 -0.04891203343868255615 0.04412293061614036560 -0.11290881037712097168 0.05323123931884765625 -0.00235428335145115852 -0.01980067603290081024 0.03110402077436447144 0.03493560105562210083 -0.00286353239789605141 -0.01569815725088119507 -0.11225496232509613037 -0.00478421989828348160 0.00411161594092845917 0.02586744353175163269 -0.01901786960661411285
-0.21569013595581054688 0.09283429384231567383 0.18707299232482910156 0.02233131788671016693 -0.09964091330766677856 0.17905047535896301270 0.01856696046888828278 -0.00107621075585484505 0.01290422864258289337 -0.00132796727120876312 -0.01059620920568704605 -0.02259004861116409302 0.39236044883728027344 -0.01172057352960109711 0.00947286747395992279 -0.02265742048621177673 0.03402260318398475647 0.02899241447448730469 -0.00684968708083033562 -0.00456361845135688782 -0.02135948091745376587 -0.00579052511602640152 -0.04693504422903060913 0.05193856358528137207 -0.06913415342569351196
-0.04142678156495094299 0.03212150558829307556 0.01536112558096647263 -0.00215493841096758842 0.02171200327575206757 0.01683882437646389008 -0.00727494386956095695 -0.01132635865360498428 0.00465930812060832977 0.01446430850774049759 0.01790343970060348511 0.01645066030323505402 0.06210531666874885559 -0.00739709474146366119 -0.02080667018890380859 -0.02445999160408973694 0.01375313568860292435 0.05739584192633628845 0.01378701906651258469 -0.00337783386930823326 -0.04009629040956497192 0.03975850716233253479 -0.15836180746555328369 -0.06651402264833450317 0.11258172988891601562
-0.10196566581726074219 0.06436666101217269897 0.01545756123960018158 0.00490246014669537544 0.07866661995649337769 0.15102989971637725830 0.00945674534887075424 -0.00721751572564244270 0.01292154099792242050 0.01922656595706939697 -0.02563934586942195892 -0.02195885404944419861 0.02802406437695026398 -0.00836111605167388916 -0.00192189519293606281 -0.01279044803231954575 -0.04428065568208694458 -0.11540279537439346313 0.01219840720295906067 -0.01325206458568572998 0.13080990314483642578 -0.00470021413639187813 0.00217701075598597527 0.00850651133805513382 -0.00447087176144123077
0.01232467684894800186 -0.02496958896517753601 -0.10360383987426757812 0.04343796148896217346 -0.02707146853208541870 -0.08156420290470123291 0.00246497197076678276 0.00697341654449701309 0.02092123031616210938 0.01370951160788536072 -0.02113118395209312439 -0.00598070677369832993 -0.10140810906887054443 0.03419300913810729980 0.02017967216670513153 -0.01420731656253337860 -0.00593659747391939163 -0.02267617173492908478 -0.00917248055338859558 0.00103931268677115440 0.17584365606307983398 0.00674333982169628143 0.00193840567953884602 -0.01782407239079475403 -0.00799323059618473053
0.06165461242198944092 0.01782825961709022522 -0.00608369056135416031 -0.00895370729267597198 0.00750324502587318420 -0.06149126216769218445 -0.00494905374944210052 0.00294894492253661156 -0.00524972705170512199 0.01760493218898773193 0.01719382032752037048 -0.01857092604041099548 -0.16915713250637054443 -0.03087906166911125183 0.00839993637055158615 0.00420623924583196640 0.03712293505668640137 -0.02149907872080802917 -0.00242622545920312405 0.00842928700149059296 0.06501285731792449951 0.05591479316353797913 0.05850258469581604004 0.00023690040688961744 -0.07300931960344314575
0.12495217472314834595 0.00366873061284422874 -0.09988420456647872925 0.04598020762205123901 0.01963215135037899017 -0.01774652116000652313 -0.02991358004510402679 0.00472100824117660522 0.00972829572856426239 0.00340800895355641842 0.02286800742149353027 0.00472049880772829056 -0.11161644011735916138 -0.07524691522121429443 -0.01529972534626722336 0.00612070318311452866 0.06098715960979461670 -0.01742400042712688446 0.01082377601414918900 0.06447264552116394043 0.16190852224826812744 0.00215654401108622551 0.01322608813643455505 0.02144463546574115753 0.00715013686567544937
-0.61069875955581665039 0.01927232556045055389 -0.04838614538311958313 -0.02091438323259353638 -0.14564011991024017334 -0.20195485651493072510 0.00632167933508753777 0.00907156616449356079 -0.00020481401588767767 0.01345369219779968262 -0.01481602434068918228 -0.04696878418326377869 0.14646722376346588135 0.05072107166051864624 -0.00931338127702474594 0.00217168452218174934 -0.02992020919919013977 -0.04074371606111526489 0.01103880442678928375 -0.01858104020357131958 0.10685277730226516724 -0.00713629275560379028 0.07440009713172912598 -0.01070071849972009659 -0.04308718815445899963
-0.03908941522240638733 0.07986075431108474731 0.04780201986432075500 -0.04569967836141586304 -0.12966339290142059326 0.14453519880771636963 0.01351197808980941772 0.01426521688699722290 0.00011331704445183277 0.00543633336201310158 -0.01189623773097991943 -0.00034478690940886736 -0.12860521674156188965 0.01098712719976902008 -0.00226265541277825832 0.02602724917232990265 0.00219563394784927368 0.03205731138586997986 0.02288803644478321075 -0.01319354120641946793 0.10061838477849960327 -0.01916165836155414581 0.07780760526657104492 0.03212068229913711548 -0.09318678081035614014
0.11923880130052566528 -0.03765653446316719055 -0.18200890719890594482 -0.02603735961019992828 0.00525845540687441826 0.27944380044937133789 -0.01229869015514850616 0.00787412840873003006 -0.01665687188506126404 0.00441182078793644905 -0.06317247450351715088 0.00075362727511674166 -0.16122186183929443359 -0.02153373882174491882 -0.02090706303715705872 0.01672676764428615570 -0.00368177914060652256 0.02352527342736721039 -0.00254851253703236580 -0.00529709737747907639 -0.15253280103206634521 -0.01791137456893920898 -0.07074185460805892944 0.07209478318691253662 -0.10717762261629104614
