10.6481938400978055625500928726978600025177001953125
-21.402648283663086914430095930583775043487548828125
4.79259856667381622941093155532144010066986083984375
-0.82249689561347161248505699404631741344928741455078125
5.3402574629602224121072140405885875225067138671875
5.576925722921362904571651597507297992706298828125
3.240560093640362016031986058806069195270538330078125
1.4549810007697707714413581925327889621257781982421875
-3.2860313577521811367887494270689785480499267578125
10.2735490304351717583131176070310175418853759765625
