0.000000 0.668120 -0.191573 0.136228 -0.009646 0.010652 -0.018059 -0.471449 0.306151 0.084817
0.001000 0.668111 -0.191563 0.136210 -0.009646 0.010652 -0.018059 -0.471449 0.306151 0.084817
0.002000 0.668101 -0.191552 0.136192 -0.010589 0.011264 -0.017890 -0.958972 0.620525 0.182515
0.003000 0.668090 -0.191540 0.136174 -0.011564 0.011893 -0.017694 -0.991359 0.637030 0.208765
0.004000 0.668078 -0.191528 0.136157 -0.012572 0.012539 -0.017472 -1.024217 0.653641 0.235996
0.005000 0.668065 -0.191515 0.136139 -0.013613 0.013200 -0.017222 -1.057535 0.670349 0.264222
0.006000 0.668051 -0.191502 0.136122 -0.014687 0.013879 -0.016944 -1.091312 0.687151 0.293441
0.007000 0.668035 -0.191487 0.136105 -0.015795 0.014575 -0.016635 -1.125558 0.704059 0.323617
0.008000 0.668019 -0.191472 0.136089 -0.016938 0.015287 -0.016297 -1.160294 0.721096 0.354700
0.009000 0.668001 -0.191457 0.136073 -0.018116 0.016017 -0.015926 -1.195529 0.738281 0.386654
0.010000 0.667983 -0.191440 0.136057 -0.019329 0.016764 -0.015523 -1.231255 0.755636 0.419475
0.011000 0.667963 -0.191423 0.136042 -0.020578 0.017528 -0.015087 -1.267457 0.773180 0.453174
0.012000 0.667942 -0.191405 0.136027 -0.021864 0.018310 -0.014617 -1.304116 0.790923 0.487764
0.013000 0.667919 -0.191387 0.136013 -0.023187 0.019110 -0.014112 -1.341223 0.808856 0.523251
0.014000 0.667895 -0.191367 0.135999 -0.024547 0.019928 -0.013570 -1.378779 0.826964 0.559622
0.015000 0.667870 -0.191347 0.135985 -0.025944 0.020764 -0.012992 -1.416797 0.845227 0.596857
0.016000 0.667843 -0.191326 0.135973 -0.027380 0.021618 -0.012377 -1.455278 0.863626 0.634939
0.017000 0.667815 -0.191303 0.135961 -0.028855 0.022491 -0.011722 -1.494217 0.882139 0.673851
0.018000 0.667786 -0.191281 0.135949 -0.030369 0.023383 -0.011029 -1.533614 0.900746 0.713551
0.019000 0.667755 -0.191257 0.135939 -0.031922 0.024293 -0.010295 -1.573473 0.919424 0.753983
0.020000 0.667722 -0.191232 0.135929 -0.033516 0.025222 -0.009521 -1.613792 0.938151 0.795105
0.021000 0.667687 -0.191206 0.135920 -0.035150 0.026169 -0.008705 -1.654560 0.956914 0.836895
0.022000 0.667652 -0.191180 0.135911 -0.036825 0.027135 -0.007847 -1.695770 0.975713 0.879333
0.023000 0.667614 -0.191152 0.135904 -0.038541 0.028120 -0.006947 -1.737420 0.994556 0.922395
0.024000 0.667574 -0.191123 0.135897 -0.040300 0.029124 -0.006002 -1.779503 1.013444 0.966059
0.025000 0.667533 -0.191094 0.135892 -0.042100 0.030147 -0.005014 -1.821999 1.032369 1.010312
0.026000 0.667490 -0.191063 0.135887 -0.043944 0.031189 -0.003982 -1.864895 1.051329 1.055133
0.027000 0.667445 -0.191031 0.135884 -0.045830 0.032250 -0.002904 -1.908184 1.070328 1.100490
0.028000 0.667399 -0.190999 0.135882 -0.047760 0.033330 -0.001781 -1.951849 1.089365 1.146358
0.029000 0.667350 -0.190965 0.135880 -0.049734 0.034429 -0.000611 -1.995864 1.108436 1.192696
0.030000 0.667299 -0.190930 0.135880 -0.051752 0.035547 0.000605 -2.040209 1.127564 1.239430
0.031000 0.667246 -0.190894 0.135882 -0.053814 0.036684 0.001867 -2.084869 1.146780 1.286455
0.032000 0.667191 -0.190856 0.135884 -0.055921 0.037840 0.003177 -2.129820 1.166106 1.333695
0.033000 0.667134 -0.190818 0.135888 -0.058074 0.039016 0.004535 -2.175028 1.185545 1.381116
0.034000 0.667075 -0.190778 0.135893 -0.060271 0.040211 0.005940 -2.220466 1.205114 1.428710
0.035000 0.667014 -0.190738 0.135900 -0.062515 0.041426 0.007392 -2.266109 1.224843 1.476471
0.036000 0.666950 -0.190695 0.135908 -0.064804 0.042661 0.008893 -2.311927 1.244746 1.524392
0.037000 0.666884 -0.190652 0.135918 -0.067138 0.043916 0.010441 -2.357889 1.264823 1.572453
0.038000 0.666816 -0.190608 0.135929 -0.069519 0.045191 0.012038 -2.403982 1.285086 1.620621
0.039000 0.666745 -0.190562 0.135942 -0.071946 0.046486 0.013682 -2.450208 1.305560 1.668849
0.040000 0.666672 -0.190515 0.135956 -0.074420 0.047802 0.015375 -2.496557 1.326253 1.717098
0.041000 0.666596 -0.190466 0.135972 -0.076940 0.049139 0.017116 -2.543017 1.347162 1.765334
0.042000 0.666518 -0.190416 0.135990 -0.079506 0.050496 0.018906 -2.589620 1.368292 1.813514
0.043000 0.666437 -0.190365 0.136010 -0.082119 0.051875 0.020743 -2.636425 1.389664 1.861586
0.044000 0.666354 -0.190313 0.136032 -0.084779 0.053275 0.022629 -2.683458 1.411284 1.909502
0.045000 0.666268 -0.190259 0.136055 -0.087486 0.054698 0.024563 -2.730689 1.433150 1.957210
0.046000 0.666179 -0.190203 0.136081 -0.090240 0.056142 0.026544 -2.778064 1.455292 2.004636
0.047000 0.666087 -0.190146 0.136109 -0.093042 0.057608 0.028572 -2.825538 1.477759 2.051678
0.048000 0.665993 -0.190088 0.136138 -0.095891 0.059097 0.030647 -2.873077 1.500593 2.098219
0.049000 0.665896 -0.190028 0.136170 -0.098788 0.060609 0.032768 -2.920675 1.523820 2.144108
0.050000 0.665795 -0.189967 0.136204 -0.101733 0.062145 0.034935 -2.968342 1.547453 2.189173
0.051000 0.665692 -0.189904 0.136240 -0.104725 0.063704 0.037147 -3.016063 1.571490 2.233284
0.052000 0.665586 -0.189839 0.136278 -0.107765 0.065288 0.039402 -3.063809 1.595918 2.276383
0.053000 0.665477 -0.189773 0.136319 -0.110852 0.066896 0.041699 -3.111583 1.620757 2.318480
0.054000 0.665364 -0.189706 0.136361 -0.113988 0.068529 0.044039 -3.159414 1.646043 2.359601
0.055000 0.665249 -0.189636 0.136407 -0.117171 0.070188 0.046419 -3.207299 1.671789 2.399757
0.056000 0.665130 -0.189565 0.136454 -0.120402 0.071873 0.048838 -3.255185 1.697981 2.438936
0.057000 0.665008 -0.189493 0.136504 -0.123682 0.073584 0.051296 -3.303016 1.724603 2.477119
0.058000 0.664883 -0.189418 0.136557 -0.127008 0.075322 0.053792 -3.350739 1.751654 2.514292
0.059000 0.664754 -0.189342 0.136612 -0.130383 0.077088 0.056325 -3.398291 1.779118 2.550432
0.060000 0.664622 -0.189264 0.136669 -0.133805 0.078880 0.058893 -3.445609 1.806983 2.585504
0.061000 0.664486 -0.189184 0.136730 -0.137274 0.080701 0.061496 -3.492667 1.835278 2.619479
0.062000 0.664347 -0.189102 0.136792 -0.140790 0.082551 0.064132 -3.539470 1.864061 2.652335
0.063000 0.664205 -0.189019 0.136858 -0.144353 0.084430 0.066801 -3.585994 1.893360 2.684040
0.064000 0.664058 -0.188934 0.136926 -0.147962 0.086338 0.069500 -3.632189 1.923165 2.714583
0.065000 0.663909 -0.188846 0.136997 -0.151618 0.088276 0.072230 -3.678050 1.953476 2.744002
0.066000 0.663755 -0.188757 0.137070 -0.155318 0.090245 0.074988 -3.723598 1.984309 2.772361
0.067000 0.663598 -0.188666 0.137147 -0.159065 0.092245 0.077775 -3.768820 2.015661 2.799696
0.068000 0.663437 -0.188573 0.137226 -0.162856 0.094276 0.080588 -3.813653 2.047502 2.825992
0.069000 0.663272 -0.188477 0.137308 -0.166692 0.096340 0.083427 -3.858051 2.079824 2.851231
0.070000 0.663104 -0.188380 0.137393 -0.170572 0.098436 0.086290 -3.901991 2.112636 2.875400
0.071000 0.662931 -0.188280 0.137481 -0.174496 0.100565 0.089177 -3.945419 2.145926 2.898467
0.072000 0.662755 -0.188179 0.137571 -0.178463 0.102728 0.092087 -3.988270 2.179668 2.920368
0.073000 0.662574 -0.188075 0.137665 -0.182473 0.104924 0.095018 -4.030531 2.213871 2.941017
0.074000 0.662390 -0.187969 0.137761 -0.186524 0.107155 0.097969 -4.072230 2.248568 2.960324
0.075000 0.662201 -0.187861 0.137861 -0.190617 0.109421 0.100939 -4.113352 2.283764 2.978205
0.076000 0.662009 -0.187750 0.137963 -0.194751 0.111723 0.103925 -4.153846 2.319425 2.994636
0.077000 0.661812 -0.187637 0.138069 -0.198925 0.114060 0.106928 -4.193712 2.355526 3.009696
0.078000 0.661611 -0.187522 0.138177 -0.203138 0.116434 0.109945 -4.232998 2.392058 3.023519
0.079000 0.661405 -0.187404 0.138288 -0.207391 0.118844 0.112975 -4.271694 2.428992 3.036185
0.080000 0.661196 -0.187284 0.138403 -0.211682 0.121292 0.116017 -4.309722 2.466274 3.047685
0.081000 0.660982 -0.187162 0.138521 -0.216010 0.123777 0.119070 -4.347018 2.503868 3.057998
0.082000 0.660764 -0.187037 0.138641 -0.220376 0.126300 0.122133 -4.383544 2.541757 3.067110
0.083000 0.660541 -0.186909 0.138765 -0.224777 0.128860 0.125205 -4.419225 2.579902 3.074986
0.084000 0.660314 -0.186779 0.138892 -0.229214 0.131459 0.128283 -4.453968 2.618251 3.081566
0.085000 0.660083 -0.186646 0.139021 -0.233685 0.134097 0.131368 -4.487738 2.656783 3.086808
0.086000 0.659847 -0.186511 0.139154 -0.238190 0.136773 0.134457 -4.520547 2.695506 3.090688
0.087000 0.659607 -0.186373 0.139290 -0.242726 0.139488 0.137549 -4.552359 2.734396 3.093163
0.088000 0.659362 -0.186232 0.139429 -0.247294 0.142242 0.140643 -4.583104 2.773412 3.094204
0.089000 0.659112 -0.186088 0.139572 -0.251892 0.145035 0.143738 -4.612782 2.812551 3.093858
0.090000 0.658858 -0.185942 0.139717 -0.256520 0.147867 0.146831 -4.641472 2.851850 3.092240
0.091000 0.658599 -0.185792 0.139865 -0.261175 0.150738 0.149922 -4.669236 2.891334 3.089466
0.092000 0.658335 -0.185640 0.140017 -0.265858 0.153649 0.153010 -4.696118 2.931011 3.085669
0.093000 0.658067 -0.185485 0.140171 -0.270568 0.156600 0.156093 -4.722148 2.970876 3.080984
0.094000 0.657794 -0.185327 0.140329 -0.275303 0.159591 0.159172 -4.747286 3.010890 3.075474
0.095000 0.657517 -0.185166 0.140490 -0.280062 0.162622 0.162244 -4.771449 3.050989 3.069130
0.096000 0.657234 -0.185002 0.140653 -0.284845 0.165693 0.165310 -4.794636 3.091152 3.061961
0.097000 0.656947 -0.184835 0.140820 -0.289651 0.168804 0.168368 -4.816911 3.131387 3.054010
0.098000 0.656655 -0.184664 0.140990 -0.294479 0.171956 0.171418 -4.838268 3.171669 3.045284
0.099000 0.656358 -0.184491 0.141163 -0.299328 0.175148 0.174459 -4.858649 3.211945 3.035770
0.100000 0.656056 -0.184314 0.141339 -0.304197 0.178380 0.177490 -4.878086 3.252207 3.025538
0.101000 0.655750 -0.184134 0.141518 -0.309084 0.181652 0.180510 -4.896693 3.292487 3.014725
0.102000 0.655438 -0.183951 0.141700 -0.313990 0.184965 0.183519 -4.914493 3.332771 3.003392
0.103000 0.655122 -0.183764 0.141885 -0.318913 0.188318 0.186517 -4.931395 3.372991 2.991506
0.104000 0.654800 -0.183574 0.142073 -0.323853 0.191711 0.189502 -4.947342 3.413105 2.979029
0.105000 0.654474 -0.183381 0.142264 -0.328808 0.195144 0.192475 -4.962326 3.453097 2.965948
0.106000 0.654143 -0.183184 0.142458 -0.333777 0.198617 0.195434 -4.976279 3.492918 2.952211
0.107000 0.653806 -0.182983 0.142655 -0.338760 0.202130 0.198379 -4.989093 3.532498 2.937720
0.108000 0.653465 -0.182779 0.142855 -0.343756 0.205682 0.201309 -5.000761 3.571828 2.922395
0.109000 0.653119 -0.182572 0.143058 -0.348762 0.209273 0.204224 -5.011358 3.610948 2.906177
0.110000 0.652768 -0.182361 0.143263 -0.353778 0.212904 0.207122 -5.020876 3.649846 2.888987
0.111000 0.652411 -0.182146 0.143472 -0.358804 0.216573 0.210002 -5.029239 3.688459 2.870768
0.112000 0.652050 -0.181928 0.143683 -0.363837 0.220281 0.212863 -5.036475 3.726769 2.851578
0.113000 0.651684 -0.181706 0.143898 -0.368877 0.224027 0.215705 -5.042710 3.764800 2.831551
0.114000 0.651312 -0.181480 0.144115 -0.373922 0.227810 0.218526 -5.047964 3.802526 2.810748
0.115000 0.650936 -0.181250 0.144335 -0.378973 0.231632 0.221327 -5.052139 3.839870 2.789152
0.116000 0.650554 -0.181016 0.144557 -0.384027 0.235490 0.224105 -5.055199 3.876799 2.766794
0.117000 0.650168 -0.180779 0.144783 -0.389083 0.239385 0.226860 -5.057181 3.913323 2.743764
0.118000 0.649776 -0.180538 0.145011 -0.394141 0.243317 0.229592 -5.058036 3.949403 2.720082
0.119000 0.649379 -0.180292 0.145242 -0.399199 0.247284 0.232300 -5.057650 3.984969 2.695690
0.120000 0.648978 -0.180043 0.145476 -0.404256 0.251287 0.234984 -5.056011 4.020022 2.670556
0.121000 0.648571 -0.179790 0.145712 -0.409311 0.255324 0.237641 -5.053206 4.054625 2.644690
0.122000 0.648159 -0.179532 0.145951 -0.414363 0.259396 0.240273 -5.049222 4.088777 2.618063
0.123000 0.647742 -0.179271 0.146192 -0.419410 0.263502 0.242878 -5.043975 4.122410 2.590633
0.124000 0.647320 -0.179005 0.146437 -0.424451 0.267641 0.245454 -5.037515 4.155513 2.562485
0.125000 0.646893 -0.178736 0.146683 -0.429485 0.271813 0.248003 -5.030034 4.188149 2.533801
0.126000 0.646461 -0.178462 0.146933 -0.434511 0.276017 0.250522 -5.021691 4.220363 2.504727
0.127000 0.646024 -0.178184 0.147184 -0.439528 0.280254 0.253012 -5.012596 4.252186 2.475349
0.128000 0.645582 -0.177901 0.147439 -0.444536 0.284522 0.255473 -5.002827 4.283634 2.445712
0.129000 0.645135 -0.177615 0.147695 -0.449534 0.288821 0.257903 -4.992337 4.314653 2.415784
0.130000 0.644683 -0.177324 0.147954 -0.454520 0.293151 0.260304 -4.980997 4.345159 2.385469
0.131000 0.644226 -0.177028 0.148216 -0.459496 0.297511 0.262674 -4.968798 4.375161 2.354707
0.132000 0.643764 -0.176729 0.148480 -0.464458 0.301901 0.265014 -4.955838 4.404746 2.323480
0.133000 0.643297 -0.176425 0.148746 -0.469407 0.306321 0.267321 -4.942108 4.433921 2.291732
0.134000 0.642825 -0.176116 0.149014 -0.474342 0.310769 0.269597 -4.927509 4.462615 2.259409
0.135000 0.642349 -0.175803 0.149285 -0.479262 0.315246 0.271840 -4.912094 4.490824 2.226591
0.136000 0.641867 -0.175486 0.149558 -0.484166 0.319751 0.274050 -4.896042 4.518620 2.193456
0.137000 0.641380 -0.175164 0.149833 -0.489054 0.324283 0.276227 -4.879400 4.545988 2.160086
0.138000 0.640889 -0.174837 0.150111 -0.493925 0.328843 0.278370 -4.862058 4.572831 2.126437
0.139000 0.640392 -0.174506 0.150390 -0.498778 0.333429 0.280480 -4.844005 4.599102 2.092489
0.140000 0.639891 -0.174170 0.150672 -0.503613 0.338041 0.282555 -4.825334 4.624820 2.058276
0.141000 0.639385 -0.173830 0.150955 -0.508429 0.342678 0.284596 -4.806021 4.649936 2.023769
0.142000 0.638874 -0.173485 0.151241 -0.513225 0.347341 0.286603 -4.785930 4.674362 1.988875
0.143000 0.638359 -0.173135 0.151528 -0.518001 0.352027 0.288574 -4.765052 4.698138 1.953560
0.144000 0.637838 -0.172781 0.151818 -0.522755 0.356737 0.290510 -4.743494 4.721397 1.917850
0.145000 0.637313 -0.172422 0.152109 -0.527488 0.361470 0.292410 -4.721246 4.744175 1.881717
0.146000 0.636783 -0.172058 0.152403 -0.532198 0.366225 0.294273 -4.698192 4.766408 1.845110
0.147000 0.636249 -0.171689 0.152698 -0.536884 0.371003 0.296100 -4.674382 4.788122 1.808117
0.148000 0.635710 -0.171316 0.152995 -0.541547 0.375802 0.297890 -4.650010 4.809433 1.770925
0.149000 0.635166 -0.170938 0.153294 -0.546184 0.380622 0.299642 -4.625115 4.830353 1.733621
0.150000 0.634617 -0.170555 0.153594 -0.550797 0.385462 0.301357 -4.599566 4.850767 1.696169
0.151000 0.634064 -0.170167 0.153896 -0.555384 0.390323 0.303034 -4.573323 4.870608 1.658580
0.152000 0.633506 -0.169774 0.154200 -0.559944 0.395203 0.304674 -4.546458 4.889871 1.620933
0.153000 0.632944 -0.169376 0.154506 -0.564476 0.400103 0.306276 -4.518922 4.908481 1.583227
0.154000 0.632377 -0.168974 0.154813 -0.568981 0.405020 0.307841 -4.490566 4.926326 1.545370
0.155000 0.631806 -0.168566 0.155121 -0.573458 0.409955 0.309367 -4.461403 4.943440 1.507309
0.156000 0.631231 -0.168154 0.155432 -0.577904 0.414907 0.310855 -4.431590 4.959969 1.469050
0.157000 0.630650 -0.167736 0.155743 -0.582321 0.419875 0.312305 -4.401140 4.975948 1.430546
0.158000 0.630066 -0.167314 0.156056 -0.586706 0.424859 0.313716 -4.369938 4.991295 1.391739
0.159000 0.629477 -0.166887 0.156371 -0.591061 0.429858 0.315088 -4.338035 5.006035 1.352720
0.160000 0.628884 -0.166454 0.156686 -0.595383 0.434871 0.316422 -4.305641 5.020294 1.313693
0.161000 0.628286 -0.166017 0.157003 -0.599672 0.439899 0.317716 -4.272796 5.034081 1.274752
0.162000 0.627684 -0.165574 0.157322 -0.603928 0.444939 0.318971 -4.239359 5.047266 1.235853
0.163000 0.627078 -0.165127 0.157641 -0.608151 0.449993 0.320188 -4.205290 5.059776 1.196991
0.164000 0.626468 -0.164674 0.157962 -0.612339 0.455059 0.321365 -4.170680 5.071617 1.158229
0.165000 0.625854 -0.164217 0.158284 -0.616492 0.460136 0.322504 -4.135480 5.082710 1.119550
0.166000 0.625235 -0.163754 0.158607 -0.620610 0.465224 0.323604 -4.099521 5.092926 1.080844
0.167000 0.624612 -0.163286 0.158931 -0.624691 0.470322 0.324666 -4.062794 5.102293 1.042046
0.168000 0.623986 -0.162814 0.159256 -0.628735 0.475429 0.325688 -4.025481 5.111002 1.003170
0.169000 0.623355 -0.162336 0.159583 -0.632742 0.480544 0.326672 -3.987778 5.119242 0.964283
0.170000 0.622720 -0.161852 0.159910 -0.636711 0.485667 0.327617 -3.949906 5.127217 0.925540
0.171000 0.622082 -0.161364 0.160238 -0.640642 0.490799 0.328523 -3.912099 5.135132 0.887148
0.172000 0.621439 -0.160871 0.160567 -0.644535 0.495938 0.329391 -3.874387 5.143021 0.849188
0.173000 0.620793 -0.160372 0.160897 -0.648391 0.501085 0.330222 -3.836622 5.150751 0.811604
0.174000 0.620142 -0.159869 0.161227 -0.652208 0.506239 0.331014 -3.798802 5.158249 0.774382
0.175000 0.619488 -0.159360 0.161559 -0.655988 0.511401 0.331770 -3.761074 5.165535 0.737574
0.176000 0.618830 -0.158846 0.161891 -0.659730 0.516570 0.332490 -3.723427 5.172532 0.701152
0.177000 0.618169 -0.158327 0.162224 -0.663435 0.521746 0.333173 -3.685688 5.179105 0.665009
0.178000 0.617503 -0.157802 0.162557 -0.667102 0.526929 0.333820 -3.647838 5.185310 0.629094
0.179000 0.616834 -0.157273 0.162891 -0.670731 0.532117 0.334431 -3.610011 5.191349 0.593421
0.180000 0.616162 -0.156738 0.163226 -0.674322 0.537311 0.335006 -3.572186 5.197277 0.557945
0.181000 0.615486 -0.156198 0.163561 -0.677875 0.542511 0.335547 -3.534206 5.202991 0.522595
0.182000 0.614806 -0.155653 0.163897 -0.681390 0.547717 0.336052 -3.496114 5.208509 0.487443
0.183000 0.614123 -0.155103 0.164233 -0.684867 0.552928 0.336522 -3.458133 5.213980 0.452672
0.184000 0.613436 -0.154547 0.164570 -0.688307 0.558145 0.336957 -3.420299 5.219407 0.418356
0.185000 0.612746 -0.153987 0.164907 -0.691708 0.563367 0.337358 -3.382454 5.224625 0.384431
0.186000 0.612053 -0.153421 0.165245 -0.695071 0.568594 0.337726 -3.344582 5.229556 0.350875
0.187000 0.611356 -0.152849 0.165583 -0.698397 0.573826 0.338060 -3.306823 5.234225 0.317732
0.188000 0.610656 -0.152273 0.165921 -0.701685 0.579063 0.338361 -3.269151 5.238548 0.284972
0.189000 0.609953 -0.151691 0.166260 -0.704935 0.584303 0.338630 -3.231385 5.242372 0.252478
0.190000 0.609246 -0.151104 0.166598 -0.708148 0.589548 0.338866 -3.193518 5.245744 0.220195
0.191000 0.608537 -0.150512 0.166937 -0.711322 0.594795 0.339070 -3.155711 5.248876 0.188132
0.192000 0.607824 -0.149915 0.167276 -0.714459 0.600045 0.339242 -3.117953 5.251813 0.156239
0.193000 0.607108 -0.149312 0.167616 -0.717558 0.605299 0.339383 -3.080071 5.254433 0.124440
0.194000 0.606389 -0.148704 0.167955 -0.720619 0.610554 0.339491 -3.042072 5.256748 0.092806
0.195000 0.605666 -0.148091 0.168295 -0.723642 0.615812 0.339568 -3.004139 5.258913 0.061514
0.196000 0.604941 -0.147473 0.168634 -0.726628 0.621072 0.339614 -2.966274 5.260924 0.030636
0.197000 0.604213 -0.146849 0.168974 -0.729575 0.626334 0.339630 -2.928289 5.262595 0.000105
0.198000 0.603482 -0.146220 0.169314 -0.732484 0.631597 0.339615 -2.890158 5.263842 -0.030103
0.199000 0.602748 -0.145586 0.169653 -0.735355 0.636862 0.339569 -2.852017 5.264697 -0.059946
0.200000 0.602011 -0.144946 0.169993 -0.738188 0.642127 0.339495 -2.813830 5.265069 -0.089458
0.201000 0.601272 -0.144301 0.170332 -0.740983 0.647392 0.339391 -2.775390 5.264784 -0.118766
0.202000 0.600529 -0.143651 0.170672 -0.743739 0.652656 0.339257 -2.736656 5.263883 -0.147953
0.203000 0.599784 -0.142996 0.171011 -0.746456 0.657920 0.339095 -2.697754 5.262582 -0.177045
0.204000 0.599037 -0.142335 0.171350 -0.749135 0.663181 0.338903 -2.658644 5.260922 -0.206116
0.205000 0.598286 -0.141670 0.171689 -0.751774 0.668441 0.338682 -2.619137 5.258771 -0.235253
0.206000 0.597533 -0.140999 0.172027 -0.754373 0.673699 0.338433 -2.579258 5.256159 -0.264387
0.207000 0.596777 -0.140322 0.172365 -0.756932 0.678954 0.338154 -2.539269 5.253315 -0.293321
0.208000 0.596019 -0.139641 0.172703 -0.759451 0.684206 0.337846 -2.499412 5.250422 -0.321890
0.209000 0.595258 -0.138954 0.173041 -0.761931 0.689455 0.337510 -2.459898 5.247581 -0.349989
0.210000 0.594495 -0.138262 0.173378 -0.764371 0.694701 0.337146 -2.420915 5.244844 -0.377548
0.211000 0.593730 -0.137564 0.173715 -0.766773 0.699944 0.336755 -2.382428 5.242093 -0.404600
0.212000 0.592962 -0.136862 0.174052 -0.769136 0.705185 0.336337 -2.344221 5.239128 -0.431270
0.213000 0.592191 -0.136154 0.174388 -0.771461 0.710422 0.335892 -2.306253 5.235987 -0.457637
0.214000 0.591419 -0.135441 0.174724 -0.773749 0.715657 0.335422 -2.268656 5.232896 -0.483722
0.215000 0.590644 -0.134723 0.175059 -0.775999 0.720888 0.334925 -2.231391 5.229894 -0.509598
0.216000 0.589867 -0.133999 0.175394 -0.778211 0.726117 0.334402 -2.194263 5.226821 -0.535346
0.217000 0.589087 -0.133271 0.175728 -0.780387 0.731342 0.333854 -2.157299 5.223681 -0.560895
0.218000 0.588306 -0.132537 0.176061 -0.782526 0.736564 0.333281 -2.120724 5.220649 -0.586061
0.219000 0.587522 -0.131797 0.176394 -0.784628 0.741783 0.332682 -2.084564 5.217706 -0.610768
0.220000 0.586737 -0.131053 0.176727 -0.786695 0.746999 0.332059 -2.048624 5.214613 -0.635075
0.221000 0.585949 -0.130303 0.177058 -0.788726 0.752212 0.331412 -2.012877 5.211224 -0.659000
0.222000 0.585159 -0.129549 0.177389 -0.790721 0.757422 0.330741 -1.977473 5.207522 -0.682492
0.223000 0.584368 -0.128789 0.177720 -0.792681 0.762627 0.330047 -1.942375 5.203357 -0.705579
0.224000 0.583574 -0.128023 0.178050 -0.794606 0.767829 0.329330 -1.907351 5.198510 -0.728378
0.225000 0.582778 -0.127253 0.178379 -0.796495 0.773024 0.328590 -1.872337 5.193034 -0.750962
0.226000 0.581981 -0.126477 0.178707 -0.798350 0.778215 0.327828 -1.837442 5.187199 -0.773345
0.227000 0.581182 -0.125696 0.179034 -0.800170 0.783399 0.327043 -1.802599 5.181063 -0.795595
0.228000 0.580381 -0.124911 0.179361 -0.801955 0.788577 0.326237 -1.767593 5.174467 -0.817795
0.229000 0.579578 -0.124119 0.179687 -0.803705 0.793748 0.325408 -1.732424 5.167434 -0.839893
0.230000 0.578773 -0.123323 0.180012 -0.805420 0.798912 0.324557 -1.697297 5.160179 -0.861729
0.231000 0.577967 -0.122522 0.180336 -0.807100 0.804068 0.323684 -1.662215 5.152706 -0.883247
0.232000 0.577159 -0.121715 0.180659 -0.808745 0.809217 0.322790 -1.626973 5.144763 -0.904517
0.233000 0.576349 -0.120903 0.180981 -0.810354 0.814358 0.321875 -1.591547 5.136200 -0.925577
0.234000 0.575538 -0.120086 0.181303 -0.811928 0.819489 0.320939 -1.556100 5.127008 -0.946399
0.235000 0.574726 -0.119264 0.181623 -0.813466 0.824612 0.319983 -1.520602 5.117031 -0.967028
0.236000 0.573911 -0.118437 0.181943 -0.814969 0.829724 0.319005 -1.484822 5.106031 -0.987580
0.237000 0.573096 -0.117605 0.182261 -0.816436 0.834824 0.318007 -1.448702 5.094054 -1.008121
0.238000 0.572279 -0.116767 0.182579 -0.817866 0.839912 0.316989 -1.412365 5.081379 -1.028656
0.239000 0.571460 -0.115925 0.182895 -0.819261 0.844987 0.315950 -1.375753 5.068054 -1.049241
0.240000 0.570640 -0.115077 0.183211 -0.820618 0.850048 0.314890 -1.338638 5.053892 -1.069950
0.241000 0.569819 -0.114225 0.183525 -0.821938 0.855094 0.313810 -1.301008 5.038886 -1.090718
0.242000 0.568996 -0.113367 0.183838 -0.823220 0.860126 0.312709 -1.263048 5.023225 -1.111375
0.243000 0.568172 -0.112504 0.184150 -0.824464 0.865141 0.311587 -1.224743 5.006879 -1.131855
0.244000 0.567347 -0.111637 0.184461 -0.825669 0.870139 0.310445 -1.185871 4.989558 -1.152227
0.245000 0.566521 -0.110764 0.184771 -0.826836 0.875120 0.309283 -1.146392 4.971079 -1.172540
0.246000 0.565694 -0.109887 0.185080 -0.827962 0.880081 0.308100 -1.106499 4.951468 -1.192777
0.247000 0.564865 -0.109004 0.185387 -0.829049 0.885023 0.306897 -1.066386 4.930838 -1.212916
0.248000 0.564035 -0.108117 0.185694 -0.830095 0.889943 0.305674 -1.026244 4.909465 -1.232936
0.249000 0.563205 -0.107224 0.185999 -0.831101 0.894842 0.304432 -0.986264 4.887717 -1.252814
0.250000 0.562373 -0.106327 0.186303 -0.832067 0.899719 0.303169 -0.946400 4.865671 -1.272595
0.251000 0.561541 -0.105425 0.186605 -0.832994 0.904573 0.301886 -0.906423 4.843146 -1.292352
0.252000 0.560707 -0.104518 0.186906 -0.833880 0.909405 0.300584 -0.866308 4.820165 -1.312033
0.253000 0.559873 -0.103606 0.187206 -0.834727 0.914213 0.299262 -0.826228 4.796964 -1.331488
0.254000 0.559038 -0.102689 0.187505 -0.835533 0.918999 0.297921 -0.786161 4.773541 -1.350665
0.255000 0.558202 -0.101768 0.187802 -0.836299 0.923761 0.296561 -0.745883 4.749605 -1.369628
0.256000 0.557365 -0.100842 0.188098 -0.837025 0.928498 0.295182 -0.705367 4.724975 -1.388417
0.257000 0.556528 -0.099911 0.188393 -0.837710 0.933210 0.293784 -0.664786 4.699634 -1.407013
0.258000 0.555690 -0.098975 0.188686 -0.838354 0.937897 0.292368 -0.624109 4.673398 -1.425459
0.259000 0.554851 -0.098035 0.188977 -0.838958 0.942557 0.290933 -0.583101 4.645988 -1.443857
0.260000 0.554012 -0.097090 0.189267 -0.839520 0.947189 0.289480 -0.541709 4.617449 -1.462246
0.261000 0.553172 -0.096141 0.189556 -0.840041 0.951792 0.288009 -0.500066 4.588086 -1.480603
0.262000 0.552332 -0.095187 0.189844 -0.840520 0.956365 0.286519 -0.458118 4.557949 -1.498961
0.263000 0.551491 -0.094228 0.190129 -0.840958 0.960908 0.285011 -0.415626 4.526833 -1.517384
0.264000 0.550650 -0.093265 0.190414 -0.841352 0.965419 0.283484 -0.372559 4.494758 -1.535830
0.265000 0.549808 -0.092297 0.190696 -0.841703 0.969898 0.281939 -0.329083 4.461975 -1.554168
0.266000 0.548966 -0.091325 0.190977 -0.842010 0.974343 0.280376 -0.285167 4.428479 -1.572352
0.267000 0.548124 -0.090348 0.191257 -0.842273 0.978755 0.278794 -0.240594 4.393954 -1.590441
0.268000 0.547282 -0.089368 0.191535 -0.842491 0.983131 0.277195 -0.195357 4.358198 -1.608460
0.269000 0.546439 -0.088382 0.191811 -0.842664 0.987471 0.275577 -0.149701 4.321237 -1.626358
0.270000 0.545597 -0.087393 0.192086 -0.842790 0.991773 0.273942 -0.103858 4.283199 -1.644095
0.271000 0.544754 -0.086399 0.192359 -0.842871 0.996037 0.272289 -0.058024 4.244388 -1.661643
0.272000 0.543911 -0.085401 0.192631 -0.842907 1.000262 0.270619 -0.012382 4.205208 -1.678980
0.273000 0.543068 -0.084398 0.192901 -0.842896 1.004448 0.268931 0.033127 4.165742 -1.696148
0.274000 0.542225 -0.083392 0.193169 -0.842840 1.008594 0.267227 0.078743 4.125789 -1.713217
0.275000 0.541382 -0.082381 0.193435 -0.842739 1.012699 0.265505 0.124500 4.085378 -1.730154
0.276000 0.540540 -0.081366 0.193700 -0.842591 1.016764 0.263766 0.170235 4.044781 -1.746844
0.277000 0.539697 -0.080347 0.193963 -0.842398 1.020789 0.262011 0.215979 4.004002 -1.763251
0.278000 0.538855 -0.079325 0.194224 -0.842159 1.024772 0.260240 0.261962 3.962708 -1.779437
0.279000 0.538013 -0.078298 0.194483 -0.841874 1.028714 0.258452 0.308216 3.920682 -1.795435
0.280000 0.537171 -0.077267 0.194741 -0.841543 1.032614 0.256649 0.354527 3.877944 -1.811210
0.281000 0.536330 -0.076233 0.194996 -0.841165 1.036470 0.254830 0.400680 3.834620 -1.826716
0.282000 0.535489 -0.075194 0.195250 -0.840742 1.040283 0.252996 0.446460 3.791035 -1.841893
0.283000 0.534648 -0.074152 0.195502 -0.840272 1.044052 0.251146 0.491650 3.747617 -1.856667
0.284000 0.533808 -0.073106 0.195752 -0.839758 1.047778 0.249282 0.536284 3.704460 -1.871040
0.285000 0.532969 -0.072057 0.196001 -0.839200 1.051461 0.247404 0.580599 3.661351 -1.885072
0.286000 0.532130 -0.071003 0.196247 -0.838597 1.055101 0.245512 0.624649 3.618305 -1.898761
0.287000 0.531291 -0.069946 0.196492 -0.837950 1.058698 0.243607 0.668301 3.575589 -1.912040
0.288000 0.530454 -0.068886 0.196735 -0.837260 1.062252 0.241688 0.711607 3.533191 -1.924905
0.289000 0.529617 -0.067822 0.196975 -0.836527 1.065764 0.239757 0.754790 3.490771 -1.937420
0.290000 0.528781 -0.066754 0.197214 -0.835751 1.069234 0.237813 0.797856 3.448123 -1.949599
0.291000 0.527945 -0.065683 0.197451 -0.834932 1.072660 0.235858 0.840597 3.405226 -1.961403
0.292000 0.527111 -0.064609 0.197686 -0.834070 1.076044 0.233890 0.883017 3.361872 -1.972846
0.293000 0.526277 -0.063531 0.197919 -0.833165 1.079384 0.231912 0.925336 3.317749 -1.983994
0.294000 0.525445 -0.062450 0.198150 -0.832219 1.082680 0.229922 0.967602 3.272928 -1.994855
0.295000 0.524613 -0.061366 0.198378 -0.831230 1.085930 0.227922 1.009675 3.227783 -2.005383
0.296000 0.523782 -0.060278 0.198605 -0.830200 1.089135 0.225912 1.051604 3.182397 -2.015583
0.297000 0.522952 -0.059188 0.198830 -0.829127 1.092295 0.223891 1.093628 3.136546 -2.025513
0.298000 0.522124 -0.058094 0.199053 -0.828012 1.095408 0.221861 1.135793 3.090258 -2.035176
0.299000 0.521296 -0.056997 0.199274 -0.826855 1.098475 0.219821 1.177906 3.043877 -2.044503
0.300000 0.520470 -0.055897 0.199493 -0.825657 1.101496 0.217772 1.219764 2.997662 -2.053436
0.301000 0.519645 -0.054794 0.199710 -0.824416 1.104471 0.215714 1.261145 2.951712 -2.061927
0.302000 0.518821 -0.053688 0.199924 -0.823134 1.107399 0.213648 1.301822 2.906040 -2.069936
0.303000 0.517999 -0.052579 0.200137 -0.821812 1.110283 0.211574 1.341810 2.860409 -2.077482
0.304000 0.517178 -0.051467 0.200347 -0.820451 1.113120 0.209493 1.381329 2.814491 -2.084630
0.305000 0.516358 -0.050353 0.200556 -0.819050 1.115912 0.207405 1.420417 2.768378 -2.091394
0.306000 0.515540 -0.049236 0.200762 -0.817610 1.118657 0.205310 1.458920 2.722478 -2.097738
0.307000 0.514723 -0.048115 0.200966 -0.816132 1.121357 0.203209 1.496876 2.676894 -2.103675
0.308000 0.513907 -0.046993 0.201169 -0.814616 1.124011 0.201103 1.534521 2.631401 -2.109259
0.309000 0.513093 -0.045867 0.201369 -0.813063 1.126619 0.198991 1.571913 2.586025 -2.114499
0.310000 0.512281 -0.044740 0.201567 -0.811472 1.129183 0.196874 1.608928 2.541064 -2.119349
0.311000 0.511471 -0.043609 0.201762 -0.809845 1.131702 0.194752 1.645616 2.496518 -2.123816
0.312000 0.510662 -0.042476 0.201956 -0.808181 1.134176 0.192626 1.682188 2.452030 -2.127958
0.313000 0.509854 -0.041341 0.202148 -0.806481 1.136606 0.190496 1.718621 2.407380 -2.131797
0.314000 0.509049 -0.040203 0.202337 -0.804744 1.138991 0.188362 1.754681 2.362552 -2.135317
0.315000 0.508245 -0.039063 0.202524 -0.802971 1.141331 0.186225 1.790343 2.317326 -2.138538
0.316000 0.507443 -0.037920 0.202710 -0.801163 1.143625 0.184085 1.825809 2.271366 -2.141509
0.317000 0.506642 -0.036776 0.202893 -0.799320 1.145873 0.181942 1.861121 2.224736 -2.144222
0.318000 0.505844 -0.035629 0.203073 -0.797441 1.148075 0.179797 1.896142 2.177815 -2.146618
0.319000 0.505047 -0.034479 0.203252 -0.795527 1.150229 0.177649 1.930917 2.130678 -2.148686
0.320000 0.504253 -0.033328 0.203429 -0.793579 1.152336 0.175499 1.965681 2.083084 -2.150479
0.321000 0.503460 -0.032175 0.203603 -0.791596 1.154395 0.173348 2.000502 2.035055 -2.152027
0.322000 0.502670 -0.031019 0.203775 -0.789578 1.156406 0.171195 2.035217 1.986952 -2.153325
0.323000 0.501881 -0.029862 0.203946 -0.787525 1.158369 0.169042 2.069640 1.939055 -2.154359
0.324000 0.501095 -0.028703 0.204114 -0.785439 1.160284 0.166887 2.103533 1.891507 -2.155119
0.325000 0.500310 -0.027541 0.204279 -0.783318 1.162152 0.164731 2.136633 1.844370 -2.155589
0.326000 0.499528 -0.026378 0.204443 -0.781165 1.163973 0.162576 2.168922 1.797432 -2.155792
0.327000 0.498748 -0.025213 0.204604 -0.778981 1.165747 0.160420 2.200599 1.750353 -2.155765
0.328000 0.497970 -0.024047 0.204764 -0.776764 1.167474 0.158264 2.231715 1.703203 -2.155477
0.329000 0.497194 -0.022878 0.204921 -0.774517 1.169153 0.156109 2.262141 1.656374 -2.154846
0.330000 0.496421 -0.021708 0.205076 -0.772240 1.170787 0.153954 2.291929 1.609948 -2.153842
0.331000 0.495650 -0.020537 0.205229 -0.769933 1.172373 0.151801 2.321312 1.563682 -2.152513
0.332000 0.494881 -0.019364 0.205380 -0.767597 1.173914 0.149649 2.350360 1.517607 -2.150921
0.333000 0.494115 -0.018189 0.205528 -0.765233 1.175409 0.147499 2.378972 1.472042 -2.149109
0.334000 0.493351 -0.017013 0.205675 -0.762839 1.176858 0.145351 2.407212 1.426996 -2.147138
0.335000 0.492589 -0.015835 0.205819 -0.760418 1.178263 0.143205 2.435281 1.382108 -2.145069
0.336000 0.491830 -0.014656 0.205961 -0.757969 1.179622 0.141061 2.463167 1.337170 -2.142909
0.337000 0.491073 -0.013476 0.206101 -0.755492 1.180937 0.138919 2.490658 1.292190 -2.140629
0.338000 0.490319 -0.012294 0.206239 -0.752988 1.182207 0.136780 2.517732 1.246960 -2.138225
0.339000 0.489567 -0.011112 0.206375 -0.750456 1.183431 0.134643 2.544573 1.201135 -2.135721
0.340000 0.488818 -0.009928 0.206508 -0.747898 1.184609 0.132508 2.571205 1.154768 -2.133087
0.341000 0.488071 -0.008742 0.206640 -0.745314 1.185740 0.130376 2.597472 1.108233 -2.130249
0.342000 0.487327 -0.007556 0.206769 -0.742703 1.186825 0.128248 2.623441 1.061523 -2.127182
0.343000 0.486586 -0.006369 0.206896 -0.740067 1.187863 0.126122 2.649529 1.014015 -2.123948
0.344000 0.485847 -0.005180 0.207021 -0.737404 1.188853 0.124000 2.676172 0.965066 -2.120640
0.345000 0.485111 -0.003991 0.207144 -0.734715 1.189794 0.121881 2.703475 0.914615 -2.117329
0.346000 0.484378 -0.002801 0.207265 -0.731997 1.190683 0.119765 2.731296 0.863023 -2.114061
0.347000 0.483647 -0.001610 0.207384 -0.729252 1.191520 0.117653 2.759461 0.810584 -2.110860
0.348000 0.482919 -0.000418 0.207500 -0.726479 1.192304 0.115543 2.787750 0.757468 -2.107721
0.349000 0.482194 0.000775 0.207615 -0.723677 1.193035 0.113437 2.815913 0.703776 -2.104618
0.350000 0.481472 0.001968 0.207727 -0.720847 1.193711 0.111334 2.843927 0.649315 -2.101552
0.351000 0.480753 0.003162 0.207837 -0.717989 1.194333 0.109234 2.871966 0.593738 -2.098542
0.352000 0.480036 0.004357 0.207946 -0.715103 1.194899 0.107137 2.900046 0.537087 -2.095559
0.353000 0.479322 0.005552 0.208052 -0.712189 1.195407 0.105043 2.927978 0.479801 -2.092539
0.354000 0.478612 0.006748 0.208156 -0.709247 1.195858 0.102952 2.955597 0.422289 -2.089446
0.355000 0.477904 0.007944 0.208258 -0.706277 1.196252 0.100864 2.982780 0.364916 -2.086306
0.356000 0.477199 0.009140 0.208357 -0.703281 1.196588 0.098779 3.009424 0.308021 -2.083176
0.357000 0.476497 0.010337 0.208455 -0.700259 1.196868 0.096698 3.035613 0.251571 -2.080121
0.358000 0.475799 0.011534 0.208551 -0.697210 1.197091 0.094619 3.061539 0.195207 -2.077196
0.359000 0.475103 0.012731 0.208644 -0.694136 1.197258 0.092543 3.087185 0.138775 -2.074417
0.360000 0.474410 0.013929 0.208736 -0.691036 1.197369 0.090470 3.112344 0.082368 -2.071772
0.361000 0.473721 0.015126 0.208825 -0.687911 1.197423 0.088400 3.136988 0.025836 -2.069264
0.362000 0.473034 0.016323 0.208913 -0.684762 1.197421 0.086332 3.161277 -0.031160 -2.066888
0.363000 0.472351 0.017521 0.208998 -0.681588 1.197361 0.084266 3.185227 -0.088605 -2.064571
0.364000 0.471671 0.018718 0.209081 -0.678391 1.197243 0.082203 3.208651 -0.146096 -2.062195
0.365000 0.470994 0.019915 0.209162 -0.675171 1.197069 0.080142 3.231398 -0.203251 -2.059697
0.366000 0.470321 0.021112 0.209241 -0.671928 1.196837 0.078083 3.253371 -0.259718 -2.057121
0.367000 0.469651 0.022309 0.209319 -0.668664 1.196549 0.076027 3.274508 -0.315160 -2.054567
0.368000 0.468984 0.023505 0.209394 -0.665379 1.196207 0.073974 3.294908 -0.369609 -2.052134
0.369000 0.468320 0.024701 0.209466 -0.662074 1.195810 0.071923 3.314763 -0.423427 -2.049884
0.370000 0.467659 0.025897 0.209537 -0.658750 1.195360 0.069874 3.334048 -0.476763 -2.047839
0.371000 0.467002 0.027092 0.209606 -0.655406 1.194856 0.067828 3.352557 -0.529525 -2.045999
0.372000 0.466349 0.028287 0.209673 -0.652045 1.194301 0.065782 3.370256 -0.581861 -2.044374
0.373000 0.465698 0.029481 0.209738 -0.648666 1.193693 0.063739 3.387301 -0.634120 -2.042956
0.374000 0.465051 0.030674 0.209801 -0.645270 1.193032 0.061696 3.403725 -0.686306 -2.041678
0.375000 0.464408 0.031867 0.209861 -0.641858 1.192320 0.059655 3.419408 -0.738120 -2.040431
0.376000 0.463768 0.033059 0.209920 -0.638431 1.191556 0.057616 3.434387 -0.789559 -2.039150
0.377000 0.463131 0.034250 0.209976 -0.634990 1.190741 0.055577 3.448865 -0.840926 -2.037862
0.378000 0.462498 0.035440 0.210031 -0.631534 1.189874 0.053540 3.462943 -0.892266 -2.036663
0.379000 0.461868 0.036630 0.210084 -0.628064 1.188956 0.051504 3.476591 -0.943344 -2.035676
0.380000 0.461241 0.037818 0.210134 -0.624580 1.187988 0.049469 3.489900 -0.994209 -2.034999
0.381000 0.460619 0.039006 0.210182 -0.621084 1.186968 0.047434 3.503050 -1.045214 -2.034682
0.382000 0.459999 0.040192 0.210229 -0.617574 1.185897 0.045399 3.516032 -1.096478 -2.034723
0.383000 0.459383 0.041377 0.210273 -0.614052 1.184775 0.043364 3.528630 -1.147794 -2.035091
0.384000 0.458771 0.042562 0.210316 -0.610517 1.183602 0.041329 3.540646 -1.198933 -2.035729
0.385000 0.458162 0.043745 0.210356 -0.606971 1.182377 0.039293 3.551904 -1.249614 -2.036529
0.386000 0.457557 0.044926 0.210394 -0.603413 1.181102 0.037256 3.562246 -1.299532 -2.037358
0.387000 0.456956 0.046107 0.210430 -0.599846 1.179778 0.035218 3.571698 -1.348728 -2.038130
0.388000 0.456358 0.047286 0.210465 -0.596270 1.178405 0.033180 3.580457 -1.397536 -2.038860
0.389000 0.455763 0.048464 0.210497 -0.592685 1.176983 0.031140 3.588638 -1.446040 -2.039650
0.390000 0.455172 0.049640 0.210527 -0.589093 1.175513 0.029100 3.596241 -1.494064 -2.040632
0.391000 0.454585 0.050815 0.210555 -0.585493 1.173995 0.027059 3.603373 -1.541692 -2.041909
0.392000 0.454001 0.051988 0.210581 -0.581886 1.172429 0.025017 3.610207 -1.589273 -2.043517
0.393000 0.453421 0.053159 0.210605 -0.578272 1.170816 0.022972 3.616721 -1.636892 -2.045438
0.394000 0.452845 0.054329 0.210627 -0.574652 1.169156 0.020926 3.622735 -1.684363 -2.047625
0.395000 0.452272 0.055498 0.210647 -0.571027 1.167448 0.018877 3.628216 -1.731765 -2.050043
0.396000 0.451703 0.056664 0.210665 -0.567396 1.165692 0.016826 3.633303 -1.779443 -2.052651
0.397000 0.451137 0.057829 0.210681 -0.563760 1.163889 0.014772 3.638032 -1.827473 -2.055359
0.398000 0.450575 0.058992 0.210694 -0.560120 1.162037 0.012715 3.642279 -1.875597 -2.058055
0.399000 0.450017 0.060153 0.210706 -0.556476 1.160138 0.010655 3.645945 -1.923557 -2.060691
0.400000 0.449462 0.061312 0.210716 -0.552828 1.158190 0.008593 3.648972 -1.971092 -2.063340
0.401000 0.448911 0.062470 0.210723 -0.549178 1.156195 0.006529 3.651325 -2.017940 -2.066139
0.402000 0.448364 0.063625 0.210729 -0.545525 1.154154 0.004461 3.653099 -2.064170 -2.069196
0.403000 0.447820 0.064778 0.210732 -0.541871 1.152067 0.002390 3.654460 -2.110122 -2.072548
0.404000 0.447280 0.065929 0.210733 -0.538216 1.149934 0.000316 3.655401 -2.155885 -2.076179
0.405000 0.446744 0.067078 0.210733 -0.534561 1.147755 -0.001762 3.655768 -2.201288 -2.080056
0.406000 0.446211 0.068224 0.210730 -0.530905 1.145531 -0.003844 3.655544 -2.246419 -2.084148
0.407000 0.445682 0.069369 0.210725 -0.527250 1.143262 -0.005930 3.654872 -2.291619 -2.088413
0.408000 0.445156 0.070511 0.210718 -0.523595 1.140948 -0.008021 3.653799 -2.336970 -2.092766
0.409000 0.444635 0.071651 0.210709 -0.519942 1.138589 -0.010116 3.652261 -2.382294 -2.097100
0.410000 0.444117 0.072788 0.210698 -0.516291 1.136184 -0.012215 3.650307 -2.427667 -2.101335
0.411000 0.443602 0.073923 0.210685 -0.512641 1.133733 -0.014318 3.648115 -2.473423 -2.105471
0.412000 0.443091 0.075056 0.210669 -0.508994 1.131237 -0.016426 3.645776 -2.519635 -2.109591
0.413000 0.442584 0.076186 0.210652 -0.505350 1.128694 -0.018538 3.643246 -2.566050 -2.113817
0.414000 0.442081 0.077313 0.210632 -0.501708 1.126105 -0.020654 3.640453 -2.612413 -2.118234
0.415000 0.441581 0.078438 0.210610 -0.498069 1.123469 -0.022774 3.637277 -2.658466 -2.122862
0.416000 0.441084 0.079560 0.210587 -0.494433 1.120788 -0.024899 3.633567 -2.703948 -2.127688
0.417000 0.440592 0.080679 0.210561 -0.490802 1.118061 -0.027029 3.629321 -2.748925 -2.132683
0.418000 0.440103 0.081796 0.210532 -0.487175 1.115290 -0.029165 3.624672 -2.793731 -2.137792
0.419000 0.439617 0.082910 0.210502 -0.483552 1.112474 -0.031305 3.619658 -2.838473 -2.142910
0.420000 0.439136 0.084021 0.210470 -0.479935 1.109613 -0.033451 3.614208 -2.883012 -2.147906
0.421000 0.438658 0.085129 0.210435 -0.476324 1.106708 -0.035601 3.608362 -2.927450 -2.152680
0.422000 0.438183 0.086234 0.210399 -0.472719 1.103758 -0.037756 3.602290 -2.972123 -2.157220
0.423000 0.437712 0.087337 0.210360 -0.469119 1.100763 -0.039915 3.596095 -3.017103 -2.161611
0.424000 0.437245 0.088436 0.210319 -0.465526 1.097724 -0.042079 3.589796 -3.062207 -2.165986
0.425000 0.436781 0.089532 0.210276 -0.461940 1.094639 -0.044247 3.583484 -3.107498 -2.170434
0.426000 0.436321 0.090625 0.210230 -0.458360 1.091509 -0.046420 3.577296 -3.153280 -2.174975
0.427000 0.435864 0.091715 0.210183 -0.454785 1.088332 -0.048597 3.571200 -3.199585 -2.179597
0.428000 0.435411 0.092802 0.210133 -0.451217 1.085110 -0.050779 3.565005 -3.246125 -2.184286
0.429000 0.434962 0.093885 0.210081 -0.447655 1.081840 -0.052966 3.558550 -3.292634 -2.188998
0.430000 0.434516 0.094966 0.210027 -0.444100 1.078524 -0.055157 3.551733 -3.338887 -2.193642
0.431000 0.434074 0.096042 0.209971 -0.440552 1.075162 -0.057353 3.544482 -3.384682 -2.198099
0.432000 0.433635 0.097116 0.209913 -0.437011 1.071755 -0.059553 3.536850 -3.430117 -2.202274
0.433000 0.433200 0.098186 0.209852 -0.433478 1.068302 -0.061758 3.529001 -3.475525 -2.206150
0.434000 0.432768 0.099253 0.209789 -0.429953 1.064804 -0.063966 3.521028 -3.520996 -2.209819
0.435000 0.432340 0.100316 0.209724 -0.426436 1.061260 -0.066177 3.512945 -3.566380 -2.213421
0.436000 0.431915 0.101375 0.209657 -0.422927 1.057671 -0.068392 3.504836 -3.611758 -2.217050
0.437000 0.431494 0.102431 0.209587 -0.419426 1.054037 -0.070611 3.496829 -3.657428 -2.220711
0.438000 0.431076 0.103483 0.209515 -0.415934 1.050356 -0.072834 3.488906 -3.703416 -2.224372
0.439000 0.430662 0.104532 0.209441 -0.412449 1.046630 -0.075060 3.480909 -3.749433 -2.227996
0.440000 0.430251 0.105576 0.209365 -0.408972 1.042857 -0.077290 3.472700 -3.795223 -2.231536
0.441000 0.429844 0.106617 0.209287 -0.405503 1.039039 -0.079523 3.464185 -3.840583 -2.234930
0.442000 0.429440 0.107654 0.209206 -0.402043 1.035176 -0.081760 3.455292 -3.885343 -2.238102
0.443000 0.429040 0.108688 0.209123 -0.398593 1.031269 -0.083999 3.446065 -3.929616 -2.240983
0.444000 0.428643 0.109717 0.209038 -0.395151 1.027317 -0.086242 3.436648 -3.973724 -2.243554
0.445000 0.428250 0.110742 0.208951 -0.391719 1.023321 -0.088486 3.427126 -4.017748 -2.245886
0.446000 0.427860 0.111764 0.208861 -0.388297 1.019282 -0.090733 3.417509 -4.061531 -2.248096
0.447000 0.427473 0.112781 0.208769 -0.384884 1.015198 -0.092983 3.407871 -4.105140 -2.250255
0.448000 0.427090 0.113794 0.208675 -0.381481 1.011071 -0.095234 3.398336 -4.148853 -2.252354
0.449000 0.426710 0.114803 0.208579 -0.378088 1.006901 -0.097487 3.388900 -4.192682 -2.254363
0.450000 0.426334 0.115808 0.208480 -0.374703 1.002686 -0.099743 3.379458 -4.236386 -2.256255
0.451000 0.425961 0.116808 0.208379 -0.371329 0.998428 -0.102000 3.369999 -4.279975 -2.257987
0.452000 0.425591 0.117805 0.208276 -0.367963 0.994126 -0.104259 3.360621 -4.323739 -2.259492
0.453000 0.425225 0.118797 0.208171 -0.364607 0.989780 -0.106519 3.351356 -4.367798 -2.260698
0.454000 0.424862 0.119784 0.208063 -0.361261 0.985390 -0.108780 3.342135 -4.412012 -2.261547
0.455000 0.424502 0.120767 0.207953 -0.357923 0.980956 -0.111042 3.332904 -4.456225 -2.262020
0.456000 0.424146 0.121746 0.207841 -0.354595 0.976478 -0.113304 3.323636 -4.500264 -2.262174
0.457000 0.423793 0.122720 0.207727 -0.351276 0.971956 -0.115566 3.314319 -4.543942 -2.262104
0.458000 0.423444 0.123690 0.207610 -0.347966 0.967390 -0.117828 3.305018 -4.587331 -2.261859
0.459000 0.423097 0.124655 0.207491 -0.344666 0.962781 -0.120090 3.295828 -4.630683 -2.261415
0.460000 0.422754 0.125616 0.207370 -0.341375 0.958129 -0.122351 3.286713 -4.673967 -2.260743
0.461000 0.422414 0.126571 0.207246 -0.338092 0.953433 -0.124612 3.277532 -4.716893 -2.259827
0.462000 0.422078 0.127522 0.207121 -0.334820 0.948695 -0.126871 3.268241 -4.759426 -2.258626
0.463000 0.421745 0.128469 0.206993 -0.331556 0.943914 -0.129129 3.258923 -4.801831 -2.257069
0.464000 0.421415 0.129410 0.206862 -0.328302 0.939091 -0.131385 3.249626 -4.844228 -2.255087
0.465000 0.421088 0.130347 0.206730 -0.325057 0.934226 -0.133639 3.240329 -4.886549 -2.252622
0.466000 0.420765 0.131279 0.206595 -0.321821 0.929318 -0.135890 3.231082 -4.928918 -2.249605
0.467000 0.420445 0.132206 0.206458 -0.318595 0.924368 -0.138138 3.222006 -4.971639 -2.245987
0.468000 0.420128 0.133127 0.206319 -0.315377 0.919375 -0.140382 3.213166 -5.014803 -2.241790
0.469000 0.419814 0.134044 0.206177 -0.312168 0.914338 -0.142622 3.204545 -5.058230 -2.237090
0.470000 0.419503 0.134956 0.206034 -0.308968 0.909258 -0.144856 3.196096 -5.101703 -2.231942
0.471000 0.419196 0.135863 0.205888 -0.305776 0.904135 -0.147086 3.187726 -5.144937 -2.226370
0.472000 0.418892 0.136764 0.205739 -0.302592 0.898969 -0.149309 3.179309 -5.187610 -2.220377
0.473000 0.418591 0.137661 0.205589 -0.299417 0.893760 -0.151526 3.170821 -5.229685 -2.213926
0.474000 0.418293 0.138552 0.205436 -0.296251 0.888509 -0.153737 3.162329 -5.271403 -2.206942
0.475000 0.417998 0.139438 0.205282 -0.293093 0.883217 -0.155940 3.153849 -5.312862 -2.199359
0.476000 0.417707 0.140318 0.205125 -0.289943 0.877883 -0.158136 3.145328 -5.353973 -2.191130
0.477000 0.417418 0.141194 0.204965 -0.286802 0.872509 -0.160323 3.136782 -5.394831 -2.182188
0.478000 0.417133 0.142063 0.204804 -0.283670 0.867094 -0.162500 3.128308 -5.435719 -2.172482
0.479000 0.416851 0.142928 0.204640 -0.280545 0.861638 -0.164667 3.119963 -5.476724 -2.162036
0.480000 0.416572 0.143787 0.204475 -0.277430 0.856140 -0.166824 3.111732 -5.517681 -2.150939
0.481000 0.416296 0.144640 0.204307 -0.274322 0.850602 -0.168969 3.103570 -5.558387 -2.139257
0.482000 0.416023 0.145488 0.204137 -0.271222 0.845024 -0.171103 3.095384 -5.598572 -2.127027
0.483000 0.415754 0.146330 0.203964 -0.268131 0.839405 -0.173223 3.087053 -5.637928 -2.114263
0.484000 0.415487 0.147167 0.203790 -0.265048 0.833748 -0.175331 3.078543 -5.676416 -2.100932
0.485000 0.415224 0.147998 0.203614 -0.261974 0.828052 -0.177425 3.069909 -5.714272 -2.086944
0.486000 0.414963 0.148823 0.203435 -0.258909 0.822319 -0.179505 3.061162 -5.751611 -2.072214
0.487000 0.414706 0.149642 0.203255 -0.255852 0.816549 -0.181570 3.052248 -5.788390 -2.056668
0.488000 0.414451 0.150456 0.203072 -0.252804 0.810742 -0.183618 3.043176 -5.824722 -2.040221
0.489000 0.414200 0.151264 0.202888 -0.249765 0.804900 -0.185650 3.034033 -5.860870 -2.022808
0.490000 0.413952 0.152066 0.202701 -0.246736 0.799021 -0.187664 3.024867 -5.896892 -2.004458
0.491000 0.413707 0.152862 0.202512 -0.243716 0.793106 -0.189659 3.015685 -5.932650 -1.985260
0.492000 0.413464 0.153652 0.202322 -0.240705 0.787155 -0.191635 3.006529 -5.968182 -1.965245
0.493000 0.413225 0.154436 0.202129 -0.237703 0.781169 -0.193590 2.997462 -6.003676 -1.944370
0.494000 0.412989 0.155214 0.201934 -0.234710 0.775148 -0.195523 2.988451 -6.039086 -1.922614
0.495000 0.412756 0.155986 0.201738 -0.231726 0.769091 -0.197435 2.979373 -6.074109 -1.899998
0.496000 0.412526 0.156752 0.201539 -0.228751 0.763000 -0.199323 2.970130 -6.108488 -1.876524
0.497000 0.412298 0.157512 0.201339 -0.225786 0.756874 -0.201188 2.960666 -6.142052 -1.852163
0.498000 0.412074 0.158266 0.201137 -0.222830 0.750716 -0.203028 2.950946 -6.174674 -1.826865
0.499000 0.411853 0.159014 0.200933 -0.219884 0.744525 -0.204842 2.941000 -6.206436 -1.800549
0.500000 0.411634 0.159755 0.200727 -0.216948 0.738303 -0.206629 2.930900 -6.237578 -1.773138
0.501000 0.411419 0.160490 0.200520 -0.214022 0.732050 -0.208388 2.920668 -6.268169 -1.744642
0.502000 0.411206 0.161219 0.200311 -0.211106 0.725766 -0.210118 2.910277 -6.298109 -1.715132
0.503000 0.410997 0.161942 0.200100 -0.208201 0.719454 -0.211818 2.899741 -6.327452 -1.684619
0.504000 0.410790 0.162658 0.199887 -0.205307 0.713112 -0.213487 2.889113 -6.356381 -1.653051
0.505000 0.410586 0.163368 0.199673 -0.202423 0.706741 -0.215124 2.878378 -6.384865 -1.620412
0.506000 0.410385 0.164072 0.199457 -0.199550 0.700342 -0.216728 2.867462 -6.412678 -1.586732
0.507000 0.410187 0.164769 0.199239 -0.196688 0.693915 -0.218298 2.856348 -6.439782 -1.551990
0.508000 0.409992 0.165460 0.199020 -0.193837 0.687462 -0.219832 2.845085 -6.466366 -1.516106
0.509000 0.409799 0.166144 0.198800 -0.190998 0.680983 -0.221330 2.833698 -6.492522 -1.479031
0.510000 0.409610 0.166822 0.198578 -0.188170 0.674477 -0.222790 2.822159 -6.518166 -1.440768
0.511000 0.409423 0.167493 0.198354 -0.185354 0.667946 -0.224211 2.810439 -6.543199 -1.401334
0.512000 0.409239 0.168157 0.198129 -0.182549 0.661391 -0.225593 2.798506 -6.567499 -1.360778
0.513000 0.409058 0.168816 0.197903 -0.179757 0.654811 -0.226933 2.786324 -6.590932 -1.319161
0.514000 0.408879 0.169467 0.197675 -0.176976 0.648209 -0.228231 2.773906 -6.613535 -1.276482
0.515000 0.408704 0.170112 0.197446 -0.174209 0.641584 -0.229486 2.761293 -6.635463 -1.232680
0.516000 0.408531 0.170750 0.197216 -0.171454 0.634938 -0.230696 2.748467 -6.656672 -1.187752
0.517000 0.408361 0.171382 0.196985 -0.168712 0.628271 -0.231861 2.735359 -6.676931 -1.141745
0.518000 0.408194 0.172007 0.196753 -0.165983 0.621584 -0.232980 2.721948 -6.696188 -1.094649
0.519000 0.408029 0.172625 0.196519 -0.163268 0.614879 -0.234051 2.708274 -6.714603 -1.046390
0.520000 0.407867 0.173237 0.196284 -0.160567 0.608155 -0.235073 2.694358 -6.732250 -0.996934
0.521000 0.407708 0.173841 0.196049 -0.157879 0.601414 -0.236045 2.680190 -6.749081 -0.946291
0.522000 0.407551 0.174439 0.195812 -0.155206 0.594657 -0.236965 2.665786 -6.765167 -0.894422
0.523000 0.407397 0.175031 0.195575 -0.152548 0.587884 -0.237833 2.651199 -6.780704 -0.841250
0.524000 0.407246 0.175615 0.195337 -0.149904 0.581095 -0.238648 2.636443 -6.795751 -0.786760
0.525000 0.407098 0.176193 0.195098 -0.147275 0.574292 -0.239407 2.621484 -6.810195 -0.731006
0.526000 0.406952 0.176764 0.194858 -0.144661 0.567475 -0.240110 2.606278 -6.823877 -0.674051
0.527000 0.406808 0.177328 0.194617 -0.142062 0.560644 -0.240755 2.590765 -6.836576 -0.615972
0.528000 0.406667 0.177885 0.194376 -0.139479 0.553802 -0.241342 2.574870 -6.848026 -0.556855
0.529000 0.406529 0.178435 0.194135 -0.136912 0.546948 -0.241869 2.558573 -6.858158 -0.496707
0.530000 0.406394 0.178979 0.193893 -0.134362 0.540086 -0.242335 2.541904 -6.867121 -0.435454
0.531000 0.406261 0.179516 0.193650 -0.131829 0.533214 -0.242740 2.524885 -6.875023 -0.373056
0.532000 0.406130 0.180045 0.193407 -0.129312 0.526335 -0.243081 2.507509 -6.881877 -0.309513
0.533000 0.406002 0.180568 0.193164 -0.126814 0.519450 -0.243359 2.489794 -6.887790 -0.244783
0.534000 0.405876 0.181084 0.192920 -0.124333 0.512560 -0.243571 2.471785 -6.892956 -0.178805
0.535000 0.405753 0.181593 0.192677 -0.121870 0.505665 -0.243716 2.453494 -6.897444 -0.111606
0.536000 0.405633 0.182096 0.192433 -0.119426 0.498765 -0.243794 2.434906 -6.901206 -0.043291
0.537000 0.405514 0.182591 0.192189 -0.117000 0.491862 -0.243803 2.416029 -6.904289 0.026108
0.538000 0.405399 0.183079 0.191945 -0.114594 0.484956 -0.243742 2.396896 -6.906810 0.096635
0.539000 0.405285 0.183561 0.191702 -0.112206 0.478048 -0.243610 2.377512 -6.908707 0.168282
0.540000 0.405174 0.184035 0.191458 -0.109839 0.471139 -0.243405 2.357847 -6.909747 0.240965
0.541000 0.405066 0.184503 0.191215 -0.107491 0.464229 -0.243128 2.337876 -6.909752 0.314612
0.542000 0.404959 0.184964 0.190972 -0.105163 0.457320 -0.242776 2.317587 -6.908640 0.389164
0.543000 0.404855 0.185418 0.190729 -0.102856 0.450412 -0.242349 2.296977 -6.906386 0.464570
0.544000 0.404754 0.185865 0.190487 -0.100569 0.443507 -0.241847 2.276063 -6.903077 0.540844
0.545000 0.404654 0.186305 0.190246 -0.098304 0.436606 -0.241268 2.254885 -6.898872 0.618028
0.546000 0.404557 0.186738 0.190005 -0.096059 0.429709 -0.240611 2.233458 -6.893822 0.696063
0.547000 0.404462 0.187164 0.189764 -0.093837 0.422818 -0.239876 2.211774 -6.887872 0.774811
0.548000 0.404369 0.187583 0.189525 -0.091636 0.415933 -0.239061 2.189844 -6.881054 0.854210
0.549000 0.404279 0.187996 0.189286 -0.089457 0.409056 -0.238167 2.167698 -6.873470 0.934288
0.550000 0.404190 0.188402 0.189049 -0.087300 0.402186 -0.237193 2.145341 -6.865092 1.015030
0.551000 0.404104 0.188800 0.188812 -0.085166 0.395326 -0.236137 2.122754 -6.855749 1.096345
0.552000 0.404020 0.189192 0.188576 -0.083055 0.388475 -0.235000 2.099913 -6.845300 1.178132
0.553000 0.403938 0.189577 0.188342 -0.080966 0.381635 -0.233781 2.076792 -6.833657 1.260273
0.554000 0.403858 0.189956 0.188109 -0.078901 0.374807 -0.232479 2.053365 -6.820762 1.342642
0.555000 0.403780 0.190327 0.187877 -0.076860 0.367993 -0.231096 2.029630 -6.806655 1.425196
0.556000 0.403704 0.190691 0.187647 -0.074842 0.361194 -0.229629 2.005612 -6.791454 1.507967
0.557000 0.403631 0.191049 0.187418 -0.072848 0.354411 -0.228080 1.981327 -6.775189 1.590933
0.558000 0.403559 0.191400 0.187190 -0.070879 0.347644 -0.226447 1.956782 -6.757799 1.674011
0.559000 0.403489 0.191745 0.186965 -0.068935 0.340895 -0.224732 1.931990 -6.739300 1.757175
0.560000 0.403421 0.192082 0.186741 -0.067015 0.334165 -0.222933 1.906981 -6.719771 1.840440
0.561000 0.403355 0.192413 0.186519 -0.065121 0.327455 -0.221051 1.881764 -6.699190 1.923730
0.562000 0.403291 0.192737 0.186299 -0.063252 0.320767 -0.219085 1.856338 -6.677438 2.006885
0.563000 0.403228 0.193054 0.186081 -0.061408 0.314101 -0.217037 1.830710 -6.654485 2.089824
0.564000 0.403168 0.193365 0.185865 -0.059590 0.307458 -0.214906 1.804901 -6.630427 2.172544
0.565000 0.403109 0.193669 0.185651 -0.057798 0.300840 -0.212692 1.778914 -6.605339 2.254983
0.566000 0.403052 0.193967 0.185439 -0.056033 0.294247 -0.210396 1.752740 -6.579248 2.337009
0.567000 0.402997 0.194258 0.185230 -0.054293 0.287681 -0.208018 1.726380 -6.552223 2.418556
0.568000 0.402944 0.194542 0.185023 -0.052580 0.281143 -0.205559 1.699859 -6.524374 2.499623
0.569000 0.402892 0.194820 0.184819 -0.050893 0.274632 -0.203019 1.673199 -6.495737 2.580141
0.570000 0.402842 0.195092 0.184617 -0.049233 0.268151 -0.200398 1.646414 -6.466254 2.659951
0.571000 0.402793 0.195356 0.184418 -0.047600 0.261700 -0.197699 1.619505 -6.435839 2.738893
0.572000 0.402747 0.195615 0.184222 -0.045994 0.255280 -0.194921 1.592460 -6.404352 2.816803
0.573000 0.402701 0.195867 0.184028 -0.044415 0.248891 -0.192065 1.565254 -6.371622 2.893516
0.574000 0.402658 0.196113 0.183838 -0.042864 0.242536 -0.189134 1.537878 -6.337575 2.968949
0.575000 0.402616 0.196352 0.183650 -0.041340 0.236216 -0.186127 1.510345 -6.302247 3.043083
0.576000 0.402575 0.196585 0.183466 -0.039843 0.229932 -0.183047 1.482666 -6.265647 3.115830
0.577000 0.402536 0.196812 0.183284 -0.038374 0.223685 -0.179896 1.454848 -6.227730 3.187029
0.578000 0.402498 0.197033 0.183106 -0.036933 0.217476 -0.176673 1.426900 -6.188498 3.256586
0.579000 0.402462 0.197247 0.182931 -0.035521 0.211308 -0.173382 1.398840 -6.147992 3.324470
0.580000 0.402427 0.197455 0.182759 -0.034136 0.205180 -0.170024 1.370674 -6.106179 3.390579
0.581000 0.402394 0.197657 0.182591 -0.032779 0.199095 -0.166601 1.342402 -6.062939 3.454725
0.582000 0.402362 0.197853 0.182426 -0.031451 0.193055 -0.163115 1.314020 -6.018148 3.516714
0.583000 0.402331 0.198043 0.182264 -0.030151 0.187059 -0.159568 1.285524 -5.971677 3.576350
0.584000 0.402301 0.198227 0.182107 -0.028880 0.181111 -0.155962 1.256909 -5.923390 3.633432
0.585000 0.402273 0.198406 0.181952 -0.027637 0.175212 -0.152301 1.228177 -5.873227 3.687844
0.586000 0.402246 0.198578 0.181802 -0.026424 0.169365 -0.148587 1.199346 -5.821207 3.739530
0.587000 0.402220 0.198744 0.181655 -0.025239 0.163570 -0.144822 1.170442 -5.767332 3.788365
0.588000 0.402196 0.198905 0.181512 -0.024083 0.157830 -0.141010 1.141488 -5.711559 3.834153
0.589000 0.402172 0.199060 0.181373 -0.022956 0.152147 -0.137154 1.112510 -5.653880 3.876763
0.590000 0.402150 0.199209 0.181238 -0.021858 0.146522 -0.133256 1.083530 -5.594313 3.916136
0.591000 0.402128 0.199353 0.181107 -0.020789 0.140958 -0.129321 1.054570 -5.532815 3.952157
0.592000 0.402108 0.199491 0.180979 -0.019749 0.135457 -0.125352 1.025650 -5.469289 3.984650
0.593000 0.402089 0.199624 0.180856 -0.018737 0.130020 -0.121352 0.996791 -5.403679 4.013492
0.594000 0.402071 0.199751 0.180737 -0.017755 0.124649 -0.117325 0.968012 -5.335972 4.038609
0.595000 0.402053 0.199873 0.180621 -0.016801 0.119348 -0.113275 0.939329 -5.266100 4.059847
0.596000 0.402037 0.199990 0.180510 -0.015876 0.114117 -0.109205 0.910760 -5.193936 4.076961
0.597000 0.402022 0.200101 0.180403 -0.014980 0.108960 -0.105121 0.882321 -5.119353 4.089703
0.598000 0.402007 0.200208 0.180300 -0.014112 0.103878 -0.101026 0.854027 -5.042235 4.097821
0.599000 0.401993 0.200309 0.180201 -0.013272 0.098875 -0.096925 0.825892 -4.962471 4.101057
0.600000 0.401981 0.200406 0.180106 -0.012460 0.093953 -0.092824 0.797930 -4.879996 4.099238
0.601000 0.401969 0.200497 0.180015 -0.011676 0.089115 -0.088727 0.770152 -4.794782 4.092263
0.602000 0.401957 0.200584 0.179929 -0.010920 0.084364 -0.084639 0.742571 -4.706755 4.079974
0.603000 0.401947 0.200666 0.179846 -0.010191 0.079702 -0.080567 0.715198 -4.615796 4.062150
0.604000 0.401937 0.200743 0.179768 -0.009489 0.075132 -0.076515 0.688043 -4.521819 4.038626
0.605000 0.401928 0.200816 0.179693 -0.008815 0.070658 -0.072489 0.661116 -4.424769 4.009297
0.606000 0.401919 0.200885 0.179623 -0.008167 0.066283 -0.068496 0.634425 -4.324526 3.973988
0.607000 0.401911 0.200949 0.179556 -0.007546 0.062009 -0.064542 0.607979 -4.220920 3.932464
0.608000 0.401904 0.201009 0.179493 -0.006951 0.057841 -0.060631 0.581784 -4.113828 3.884544
0.609000 0.401897 0.201064 0.179435 -0.006382 0.053782 -0.056772 0.555837 -4.003184 3.830106
0.610000 0.401891 0.201116 0.179380 -0.005839 0.049835 -0.052971 0.530118 -3.888903 3.768962
0.611000 0.401886 0.201164 0.179329 -0.005322 0.046004 -0.049235 0.504600 -3.770859 3.700846
0.612000 0.401881 0.201208 0.179281 -0.004830 0.042293 -0.045569 0.479263 -3.648917 3.625496
0.613000 0.401876 0.201249 0.179238 -0.004363 0.038706 -0.041984 0.454100 -3.522945 3.542664
0.614000 0.401872 0.201286 0.179197 -0.003922 0.035247 -0.038484 0.429115 -3.392801 3.452105
0.615000 0.401868 0.201319 0.179161 -0.003505 0.031920 -0.035079 0.404312 -3.258387 3.353639
0.616000 0.401865 0.201349 0.179127 -0.003113 0.028730 -0.031777 0.379695 -3.119633 3.247130
0.617000 0.401862 0.201377 0.179097 -0.002746 0.025681 -0.028585 0.355266 -2.976434 3.132366
0.618000 0.401859 0.201401 0.179070 -0.002403 0.022777 -0.025512 0.331029 -2.828644 3.009071
0.619000 0.401857 0.201422 0.179046 -0.002084 0.020024 -0.022567 0.306988 -2.676156 2.877027
0.620000 0.401855 0.201441 0.179025 -0.001789 0.017425 -0.019758 0.283156 -2.518896 2.736073
0.621000 0.401854 0.201457 0.179007 -0.001518 0.014986 -0.017095 0.259559 -2.356774 2.585985
0.622000 0.401852 0.201471 0.178991 -0.001270 0.012711 -0.014586 0.236234 -2.189669 2.426476
0.623000 0.401851 0.201482 0.178977 -0.001045 0.010607 -0.012242 0.213207 -2.017486 2.257318
0.624000 0.401850 0.201492 0.178966 -0.000843 0.008676 -0.010071 0.190490 -1.840156 2.078350
0.625000 0.401849 0.201500 0.178957 -0.000664 0.006926 -0.008085 0.168085 -1.657578 1.889364
0.626000 0.401849 0.201506 0.178950 -0.000507 0.005361 -0.006293 0.078480 -0.782481 0.896167
0.627000 0.401848 0.201510 0.178945 -0.000507 0.005361 -0.006293 0.078480 -0.782481 0.896167
