0.000000 0.671156 -0.193015 0.136920 0.004212 -0.008157 0.006653 -0.403548 0.113358 0.504201
0.001000 0.671160 -0.193023 0.136926 0.004212 -0.008157 0.006653 -0.403548 0.113358 0.504201
0.002000 0.671164 -0.193031 0.136933 0.003405 -0.007930 0.007662 -0.827147 0.235869 1.027442
0.003000 0.671167 -0.193039 0.136941 0.002557 -0.007685 0.008708 -0.867733 0.254465 1.065858
0.004000 0.671169 -0.193046 0.136950 0.001669 -0.007421 0.009794 -0.909288 0.273649 1.104943
0.005000 0.671170 -0.193053 0.136961 0.000739 -0.007138 0.010918 -0.951812 0.293430 1.144691
0.006000 0.671171 -0.193060 0.136972 -0.000235 -0.006835 0.012083 -0.995308 0.313825 1.185101
0.007000 0.671170 -0.193067 0.136985 -0.001252 -0.006510 0.013288 -1.039775 0.334867 1.226187
0.008000 0.671168 -0.193073 0.136999 -0.002314 -0.006165 0.014535 -1.085213 0.356597 1.267971
0.009000 0.671165 -0.193079 0.137014 -0.003422 -0.005797 0.015824 -1.131620 0.379046 1.310464
0.010000 0.671161 -0.193085 0.137030 -0.004577 -0.005407 0.017156 -1.178994 0.402229 1.353663
0.011000 0.671156 -0.193090 0.137048 -0.005780 -0.004993 0.018532 -1.227329 0.426155 1.397551
0.012000 0.671150 -0.193095 0.137067 -0.007032 -0.004554 0.019951 -1.276622 0.450829 1.442111
0.013000 0.671142 -0.193099 0.137088 -0.008333 -0.004091 0.021416 -1.326865 0.476254 1.487314
0.014000 0.671133 -0.193103 0.137110 -0.009686 -0.003602 0.022926 -1.378052 0.502436 1.533113
0.015000 0.671123 -0.193107 0.137134 -0.011090 -0.003086 0.024482 -1.430173 0.529377 1.579454
0.016000 0.671111 -0.193109 0.137159 -0.012546 -0.002543 0.026085 -1.483219 0.557080 1.626290
0.017000 0.671098 -0.193112 0.137186 -0.014056 -0.001972 0.027735 -1.537178 0.585537 1.673595
0.018000 0.671083 -0.193113 0.137215 -0.015620 -0.001372 0.029432 -1.592037 0.614724 1.721368
0.019000 0.671066 -0.193114 0.137245 -0.017240 -0.000743 0.031177 -1.647781 0.644610 1.769614
0.020000 0.671048 -0.193115 0.137277 -0.018916 -0.000083 0.032971 -1.704394 0.675171 1.818332
0.021000 0.671029 -0.193115 0.137311 -0.020649 0.000608 0.034814 -1.761860 0.706407 1.867509
0.022000 0.671007 -0.193114 0.137347 -0.022440 0.001330 0.036706 -1.820157 0.738342 1.917140
0.023000 0.670984 -0.193112 0.137384 -0.024289 0.002084 0.038648 -1.879268 0.771010 1.967225
0.024000 0.670959 -0.193109 0.137424 -0.026198 0.002872 0.040641 -1.939180 0.804434 2.017752
0.025000 0.670931 -0.193106 0.137466 -0.028168 0.003693 0.042684 -1.999893 0.838622 2.068693
0.026000 0.670902 -0.193102 0.137509 -0.030198 0.004549 0.044778 -2.061415 0.873573 2.120009
0.027000 0.670871 -0.193097 0.137555 -0.032290 0.005440 0.046924 -2.123743 0.909284 2.171659
0.028000 0.670838 -0.193091 0.137603 -0.034446 0.006368 0.049121 -2.186857 0.945760 2.223608
0.029000 0.670802 -0.193084 0.137653 -0.036664 0.007332 0.051371 -2.250726 0.983022 2.275835
0.030000 0.670764 -0.193077 0.137706 -0.038947 0.008334 0.053673 -2.315316 1.021095 2.328326
0.031000 0.670724 -0.193068 0.137761 -0.041295 0.009374 0.056028 -2.380589 1.059999 2.381057
0.032000 0.670682 -0.193058 0.137818 -0.043708 0.010454 0.058435 -2.446507 1.099733 2.433994
0.033000 0.670637 -0.193047 0.137878 -0.046188 0.011574 0.060896 -2.513028 1.140291 2.487108
0.034000 0.670589 -0.193035 0.137940 -0.048734 0.012734 0.063409 -2.580108 1.181662 2.540376
0.035000 0.670539 -0.193021 0.138005 -0.051348 0.013937 0.065977 -2.647704 1.223835 2.593763
0.036000 0.670487 -0.193007 0.138072 -0.054030 0.015182 0.068597 -2.715788 1.266807 2.647228
0.037000 0.670431 -0.192991 0.138142 -0.056780 0.016471 0.071271 -2.784360 1.310591 2.700731
0.038000 0.670373 -0.192974 0.138214 -0.059598 0.017803 0.073998 -2.853433 1.355204 2.754242
0.039000 0.670312 -0.192955 0.138290 -0.062486 0.019181 0.076779 -2.923001 1.400656 2.807736
0.040000 0.670248 -0.192935 0.138368 -0.065444 0.020605 0.079614 -2.993026 1.446939 2.861201
0.041000 0.670181 -0.192914 0.138449 -0.068472 0.022075 0.082502 -3.063448 1.494034 2.914631
0.042000 0.670111 -0.192891 0.138533 -0.071571 0.023593 0.085443 -3.134206 1.541924 2.968000
0.043000 0.670038 -0.192867 0.138620 -0.074741 0.025159 0.088438 -3.205251 1.590595 3.021267
0.044000 0.669962 -0.192841 0.138710 -0.077982 0.026774 0.091486 -3.276564 1.640050 3.074403
0.045000 0.669882 -0.192813 0.138803 -0.081294 0.028439 0.094587 -3.348137 1.690298 3.127387
0.046000 0.669799 -0.192784 0.138899 -0.084678 0.030154 0.097741 -3.419948 1.741338 3.180182
0.047000 0.669713 -0.192753 0.138998 -0.088134 0.031922 0.100947 -3.491955 1.793163 3.232737
0.048000 0.669623 -0.192720 0.139101 -0.091662 0.033741 0.104206 -3.564131 1.845770 3.285008
0.049000 0.669529 -0.192686 0.139207 -0.095262 0.035613 0.107517 -3.636453 1.899159 3.336965
0.050000 0.669432 -0.192649 0.139316 -0.098935 0.037539 0.110880 -3.708887 1.953325 3.388557
0.051000 0.669331 -0.192611 0.139428 -0.102680 0.039520 0.114294 -3.781377 2.008252 3.439721
0.052000 0.669227 -0.192570 0.139544 -0.106498 0.041556 0.117759 -3.853881 2.063930 3.490400
0.053000 0.669118 -0.192527 0.139664 -0.110388 0.043648 0.121275 -3.926368 2.120355 3.540552
0.054000 0.669006 -0.192483 0.139787 -0.114350 0.045796 0.124840 -3.998804 2.177521 3.590133
0.055000 0.668890 -0.192436 0.139914 -0.118385 0.048003 0.128455 -4.071150 2.235421 3.639094
0.056000 0.668769 -0.192387 0.140044 -0.122493 0.050267 0.132119 -4.143365 2.294044 3.687382
0.057000 0.668645 -0.192335 0.140178 -0.126672 0.052591 0.135830 -4.215388 2.353372 3.734928
0.058000 0.668516 -0.192282 0.140316 -0.130923 0.054974 0.139588 -4.287160 2.413386 3.781664
0.059000 0.668383 -0.192225 0.140457 -0.135246 0.057417 0.143393 -4.358661 2.474084 3.827560
0.060000 0.668246 -0.192167 0.140602 -0.139641 0.059922 0.147244 -4.429895 2.535481 3.872614
0.061000 0.668104 -0.192105 0.140752 -0.144106 0.062488 0.151139 -4.500838 2.597573 3.916794
0.062000 0.667957 -0.192042 0.140905 -0.148642 0.065117 0.155077 -4.571420 2.660328 3.960036
0.063000 0.667806 -0.191975 0.141062 -0.153249 0.067809 0.159059 -4.641584 2.723716 4.002300
0.064000 0.667651 -0.191906 0.141223 -0.157926 0.070565 0.163082 -4.711283 2.787703 4.043567
0.065000 0.667491 -0.191834 0.141388 -0.162672 0.073384 0.167146 -4.780450 2.852254 4.083791
0.066000 0.667325 -0.191759 0.141557 -0.167486 0.076269 0.171249 -4.849000 2.917338 4.122891
0.067000 0.667156 -0.191682 0.141730 -0.172370 0.079219 0.175392 -4.916879 2.982962 4.160811
0.068000 0.666981 -0.191601 0.141908 -0.177320 0.082235 0.179571 -4.984068 3.049155 4.197528
0.069000 0.666801 -0.191517 0.142090 -0.182338 0.085317 0.183787 -5.050559 3.115934 4.233021
0.070000 0.666616 -0.191430 0.142275 -0.187421 0.088467 0.188037 -5.116372 3.183301 4.267281
0.071000 0.666426 -0.191340 0.142466 -0.192570 0.091684 0.192321 -5.181535 3.251243 4.300305
0.072000 0.666231 -0.191247 0.142660 -0.197784 0.094969 0.196638 -5.246026 3.319727 4.332042
0.073000 0.666031 -0.191150 0.142859 -0.203062 0.098324 0.200985 -5.309767 3.388690 4.362405
0.074000 0.665825 -0.191050 0.143062 -0.208404 0.101747 0.205362 -5.372699 3.458069 4.391336
0.075000 0.665614 -0.190947 0.143270 -0.213808 0.105240 0.209768 -5.434791 3.527799 4.418808
0.076000 0.665397 -0.190840 0.143482 -0.219274 0.108802 0.214200 -5.495977 3.597811 4.444752
0.077000 0.665175 -0.190729 0.143698 -0.224800 0.112435 0.218657 -5.556157 3.668053 4.469053
0.078000 0.664948 -0.190615 0.143919 -0.230386 0.116139 0.223138 -5.615276 3.738520 4.491611
0.079000 0.664714 -0.190497 0.144144 -0.236030 0.119912 0.227641 -5.673316 3.809237 4.512346
0.080000 0.664476 -0.190375 0.144374 -0.241732 0.123757 0.232163 -5.730219 3.880195 4.531157
0.081000 0.664231 -0.190249 0.144609 -0.247491 0.127673 0.236703 -5.785904 3.951349 4.547950
0.082000 0.663981 -0.190120 0.144848 -0.253304 0.131660 0.241259 -5.840374 4.022657 4.562735
0.083000 0.663724 -0.189986 0.145091 -0.259172 0.135718 0.245828 -5.893701 4.094104 4.575597
0.084000 0.663462 -0.189848 0.145339 -0.265092 0.139848 0.250410 -5.945937 4.165676 4.586612
0.085000 0.663194 -0.189706 0.145592 -0.271063 0.144049 0.255002 -5.997098 4.237370 4.595832
0.086000 0.662920 -0.189560 0.145849 -0.277086 0.148323 0.259602 -6.047173 4.309190 4.603299
0.087000 0.662640 -0.189410 0.146111 -0.283158 0.152668 0.264208 -6.096091 4.381104 4.608977
0.088000 0.662354 -0.189255 0.146378 -0.289278 0.157085 0.268820 -6.143741 4.453056 4.612766
0.089000 0.662061 -0.189096 0.146649 -0.295445 0.161574 0.273434 -6.190087 4.525030 4.614595
0.090000 0.661763 -0.188932 0.146925 -0.301658 0.166135 0.278049 -6.235148 4.597040 4.614441
0.091000 0.661458 -0.188763 0.147205 -0.307916 0.170768 0.282663 -6.278882 4.669063 4.612230
0.092000 0.661147 -0.188590 0.147490 -0.314216 0.175473 0.287273 -6.321197 4.741036 4.607873
0.093000 0.660830 -0.188412 0.147779 -0.320558 0.180250 0.291878 -6.362085 4.812927 4.601386
0.094000 0.660506 -0.188230 0.148074 -0.326940 0.185099 0.296476 -6.401625 4.884740 4.592875
0.095000 0.660176 -0.188042 0.148372 -0.333361 0.190020 0.301064 -6.439875 4.956476 4.582438
0.096000 0.659839 -0.187850 0.148676 -0.339820 0.195012 0.305641 -6.476854 5.028132 4.570151
0.097000 0.659496 -0.187652 0.148984 -0.346315 0.200076 0.310204 -6.512559 5.099696 4.556075
0.098000 0.659147 -0.187449 0.149296 -0.352845 0.205211 0.314753 -6.546905 5.171117 4.540182
0.099000 0.658790 -0.187242 0.149613 -0.359409 0.210418 0.319285 -6.579766 5.242319 4.522360
0.100000 0.658428 -0.187029 0.149935 -0.366005 0.215696 0.323798 -6.611115 5.313286 4.502548
0.101000 0.658058 -0.186810 0.150261 -0.372631 0.221045 0.328290 -6.641008 5.384050 4.480737
0.102000 0.657682 -0.186587 0.150591 -0.379287 0.226464 0.332759 -6.669414 5.454587 4.456864
0.103000 0.657300 -0.186357 0.150926 -0.385970 0.231954 0.337204 -6.696232 5.524824 4.430841
0.104000 0.656911 -0.186123 0.151266 -0.392679 0.237514 0.341621 -6.721466 5.594725 4.402715
0.105000 0.656515 -0.185882 0.151610 -0.399413 0.243143 0.346009 -6.745214 5.664301 4.372629
0.106000 0.656112 -0.185636 0.151958 -0.406169 0.248842 0.350366 -6.767466 5.733506 4.340627
0.107000 0.655702 -0.185385 0.152310 -0.412948 0.254610 0.354690 -6.788107 5.802233 4.306634
0.108000 0.655286 -0.185127 0.152667 -0.419746 0.260447 0.358979 -6.807092 5.870401 4.270636
0.109000 0.654863 -0.184864 0.153028 -0.426562 0.266351 0.363232 -6.824482 5.937979 4.232713
0.110000 0.654433 -0.184594 0.153394 -0.433395 0.272323 0.367445 -6.840337 6.004954 4.192930
0.111000 0.653996 -0.184319 0.153763 -0.440243 0.278361 0.371617 -6.854730 6.071355 4.151334
0.112000 0.653552 -0.184038 0.154137 -0.447104 0.284465 0.375748 -6.867731 6.137229 4.107960
0.113000 0.653102 -0.183750 0.154515 -0.453978 0.290635 0.379833 -6.879294 6.202549 4.062754
0.114000 0.652644 -0.183456 0.154896 -0.460863 0.296870 0.383873 -6.889298 6.267227 4.015644
0.115000 0.652180 -0.183156 0.155282 -0.467757 0.303170 0.387865 -6.897752 6.331248 3.966735
0.116000 0.651709 -0.182850 0.155672 -0.474658 0.309533 0.391807 -6.904784 6.394660 3.916264
0.117000 0.651231 -0.182537 0.156066 -0.481566 0.315959 0.395697 -6.910391 6.457435 3.864332
0.118000 0.650746 -0.182218 0.156464 -0.488479 0.322448 0.399535 -6.914436 6.519461 3.810883
0.119000 0.650254 -0.181892 0.156865 -0.495395 0.328998 0.403319 -6.916856 6.580674 3.755916
0.120000 0.649755 -0.181560 0.157270 -0.502313 0.335609 0.407047 -6.917682 6.641062 3.699517
0.121000 0.649249 -0.181221 0.157679 -0.509230 0.342280 0.410718 -6.916839 6.700551 3.641670
0.122000 0.648736 -0.180876 0.158092 -0.516146 0.349010 0.414330 -6.914161 6.759025 3.582252
0.123000 0.648217 -0.180523 0.158508 -0.523059 0.355798 0.417882 -6.909606 6.816467 3.521215
0.124000 0.647690 -0.180164 0.158927 -0.529966 0.362643 0.421373 -6.903280 6.872966 3.458629
0.125000 0.647157 -0.179798 0.159351 -0.536865 0.369544 0.424800 -6.895307 6.928610 3.394611
0.126000 0.646617 -0.179425 0.159777 -0.543756 0.376500 0.428162 -6.885851 6.983495 3.329363
0.127000 0.646069 -0.179045 0.160207 -0.550637 0.383511 0.431458 -6.875093 7.037720 3.263140
0.128000 0.645515 -0.178658 0.160640 -0.557506 0.390576 0.434688 -6.863042 7.091263 3.196032
0.129000 0.644954 -0.178264 0.161076 -0.564363 0.397694 0.437851 -6.849545 7.143982 3.127964
0.130000 0.644387 -0.177863 0.161516 -0.571205 0.404864 0.440944 -6.834547 7.195770 3.058925
0.131000 0.643812 -0.177454 0.161958 -0.578032 0.412085 0.443968 -6.818109 7.246575 2.988997
0.132000 0.643230 -0.177038 0.162404 -0.584842 0.419357 0.446922 -6.800162 7.296281 2.918153
0.133000 0.642642 -0.176615 0.162852 -0.591632 0.426678 0.449805 -6.780527 7.344748 2.846245
0.134000 0.642047 -0.176185 0.163303 -0.598403 0.434046 0.452615 -6.759173 7.391990 2.773193
0.135000 0.641445 -0.175747 0.163757 -0.605151 0.441462 0.455351 -6.736198 7.438130 2.698999
0.136000 0.640837 -0.175302 0.164214 -0.611875 0.448923 0.458013 -6.711567 7.483175 2.623587
0.137000 0.640222 -0.174849 0.164673 -0.618574 0.456428 0.460598 -6.685123 7.527008 2.546860
0.138000 0.639600 -0.174389 0.165135 -0.625245 0.463977 0.463106 -6.656889 7.569596 2.468927
0.139000 0.638971 -0.173921 0.165599 -0.631888 0.471567 0.465536 -6.627075 7.611026 2.390082
0.140000 0.638336 -0.173446 0.166066 -0.638500 0.479199 0.467887 -6.595869 7.651366 2.310579
0.141000 0.637694 -0.172963 0.166535 -0.645079 0.486870 0.470157 -6.563423 7.690662 2.230613
0.142000 0.637046 -0.172472 0.167006 -0.651626 0.494580 0.472348 -6.529863 7.728947 2.150339
0.143000 0.636391 -0.171974 0.167480 -0.658139 0.502328 0.474458 -6.495131 7.766129 2.069756
0.144000 0.635730 -0.171468 0.167955 -0.664617 0.510112 0.476487 -6.459027 7.802062 1.988719
0.145000 0.635062 -0.170954 0.168433 -0.671057 0.517932 0.478435 -6.421503 7.836759 1.907150
0.146000 0.634387 -0.170432 0.168912 -0.677460 0.525786 0.480302 -6.382655 7.870365 1.825059
0.147000 0.633707 -0.169902 0.169393 -0.683823 0.533673 0.482086 -6.342432 7.902888 1.742374
0.148000 0.633020 -0.169364 0.169876 -0.690145 0.541592 0.483786 -6.300660 7.934201 1.658993
0.149000 0.632326 -0.168819 0.170361 -0.696424 0.549541 0.485403 -6.257370 7.964294 1.575029
0.150000 0.631627 -0.168265 0.170847 -0.702659 0.557520 0.486936 -6.212770 7.993283 1.490759
0.151000 0.630921 -0.167704 0.171335 -0.708849 0.565528 0.488385 -6.166881 8.021139 1.406299
0.152000 0.630209 -0.167134 0.171824 -0.714993 0.573563 0.489749 -6.119514 8.047672 1.321571
0.153000 0.629491 -0.166557 0.172314 -0.721088 0.581623 0.491028 -6.070607 8.072767 1.236570
0.154000 0.628767 -0.165971 0.172806 -0.727134 0.589708 0.492222 -6.020284 8.096442 1.151420
0.155000 0.628037 -0.165377 0.173299 -0.733129 0.597816 0.493331 -5.968680 8.118759 1.066228
0.156000 0.627301 -0.164775 0.173793 -0.739072 0.605946 0.494355 -5.915957 8.139864 0.981072
0.157000 0.626559 -0.164165 0.174288 -0.744961 0.614096 0.495293 -5.862284 8.159945 0.896008
0.158000 0.625811 -0.163547 0.174783 -0.750796 0.622265 0.496147 -5.807624 8.179007 0.810973
0.159000 0.625057 -0.162921 0.175280 -0.756576 0.630454 0.496915 -5.751789 8.196907 0.725864
0.160000 0.624298 -0.162286 0.175777 -0.762300 0.638659 0.497598 -5.694801 8.213659 0.640781
0.161000 0.623533 -0.161644 0.176275 -0.767966 0.646881 0.498197 -5.636872 8.229425 0.555988
0.162000 0.622762 -0.160993 0.176774 -0.773573 0.655118 0.498710 -5.578013 8.244197 0.471588
0.163000 0.621985 -0.160333 0.177272 -0.779122 0.663369 0.499140 -5.518025 8.257757 0.387482
0.164000 0.621204 -0.159666 0.177772 -0.784610 0.671634 0.499485 -5.456862 8.269962 0.303629
0.165000 0.620416 -0.158990 0.178271 -0.790036 0.679909 0.499747 -5.394692 8.280817 0.220113
0.166000 0.619623 -0.158306 0.178771 -0.795399 0.688195 0.499926 -5.331685 8.290387 0.137007
0.167000 0.618825 -0.157614 0.179271 -0.800699 0.696490 0.500021 -5.268022 8.298852 0.054371
0.168000 0.618022 -0.156913 0.179771 -0.805935 0.704793 0.500034 -5.203888 8.306453 -0.027746
0.169000 0.617214 -0.156204 0.180271 -0.811107 0.713103 0.499966 -5.139239 8.313213 -0.109412
0.170000 0.616400 -0.155487 0.180771 -0.816213 0.721419 0.499815 -5.073869 8.318973 -0.190735
0.171000 0.615581 -0.154761 0.181271 -0.821254 0.729741 0.499584 -5.007795 8.323739 -0.271617
0.172000 0.614757 -0.154027 0.181770 -0.826229 0.738067 0.499272 -4.941240 8.327690 -0.351797
0.173000 0.613929 -0.153285 0.182270 -0.831137 0.746396 0.498881 -4.874212 8.330808 -0.431174
0.174000 0.613095 -0.152535 0.182768 -0.835977 0.754729 0.498410 -4.806496 8.332849 -0.509846
0.175000 0.612257 -0.151776 0.183266 -0.840750 0.763062 0.497861 -4.738044 8.333662 -0.587855
0.176000 0.611414 -0.151008 0.183764 -0.845454 0.771396 0.497234 -4.668991 8.333220 -0.665142
0.177000 0.610566 -0.150233 0.184261 -0.850088 0.779729 0.496531 -4.599278 8.331361 -0.741758
0.178000 0.609713 -0.149449 0.184757 -0.854652 0.788059 0.495751 -4.528650 8.327838 -0.817871
0.179000 0.608856 -0.148657 0.185252 -0.859145 0.796384 0.494895 -4.457036 8.322664 -0.893555
0.180000 0.607995 -0.147856 0.185747 -0.863566 0.804704 0.493964 -4.384608 8.316100 -0.968748
0.181000 0.607129 -0.147047 0.186240 -0.867914 0.813016 0.492957 -4.311567 8.308402 -1.043347
0.182000 0.606259 -0.146230 0.186733 -0.872189 0.821321 0.491877 -4.238171 8.299817 -1.117168
0.183000 0.605385 -0.145405 0.187224 -0.876391 0.829616 0.490723 -4.164707 8.290583 -1.189986
0.184000 0.604506 -0.144571 0.187714 -0.880519 0.837902 0.489497 -4.091189 8.280672 -1.261744
0.185000 0.603624 -0.143729 0.188203 -0.884573 0.846177 0.488199 -4.017395 8.269793 -1.332551
0.186000 0.602737 -0.142879 0.188691 -0.888553 0.854441 0.486832 -3.943283 8.257735 -1.402442
0.187000 0.601847 -0.142020 0.189177 -0.892460 0.862693 0.485395 -3.869009 8.244417 -1.471349
0.188000 0.600952 -0.141153 0.189661 -0.896292 0.870930 0.483889 -3.794521 8.229621 -1.539311
0.189000 0.600054 -0.140278 0.190144 -0.900049 0.879152 0.482316 -3.719547 8.213074 -1.606485
0.190000 0.599152 -0.139395 0.190626 -0.903731 0.887356 0.480676 -3.644004 8.194828 -1.672932
0.191000 0.598247 -0.138503 0.191106 -0.907337 0.895542 0.478970 -3.568054 8.175230 -1.738578
0.192000 0.597338 -0.137604 0.191584 -0.910867 0.903707 0.477199 -3.491890 8.154607 -1.803316
0.193000 0.596425 -0.136696 0.192060 -0.914320 0.911851 0.475363 -3.415763 8.133244 -1.866975
0.194000 0.595509 -0.135780 0.192535 -0.917698 0.919973 0.473465 -3.339956 8.111401 -1.929345
0.195000 0.594590 -0.134856 0.193007 -0.921000 0.928074 0.471505 -3.264471 8.089044 -1.990383
0.196000 0.593667 -0.133924 0.193478 -0.924227 0.936151 0.469484 -3.189075 8.065855 -2.050211
0.197000 0.592741 -0.132984 0.193946 -0.927379 0.944205 0.467404 -3.113740 8.041617 -2.108899
0.198000 0.591812 -0.132036 0.194412 -0.930455 0.952235 0.465266 -3.038653 8.016262 -2.166427
0.199000 0.590880 -0.131079 0.194877 -0.933456 0.960238 0.463072 -2.963777 7.989568 -2.222869
0.200000 0.589945 -0.130115 0.195339 -0.936382 0.968214 0.460821 -2.888846 7.961234 -2.278392
0.201000 0.589008 -0.129143 0.195798 -0.939234 0.976160 0.458515 -2.813794 7.931307 -2.333065
0.202000 0.588067 -0.128163 0.196256 -0.942010 0.984076 0.456155 -2.738761 7.900096 -2.386860
0.203000 0.587123 -0.127175 0.196711 -0.944711 0.991961 0.453741 -2.663675 7.867651 -2.439836
0.204000 0.586177 -0.126179 0.197163 -0.947337 0.999812 0.451275 -2.588272 7.833741 -2.492110
0.205000 0.585229 -0.125175 0.197613 -0.949888 1.007628 0.448757 -2.512522 7.798352 -2.543640
0.206000 0.584278 -0.124164 0.198061 -0.952362 1.015408 0.446188 -2.436680 7.761744 -2.594230
0.207000 0.583324 -0.123144 0.198505 -0.954761 1.023152 0.443568 -2.360996 7.724108 -2.643725
0.208000 0.582368 -0.122117 0.198948 -0.957084 1.030857 0.440900 -2.285720 7.685521 -2.692042
0.209000 0.581410 -0.121083 0.199387 -0.959332 1.038523 0.438184 -2.211096 7.645994 -2.739141
0.210000 0.580449 -0.120040 0.199824 -0.961506 1.046149 0.435422 -2.137087 7.605303 -2.785096
0.211000 0.579487 -0.118990 0.200258 -0.963607 1.053733 0.432614 -2.063407 7.563134 -2.830069
0.212000 0.578522 -0.117933 0.200689 -0.965633 1.061275 0.429762 -1.989966 7.519559 -2.874127
0.213000 0.577556 -0.116868 0.201118 -0.967587 1.068772 0.426866 -1.916878 7.474940 -2.917250
0.214000 0.576587 -0.115795 0.201543 -0.969467 1.076225 0.423927 -1.844050 7.429349 -2.959494
0.215000 0.575617 -0.114715 0.201966 -0.971275 1.083631 0.420947 -1.771199 7.382547 -3.000969
0.216000 0.574645 -0.113628 0.202385 -0.973009 1.090990 0.417925 -1.698301 7.334520 -3.041630
0.217000 0.573671 -0.112533 0.202801 -0.974671 1.098300 0.414864 -1.625563 7.285499 -3.081309
0.218000 0.572695 -0.111431 0.203215 -0.976260 1.105561 0.411763 -1.552960 7.235437 -3.119958
0.219000 0.571718 -0.110322 0.203625 -0.977777 1.112771 0.408624 -1.480223 7.183941 -3.157683
0.220000 0.570740 -0.109206 0.204032 -0.979221 1.119929 0.405447 -1.407301 7.130737 -3.194549
0.221000 0.569760 -0.108082 0.204436 -0.980592 1.127032 0.402235 -1.334415 7.075797 -3.230526
0.222000 0.568778 -0.106952 0.204836 -0.981890 1.134080 0.398986 -1.261778 7.019225 -3.265577
0.223000 0.567796 -0.105814 0.205234 -0.983115 1.141071 0.395703 -1.189586 6.961363 -3.299664
0.224000 0.566812 -0.104670 0.205628 -0.984269 1.148003 0.392387 -1.118026 6.902680 -3.332748
0.225000 0.565827 -0.103518 0.206019 -0.985351 1.154876 0.389038 -1.047013 6.843281 -3.364881
0.226000 0.564842 -0.102360 0.206406 -0.986363 1.161690 0.385657 -0.976260 6.782930 -3.396167
0.227000 0.563855 -0.101195 0.206790 -0.987304 1.168442 0.382246 -0.905727 6.721646 -3.426582
0.228000 0.562867 -0.100023 0.207170 -0.988174 1.175133 0.378804 -0.835608 6.659721 -3.455989
0.229000 0.561878 -0.098845 0.207547 -0.988975 1.181762 0.375334 -0.765867 6.597137 -3.484360
0.230000 0.560889 -0.097659 0.207921 -0.989706 1.188327 0.371835 -0.696232 6.533489 -3.511808
0.231000 0.559899 -0.096468 0.208291 -0.990368 1.194829 0.368310 -0.626664 6.468485 -3.538415
0.232000 0.558908 -0.095270 0.208658 -0.990959 1.201264 0.364758 -0.557355 6.402018 -3.564202
0.233000 0.557917 -0.094065 0.209021 -0.991482 1.207633 0.361182 -0.488259 6.333791 -3.589254
0.234000 0.556925 -0.092855 0.209380 -0.991936 1.213932 0.357580 -0.419085 6.263438 -3.613710
0.235000 0.555933 -0.091637 0.209736 -0.992320 1.220159 0.353954 -0.349739 6.191053 -3.637622
0.236000 0.554941 -0.090414 0.210088 -0.992635 1.226314 0.350305 -0.280398 6.117161 -3.660940
0.237000 0.553948 -0.089185 0.210436 -0.992881 1.232394 0.346632 -0.211248 6.042250 -3.683583
0.238000 0.552955 -0.087949 0.210781 -0.993058 1.238398 0.342938 -0.142489 5.966760 -3.705422
0.239000 0.551962 -0.086708 0.211122 -0.993166 1.244327 0.339221 -0.074330 5.891098 -3.726298
0.240000 0.550969 -0.085461 0.211460 -0.993207 1.250181 0.335485 -0.006702 5.815258 -3.746174
0.241000 0.549975 -0.084208 0.211793 -0.993180 1.255958 0.331729 0.060680 5.738820 -3.765155
0.242000 0.548982 -0.082949 0.212123 -0.993085 1.261658 0.327955 0.127860 5.661481 -3.783336
0.243000 0.547989 -0.081684 0.212449 -0.992924 1.267281 0.324162 0.194650 5.583135 -3.800769
0.244000 0.546996 -0.080414 0.212771 -0.992696 1.272824 0.320353 0.261098 5.503477 -3.817549
0.245000 0.546004 -0.079139 0.213090 -0.992402 1.278288 0.316527 0.327497 5.422115 -3.833808
0.246000 0.545012 -0.077858 0.213404 -0.992041 1.283669 0.312685 0.393940 5.339138 -3.849586
0.247000 0.544020 -0.076571 0.213715 -0.991614 1.288966 0.308828 0.460252 5.255077 -3.864831
0.248000 0.543028 -0.075280 0.214022 -0.991120 1.294179 0.304956 0.526246 5.170431 -3.879468
0.249000 0.542037 -0.073983 0.214325 -0.990561 1.299307 0.301069 0.591720 5.085651 -3.893387
0.250000 0.541047 -0.072681 0.214624 -0.989937 1.304350 0.297169 0.656465 5.001155 -3.906460
0.251000 0.540058 -0.071374 0.214919 -0.989248 1.309309 0.293256 0.720546 4.916933 -3.918659
0.252000 0.539069 -0.070063 0.215211 -0.988496 1.314184 0.289332 0.784245 4.832547 -3.930079
0.253000 0.538081 -0.068746 0.215498 -0.987680 1.318974 0.285396 0.847602 4.747691 -3.940804
0.254000 0.537093 -0.067425 0.215782 -0.986801 1.323679 0.281450 0.910424 4.662272 -3.950877
0.255000 0.536107 -0.066099 0.216061 -0.985859 1.328299 0.277494 0.972752 4.575982 -3.960380
0.256000 0.535122 -0.064768 0.216337 -0.984855 1.332831 0.273529 1.034875 4.488405 -3.969423
0.257000 0.534137 -0.063433 0.216608 -0.983789 1.337276 0.269556 1.096878 4.399605 -3.978033
0.258000 0.533154 -0.062093 0.216876 -0.982661 1.341631 0.265573 1.158579 4.310097 -3.986152
0.259000 0.532172 -0.060750 0.217139 -0.981472 1.345896 0.261583 1.219795 4.220375 -3.993720
0.260000 0.531191 -0.059402 0.217399 -0.980222 1.350071 0.257586 1.280339 4.130901 -4.000674
0.261000 0.530212 -0.058050 0.217654 -0.978911 1.354158 0.253582 1.340025 4.042111 -4.006944
0.262000 0.529233 -0.056693 0.217906 -0.977542 1.358156 0.249572 1.398934 3.954002 -4.012539
0.263000 0.528256 -0.055333 0.218154 -0.976114 1.362066 0.245557 1.457347 3.866128 -4.017541
0.264000 0.527281 -0.053969 0.218397 -0.974627 1.365888 0.241537 1.515294 3.778190 -4.021997
0.265000 0.526307 -0.052601 0.218637 -0.973083 1.369622 0.237513 1.572571 3.690118 -4.025906
0.266000 0.525335 -0.051230 0.218872 -0.971482 1.373268 0.233485 1.629204 3.601611 -4.029310
0.267000 0.524364 -0.049855 0.219104 -0.969825 1.376825 0.229454 1.685468 3.512251 -4.032284
0.268000 0.523395 -0.048476 0.219331 -0.968111 1.380293 0.225420 1.741435 3.422113 -4.034840
0.269000 0.522428 -0.047094 0.219554 -0.966342 1.383669 0.221384 1.796963 3.331653 -4.036925
0.270000 0.521463 -0.045709 0.219774 -0.964517 1.386956 0.217347 1.852126 3.240963 -4.038543
0.271000 0.520499 -0.044320 0.219989 -0.962637 1.390151 0.213307 1.907233 3.149742 -4.039754
0.272000 0.519537 -0.042929 0.220200 -0.960703 1.393255 0.209267 1.962404 3.058002 -4.040575
0.273000 0.518578 -0.041534 0.220408 -0.958713 1.396267 0.205226 2.017498 2.966151 -4.040968
0.274000 0.517620 -0.040136 0.220611 -0.956668 1.399188 0.201185 2.072339 2.874491 -4.040903
0.275000 0.516664 -0.038736 0.220810 -0.954568 1.402016 0.197144 2.126687 2.783141 -4.040380
0.276000 0.515711 -0.037332 0.221005 -0.952414 1.404754 0.193104 2.180267 2.692110 -4.039412
0.277000 0.514759 -0.035926 0.221196 -0.950207 1.407401 0.189066 2.233089 2.601094 -4.038048
0.278000 0.513810 -0.034517 0.221383 -0.947948 1.409956 0.185028 2.285417 2.509658 -4.036341
0.279000 0.512863 -0.033106 0.221566 -0.945637 1.412420 0.180993 2.337327 2.417873 -4.034261
0.280000 0.511919 -0.031692 0.221745 -0.943273 1.414792 0.176960 2.388688 2.326198 -4.031714
0.281000 0.510977 -0.030277 0.221920 -0.940859 1.417072 0.172930 2.439581 2.234718 -4.028667
0.282000 0.510037 -0.028858 0.222091 -0.938394 1.419261 0.168902 2.490299 2.143113 -4.025176
0.283000 0.509100 -0.027438 0.222258 -0.935879 1.421359 0.164879 2.540943 2.051368 -4.021319
0.284000 0.508166 -0.026016 0.222421 -0.933312 1.423364 0.160860 2.591404 1.959798 -4.017157
0.285000 0.507234 -0.024591 0.222580 -0.930696 1.425278 0.156845 2.641772 1.868360 -4.012762
0.286000 0.506304 -0.023165 0.222735 -0.928029 1.427101 0.152834 2.692300 1.776585 -4.008209
0.287000 0.505377 -0.021737 0.222885 -0.925311 1.428831 0.148828 2.742979 1.684186 -4.003514
0.288000 0.504454 -0.020307 0.223032 -0.922543 1.430469 0.144827 2.793503 1.591224 -3.998645
0.289000 0.503532 -0.018876 0.223175 -0.919724 1.432014 0.140831 2.843600 1.497876 -3.993544
0.290000 0.502614 -0.017443 0.223314 -0.916856 1.433465 0.136840 2.893057 1.404532 -3.988122
0.291000 0.501699 -0.016009 0.223449 -0.913938 1.434823 0.132855 2.941692 1.311700 -3.982267
0.292000 0.500786 -0.014574 0.223580 -0.910972 1.436088 0.128876 2.989583 1.219445 -3.975930
0.293000 0.499877 -0.013137 0.223707 -0.907959 1.437262 0.124903 3.037029 1.127439 -3.969158
0.294000 0.498970 -0.011699 0.223829 -0.904898 1.438343 0.120937 3.084151 1.035674 -3.962036
0.295000 0.498067 -0.010260 0.223948 -0.901791 1.439333 0.116979 3.130880 0.944482 -3.954650
0.296000 0.497167 -0.008821 0.224063 -0.898637 1.440232 0.113028 3.177329 0.853833 -3.947085
0.297000 0.496270 -0.007380 0.224174 -0.895436 1.441041 0.109085 3.223762 0.763259 -3.939401
0.298000 0.495376 -0.005938 0.224282 -0.892189 1.441759 0.105149 3.270190 0.672490 -3.931603
0.299000 0.494485 -0.004496 0.224385 -0.888896 1.442386 0.101222 3.316396 0.581515 -3.923659
0.300000 0.493598 -0.003054 0.224484 -0.885556 1.442922 0.097302 3.362382 0.490064 -3.915560
0.301000 0.492714 -0.001611 0.224579 -0.882171 1.443366 0.093390 3.408380 0.397690 -3.907309
0.302000 0.491834 -0.000167 0.224671 -0.878739 1.443717 0.089487 3.454432 0.304407 -3.898866
0.303000 0.490957 0.001277 0.224758 -0.875262 1.443975 0.085593 3.500332 0.210696 -3.890149
0.304000 0.490083 0.002721 0.224842 -0.871739 1.444138 0.081707 3.545905 0.117023 -3.881118
0.305000 0.489213 0.004165 0.224922 -0.868170 1.444209 0.077831 3.591033 0.023820 -3.871802
0.306000 0.488347 0.005609 0.224998 -0.864557 1.444186 0.073963 3.635630 -0.068496 -3.862270
0.307000 0.487484 0.007054 0.225070 -0.860899 1.444072 0.070106 3.679823 -0.159961 -3.852593
0.308000 0.486625 0.008498 0.225138 -0.857197 1.443866 0.066258 3.723861 -0.251034 -3.842821
0.309000 0.485770 0.009941 0.225202 -0.853451 1.443570 0.062420 3.767721 -0.341965 -3.832970
0.310000 0.484918 0.011385 0.225263 -0.849662 1.443182 0.058592 3.811148 -0.432732 -3.823034
0.311000 0.484070 0.012828 0.225319 -0.845829 1.442704 0.054774 3.854109 -0.523581 -3.813012
0.312000 0.483226 0.014270 0.225372 -0.841953 1.442135 0.050966 3.896819 -0.614950 -3.802889
0.313000 0.482386 0.015712 0.225421 -0.838035 1.441474 0.047168 3.939331 -0.706821 -3.792586
0.314000 0.481550 0.017153 0.225467 -0.834075 1.440721 0.043381 3.981512 -0.798799 -3.781980
0.315000 0.480718 0.018593 0.225508 -0.830072 1.439877 0.039605 4.023420 -0.890851 -3.770991
0.316000 0.479890 0.020033 0.225546 -0.826028 1.438940 0.035839 4.065325 -0.983330 -3.759629
0.317000 0.479066 0.021471 0.225580 -0.821942 1.437910 0.032085 4.107350 -1.076275 -3.747973
0.318000 0.478246 0.022909 0.225610 -0.817813 1.436787 0.028343 4.149395 -1.169313 -3.736123
0.319000 0.477431 0.024345 0.225636 -0.813643 1.435571 0.024613 4.191305 -1.262134 -3.724149
0.320000 0.476619 0.025780 0.225659 -0.809431 1.434263 0.020895 4.232832 -1.354529 -3.712072
0.321000 0.475812 0.027213 0.225678 -0.805177 1.432862 0.017189 4.273668 -1.446352 -3.699883
0.322000 0.475009 0.028645 0.225694 -0.800883 1.431370 0.013495 4.313765 -1.537815 -3.687568
0.323000 0.474210 0.030076 0.225705 -0.796550 1.429787 0.009814 4.353314 -1.629356 -3.675079
0.324000 0.473416 0.031505 0.225713 -0.792177 1.428112 0.006145 4.392352 -1.720995 -3.662299
0.325000 0.472626 0.032932 0.225718 -0.787765 1.426345 0.002489 4.430736 -1.812392 -3.649066
0.326000 0.471840 0.034358 0.225718 -0.783315 1.424487 -0.001153 4.468507 -1.903552 -3.635264
0.327000 0.471059 0.035781 0.225715 -0.778828 1.422538 -0.004781 4.505921 -1.994834 -3.620895
0.328000 0.470282 0.037203 0.225709 -0.774303 1.420497 -0.008395 4.543107 -2.086264 -3.606074
0.329000 0.469510 0.038622 0.225698 -0.769742 1.418365 -0.011994 4.579990 -2.177452 -3.590964
0.330000 0.468743 0.040040 0.225685 -0.765143 1.416142 -0.015577 4.616441 -2.268059 -3.575671
0.331000 0.467980 0.041455 0.225667 -0.760509 1.413829 -0.019145 4.652233 -2.357834 -3.560209
0.332000 0.467222 0.042867 0.225646 -0.755839 1.411426 -0.022697 4.687085 -2.446575 -3.544535
0.333000 0.466468 0.044277 0.225622 -0.751135 1.408936 -0.026234 4.720951 -2.534454 -3.528597
0.334000 0.465720 0.045685 0.225594 -0.746397 1.406358 -0.029755 4.754007 -2.621897 -3.512331
0.335000 0.464976 0.047090 0.225562 -0.741627 1.403692 -0.033259 4.786268 -2.708950 -3.495632
0.336000 0.464236 0.048492 0.225527 -0.736824 1.400940 -0.036746 4.817577 -2.795319 -3.478366
0.337000 0.463502 0.049892 0.225489 -0.731991 1.398101 -0.040215 4.847954 -2.881038 -3.460436
0.338000 0.462772 0.051289 0.225447 -0.727129 1.395178 -0.043667 4.877638 -2.966482 -3.441843
0.339000 0.462048 0.052682 0.225402 -0.722236 1.392168 -0.047099 4.906758 -3.051705 -3.422722
0.340000 0.461328 0.054073 0.225353 -0.717315 1.389074 -0.050512 4.935308 -3.136434 -3.403264
0.341000 0.460613 0.055461 0.225301 -0.712366 1.385896 -0.053906 4.963407 -3.220723 -3.383602
0.342000 0.459903 0.056845 0.225245 -0.707388 1.382633 -0.057279 4.991263 -3.304976 -3.363756
0.343000 0.459198 0.058226 0.225186 -0.702383 1.379286 -0.060633 5.018842 -3.389314 -3.343682
0.344000 0.458498 0.059603 0.225124 -0.697351 1.375854 -0.063967 5.045875 -3.473472 -3.323321
0.345000 0.457804 0.060977 0.225058 -0.692291 1.372339 -0.067280 5.072108 -3.557167 -3.302592
0.346000 0.457114 0.062348 0.224989 -0.687206 1.368740 -0.070572 5.097334 -3.640080 -3.281379
0.347000 0.456429 0.063715 0.224917 -0.682097 1.365058 -0.073842 5.121361 -3.721873 -3.259548
0.348000 0.455750 0.065078 0.224841 -0.676964 1.361296 -0.077091 5.144214 -3.802599 -3.236992
0.349000 0.455075 0.066438 0.224763 -0.671808 1.357453 -0.080316 5.166117 -3.882629 -3.213710
0.350000 0.454406 0.067793 0.224681 -0.666631 1.353531 -0.083518 5.187200 -3.962009 -3.189851
0.351000 0.453742 0.069145 0.224596 -0.661434 1.349529 -0.086696 5.207471 -4.040462 -3.165640
0.352000 0.453083 0.070492 0.224507 -0.656216 1.345450 -0.089850 5.227050 -4.118031 -3.141229
0.353000 0.452430 0.071836 0.224416 -0.650980 1.341293 -0.092979 5.246130 -4.195090 -3.116643
0.354000 0.451781 0.073175 0.224321 -0.645724 1.337060 -0.096083 5.264677 -4.271722 -3.091860
0.355000 0.451138 0.074510 0.224224 -0.640450 1.332750 -0.099162 5.282475 -4.347702 -3.066855
0.356000 0.450500 0.075840 0.224123 -0.635159 1.328364 -0.102217 5.299475 -4.423108 -3.041582
0.357000 0.449868 0.077166 0.224019 -0.629851 1.323904 -0.105246 5.315832 -4.498330 -3.015954
0.358000 0.449241 0.078488 0.223913 -0.624528 1.319368 -0.108249 5.331583 -4.573461 -2.989847
0.359000 0.448619 0.079805 0.223803 -0.619188 1.314757 -0.111225 5.346597 -4.648218 -2.963139
0.360000 0.448002 0.081118 0.223690 -0.613834 1.310071 -0.114175 5.360771 -4.722303 -2.935802
0.361000 0.447391 0.082425 0.223575 -0.608467 1.305312 -0.117097 5.374058 -4.795399 -2.907969
0.362000 0.446785 0.083728 0.223456 -0.603086 1.300480 -0.119991 5.386442 -4.867176 -2.879867
0.363000 0.446185 0.085026 0.223335 -0.597694 1.295578 -0.122857 5.398037 -4.937682 -2.851641
0.364000 0.445590 0.086319 0.223210 -0.592290 1.290605 -0.125694 5.409011 -5.007274 -2.823317
0.365000 0.445000 0.087607 0.223083 -0.586876 1.285563 -0.128503 5.419303 -5.076014 -2.794891
0.366000 0.444416 0.088890 0.222953 -0.581452 1.280453 -0.131284 5.428672 -5.143662 -2.766377
0.367000 0.443837 0.090168 0.222821 -0.576018 1.275276 -0.134036 5.437042 -5.210274 -2.737749
0.368000 0.443264 0.091441 0.222685 -0.570577 1.270032 -0.136759 5.444540 -5.276218 -2.708919
0.369000 0.442696 0.092708 0.222547 -0.565129 1.264723 -0.139454 5.451198 -5.341591 -2.679762
0.370000 0.442134 0.093970 0.222406 -0.559675 1.259349 -0.142119 5.456900 -5.406126 -2.650162
0.371000 0.441577 0.095227 0.222263 -0.554216 1.253911 -0.144754 5.461554 -5.469556 -2.620093
0.372000 0.441025 0.096478 0.222117 -0.548752 1.248410 -0.147359 5.465129 -5.531606 -2.589697
0.373000 0.440479 0.097724 0.221968 -0.543285 1.242848 -0.149933 5.467619 -5.591995 -2.559205
0.374000 0.439939 0.098964 0.221817 -0.537817 1.237226 -0.152477 5.469138 -5.650793 -2.528762
0.375000 0.439404 0.100198 0.221663 -0.532347 1.231546 -0.154991 5.469847 -5.708330 -2.498383
0.376000 0.438874 0.101427 0.221507 -0.526877 1.225809 -0.157474 5.469705 -5.764617 -2.468064
0.377000 0.438350 0.102650 0.221348 -0.521408 1.220017 -0.159927 5.468515 -5.819354 -2.437823
0.378000 0.437831 0.103867 0.221187 -0.515940 1.214171 -0.162350 5.466223 -5.872547 -2.407637
0.379000 0.437318 0.105078 0.221023 -0.510475 1.208272 -0.164742 5.462948 -5.924547 -2.377419
0.380000 0.436810 0.106284 0.220858 -0.505014 1.202322 -0.167105 5.458720 -5.975489 -2.347071
0.381000 0.436308 0.107483 0.220689 -0.499558 1.196321 -0.169437 5.453456 -6.025257 -2.316497
0.382000 0.435811 0.108676 0.220519 -0.494107 1.190271 -0.171738 5.447191 -6.073984 -2.285606
0.383000 0.435320 0.109863 0.220346 -0.488663 1.184173 -0.174008 5.440101 -6.122049 -2.254373
0.384000 0.434834 0.111045 0.220171 -0.483227 1.178027 -0.176246 5.432306 -6.169549 -2.222941
0.385000 0.434353 0.112220 0.219993 -0.477799 1.171834 -0.178454 5.423838 -6.216310 -2.191546
0.386000 0.433878 0.113388 0.219814 -0.472379 1.165594 -0.180630 5.414800 -6.262409 -2.160330
0.387000 0.433409 0.114551 0.219632 -0.466969 1.159309 -0.182774 5.405330 -6.308149 -2.129292
0.388000 0.432944 0.115707 0.219448 -0.461569 1.152978 -0.184888 5.395379 -6.353501 -2.098402
0.389000 0.432486 0.116857 0.219262 -0.456178 1.146602 -0.186971 5.384729 -6.398069 -2.067657
0.390000 0.432032 0.118000 0.219074 -0.450799 1.140182 -0.189023 5.373201 -6.441521 -2.037032
0.391000 0.431584 0.119137 0.218884 -0.445432 1.133719 -0.191045 5.360685 -6.483640 -2.006473
0.392000 0.431141 0.120268 0.218692 -0.440078 1.127215 -0.193036 5.347111 -6.524272 -1.975905
0.393000 0.430704 0.121391 0.218498 -0.434738 1.120671 -0.194997 5.332531 -6.563564 -1.945236
0.394000 0.430272 0.122509 0.218302 -0.429413 1.114088 -0.196927 5.317108 -6.601887 -1.914419
0.395000 0.429845 0.123620 0.218104 -0.424104 1.107467 -0.198826 5.300933 -6.639354 -1.883549
0.396000 0.429424 0.124724 0.217905 -0.418811 1.100809 -0.200694 5.284013 -6.675823 -1.852807
0.397000 0.429007 0.125821 0.217703 -0.413536 1.094115 -0.202531 5.266427 -6.711384 -1.822291
0.398000 0.428596 0.126912 0.217499 -0.408278 1.087386 -0.204339 5.248295 -6.746332 -1.791986
0.399000 0.428191 0.127996 0.217294 -0.403039 1.080622 -0.206115 5.229588 -6.780649 -1.761893
0.400000 0.427790 0.129073 0.217087 -0.397819 1.073825 -0.207862 5.210138 -6.813976 -1.732056
0.401000 0.427395 0.130144 0.216879 -0.392619 1.066994 -0.209580 5.189805 -6.846019 -1.702493
0.402000 0.427005 0.131207 0.216668 -0.387439 1.060133 -0.211267 5.168505 -6.876595 -1.673175
0.403000 0.426620 0.132264 0.216456 -0.382282 1.053241 -0.212926 5.146182 -6.905586 -1.644042
0.404000 0.426241 0.133314 0.216242 -0.377147 1.046322 -0.214555 5.122890 -6.933149 -1.615011
0.405000 0.425866 0.134357 0.216027 -0.372036 1.039375 -0.216156 5.098774 -6.959645 -1.586024
0.406000 0.425497 0.135393 0.215810 -0.366949 1.032402 -0.217727 5.073924 -6.985194 -1.557160
0.407000 0.425132 0.136421 0.215591 -0.361888 1.025405 -0.219270 5.048359 -7.009684 -1.528581
0.408000 0.424773 0.137443 0.215371 -0.356853 1.018383 -0.220785 5.022155 -7.033212 -1.500367
0.409000 0.424418 0.138458 0.215150 -0.351844 1.011338 -0.222271 4.995419 -7.056050 -1.472487
0.410000 0.424069 0.139466 0.214927 -0.346862 1.004271 -0.223730 4.968121 -7.078161 -1.444921
0.411000 0.423725 0.140467 0.214702 -0.341907 0.997182 -0.225161 4.940126 -7.099237 -1.417692
0.412000 0.423385 0.141460 0.214477 -0.336982 0.990072 -0.226565 4.911397 -7.119232 -1.390768
0.413000 0.423051 0.142447 0.214249 -0.332085 0.982943 -0.227942 4.882019 -7.138422 -1.364050
0.414000 0.422721 0.143426 0.214021 -0.327217 0.975796 -0.229293 4.852040 -7.156937 -1.337457
0.415000 0.422396 0.144398 0.213791 -0.322381 0.968630 -0.230617 4.821427 -7.174662 -1.310953
0.416000 0.422076 0.145364 0.213559 -0.317575 0.961446 -0.231915 4.790159 -7.191473 -1.284544
0.417000 0.421761 0.146321 0.213327 -0.312800 0.954247 -0.233186 4.758243 -7.207240 -1.258309
0.418000 0.421451 0.147272 0.213093 -0.308058 0.947032 -0.234432 4.725698 -7.221826 -1.232370
0.419000 0.421145 0.148215 0.212858 -0.303349 0.939803 -0.235651 4.692602 -7.235332 -1.206769
0.420000 0.420844 0.149152 0.212622 -0.298673 0.932561 -0.236845 4.659048 -7.248017 -1.181459
0.421000 0.420548 0.150081 0.212384 -0.294031 0.925307 -0.238014 4.625011 -7.259848 -1.156432
0.422000 0.420256 0.151002 0.212146 -0.289423 0.918041 -0.239158 4.590371 -7.270541 -1.131727
0.423000 0.419969 0.151917 0.211906 -0.284850 0.910766 -0.240277 4.555094 -7.280056 -1.107327
0.424000 0.419686 0.152824 0.211665 -0.280313 0.903481 -0.241373 4.519253 -7.288652 -1.083142
0.425000 0.419408 0.153724 0.211423 -0.275812 0.896189 -0.242444 4.482902 -7.296464 -1.059101
0.426000 0.419135 0.154616 0.211180 -0.271347 0.888888 -0.243491 4.446039 -7.303452 -1.035175
0.427000 0.418866 0.155501 0.210936 -0.266919 0.881582 -0.244514 4.408714 -7.309752 -1.011295
0.428000 0.418601 0.156379 0.210691 -0.262530 0.874269 -0.245513 4.371037 -7.315675 -0.987376
0.429000 0.418340 0.157250 0.210445 -0.258177 0.866950 -0.246489 4.333074 -7.321342 -0.963418
0.430000 0.418084 0.158113 0.210198 -0.253863 0.859626 -0.247440 4.294826 -7.326630 -0.939503
0.431000 0.417833 0.158969 0.209950 -0.249588 0.852297 -0.248368 4.256271 -7.331365 -0.915712
0.432000 0.417585 0.159818 0.209702 -0.245351 0.844963 -0.249272 4.217355 -7.335290 -0.892123
0.433000 0.417342 0.160659 0.209452 -0.241153 0.837626 -0.250152 4.178000 -7.338100 -0.868817
0.434000 0.417103 0.161493 0.209201 -0.236995 0.830287 -0.251009 4.138203 -7.339756 -0.845789
0.435000 0.416868 0.162320 0.208950 -0.232877 0.822947 -0.251844 4.098032 -7.340488 -0.822948
0.436000 0.416637 0.163139 0.208698 -0.228799 0.815606 -0.252655 4.057524 -7.340412 -0.800217
0.437000 0.416410 0.163951 0.208444 -0.224762 0.808266 -0.253444 4.016665 -7.339476 -0.777554
0.438000 0.416188 0.164755 0.208191 -0.220765 0.800927 -0.254210 3.975490 -7.337790 -0.754883
0.439000 0.415969 0.165553 0.207936 -0.216811 0.793591 -0.254954 3.934093 -7.335628 -0.732119
0.440000 0.415754 0.166343 0.207681 -0.212897 0.786256 -0.255675 3.892548 -7.333089 -0.709280
0.441000 0.415543 0.167125 0.207425 -0.209025 0.778924 -0.256372 3.850895 -7.330091 -0.686456
0.442000 0.415336 0.167900 0.207168 -0.205195 0.771596 -0.257047 3.809198 -7.326709 -0.663667
0.443000 0.415133 0.168668 0.206911 -0.201407 0.764271 -0.257700 3.767527 -7.323137 -0.640847
0.444000 0.414933 0.169429 0.206653 -0.197660 0.756950 -0.258329 3.725867 -7.319317 -0.617966
0.445000 0.414737 0.170182 0.206394 -0.193955 0.749632 -0.258936 3.684131 -7.314932 -0.595057
0.446000 0.414545 0.170928 0.206135 -0.190292 0.742320 -0.259519 3.642258 -7.309729 -0.572155
0.447000 0.414357 0.171667 0.205875 -0.186671 0.735013 -0.260080 3.600223 -7.303567 -0.549292
0.448000 0.414172 0.172398 0.205615 -0.183092 0.727713 -0.260618 3.558028 -7.296366 -0.526500
0.449000 0.413991 0.173122 0.205354 -0.179555 0.720420 -0.261133 3.515716 -7.288242 -0.503746
0.450000 0.413813 0.173839 0.205092 -0.176060 0.713136 -0.261625 3.473364 -7.279452 -0.480948
0.451000 0.413639 0.174549 0.204830 -0.172608 0.705861 -0.262095 3.431007 -7.270095 -0.458094
0.452000 0.413468 0.175251 0.204568 -0.169198 0.698596 -0.262542 3.388645 -7.260115 -0.435236
0.453000 0.413300 0.175946 0.204305 -0.165831 0.691341 -0.262965 3.346309 -7.249591 -0.412362
0.454000 0.413136 0.176634 0.204042 -0.162506 0.684097 -0.263366 3.304048 -7.238699 -0.389399
0.455000 0.412975 0.177314 0.203779 -0.159223 0.676864 -0.263744 3.261862 -7.227385 -0.366336
0.456000 0.412818 0.177987 0.203515 -0.155982 0.669642 -0.264099 3.219702 -7.215393 -0.343223
0.457000 0.412663 0.178653 0.203250 -0.152783 0.662433 -0.264431 3.177564 -7.202659 -0.320043
0.458000 0.412512 0.179312 0.202986 -0.149627 0.655237 -0.264739 3.135494 -7.189362 -0.296701
0.459000 0.412364 0.179964 0.202721 -0.146512 0.648054 -0.265024 3.093529 -7.175615 -0.273135
0.460000 0.412219 0.180608 0.202456 -0.143440 0.640885 -0.265285 3.051670 -7.161373 -0.249339
0.461000 0.412077 0.181246 0.202190 -0.140409 0.633731 -0.265523 3.009915 -7.146576 -0.225325
0.462000 0.411938 0.181876 0.201925 -0.137420 0.626592 -0.265736 2.968259 -7.131140 -0.201135
0.463000 0.411802 0.182499 0.201659 -0.134472 0.619469 -0.265925 2.926696 -7.114968 -0.176828
0.464000 0.411669 0.183115 0.201393 -0.131566 0.612362 -0.266090 2.885250 -7.098116 -0.152391
0.465000 0.411539 0.183723 0.201127 -0.128702 0.605273 -0.266230 2.843968 -7.080737 -0.127760
0.466000 0.411412 0.184325 0.200860 -0.125879 0.598201 -0.266345 2.802868 -7.062777 -0.102945
0.467000 0.411287 0.184920 0.200594 -0.123096 0.591147 -0.266436 2.761939 -7.044007 -0.078026
0.468000 0.411166 0.185508 0.200328 -0.120355 0.584113 -0.266501 2.721192 -7.024366 -0.053015
0.469000 0.411047 0.186088 0.200061 -0.117654 0.577099 -0.266542 2.680665 -7.004009 -0.027844
0.470000 0.410930 0.186662 0.199794 -0.114993 0.570105 -0.266557 2.640365 -6.983026 -0.002501
0.471000 0.410817 0.187228 0.199528 -0.112373 0.563132 -0.266547 2.600270 -6.961399 0.022968
0.472000 0.410706 0.187788 0.199261 -0.109793 0.556182 -0.266511 2.560384 -6.939218 0.048579
0.473000 0.410597 0.188341 0.198995 -0.107252 0.549254 -0.266449 2.520743 -6.916681 0.074408
0.474000 0.410491 0.188886 0.198728 -0.104751 0.542349 -0.266362 2.481369 -6.893864 0.100469
0.475000 0.410388 0.189425 0.198462 -0.102290 0.535466 -0.266249 2.442260 -6.870687 0.126699
0.476000 0.410286 0.189957 0.198196 -0.099867 0.528607 -0.266109 2.403409 -6.847027 0.153026
0.477000 0.410188 0.190483 0.197930 -0.097483 0.521772 -0.265943 2.364807 -6.822693 0.179363
0.478000 0.410091 0.191001 0.197664 -0.095137 0.514962 -0.265750 2.326444 -6.797455 0.205614
0.479000 0.409998 0.191513 0.197398 -0.092830 0.508177 -0.265531 2.288331 -6.771258 0.231767
0.480000 0.409906 0.192017 0.197133 -0.090561 0.501419 -0.265286 2.250499 -6.744243 0.257888
0.481000 0.409816 0.192515 0.196868 -0.088329 0.494689 -0.265016 2.212955 -6.716511 0.283989
0.482000 0.409729 0.193007 0.196603 -0.086135 0.487986 -0.264718 2.175686 -6.688070 0.310022
0.483000 0.409644 0.193491 0.196338 -0.083977 0.481313 -0.264395 2.138696 -6.659020 0.336003
0.484000 0.409561 0.193969 0.196074 -0.081857 0.474668 -0.264046 2.102017 -6.629546 0.362014
0.485000 0.409480 0.194441 0.195810 -0.079773 0.468054 -0.263671 2.065673 -6.599735 0.388096
0.486000 0.409402 0.194905 0.195547 -0.077726 0.461469 -0.263270 2.029676 -6.569569 0.414233
0.487000 0.409325 0.195364 0.195284 -0.075714 0.454914 -0.262843 1.994046 -6.539113 0.440460
0.488000 0.409250 0.195815 0.195021 -0.073738 0.448391 -0.262389 1.958808 -6.508488 0.466850
0.489000 0.409177 0.196260 0.194759 -0.071796 0.441897 -0.261909 1.923953 -6.477652 0.493392
0.490000 0.409107 0.196699 0.194497 -0.069890 0.435435 -0.261403 1.889449 -6.446405 0.519985
0.491000 0.409038 0.197131 0.194236 -0.068018 0.429005 -0.260869 1.855266 -6.414595 0.546537
0.492000 0.408971 0.197557 0.193976 -0.066179 0.422606 -0.260309 1.821390 -6.382153 0.572972
0.493000 0.408905 0.197976 0.193716 -0.064375 0.416240 -0.259723 1.787814 -6.349054 0.599220
0.494000 0.408842 0.198390 0.193456 -0.062604 0.409908 -0.259111 1.754547 -6.315381 0.625291
0.495000 0.408780 0.198796 0.193197 -0.060866 0.403610 -0.258473 1.721611 -6.281279 0.651266
0.496000 0.408720 0.199197 0.192939 -0.059160 0.397345 -0.257809 1.689010 -6.246795 0.677176
0.497000 0.408662 0.199591 0.192682 -0.057488 0.391116 -0.257118 1.656737 -6.211875 0.703002
0.498000 0.408605 0.199979 0.192425 -0.055847 0.384922 -0.256403 1.624792 -6.176549 0.728774
0.499000 0.408550 0.200361 0.192169 -0.054238 0.378763 -0.255661 1.593191 -6.140907 0.754557
0.500000 0.408497 0.200737 0.191914 -0.052661 0.372640 -0.254893 1.561933 -6.104919 0.780333
0.501000 0.408445 0.201106 0.191659 -0.051114 0.366553 -0.254100 1.531001 -6.068439 0.806012
0.502000 0.408394 0.201470 0.191405 -0.049599 0.360503 -0.253281 1.500394 -6.031430 0.831570
0.503000 0.408346 0.201827 0.191153 -0.048113 0.354490 -0.252437 1.470130 -5.993990 0.857061
0.504000 0.408298 0.202179 0.190901 -0.046658 0.348515 -0.251567 1.440227 -5.956188 0.882486
0.505000 0.408252 0.202524 0.190649 -0.045233 0.342578 -0.250672 1.410695 -5.918011 0.907770
0.506000 0.408208 0.202864 0.190399 -0.043837 0.336679 -0.249752 1.381532 -5.879448 0.932848
0.507000 0.408165 0.203197 0.190150 -0.042470 0.330819 -0.248806 1.352722 -5.840500 0.957668
0.508000 0.408123 0.203525 0.189902 -0.041132 0.324998 -0.247836 1.324236 -5.801169 0.982184
0.509000 0.408082 0.203847 0.189654 -0.039821 0.319217 -0.246842 1.296062 -5.761522 1.006423
0.510000 0.408043 0.204164 0.189408 -0.038539 0.313475 -0.245824 1.268210 -5.721650 1.030461
0.511000 0.408005 0.204474 0.189163 -0.037285 0.307773 -0.244781 1.240689 -5.681513 1.054320
0.512000 0.407969 0.204779 0.188918 -0.036058 0.302112 -0.243715 1.213502 -5.640972 1.077969
0.513000 0.407933 0.205079 0.188675 -0.034858 0.296491 -0.242625 1.186656 -5.599979 1.101426
0.514000 0.407899 0.205372 0.188433 -0.033685 0.290912 -0.241512 1.160167 -5.558600 1.124754
0.515000 0.407866 0.205660 0.188192 -0.032538 0.285374 -0.240376 1.134040 -5.516871 1.147947
0.516000 0.407834 0.205943 0.187952 -0.031417 0.279878 -0.239216 1.108271 -5.474752 1.170920
0.517000 0.407803 0.206220 0.187714 -0.030321 0.274425 -0.238034 1.082857 -5.432208 1.193607
0.518000 0.407773 0.206492 0.187476 -0.029251 0.269014 -0.236829 1.057791 -5.389214 1.215970
0.519000 0.407744 0.206758 0.187240 -0.028206 0.263646 -0.235602 1.033068 -5.345748 1.237987
0.520000 0.407717 0.207019 0.187005 -0.027185 0.258322 -0.234353 1.008688 -5.301847 1.259697
0.521000 0.407690 0.207275 0.186771 -0.026188 0.253043 -0.233082 0.984657 -5.257583 1.281176
0.522000 0.407664 0.207525 0.186539 -0.025215 0.247807 -0.231791 0.960975 -5.212936 1.302435
0.523000 0.407640 0.207771 0.186308 -0.024266 0.242617 -0.230478 0.937633 -5.167810 1.323429
0.524000 0.407616 0.208011 0.186078 -0.023340 0.237472 -0.229144 0.914627 -5.122178 1.344166
0.525000 0.407593 0.208245 0.185850 -0.022437 0.232372 -0.227789 0.891960 -5.076112 1.364706
0.526000 0.407571 0.208475 0.185622 -0.021556 0.227319 -0.226414 0.869627 -5.029671 1.385054
0.527000 0.407550 0.208700 0.185397 -0.020698 0.222313 -0.225019 0.847615 -4.982874 1.405161
0.528000 0.407530 0.208920 0.185172 -0.019861 0.217354 -0.223604 0.825919 -4.935777 1.425030
0.529000 0.407510 0.209135 0.184949 -0.019046 0.212441 -0.222169 0.804536 -4.888461 1.444726
0.530000 0.407491 0.209345 0.184728 -0.018252 0.207577 -0.220715 0.783460 -4.840946 1.464274
0.531000 0.407474 0.209550 0.184508 -0.017479 0.202760 -0.219241 0.762674 -4.793185 1.483641
0.532000 0.407457 0.209750 0.184290 -0.016727 0.197990 -0.217747 0.742170 -4.745119 1.502790
0.533000 0.407440 0.209946 0.184073 -0.015995 0.193269 -0.216235 0.721956 -4.696667 1.521686
0.534000 0.407425 0.210137 0.183857 -0.015283 0.188597 -0.214704 0.702045 -4.647736 1.540288
0.535000 0.407410 0.210323 0.183643 -0.014591 0.183974 -0.213154 0.682450 -4.598300 1.558618
0.536000 0.407395 0.210505 0.183431 -0.013918 0.179400 -0.211587 0.663177 -4.548407 1.576741
0.537000 0.407382 0.210682 0.183220 -0.013264 0.174877 -0.210001 0.644214 -4.498094 1.594673
0.538000 0.407369 0.210855 0.183011 -0.012629 0.170404 -0.208397 0.625539 -4.447363 1.612382
0.539000 0.407357 0.211023 0.182803 -0.012013 0.165982 -0.206776 0.607140 -4.396247 1.629884
0.540000 0.407345 0.211187 0.182597 -0.011415 0.161612 -0.205138 0.589019 -4.344807 1.647248
0.541000 0.407334 0.211346 0.182393 -0.010835 0.157293 -0.203482 0.571184 -4.293068 1.664510
0.542000 0.407323 0.211501 0.182190 -0.010273 0.153026 -0.201809 0.553648 -4.241006 1.681655
0.543000 0.407313 0.211652 0.181989 -0.009728 0.148811 -0.200118 0.536420 -4.188594 1.698666
0.544000 0.407304 0.211799 0.181790 -0.009200 0.144648 -0.198411 0.519510 -4.135801 1.715524
0.545000 0.407295 0.211941 0.181592 -0.008689 0.140539 -0.196687 0.502928 -4.082592 1.732210
0.546000 0.407286 0.212080 0.181397 -0.008194 0.136483 -0.194947 0.486680 -4.028971 1.748751
0.547000 0.407278 0.212214 0.181203 -0.007715 0.132481 -0.193190 0.470764 -3.974981 1.765205
0.548000 0.407271 0.212345 0.181010 -0.007253 0.128533 -0.191416 0.455163 -3.920643 1.781573
0.549000 0.407264 0.212471 0.180820 -0.006805 0.124640 -0.189627 0.439851 -3.865948 1.797805
0.550000 0.407257 0.212594 0.180631 -0.006373 0.120801 -0.187821 0.424808 -3.810914 1.813897
0.551000 0.407251 0.212713 0.180444 -0.005955 0.117018 -0.185999 0.410032 -3.755588 1.829902
0.552000 0.407245 0.212828 0.180259 -0.005553 0.113290 -0.184161 0.395526 -3.700003 1.845835
0.553000 0.407240 0.212940 0.180076 -0.005164 0.109618 -0.182307 0.381297 -3.644168 1.861673
0.554000 0.407235 0.213047 0.179894 -0.004790 0.106002 -0.180438 0.367348 -3.588109 1.877433
0.555000 0.407230 0.213152 0.179715 -0.004430 0.102442 -0.178552 0.353686 -3.531847 1.893167
0.556000 0.407226 0.213252 0.179537 -0.004083 0.098938 -0.176651 0.340315 -3.475353 1.908888
0.557000 0.407222 0.213349 0.179362 -0.003749 0.095491 -0.174735 0.327238 -3.418550 1.924555
0.558000 0.407219 0.213443 0.179188 -0.003428 0.092101 -0.172802 0.314460 -3.361387 1.940124
0.559000 0.407215 0.213534 0.179016 -0.003120 0.088768 -0.170854 0.301984 -3.303852 1.955551
0.560000 0.407212 0.213621 0.178846 -0.002824 0.085493 -0.168891 0.289814 -3.245956 1.970790
0.561000 0.407210 0.213705 0.178678 -0.002541 0.082276 -0.166913 0.277950 -3.187730 1.985844
0.562000 0.407207 0.213785 0.178512 -0.002268 0.079118 -0.164919 0.266385 -3.129216 2.000766
0.563000 0.407205 0.213863 0.178348 -0.002008 0.076018 -0.162911 0.255096 -3.070436 2.015579
0.564000 0.407203 0.213937 0.178186 -0.001758 0.072977 -0.160888 0.244051 -3.011399 2.030273
0.565000 0.407202 0.214009 0.178027 -0.001520 0.069995 -0.158851 0.233225 -2.952124 2.044870
0.566000 0.407200 0.214077 0.177869 -0.001292 0.067073 -0.156798 0.222611 -2.892639 2.059423
0.567000 0.407199 0.214143 0.177713 -0.001074 0.064210 -0.154732 0.212208 -2.832957 2.073951
0.568000 0.407198 0.214206 0.177559 -0.000867 0.061407 -0.152651 0.202017 -2.773073 2.088436
0.569000 0.407197 0.214266 0.177408 -0.000670 0.058664 -0.150555 0.192039 -2.712997 2.102889
0.570000 0.407197 0.214323 0.177258 -0.000483 0.055981 -0.148445 0.182276 -2.652756 2.117346
0.571000 0.407196 0.214378 0.177111 -0.000306 0.053358 -0.146320 0.172726 -2.592377 2.131791
0.572000 0.407196 0.214430 0.176966 -0.000138 0.050796 -0.144181 0.163391 -2.531878 2.146155
0.573000 0.407196 0.214479 0.176822 0.000021 0.048294 -0.142028 0.154272 -2.471273 2.160377
0.574000 0.407196 0.214526 0.176681 0.000171 0.045854 -0.139860 0.145367 -2.410576 2.174406
0.575000 0.407196 0.214571 0.176543 0.000312 0.043473 -0.137679 0.136678 -2.349797 2.188200
0.576000 0.407197 0.214613 0.176406 0.000444 0.041154 -0.135484 0.128203 -2.288953 2.201758
0.577000 0.407197 0.214653 0.176272 0.000568 0.038895 -0.133276 0.119943 -2.228063 2.215111
0.578000 0.407198 0.214691 0.176140 0.000684 0.036698 -0.131054 0.111897 -2.167141 2.228255
0.579000 0.407199 0.214727 0.176010 0.000792 0.034561 -0.128819 0.104064 -2.106188 2.241148
0.580000 0.407200 0.214760 0.175882 0.000892 0.032485 -0.126572 0.096444 -2.045215 2.253780
0.581000 0.407201 0.214792 0.175757 0.000985 0.030471 -0.124312 0.089035 -1.984242 2.266175
0.582000 0.407202 0.214821 0.175633 0.001070 0.028517 -0.122039 0.081838 -1.923301 2.278318
0.583000 0.407203 0.214849 0.175512 0.001148 0.026624 -0.119755 0.074850 -1.862418 2.290151
0.584000 0.407204 0.214874 0.175394 0.001220 0.024792 -0.117459 0.068071 -1.801621 2.301612
0.585000 0.407205 0.214898 0.175278 0.001285 0.023021 -0.115152 0.061500 -1.740936 2.312639
0.586000 0.407206 0.214920 0.175164 0.001343 0.021310 -0.112834 0.055135 -1.680385 2.323167
0.587000 0.407208 0.214941 0.175052 0.001395 0.019660 -0.110505 0.048975 -1.619992 2.333170
0.588000 0.407209 0.214960 0.174942 0.001441 0.018070 -0.108167 0.043020 -1.559787 2.342657
0.589000 0.407211 0.214977 0.174836 0.001481 0.016541 -0.105820 0.037266 -1.499814 2.351596
0.590000 0.407212 0.214993 0.174731 0.001515 0.015071 -0.103464 0.031714 -1.440124 2.359923
0.591000 0.407214 0.215007 0.174629 0.001544 0.013660 -0.101100 0.026361 -1.380759 2.367604
0.592000 0.407215 0.215020 0.174529 0.001568 0.012309 -0.098729 0.021207 -1.321755 2.374636
0.593000 0.407217 0.215032 0.174431 0.001587 0.011017 -0.096351 0.016249 -1.263151 2.380982
0.594000 0.407218 0.215042 0.174336 0.001601 0.009783 -0.093967 0.011486 -1.204991 2.386564
0.595000 0.407220 0.215051 0.174243 0.001610 0.008607 -0.091578 0.006917 -1.147314 2.391344
0.596000 0.407222 0.215059 0.174153 0.001614 0.007488 -0.089184 0.002539 -1.090149 2.395318
0.597000 0.407223 0.215066 0.174065 0.001615 0.006426 -0.086787 -0.001648 -1.033530 2.398466
0.598000 0.407225 0.215072 0.173979 0.001611 0.005421 -0.084387 -0.005646 -0.977501 2.400729
0.599000 0.407226 0.215077 0.173896 0.001603 0.004471 -0.081986 -0.009457 -0.922103 2.402049
0.600000 0.407228 0.215081 0.173815 0.001592 0.003577 -0.079583 -0.013083 -0.867376 2.402363
0.601000 0.407230 0.215084 0.173737 0.001577 0.002737 -0.077181 -0.016524 -0.813361 2.401609
0.602000 0.407231 0.215087 0.173661 0.001559 0.001950 -0.074780 -0.019783 -0.760089 2.399750
0.603000 0.407233 0.215088 0.173587 0.001538 0.001217 -0.072381 -0.022861 -0.707593 2.396771
0.604000 0.407234 0.215089 0.173516 0.001513 0.000535 -0.069986 -0.025759 -0.655928 2.392608
0.605000 0.407236 0.215089 0.173447 0.001486 -0.000095 -0.067596 -0.028479 -0.605163 2.387160
0.606000 0.407237 0.215089 0.173381 0.001456 -0.000675 -0.065212 -0.031022 -0.555350 2.380361
0.607000 0.407239 0.215088 0.173317 0.001424 -0.001206 -0.062836 -0.033391 -0.506519 2.372183
0.608000 0.407240 0.215087 0.173255 0.001390 -0.001688 -0.060468 -0.035585 -0.458698 2.362579
0.609000 0.407241 0.215085 0.173196 0.001353 -0.002123 -0.058110 -0.037608 -0.411920 2.351472
0.610000 0.407243 0.215082 0.173139 0.001314 -0.002512 -0.055765 -0.039459 -0.366213 2.338811
0.611000 0.407244 0.215080 0.173084 0.001274 -0.002856 -0.053433 -0.041140 -0.321616 2.324558
0.612000 0.407245 0.215077 0.173032 0.001232 -0.003155 -0.051116 -0.042653 -0.278205 2.308633
0.613000 0.407247 0.215073 0.172982 0.001189 -0.003412 -0.048815 -0.043999 -0.236081 2.290909
0.614000 0.407248 0.215070 0.172935 0.001144 -0.003628 -0.046534 -0.045178 -0.195339 2.271255
0.615000 0.407249 0.215066 0.172889 0.001098 -0.003803 -0.044273 -0.046193 -0.156057 2.249540
0.616000 0.407250 0.215062 0.172846 0.001052 -0.003940 -0.042035 -0.047044 -0.118303 2.225629
0.617000 0.407251 0.215058 0.172805 0.001004 -0.004040 -0.039822 -0.047732 -0.082130 2.199429
0.618000 0.407252 0.215054 0.172766 0.000956 -0.004104 -0.037636 -0.048258 -0.047573 2.170890
0.619000 0.407253 0.215050 0.172730 0.000908 -0.004135 -0.035480 -0.048623 -0.014683 2.139937
0.620000 0.407254 0.215046 0.172695 0.000859 -0.004133 -0.033356 -0.048829 0.016475 2.106471
0.621000 0.407255 0.215042 0.172663 0.000810 -0.004102 -0.031267 -0.048875 0.045850 2.070415
0.622000 0.407255 0.215038 0.172633 0.000761 -0.004042 -0.029215 -0.048763 0.073394 2.031709
0.623000 0.407256 0.215034 0.172605 0.000713 -0.003955 -0.027204 -0.048493 0.099031 1.990248
0.624000 0.407257 0.215030 0.172578 0.000664 -0.003844 -0.025235 -0.048067 0.122660 1.945883
0.625000 0.407257 0.215026 0.172554 0.000616 -0.003710 -0.023312 -0.047484 0.144187 1.898471
0.626000 0.407258 0.215022 0.172532 0.000569 -0.003555 -0.021438 -0.046747 0.163536 1.847883
0.627000 0.407259 0.215019 0.172511 0.000523 -0.003383 -0.019616 -0.045854 0.180635 1.793997
0.628000 0.407259 0.215015 0.172493 0.000478 -0.003194 -0.017850 -0.044806 0.195435 1.736720
0.629000 0.407260 0.215012 0.172476 0.000433 -0.002992 -0.016143 -0.043605 0.207898 1.675981
0.630000 0.407260 0.215010 0.172460 0.000390 -0.002778 -0.014498 -0.042251 0.217973 1.611661
0.631000 0.407260 0.215007 0.172447 0.000349 -0.002556 -0.012919 -0.040743 0.225593 1.543606
0.632000 0.407261 0.215004 0.172434 0.000309 -0.002327 -0.011411 -0.039083 0.230707 1.471692
0.633000 0.407261 0.215002 0.172424 0.000271 -0.002094 -0.009976 -0.037270 0.233265 1.395830
0.634000 0.407261 0.215000 0.172415 0.000234 -0.001860 -0.008619 -0.035305 0.233190 1.315894
0.635000 0.407261 0.214998 0.172407 0.000200 -0.001628 -0.007344 -0.033188 0.230381 1.231724
0.636000 0.407262 0.214997 0.172400 0.000168 -0.001400 -0.006156 -0.030920 0.224759 1.143193
0.637000 0.407262 0.214996 0.172394 0.000138 -0.001178 -0.005058 -0.028500 0.216264 1.050216
0.638000 0.407262 0.214995 0.172390 0.000111 -0.000967 -0.004055 -0.025929 0.204815 0.952688
0.639000 0.407262 0.214994 0.172386 0.000086 -0.000769 -0.003152 -0.012303 0.099170 0.451385
0.640000 0.407262 0.214993 0.172383 0.000086 -0.000769 -0.003152 -0.012303 0.099170 0.451385
