0.000000 0.672325 -0.196849 0.137115 -0.002452 -0.009922 0.018818 -0.520028 0.206624 0.671240
0.001000 0.672323 -0.196859 0.137133 -0.002452 -0.009922 0.018818 -0.520028 0.206624 0.671240
0.002000 0.672320 -0.196869 0.137153 -0.003492 -0.009509 0.020160 -1.061919 0.427122 1.362491
0.003000 0.672316 -0.196878 0.137174 -0.004576 -0.009068 0.021543 -1.106091 0.455237 1.402686
0.004000 0.672310 -0.196887 0.137196 -0.005704 -0.008599 0.022966 -1.151153 0.484080 1.443203
0.005000 0.672304 -0.196895 0.137220 -0.006878 -0.008100 0.024429 -1.197101 0.513635 1.483994
0.006000 0.672297 -0.196903 0.137245 -0.008098 -0.007571 0.025934 -1.243928 0.543875 1.525004
0.007000 0.672288 -0.196910 0.137271 -0.009366 -0.007012 0.027479 -1.291627 0.574782 1.566195
0.008000 0.672278 -0.196917 0.137300 -0.010682 -0.006422 0.029066 -1.340190 0.606354 1.607554
0.009000 0.672267 -0.196923 0.137330 -0.012046 -0.005799 0.030694 -1.389606 0.638594 1.649086
0.010000 0.672254 -0.196929 0.137361 -0.013461 -0.005145 0.032364 -1.439864 0.671510 1.690790
0.011000 0.672240 -0.196934 0.137394 -0.014926 -0.004456 0.034076 -1.490953 0.705106 1.732655
0.012000 0.672224 -0.196938 0.137429 -0.016443 -0.003734 0.035829 -1.542857 0.739387 1.774675
0.013000 0.672207 -0.196941 0.137466 -0.018012 -0.002978 0.037625 -1.595564 0.774358 1.816851
0.014000 0.672188 -0.196944 0.137505 -0.019634 -0.002186 0.039463 -1.649068 0.810020 1.859173
0.015000 0.672168 -0.196945 0.137545 -0.021310 -0.001358 0.041344 -1.703374 0.846377 1.901613
0.016000 0.672145 -0.196946 0.137587 -0.023041 -0.000493 0.043266 -1.758497 0.883431 1.944134
0.017000 0.672121 -0.196946 0.137631 -0.024827 0.000409 0.045232 -1.814442 0.921184 1.986696
0.018000 0.672096 -0.196946 0.137678 -0.026670 0.001350 0.047240 -1.871195 0.959646 2.029265
0.019000 0.672068 -0.196944 0.137726 -0.028569 0.002329 0.049290 -1.928733 0.998842 2.071823
0.020000 0.672039 -0.196941 0.137776 -0.030527 0.003347 0.051383 -1.987029 1.038804 2.114358
0.021000 0.672007 -0.196937 0.137829 -0.032543 0.004406 0.053519 -2.046053 1.079556 2.156856
0.022000 0.671974 -0.196932 0.137883 -0.034619 0.005506 0.055697 -2.105776 1.121103 2.199302
0.023000 0.671938 -0.196926 0.137940 -0.036755 0.006648 0.057918 -2.166164 1.163442 2.241678
0.024000 0.671900 -0.196919 0.137999 -0.038951 0.007833 0.060181 -2.227187 1.206568 2.283956
0.025000 0.671860 -0.196910 0.138060 -0.041209 0.009062 0.062486 -2.288826 1.250473 2.326100
0.026000 0.671818 -0.196901 0.138124 -0.043529 0.010334 0.064833 -2.351096 1.295149 2.368077
0.027000 0.671773 -0.196890 0.138190 -0.045911 0.011652 0.067222 -2.414021 1.340587 2.409860
0.028000 0.671726 -0.196877 0.138259 -0.048357 0.013015 0.069652 -2.477609 1.386776 2.451420
0.029000 0.671676 -0.196864 0.138329 -0.050867 0.014425 0.072125 -2.541835 1.433704 2.492728
0.030000 0.671624 -0.196848 0.138403 -0.053441 0.015883 0.074638 -2.606654 1.481357 2.533748
0.031000 0.671569 -0.196832 0.138479 -0.056080 0.017388 0.077192 -2.672018 1.529723 2.574439
0.032000 0.671512 -0.196814 0.138557 -0.058785 0.018942 0.079787 -2.737894 1.578794 2.614757
0.033000 0.671452 -0.196794 0.138638 -0.061556 0.020546 0.082422 -2.804278 1.628580 2.654678
0.034000 0.671389 -0.196773 0.138722 -0.064393 0.022199 0.085096 -2.871181 1.679096 2.694195
0.035000 0.671323 -0.196750 0.138808 -0.067298 0.023904 0.087810 -2.938614 1.730357 2.733298
0.036000 0.671254 -0.196725 0.138898 -0.070271 0.025660 0.090563 -3.006583 1.782376 2.771973
0.037000 0.671182 -0.196698 0.138990 -0.073311 0.027469 0.093354 -3.075094 1.835165 2.810206
0.038000 0.671108 -0.196670 0.139084 -0.076421 0.029330 0.096183 -3.144130 1.888723 2.847961
0.039000 0.671030 -0.196640 0.139182 -0.079600 0.031246 0.099050 -3.213660 1.943033 2.885186
0.040000 0.670948 -0.196607 0.139282 -0.082848 0.033216 0.101954 -3.283661 1.998067 2.921841
0.041000 0.670864 -0.196573 0.139386 -0.086167 0.035242 0.104894 -3.354126 2.053795 2.957899
0.042000 0.670776 -0.196537 0.139492 -0.089556 0.037324 0.107869 -3.425045 2.110195 2.993330
0.043000 0.670685 -0.196498 0.139602 -0.093017 0.039463 0.110880 -3.496403 2.167256 3.028102
0.044000 0.670590 -0.196458 0.139714 -0.096549 0.041659 0.113926 -3.568182 2.224975 3.062179
0.045000 0.670492 -0.196415 0.139829 -0.100153 0.043913 0.117005 -3.640346 2.283342 3.095511
0.046000 0.670390 -0.196370 0.139948 -0.103830 0.046225 0.120117 -3.712850 2.342345 3.128045
0.047000 0.670284 -0.196323 0.140070 -0.107579 0.048597 0.123261 -3.785675 2.401994 3.159772
0.048000 0.670175 -0.196273 0.140195 -0.111401 0.051029 0.126436 -3.858820 2.462309 3.190709
0.049000 0.670061 -0.196221 0.140323 -0.115297 0.053522 0.129642 -3.932259 2.523294 3.220841
0.050000 0.669944 -0.196166 0.140454 -0.119266 0.056076 0.132878 -4.005943 2.584930 3.250116
0.051000 0.669823 -0.196109 0.140588 -0.123309 0.058692 0.136142 -4.079839 2.647192 3.278488
0.052000 0.669697 -0.196049 0.140726 -0.127425 0.061370 0.139435 -4.153937 2.710061 3.305934
0.053000 0.669568 -0.195986 0.140867 -0.131616 0.064112 0.142754 -4.228222 2.773524 3.332426
0.054000 0.669434 -0.195920 0.141012 -0.135882 0.066917 0.146100 -4.302673 2.837581 3.357934
0.055000 0.669296 -0.195852 0.141159 -0.140222 0.069787 0.149470 -4.377269 2.902239 3.382424
0.056000 0.669154 -0.195781 0.141311 -0.144636 0.072722 0.152864 -4.451959 2.967487 3.405836
0.057000 0.669007 -0.195706 0.141465 -0.149126 0.075722 0.156282 -4.526685 3.033306 3.428106
0.058000 0.668855 -0.195629 0.141623 -0.153690 0.078788 0.159721 -4.601439 3.099705 3.449214
0.059000 0.668699 -0.195549 0.141785 -0.158329 0.081921 0.163180 -4.676241 3.166709 3.469178
0.060000 0.668539 -0.195465 0.141949 -0.163042 0.085122 0.166659 -4.751074 3.234319 3.487975
0.061000 0.668373 -0.195379 0.142118 -0.167831 0.088390 0.170156 -4.825874 3.302494 3.505548
0.062000 0.668203 -0.195289 0.142290 -0.172694 0.091727 0.173670 -4.900588 3.371180 3.521868
0.063000 0.668028 -0.195195 0.142465 -0.177632 0.095132 0.177200 -4.975196 3.440330 3.536945
0.064000 0.667848 -0.195098 0.142644 -0.182644 0.098607 0.180744 -5.049680 3.509919 3.550775
0.065000 0.667663 -0.194998 0.142827 -0.187731 0.102152 0.184301 -5.124032 3.579964 3.563337
0.066000 0.667472 -0.194894 0.143013 -0.192892 0.105767 0.187871 -5.198249 3.650506 3.574598
0.067000 0.667277 -0.194786 0.143202 -0.198128 0.109453 0.191451 -5.272284 3.721551 3.584490
0.068000 0.667076 -0.194675 0.143396 -0.203437 0.113210 0.195040 -5.346069 3.793064 3.592940
0.069000 0.666870 -0.194560 0.143593 -0.208820 0.117039 0.198636 -5.419596 3.865022 3.599946
0.070000 0.666658 -0.194441 0.143793 -0.214276 0.120940 0.202240 -5.492902 3.937413 3.605553
0.071000 0.666441 -0.194318 0.143997 -0.219806 0.124914 0.205848 -5.565968 4.010205 3.609755
0.072000 0.666219 -0.194191 0.144205 -0.225408 0.128961 0.209459 -5.638704 4.083349 3.612486
0.073000 0.665991 -0.194060 0.144416 -0.231083 0.133081 0.213073 -5.711033 4.156829 3.613709
0.074000 0.665757 -0.193925 0.144631 -0.236830 0.137275 0.216686 -5.782903 4.230653 3.613421
0.075000 0.665517 -0.193786 0.144849 -0.242649 0.141542 0.220299 -5.854224 4.304799 3.611575
0.076000 0.665271 -0.193642 0.145071 -0.248539 0.145884 0.223910 -5.924872 4.379224 3.608081
0.077000 0.665020 -0.193494 0.145297 -0.254499 0.150301 0.227516 -5.994772 4.453920 3.602887
0.078000 0.664762 -0.193341 0.145526 -0.260528 0.154792 0.231115 -6.063880 4.528915 3.595975
0.079000 0.664499 -0.193184 0.145759 -0.266626 0.159358 0.234707 -6.132117 4.604195 3.587291
0.080000 0.664229 -0.193023 0.145996 -0.272792 0.164000 0.238290 -6.199388 4.679709 3.576761
0.081000 0.663953 -0.192856 0.146236 -0.279025 0.168718 0.241861 -6.265695 4.755436 3.564394
0.082000 0.663671 -0.192685 0.146480 -0.285324 0.173511 0.245419 -6.331122 4.831389 3.550278
0.083000 0.663383 -0.192509 0.146727 -0.291687 0.178381 0.248962 -6.395721 4.907571 3.534497
0.084000 0.663088 -0.192328 0.146977 -0.298115 0.183326 0.252488 -6.459490 4.983963 3.517130
0.085000 0.662786 -0.192143 0.147232 -0.304606 0.188349 0.255996 -6.522398 5.060534 3.498254
0.086000 0.662478 -0.191952 0.147489 -0.311160 0.193447 0.259484 -6.584343 5.137215 3.477865
0.087000 0.662164 -0.191756 0.147751 -0.317775 0.198623 0.262952 -6.645189 5.213935 3.455884
0.088000 0.661843 -0.191555 0.148015 -0.324450 0.203875 0.266396 -6.704872 5.290685 3.432277
0.089000 0.661515 -0.191348 0.148283 -0.331185 0.209204 0.269816 -6.763384 5.367509 3.407058
0.090000 0.661181 -0.191136 0.148555 -0.337977 0.214610 0.273210 -6.820655 5.444395 3.380189
0.091000 0.660839 -0.190919 0.148830 -0.344826 0.220093 0.276576 -6.876574 5.521279 3.351610
0.092000 0.660491 -0.190696 0.149108 -0.351730 0.225653 0.279913 -6.931129 5.598140 3.321373
0.093000 0.660136 -0.190468 0.149390 -0.358688 0.231289 0.283219 -6.984388 5.674999 3.289614
0.094000 0.659774 -0.190233 0.149675 -0.365699 0.237003 0.286493 -7.036329 5.751820 3.256383
0.095000 0.659404 -0.189993 0.149963 -0.372761 0.242793 0.289732 -7.086822 5.828510 3.221626
0.096000 0.659028 -0.189748 0.150254 -0.379873 0.248660 0.292936 -7.135783 5.904998 3.185338
0.097000 0.658645 -0.189496 0.150549 -0.387033 0.254603 0.296103 -7.183184 5.981249 3.147574
0.098000 0.658254 -0.189239 0.150846 -0.394239 0.260622 0.299231 -7.228929 6.057187 3.108318
0.099000 0.657856 -0.188975 0.151147 -0.401491 0.266717 0.302319 -7.272859 6.132712 3.067474
0.100000 0.657451 -0.188705 0.151451 -0.408785 0.272888 0.305366 -7.314911 6.207809 3.024994
0.101000 0.657039 -0.188429 0.151758 -0.416120 0.279133 0.308369 -7.355126 6.282536 2.980913
0.102000 0.656619 -0.188147 0.152068 -0.423495 0.285453 0.311328 -7.393569 6.356944 2.935303
0.103000 0.656192 -0.187858 0.152380 -0.430907 0.291847 0.314240 -7.430363 6.431080 2.888311
0.104000 0.655757 -0.187563 0.152696 -0.438356 0.298315 0.317104 -7.465656 6.504983 2.840124
0.105000 0.655315 -0.187262 0.153015 -0.445839 0.304857 0.319920 -7.499451 6.578609 2.790810
0.106000 0.654865 -0.186953 0.153336 -0.453355 0.311472 0.322686 -7.531605 6.651837 2.740326
0.107000 0.654408 -0.186639 0.153660 -0.460902 0.318161 0.325401 -7.562011 6.724586 2.688688
0.108000 0.653943 -0.186317 0.153987 -0.468479 0.324921 0.328063 -7.590632 6.796821 2.635988
0.109000 0.653471 -0.185989 0.154316 -0.476083 0.331754 0.330673 -7.617347 6.868454 2.582233
0.110000 0.652991 -0.185654 0.154648 -0.483713 0.338658 0.333228 -7.641970 6.939367 2.527336
0.111000 0.652504 -0.185312 0.154983 -0.491367 0.345633 0.335727 -7.664437 7.009555 2.471274
0.112000 0.652009 -0.184962 0.155320 -0.499042 0.352677 0.338170 -7.684782 7.079091 2.414096
0.113000 0.651506 -0.184606 0.155659 -0.506737 0.359791 0.340556 -7.702939 7.147963 2.355779
0.114000 0.650995 -0.184243 0.156001 -0.514448 0.366973 0.342882 -7.718775 7.216067 2.296270
0.115000 0.650477 -0.183872 0.156345 -0.522174 0.374223 0.345148 -7.732327 7.283375 2.235660
0.116000 0.649951 -0.183494 0.156691 -0.529913 0.381540 0.347353 -7.743772 7.349934 2.174160
0.117000 0.649417 -0.183109 0.157039 -0.537662 0.388923 0.349497 -7.753132 7.415700 2.111862
0.118000 0.648875 -0.182717 0.157390 -0.545419 0.396372 0.351577 -7.760256 7.480519 2.048722
0.119000 0.648326 -0.182316 0.157743 -0.553182 0.403884 0.353594 -7.765058 7.544286 1.984756
0.120000 0.647769 -0.181909 0.158097 -0.560949 0.411460 0.355547 -7.767576 7.606974 1.920082
0.121000 0.647204 -0.181493 0.158454 -0.568718 0.419098 0.357434 -7.767859 7.668583 1.854799
0.122000 0.646632 -0.181071 0.158812 -0.576485 0.426797 0.359256 -7.765980 7.729167 1.788971
0.123000 0.646051 -0.180640 0.159172 -0.584249 0.434557 0.361012 -7.762018 7.788808 1.722646
0.124000 0.645463 -0.180201 0.159534 -0.592009 0.442375 0.362701 -7.755908 7.847468 1.655783
0.125000 0.644867 -0.179755 0.159898 -0.599761 0.450251 0.364324 -7.747505 7.905015 1.588327
0.126000 0.644264 -0.179301 0.160263 -0.607504 0.458185 0.365878 -7.736871 7.961421 1.520399
0.127000 0.643652 -0.178839 0.160629 -0.615235 0.466174 0.367364 -7.724233 8.016752 1.452257
0.128000 0.643033 -0.178369 0.160997 -0.622952 0.474218 0.368783 -7.709640 8.070962 1.384024
0.129000 0.642406 -0.177890 0.161367 -0.630654 0.482316 0.370132 -7.692927 8.123867 1.315657
0.130000 0.641772 -0.177404 0.161738 -0.638338 0.490466 0.371414 -7.674009 8.175332 1.247159
0.131000 0.641130 -0.176909 0.162110 -0.646002 0.498667 0.372627 -7.652913 8.225292 1.178609
0.132000 0.640480 -0.176407 0.162483 -0.653644 0.506917 0.373771 -7.629535 8.273601 1.109996
0.133000 0.639822 -0.175896 0.162857 -0.661261 0.515214 0.374847 -7.603660 8.320076 1.041201
0.134000 0.639157 -0.175376 0.163233 -0.668851 0.523557 0.375854 -7.575241 8.364698 0.972161
0.135000 0.638485 -0.174848 0.163609 -0.676412 0.531943 0.376791 -7.544422 8.407604 0.902915
0.136000 0.637804 -0.174312 0.163986 -0.683940 0.540372 0.377659 -7.511384 8.448932 0.833561
0.137000 0.637117 -0.173768 0.164364 -0.691435 0.548841 0.378458 -7.476378 8.488829 0.764302
0.138000 0.636422 -0.173215 0.164743 -0.698893 0.557350 0.379188 -7.439688 8.527440 0.695401
0.139000 0.635719 -0.172653 0.165123 -0.706314 0.565896 0.379849 -7.401364 8.564736 0.626968
0.140000 0.635009 -0.172083 0.165503 -0.713696 0.574479 0.380442 -7.361232 8.600517 0.558951
0.141000 0.634292 -0.171504 0.165884 -0.721037 0.583097 0.380967 -7.319232 8.634640 0.491341
0.142000 0.633567 -0.170917 0.166265 -0.728334 0.591749 0.381425 -7.275446 8.667053 0.424209
0.143000 0.632835 -0.170321 0.166646 -0.735587 0.600431 0.381815 -7.229797 8.697602 0.357535
0.144000 0.632096 -0.169716 0.167028 -0.742794 0.609144 0.382140 -7.182062 8.726083 0.291191
0.145000 0.631349 -0.169102 0.167411 -0.749952 0.617884 0.382398 -7.132197 8.752495 0.225107
0.146000 0.630596 -0.168480 0.167793 -0.757058 0.626649 0.382590 -7.080323 8.776986 0.159284
0.147000 0.629835 -0.167849 0.168176 -0.764112 0.635437 0.382716 -7.026396 8.799551 0.093663
0.148000 0.629068 -0.167209 0.168559 -0.771111 0.644248 0.382777 -6.970236 8.820034 0.028177
0.149000 0.628293 -0.166560 0.168941 -0.778053 0.653078 0.382773 -6.911901 8.838434 -0.037046
0.150000 0.627511 -0.165903 0.169324 -0.784935 0.661925 0.382703 -6.851656 8.854901 -0.101730
0.151000 0.626723 -0.165237 0.169707 -0.791756 0.670787 0.382569 -6.789552 8.869409 -0.165746
0.152000 0.625928 -0.164561 0.170089 -0.798514 0.679664 0.382372 -6.725401 8.881718 -0.229148
0.153000 0.625126 -0.163877 0.170472 -0.805207 0.688551 0.382111 -6.659166 8.891642 -0.291973
0.154000 0.624318 -0.163184 0.170854 -0.811832 0.697447 0.381788 -6.591033 8.899138 -0.354165
0.155000 0.623502 -0.162482 0.171235 -0.818389 0.706349 0.381403 -6.521187 8.904239 -0.415678
0.156000 0.622681 -0.161772 0.171616 -0.824875 0.715255 0.380956 -6.449823 8.907123 -0.476482
0.157000 0.621853 -0.161052 0.171997 -0.831288 0.724163 0.380450 -6.377137 8.908044 -0.536554
0.158000 0.621018 -0.160323 0.172377 -0.837629 0.733071 0.379883 -6.303093 8.907035 -0.595954
0.159000 0.620177 -0.159586 0.172757 -0.843895 0.741977 0.379258 -6.227487 8.903935 -0.654756
0.160000 0.619330 -0.158839 0.173136 -0.850084 0.750879 0.378574 -6.150365 8.898761 -0.712854
0.161000 0.618477 -0.158084 0.173514 -0.856195 0.759775 0.377832 -6.071989 8.891703 -0.770004
0.162000 0.617618 -0.157320 0.173891 -0.862228 0.768663 0.377034 -5.992392 8.882750 -0.826096
0.163000 0.616753 -0.156547 0.174268 -0.868180 0.777540 0.376180 -5.911359 8.871645 -0.881204
0.164000 0.615882 -0.155765 0.174644 -0.874051 0.786406 0.375271 -5.828842 8.858216 -0.935382
0.165000 0.615005 -0.154974 0.175019 -0.879838 0.795257 0.374309 -5.744977 8.842417 -0.988624
0.166000 0.614122 -0.154174 0.175392 -0.885541 0.804091 0.373294 -5.659699 8.824063 -1.040997
0.167000 0.613234 -0.153366 0.175765 -0.891157 0.812905 0.372227 -5.572751 8.802907 -1.092651
0.168000 0.612340 -0.152548 0.176137 -0.896686 0.821697 0.371109 -5.484080 8.778985 -1.143677
0.169000 0.611440 -0.151722 0.176507 -0.902125 0.830463 0.369940 -5.393894 8.752610 -1.194065
0.170000 0.610535 -0.150887 0.176877 -0.907474 0.839202 0.368721 -5.302439 8.724081 -1.243737
0.171000 0.609625 -0.150044 0.177245 -0.912730 0.847911 0.367452 -5.210031 8.693693 -1.292493
0.172000 0.608710 -0.149192 0.177612 -0.917894 0.856589 0.366136 -5.117025 8.661728 -1.340063
0.173000 0.607789 -0.148331 0.177977 -0.922964 0.865235 0.364772 -5.023472 8.628189 -1.386328
0.174000 0.606864 -0.147461 0.178341 -0.927941 0.873846 0.363363 -4.929150 8.592797 -1.431359
0.175000 0.605934 -0.146583 0.178704 -0.932823 0.882420 0.361909 -4.834006 8.555368 -1.475224
0.176000 0.604998 -0.145696 0.179065 -0.937609 0.890956 0.360412 -4.738187 8.515864 -1.517939
0.177000 0.604058 -0.144801 0.179425 -0.942299 0.899452 0.358873 -4.641627 8.474092 -1.559583
0.178000 0.603114 -0.143897 0.179783 -0.946892 0.907904 0.357293 -4.544052 8.429780 -1.600315
0.179000 0.602165 -0.142985 0.180139 -0.951387 0.916311 0.355673 -4.445410 8.382981 -1.640236
0.180000 0.601211 -0.142065 0.180494 -0.955783 0.924670 0.354013 -4.345926 8.334055 -1.679359
0.181000 0.600253 -0.141136 0.180847 -0.960079 0.932980 0.352314 -4.245852 8.283355 -1.717626
0.182000 0.599291 -0.140199 0.181199 -0.964275 0.941237 0.350578 -4.145500 8.231224 -1.754857
0.183000 0.598324 -0.139253 0.181548 -0.968370 0.949442 0.348804 -4.045210 8.177998 -1.790802
0.184000 0.597354 -0.138300 0.181896 -0.972365 0.957593 0.346996 -3.945014 8.123693 -1.825352
0.185000 0.596380 -0.137338 0.182242 -0.976260 0.965689 0.345154 -3.844671 8.068001 -1.858581
0.186000 0.595402 -0.136369 0.182587 -0.980054 0.973729 0.343279 -3.744132 8.010708 -1.890568
0.187000 0.594420 -0.135391 0.182929 -0.983748 0.981711 0.341373 -3.643568 7.951753 -1.921343
0.188000 0.593434 -0.134405 0.183269 -0.987342 0.989633 0.339436 -3.542918 7.890916 -1.950998
0.189000 0.592445 -0.133412 0.183608 -0.990834 0.997493 0.337471 -3.441896 7.827918 -1.979700
0.190000 0.591452 -0.132410 0.183944 -0.994225 1.005288 0.335477 -3.340434 7.762882 -2.007587
0.191000 0.590456 -0.131401 0.184279 -0.997515 1.013018 0.333455 -3.238749 7.696292 -2.034722
0.192000 0.589457 -0.130384 0.184611 -1.000703 1.020681 0.331407 -3.137079 7.628608 -2.061087
0.193000 0.588455 -0.129360 0.184942 -1.003789 1.028276 0.329333 -3.035704 7.560250 -2.086529
0.194000 0.587450 -0.128328 0.185270 -1.006774 1.035802 0.327234 -2.934927 7.491616 -2.110813
0.195000 0.586442 -0.127288 0.185596 -1.009659 1.043259 0.325112 -2.834747 7.422742 -2.133838
0.196000 0.585430 -0.126241 0.185920 -1.012444 1.050647 0.322967 -2.734905 7.353298 -2.155677
0.197000 0.584417 -0.125187 0.186242 -1.015129 1.057965 0.320800 -2.635369 7.283044 -2.176414
0.198000 0.583400 -0.124125 0.186562 -1.017714 1.065213 0.318614 -2.536342 7.211905 -2.196092
0.199000 0.582381 -0.123056 0.186879 -1.020201 1.072389 0.316408 -2.437782 7.139634 -2.214805
0.200000 0.581360 -0.121980 0.187195 -1.022590 1.079492 0.314184 -2.339401 7.065924 -2.232711
0.201000 0.580336 -0.120897 0.187508 -1.024880 1.086521 0.311943 -2.241130 6.990896 -2.249924
0.202000 0.579310 -0.119807 0.187818 -1.027072 1.093474 0.309684 -2.143190 6.915060 -2.266488
0.203000 0.578282 -0.118710 0.188127 -1.029167 1.100351 0.307410 -2.045825 6.838895 -2.282385
0.204000 0.577252 -0.117607 0.188433 -1.031164 1.107152 0.305120 -1.949322 6.762824 -2.297487
0.205000 0.576220 -0.116496 0.188737 -1.033065 1.113877 0.302815 -1.853995 6.687241 -2.311604
0.206000 0.575186 -0.115379 0.189039 -1.034872 1.120526 0.300496 -1.759842 6.612160 -2.324665
0.207000 0.574150 -0.114255 0.189338 -1.036585 1.127101 0.298165 -1.666612 6.537216 -2.336748
0.208000 0.573112 -0.113125 0.189635 -1.038205 1.133601 0.295823 -1.574301 6.462148 -2.347944
0.209000 0.572073 -0.111988 0.189930 -1.039734 1.140025 0.293469 -1.483156 6.386876 -2.358303
0.210000 0.571033 -0.110845 0.190222 -1.041171 1.146375 0.291106 -1.393165 6.311137 -2.367925
0.211000 0.569991 -0.109695 0.190512 -1.042520 1.152648 0.288734 -1.304039 6.234613 -2.376961
0.212000 0.568948 -0.108539 0.190800 -1.043780 1.158844 0.286352 -1.215693 6.157459 -2.385530
0.213000 0.567904 -0.107377 0.191085 -1.044951 1.164963 0.283963 -1.128264 6.080180 -2.393707
0.214000 0.566858 -0.106209 0.191368 -1.046036 1.171004 0.281565 -1.041666 6.002942 -2.401595
0.215000 0.565811 -0.105035 0.191648 -1.047035 1.176969 0.279159 -0.955604 5.925546 -2.409276
0.216000 0.564764 -0.103855 0.191926 -1.047947 1.182855 0.276746 -0.870058 5.848050 -2.416682
0.217000 0.563716 -0.102670 0.192201 -1.048775 1.188665 0.274326 -0.785266 5.770801 -2.423641
0.218000 0.562666 -0.101478 0.192474 -1.049518 1.194397 0.271899 -0.701213 5.693819 -2.430079
0.219000 0.561617 -0.100281 0.192745 -1.050177 1.200052 0.269466 -0.617630 5.616718 -2.436058
0.220000 0.560566 -0.099078 0.193013 -1.050753 1.205630 0.267027 -0.534501 5.539222 -2.441640
0.221000 0.559515 -0.097870 0.193279 -1.051246 1.211131 0.264583 -0.452060 5.461246 -2.446850
0.222000 0.558464 -0.096656 0.193543 -1.051657 1.216553 0.262133 -0.370285 5.382513 -2.451757
0.223000 0.557412 -0.095436 0.193803 -1.051987 1.221896 0.259679 -0.288886 5.302678 -2.456486
0.224000 0.556360 -0.094212 0.194062 -1.052235 1.227158 0.257220 -0.207794 5.221881 -2.461126
0.225000 0.555307 -0.092982 0.194318 -1.052402 1.232340 0.254757 -0.127172 5.140628 -2.465725
0.226000 0.554255 -0.091747 0.194571 -1.052489 1.237439 0.252289 -0.046950 5.059076 -2.470361
0.227000 0.553202 -0.090507 0.194823 -1.052496 1.242458 0.249816 0.033164 4.977010 -2.475108
0.228000 0.552150 -0.089262 0.195071 -1.052423 1.247394 0.247339 0.113192 4.894506 -2.479920
0.229000 0.551097 -0.088012 0.195317 -1.052270 1.252247 0.244856 0.192902 4.811947 -2.484664
0.230000 0.550045 -0.086758 0.195561 -1.052037 1.257017 0.242369 0.272312 4.729369 -2.489291
0.231000 0.548993 -0.085498 0.195802 -1.051725 1.261705 0.239878 0.351682 4.646354 -2.493865
0.232000 0.547942 -0.084234 0.196041 -1.051334 1.266310 0.237382 0.431005 4.562572 -2.498448
0.233000 0.546891 -0.082966 0.196277 -1.050863 1.270831 0.234881 0.509955 4.477967 -2.503056
0.234000 0.545840 -0.081693 0.196510 -1.050314 1.275266 0.232375 0.588231 4.392661 -2.507697
0.235000 0.544790 -0.080415 0.196741 -1.049687 1.279616 0.229865 0.665576 4.307090 -2.512358
0.236000 0.543741 -0.079134 0.196970 -1.048983 1.283880 0.227351 0.741759 4.221865 -2.517016
0.237000 0.542692 -0.077848 0.197196 -1.048203 1.288060 0.224831 0.816849 4.137172 -2.521700
0.238000 0.541644 -0.076557 0.197420 -1.047349 1.292155 0.222307 0.891144 4.052798 -2.526467
0.239000 0.540597 -0.075263 0.197641 -1.046421 1.296165 0.219778 0.964687 3.968824 -2.531294
0.240000 0.539551 -0.073965 0.197859 -1.045420 1.300092 0.217245 1.037275 3.885656 -2.536090
0.241000 0.538507 -0.072663 0.198075 -1.044346 1.303937 0.214706 1.108946 3.803335 -2.540829
0.242000 0.537463 -0.071357 0.198289 -1.043202 1.307699 0.212163 1.179962 3.721439 -2.545567
0.243000 0.536420 -0.070048 0.198500 -1.041986 1.311379 0.209615 1.250311 3.639646 -2.550345
0.244000 0.535379 -0.068734 0.198708 -1.040701 1.314978 0.207062 1.319717 3.557835 -2.555163
0.245000 0.534339 -0.067418 0.198914 -1.039347 1.318495 0.204505 1.388166 3.475685 -2.560061
0.246000 0.533300 -0.066097 0.199117 -1.037925 1.321930 0.201942 1.455928 3.392811 -2.565106
0.247000 0.532263 -0.064774 0.199318 -1.036435 1.325281 0.199375 1.523057 3.309360 -2.570307
0.248000 0.531227 -0.063447 0.199516 -1.034879 1.328548 0.196802 1.589375 3.225878 -2.575622
0.249000 0.530193 -0.062117 0.199711 -1.033256 1.331732 0.194223 1.654938 3.142535 -2.581052
0.250000 0.529161 -0.060783 0.199904 -1.031569 1.334833 0.191640 1.720030 3.059107 -2.586635
0.251000 0.528130 -0.059447 0.200094 -1.029816 1.337851 0.189050 1.784678 2.975685 -2.592343
0.252000 0.527101 -0.058108 0.200282 -1.028000 1.340785 0.186455 1.848665 2.892701 -2.598090
0.253000 0.526074 -0.056766 0.200467 -1.026119 1.343636 0.183854 1.912009 2.810212 -2.603843
0.254000 0.525049 -0.055420 0.200650 -1.024175 1.346405 0.181247 1.974957 2.727796 -2.609642
0.255000 0.524026 -0.054073 0.200830 -1.022169 1.349092 0.178635 2.037478 2.645148 -2.615497
0.256000 0.523004 -0.052722 0.201007 -1.020101 1.351695 0.176016 2.099278 2.562178 -2.621379
0.257000 0.521985 -0.051369 0.201182 -1.017971 1.354216 0.173392 2.160325 2.478582 -2.627295
0.258000 0.520969 -0.050014 0.201354 -1.015780 1.356653 0.170762 2.220878 2.393981 -2.633272
0.259000 0.519954 -0.048656 0.201523 -1.013529 1.359004 0.168125 2.280996 2.308543 -2.639264
0.260000 0.518941 -0.047296 0.201690 -1.011218 1.361270 0.165483 2.340513 2.222848 -2.645164
0.261000 0.517931 -0.045933 0.201854 -1.008848 1.363450 0.162835 2.399489 2.137087 -2.650921
0.262000 0.516924 -0.044569 0.202016 -1.006419 1.365544 0.160181 2.458216 2.051034 -2.656564
0.263000 0.515919 -0.043202 0.202175 -1.003931 1.367552 0.157522 2.516751 1.964779 -2.662109
0.264000 0.514916 -0.041834 0.202331 -1.001385 1.369473 0.154857 2.574917 1.878758 -2.667540
0.265000 0.513916 -0.040463 0.202484 -0.998782 1.371309 0.152187 2.632761 1.793028 -2.672872
0.266000 0.512918 -0.039091 0.202635 -0.996120 1.373059 0.149511 2.690523 1.707159 -2.678143
0.267000 0.511924 -0.037717 0.202783 -0.993400 1.374724 0.146830 2.748148 1.620846 -2.683338
0.268000 0.510932 -0.036342 0.202929 -0.990624 1.376301 0.144145 2.805314 1.534009 -2.688398
0.269000 0.509942 -0.034965 0.203072 -0.987790 1.377792 0.141454 2.861962 1.446345 -2.693301
0.270000 0.508956 -0.033586 0.203212 -0.984900 1.379194 0.138758 2.918321 1.357461 -2.698051
0.271000 0.507973 -0.032206 0.203349 -0.981953 1.380507 0.136058 2.974421 1.267503 -2.702599
0.272000 0.506992 -0.030825 0.203484 -0.978951 1.381729 0.133353 3.030066 1.177032 -2.706838
0.273000 0.506015 -0.029443 0.203616 -0.975893 1.382861 0.130644 3.085288 1.086219 -2.710717
0.274000 0.505040 -0.028059 0.203745 -0.972780 1.383901 0.127931 3.140367 0.994828 -2.714263
0.275000 0.504069 -0.026675 0.203872 -0.969612 1.384850 0.125215 3.195380 0.902958 -2.717512
0.276000 0.503101 -0.025290 0.203996 -0.966389 1.385707 0.122496 3.250184 0.811060 -2.720486
0.277000 0.502136 -0.023904 0.204117 -0.963112 1.386472 0.119774 3.304845 0.719204 -2.723222
0.278000 0.501175 -0.022517 0.204235 -0.959780 1.387146 0.117050 3.359599 0.626976 -2.725755
0.279000 0.500217 -0.021129 0.204351 -0.956393 1.387726 0.114323 3.414385 0.534109 -2.728067
0.280000 0.499262 -0.019741 0.204464 -0.952951 1.388214 0.111594 3.468823 0.440672 -2.730091
0.281000 0.498311 -0.018353 0.204574 -0.949455 1.388608 0.108863 3.522564 0.346879 -2.731738
0.282000 0.497363 -0.016964 0.204682 -0.945906 1.388908 0.106130 3.575315 0.253200 -2.732885
0.283000 0.496419 -0.015575 0.204786 -0.942304 1.389114 0.103397 3.626815 0.160253 -2.733390
0.284000 0.495479 -0.014186 0.204888 -0.938652 1.389228 0.100663 3.677093 0.068201 -2.733177
0.285000 0.494542 -0.012797 0.204988 -0.934950 1.389250 0.097931 3.726421 -0.023210 -2.732262
0.286000 0.493609 -0.011407 0.205084 -0.931199 1.389182 0.095199 3.774893 -0.113911 -2.730706
0.287000 0.492679 -0.010018 0.205178 -0.927401 1.389023 0.092469 3.822398 -0.203490 -2.728567
0.288000 0.491754 -0.008629 0.205269 -0.923555 1.388775 0.089742 3.869015 -0.291904 -2.725908
0.289000 0.490832 -0.007241 0.205358 -0.919662 1.388439 0.087017 3.914973 -0.379559 -2.722775
0.290000 0.489914 -0.005852 0.205443 -0.915725 1.388016 0.084296 3.960202 -0.466674 -2.719176
0.291000 0.489001 -0.004465 0.205526 -0.911742 1.387505 0.081579 4.004371 -0.553207 -2.715094
0.292000 0.488091 -0.003077 0.205606 -0.907716 1.386909 0.078866 4.047402 -0.639376 -2.710522
0.293000 0.487185 -0.001691 0.205684 -0.903647 1.386227 0.076158 4.089496 -0.725561 -2.705446
0.294000 0.486284 -0.000305 0.205759 -0.899537 1.385458 0.073455 4.130685 -0.811669 -2.699785
0.295000 0.485386 0.001080 0.205831 -0.895386 1.384603 0.070758 4.170794 -0.897213 -2.693408
0.296000 0.484493 0.002464 0.205900 -0.891195 1.383664 0.068068 4.209860 -0.982079 -2.686234
0.297000 0.483604 0.003847 0.205967 -0.886966 1.382639 0.065386 4.248151 -1.066535 -2.678292
0.298000 0.482719 0.005229 0.206031 -0.882699 1.381531 0.062712 4.285768 -1.150511 -2.669687
0.299000 0.481838 0.006610 0.206092 -0.878395 1.380338 0.060047 4.322621 -1.233586 -2.660550
0.300000 0.480962 0.007990 0.206151 -0.874054 1.379063 0.057391 4.358796 -1.315709 -2.650985
0.301000 0.480090 0.009369 0.206207 -0.869677 1.377707 0.054745 4.394516 -1.397265 -2.641041
0.302000 0.479223 0.010746 0.206261 -0.865265 1.376269 0.052109 4.429715 -1.478439 -2.630698
0.303000 0.478360 0.012121 0.206311 -0.860818 1.374750 0.049483 4.464083 -1.559145 -2.619906
0.304000 0.477501 0.013495 0.206360 -0.856337 1.373151 0.046869 4.497544 -1.639562 -2.608631
0.305000 0.476647 0.014867 0.206405 -0.851823 1.371471 0.044266 4.530281 -1.720060 -2.596837
0.306000 0.475798 0.016238 0.206448 -0.847276 1.369710 0.041675 4.562304 -1.800555 -2.584436
0.307000 0.474953 0.017607 0.206488 -0.842698 1.367870 0.039097 4.593421 -1.880581 -2.571300
0.308000 0.474112 0.018974 0.206526 -0.838089 1.365949 0.036533 4.623646 -1.960034 -2.557351
0.309000 0.473276 0.020339 0.206562 -0.833451 1.363950 0.033982 4.653228 -2.039196 -2.542624
0.310000 0.472445 0.021702 0.206594 -0.828783 1.361871 0.031447 4.682266 -2.118034 -2.527272
0.311000 0.471619 0.023062 0.206624 -0.824086 1.359714 0.028928 4.710688 -2.196175 -2.511498
0.312000 0.470797 0.024421 0.206652 -0.819361 1.357479 0.026424 4.738580 -2.273598 -2.495458
0.313000 0.469980 0.025777 0.206677 -0.814609 1.355166 0.023937 4.766153 -2.350678 -2.479217
0.314000 0.469168 0.027131 0.206700 -0.809829 1.352777 0.021466 4.793342 -2.427555 -2.462785
0.315000 0.468360 0.028483 0.206720 -0.805022 1.350311 0.019011 4.819852 -2.504088 -2.446148
0.316000 0.467558 0.029832 0.206738 -0.800189 1.347769 0.016574 4.845605 -2.580412 -2.429295
0.317000 0.466760 0.031178 0.206753 -0.795331 1.345150 0.014153 4.870772 -2.656894 -2.412192
0.318000 0.465967 0.032522 0.206766 -0.790448 1.342455 0.011749 4.895362 -2.733497 -2.394750
0.319000 0.465179 0.033863 0.206777 -0.785540 1.339683 0.009363 4.919157 -2.809749 -2.376856
0.320000 0.464396 0.035202 0.206785 -0.780610 1.336836 0.006995 4.941977 -2.885182 -2.358480
0.321000 0.463618 0.036537 0.206791 -0.775656 1.333913 0.004646 4.963713 -2.959340 -2.339742
0.322000 0.462845 0.037870 0.206794 -0.770682 1.330917 0.002316 4.984293 -3.031775 -2.320845
0.323000 0.462077 0.039199 0.206795 -0.765688 1.327850 0.000005 5.003832 -3.102461 -2.301945
0.324000 0.461313 0.040525 0.206794 -0.760674 1.324712 -0.002288 5.022527 -3.171745 -2.283105
0.325000 0.460555 0.041848 0.206791 -0.755643 1.321506 -0.004562 5.040293 -3.239715 -2.264334
0.326000 0.459802 0.043168 0.206785 -0.750594 1.318233 -0.006817 5.056815 -3.306163 -2.245628
0.327000 0.459054 0.044485 0.206777 -0.745529 1.314894 -0.009053 5.071994 -3.371176 -2.226976
0.328000 0.458311 0.045798 0.206767 -0.740450 1.311490 -0.011271 5.085988 -3.435107 -2.208328
0.329000 0.457573 0.047108 0.206755 -0.735357 1.308023 -0.013470 5.098831 -3.497964 -2.189573
0.330000 0.456840 0.048414 0.206740 -0.730252 1.304494 -0.015650 5.110393 -3.559424 -2.170562
0.331000 0.456113 0.049717 0.206723 -0.725136 1.300905 -0.017811 5.120713 -3.619486 -2.151193
0.332000 0.455390 0.051016 0.206705 -0.720011 1.297255 -0.019952 5.130032 -3.678469 -2.131490
0.333000 0.454673 0.052311 0.206684 -0.714876 1.293548 -0.022074 5.138477 -3.736387 -2.111633
0.334000 0.453960 0.053603 0.206660 -0.709734 1.289783 -0.024175 5.146032 -3.792938 -2.091871
0.335000 0.453253 0.054891 0.206635 -0.704584 1.285962 -0.026257 5.152809 -3.848135 -2.072388
0.336000 0.452551 0.056175 0.206608 -0.699428 1.282086 -0.028320 5.158997 -3.902313 -2.053240
0.337000 0.451854 0.057455 0.206579 -0.694266 1.278157 -0.030364 5.164531 -3.955525 -2.034413
0.338000 0.451163 0.058731 0.206547 -0.689099 1.274175 -0.032389 5.169138 -4.007522 -2.015880
0.339000 0.450476 0.060003 0.206514 -0.683928 1.270142 -0.034396 5.172738 -4.058350 -1.997606
0.340000 0.449795 0.061271 0.206478 -0.678754 1.266059 -0.036384 5.175470 -4.108340 -1.979539
0.341000 0.449119 0.062535 0.206441 -0.673577 1.261925 -0.038355 5.177338 -4.157507 -1.961592
0.342000 0.448448 0.063795 0.206402 -0.668399 1.257744 -0.040307 5.178185 -4.205552 -1.943663
0.343000 0.447782 0.065051 0.206360 -0.663221 1.253514 -0.042242 5.178021 -4.252481 -1.925674
0.344000 0.447121 0.066302 0.206317 -0.658043 1.249239 -0.044159 5.177057 -4.298610 -1.907648
0.345000 0.446466 0.067549 0.206272 -0.652867 1.244917 -0.046057 5.175410 -4.343961 -1.889742
0.346000 0.445815 0.068792 0.206225 -0.647692 1.240551 -0.047938 5.173073 -4.388253 -1.872185
0.347000 0.445170 0.070031 0.206176 -0.642520 1.236141 -0.049802 5.170153 -4.431500 -1.855136
0.348000 0.444530 0.071264 0.206125 -0.637352 1.231688 -0.051648 5.166817 -4.474012 -1.838639
0.349000 0.443896 0.072494 0.206073 -0.632187 1.227193 -0.053479 5.162996 -4.515794 -1.822685
0.350000 0.443266 0.073719 0.206019 -0.627026 1.222656 -0.055294 5.158423 -4.556550 -1.807257
0.351000 0.442642 0.074939 0.205962 -0.621870 1.218080 -0.057094 5.153014 -4.596281 -1.792324
0.352000 0.442022 0.076155 0.205904 -0.616720 1.213464 -0.058878 5.146899 -4.635311 -1.777833
0.353000 0.441408 0.077366 0.205845 -0.611576 1.208809 -0.060649 5.140100 -4.673702 -1.763703
0.354000 0.440799 0.078573 0.205783 -0.606440 1.204116 -0.062406 5.132503 -4.711243 -1.749841
0.355000 0.440195 0.079774 0.205720 -0.601311 1.199386 -0.064149 5.124137 -4.747991 -1.736176
0.356000 0.439597 0.080971 0.205655 -0.596191 1.194620 -0.065878 5.115202 -4.784273 -1.722718
0.357000 0.439003 0.082164 0.205588 -0.591081 1.189818 -0.067594 5.105815 -4.820113 -1.709605
0.358000 0.438414 0.083351 0.205520 -0.585980 1.184980 -0.069297 5.095974 -4.855246 -1.697044
0.359000 0.437831 0.084534 0.205449 -0.580889 1.180107 -0.070988 5.085782 -4.889686 -1.685176
0.360000 0.437253 0.085711 0.205378 -0.575808 1.175201 -0.072668 5.075399 -4.923717 -1.674035
0.361000 0.436679 0.086884 0.205304 -0.570738 1.170260 -0.074336 5.064773 -4.957320 -1.663614
0.362000 0.436111 0.088052 0.205229 -0.565679 1.165286 -0.075995 5.053681 -4.990175 -1.653911
0.363000 0.435548 0.089215 0.205152 -0.560631 1.160280 -0.077644 5.042056 -5.022261 -1.644902
0.364000 0.434990 0.090372 0.205074 -0.555594 1.155241 -0.079285 5.030009 -5.053884 -1.636521
0.365000 0.434437 0.091525 0.204993 -0.550571 1.150172 -0.080917 5.017534 -5.085130 -1.628670
0.366000 0.433889 0.092673 0.204912 -0.545559 1.145071 -0.082542 5.004490 -5.115832 -1.621238
0.367000 0.433346 0.093815 0.204828 -0.540562 1.139940 -0.084160 4.990879 -5.146072 -1.614131
0.368000 0.432808 0.094953 0.204743 -0.535578 1.134779 -0.085770 4.976882 -5.176178 -1.607329
0.369000 0.432275 0.096085 0.204657 -0.530608 1.129588 -0.087374 4.962633 -5.206200 -1.600927
0.370000 0.431746 0.097212 0.204569 -0.525652 1.124367 -0.088972 4.948176 -5.235916 -1.595077
0.371000 0.431223 0.098333 0.204479 -0.520711 1.119116 -0.090565 4.933632 -5.265358 -1.589877
0.372000 0.430705 0.099450 0.204388 -0.515785 1.113836 -0.092152 4.919155 -5.294794 -1.585343
0.373000 0.430192 0.100561 0.204295 -0.510873 1.108526 -0.093735 4.904690 -5.324173 -1.581472
0.374000 0.429683 0.101667 0.204200 -0.505976 1.103188 -0.095315 4.889995 -5.353092 -1.578277
0.375000 0.429180 0.102768 0.204104 -0.501093 1.097820 -0.096892 4.874857 -5.381201 -1.575742
0.376000 0.428681 0.103863 0.204006 -0.496226 1.092425 -0.098466 4.859118 -5.408252 -1.573804
0.377000 0.428187 0.104952 0.203907 -0.491375 1.087004 -0.100039 4.842652 -5.434050 -1.572372
0.378000 0.427698 0.106037 0.203806 -0.486541 1.081557 -0.101611 4.825484 -5.458704 -1.571363
0.379000 0.427214 0.107115 0.203704 -0.481724 1.076086 -0.103182 4.807786 -5.482547 -1.570748
0.380000 0.426735 0.108189 0.203600 -0.476925 1.070592 -0.104753 4.789667 -5.505652 -1.570608
0.381000 0.426260 0.109257 0.203494 -0.472145 1.065075 -0.106323 4.771154 -5.527842 -1.571077
0.382000 0.425791 0.110319 0.203387 -0.467383 1.059536 -0.107895 4.752344 -5.549171 -1.572238
0.383000 0.425326 0.111376 0.203279 -0.462640 1.053977 -0.109468 4.733369 -5.569901 -1.574086
0.384000 0.424865 0.112427 0.203168 -0.457916 1.048396 -0.111043 4.714176 -5.589980 -1.576606
0.385000 0.424410 0.113473 0.203056 -0.453212 1.042797 -0.112621 4.694568 -5.609072 -1.579791
0.386000 0.423959 0.114513 0.202943 -0.448527 1.037178 -0.114203 4.674479 -5.627121 -1.583610
0.387000 0.423513 0.115547 0.202828 -0.443863 1.031542 -0.115788 4.654002 -5.644395 -1.587981
0.388000 0.423071 0.116576 0.202711 -0.439219 1.025890 -0.117379 4.633156 -5.660994 -1.592798
0.389000 0.422634 0.117599 0.202593 -0.434596 1.020220 -0.118974 4.611863 -5.676797 -1.597948
0.390000 0.422202 0.118616 0.202474 -0.429995 1.014536 -0.120574 4.590144 -5.691906 -1.603327
0.391000 0.421774 0.119628 0.202352 -0.425416 1.008837 -0.122181 4.568146 -5.706639 -1.608891
0.392000 0.421351 0.120634 0.202229 -0.420859 1.003123 -0.123792 4.545955 -5.721082 -1.614698
0.393000 0.420932 0.121634 0.202105 -0.416324 0.997394 -0.125410 4.523573 -5.735096 -1.620867
0.394000 0.420518 0.122629 0.201978 -0.411812 0.991653 -0.127034 4.501078 -5.748749 -1.627460
0.395000 0.420109 0.123617 0.201850 -0.407322 0.985897 -0.128665 4.478586 -5.762286 -1.634456
0.396000 0.419704 0.124600 0.201721 -0.402855 0.980128 -0.130303 4.456069 -5.775646 -1.641819
0.397000 0.419303 0.125578 0.201590 -0.398410 0.974346 -0.131948 4.433377 -5.788494 -1.649525
0.398000 0.418907 0.126549 0.201457 -0.393988 0.968551 -0.133602 4.410471 -5.800767 -1.657523
0.399000 0.418515 0.127515 0.201323 -0.389589 0.962744 -0.135264 4.387442 -5.812727 -1.665726
0.400000 0.418128 0.128475 0.201187 -0.385213 0.956925 -0.136933 4.364311 -5.824510 -1.674034
0.401000 0.417745 0.129429 0.201049 -0.380860 0.951095 -0.138612 4.341016 -5.836068 -1.682347
0.402000 0.417366 0.130377 0.200909 -0.376531 0.945253 -0.140298 4.317580 -5.847537 -1.690567
0.403000 0.416992 0.131319 0.200768 -0.372225 0.939400 -0.141993 4.294139 -5.859229 -1.698630
0.404000 0.416622 0.132255 0.200625 -0.367943 0.933535 -0.143695 4.270781 -5.871224 -1.706553
0.405000 0.416256 0.133186 0.200481 -0.363684 0.927658 -0.145406 4.247525 -5.883379 -1.714401
0.406000 0.415894 0.134111 0.200335 -0.359448 0.921768 -0.147124 4.224451 -5.895751 -1.722192
0.407000 0.415537 0.135030 0.200187 -0.355235 0.915866 -0.148850 4.201664 -5.908569 -1.729887
0.408000 0.415184 0.135943 0.200037 -0.351044 0.909951 -0.150584 4.179141 -5.921784 -1.737452
0.409000 0.414835 0.136850 0.199885 -0.346876 0.904023 -0.152325 4.156748 -5.935094 -1.744878
0.410000 0.414490 0.137751 0.199732 -0.342731 0.898081 -0.154074 4.134451 -5.948447 -1.752122
0.411000 0.414149 0.138646 0.199577 -0.338607 0.892126 -0.155829 4.112330 -5.962087 -1.759084
0.412000 0.413813 0.139535 0.199421 -0.334506 0.886157 -0.157592 4.090413 -5.976140 -1.765645
0.413000 0.413480 0.140418 0.199262 -0.330427 0.880173 -0.159361 4.068655 -5.990554 -1.771689
0.414000 0.413152 0.141295 0.199102 -0.326369 0.874176 -0.161135 4.047081 -6.005453 -1.777096
0.415000 0.412828 0.142166 0.198940 -0.322332 0.868162 -0.162915 4.025797 -6.021132 -1.781794
0.416000 0.412507 0.143032 0.198776 -0.318317 0.862133 -0.164699 4.004846 -6.037679 -1.785803
0.417000 0.412191 0.143891 0.198610 -0.314323 0.856087 -0.166486 3.984181 -6.054931 -1.789209
0.418000 0.411879 0.144744 0.198443 -0.310349 0.850023 -0.168277 3.963731 -6.072674 -1.792071
0.419000 0.411570 0.145591 0.198274 -0.306395 0.843942 -0.170071 3.943393 -6.090612 -1.794397
0.420000 0.411266 0.146432 0.198103 -0.302462 0.837842 -0.171866 3.923044 -6.108402 -1.796170
0.421000 0.410965 0.147266 0.197930 -0.298549 0.831725 -0.173663 3.902657 -6.125978 -1.797330
0.422000 0.410669 0.148095 0.197756 -0.294657 0.825590 -0.175461 3.882312 -6.143564 -1.797770
0.423000 0.410376 0.148918 0.197579 -0.290785 0.819438 -0.177258 3.862048 -6.161272 -1.797376
0.424000 0.410087 0.149734 0.197401 -0.286933 0.813268 -0.179055 3.841844 -6.179054 -1.796046
0.425000 0.409802 0.150544 0.197221 -0.283101 0.807080 -0.180851 3.821738 -6.197027 -1.793669
0.426000 0.409521 0.151348 0.197039 -0.279289 0.800874 -0.182643 3.801824 -6.215469 -1.790161
0.427000 0.409244 0.152146 0.196856 -0.275497 0.794649 -0.184431 3.782131 -6.234484 -1.785527
0.428000 0.408970 0.152937 0.196670 -0.271725 0.788405 -0.186214 3.762605 -6.253948 -1.779835
0.429000 0.408700 0.153723 0.196483 -0.267972 0.782141 -0.187991 3.743183 -6.273678 -1.773133
0.430000 0.408434 0.154502 0.196295 -0.264239 0.775857 -0.189760 3.723781 -6.293394 -1.765438
0.431000 0.408172 0.155274 0.196104 -0.260525 0.769554 -0.191521 3.704303 -6.312760 -1.756747
0.432000 0.407913 0.156041 0.195911 -0.256830 0.763232 -0.193274 3.684735 -6.331701 -1.747007
0.433000 0.407658 0.156801 0.195717 -0.253155 0.756891 -0.195015 3.665147 -6.350423 -1.736113
0.434000 0.407407 0.157555 0.195521 -0.249500 0.750531 -0.196746 3.645566 -6.369053 -1.723961
0.435000 0.407159 0.158302 0.195324 -0.245864 0.744153 -0.198463 3.625966 -6.387578 -1.710460
0.436000 0.406915 0.159043 0.195125 -0.242248 0.737756 -0.200167 3.606370 -6.406126 -1.695508
0.437000 0.406675 0.159777 0.194923 -0.238651 0.731340 -0.201854 3.586866 -6.424960 -1.679012
0.438000 0.406438 0.160506 0.194721 -0.235074 0.724906 -0.203525 3.567494 -6.444173 -1.660959
0.439000 0.406204 0.161227 0.194516 -0.231516 0.718452 -0.205176 3.548232 -6.463645 -1.641400
0.440000 0.405975 0.161942 0.194310 -0.227978 0.711979 -0.206808 3.529039 -6.483219 -1.620376
0.441000 0.405748 0.162651 0.194103 -0.224458 0.705486 -0.208417 3.509836 -6.502670 -1.597910
0.442000 0.405526 0.163353 0.193894 -0.220958 0.698973 -0.210003 3.490526 -6.521729 -1.574016
0.443000 0.405307 0.164049 0.193683 -0.217477 0.692442 -0.211565 3.471085 -6.540359 -1.548652
0.444000 0.405091 0.164738 0.193470 -0.214016 0.685893 -0.213101 3.451563 -6.558746 -1.521723
0.445000 0.404878 0.165421 0.193257 -0.210574 0.679325 -0.214609 3.431978 -6.576983 -1.493162
0.446000 0.404670 0.166097 0.193041 -0.207152 0.672739 -0.216087 3.412287 -6.594983 -1.462943
0.447000 0.404464 0.166766 0.192824 -0.203749 0.666135 -0.217534 3.392454 -6.612657 -1.431065
0.448000 0.404262 0.167429 0.192606 -0.200367 0.659513 -0.218949 3.372456 -6.629908 -1.397573
0.449000 0.404063 0.168085 0.192387 -0.197004 0.652875 -0.220330 3.352274 -6.646631 -1.362533
0.450000 0.403868 0.168735 0.192166 -0.193662 0.646220 -0.221674 3.331936 -6.662889 -1.325948
0.451000 0.403676 0.169378 0.191943 -0.190341 0.639549 -0.222981 3.311500 -6.678845 -1.287755
0.452000 0.403487 0.170014 0.191720 -0.187039 0.632862 -0.224250 3.290964 -6.694452 -1.247930
0.453000 0.403302 0.170644 0.191495 -0.183759 0.626160 -0.225477 3.270265 -6.709452 -1.206503
0.454000 0.403120 0.171266 0.191269 -0.180499 0.619443 -0.226663 3.249344 -6.723648 -1.163495
0.455000 0.402941 0.171882 0.191041 -0.177260 0.612713 -0.227804 3.228153 -6.736958 -1.118911
0.456000 0.402765 0.172492 0.190813 -0.174042 0.605969 -0.228901 3.206651 -6.749362 -1.072743
0.457000 0.402593 0.173094 0.190584 -0.170847 0.599214 -0.229950 3.184846 -6.760988 -1.024938
0.458000 0.402424 0.173690 0.190353 -0.167673 0.592447 -0.230950 3.162783 -6.772057 -0.975425
0.459000 0.402258 0.174279 0.190122 -0.164521 0.585670 -0.231901 3.140465 -6.782636 -0.924220
0.460000 0.402095 0.174862 0.189889 -0.161392 0.578882 -0.232799 3.117841 -6.792616 -0.871417
0.461000 0.401935 0.175437 0.189656 -0.158285 0.572085 -0.233644 3.094865 -6.801855 -0.817113
0.462000 0.401778 0.176006 0.189422 -0.155202 0.565278 -0.234433 3.071505 -6.810159 -0.761401
0.463000 0.401624 0.176568 0.189187 -0.152142 0.558464 -0.235166 3.047733 -6.817302 -0.704373
0.464000 0.401474 0.177123 0.188952 -0.149107 0.551644 -0.235842 3.023563 -6.823246 -0.646042
0.465000 0.401326 0.177671 0.188716 -0.146095 0.544818 -0.236458 2.999040 -6.828154 -0.586343
0.466000 0.401182 0.178212 0.188479 -0.143109 0.537988 -0.237015 2.974171 -6.832141 -0.525239
0.467000 0.401040 0.178747 0.188241 -0.140147 0.531154 -0.237509 2.948922 -6.835196 -0.462753
0.468000 0.400901 0.179275 0.188004 -0.137211 0.524317 -0.237940 2.923262 -6.837297 -0.398937
0.469000 0.400766 0.179795 0.187766 -0.134300 0.517479 -0.238307 2.897172 -6.838395 -0.333883
0.470000 0.400633 0.180310 0.187527 -0.131416 0.510640 -0.238608 2.870642 -6.838429 -0.267713
0.471000 0.400503 0.180817 0.187288 -0.128559 0.503802 -0.238842 2.843692 -6.837462 -0.200464
0.472000 0.400376 0.181317 0.187049 -0.125729 0.496965 -0.239009 2.816367 -6.835642 -0.132096
0.473000 0.400251 0.181811 0.186810 -0.122926 0.490131 -0.239106 2.788682 -6.832969 -0.062625
0.474000 0.400130 0.182297 0.186571 -0.120152 0.483300 -0.239134 2.760617 -6.829291 0.007862
0.475000 0.400011 0.182777 0.186332 -0.117405 0.476472 -0.239091 2.732158 -6.824491 0.079277
0.476000 0.399895 0.183250 0.186093 -0.114687 0.469651 -0.238975 2.703303 -6.818521 0.151531
0.477000 0.399782 0.183717 0.185854 -0.111999 0.462835 -0.238788 2.674057 -6.811370 0.224537
0.478000 0.399671 0.184176 0.185615 -0.109339 0.456028 -0.238526 2.644446 -6.803139 0.298281
0.479000 0.399563 0.184629 0.185377 -0.106710 0.449229 -0.238191 2.614507 -6.794011 0.372814
0.480000 0.399458 0.185074 0.185139 -0.104110 0.442440 -0.237781 2.584239 -6.784073 0.448123
0.481000 0.399355 0.185514 0.184902 -0.101541 0.435661 -0.237295 2.553608 -6.773317 0.524134
0.482000 0.399254 0.185946 0.184665 -0.099003 0.428893 -0.236732 2.522608 -6.761813 0.600830
0.483000 0.399157 0.186371 0.184428 -0.096496 0.422137 -0.236093 2.491265 -6.749687 0.678251
0.484000 0.399061 0.186790 0.184192 -0.094020 0.415394 -0.235376 2.459591 -6.736923 0.756355
0.485000 0.398969 0.187202 0.183957 -0.091577 0.408663 -0.234580 2.427573 -6.723366 0.835018
0.486000 0.398878 0.187607 0.183723 -0.089165 0.401947 -0.233706 2.395205 -6.708899 0.914122
0.487000 0.398790 0.188006 0.183490 -0.086786 0.395246 -0.232752 2.362494 -6.693471 0.993562
0.488000 0.398705 0.188398 0.183258 -0.084440 0.388560 -0.231719 2.329448 -6.677051 1.073229
0.489000 0.398621 0.188783 0.183026 -0.082127 0.381892 -0.230606 2.296081 -6.659618 1.153027
0.490000 0.398540 0.189162 0.182796 -0.079848 0.375241 -0.229413 2.262401 -6.641128 1.232861
0.491000 0.398462 0.189534 0.182568 -0.077603 0.368609 -0.228140 2.228416 -6.621524 1.312632
0.492000 0.398385 0.189899 0.182340 -0.075391 0.361998 -0.226787 2.194147 -6.600841 1.392319
0.493000 0.398311 0.190258 0.182114 -0.073214 0.355408 -0.225355 2.159630 -6.579180 1.471949
0.494000 0.398239 0.190610 0.181889 -0.071072 0.348839 -0.223844 2.124882 -6.556538 1.551471
0.495000 0.398169 0.190955 0.181666 -0.068965 0.342295 -0.222252 2.089904 -6.532816 1.630766
0.496000 0.398101 0.191294 0.181445 -0.066892 0.335774 -0.220582 2.054714 -6.508007 1.709778
0.497000 0.398035 0.191627 0.181225 -0.064855 0.329278 -0.218833 2.019346 -6.482225 1.788519
0.498000 0.397971 0.191953 0.181007 -0.062854 0.322809 -0.217005 1.983836 -6.455570 1.866931
0.499000 0.397909 0.192272 0.180791 -0.060887 0.316367 -0.215099 1.948211 -6.428071 1.944873
0.500000 0.397849 0.192586 0.180577 -0.058957 0.309953 -0.213115 1.912496 -6.399746 2.022218
0.501000 0.397791 0.192892 0.180365 -0.057063 0.303568 -0.211055 1.876712 -6.370588 2.098870
0.502000 0.397735 0.193193 0.180155 -0.055204 0.297212 -0.208918 1.840882 -6.340576 2.174745
0.503000 0.397681 0.193487 0.179947 -0.053381 0.290887 -0.206705 1.805032 -6.309755 2.249830
0.504000 0.397629 0.193775 0.179742 -0.051594 0.284593 -0.204418 1.769194 -6.278208 2.324152
0.505000 0.397578 0.194056 0.179538 -0.049842 0.278330 -0.202057 1.733394 -6.245919 2.397671
0.506000 0.397529 0.194331 0.179337 -0.048127 0.272101 -0.199623 1.697643 -6.212774 2.470262
0.507000 0.397482 0.194600 0.179139 -0.046447 0.265905 -0.197116 1.661955 -6.178681 2.541800
0.508000 0.397436 0.194863 0.178943 -0.044803 0.259743 -0.194539 1.626340 -6.143585 2.612158
0.509000 0.397392 0.195120 0.178750 -0.043194 0.253618 -0.191892 1.590807 -6.107452 2.681204
0.510000 0.397350 0.195370 0.178559 -0.041621 0.247528 -0.189177 1.555373 -6.070315 2.748884
0.511000 0.397309 0.195615 0.178372 -0.040084 0.241477 -0.186394 1.520070 -6.032266 2.815210
0.512000 0.397269 0.195853 0.178187 -0.038581 0.235464 -0.183546 1.484936 -5.993352 2.880146
0.513000 0.397232 0.196086 0.178005 -0.037114 0.229490 -0.180634 1.450008 -5.953567 2.943600
0.514000 0.397195 0.196312 0.177825 -0.035681 0.223557 -0.177659 1.415323 -5.912944 3.005530
0.515000 0.397160 0.196533 0.177649 -0.034283 0.217664 -0.174623 1.380905 -5.871540 3.065938
0.516000 0.397127 0.196747 0.177476 -0.032919 0.211814 -0.171527 1.346763 -5.829330 3.124752
0.517000 0.397094 0.196956 0.177306 -0.031590 0.206006 -0.168373 1.312896 -5.786204 3.181820
0.518000 0.397063 0.197159 0.177139 -0.030294 0.200241 -0.165163 1.279310 -5.742065 3.236986
0.519000 0.397034 0.197357 0.176976 -0.029031 0.194522 -0.161899 1.246024 -5.696840 3.290091
0.520000 0.397005 0.197549 0.176816 -0.027802 0.188848 -0.158583 1.213066 -5.650470 3.340974
0.521000 0.396978 0.197735 0.176659 -0.026605 0.183221 -0.155217 1.180461 -5.602953 3.389551
0.522000 0.396952 0.197915 0.176505 -0.025441 0.177642 -0.151804 1.148227 -5.554336 3.435822
0.523000 0.396927 0.198090 0.176355 -0.024308 0.172112 -0.148346 1.116362 -5.504632 3.479768
0.524000 0.396904 0.198259 0.176208 -0.023208 0.166632 -0.144845 1.084857 -5.453794 3.521317
0.525000 0.396881 0.198423 0.176065 -0.022139 0.161204 -0.141303 1.053710 -5.401763 3.560378
0.526000 0.396859 0.198582 0.175926 -0.021100 0.155829 -0.137724 1.022932 -5.348460 3.596825
0.527000 0.396839 0.198735 0.175790 -0.020093 0.150507 -0.134109 0.992541 -5.293782 3.630501
0.528000 0.396819 0.198883 0.175658 -0.019115 0.145241 -0.130463 0.962547 -5.237650 3.661261
0.529000 0.396800 0.199025 0.175529 -0.018168 0.140032 -0.126787 0.932944 -5.180009 3.688975
0.530000 0.396783 0.199163 0.175404 -0.017249 0.134881 -0.123085 0.903716 -5.120815 3.713518
0.531000 0.396766 0.199295 0.175283 -0.016360 0.129791 -0.119360 0.874855 -5.060065 3.734821
0.532000 0.396750 0.199422 0.175165 -0.015500 0.124761 -0.115615 0.846368 -4.997777 3.752872
0.533000 0.396735 0.199545 0.175052 -0.014668 0.119795 -0.111854 0.818268 -4.933912 3.767618
0.534000 0.396721 0.199662 0.174942 -0.013863 0.114893 -0.108080 0.790569 -4.868376 3.778956
0.535000 0.396707 0.199774 0.174835 -0.013086 0.110058 -0.104296 0.763287 -4.801069 3.786768
0.536000 0.396694 0.199882 0.174733 -0.012337 0.105291 -0.100506 0.736433 -4.731885 3.790917
0.537000 0.396683 0.199985 0.174634 -0.011614 0.100594 -0.096714 0.710021 -4.660717 3.791256
0.538000 0.396671 0.200083 0.174540 -0.010917 0.095970 -0.092924 0.684060 -4.587504 3.787691
0.539000 0.396661 0.200177 0.174449 -0.010245 0.091419 -0.089139 0.658552 -4.512240 3.780171
0.540000 0.396651 0.200266 0.174361 -0.009600 0.086945 -0.085364 0.633480 -4.434905 3.768595
0.541000 0.396641 0.200351 0.174278 -0.008978 0.082550 -0.081602 0.608820 -4.355441 3.752799
0.542000 0.396633 0.200431 0.174198 -0.008382 0.078234 -0.077858 0.584557 -4.273777 3.732625
0.543000 0.396625 0.200507 0.174122 -0.007809 0.074002 -0.074137 0.560687 -4.189825 3.707928
0.544000 0.396617 0.200579 0.174050 -0.007261 0.069855 -0.070442 0.537218 -4.103482 3.678564
0.545000 0.396610 0.200647 0.173981 -0.006735 0.065795 -0.066779 0.514155 -4.014680 3.644441
0.546000 0.396604 0.200711 0.173916 -0.006232 0.061825 -0.063153 0.491494 -3.923373 3.605504
0.547000 0.396598 0.200771 0.173855 -0.005752 0.057948 -0.059568 0.469218 -3.829461 3.561653
0.548000 0.396592 0.200827 0.173797 -0.005294 0.054167 -0.056030 0.447297 -3.732795 3.512733
0.549000 0.396587 0.200879 0.173743 -0.004857 0.050483 -0.052543 0.425711 -3.633245 3.458587
0.550000 0.396583 0.200928 0.173692 -0.004442 0.046900 -0.049113 0.404456 -3.530725 3.399053
0.551000 0.396578 0.200973 0.173645 -0.004048 0.043421 -0.045745 0.383535 -3.425169 3.333967
0.552000 0.396574 0.201014 0.173601 -0.003675 0.040050 -0.042445 0.362951 -3.316539 3.263212
0.553000 0.396571 0.201053 0.173560 -0.003323 0.036788 -0.039218 0.342709 -3.204803 3.186710
0.554000 0.396568 0.201088 0.173522 -0.002990 0.033640 -0.036071 0.322811 -3.089894 3.104337
0.555000 0.396565 0.201120 0.173488 -0.002677 0.030608 -0.033010 0.303262 -2.971708 3.015924
0.556000 0.396562 0.201149 0.173456 -0.002383 0.027697 -0.030040 0.284062 -2.850168 2.921344
0.557000 0.396560 0.201175 0.173428 -0.002109 0.024908 -0.027167 0.265216 -2.725223 2.820504
0.558000 0.396558 0.201199 0.173402 -0.001853 0.022246 -0.024399 0.246725 -2.596788 2.713269
0.559000 0.396556 0.201220 0.173379 -0.001615 0.019715 -0.021741 0.228592 -2.464745 2.599449
0.560000 0.396555 0.201238 0.173358 -0.001396 0.017317 -0.019200 0.210817 -2.328982 2.478854
0.561000 0.396554 0.201255 0.173340 -0.001194 0.015057 -0.016783 0.193403 -2.189399 2.351289
0.562000 0.396553 0.201269 0.173325 -0.001009 0.012938 -0.014497 0.176350 -2.045905 2.216558
0.563000 0.396552 0.201280 0.173311 -0.000841 0.010965 -0.012350 0.159661 -1.898431 2.074512
0.564000 0.396551 0.201290 0.173300 -0.000690 0.009141 -0.010348 0.143335 -1.746927 1.925042
0.565000 0.396550 0.201299 0.173291 -0.000554 0.007471 -0.008500 0.127373 -1.591322 1.767996
0.566000 0.396550 0.201305 0.173283 -0.000435 0.005958 -0.006812 0.111776 -1.431521 1.603181
0.567000 0.396549 0.201311 0.173277 -0.000331 0.004608 -0.005293 0.052035 -0.675280 0.759403
0.568000 0.396549 0.201315 0.173272 -0.000331 0.004608 -0.005293 0.052035 -0.675280 0.759403
