0.000000 0.672192 -0.195961 0.137459 0.010648 -0.011759 0.032708 -0.333597 0.056696 0.804690
0.001000 0.672203 -0.195973 0.137491 0.010648 -0.011759 0.032708 -0.333597 0.056696 0.804690
0.002000 0.672213 -0.195985 0.137525 0.009981 -0.011646 0.034318 -0.687177 0.121844 1.628950
0.003000 0.672222 -0.195996 0.137560 0.009274 -0.011516 0.035966 -0.727596 0.139068 1.668153
0.004000 0.672231 -0.196008 0.137597 0.008525 -0.011368 0.037654 -0.768926 0.156935 1.707498
0.005000 0.672240 -0.196019 0.137635 0.007736 -0.011202 0.039381 -0.811174 0.175454 1.747017
0.006000 0.672247 -0.196030 0.137675 0.006903 -0.011017 0.041148 -0.854347 0.194638 1.786726
0.007000 0.672253 -0.196041 0.137717 0.006027 -0.010813 0.042955 -0.898452 0.214496 1.826639
0.008000 0.672259 -0.196052 0.137761 0.005106 -0.010588 0.044801 -0.943497 0.235041 1.866794
0.009000 0.672264 -0.196062 0.137807 0.004140 -0.010342 0.046688 -0.989485 0.256280 1.907251
0.010000 0.672267 -0.196072 0.137855 0.003127 -0.010075 0.048616 -1.036409 0.278213 1.948054
0.011000 0.672270 -0.196082 0.137904 0.002067 -0.009786 0.050584 -1.084249 0.300825 1.989211
0.012000 0.672271 -0.196092 0.137956 0.000959 -0.009474 0.052594 -1.132972 0.324093 2.030716
0.013000 0.672272 -0.196101 0.138009 -0.000199 -0.009138 0.054646 -1.182554 0.348011 2.072553
0.014000 0.672271 -0.196110 0.138065 -0.001406 -0.008778 0.056739 -1.232985 0.372603 2.114707
0.015000 0.672269 -0.196119 0.138123 -0.002665 -0.008393 0.058875 -1.284263 0.397911 2.157158
0.016000 0.672266 -0.196127 0.138183 -0.003975 -0.007982 0.061054 -1.336384 0.423970 2.199876
0.017000 0.672261 -0.196135 0.138245 -0.005338 -0.007545 0.063275 -1.389335 0.450809 2.242825
0.018000 0.672255 -0.196142 0.138309 -0.006754 -0.007080 0.065539 -1.443085 0.478462 2.285970
0.019000 0.672247 -0.196149 0.138376 -0.008224 -0.006588 0.067847 -1.497594 0.506971 2.329287
0.020000 0.672238 -0.196155 0.138445 -0.009749 -0.006066 0.070198 -1.552819 0.536368 2.372755
0.021000 0.672228 -0.196161 0.138517 -0.011329 -0.005515 0.072592 -1.608714 0.566669 2.416370
0.022000 0.672216 -0.196166 0.138590 -0.012966 -0.004933 0.075031 -1.665234 0.597881 2.460131
0.023000 0.672202 -0.196171 0.138667 -0.014660 -0.004319 0.077513 -1.722342 0.630012 2.504021
0.024000 0.672187 -0.196175 0.138745 -0.016411 -0.003673 0.080039 -1.780013 0.663076 2.548005
0.025000 0.672169 -0.196178 0.138827 -0.018220 -0.002993 0.082609 -1.838231 0.697102 2.592062
0.026000 0.672150 -0.196181 0.138911 -0.020087 -0.002279 0.085223 -1.896979 0.732127 2.636180
0.027000 0.672129 -0.196183 0.138997 -0.022014 -0.001529 0.087881 -1.956238 0.768178 2.680332
0.028000 0.672106 -0.196184 0.139086 -0.024000 -0.000742 0.090583 -2.015988 0.805256 2.724473
0.029000 0.672081 -0.196184 0.139178 -0.026046 0.000082 0.093330 -2.076206 0.843339 2.768573
0.030000 0.672054 -0.196184 0.139273 -0.028152 0.000944 0.096121 -2.136870 0.882393 2.812614
0.031000 0.672025 -0.196182 0.139371 -0.030320 0.001846 0.098955 -2.197963 0.922393 2.856585
0.032000 0.671993 -0.196180 0.139471 -0.032548 0.002789 0.101834 -2.259483 0.963326 2.900489
0.033000 0.671960 -0.196177 0.139574 -0.034838 0.003773 0.104756 -2.321432 1.005189 2.944333
0.034000 0.671924 -0.196172 0.139680 -0.037191 0.004799 0.107722 -2.383804 1.047979 2.988097
0.035000 0.671885 -0.196167 0.139790 -0.039606 0.005869 0.110732 -2.446573 1.091691 3.031739
0.036000 0.671844 -0.196161 0.139902 -0.042084 0.006983 0.113786 -2.509705 1.136321 3.075234
0.037000 0.671801 -0.196153 0.140017 -0.044625 0.008142 0.116883 -2.573158 1.181862 3.118574
0.038000 0.671755 -0.196144 0.140136 -0.047230 0.009346 0.120023 -2.636893 1.228306 3.161730
0.039000 0.671707 -0.196134 0.140257 -0.049899 0.010598 0.123206 -2.700875 1.275645 3.204646
0.040000 0.671655 -0.196123 0.140382 -0.052632 0.011898 0.126432 -2.765082 1.323869 3.247286
0.041000 0.671601 -0.196111 0.140510 -0.055429 0.013246 0.129701 -2.829497 1.372968 3.289630
0.042000 0.671545 -0.196097 0.140641 -0.058291 0.014644 0.133012 -2.894096 1.422930 3.331637
0.043000 0.671485 -0.196081 0.140776 -0.061218 0.016092 0.136364 -2.958842 1.473753 3.373250
0.044000 0.671422 -0.196065 0.140914 -0.064209 0.017591 0.139758 -3.023705 1.525446 3.414444
0.045000 0.671356 -0.196046 0.141056 -0.067265 0.019143 0.143193 -3.088660 1.578027 3.455227
0.046000 0.671288 -0.196026 0.141201 -0.070386 0.020747 0.146669 -3.153679 1.631504 3.495594
0.047000 0.671216 -0.196005 0.141349 -0.073572 0.022406 0.150184 -3.218729 1.685866 3.535519
0.048000 0.671140 -0.195981 0.141501 -0.076824 0.024119 0.153740 -3.283776 1.741096 3.574968
0.049000 0.671062 -0.195956 0.141656 -0.080140 0.025888 0.157334 -3.348774 1.797171 3.613872
0.050000 0.670980 -0.195930 0.141816 -0.083521 0.027713 0.160967 -3.413667 1.854077 3.652129
0.051000 0.670895 -0.195901 0.141978 -0.086967 0.029596 0.164638 -3.478402 1.911815 3.689641
0.052000 0.670806 -0.195871 0.142145 -0.090478 0.031537 0.168347 -3.542930 1.970390 3.726319
0.053000 0.670714 -0.195838 0.142315 -0.094053 0.033537 0.172091 -3.607196 2.029798 3.762056
0.054000 0.670618 -0.195803 0.142489 -0.097692 0.035597 0.175871 -3.671150 2.090017 3.796750
0.055000 0.670519 -0.195767 0.142667 -0.101395 0.037717 0.179685 -3.734777 2.151015 3.830335
0.056000 0.670415 -0.195728 0.142848 -0.105162 0.039899 0.183531 -3.798087 2.212757 3.862784
0.057000 0.670308 -0.195687 0.143034 -0.108992 0.042142 0.187410 -3.861087 2.275205 3.894084
0.058000 0.670197 -0.195644 0.143223 -0.112884 0.044449 0.191320 -3.923779 2.338319 3.924247
0.059000 0.670082 -0.195598 0.143417 -0.116839 0.046819 0.195259 -3.986162 2.402056 3.953299
0.060000 0.669964 -0.195550 0.143614 -0.120856 0.049253 0.199226 -4.048207 2.466376 3.981216
0.061000 0.669841 -0.195500 0.143815 -0.124936 0.051752 0.203221 -4.109858 2.531252 4.007928
0.062000 0.669714 -0.195447 0.144020 -0.129076 0.054316 0.207242 -4.171076 2.596686 4.033401
0.063000 0.669583 -0.195391 0.144230 -0.133278 0.056945 0.211288 -4.231842 2.662693 4.057640
0.064000 0.669447 -0.195333 0.144443 -0.137540 0.059641 0.215357 -4.292111 2.729273 4.080606
0.065000 0.669308 -0.195272 0.144660 -0.141862 0.062404 0.219449 -4.351833 2.796399 4.102224
0.066000 0.669163 -0.195208 0.144882 -0.146244 0.065234 0.223562 -4.411004 2.864040 4.122470
0.067000 0.669015 -0.195141 0.145107 -0.150684 0.068132 0.227694 -4.469655 2.932169 4.141365
0.068000 0.668862 -0.195072 0.145337 -0.155183 0.071098 0.231844 -4.527774 3.000747 4.158882
0.069000 0.668705 -0.194999 0.145571 -0.159740 0.074133 0.236012 -4.585305 3.069728 4.174938
0.070000 0.668543 -0.194923 0.145809 -0.164353 0.077238 0.240194 -4.642203 3.139067 4.189495
0.071000 0.668376 -0.194845 0.146051 -0.169024 0.080411 0.244391 -4.698455 3.208728 4.202570
0.072000 0.668205 -0.194763 0.146298 -0.173750 0.083655 0.248599 -4.754039 3.278680 4.214167
0.073000 0.668028 -0.194677 0.146549 -0.178532 0.086969 0.252819 -4.808933 3.348904 4.224268
0.074000 0.667848 -0.194589 0.146804 -0.183368 0.090353 0.257048 -4.863106 3.419387 4.232846
0.075000 0.667662 -0.194497 0.147063 -0.188258 0.093808 0.261285 -4.916497 3.490099 4.239822
0.076000 0.667471 -0.194401 0.147326 -0.193201 0.097333 0.265528 -4.969037 3.561001 4.245094
0.077000 0.667275 -0.194302 0.147594 -0.198196 0.100930 0.269775 -5.020725 3.632080 4.248647
0.078000 0.667075 -0.194199 0.147866 -0.203243 0.104597 0.274025 -5.071609 3.703340 4.250525
0.079000 0.666869 -0.194093 0.148142 -0.208340 0.108336 0.278276 -5.121679 3.774761 4.250711
0.080000 0.666658 -0.193982 0.148422 -0.213486 0.112147 0.282526 -5.170857 3.846280 4.249128
0.081000 0.666442 -0.193868 0.148707 -0.218681 0.116029 0.286774 -5.219077 3.917818 4.245774
0.082000 0.666221 -0.193750 0.148996 -0.223924 0.119982 0.291018 -5.266310 3.989308 4.240726
0.083000 0.665994 -0.193628 0.149289 -0.229214 0.124007 0.295256 -5.312540 4.060710 4.234050
0.084000 0.665762 -0.193502 0.149586 -0.234549 0.128104 0.299486 -5.357775 4.132044 4.225791
0.085000 0.665525 -0.193372 0.149888 -0.239929 0.132272 0.303707 -5.402035 4.203357 4.215983
0.086000 0.665282 -0.193238 0.150194 -0.245353 0.136511 0.307918 -5.445284 4.274658 4.204578
0.087000 0.665034 -0.193099 0.150504 -0.250820 0.140821 0.312116 -5.487460 4.345907 4.191484
0.088000 0.664781 -0.192956 0.150818 -0.256328 0.145202 0.316301 -5.528587 4.417080 4.176693
0.089000 0.664522 -0.192809 0.151136 -0.261877 0.149655 0.320470 -5.568759 4.488173 4.160274
0.090000 0.664257 -0.192657 0.151459 -0.267466 0.154179 0.324622 -5.607990 4.559151 4.142219
0.091000 0.663987 -0.192500 0.151786 -0.273093 0.158773 0.328754 -5.646196 4.629948 4.122459
0.092000 0.663711 -0.192339 0.152116 -0.278758 0.163439 0.332866 -5.683308 4.700521 4.101024
0.093000 0.663429 -0.192174 0.152451 -0.284460 0.168174 0.336956 -5.719296 4.770848 4.078035
0.094000 0.663142 -0.192003 0.152790 -0.290197 0.172980 0.341023 -5.754080 4.840877 4.053515
0.095000 0.662849 -0.191828 0.153133 -0.295968 0.177856 0.345063 -5.787554 4.910534 4.027379
0.096000 0.662550 -0.191647 0.153480 -0.301772 0.182801 0.349077 -5.819699 4.979783 3.999595
0.097000 0.662245 -0.191462 0.153831 -0.307607 0.187816 0.353063 -5.850564 5.048617 3.970199
0.098000 0.661935 -0.191272 0.154187 -0.313473 0.192899 0.357018 -5.880126 5.116996 3.939151
0.099000 0.661618 -0.191076 0.154546 -0.319368 0.198050 0.360941 -5.908308 5.184856 3.906350
0.100000 0.661296 -0.190876 0.154908 -0.325290 0.203268 0.364830 -5.935124 5.252194 3.871797
0.101000 0.660968 -0.190670 0.155275 -0.331238 0.208554 0.368684 -5.960668 5.319052 3.835579
0.102000 0.660633 -0.190458 0.155646 -0.337211 0.213906 0.372502 -5.984927 5.385409 3.797671
0.103000 0.660293 -0.190242 0.156020 -0.343208 0.219325 0.376280 -6.007714 5.451138 3.757867
0.104000 0.659947 -0.190020 0.156398 -0.349226 0.224809 0.380017 -6.028820 5.516091 3.715969
0.105000 0.659595 -0.189792 0.156780 -0.355265 0.230357 0.383712 -6.048180 5.580193 3.671984
0.106000 0.659236 -0.189559 0.157166 -0.361323 0.235969 0.387361 -6.065905 5.643473 3.626139
0.107000 0.658872 -0.189320 0.157555 -0.367397 0.241644 0.390964 -6.082180 5.706036 3.578722
0.108000 0.658502 -0.189076 0.157948 -0.373487 0.247381 0.394519 -6.097126 5.767971 3.529903
0.109000 0.658125 -0.188826 0.158344 -0.379591 0.253180 0.398024 -6.110705 5.829269 3.479655
0.110000 0.657743 -0.188569 0.158744 -0.385708 0.259040 0.401478 -6.122814 5.889859 3.427867
0.111000 0.657354 -0.188307 0.159147 -0.391837 0.264960 0.404880 -6.133483 5.949733 3.374552
0.112000 0.656959 -0.188039 0.159554 -0.397975 0.270939 0.408227 -6.142842 6.008943 3.319829
0.113000 0.656558 -0.187766 0.159963 -0.404123 0.276978 0.411519 -6.150911 6.067470 3.263709
0.114000 0.656151 -0.187486 0.160377 -0.410277 0.283074 0.414755 -6.157584 6.125220 3.206111
0.115000 0.655737 -0.187199 0.160793 -0.416438 0.289228 0.417931 -6.162821 6.182140 3.147065
0.116000 0.655318 -0.186907 0.161212 -0.422603 0.295438 0.421049 -6.166662 6.238222 3.086709
0.117000 0.654892 -0.186609 0.161635 -0.428771 0.301704 0.424105 -6.169053 6.293405 3.025068
0.118000 0.654460 -0.186304 0.162061 -0.434941 0.308025 0.427099 -6.169854 6.347592 2.962046
0.119000 0.654022 -0.185992 0.162489 -0.441111 0.314400 0.430029 -6.169024 6.400779 2.897638
0.120000 0.653578 -0.185675 0.162921 -0.447279 0.320827 0.432894 -6.166643 6.453055 2.831965
0.121000 0.653128 -0.185351 0.163355 -0.453444 0.327306 0.435693 -6.162817 6.504504 2.765162
0.122000 0.652671 -0.185020 0.163792 -0.459605 0.333836 0.438424 -6.157710 6.555203 2.697393
0.123000 0.652208 -0.184683 0.164232 -0.465760 0.340416 0.441088 -6.151513 6.605222 2.628836
0.124000 0.651740 -0.184339 0.164674 -0.471908 0.347046 0.443682 -6.144260 6.654530 2.559521
0.125000 0.651265 -0.183989 0.165119 -0.478048 0.353725 0.446207 -6.135842 6.703006 2.489355
0.126000 0.650783 -0.183632 0.165567 -0.484179 0.360452 0.448661 -6.126234 6.750583 2.418342
0.127000 0.650296 -0.183268 0.166017 -0.490301 0.367226 0.451043 -6.115511 6.797251 2.346587
0.128000 0.649803 -0.182898 0.166469 -0.496410 0.374047 0.453354 -6.103634 6.842936 2.274087
0.129000 0.649303 -0.182520 0.166923 -0.502508 0.380912 0.455592 -6.090447 6.887520 2.200716
0.130000 0.648798 -0.182136 0.167380 -0.508591 0.387822 0.457755 -6.075901 6.931011 2.126442
0.131000 0.648286 -0.181744 0.167839 -0.514660 0.394774 0.459844 -6.060044 6.973509 2.051330
0.132000 0.647769 -0.181346 0.168300 -0.520711 0.401769 0.461858 -6.042822 7.015013 1.975347
0.133000 0.647245 -0.180941 0.168762 -0.526745 0.408804 0.463795 -6.024097 7.055422 1.898392
0.134000 0.646715 -0.180529 0.169227 -0.532760 0.415880 0.465655 -6.003895 7.094721 1.820523
0.135000 0.646179 -0.180109 0.169694 -0.538753 0.422994 0.467436 -5.982380 7.132983 1.741933
0.136000 0.645638 -0.179683 0.170162 -0.544724 0.430146 0.469139 -5.959569 7.170181 1.662681
0.137000 0.645090 -0.179249 0.170632 -0.550672 0.437334 0.470762 -5.935324 7.206172 1.582677
0.138000 0.644536 -0.178808 0.171104 -0.556595 0.444558 0.472304 -5.909602 7.240890 1.501931
0.139000 0.643977 -0.178360 0.171577 -0.562491 0.451816 0.473765 -5.882476 7.274347 1.420558
0.140000 0.643411 -0.177904 0.172051 -0.568360 0.459107 0.475145 -5.853893 7.306467 1.338558
0.141000 0.642840 -0.177442 0.172527 -0.574199 0.466429 0.476443 -5.823691 7.337110 1.255795
0.142000 0.642263 -0.176971 0.173004 -0.580007 0.473781 0.477657 -5.791853 7.366283 1.172216
0.143000 0.641680 -0.176494 0.173482 -0.585783 0.481161 0.478787 -5.758534 7.394131 1.087899
0.144000 0.641091 -0.176009 0.173962 -0.591524 0.488569 0.479833 -5.723901 7.420785 1.002966
0.145000 0.640497 -0.175517 0.174442 -0.597231 0.496003 0.480793 -5.688144 7.446355 0.917611
0.146000 0.639897 -0.175017 0.174923 -0.602901 0.503462 0.481668 -5.651467 7.470933 0.832074
0.147000 0.639291 -0.174510 0.175405 -0.608534 0.510945 0.482457 -5.613879 7.494466 0.746423
0.148000 0.638680 -0.173995 0.175888 -0.614128 0.518451 0.483161 -5.575219 7.516775 0.660566
0.149000 0.638063 -0.173473 0.176372 -0.619684 0.525978 0.483778 -5.535439 7.537769 0.574500
0.150000 0.637440 -0.172943 0.176856 -0.625199 0.533526 0.484310 -5.494616 7.557448 0.488332
0.151000 0.636812 -0.172406 0.177340 -0.630673 0.541093 0.484755 -5.452691 7.575713 0.402050
0.152000 0.636179 -0.171861 0.177825 -0.636105 0.548678 0.485114 -5.409482 7.592397 0.315519
0.153000 0.635540 -0.171309 0.178310 -0.641492 0.556278 0.485386 -5.364965 7.607504 0.228703
0.154000 0.634896 -0.170748 0.178796 -0.646835 0.563893 0.485571 -5.319265 7.621176 0.141673
0.155000 0.634247 -0.170181 0.179282 -0.652131 0.571520 0.485669 -5.272358 7.633409 0.054400
0.156000 0.633592 -0.169605 0.179767 -0.657379 0.579160 0.485680 -5.224079 7.644048 -0.033213
0.157000 0.632932 -0.169022 0.180253 -0.662579 0.586808 0.485603 -5.174439 7.653052 -0.121075
0.158000 0.632267 -0.168432 0.180738 -0.667728 0.594466 0.485438 -5.123612 7.660497 -0.208947
0.159000 0.631596 -0.167834 0.181224 -0.672826 0.602129 0.485185 -5.071598 7.666322 -0.296739
0.160000 0.630921 -0.167228 0.181709 -0.677871 0.609798 0.484844 -5.018213 7.670323 -0.384546
0.161000 0.630241 -0.166614 0.182193 -0.682863 0.617470 0.484416 -4.963400 7.672400 -0.472398
0.162000 0.629555 -0.165993 0.182678 -0.687798 0.625143 0.483899 -4.907284 7.672606 -0.560198
0.163000 0.628865 -0.165364 0.183161 -0.692677 0.632815 0.483295 -4.849991 7.671029 -0.647869
0.164000 0.628170 -0.164727 0.183644 -0.697498 0.640485 0.482604 -4.791660 7.667825 -0.735361
0.165000 0.627470 -0.164083 0.184127 -0.702260 0.648151 0.481825 -4.732432 7.663187 -0.822641
0.166000 0.626765 -0.163431 0.184608 -0.706963 0.655811 0.480958 -4.672255 7.657110 -0.909788
0.167000 0.626056 -0.162771 0.185088 -0.711605 0.663465 0.480005 -4.610931 7.649418 -0.996911
0.168000 0.625342 -0.162104 0.185568 -0.716185 0.671110 0.478965 -4.548445 7.640068 -1.083922
0.169000 0.624624 -0.161429 0.186046 -0.720702 0.678745 0.477837 -4.484991 7.629190 -1.170548
0.170000 0.623901 -0.160746 0.186524 -0.725155 0.686369 0.476624 -4.420740 7.616881 -1.256566
0.171000 0.623173 -0.160056 0.187000 -0.729543 0.693979 0.475324 -4.355831 7.603185 -1.341846
0.172000 0.622442 -0.159358 0.187474 -0.733867 0.701575 0.473940 -4.290377 7.588113 -1.426305
0.173000 0.621706 -0.158653 0.187947 -0.738124 0.709155 0.472472 -4.224293 7.571512 -1.510000
0.174000 0.620965 -0.157940 0.188419 -0.742315 0.716718 0.470920 -4.157341 7.553155 -1.593097
0.175000 0.620221 -0.157220 0.188889 -0.746439 0.724262 0.469285 -4.089451 7.533042 -1.675672
0.176000 0.619472 -0.156491 0.189358 -0.750494 0.731784 0.467569 -4.020760 7.511399 -1.757673
0.177000 0.618720 -0.155756 0.189824 -0.754480 0.739284 0.465770 -3.951424 7.488445 -1.838996
0.178000 0.617964 -0.155013 0.190289 -0.758397 0.746761 0.463891 -3.881644 7.464389 -1.919443
0.179000 0.617203 -0.154262 0.190752 -0.762244 0.754213 0.461931 -3.811642 7.439437 -1.998764
0.180000 0.616439 -0.153504 0.191213 -0.766020 0.761640 0.459893 -3.741407 7.413556 -2.076874
0.181000 0.615671 -0.152739 0.191672 -0.769726 0.769040 0.457777 -3.670725 7.386485 -2.153877
0.182000 0.614900 -0.151966 0.192129 -0.773362 0.776413 0.455585 -3.599531 7.358060 -2.229830
0.183000 0.614124 -0.151186 0.192583 -0.776925 0.783756 0.453318 -3.527966 7.328290 -2.304678
0.184000 0.613346 -0.150399 0.193035 -0.780418 0.791070 0.450976 -3.456168 7.297245 -2.378377
0.185000 0.612564 -0.149604 0.193485 -0.783838 0.798351 0.448561 -3.384268 7.265113 -2.450892
0.186000 0.611778 -0.148802 0.193932 -0.787186 0.805600 0.446074 -3.312443 7.232189 -2.522165
0.187000 0.610989 -0.147993 0.194377 -0.790463 0.812815 0.443517 -3.240841 7.198727 -2.592117
0.188000 0.610197 -0.147177 0.194820 -0.793668 0.819997 0.440890 -3.169635 7.164974 -2.660590
0.189000 0.609402 -0.146353 0.195259 -0.796802 0.827145 0.438195 -3.099015 7.131168 -2.727382
0.190000 0.608604 -0.145522 0.195696 -0.799866 0.834260 0.435435 -3.028938 7.097286 -2.792440
0.191000 0.607802 -0.144684 0.196130 -0.802860 0.841340 0.432611 -2.959167 7.063048 -2.855872
0.192000 0.606998 -0.143840 0.196561 -0.805784 0.848386 0.429723 -2.889628 7.028274 -2.917740
0.193000 0.606191 -0.142988 0.196989 -0.808639 0.855396 0.426775 -2.820468 6.992977 -2.978000
0.194000 0.605381 -0.142129 0.197415 -0.811425 0.862372 0.423767 -2.751826 6.957238 -3.036605
0.195000 0.604568 -0.141263 0.197837 -0.814143 0.869311 0.420702 -2.683841 6.921272 -3.093504
0.196000 0.603752 -0.140390 0.198256 -0.816793 0.876214 0.417580 -2.616650 6.885361 -3.148646
0.197000 0.602934 -0.139511 0.198672 -0.819376 0.883082 0.414405 -2.550170 6.849526 -3.202081
0.198000 0.602114 -0.138624 0.199085 -0.821893 0.889913 0.411176 -2.484164 6.813561 -3.253917
0.199000 0.601290 -0.137731 0.199494 -0.824344 0.896709 0.407897 -2.418617 6.777473 -3.304128
0.200000 0.600465 -0.136831 0.199901 -0.826730 0.903468 0.404568 -2.353757 6.741522 -3.352548
0.201000 0.599637 -0.135924 0.200304 -0.829052 0.910192 0.401192 -2.289795 6.705901 -3.399042
0.202000 0.598807 -0.135010 0.200703 -0.831310 0.916880 0.397770 -2.226909 6.670691 -3.443535
0.203000 0.597974 -0.134090 0.201099 -0.833506 0.923533 0.394305 -2.165257 6.635905 -3.485980
0.204000 0.597140 -0.133163 0.201492 -0.835640 0.930152 0.390798 -2.104761 6.601345 -3.526439
0.205000 0.596303 -0.132230 0.201881 -0.837715 0.936736 0.387252 -2.045159 6.566718 -3.565059
0.206000 0.595464 -0.131290 0.202266 -0.839731 0.943285 0.383668 -1.986371 6.532049 -3.601920
0.207000 0.594624 -0.130343 0.202648 -0.841688 0.949800 0.380048 -1.928496 6.497613 -3.637023
0.208000 0.593781 -0.129390 0.203026 -0.843588 0.956280 0.376394 -1.871454 6.463436 -3.670434
0.209000 0.592936 -0.128431 0.203401 -0.845431 0.962727 0.372707 -1.814993 6.429293 -3.702256
0.210000 0.592090 -0.127465 0.203772 -0.847218 0.969139 0.368989 -1.759077 6.395176 -3.732453
0.211000 0.591242 -0.126492 0.204139 -0.848949 0.975517 0.365242 -1.703867 6.361299 -3.760877
0.212000 0.590392 -0.125514 0.204502 -0.850626 0.981862 0.361467 -1.649322 6.327627 -3.787487
0.213000 0.589541 -0.124529 0.204862 -0.852248 0.988172 0.357667 -1.595197 6.293829 -3.812381
0.214000 0.588688 -0.123537 0.205218 -0.853816 0.994449 0.353843 -1.541424 6.259690 -3.835629
0.215000 0.587833 -0.122540 0.205569 -0.855331 1.000692 0.349996 -1.488124 6.225164 -3.857239
0.216000 0.586977 -0.121536 0.205917 -0.856792 1.006900 0.346128 -1.435225 6.190029 -3.877281
0.217000 0.586119 -0.120526 0.206262 -0.858201 1.013072 0.342241 -1.382465 6.153972 -3.895890
0.218000 0.585261 -0.119510 0.206602 -0.859557 1.019207 0.338336 -1.329768 6.117023 -3.913130
0.219000 0.584400 -0.118487 0.206938 -0.860861 1.025306 0.334415 -1.277301 6.079547 -3.928972
0.220000 0.583539 -0.117459 0.207271 -0.862112 1.031367 0.330478 -1.225246 6.041892 -3.943366
0.221000 0.582676 -0.116425 0.207599 -0.863311 1.037390 0.326528 -1.173812 6.004389 -3.956229
0.222000 0.581812 -0.115384 0.207924 -0.864459 1.043375 0.322566 -1.123227 5.967351 -3.967455
0.223000 0.580947 -0.114338 0.208244 -0.865557 1.049324 0.318593 -1.073463 5.930753 -3.977039
0.224000 0.580081 -0.113286 0.208561 -0.866606 1.055237 0.314612 -1.024279 5.894230 -3.985081
0.225000 0.579214 -0.112227 0.208874 -0.867606 1.061113 0.310623 -0.975621 5.857506 -3.991638
0.226000 0.578346 -0.111163 0.209182 -0.868557 1.066952 0.306629 -0.927630 5.820468 -3.996710
0.227000 0.577477 -0.110094 0.209487 -0.869461 1.072754 0.302630 -0.880248 5.782837 -4.000351
0.228000 0.576607 -0.109018 0.209788 -0.870318 1.078518 0.298628 -0.833208 5.744266 -4.002676
0.229000 0.575736 -0.107937 0.210084 -0.871128 1.084242 0.294624 -0.786425 5.704795 -4.003733
0.230000 0.574865 -0.106849 0.210377 -0.871891 1.089927 0.290621 -0.740004 5.664765 -4.003504
0.231000 0.573992 -0.105757 0.210665 -0.872608 1.095572 0.286617 -0.693857 5.624230 -4.002030
0.232000 0.573120 -0.104658 0.210950 -0.873279 1.101176 0.282616 -0.647716 5.582951 -3.999397
0.233000 0.572246 -0.103554 0.211231 -0.873903 1.106738 0.278619 -0.601518 5.540947 -3.995613
0.234000 0.571372 -0.102445 0.211507 -0.874482 1.112258 0.274625 -0.555447 5.498551 -3.990599
0.235000 0.570497 -0.101330 0.211780 -0.875014 1.117735 0.270637 -0.509697 5.455998 -3.984299
0.236000 0.569622 -0.100209 0.212049 -0.875501 1.123170 0.266657 -0.464477 5.413347 -3.976697
0.237000 0.568746 -0.099083 0.212313 -0.875943 1.128562 0.262684 -0.420002 5.370562 -3.967801
0.238000 0.567870 -0.097952 0.212574 -0.876341 1.133911 0.258721 -0.376232 5.327357 -3.957677
0.239000 0.566993 -0.096816 0.212831 -0.876695 1.139216 0.254769 -0.332904 5.283365 -3.946438
0.240000 0.566116 -0.095674 0.213083 -0.877007 1.144477 0.250828 -0.289930 5.238622 -3.934142
0.241000 0.565239 -0.094527 0.213332 -0.877275 1.149693 0.246900 -0.247406 5.193478 -3.920799
0.242000 0.564362 -0.093374 0.213577 -0.877502 1.154864 0.242987 -0.205244 5.147982 -3.906461
0.243000 0.563484 -0.092217 0.213818 -0.877686 1.159989 0.239087 -0.163178 5.101867 -3.891224
0.244000 0.562606 -0.091054 0.214055 -0.877828 1.165068 0.235204 -0.121168 5.055123 -3.875131
0.245000 0.561729 -0.089887 0.214289 -0.877928 1.170100 0.231337 -0.079376 5.008011 -3.858178
0.246000 0.560851 -0.088714 0.214518 -0.877987 1.175084 0.227488 -0.037762 4.960492 -3.840402
0.247000 0.559973 -0.087537 0.214744 -0.878004 1.180021 0.223656 0.003930 4.912156 -3.821894
0.248000 0.559095 -0.086354 0.214965 -0.877979 1.184908 0.219844 0.045763 4.862717 -3.802709
0.249000 0.558217 -0.085167 0.215183 -0.877912 1.189746 0.216051 0.087560 4.812153 -3.782850
0.250000 0.557339 -0.083975 0.215398 -0.877804 1.194533 0.212278 0.129152 4.760555 -3.762314
0.251000 0.556461 -0.082778 0.215608 -0.877654 1.199267 0.208526 0.170385 4.708225 -3.741095
0.252000 0.555583 -0.081576 0.215815 -0.877463 1.203949 0.204796 0.211112 4.655579 -3.719186
0.253000 0.554706 -0.080370 0.216018 -0.877232 1.208578 0.201088 0.251424 4.602667 -3.696622
0.254000 0.553829 -0.079159 0.216217 -0.876960 1.213154 0.197403 0.291585 4.549210 -3.673482
0.255000 0.552952 -0.077944 0.216412 -0.876648 1.217677 0.193741 0.331636 4.495202 -3.649794
0.256000 0.552076 -0.076724 0.216604 -0.876297 1.222145 0.190103 0.371413 4.440919 -3.625545
0.257000 0.551200 -0.075499 0.216793 -0.875906 1.226559 0.186490 0.410956 4.386323 -3.600764
0.258000 0.550324 -0.074271 0.216977 -0.875475 1.230918 0.182902 0.450516 4.330986 -3.575531
0.259000 0.549449 -0.073037 0.217158 -0.875005 1.235221 0.179339 0.490158 4.274600 -3.549914
0.260000 0.548574 -0.071800 0.217336 -0.874495 1.239467 0.175802 0.529700 4.217131 -3.523946
0.261000 0.547700 -0.070559 0.217510 -0.873945 1.243655 0.172291 0.568970 4.158668 -3.497646
0.262000 0.546826 -0.069313 0.217680 -0.873357 1.247784 0.168807 0.607810 4.099525 -3.471017
0.263000 0.545953 -0.068063 0.217848 -0.872730 1.251854 0.165349 0.646070 4.040141 -3.444047
0.264000 0.545081 -0.066809 0.218011 -0.872065 1.255864 0.161918 0.683840 3.980570 -3.416765
0.265000 0.544209 -0.065551 0.218171 -0.871362 1.259815 0.158515 0.721398 3.920520 -3.389239
0.266000 0.543338 -0.064289 0.218328 -0.870622 1.263705 0.155140 0.758834 3.859965 -3.361515
0.267000 0.542468 -0.063024 0.218482 -0.869844 1.267535 0.151792 0.796042 3.799173 -3.333609
0.268000 0.541598 -0.061754 0.218632 -0.869030 1.271304 0.148473 0.833108 3.738088 -3.305563
0.269000 0.540730 -0.060481 0.218779 -0.868178 1.275011 0.145181 0.870287 3.676270 -3.277452
0.270000 0.539862 -0.059204 0.218922 -0.867289 1.278656 0.141918 0.907613 3.613419 -3.249337
0.271000 0.538995 -0.057924 0.219062 -0.866363 1.282238 0.138683 0.944863 3.549529 -3.221248
0.272000 0.538129 -0.056640 0.219200 -0.865399 1.285755 0.135475 0.981832 3.484708 -3.193204
0.273000 0.537264 -0.055352 0.219333 -0.864399 1.289207 0.132296 1.018345 3.419275 -3.165207
0.274000 0.536400 -0.054061 0.219464 -0.863363 1.292594 0.129145 1.054242 3.353665 -3.137247
0.275000 0.535537 -0.052767 0.219592 -0.862291 1.295915 0.126022 1.089604 3.287922 -3.109345
0.276000 0.534676 -0.051470 0.219716 -0.861183 1.299170 0.122926 1.124711 3.221743 -3.081565
0.277000 0.533815 -0.050169 0.219838 -0.860041 1.302358 0.119859 1.159669 3.155119 -3.053971
0.278000 0.532956 -0.048865 0.219956 -0.858864 1.305480 0.116818 1.194396 3.088345 -3.026612
0.279000 0.532097 -0.047558 0.220071 -0.857652 1.308535 0.113805 1.228991 3.021383 -2.999549
0.280000 0.531240 -0.046248 0.220183 -0.856406 1.311523 0.110819 1.263710 2.953785 -2.972855
0.281000 0.530385 -0.044935 0.220293 -0.855125 1.314442 0.107860 1.298577 2.885245 -2.946584
0.282000 0.529530 -0.043619 0.220399 -0.853809 1.317293 0.104926 1.333361 2.815757 -2.920768
0.283000 0.528677 -0.042300 0.220503 -0.852458 1.320074 0.102018 1.367853 2.745430 -2.895418
0.284000 0.527825 -0.040979 0.220603 -0.851073 1.322784 0.099135 1.401892 2.674585 -2.870513
0.285000 0.526975 -0.039655 0.220701 -0.849654 1.325423 0.096277 1.435338 2.603661 -2.846012
0.286000 0.526126 -0.038328 0.220796 -0.848203 1.327991 0.093443 1.468288 2.532697 -2.821905
0.287000 0.525278 -0.036999 0.220888 -0.846718 1.330489 0.090633 1.501028 2.461389 -2.798223
0.288000 0.524432 -0.035667 0.220977 -0.845201 1.332914 0.087847 1.533675 2.389750 -2.774998
0.289000 0.523588 -0.034333 0.221064 -0.843651 1.335268 0.085083 1.566171 2.318113 -2.752249
0.290000 0.522745 -0.032996 0.221147 -0.842068 1.337550 0.082342 1.598623 2.246463 -2.730007
0.291000 0.521904 -0.031658 0.221228 -0.840453 1.339761 0.079623 1.631283 2.174355 -2.708325
0.292000 0.521064 -0.030317 0.221306 -0.838806 1.341899 0.076926 1.664161 2.101483 -2.687251
0.293000 0.520226 -0.028974 0.221382 -0.837125 1.343964 0.074249 1.697009 2.027849 -2.666821
0.294000 0.519390 -0.027629 0.221455 -0.835412 1.345955 0.071592 1.729605 1.953573 -2.647043
0.295000 0.518555 -0.026282 0.221525 -0.833666 1.347871 0.068955 1.761767 1.878986 -2.627875
0.296000 0.517723 -0.024933 0.221593 -0.831888 1.349713 0.066336 1.793342 1.804535 -2.609248
0.297000 0.516892 -0.023583 0.221658 -0.830079 1.351480 0.063736 1.824407 1.730263 -2.591127
0.298000 0.516062 -0.022230 0.221720 -0.828239 1.353173 0.061154 1.855232 1.655853 -2.573534
0.299000 0.515235 -0.020876 0.221780 -0.826369 1.354792 0.058589 1.885916 1.581296 -2.556523
0.300000 0.514410 -0.019521 0.221838 -0.824467 1.356336 0.056041 1.916383 1.506904 -2.540153
0.301000 0.513586 -0.018164 0.221892 -0.822536 1.357806 0.053509 1.946723 1.432644 -2.524475
0.302000 0.512765 -0.016805 0.221945 -0.820574 1.359201 0.050992 1.977179 1.358072 -2.509523
0.303000 0.511945 -0.015445 0.221994 -0.818582 1.360522 0.048490 2.007767 1.282913 -2.495297
0.304000 0.511127 -0.014084 0.222042 -0.816558 1.361767 0.046001 2.038301 1.207134 -2.481777
0.305000 0.510312 -0.012722 0.222086 -0.814505 1.362936 0.043526 2.068794 1.130462 -2.468952
0.306000 0.509498 -0.011358 0.222129 -0.812421 1.364028 0.041063 2.099480 1.052468 -2.456816
0.307000 0.508687 -0.009994 0.222168 -0.810306 1.365041 0.038613 2.130439 0.973162 -2.445329
0.308000 0.507878 -0.008628 0.222206 -0.808160 1.365974 0.036173 2.161535 0.892997 -2.434430
0.309000 0.507071 -0.007262 0.222241 -0.805983 1.366827 0.033744 2.192640 0.812417 -2.424078
0.310000 0.506266 -0.005894 0.222273 -0.803775 1.367599 0.031325 2.223637 0.731849 -2.414276
0.311000 0.505463 -0.004527 0.222303 -0.801536 1.368291 0.028915 2.254417 0.651712 -2.405052
0.312000 0.504663 -0.003158 0.222331 -0.799266 1.368903 0.026515 2.285075 0.571988 -2.396432
0.313000 0.503865 -0.001789 0.222356 -0.796965 1.369435 0.024122 2.315840 0.492241 -2.388435
0.314000 0.503069 -0.000419 0.222379 -0.794634 1.369887 0.021738 2.346709 0.412214 -2.381058
0.315000 0.502275 0.000951 0.222400 -0.792272 1.370259 0.019360 2.377470 0.331899 -2.374290
0.316000 0.501484 0.002321 0.222418 -0.789879 1.370551 0.016989 2.408113 0.251038 -2.368121
0.317000 0.500696 0.003692 0.222434 -0.787456 1.370761 0.014624 2.438850 0.169206 -2.362527
0.318000 0.499909 0.005063 0.222447 -0.785002 1.370889 0.012264 2.469735 0.086406 -2.357445
0.319000 0.499126 0.006434 0.222458 -0.782516 1.370934 0.009909 2.500652 0.003003 -2.352787
0.320000 0.498344 0.007805 0.222467 -0.780000 1.370895 0.007558 2.531662 -0.080983 -2.348491
0.321000 0.497566 0.009176 0.222474 -0.777453 1.370772 0.005212 2.563027 -0.165888 -2.344554
0.322000 0.496789 0.010546 0.222478 -0.774874 1.370563 0.002869 2.594876 -0.251740 -2.341028
0.323000 0.496016 0.011917 0.222479 -0.772263 1.370269 0.000530 2.627133 -0.338175 -2.337985
0.324000 0.495245 0.013287 0.222479 -0.769620 1.369887 -0.001807 2.659671 -0.424896 -2.335465
0.325000 0.494477 0.014657 0.222476 -0.766944 1.369419 -0.004141 2.692266 -0.511730 -2.333465
0.326000 0.493711 0.016026 0.222470 -0.764235 1.368864 -0.006474 2.724644 -0.598569 -2.331949
0.327000 0.492948 0.017394 0.222463 -0.761495 1.368222 -0.008805 2.756767 -0.685646 -2.330883
0.328000 0.492188 0.018762 0.222453 -0.758722 1.367492 -0.011135 2.788829 -0.773385 -2.330219
0.329000 0.491431 0.020129 0.222440 -0.755917 1.366675 -0.013465 2.820883 -0.861803 -2.329868
0.330000 0.490676 0.021496 0.222426 -0.753080 1.365769 -0.015795 2.852819 -0.950566 -2.329717
0.331000 0.489925 0.022861 0.222409 -0.750211 1.364774 -0.018125 2.884695 -1.039675 -2.329680
0.332000 0.489176 0.024225 0.222390 -0.747311 1.363689 -0.020454 2.916766 -1.129471 -2.329740
0.333000 0.488430 0.025588 0.222368 -0.744378 1.362515 -0.022784 2.949157 -1.219977 -2.329951
0.334000 0.487687 0.026950 0.222344 -0.741412 1.361249 -0.025114 2.981801 -1.310819 -2.330392
0.335000 0.486947 0.028311 0.222318 -0.738414 1.359893 -0.027445 3.014574 -1.401682 -2.331117
0.336000 0.486210 0.029670 0.222289 -0.735383 1.358446 -0.029777 3.047260 -1.492359 -2.332132
0.337000 0.485476 0.031028 0.222258 -0.732320 1.356908 -0.032109 3.079588 -1.582697 -2.333413
0.338000 0.484746 0.032384 0.222225 -0.729224 1.355281 -0.034443 3.111517 -1.672896 -2.334926
0.339000 0.484018 0.033738 0.222189 -0.726097 1.353563 -0.036779 3.143230 -1.763378 -2.336620
0.340000 0.483293 0.035091 0.222151 -0.722938 1.351754 -0.039117 3.174777 -1.854197 -2.338408
0.341000 0.482572 0.036442 0.222111 -0.719747 1.349854 -0.041456 3.206048 -1.945071 -2.340184
0.342000 0.481854 0.037791 0.222068 -0.716525 1.347864 -0.043797 3.237098 -2.036041 -2.341868
0.343000 0.481139 0.039137 0.222023 -0.713273 1.345782 -0.046140 3.268169 -2.127461 -2.343447
0.344000 0.480427 0.040482 0.221976 -0.709989 1.343609 -0.048484 3.299380 -2.219365 -2.345003
0.345000 0.479719 0.041825 0.221926 -0.706674 1.341343 -0.050830 3.330668 -2.311397 -2.346660
0.346000 0.479014 0.043165 0.221874 -0.703328 1.338986 -0.053177 3.361921 -2.403250 -2.348496
0.347000 0.478312 0.044503 0.221820 -0.699950 1.336537 -0.055527 3.392949 -2.494703 -2.350513
0.348000 0.477614 0.045838 0.221763 -0.696542 1.333997 -0.057878 3.423517 -2.585587 -2.352665
0.349000 0.476919 0.047171 0.221704 -0.693103 1.331366 -0.060232 3.453604 -2.676079 -2.354895
0.350000 0.476228 0.048501 0.221643 -0.689635 1.328644 -0.062588 3.483386 -2.766579 -2.357123
0.351000 0.475540 0.049828 0.221579 -0.686136 1.325833 -0.064946 3.512907 -2.857116 -2.359240
0.352000 0.474856 0.051152 0.221513 -0.682609 1.322930 -0.067306 3.542055 -2.947386 -2.361115
0.353000 0.474175 0.052474 0.221445 -0.679052 1.319938 -0.069668 3.570878 -3.037403 -2.362644
0.354000 0.473498 0.053792 0.221374 -0.675467 1.316855 -0.072032 3.599600 -3.127519 -2.363811
0.355000 0.472824 0.055107 0.221301 -0.671853 1.313683 -0.074396 3.628332 -3.217789 -2.364722
0.356000 0.472154 0.056420 0.221225 -0.668210 1.310420 -0.076761 3.657008 -3.307896 -2.365548
0.357000 0.471487 0.057728 0.221147 -0.664539 1.307067 -0.079127 3.685518 -3.397541 -2.366414
0.358000 0.470825 0.059034 0.221067 -0.660839 1.303625 -0.081494 3.713668 -3.486472 -2.367367
0.359000 0.470166 0.060336 0.220984 -0.657112 1.300094 -0.083862 3.741220 -3.574455 -2.368407
0.360000 0.469511 0.061634 0.220899 -0.653357 1.296476 -0.086231 3.768143 -3.661614 -2.369504
0.361000 0.468859 0.062929 0.220812 -0.649576 1.292771 -0.088601 3.794594 -3.748336 -2.370585
0.362000 0.468211 0.064219 0.220722 -0.645768 1.288979 -0.090972 3.820606 -3.834691 -2.371543
0.363000 0.467568 0.065506 0.220630 -0.641934 1.285101 -0.093344 3.846062 -3.920441 -2.372255
0.364000 0.466927 0.066790 0.220535 -0.638076 1.281138 -0.095717 3.870997 -4.005644 -2.372621
0.365000 0.466291 0.068069 0.220438 -0.634192 1.277090 -0.098089 3.895627 -4.090665 -2.372618
0.366000 0.465659 0.069344 0.220339 -0.630284 1.272957 -0.100462 3.920076 -4.175578 -2.372356
0.367000 0.465031 0.070615 0.220237 -0.626352 1.268739 -0.102834 3.944348 -4.260164 -2.372010
0.368000 0.464406 0.071881 0.220133 -0.622396 1.264437 -0.105206 3.968557 -4.344494 -2.371687
0.369000 0.463786 0.073144 0.220027 -0.618415 1.260050 -0.107577 3.992881 -4.428936 -2.371388
0.370000 0.463170 0.074401 0.219918 -0.614410 1.255579 -0.109949 4.017283 -4.513575 -2.371074
0.371000 0.462557 0.075655 0.219807 -0.610381 1.251023 -0.112319 4.041512 -4.598138 -2.370708
0.372000 0.461949 0.076903 0.219693 -0.606327 1.246383 -0.114690 4.065339 -4.682348 -2.370231
0.373000 0.461345 0.078147 0.219578 -0.602250 1.241658 -0.117060 4.088577 -4.765923 -2.369553
0.374000 0.460744 0.079387 0.219459 -0.598150 1.236851 -0.119429 4.111061 -4.848575 -2.368566
0.375000 0.460148 0.080621 0.219339 -0.594028 1.231961 -0.121797 4.132811 -4.930371 -2.367168
0.376000 0.459556 0.081851 0.219216 -0.589884 1.226990 -0.124163 4.154032 -5.011669 -2.365335
0.377000 0.458968 0.083075 0.219090 -0.585720 1.221938 -0.126528 4.174857 -5.092550 -2.363175
0.378000 0.458385 0.084295 0.218963 -0.581534 1.216805 -0.128890 4.195316 -5.172812 -2.360874
0.379000 0.457805 0.085509 0.218833 -0.577329 1.211592 -0.131249 4.215529 -5.252529 -2.358540
0.380000 0.457230 0.086718 0.218700 -0.573103 1.206300 -0.133607 4.235663 -5.332036 -2.356171
0.381000 0.456659 0.087921 0.218565 -0.568858 1.200928 -0.135962 4.255667 -5.411371 -2.353727
0.382000 0.456092 0.089120 0.218428 -0.564592 1.195477 -0.138314 4.275281 -5.490215 -2.351181
0.383000 0.455530 0.090312 0.218289 -0.560307 1.189948 -0.140664 4.294279 -5.568278 -2.348475
0.384000 0.454972 0.091499 0.218147 -0.556004 1.184340 -0.143011 4.312489 -5.645324 -2.345504
0.385000 0.454418 0.092681 0.218003 -0.551682 1.178657 -0.145355 4.329771 -5.721147 -2.342134
0.386000 0.453868 0.093857 0.217856 -0.547344 1.172898 -0.147696 4.346153 -5.795863 -2.338242
0.387000 0.453323 0.095027 0.217707 -0.542990 1.167065 -0.150032 4.361826 -5.869834 -2.333788
0.388000 0.452782 0.096191 0.217556 -0.538620 1.161159 -0.152363 4.376906 -5.943140 -2.328881
0.389000 0.452246 0.097349 0.217403 -0.534236 1.155179 -0.154689 4.391409 -6.015589 -2.323713
0.390000 0.451714 0.098501 0.217247 -0.529838 1.149127 -0.157011 4.405440 -6.087248 -2.318397
0.391000 0.451186 0.099647 0.217089 -0.525425 1.143004 -0.159326 4.419152 -6.158422 -2.312924
0.392000 0.450663 0.100787 0.216928 -0.520999 1.136810 -0.161636 4.432497 -6.229116 -2.307258
0.393000 0.450144 0.101921 0.216765 -0.516560 1.130546 -0.163941 4.445242 -6.298988 -2.301381
0.394000 0.449630 0.103048 0.216600 -0.512109 1.124213 -0.166239 4.457184 -6.367728 -2.295247
0.395000 0.449120 0.104169 0.216433 -0.507646 1.117811 -0.168531 4.468177 -6.435100 -2.288760
0.396000 0.448615 0.105284 0.216263 -0.503172 1.111342 -0.170817 4.478104 -6.500903 -2.281800
0.397000 0.448114 0.106392 0.216091 -0.498690 1.104809 -0.173095 4.487000 -6.565245 -2.274243
0.398000 0.447617 0.107494 0.215917 -0.494198 1.098212 -0.175365 4.495037 -6.628470 -2.266045
0.399000 0.447125 0.108589 0.215740 -0.489700 1.091552 -0.177627 4.502313 -6.690673 -2.257318
0.400000 0.446638 0.109677 0.215562 -0.485194 1.084830 -0.179880 4.508833 -6.751697 -2.248265
0.401000 0.446155 0.110758 0.215381 -0.480682 1.078049 -0.182123 4.514683 -6.811617 -2.238998
0.402000 0.445677 0.111833 0.215197 -0.476164 1.071207 -0.184358 4.520008 -6.870711 -2.229494
0.403000 0.445203 0.112901 0.215012 -0.471642 1.064307 -0.186582 4.524791 -6.928945 -2.219695
0.404000 0.444733 0.113961 0.214824 -0.467115 1.057349 -0.188797 4.528857 -6.985947 -2.209562
0.405000 0.444268 0.115015 0.214634 -0.462584 1.050335 -0.191002 4.532051 -7.041405 -2.199044
0.406000 0.443808 0.116062 0.214442 -0.458051 1.043267 -0.193195 4.534259 -7.095121 -2.188074
0.407000 0.443352 0.117102 0.214248 -0.453516 1.036145 -0.195378 4.535391 -7.146960 -2.176572
0.408000 0.442901 0.118134 0.214052 -0.448980 1.028973 -0.197548 4.535486 -7.197063 -2.164443
0.409000 0.442454 0.119160 0.213853 -0.444445 1.021751 -0.199707 4.534698 -7.245774 -2.151628
0.410000 0.442012 0.120178 0.213652 -0.439911 1.014481 -0.201852 4.533105 -7.293195 -2.138194
0.411000 0.441575 0.121189 0.213449 -0.435378 1.007165 -0.203983 4.530697 -7.339198 -2.124285
0.412000 0.441141 0.122192 0.213244 -0.430849 0.999803 -0.206100 4.527541 -7.383862 -2.109968
0.413000 0.440713 0.123188 0.213037 -0.426323 0.992397 -0.208203 4.523765 -7.427452 -2.095207
0.414000 0.440289 0.124177 0.212828 -0.421802 0.984948 -0.210291 4.519354 -7.469939 -2.079970
0.415000 0.439869 0.125158 0.212616 -0.417285 0.977457 -0.212363 4.514157 -7.510978 -2.064264
0.416000 0.439454 0.126132 0.212403 -0.412773 0.969926 -0.214419 4.508043 -7.550276 -2.048076
0.417000 0.439044 0.127098 0.212188 -0.408269 0.962356 -0.216459 4.500920 -7.587640 -2.031361
0.418000 0.438638 0.128057 0.211970 -0.403771 0.954751 -0.218482 4.492720 -7.622928 -2.014057
0.419000 0.438236 0.129008 0.211751 -0.399283 0.947110 -0.220487 4.483487 -7.656260 -1.996069
0.420000 0.437839 0.129951 0.211529 -0.394804 0.939438 -0.222474 4.473357 -7.687949 -1.977328
0.421000 0.437447 0.130886 0.211306 -0.390336 0.931735 -0.224442 4.462389 -7.718100 -1.957878
0.422000 0.437058 0.131814 0.211080 -0.385880 0.924002 -0.226390 4.450559 -7.746604 -1.937842
0.423000 0.436675 0.132734 0.210853 -0.381435 0.916241 -0.228317 4.437914 -7.773541 -1.917268
0.424000 0.436296 0.133647 0.210624 -0.377004 0.908455 -0.230224 4.424563 -7.799145 -1.896106
0.425000 0.435921 0.134551 0.210392 -0.372586 0.900643 -0.232110 4.410499 -7.823361 -1.874329
0.426000 0.435550 0.135448 0.210159 -0.368183 0.892808 -0.233973 4.395591 -7.845836 -1.851958
0.427000 0.435184 0.136337 0.209925 -0.363795 0.884951 -0.235814 4.379733 -7.866289 -1.828995
0.428000 0.434823 0.137218 0.209688 -0.359423 0.877075 -0.237631 4.362857 -7.884564 -1.805410
0.429000 0.434466 0.138091 0.209449 -0.355069 0.869182 -0.239424 4.344918 -7.900577 -1.781155
0.430000 0.434113 0.138956 0.209209 -0.350734 0.861274 -0.241193 4.325966 -7.914472 -1.756144
0.431000 0.433764 0.139814 0.208967 -0.346417 0.853353 -0.242937 4.306132 -7.926561 -1.730317
0.432000 0.433420 0.140663 0.208723 -0.342121 0.845421 -0.244654 4.285482 -7.936974 -1.703752
0.433000 0.433080 0.141505 0.208478 -0.337846 0.837479 -0.246344 4.264010 -7.945654 -1.676621
0.434000 0.432744 0.142338 0.208230 -0.333593 0.829530 -0.248007 4.241773 -7.952705 -1.649001
0.435000 0.432413 0.143164 0.207982 -0.329363 0.821574 -0.249642 4.218875 -7.958345 -1.620846
0.436000 0.432085 0.143981 0.207731 -0.325156 0.813613 -0.251249 4.195314 -7.962522 -1.592112
0.437000 0.431762 0.144791 0.207479 -0.320972 0.805649 -0.252826 4.171002 -7.964942 -1.562793
0.438000 0.431444 0.145592 0.207225 -0.316814 0.797683 -0.254374 4.145932 -7.965542 -1.532833
0.439000 0.431129 0.146386 0.206970 -0.312680 0.789718 -0.255892 4.120201 -7.964553 -1.502129
0.440000 0.430818 0.147172 0.206714 -0.308573 0.781754 -0.257379 4.093866 -7.962132 -1.470621
0.441000 0.430512 0.147950 0.206456 -0.304493 0.773794 -0.258833 4.066908 -7.958259 -1.438317
0.442000 0.430209 0.148720 0.206196 -0.300439 0.765838 -0.260255 4.039306 -7.952895 -1.405257
0.443000 0.429911 0.149481 0.205935 -0.296414 0.757888 -0.261644 4.011032 -7.945981 -1.371538
0.444000 0.429616 0.150235 0.205673 -0.292417 0.749946 -0.262998 3.982056 -7.937439 -1.337292
0.445000 0.429326 0.150981 0.205409 -0.288450 0.742013 -0.264318 3.952419 -7.927370 -1.302559
0.446000 0.429039 0.151719 0.205144 -0.284512 0.734091 -0.265604 3.922210 -7.915982 -1.267286
0.447000 0.428757 0.152449 0.204878 -0.280605 0.726181 -0.266853 3.891437 -7.903240 -1.231463
0.448000 0.428478 0.153172 0.204610 -0.276730 0.718284 -0.268066 3.860037 -7.888905 -1.195137
0.449000 0.428203 0.153886 0.204342 -0.272885 0.710403 -0.269243 3.828012 -7.872933 -1.158290
0.450000 0.427932 0.154592 0.204072 -0.269074 0.702539 -0.270383 3.795446 -7.855530 -1.120833
0.451000 0.427665 0.155291 0.203801 -0.265294 0.694692 -0.271485 3.762384 -7.836827 -1.082724
0.452000 0.427402 0.155982 0.203529 -0.261549 0.686865 -0.272548 3.728812 -7.816825 -1.043970
0.453000 0.427142 0.156665 0.203256 -0.257837 0.679058 -0.273573 3.694773 -7.795652 -1.004529
0.454000 0.426886 0.157340 0.202982 -0.254159 0.671274 -0.274558 3.660366 -7.773554 -0.964327
0.455000 0.426634 0.158007 0.202707 -0.250516 0.663511 -0.275502 3.625649 -7.750621 -0.923394
0.456000 0.426385 0.158667 0.202431 -0.246908 0.655772 -0.276404 3.590614 -7.726746 -0.881850
0.457000 0.426140 0.159319 0.202154 -0.243335 0.648058 -0.277265 3.555234 -7.701782 -0.839811
0.458000 0.425899 0.159963 0.201876 -0.239797 0.640369 -0.278084 3.519447 -7.675513 -0.797373
0.459000 0.425660 0.160600 0.201598 -0.236296 0.632707 -0.278860 3.483169 -7.647681 -0.754623
0.460000 0.425426 0.161229 0.201318 -0.232831 0.625073 -0.279593 3.446393 -7.618241 -0.711560
0.461000 0.425195 0.161850 0.201039 -0.229403 0.617470 -0.280283 3.409182 -7.587378 -0.668095
0.462000 0.424967 0.162463 0.200758 -0.226013 0.609899 -0.280929 3.371570 -7.555220 -0.624176
0.463000 0.424743 0.163070 0.200477 -0.222660 0.602360 -0.281531 3.333529 -7.521759 -0.579822
0.464000 0.424522 0.163668 0.200195 -0.219346 0.594855 -0.282089 3.295039 -7.486978 -0.535084
0.465000 0.424304 0.164259 0.199913 -0.216070 0.587386 -0.282602 3.256090 -7.450855 -0.490077
0.466000 0.424090 0.164843 0.199630 -0.212833 0.579953 -0.283069 3.216679 -7.413359 -0.444946
0.467000 0.423878 0.165419 0.199346 -0.209637 0.572559 -0.283492 3.176851 -7.374590 -0.399738
0.468000 0.423670 0.165988 0.199063 -0.206480 0.565204 -0.283869 3.136677 -7.334721 -0.354402
0.469000 0.423465 0.166550 0.198779 -0.203363 0.557890 -0.284200 3.096173 -7.293744 -0.308936
0.470000 0.423264 0.167104 0.198494 -0.200287 0.550617 -0.284487 3.055301 -7.251490 -0.263405
0.471000 0.423065 0.167651 0.198210 -0.197253 0.543387 -0.284727 3.014069 -7.207941 -0.217801
0.472000 0.422869 0.168191 0.197925 -0.194259 0.536201 -0.284922 2.972550 -7.163261 -0.172041
0.473000 0.422676 0.168723 0.197640 -0.191308 0.529060 -0.285071 2.930795 -7.117558 -0.126094
0.474000 0.422487 0.169249 0.197355 -0.188398 0.521966 -0.285174 2.888823 -7.070842 -0.079987
0.475000 0.422300 0.169767 0.197069 -0.185530 0.514919 -0.285231 2.846679 -7.023218 -0.033692
0.476000 0.422115 0.170279 0.196784 -0.182704 0.507919 -0.285242 2.804435 -6.974895 0.012867
0.477000 0.421934 0.170783 0.196499 -0.179921 0.500969 -0.285205 2.762108 -6.925990 0.059670
0.478000 0.421756 0.171281 0.196214 -0.177180 0.494067 -0.285122 2.719663 -6.876487 0.106604
0.479000 0.421580 0.171771 0.195929 -0.174482 0.487216 -0.284992 2.677069 -6.826319 0.153554
0.480000 0.421407 0.172255 0.195644 -0.171826 0.480415 -0.284815 2.634309 -6.775338 0.200405
0.481000 0.421236 0.172732 0.195359 -0.169213 0.473665 -0.284591 2.591372 -6.723345 0.247041
0.482000 0.421068 0.173202 0.195075 -0.166643 0.466968 -0.284321 2.548288 -6.670300 0.293445
0.483000 0.420903 0.173666 0.194790 -0.164117 0.460325 -0.284005 2.505119 -6.616333 0.339690
0.484000 0.420740 0.174123 0.194507 -0.161633 0.453735 -0.283642 2.461890 -6.561533 0.385803
0.485000 0.420580 0.174573 0.194223 -0.159193 0.447201 -0.283233 2.418590 -6.505904 0.431757
0.486000 0.420422 0.175017 0.193940 -0.156796 0.440724 -0.282778 2.375241 -6.449533 0.477578
0.487000 0.420266 0.175455 0.193658 -0.154442 0.434302 -0.282278 2.331905 -6.392597 0.523339
0.488000 0.420113 0.175886 0.193376 -0.152132 0.427938 -0.281732 2.288623 -6.335195 0.569019
0.489000 0.419962 0.176311 0.193094 -0.149865 0.421632 -0.281140 2.245401 -6.277312 0.614503
0.490000 0.419813 0.176729 0.192813 -0.147641 0.415384 -0.280503 2.202245 -6.218892 0.659681
0.491000 0.419666 0.177141 0.192533 -0.145461 0.409194 -0.279820 2.159156 -6.159812 0.704462
0.492000 0.419522 0.177548 0.192254 -0.143323 0.403064 -0.279094 2.116134 -6.099911 0.748759
0.493000 0.419380 0.177948 0.191975 -0.141228 0.396994 -0.278323 2.073212 -6.039160 0.792572
0.494000 0.419240 0.178342 0.191697 -0.139176 0.390986 -0.277509 2.030446 -5.977682 0.835969
0.495000 0.419101 0.178730 0.191420 -0.137167 0.385039 -0.276651 1.987865 -5.915580 0.878948
0.496000 0.418965 0.179112 0.191144 -0.135201 0.379155 -0.275751 1.945467 -5.852893 0.921440
0.497000 0.418831 0.179488 0.190868 -0.133276 0.373333 -0.274808 1.903277 -5.789721 0.963444
0.498000 0.418699 0.179858 0.190594 -0.131394 0.367575 -0.273824 1.861355 -5.726239 1.005035
0.499000 0.418568 0.180223 0.190321 -0.129554 0.361881 -0.272798 1.819746 -5.662561 1.046232
0.500000 0.418440 0.180582 0.190049 -0.127755 0.356250 -0.271731 1.778469 -5.598715 1.086981
0.501000 0.418313 0.180936 0.189777 -0.125997 0.350683 -0.270624 1.737533 -5.534701 1.127214
0.502000 0.418188 0.181283 0.189507 -0.124280 0.345181 -0.269477 1.696927 -5.470464 1.166850
0.503000 0.418064 0.181626 0.189238 -0.122603 0.339742 -0.268290 1.656634 -5.405920 1.205795
0.504000 0.417942 0.181963 0.188971 -0.120966 0.334369 -0.267065 1.616666 -5.341083 1.244040
0.505000 0.417822 0.182295 0.188704 -0.119370 0.329060 -0.265802 1.577071 -5.276067 1.281642
0.506000 0.417704 0.182621 0.188439 -0.117812 0.323817 -0.264502 1.537882 -5.210945 1.318589
0.507000 0.417587 0.182942 0.188175 -0.116294 0.318638 -0.263165 1.499114 -5.145729 1.354798
0.508000 0.417471 0.183258 0.187913 -0.114814 0.313525 -0.261792 1.460799 -5.080487 1.390259
0.509000 0.417357 0.183569 0.187652 -0.113372 0.308477 -0.260385 1.422988 -5.015344 1.425043
0.510000 0.417244 0.183875 0.187392 -0.111968 0.303495 -0.258942 1.385711 -4.950358 1.459185
0.511000 0.417133 0.184176 0.187134 -0.110601 0.298577 -0.257466 1.348975 -4.885522 1.492665
0.512000 0.417023 0.184472 0.186877 -0.109270 0.293724 -0.255957 1.312807 -4.820881 1.525514
0.513000 0.416915 0.184764 0.186622 -0.107975 0.288935 -0.254415 1.277254 -4.756520 1.557798
0.514000 0.416807 0.185050 0.186368 -0.106716 0.284211 -0.252841 1.242340 -4.692427 1.589498
0.515000 0.416701 0.185332 0.186116 -0.105491 0.279550 -0.251236 1.208061 -4.628496 1.620506
0.516000 0.416596 0.185609 0.185866 -0.104299 0.274954 -0.249600 1.174415 -4.564649 1.650720
0.517000 0.416493 0.185882 0.185617 -0.103142 0.270421 -0.247935 1.141396 -4.500866 1.680053
0.518000 0.416390 0.186150 0.185370 -0.102017 0.265952 -0.246240 1.108999 -4.437157 1.708425
0.519000 0.416288 0.186414 0.185125 -0.100924 0.261546 -0.244518 1.077244 -4.373591 1.735836
0.520000 0.416188 0.186673 0.184881 -0.099862 0.257205 -0.242769 1.046177 -4.310285 1.762374
0.521000 0.416089 0.186928 0.184639 -0.098831 0.252926 -0.240993 1.015842 -4.247299 1.788106
0.522000 0.415990 0.187179 0.184399 -0.097830 0.248710 -0.239192 0.986268 -4.184645 1.813065
0.523000 0.415893 0.187426 0.184161 -0.096859 0.244557 -0.237367 0.957493 -4.122376 1.837316
0.524000 0.415797 0.187668 0.183924 -0.095916 0.240465 -0.235518 0.929562 -4.060589 1.860940
0.525000 0.415701 0.187907 0.183690 -0.095000 0.236435 -0.233645 0.902489 -3.999332 1.883927
0.526000 0.415607 0.188141 0.183457 -0.094111 0.232467 -0.231750 0.876260 -3.938586 1.906185
0.527000 0.415513 0.188372 0.183226 -0.093247 0.228558 -0.229833 0.850860 -3.878331 1.927631
0.528000 0.415420 0.188598 0.182997 -0.092409 0.224710 -0.227895 0.826272 -3.818541 1.948193
0.529000 0.415328 0.188821 0.182770 -0.091595 0.220921 -0.225936 0.802481 -3.759187 1.967807
0.530000 0.415237 0.189040 0.182545 -0.090804 0.217192 -0.223959 0.779497 -3.700301 1.986480
0.531000 0.415147 0.189256 0.182322 -0.090036 0.213521 -0.221963 0.757356 -3.641972 2.004290
0.532000 0.415057 0.189467 0.182101 -0.089289 0.209908 -0.219950 0.736092 -3.584271 2.021285
0.533000 0.414968 0.189675 0.181882 -0.088563 0.206352 -0.217921 0.715723 -3.527234 2.037477
0.534000 0.414880 0.189880 0.181666 -0.087858 0.202853 -0.215875 0.696278 -3.470923 2.052916
0.535000 0.414792 0.190081 0.181451 -0.087171 0.199410 -0.213815 0.677783 -3.415405 2.067679
0.536000 0.414705 0.190279 0.181238 -0.086502 0.196022 -0.211740 0.660218 -3.360663 2.081788
0.537000 0.414619 0.190473 0.181027 -0.085850 0.192689 -0.209651 0.643527 -3.306611 2.095199
0.538000 0.414534 0.190664 0.180819 -0.085215 0.189409 -0.207550 0.627673 -3.253181 2.107855
0.539000 0.414449 0.190852 0.180612 -0.084595 0.186183 -0.205436 0.612647 -3.200353 2.119687
0.540000 0.414365 0.191036 0.180408 -0.083990 0.183008 -0.203310 0.598457 -3.148125 2.130611
0.541000 0.414281 0.191218 0.180205 -0.083398 0.179886 -0.201174 0.585128 -3.096540 2.140614
0.542000 0.414198 0.191396 0.180005 -0.082820 0.176815 -0.199029 0.572691 -3.045673 2.149760
0.543000 0.414115 0.191572 0.179807 -0.082253 0.173795 -0.196875 0.561148 -2.995563 2.158103
0.544000 0.414033 0.191744 0.179612 -0.081697 0.170824 -0.194713 0.550477 -2.946210 2.165666
0.545000 0.413952 0.191913 0.179418 -0.081152 0.167902 -0.192544 0.540677 -2.897645 2.172503
0.546000 0.413871 0.192080 0.179227 -0.080616 0.165029 -0.190368 0.531766 -2.849920 2.178690
0.547000 0.413791 0.192243 0.179037 -0.080088 0.162203 -0.188186 0.523741 -2.803036 2.184251
0.548000 0.413711 0.192404 0.178850 -0.079568 0.159423 -0.185999 0.516573 -2.756941 2.189158
0.549000 0.413632 0.192562 0.178665 -0.079055 0.156689 -0.183808 0.510233 -2.711588 2.193378
0.550000 0.413553 0.192717 0.178483 -0.078548 0.154000 -0.181613 0.504692 -2.666941 2.196878
0.551000 0.413474 0.192870 0.178302 -0.078046 0.151355 -0.179414 0.499918 -2.622973 2.199621
0.552000 0.413397 0.193020 0.178124 -0.077548 0.148754 -0.177213 0.495907 -2.579698 2.201624
0.553000 0.413319 0.193168 0.177948 -0.077054 0.146195 -0.175011 0.492674 -2.537181 2.202959
0.554000 0.413243 0.193313 0.177774 -0.076563 0.143679 -0.172807 0.490211 -2.495482 2.203685
0.555000 0.413166 0.193455 0.177602 -0.076074 0.141205 -0.170604 0.488492 -2.454640 2.203836
0.556000 0.413090 0.193595 0.177433 -0.075586 0.138770 -0.168400 0.487509 -2.414709 2.203467
0.557000 0.413015 0.193732 0.177265 -0.075099 0.136375 -0.166197 0.487276 -2.375744 2.202653
0.558000 0.412940 0.193868 0.177100 -0.074611 0.134019 -0.163994 0.487783 -2.337747 2.201422
0.559000 0.412866 0.194001 0.176937 -0.074123 0.131700 -0.161794 0.489003 -2.300678 2.199766
0.560000 0.412792 0.194131 0.176777 -0.073633 0.129417 -0.159595 0.490925 -2.264535 2.197707
0.561000 0.412719 0.194259 0.176618 -0.073141 0.127171 -0.157398 0.493561 -2.229351 2.195299
0.562000 0.412646 0.194385 0.176462 -0.072646 0.124959 -0.155204 0.496900 -2.195142 2.192561
0.563000 0.412573 0.194509 0.176308 -0.072147 0.122780 -0.153013 0.500907 -2.161887 2.189469
0.564000 0.412501 0.194631 0.176156 -0.071644 0.120635 -0.150825 0.505545 -2.129564 2.186005
0.565000 0.412430 0.194751 0.176006 -0.071136 0.118521 -0.148641 0.510776 -2.098150 2.182164
0.566000 0.412359 0.194868 0.175858 -0.070623 0.116438 -0.146461 0.516564 -2.067618 2.177946
0.567000 0.412289 0.194983 0.175713 -0.070103 0.114386 -0.144285 0.522895 -2.037972 2.173387
0.568000 0.412219 0.195097 0.175570 -0.069577 0.112363 -0.142114 0.529777 -2.009233 2.168547
0.569000 0.412150 0.195208 0.175429 -0.069044 0.110367 -0.139948 0.537197 -1.981377 2.163457
0.570000 0.412081 0.195318 0.175290 -0.068503 0.108400 -0.137787 0.545121 -1.954342 2.158119
0.571000 0.412013 0.195425 0.175153 -0.067953 0.106459 -0.135632 0.553534 -1.928102 2.152558
0.572000 0.411945 0.195530 0.175019 -0.067395 0.104544 -0.133482 0.562442 -1.902681 2.146827
0.573000 0.411878 0.195634 0.174886 -0.066828 0.102653 -0.131338 0.571829 -1.878095 2.140948
0.574000 0.411811 0.195736 0.174756 -0.066252 0.100787 -0.129200 0.581654 -1.854340 2.134909
0.575000 0.411745 0.195836 0.174628 -0.065665 0.098945 -0.127069 0.591887 -1.831408 2.128704
0.576000 0.411680 0.195934 0.174502 -0.065068 0.097125 -0.124943 0.602508 -1.809289 2.122341
0.577000 0.411615 0.196030 0.174378 -0.064460 0.095326 -0.122824 0.613510 -1.787971 2.115833
0.578000 0.411551 0.196124 0.174256 -0.063841 0.093549 -0.120711 0.624898 -1.767465 2.109220
0.579000 0.411487 0.196217 0.174137 -0.063210 0.091791 -0.118605 0.636684 -1.747792 2.102548
0.580000 0.411425 0.196308 0.174019 -0.062568 0.090053 -0.116506 0.648850 -1.728934 2.095826
0.581000 0.411362 0.196397 0.173904 -0.061913 0.088333 -0.114414 0.661356 -1.710844 2.089033
0.582000 0.411301 0.196485 0.173790 -0.061245 0.086631 -0.112328 0.674182 -1.693502 2.082173
0.583000 0.411240 0.196570 0.173679 -0.060564 0.084946 -0.110249 0.687325 -1.676921 2.075274
0.584000 0.411180 0.196654 0.173570 -0.059870 0.083277 -0.108178 0.700764 -1.661103 2.068337
0.585000 0.411120 0.196737 0.173463 -0.059163 0.081624 -0.106113 0.714451 -1.646019 2.061326
0.586000 0.411061 0.196818 0.173357 -0.058441 0.079985 -0.104055 0.728335 -1.631634 2.054214
0.587000 0.411003 0.196897 0.173254 -0.057706 0.078361 -0.102004 0.742368 -1.617893 2.046986
0.588000 0.410946 0.196974 0.173153 -0.056957 0.076750 -0.099961 0.756499 -1.604733 2.039633
0.589000 0.410889 0.197050 0.173055 -0.056193 0.075151 -0.097925 0.770702 -1.592122 2.032172
0.590000 0.410833 0.197125 0.172958 -0.055415 0.073565 -0.095897 0.784971 -1.580064 2.024639
0.591000 0.410778 0.197197 0.172863 -0.054623 0.071991 -0.093876 0.799278 -1.568546 2.017047
0.592000 0.410724 0.197269 0.172770 -0.053817 0.070428 -0.091863 0.813577 -1.557538 2.009385
0.593000 0.410671 0.197338 0.172679 -0.052996 0.068876 -0.089857 0.827836 -1.547029 2.001662
0.594000 0.410618 0.197406 0.172590 -0.052161 0.067334 -0.087859 0.842048 -1.537024 1.993907
0.595000 0.410566 0.197473 0.172503 -0.051312 0.065802 -0.085869 0.856182 -1.527508 1.986123
0.596000 0.410516 0.197538 0.172418 -0.050449 0.064279 -0.083887 0.870187 -1.518444 1.978295
0.597000 0.410466 0.197602 0.172335 -0.049571 0.062765 -0.081913 0.884031 -1.509812 1.970421
0.598000 0.410416 0.197664 0.172255 -0.048681 0.061260 -0.079946 0.897714 -1.501604 1.962524
0.599000 0.410368 0.197724 0.172176 -0.047776 0.059762 -0.077988 0.911226 -1.493771 1.954598
0.600000 0.410321 0.197783 0.172099 -0.046858 0.058272 -0.076037 0.924542 -1.486233 1.946615
0.601000 0.410275 0.197841 0.172024 -0.045927 0.056790 -0.074094 0.937626 -1.478915 1.938542
0.602000 0.410229 0.197897 0.171950 -0.044983 0.055314 -0.072160 0.950427 -1.471754 1.930346
0.603000 0.410185 0.197951 0.171879 -0.044026 0.053846 -0.070234 0.962883 -1.464697 1.921990
0.604000 0.410141 0.198004 0.171810 -0.043057 0.052385 -0.068316 0.974956 -1.457716 1.913463
0.605000 0.410098 0.198056 0.171743 -0.042076 0.050931 -0.066407 0.986627 -1.450802 1.904770
0.606000 0.410057 0.198106 0.171677 -0.041084 0.049483 -0.064506 0.997857 -1.443922 1.895895
0.607000 0.410016 0.198155 0.171614 -0.040080 0.048043 -0.062615 1.008584 -1.437024 1.886801
0.608000 0.409977 0.198202 0.171552 -0.039067 0.046609 -0.060733 1.018765 -1.430073 1.877466
0.609000 0.409938 0.198248 0.171492 -0.038043 0.045183 -0.058860 1.028379 -1.423055 1.867879
0.610000 0.409901 0.198293 0.171434 -0.037010 0.043763 -0.056997 1.037380 -1.415933 1.857990
0.611000 0.409864 0.198336 0.171378 -0.035968 0.042351 -0.055144 1.045701 -1.408643 1.847717
0.612000 0.409829 0.198377 0.171324 -0.034919 0.040946 -0.053302 1.053280 -1.401120 1.836980
0.613000 0.409794 0.198418 0.171272 -0.033862 0.039549 -0.051470 1.060069 -1.393297 1.825716
0.614000 0.409761 0.198456 0.171221 -0.032798 0.038159 -0.049650 1.066030 -1.385106 1.813866
0.615000 0.409729 0.198494 0.171172 -0.031730 0.036778 -0.047842 1.071138 -1.376504 1.801399
0.616000 0.409697 0.198530 0.171125 -0.030656 0.035406 -0.046047 1.075375 -1.367466 1.788300
0.617000 0.409667 0.198565 0.171080 -0.029579 0.034043 -0.044266 1.078690 -1.357946 1.774534
0.618000 0.409638 0.198598 0.171037 -0.028499 0.032690 -0.042498 1.081012 -1.347874 1.760042
0.619000 0.409610 0.198630 0.170995 -0.027417 0.031348 -0.040746 1.082288 -1.337204 1.744785
0.620000 0.409583 0.198661 0.170955 -0.026334 0.030016 -0.039009 1.082495 -1.325903 1.728730
0.621000 0.409558 0.198690 0.170917 -0.025252 0.028696 -0.037288 1.081602 -1.313921 1.711811
0.622000 0.409533 0.198718 0.170881 -0.024171 0.027388 -0.035585 1.079563 -1.301179 1.693922
0.623000 0.409509 0.198745 0.170846 -0.023093 0.026093 -0.033900 1.076319 -1.287598 1.674968
0.624000 0.409487 0.198770 0.170813 -0.022018 0.024813 -0.032235 1.071797 -1.273096 1.654864
0.625000 0.409465 0.198795 0.170781 -0.020949 0.023547 -0.030591 1.065914 -1.257591 1.633535
0.626000 0.409445 0.198818 0.170752 -0.019886 0.022298 -0.028968 1.058609 -1.241027 1.610929
0.627000 0.409426 0.198839 0.170724 -0.018832 0.021065 -0.027369 1.049853 -1.223363 1.587014
0.628000 0.409407 0.198860 0.170697 -0.017787 0.019851 -0.025794 1.039608 -1.204540 1.561736
0.629000 0.409390 0.198879 0.170672 -0.016753 0.018656 -0.024245 1.027824 -1.184476 1.535019
0.630000 0.409374 0.198897 0.170648 -0.015731 0.017482 -0.022724 1.014462 -1.163107 1.506802
0.631000 0.409359 0.198914 0.170626 -0.014724 0.016330 -0.021232 0.999487 -1.140390 1.477026
0.632000 0.409344 0.198930 0.170606 -0.013732 0.015201 -0.019770 0.982833 -1.116260 1.445581
0.633000 0.409331 0.198944 0.170587 -0.012758 0.014097 -0.018340 0.964410 -1.090626 1.412311
0.634000 0.409319 0.198958 0.170569 -0.011803 0.013020 -0.016945 0.944132 -1.063393 1.377078
0.635000 0.409307 0.198970 0.170553 -0.010870 0.011971 -0.015586 0.921931 -1.034470 1.339770
0.636000 0.409297 0.198982 0.170538 -0.009959 0.010951 -0.014266 0.897745 -1.003760 1.300293
0.637000 0.409288 0.198992 0.170525 -0.009074 0.009963 -0.012986 0.871530 -0.971194 1.258578
0.638000 0.409279 0.199002 0.170512 -0.008216 0.009009 -0.011749 0.843253 -0.936733 1.214568
0.639000 0.409271 0.199010 0.170501 -0.007388 0.008090 -0.010557 0.812870 -0.900329 1.168167
0.640000 0.409264 0.199018 0.170491 -0.006591 0.007208 -0.009412 0.780319 -0.861923 1.119251
0.641000 0.409258 0.199025 0.170482 -0.005827 0.006366 -0.008318 0.745554 -0.821466 1.067716
0.642000 0.409252 0.199031 0.170474 -0.005100 0.005565 -0.007277 0.708539 -0.778914 1.013471
0.643000 0.409248 0.199036 0.170468 -0.004410 0.004808 -0.006291 0.669226 -0.734193 0.956362
0.644000 0.409244 0.199040 0.170462 -0.003761 0.004097 -0.005364 0.627547 -0.687200 0.896186
0.645000 0.409240 0.199044 0.170457 -0.003155 0.003434 -0.004499 0.583435 -0.637834 0.832754
0.646000 0.409237 0.199047 0.170453 -0.002594 0.002821 -0.003699 0.536822 -0.585990 0.765908
0.647000 0.409235 0.199050 0.170450 -0.002081 0.002262 -0.002967 0.487640 -0.531564 0.695506
0.648000 0.409233 0.199052 0.170447 -0.001619 0.001758 -0.002308 0.231199 -0.251847 0.329700
0.649000 0.409232 0.199053 0.170445 -0.001619 0.001758 -0.002308 0.231199 -0.251847 0.329700
