0.000000 0.670154 -0.194691 0.137306 0.002533 -0.011820 0.004235 -0.442129 0.201945 0.480474
0.001000 0.670157 -0.194703 0.137309 0.002533 -0.011820 0.004235 -0.442129 0.201945 0.480474
0.002000 0.670159 -0.194714 0.137314 0.001649 -0.011416 0.005196 -0.905177 0.418557 0.979673
0.003000 0.670160 -0.194726 0.137320 0.000723 -0.010983 0.006194 -0.947496 0.448287 1.017322
0.004000 0.670161 -0.194736 0.137327 -0.000246 -0.010520 0.007230 -0.990782 0.478797 1.055344
0.005000 0.670160 -0.194747 0.137334 -0.001259 -0.010026 0.008305 -1.035035 0.510065 1.093697
0.006000 0.670158 -0.194756 0.137343 -0.002316 -0.009500 0.009418 -1.080253 0.542074 1.132350
0.007000 0.670155 -0.194766 0.137353 -0.003419 -0.008941 0.010569 -1.126436 0.574825 1.171295
0.008000 0.670151 -0.194774 0.137364 -0.004569 -0.008350 0.011760 -1.173579 0.608324 1.210544
0.009000 0.670146 -0.194782 0.137377 -0.005766 -0.007725 0.012990 -1.221680 0.642580 1.250121
0.010000 0.670140 -0.194790 0.137390 -0.007012 -0.007065 0.014260 -1.270733 0.677599 1.290036
0.011000 0.670132 -0.194796 0.137405 -0.008308 -0.006370 0.015570 -1.320732 0.713379 1.330266
0.012000 0.670123 -0.194802 0.137421 -0.009654 -0.005638 0.016921 -1.371669 0.749899 1.370746
0.013000 0.670113 -0.194808 0.137439 -0.011051 -0.004870 0.018312 -1.423536 0.787133 1.411393
0.014000 0.670101 -0.194812 0.137458 -0.012501 -0.004064 0.019744 -1.476323 0.825072 1.452139
0.015000 0.670088 -0.194816 0.137479 -0.014004 -0.003220 0.021216 -1.530018 0.863734 1.492944
0.016000 0.670073 -0.194819 0.137500 -0.015561 -0.002336 0.022730 -1.584608 0.903156 1.533786
0.017000 0.670057 -0.194821 0.137524 -0.017173 -0.001413 0.024284 -1.640078 0.943365 1.574645
0.018000 0.670039 -0.194821 0.137549 -0.018841 -0.000450 0.025879 -1.696414 0.984361 1.615507
0.019000 0.670019 -0.194821 0.137576 -0.020566 0.000555 0.027515 -1.753596 1.026123 1.656374
0.020000 0.669998 -0.194820 0.137604 -0.022348 0.001603 0.029192 -1.811607 1.068615 1.697255
0.021000 0.669974 -0.194818 0.137634 -0.024189 0.002693 0.030909 -1.870426 1.111812 1.738144
0.022000 0.669949 -0.194815 0.137666 -0.026089 0.003826 0.032668 -1.930041 1.155701 1.779000
0.023000 0.669922 -0.194811 0.137699 -0.028049 0.005004 0.034467 -1.990453 1.200277 1.819745
0.024000 0.669893 -0.194805 0.137735 -0.030070 0.006227 0.036307 -2.051672 1.245535 1.860280
0.025000 0.669862 -0.194798 0.137772 -0.032152 0.007495 0.038188 -2.113703 1.291471 1.900541
0.026000 0.669829 -0.194790 0.137811 -0.034297 0.008810 0.040109 -2.176553 1.338077 1.940523
0.027000 0.669793 -0.194780 0.137852 -0.036505 0.010171 0.042069 -2.240226 1.385346 1.980250
0.028000 0.669756 -0.194770 0.137895 -0.038778 0.011580 0.044069 -2.304711 1.433268 2.019738
0.029000 0.669716 -0.194757 0.137940 -0.041115 0.013038 0.046108 -2.369983 1.481833 2.058986
0.030000 0.669674 -0.194744 0.137988 -0.043518 0.014544 0.048187 -2.436004 1.531028 2.098003
0.031000 0.669629 -0.194728 0.138037 -0.045987 0.016100 0.050304 -2.502734 1.580841 2.136812
0.032000 0.669582 -0.194711 0.138088 -0.048523 0.017706 0.052461 -2.570130 1.631257 2.175417
0.033000 0.669532 -0.194693 0.138142 -0.051127 0.019362 0.054655 -2.638155 1.682272 2.213799
0.034000 0.669479 -0.194673 0.138197 -0.053800 0.021070 0.056888 -2.706788 1.733891 2.251934
0.035000 0.669424 -0.194651 0.138256 -0.056541 0.022830 0.059159 -2.776011 1.786130 2.289803
0.036000 0.669366 -0.194627 0.138316 -0.059352 0.024643 0.061468 -2.845796 1.838994 2.327376
0.037000 0.669305 -0.194601 0.138378 -0.062232 0.026508 0.063814 -2.916108 1.892481 2.364614
0.038000 0.669242 -0.194574 0.138443 -0.065184 0.028428 0.066197 -2.986915 1.946592 2.401484
0.039000 0.669175 -0.194545 0.138511 -0.068206 0.030401 0.068617 -3.058190 2.001337 2.437958
0.040000 0.669105 -0.194513 0.138581 -0.071300 0.032430 0.071073 -3.129905 2.056723 2.474006
0.041000 0.669032 -0.194480 0.138653 -0.074466 0.034515 0.073565 -3.202027 2.112754 2.509594
0.042000 0.668956 -0.194444 0.138728 -0.077704 0.036656 0.076092 -3.274520 2.169433 2.544690
0.043000 0.668877 -0.194406 0.138805 -0.081015 0.038854 0.078654 -3.347340 2.226751 2.579248
0.044000 0.668794 -0.194366 0.138885 -0.084399 0.041109 0.081251 -3.420440 2.284683 2.613223
0.045000 0.668708 -0.194324 0.138968 -0.087856 0.043423 0.083881 -3.493792 2.343190 2.646592
0.046000 0.668619 -0.194280 0.139053 -0.091386 0.045796 0.086544 -3.567380 2.402232 2.679340
0.047000 0.668525 -0.194233 0.139141 -0.094991 0.048227 0.089239 -3.641170 2.461766 2.711439
0.048000 0.668429 -0.194183 0.139231 -0.098669 0.050719 0.091967 -3.715113 2.521756 2.742845
0.049000 0.668328 -0.194131 0.139325 -0.102421 0.053271 0.094725 -3.789169 2.582181 2.773523
0.050000 0.668224 -0.194077 0.139421 -0.106247 0.055883 0.097514 -3.863312 2.643027 2.803454
0.051000 0.668116 -0.194019 0.139520 -0.110148 0.058557 0.100332 -3.937522 2.704285 2.832615
0.052000 0.668004 -0.193959 0.139621 -0.114122 0.061292 0.103179 -4.011792 2.765962 2.860982
0.053000 0.667887 -0.193897 0.139726 -0.118171 0.064089 0.106054 -4.086116 2.828069 2.888527
0.054000 0.667767 -0.193831 0.139834 -0.122294 0.066948 0.108956 -4.160466 2.890599 2.915207
0.055000 0.667643 -0.193763 0.139944 -0.126492 0.069870 0.111884 -4.234794 2.953530 2.940990
0.056000 0.667514 -0.193692 0.140057 -0.130764 0.072855 0.114838 -4.309088 3.016849 2.965899
0.057000 0.667381 -0.193617 0.140174 -0.135110 0.075904 0.117816 -4.383357 3.080555 2.989992
0.058000 0.667244 -0.193540 0.140293 -0.139531 0.079016 0.120818 -4.457577 3.144629 3.013289
0.059000 0.667102 -0.193459 0.140415 -0.144025 0.082193 0.123843 -4.531675 3.209036 3.035757
0.060000 0.666956 -0.193375 0.140541 -0.148594 0.085434 0.126890 -4.605571 3.273753 3.057359
0.061000 0.666805 -0.193288 0.140669 -0.153237 0.088741 0.129957 -4.679192 3.338765 3.078076
0.062000 0.666649 -0.193198 0.140801 -0.157952 0.092112 0.133046 -4.752446 3.404043 3.097865
0.063000 0.666489 -0.193104 0.140935 -0.162741 0.095549 0.136153 -4.825245 3.469551 3.116659
0.064000 0.666324 -0.193007 0.141073 -0.167603 0.099051 0.139279 -4.897537 3.535277 3.134407
0.065000 0.666154 -0.192906 0.141214 -0.172536 0.102619 0.142422 -4.969308 3.601231 3.151088
0.066000 0.665979 -0.192802 0.141358 -0.177542 0.106254 0.145581 -5.040553 3.667413 3.166701
0.067000 0.665799 -0.192693 0.141505 -0.182618 0.109954 0.148755 -5.111298 3.733801 3.181291
0.068000 0.665614 -0.192582 0.141655 -0.187764 0.113721 0.151944 -5.181576 3.800363 3.194922
0.069000 0.665423 -0.192466 0.141809 -0.192981 0.117555 0.155145 -5.251368 3.867047 3.207607
0.070000 0.665228 -0.192346 0.141966 -0.198267 0.121455 0.158359 -5.320589 3.933790 3.219300
0.071000 0.665027 -0.192223 0.142126 -0.203622 0.125422 0.161584 -5.389162 4.000557 3.229960
0.072000 0.664820 -0.192096 0.142289 -0.209045 0.129456 0.164819 -5.457025 4.067328 3.239567
0.073000 0.664609 -0.191964 0.142455 -0.214536 0.133557 0.168063 -5.524089 4.134063 3.248069
0.074000 0.664391 -0.191829 0.142625 -0.220093 0.137724 0.171315 -5.590239 4.200706 3.255376
0.075000 0.664169 -0.191689 0.142798 -0.225716 0.141958 0.174574 -5.655397 4.267230 3.261405
0.076000 0.663940 -0.191545 0.142974 -0.231404 0.146259 0.177838 -5.719531 4.333645 3.266100
0.077000 0.663706 -0.191396 0.143153 -0.237156 0.150626 0.181106 -5.782639 4.399963 3.269428
0.078000 0.663466 -0.191243 0.143336 -0.242969 0.155059 0.184377 -5.844773 4.466208 3.271396
0.079000 0.663220 -0.191086 0.143522 -0.248845 0.159558 0.187649 -5.906012 4.532407 3.272035
0.080000 0.662968 -0.190924 0.143711 -0.254781 0.164124 0.190921 -5.966356 4.598541 3.271327
0.081000 0.662710 -0.190758 0.143904 -0.260778 0.168755 0.194191 -6.025714 4.664545 3.269210
0.082000 0.662446 -0.190587 0.144100 -0.266833 0.173453 0.197459 -6.084001 4.730366 3.265659
0.083000 0.662177 -0.190411 0.144299 -0.272946 0.178216 0.200723 -6.141166 4.795973 3.260688
0.084000 0.661901 -0.190230 0.144501 -0.279115 0.183045 0.203981 -6.197111 4.861308 3.254266
0.085000 0.661618 -0.190045 0.144707 -0.285340 0.187939 0.207231 -6.251711 4.926296 3.246318
0.086000 0.661330 -0.189854 0.144916 -0.291619 0.192897 0.210473 -6.304904 4.990916 3.236808
0.087000 0.661035 -0.189659 0.145128 -0.297950 0.197920 0.213705 -6.356682 5.055186 3.225734
0.088000 0.660734 -0.189459 0.145343 -0.304332 0.203008 0.216925 -6.406979 5.119082 3.213060
0.089000 0.660426 -0.189253 0.145562 -0.310764 0.208159 0.220131 -6.455696 5.182539 3.198728
0.090000 0.660112 -0.189042 0.145783 -0.317243 0.213373 0.223322 -6.502828 5.245547 3.182765
0.091000 0.659792 -0.188826 0.146008 -0.323769 0.218650 0.226496 -6.548455 5.308148 3.165274
0.092000 0.659465 -0.188605 0.146236 -0.330340 0.223989 0.229653 -6.592628 5.370371 3.146347
0.093000 0.659131 -0.188378 0.146468 -0.336955 0.229390 0.232789 -6.635344 5.432225 3.126057
0.094000 0.658791 -0.188146 0.146702 -0.343611 0.234854 0.235905 -6.676569 5.493705 3.104467
0.095000 0.658444 -0.187909 0.146939 -0.350308 0.240378 0.238998 -6.716193 5.554751 3.081561
0.096000 0.658090 -0.187665 0.147180 -0.357043 0.245963 0.242068 -6.754072 5.615274 3.057252
0.097000 0.657730 -0.187417 0.147424 -0.363816 0.251608 0.245113 -6.790155 5.675251 3.031471
0.098000 0.657363 -0.187162 0.147670 -0.370624 0.257314 0.248131 -6.824489 5.734730 3.004205
0.099000 0.656989 -0.186902 0.147920 -0.377465 0.263078 0.251121 -6.857138 5.793767 2.975477
0.100000 0.656608 -0.186636 0.148172 -0.384338 0.268901 0.254082 -6.888208 5.852446 2.945387
0.101000 0.656220 -0.186364 0.148428 -0.391241 0.274783 0.257012 -6.917821 5.910862 2.914072
0.102000 0.655825 -0.186086 0.148687 -0.398174 0.280723 0.259910 -6.945975 5.969015 2.881579
0.103000 0.655424 -0.185803 0.148948 -0.405133 0.286721 0.262775 -6.972542 6.026808 2.847860
0.104000 0.655015 -0.185513 0.149212 -0.412119 0.292776 0.265606 -6.997432 6.084161 2.812909
0.105000 0.654599 -0.185217 0.149479 -0.419128 0.298889 0.268401 -7.020623 6.141030 2.776773
0.106000 0.654177 -0.184915 0.149749 -0.426160 0.305058 0.271159 -7.042014 6.197323 2.739436
0.107000 0.653747 -0.184607 0.150021 -0.433212 0.311284 0.273880 -7.061447 6.252929 2.700809
0.108000 0.653310 -0.184293 0.150297 -0.440283 0.317564 0.276561 -7.078880 6.307842 2.660843
0.109000 0.652867 -0.183972 0.150575 -0.447370 0.323899 0.279201 -7.094392 6.362147 2.619567
0.110000 0.652416 -0.183645 0.150855 -0.454472 0.330289 0.281800 -7.108080 6.415935 2.577044
0.111000 0.651958 -0.183311 0.151138 -0.461586 0.336731 0.284355 -7.120082 6.469306 2.533416
0.112000 0.651492 -0.182971 0.151424 -0.468712 0.343227 0.286867 -7.130552 6.522361 2.488861
0.113000 0.651020 -0.182625 0.151712 -0.475847 0.349776 0.289333 -7.139494 6.575090 2.443449
0.114000 0.650541 -0.182272 0.152002 -0.482991 0.356377 0.291754 -7.146764 6.627370 2.397136
0.115000 0.650054 -0.181912 0.152295 -0.490141 0.363031 0.294127 -7.152281 6.679106 2.349913
0.116000 0.649560 -0.181546 0.152591 -0.497295 0.369736 0.296454 -7.156047 6.730254 2.301837
0.117000 0.649060 -0.181173 0.152888 -0.504453 0.376491 0.298731 -7.157965 6.780709 2.252891
0.118000 0.648552 -0.180793 0.153188 -0.511611 0.383297 0.300959 -7.157866 6.830343 2.202977
0.119000 0.648036 -0.180406 0.153490 -0.518769 0.390152 0.303137 -7.155709 6.879157 2.152050
0.120000 0.647514 -0.180013 0.153794 -0.525923 0.397055 0.305263 -7.151607 6.927277 2.100145
0.121000 0.646985 -0.179612 0.154101 -0.533072 0.404007 0.307337 -7.145698 6.974828 2.047338
0.122000 0.646448 -0.179205 0.154409 -0.540214 0.411005 0.309358 -7.138176 7.021945 1.993779
0.123000 0.645904 -0.178790 0.154719 -0.547348 0.418050 0.311325 -7.129259 7.068764 1.939659
0.124000 0.645353 -0.178368 0.155032 -0.554473 0.425143 0.313237 -7.118984 7.115284 1.885051
0.125000 0.644795 -0.177940 0.155346 -0.561586 0.432281 0.315095 -7.107213 7.161357 1.829906
0.126000 0.644230 -0.177504 0.155662 -0.568687 0.439465 0.316897 -7.093896 7.206873 1.774222
0.127000 0.643658 -0.177061 0.155980 -0.575774 0.446695 0.318643 -7.079094 7.251779 1.718065
0.128000 0.643078 -0.176610 0.156299 -0.582845 0.453969 0.320333 -7.062741 7.295955 1.661423
0.129000 0.642492 -0.176153 0.156620 -0.589899 0.461287 0.321966 -7.044649 7.339246 1.604199
0.130000 0.641899 -0.175688 0.156943 -0.596935 0.468647 0.323542 -7.024762 7.381660 1.546353
0.131000 0.641298 -0.175216 0.157267 -0.603949 0.476050 0.325059 -7.003148 7.423319 1.487911
0.132000 0.640691 -0.174736 0.157593 -0.610941 0.483494 0.326518 -6.979748 7.464228 1.428839
0.133000 0.640076 -0.174249 0.157920 -0.617908 0.490978 0.327917 -6.954419 7.504265 1.369084
0.134000 0.639455 -0.173754 0.158249 -0.624850 0.498502 0.329256 -6.927233 7.543417 1.308753
0.135000 0.638827 -0.173252 0.158579 -0.631763 0.506065 0.330534 -6.898466 7.581801 1.248088
0.136000 0.638191 -0.172742 0.158910 -0.638647 0.513666 0.331752 -6.868349 7.619495 1.187287
0.137000 0.637549 -0.172224 0.159242 -0.645500 0.521304 0.332909 -6.837026 7.656507 1.126472
0.138000 0.636900 -0.171699 0.159576 -0.652321 0.528979 0.334005 -6.804594 7.692801 1.065720
0.139000 0.636245 -0.171166 0.159910 -0.659109 0.536690 0.335040 -6.770970 7.728235 1.005004
0.140000 0.635582 -0.170626 0.160246 -0.665863 0.544436 0.336015 -6.735953 7.762635 0.944211
0.141000 0.634913 -0.170077 0.160583 -0.672581 0.552215 0.336929 -6.699518 7.796031 0.883288
0.142000 0.634237 -0.169521 0.160920 -0.679262 0.560028 0.337781 -6.661795 7.828605 0.822247
0.143000 0.633554 -0.168957 0.161258 -0.685904 0.567872 0.338573 -6.622758 7.860382 0.761044
0.144000 0.632865 -0.168386 0.161597 -0.692507 0.575748 0.339304 -6.582252 7.891231 0.699624
0.145000 0.632169 -0.167806 0.161937 -0.699069 0.583655 0.339972 -6.540332 7.921142 0.638108
0.146000 0.631467 -0.167218 0.162277 -0.705588 0.591591 0.340580 -6.497238 7.950228 0.576742
0.147000 0.630758 -0.166623 0.162618 -0.712063 0.599555 0.341126 -6.453016 7.978457 0.515647
0.148000 0.630043 -0.166019 0.162959 -0.718494 0.607548 0.341611 -6.407494 8.005625 0.454776
0.149000 0.629321 -0.165408 0.163301 -0.724878 0.615566 0.342035 -6.360632 8.031611 0.394106
0.150000 0.628593 -0.164788 0.163643 -0.731215 0.623611 0.342399 -6.312587 8.056437 0.333695
0.151000 0.627859 -0.164160 0.163986 -0.737503 0.631679 0.342703 -6.263514 8.080179 0.273591
0.152000 0.627118 -0.163525 0.164329 -0.743742 0.639771 0.342946 -6.213581 8.103009 0.213828
0.153000 0.626371 -0.162881 0.164672 -0.749931 0.647885 0.343130 -6.162956 8.125153 0.154431
0.154000 0.625618 -0.162229 0.165015 -0.756068 0.656021 0.343255 -6.111600 8.146636 0.095348
0.155000 0.624859 -0.161569 0.165358 -0.762154 0.664179 0.343321 -6.059340 8.167312 0.036522
0.156000 0.624094 -0.160901 0.165702 -0.768187 0.672356 0.343328 -6.006244 8.187191 -0.021932
0.157000 0.623323 -0.160224 0.166045 -0.774166 0.680553 0.343277 -5.952586 8.206436 -0.079770
0.158000 0.622546 -0.159539 0.166388 -0.780092 0.688769 0.343169 -5.898424 8.225032 -0.136877
0.159000 0.621763 -0.158847 0.166731 -0.785963 0.697003 0.343004 -5.843571 8.242740 -0.193299
0.160000 0.620974 -0.158145 0.167074 -0.791779 0.705254 0.342782 -5.787979 8.259383 -0.249063
0.161000 0.620179 -0.157436 0.167417 -0.797539 0.713522 0.342505 -5.731762 8.274891 -0.304128
0.162000 0.619379 -0.156718 0.167759 -0.803243 0.721804 0.342174 -5.674854 8.289078 -0.358533
0.163000 0.618573 -0.155992 0.168101 -0.808889 0.730100 0.341788 -5.617017 8.301715 -0.412407
0.164000 0.617761 -0.155258 0.168443 -0.814477 0.738408 0.341349 -5.558196 8.312838 -0.465835
0.165000 0.616944 -0.154516 0.168784 -0.820005 0.746726 0.340857 -5.498574 8.322731 -0.518814
0.166000 0.616121 -0.153765 0.169124 -0.825474 0.755053 0.340311 -5.438367 8.331671 -0.571262
0.167000 0.615293 -0.153005 0.169465 -0.830882 0.763389 0.339714 -5.377866 8.339925 -0.622961
0.168000 0.614459 -0.152238 0.169804 -0.836229 0.771733 0.339066 -5.317397 8.347752 -0.673615
0.169000 0.613620 -0.151462 0.170143 -0.841517 0.780085 0.338367 -5.257011 8.355154 -0.723078
0.170000 0.612776 -0.150678 0.170481 -0.846743 0.788443 0.337619 -5.196503 8.361874 -0.771397
0.171000 0.611927 -0.149885 0.170818 -0.851910 0.796808 0.336824 -5.135818 8.367730 -0.818614
0.172000 0.611072 -0.149084 0.171154 -0.857015 0.805179 0.335982 -5.075081 8.372666 -0.864717
0.173000 0.610213 -0.148275 0.171490 -0.862060 0.813554 0.335095 -5.014222 8.376488 -0.909768
0.174000 0.609348 -0.147457 0.171824 -0.867044 0.821932 0.334163 -4.952986 8.378950 -0.953908
0.175000 0.608479 -0.146631 0.172158 -0.871966 0.830312 0.333187 -4.891316 8.380106 -0.997243
0.176000 0.607604 -0.145796 0.172491 -0.876826 0.838692 0.332168 -4.829351 8.380238 -1.039826
0.177000 0.606725 -0.144954 0.172823 -0.881624 0.847072 0.331107 -4.767034 8.379403 -1.081747
0.178000 0.605841 -0.144102 0.173153 -0.886360 0.855451 0.330005 -4.704141 8.377420 -1.123064
0.179000 0.604952 -0.143243 0.173483 -0.891033 0.863827 0.328861 -4.640702 8.374305 -1.163626
0.180000 0.604059 -0.142375 0.173811 -0.895642 0.872199 0.327677 -4.576970 8.370275 -1.203143
0.181000 0.603161 -0.141498 0.174138 -0.900187 0.880567 0.326455 -4.512969 8.365314 -1.241462
0.182000 0.602259 -0.140613 0.174464 -0.904668 0.888930 0.325194 -4.448465 8.359128 -1.278636
0.183000 0.601352 -0.139720 0.174788 -0.909084 0.897286 0.323898 -4.383401 8.351522 -1.314750
0.184000 0.600440 -0.138819 0.175111 -0.913434 0.905633 0.322565 -4.317964 8.342500 -1.349832
0.185000 0.599525 -0.137909 0.175433 -0.917720 0.913971 0.321198 -4.252348 8.332164 -1.383914
0.186000 0.598605 -0.136991 0.175754 -0.921939 0.922297 0.319797 -4.186758 8.320790 -1.417022
0.187000 0.597681 -0.136065 0.176073 -0.926093 0.930612 0.318364 -4.121401 8.308747 -1.449184
0.188000 0.596753 -0.135130 0.176391 -0.930182 0.938915 0.316899 -4.056224 8.296110 -1.480479
0.189000 0.595821 -0.134187 0.176707 -0.934206 0.947204 0.315403 -3.990988 8.282679 -1.510973
0.190000 0.594884 -0.133235 0.177021 -0.938164 0.955480 0.313877 -3.925701 8.268466 -1.540551
0.191000 0.593944 -0.132276 0.177335 -0.942057 0.963741 0.312322 -3.860608 8.253697 -1.568977
0.192000 0.593000 -0.131308 0.177646 -0.945885 0.971988 0.310739 -3.795715 8.238350 -1.596134
0.193000 0.592052 -0.130332 0.177956 -0.949648 0.980218 0.309129 -3.730773 8.222092 -1.622080
0.194000 0.591101 -0.129347 0.178264 -0.953347 0.988432 0.307495 -3.665733 8.204694 -1.646888
0.195000 0.590146 -0.128355 0.178571 -0.956980 0.996627 0.305836 -3.600756 8.186079 -1.670584
0.196000 0.589187 -0.127354 0.178876 -0.960548 1.004804 0.304154 -3.535782 8.166011 -1.693255
0.197000 0.588225 -0.126345 0.179179 -0.964051 1.012959 0.302449 -3.470527 8.144188 -1.715054
0.198000 0.587259 -0.125328 0.179481 -0.967489 1.021092 0.300723 -3.404926 8.120692 -1.736110
0.199000 0.586290 -0.124303 0.179781 -0.970861 1.029201 0.298977 -3.339184 8.095954 -1.756486
0.200000 0.585317 -0.123270 0.180079 -0.974168 1.037284 0.297210 -3.273530 8.070384 -1.776158
0.201000 0.584341 -0.122229 0.180375 -0.977408 1.045342 0.295425 -3.208234 8.044351 -1.794947
0.202000 0.583362 -0.121179 0.180670 -0.980584 1.053373 0.293621 -3.143590 8.018200 -1.812588
0.203000 0.582380 -0.120122 0.180962 -0.983695 1.061378 0.291799 -3.079592 7.991924 -1.828949
0.204000 0.581395 -0.119056 0.181253 -0.986743 1.069357 0.289963 -3.015977 7.965166 -1.844093
0.205000 0.580407 -0.117983 0.181542 -0.989727 1.077308 0.288111 -2.952685 7.937667 -1.858122
0.206000 0.579416 -0.116902 0.181830 -0.992649 1.085232 0.286246 -2.889875 7.909332 -1.871113
0.207000 0.578421 -0.115813 0.182115 -0.995507 1.093127 0.284369 -2.827477 7.879895 -1.883185
0.208000 0.577425 -0.114716 0.182398 -0.998304 1.100992 0.282480 -2.765184 7.849018 -1.894493
0.209000 0.576425 -0.113611 0.182680 -1.001038 1.108825 0.280580 -2.702897 7.816777 -1.905149
0.210000 0.575422 -0.112498 0.182959 -1.003709 1.116625 0.278670 -2.640730 7.783555 -1.915224
0.211000 0.574417 -0.111377 0.183237 -1.006319 1.124392 0.276750 -2.578583 7.749437 -1.924814
0.212000 0.573410 -0.110249 0.183513 -1.008867 1.132124 0.274820 -2.516170 7.714196 -1.933985
0.213000 0.572400 -0.109113 0.183787 -1.011351 1.139821 0.272882 -2.453482 7.677878 -1.942638
0.214000 0.571387 -0.107969 0.184059 -1.013773 1.147480 0.270935 -2.390757 7.640803 -1.950566
0.215000 0.570372 -0.106818 0.184329 -1.016133 1.155102 0.268981 -2.327986 7.602977 -1.957664
0.216000 0.569355 -0.105659 0.184597 -1.018429 1.162686 0.267020 -2.264904 7.564003 -1.963994
0.217000 0.568335 -0.104493 0.184863 -1.020663 1.170230 0.265053 -2.201474 7.523562 -1.969638
0.218000 0.567313 -0.103319 0.185127 -1.022832 1.177733 0.263080 -2.137891 7.481502 -1.974654
0.219000 0.566290 -0.102137 0.185389 -1.024938 1.185193 0.261103 -2.074108 7.437500 -1.979136
0.220000 0.565264 -0.100948 0.185649 -1.026981 1.192608 0.259122 -2.009822 7.391178 -1.983228
0.221000 0.564236 -0.099752 0.185907 -1.028958 1.199976 0.257137 -1.944933 7.342626 -1.987045
0.222000 0.563206 -0.098548 0.186163 -1.030870 1.207293 0.255148 -1.879622 7.292354 -1.990649
0.223000 0.562174 -0.097338 0.186417 -1.032717 1.214560 0.253156 -1.814095 7.240855 -1.994039
0.224000 0.561140 -0.096119 0.186670 -1.034499 1.221775 0.251160 -1.748601 7.188602 -1.997106
0.225000 0.560105 -0.094894 0.186920 -1.036215 1.228937 0.249161 -1.683411 7.136051 -1.999679
0.226000 0.559068 -0.093661 0.187168 -1.037865 1.236047 0.247160 -1.618496 7.083233 -2.001686
0.227000 0.558029 -0.092422 0.187414 -1.039452 1.243104 0.245158 -1.553579 7.029733 -2.003185
0.228000 0.556989 -0.091175 0.187658 -1.040973 1.250107 0.243154 -1.488627 6.975211 -2.004243
0.229000 0.555947 -0.089922 0.187900 -1.042429 1.257054 0.241149 -1.423851 6.919507 -2.004894
0.230000 0.554904 -0.088661 0.188140 -1.043820 1.263946 0.239144 -1.359208 6.862275 -2.005212
0.231000 0.553860 -0.087394 0.188379 -1.045147 1.270779 0.237139 -1.294386 6.803123 -2.005319
0.232000 0.552814 -0.086120 0.188615 -1.046409 1.277552 0.235134 -1.229270 6.742170 -2.005310
0.233000 0.551767 -0.084839 0.188849 -1.047606 1.284263 0.233128 -1.163962 6.679908 -2.005244
0.234000 0.550719 -0.083551 0.189081 -1.048737 1.290912 0.231123 -1.098347 6.616469 -2.005205
0.235000 0.549669 -0.082257 0.189311 -1.049802 1.297496 0.229118 -1.032116 6.551609 -2.005266
0.236000 0.548619 -0.080956 0.189539 -1.050801 1.304015 0.227113 -0.965248 6.485376 -2.005389
0.237000 0.547568 -0.079649 0.189765 -1.051733 1.310467 0.225107 -0.897976 6.418136 -2.005456
0.238000 0.546515 -0.078335 0.189989 -1.052597 1.316851 0.223102 -0.830282 6.349894 -2.005422
0.239000 0.545462 -0.077015 0.190212 -1.053394 1.323167 0.221096 -0.761895 6.280195 -2.005343
0.240000 0.544409 -0.075689 0.190432 -1.054121 1.329412 0.219091 -0.692796 6.208677 -2.005264
0.241000 0.543354 -0.074356 0.190650 -1.054779 1.335584 0.217086 -0.623214 6.135169 -2.005196
0.242000 0.542299 -0.073018 0.190866 -1.055367 1.341682 0.215081 -0.553124 6.059305 -2.005190
0.243000 0.541244 -0.071673 0.191080 -1.055885 1.347703 0.213075 -0.482222 5.980669 -2.005345
0.244000 0.540187 -0.070322 0.191292 -1.056332 1.353643 0.211070 -0.410409 5.899382 -2.005731
0.245000 0.539131 -0.068966 0.191502 -1.056706 1.359501 0.209064 -0.337872 5.816050 -2.006373
0.246000 0.538074 -0.067603 0.191710 -1.057008 1.365275 0.207057 -0.264815 5.731249 -2.007264
0.247000 0.537017 -0.066235 0.191916 -1.057236 1.370964 0.205049 -0.191474 5.645502 -2.008353
0.248000 0.535959 -0.064861 0.192120 -1.057391 1.376566 0.203041 -0.118099 5.559300 -2.009561
0.249000 0.534902 -0.063482 0.192322 -1.057472 1.382083 0.201030 -0.044640 5.472663 -2.010873
0.250000 0.533845 -0.062097 0.192522 -1.057480 1.387512 0.199019 0.029187 5.385114 -2.012341
0.251000 0.532787 -0.060707 0.192720 -1.057414 1.392853 0.197006 0.103410 5.296257 -2.013995
0.252000 0.531730 -0.059311 0.192916 -1.057273 1.398104 0.194991 0.177801 5.205893 -2.015824
0.253000 0.530673 -0.057911 0.193110 -1.057058 1.403265 0.192974 0.252388 5.113625 -2.017853
0.254000 0.529616 -0.056505 0.193302 -1.056768 1.408331 0.190955 0.327467 5.019017 -2.020139
0.255000 0.528559 -0.055094 0.193492 -1.056403 1.413303 0.188934 0.403111 4.922210 -2.022681
0.256000 0.527503 -0.053678 0.193680 -1.055962 1.418176 0.186910 0.479162 4.823767 -2.025425
0.257000 0.526447 -0.052258 0.193866 -1.055445 1.422950 0.184883 0.555696 4.723849 -2.028367
0.258000 0.525392 -0.050832 0.194050 -1.054851 1.427624 0.182853 0.633028 4.622184 -2.031555
0.259000 0.524337 -0.049402 0.194232 -1.054179 1.432194 0.180820 0.711235 4.518805 -2.035003
0.260000 0.523284 -0.047968 0.194411 -1.053428 1.436661 0.178783 0.790090 4.414150 -2.038676
0.261000 0.522231 -0.046529 0.194589 -1.052599 1.441023 0.176742 0.869340 4.308523 -2.042545
0.262000 0.521178 -0.045086 0.194765 -1.051689 1.445278 0.174698 0.948685 4.201997 -2.046594
0.263000 0.520127 -0.043639 0.194939 -1.050701 1.449427 0.172649 1.027800 4.094511 -2.050816
0.264000 0.519077 -0.042187 0.195110 -1.049634 1.453467 0.170596 1.106683 3.985696 -2.055240
0.265000 0.518028 -0.040732 0.195280 -1.048488 1.457398 0.168539 1.185623 3.875106 -2.059923
0.266000 0.516980 -0.039272 0.195447 -1.047263 1.461217 0.166476 1.264710 3.762866 -2.064868
0.267000 0.515933 -0.037809 0.195613 -1.045958 1.464924 0.164409 1.343810 3.649525 -2.070035
0.268000 0.514888 -0.036342 0.195776 -1.044575 1.468517 0.162336 1.423017 3.535227 -2.075422
0.269000 0.513844 -0.034872 0.195937 -1.043112 1.471994 0.160258 1.502657 3.419685 -2.081078
0.270000 0.512802 -0.033398 0.196097 -1.041570 1.475356 0.158174 1.582823 3.302941 -2.087021
0.271000 0.511761 -0.031921 0.196254 -1.039947 1.478600 0.156084 1.663309 3.185462 -2.093228
0.272000 0.510722 -0.030441 0.196409 -1.038243 1.481727 0.153988 1.743876 3.067583 -2.099674
0.273000 0.509685 -0.028958 0.196562 -1.036459 1.484735 0.151885 1.824221 2.949406 -2.106332
0.274000 0.508649 -0.027472 0.196713 -1.034595 1.487626 0.149775 1.904006 2.830903 -2.113172
0.275000 0.507615 -0.025983 0.196861 -1.032651 1.490397 0.147658 1.983213 2.711719 -2.120202
0.276000 0.506584 -0.024491 0.197008 -1.030628 1.493049 0.145535 2.062115 2.591392 -2.127445
0.277000 0.505554 -0.022997 0.197152 -1.028527 1.495580 0.143404 2.140787 2.470014 -2.134856
0.278000 0.504527 -0.021500 0.197295 -1.026347 1.497989 0.141265 2.219075 2.348099 -2.142338
0.279000 0.503501 -0.020001 0.197435 -1.024089 1.500276 0.139119 2.297060 2.225762 -2.149847
0.280000 0.502478 -0.018499 0.197573 -1.021753 1.502441 0.136965 2.375069 2.102693 -2.157417
0.281000 0.501458 -0.016996 0.197709 -1.019338 1.504482 0.134804 2.453223 1.978932 -2.165095
0.282000 0.500440 -0.015490 0.197843 -1.016846 1.506398 0.132635 2.531430 1.854881 -2.172910
0.283000 0.499424 -0.013983 0.197974 -1.014276 1.508191 0.130458 2.609801 1.730546 -2.180909
0.284000 0.498411 -0.012474 0.198104 -1.011626 1.509860 0.128273 2.688612 1.605438 -2.189137
0.285000 0.497401 -0.010963 0.198231 -1.008898 1.511402 0.126080 2.767827 1.479224 -2.197589
0.286000 0.496393 -0.009451 0.198356 -1.006091 1.512818 0.123878 2.847083 1.351922 -2.206205
0.287000 0.495389 -0.007938 0.198478 -1.003204 1.514106 0.121668 2.926056 1.223687 -2.214911
0.288000 0.494387 -0.006423 0.198599 -1.000239 1.515265 0.119448 3.004496 1.094915 -2.223594
0.289000 0.493388 -0.004907 0.198717 -0.997195 1.516296 0.117220 3.082193 0.966135 -2.232128
0.290000 0.492393 -0.003390 0.198833 -0.994074 1.517198 0.114984 3.159227 0.837418 -2.240446
0.291000 0.491400 -0.001873 0.198947 -0.990877 1.517971 0.112739 3.235915 0.708415 -2.248581
0.292000 0.490411 -0.000354 0.199059 -0.987603 1.518615 0.110487 3.312377 0.579123 -2.256606
0.293000 0.489425 0.001165 0.199168 -0.984252 1.519129 0.108226 3.388524 0.449897 -2.264596
0.294000 0.488442 0.002684 0.199275 -0.980825 1.519514 0.105958 3.464465 0.320707 -2.272624
0.295000 0.487463 0.004204 0.199380 -0.977323 1.519770 0.103681 3.540473 0.191062 -2.280745
0.296000 0.486488 0.005723 0.199483 -0.973745 1.519896 0.101396 3.616533 0.060668 -2.288956
0.297000 0.485516 0.007243 0.199583 -0.970090 1.519892 0.099103 3.692371 -0.070493 -2.297221
0.298000 0.484548 0.008763 0.199681 -0.966360 1.519755 0.096802 3.767963 -0.202713 -2.305524
0.299000 0.483583 0.010283 0.199777 -0.962554 1.519486 0.094492 3.843559 -0.336473 -2.313849
0.300000 0.482622 0.011802 0.199870 -0.958673 1.519082 0.092174 3.919221 -0.471780 -2.322102
0.301000 0.481666 0.013321 0.199961 -0.954716 1.518543 0.089848 3.994748 -0.608153 -2.330139
0.302000 0.480713 0.014839 0.200050 -0.950683 1.517866 0.087514 4.069962 -0.745131 -2.337867
0.303000 0.479764 0.016357 0.200136 -0.946576 1.517052 0.085172 4.144724 -0.882280 -2.345304
0.304000 0.478820 0.017873 0.200220 -0.942394 1.516102 0.082823 4.218919 -1.019185 -2.352521
0.305000 0.477880 0.019389 0.200302 -0.938138 1.515014 0.080467 4.292669 -1.155897 -2.359592
0.306000 0.476944 0.020903 0.200381 -0.933808 1.513790 0.078104 4.366237 -1.292904 -2.366558
0.307000 0.476012 0.022417 0.200458 -0.929405 1.512428 0.075734 4.439594 -1.430470 -2.373392
0.308000 0.475085 0.023928 0.200532 -0.924929 1.510929 0.073357 4.512407 -1.568482 -2.380025
0.309000 0.474162 0.025438 0.200605 -0.920381 1.509291 0.070974 4.584380 -1.706739 -2.386366
0.310000 0.473244 0.026947 0.200674 -0.915760 1.507515 0.068584 4.655292 -1.844890 -2.392291
0.311000 0.472331 0.028453 0.200742 -0.911070 1.505602 0.066189 4.724958 -1.982493 -2.397657
0.312000 0.471422 0.029958 0.200807 -0.906311 1.503550 0.063789 4.793459 -2.119552 -2.402382
0.313000 0.470518 0.031461 0.200869 -0.901483 1.501362 0.061385 4.861110 -2.256464 -2.406486
0.314000 0.469619 0.032961 0.200929 -0.896588 1.499038 0.058976 4.928078 -2.393300 -2.410071
0.315000 0.468725 0.034459 0.200987 -0.891627 1.496576 0.056564 4.994299 -2.529713 -2.413262
0.316000 0.467836 0.035954 0.201043 -0.886600 1.493978 0.054150 5.059644 -2.665401 -2.416145
0.317000 0.466952 0.037447 0.201096 -0.881508 1.491245 0.051732 5.123875 -2.800157 -2.418742
0.318000 0.466073 0.038936 0.201146 -0.876352 1.488378 0.049312 5.186685 -2.933817 -2.421042
0.319000 0.465199 0.040423 0.201194 -0.871134 1.485377 0.046890 5.248042 -3.066599 -2.423032
0.320000 0.464330 0.041907 0.201240 -0.865856 1.482245 0.044466 5.308163 -3.198974 -2.424678
0.321000 0.463467 0.043388 0.201283 -0.860518 1.478979 0.042041 5.367101 -3.331011 -2.425867
0.322000 0.462609 0.044865 0.201324 -0.855122 1.475583 0.039614 5.424671 -3.462335 -2.426447
0.323000 0.461757 0.046339 0.201362 -0.849669 1.472055 0.037188 5.480735 -3.592586 -2.426355
0.324000 0.460910 0.047809 0.201398 -0.844160 1.468397 0.034762 5.535242 -3.721431 -2.425695
0.325000 0.460069 0.049276 0.201432 -0.838598 1.464612 0.032336 5.588187 -3.848551 -2.424661
0.326000 0.459233 0.050738 0.201463 -0.832984 1.460700 0.029912 5.639749 -3.974047 -2.423410
0.327000 0.458403 0.052197 0.201492 -0.827319 1.456664 0.027490 5.690194 -4.098375 -2.422003
0.328000 0.457578 0.053652 0.201518 -0.821603 1.452504 0.025068 5.739500 -4.221702 -2.420426
0.329000 0.456759 0.055102 0.201542 -0.815840 1.448220 0.022649 5.787372 -4.343799 -2.418626
0.330000 0.455947 0.056548 0.201563 -0.810029 1.443816 0.020231 5.833541 -4.464418 -2.416515
0.331000 0.455139 0.057990 0.201582 -0.804172 1.439292 0.017816 5.877795 -4.583274 -2.413939
0.332000 0.454338 0.059427 0.201599 -0.798273 1.434649 0.015403 5.919916 -4.699984 -2.410721
0.333000 0.453543 0.060859 0.201613 -0.792333 1.429892 0.012994 5.959780 -4.814257 -2.406783
0.334000 0.452754 0.062287 0.201625 -0.786354 1.425021 0.010590 5.997352 -4.925825 -2.402234
0.335000 0.451970 0.063709 0.201634 -0.780338 1.420040 0.008190 6.032643 -5.034435 -2.397276
0.336000 0.451193 0.065127 0.201641 -0.774288 1.414952 0.005795 6.065831 -5.140219 -2.392073
0.337000 0.450422 0.066539 0.201646 -0.768206 1.409760 0.003406 6.097175 -5.243611 -2.386693
0.338000 0.449656 0.067946 0.201648 -0.762094 1.404465 0.001022 6.126676 -5.344711 -2.381150
0.339000 0.448897 0.069348 0.201648 -0.755953 1.399070 -0.001357 6.154129 -5.443291 -2.375447
0.340000 0.448145 0.070744 0.201645 -0.749786 1.393578 -0.003729 6.179518 -5.539446 -2.369576
0.341000 0.447398 0.072135 0.201640 -0.743594 1.387991 -0.006096 6.203047 -5.633608 -2.363494
0.342000 0.446657 0.073520 0.201633 -0.737380 1.382311 -0.008456 6.224783 -5.725930 -2.357096
0.343000 0.445923 0.074900 0.201624 -0.731144 1.376539 -0.010810 6.244633 -5.816267 -2.350237
0.344000 0.445195 0.076273 0.201612 -0.724890 1.370678 -0.013157 6.262668 -5.904766 -2.342818
0.345000 0.444473 0.077641 0.201597 -0.718619 1.364730 -0.015496 6.279158 -5.991869 -2.334859
0.346000 0.443758 0.079003 0.201581 -0.712332 1.358695 -0.017826 6.294283 -6.077711 -2.326516
0.347000 0.443049 0.080358 0.201562 -0.706030 1.352574 -0.020149 6.308049 -6.162046 -2.318013
0.348000 0.442346 0.081708 0.201540 -0.699716 1.346371 -0.022462 6.320398 -6.244604 -2.309507
0.349000 0.441649 0.083051 0.201517 -0.693390 1.340085 -0.024768 6.331159 -6.325078 -2.301051
0.350000 0.440959 0.084388 0.201491 -0.687054 1.333720 -0.027065 6.340095 -6.403140 -2.292633
0.351000 0.440275 0.085719 0.201463 -0.680709 1.327279 -0.029353 6.347179 -6.478849 -2.284222
0.352000 0.439598 0.087043 0.201432 -0.674359 1.320763 -0.031633 6.352600 -6.552615 -2.275761
0.353000 0.438926 0.088360 0.201399 -0.668004 1.314174 -0.033904 6.356436 -6.624605 -2.267143
0.354000 0.438262 0.089671 0.201364 -0.661646 1.307514 -0.036167 6.358628 -6.694708 -2.258234
0.355000 0.437603 0.090975 0.201327 -0.655287 1.300784 -0.038421 6.359260 -6.763086 -2.248936
0.356000 0.436951 0.092273 0.201287 -0.648928 1.293987 -0.040665 6.358586 -6.830163 -2.239253
0.357000 0.436305 0.093563 0.201246 -0.642570 1.287124 -0.042899 6.356772 -6.896062 -2.229319
0.358000 0.435666 0.094847 0.201202 -0.636214 1.280195 -0.045124 6.353830 -6.960539 -2.219335
0.359000 0.435033 0.096124 0.201155 -0.629862 1.273203 -0.047338 6.349716 -7.023326 -2.209444
0.360000 0.434406 0.097393 0.201107 -0.623515 1.266149 -0.049543 6.344288 -7.084116 -2.199699
0.361000 0.433786 0.098656 0.201056 -0.617174 1.259035 -0.051738 6.337344 -7.142580 -2.190100
0.362000 0.433172 0.099911 0.201003 -0.610840 1.251863 -0.053923 6.328872 -7.198761 -2.180618
0.363000 0.432564 0.101160 0.200948 -0.604516 1.244637 -0.056099 6.319042 -7.253046 -2.171192
0.364000 0.431963 0.102401 0.200891 -0.598202 1.237357 -0.058265 6.307921 -7.305609 -2.161720
0.365000 0.431368 0.103634 0.200832 -0.591900 1.230026 -0.060422 6.295450 -7.356368 -2.152077
0.366000 0.430779 0.104861 0.200770 -0.585611 1.222645 -0.062569 6.281698 -7.405489 -2.142167
0.367000 0.430196 0.106080 0.200707 -0.579337 1.215215 -0.064707 6.266881 -7.453383 -2.131982
0.368000 0.429620 0.107291 0.200641 -0.573077 1.207738 -0.066833 6.251126 -7.500178 -2.121633
0.369000 0.429050 0.108495 0.200573 -0.566834 1.200215 -0.068950 6.234452 -7.545729 -2.111294
0.370000 0.428487 0.109692 0.200503 -0.560608 1.192646 -0.071056 6.216971 -7.590145 -2.101082
0.371000 0.427929 0.110880 0.200431 -0.554400 1.185034 -0.073152 6.198866 -7.633765 -2.091020
0.372000 0.427378 0.112062 0.200357 -0.548211 1.177379 -0.075238 6.180143 -7.676610 -2.081099
0.373000 0.426833 0.113235 0.200280 -0.542040 1.169681 -0.077314 6.160630 -7.718345 -2.071315
0.374000 0.426294 0.114401 0.200202 -0.535889 1.161942 -0.079381 6.140175 -7.758685 -2.061634
0.375000 0.425761 0.115559 0.200122 -0.529760 1.154164 -0.081437 6.118667 -7.797446 -2.051974
0.376000 0.425234 0.116709 0.200039 -0.523652 1.146347 -0.083485 6.096012 -7.834495 -2.042227
0.377000 0.424714 0.117852 0.199955 -0.517568 1.138495 -0.085522 6.072269 -7.870000 -2.032297
0.378000 0.424199 0.118986 0.199868 -0.511508 1.130607 -0.087549 6.047639 -7.904349 -2.022153
0.379000 0.423691 0.120113 0.199780 -0.505472 1.122686 -0.089566 6.022263 -7.937671 -2.011861
0.380000 0.423188 0.121232 0.199689 -0.499463 1.114732 -0.091573 5.996196 -7.969840 -2.001539
0.381000 0.422692 0.122342 0.199596 -0.493480 1.106746 -0.093569 5.969563 -8.000960 -1.991256
0.382000 0.422201 0.123445 0.199502 -0.487524 1.098730 -0.095555 5.942534 -8.031338 -1.981015
0.383000 0.421717 0.124540 0.199405 -0.481595 1.090684 -0.097531 5.915105 -8.060969 -1.970810
0.384000 0.421238 0.125627 0.199307 -0.475694 1.082608 -0.099497 5.887112 -8.089505 -1.960648
0.385000 0.420765 0.126705 0.199206 -0.469821 1.074505 -0.101453 5.858408 -8.116659 -1.950510
0.386000 0.420298 0.127776 0.199104 -0.463977 1.066375 -0.103398 5.828889 -8.142258 -1.940329
0.387000 0.419837 0.128838 0.199000 -0.458163 1.058220 -0.105333 5.798468 -8.166191 -1.930010
0.388000 0.419382 0.129892 0.198893 -0.452380 1.050042 -0.107258 5.767193 -8.188622 -1.919462
0.389000 0.418932 0.130938 0.198785 -0.446629 1.041843 -0.109172 5.735231 -8.209926 -1.908642
0.390000 0.418489 0.131976 0.198675 -0.440910 1.033623 -0.111075 5.702689 -8.230250 -1.897598
0.391000 0.418051 0.133005 0.198563 -0.435223 1.025382 -0.112967 5.669592 -8.249521 -1.886426
0.392000 0.417618 0.134026 0.198449 -0.429570 1.017123 -0.114848 5.636036 -8.267857 -1.875176
0.393000 0.417192 0.135039 0.198333 -0.423951 1.008847 -0.116718 5.602166 -8.285530 -1.863828
0.394000 0.416770 0.136044 0.198216 -0.418366 1.000552 -0.118576 5.567996 -8.302480 -1.852357
0.395000 0.416355 0.137041 0.198096 -0.412815 0.992242 -0.120422 5.533404 -8.318311 -1.840752
0.396000 0.415945 0.138029 0.197975 -0.407299 0.983916 -0.122257 5.498280 -8.332715 -1.828995
0.397000 0.415540 0.139008 0.197852 -0.401819 0.975576 -0.124080 5.462540 -8.345543 -1.817049
0.398000 0.415141 0.139980 0.197727 -0.396374 0.967225 -0.125891 5.426110 -8.356732 -1.804866
0.399000 0.414747 0.140943 0.197600 -0.390966 0.958863 -0.127690 5.389030 -8.366465 -1.792385
0.400000 0.414359 0.141897 0.197471 -0.385596 0.950492 -0.129476 5.351449 -8.375099 -1.779553
0.401000 0.413976 0.142844 0.197341 -0.380264 0.942113 -0.131249 5.313469 -8.382778 -1.766376
0.402000 0.413599 0.143782 0.197209 -0.374969 0.933726 -0.133009 5.275123 -8.389437 -1.752897
0.403000 0.413226 0.144711 0.197075 -0.369713 0.925334 -0.134755 5.236502 -8.395193 -1.739122
0.404000 0.412859 0.145632 0.196939 -0.364496 0.916936 -0.136487 5.197734 -8.400298 -1.725023
0.405000 0.412497 0.146545 0.196802 -0.359318 0.908533 -0.138205 5.158829 -8.404708 -1.710605
0.406000 0.412141 0.147449 0.196663 -0.354178 0.900126 -0.139908 5.119680 -8.408079 -1.695906
0.407000 0.411789 0.148345 0.196522 -0.349078 0.891717 -0.141597 5.080203 -8.410135 -1.680940
0.408000 0.411442 0.149233 0.196380 -0.344018 0.883306 -0.143270 5.040351 -8.410729 -1.665670
0.409000 0.411101 0.150112 0.196235 -0.338998 0.874896 -0.144928 5.000102 -8.409782 -1.650035
0.410000 0.410764 0.150983 0.196090 -0.334018 0.866487 -0.146570 4.959515 -8.407444 -1.633958
0.411000 0.410433 0.151845 0.195942 -0.329079 0.858081 -0.148196 4.918715 -8.404034 -1.617388
0.412000 0.410106 0.152699 0.195793 -0.324180 0.849679 -0.149805 4.877753 -8.399684 -1.600364
0.413000 0.409785 0.153544 0.195643 -0.319323 0.841281 -0.151397 4.836607 -8.394344 -1.582978
0.414000 0.409468 0.154381 0.195491 -0.314507 0.832890 -0.152971 4.795318 -8.388119 -1.565270
0.415000 0.409156 0.155210 0.195337 -0.309733 0.824505 -0.154527 4.753980 -8.381235 -1.547214
0.416000 0.408848 0.156030 0.195181 -0.304999 0.816127 -0.156066 4.712601 -8.373638 -1.528800
0.417000 0.408546 0.156842 0.195025 -0.300307 0.807758 -0.157585 4.671104 -8.365040 -1.510047
0.418000 0.408248 0.157646 0.194866 -0.295657 0.799397 -0.159086 4.629492 -8.355380 -1.490936
0.419000 0.407954 0.158441 0.194706 -0.291048 0.791047 -0.160567 4.587861 -8.344890 -1.471404
0.420000 0.407665 0.159228 0.194545 -0.286481 0.782708 -0.162028 4.546274 -8.333728 -1.451406
0.421000 0.407381 0.160007 0.194382 -0.281956 0.774380 -0.163470 4.504727 -8.321877 -1.430930
0.422000 0.407102 0.160777 0.194218 -0.277472 0.766064 -0.164890 4.463212 -8.309299 -1.409970
0.423000 0.406826 0.161539 0.194053 -0.273029 0.757761 -0.166290 4.421716 -8.295933 -1.388535
0.424000 0.406555 0.162292 0.193886 -0.268628 0.749472 -0.167667 4.380220 -8.281703 -1.366639
0.425000 0.406289 0.163038 0.193717 -0.264269 0.741198 -0.169023 4.338771 -8.266710 -1.344259
0.426000 0.406027 0.163775 0.193548 -0.259951 0.732938 -0.170356 4.297454 -8.251159 -1.321341
0.427000 0.405769 0.164503 0.193377 -0.255674 0.724695 -0.171666 4.256282 -8.235015 -1.297882
0.428000 0.405516 0.165224 0.193204 -0.251438 0.716468 -0.172952 4.215199 -8.218039 -1.273919
0.429000 0.405266 0.165936 0.193031 -0.247244 0.708259 -0.174213 4.174212 -8.200183 -1.249445
0.430000 0.405021 0.166641 0.192856 -0.243090 0.700068 -0.175451 4.133400 -8.181652 -1.224403
0.431000 0.404780 0.167337 0.192680 -0.238977 0.691896 -0.176662 4.092809 -8.162576 -1.198762
0.432000 0.404543 0.168024 0.192503 -0.234904 0.683743 -0.177848 4.052423 -8.142920 -1.172529
0.433000 0.404310 0.168704 0.192324 -0.230872 0.675610 -0.179007 4.012224 -8.122638 -1.145721
0.434000 0.404081 0.169376 0.192145 -0.226880 0.667498 -0.180140 3.972190 -8.101681 -1.118367
0.435000 0.403857 0.170039 0.191964 -0.222928 0.659407 -0.181244 3.932292 -8.079988 -1.090506
0.436000 0.403636 0.170694 0.191782 -0.219015 0.651338 -0.182321 3.892560 -8.057654 -1.062126
0.437000 0.403418 0.171342 0.191599 -0.215143 0.643291 -0.183368 3.853054 -8.034858 -1.033181
0.438000 0.403205 0.171981 0.191415 -0.211309 0.635268 -0.184387 3.813772 -8.011559 -1.003683
0.439000 0.402996 0.172612 0.191230 -0.207515 0.627268 -0.185376 3.774648 -7.987532 -0.973691
0.440000 0.402790 0.173236 0.191045 -0.203760 0.619293 -0.186334 3.735673 -7.962724 -0.943214
0.441000 0.402588 0.173851 0.190858 -0.200044 0.611343 -0.187262 3.696904 -7.937302 -0.912202
0.442000 0.402390 0.174458 0.190670 -0.196366 0.603418 -0.188159 3.658371 -7.911367 -0.880638
0.443000 0.402196 0.175058 0.190481 -0.192727 0.595520 -0.189023 3.620055 -7.884867 -0.848555
0.444000 0.402005 0.175649 0.190292 -0.189126 0.587649 -0.189856 3.581942 -7.857756 -0.815981
0.445000 0.401817 0.176233 0.190102 -0.185563 0.579804 -0.190655 3.544029 -7.829992 -0.782946
0.446000 0.401634 0.176809 0.189911 -0.182038 0.571989 -0.191422 3.506318 -7.801537 -0.749479
0.447000 0.401453 0.177377 0.189719 -0.178550 0.564201 -0.192154 3.468850 -7.772483 -0.715558
0.448000 0.401276 0.177937 0.189526 -0.175100 0.556444 -0.192853 3.431677 -7.742995 -0.681117
0.449000 0.401103 0.178490 0.189333 -0.171687 0.548715 -0.193517 3.394785 -7.713056 -0.646133
0.450000 0.400933 0.179035 0.189139 -0.168311 0.541017 -0.194145 3.358106 -7.682490 -0.610621
0.451000 0.400766 0.179572 0.188945 -0.164971 0.533350 -0.194738 3.321618 -7.651267 -0.574556
0.452000 0.400603 0.180101 0.188750 -0.161667 0.525715 -0.195294 3.285360 -7.619545 -0.537870
0.453000 0.400443 0.180623 0.188554 -0.158400 0.518111 -0.195814 3.249354 -7.587419 -0.500536
0.454000 0.400286 0.181138 0.188358 -0.155169 0.510540 -0.196295 3.213575 -7.554864 -0.462578
0.455000 0.400133 0.181644 0.188162 -0.151973 0.503002 -0.196739 3.177998 -7.521846 -0.424020
0.456000 0.399982 0.182144 0.187965 -0.148813 0.495496 -0.197143 3.142595 -7.488322 -0.384882
0.457000 0.399835 0.182635 0.187767 -0.145688 0.488025 -0.197508 3.107333 -7.454244 -0.345188
0.458000 0.399691 0.183120 0.187570 -0.142598 0.480588 -0.197834 3.072219 -7.419678 -0.304911
0.459000 0.399550 0.183597 0.187372 -0.139543 0.473186 -0.198118 3.037293 -7.384760 -0.263990
0.460000 0.399412 0.184066 0.187173 -0.136523 0.465818 -0.198362 3.002557 -7.349471 -0.222421
0.461000 0.399277 0.184528 0.186975 -0.133538 0.458487 -0.198563 2.967973 -7.313655 -0.180250
0.462000 0.399145 0.184983 0.186776 -0.130587 0.451191 -0.198722 2.933541 -7.277282 -0.137471
0.463000 0.399016 0.185431 0.186578 -0.127671 0.443932 -0.198838 2.899296 -7.240480 -0.094025
0.464000 0.398890 0.185871 0.186379 -0.124789 0.436710 -0.198910 2.865255 -7.203323 -0.049881
0.465000 0.398766 0.186304 0.186180 -0.121941 0.429525 -0.198938 2.831398 -7.165776 -0.005061
0.466000 0.398646 0.186730 0.185981 -0.119126 0.422379 -0.198920 2.797702 -7.127796 0.040403
0.467000 0.398528 0.187149 0.185782 -0.116345 0.415270 -0.198857 2.764143 -7.089336 0.086467
0.468000 0.398413 0.187560 0.185583 -0.113598 0.408200 -0.198747 2.730691 -7.050339 0.133075
0.469000 0.398301 0.187965 0.185384 -0.110884 0.401169 -0.198591 2.697350 -7.010850 0.180232
0.470000 0.398191 0.188363 0.185186 -0.108203 0.394178 -0.198387 2.664147 -6.970977 0.228000
0.471000 0.398084 0.188753 0.184988 -0.105556 0.387227 -0.198135 2.631082 -6.930704 0.276407
0.472000 0.397980 0.189137 0.184790 -0.102941 0.380317 -0.197834 2.598122 -6.889901 0.325443
0.473000 0.397878 0.189514 0.184592 -0.100359 0.373447 -0.197484 2.565262 -6.848544 0.375137
0.474000 0.397779 0.189884 0.184395 -0.097810 0.366620 -0.197084 2.532529 -6.806744 0.425560
0.475000 0.397683 0.190247 0.184198 -0.095294 0.359834 -0.196633 2.499938 -6.764582 0.476740
0.476000 0.397589 0.190604 0.184001 -0.092811 0.353091 -0.196130 2.467472 -6.722053 0.528655
0.477000 0.397497 0.190954 0.183806 -0.090359 0.346390 -0.195576 2.435107 -6.679136 0.581270
0.478000 0.397408 0.191297 0.183610 -0.087940 0.339732 -0.194968 2.402799 -6.635791 0.634537
0.479000 0.397321 0.191633 0.183416 -0.085554 0.333118 -0.194306 2.370494 -6.591960 0.688398
0.480000 0.397237 0.191963 0.183222 -0.083199 0.326548 -0.193591 2.338169 -6.547671 0.742853
0.481000 0.397155 0.192286 0.183028 -0.080877 0.320023 -0.192821 2.305835 -6.503010 0.797947
0.482000 0.397075 0.192603 0.182836 -0.078588 0.313542 -0.191995 2.273489 -6.457968 0.853679
0.483000 0.396998 0.192913 0.182644 -0.076330 0.307107 -0.191113 2.241106 -6.412446 0.909997
0.484000 0.396923 0.193217 0.182454 -0.074105 0.300717 -0.190175 2.208684 -6.366425 0.966901
0.485000 0.396850 0.193515 0.182264 -0.071913 0.294374 -0.189180 2.176243 -6.319987 1.024441
0.486000 0.396779 0.193806 0.182075 -0.069753 0.288077 -0.188126 2.143799 -6.273173 1.082640
0.487000 0.396710 0.194091 0.181888 -0.067625 0.281828 -0.187014 2.111348 -6.225944 1.141462
0.488000 0.396643 0.194370 0.181701 -0.065530 0.275626 -0.185843 2.078875 -6.178258 1.200856
0.489000 0.396579 0.194642 0.181516 -0.063468 0.269471 -0.184613 2.046348 -6.130065 1.260739
0.490000 0.396517 0.194908 0.181332 -0.061438 0.263365 -0.183322 2.013724 -6.081308 1.321009
0.491000 0.396456 0.195169 0.181149 -0.059440 0.257309 -0.181971 1.980986 -6.032003 1.381630
0.492000 0.396398 0.195423 0.180968 -0.057476 0.251301 -0.180559 1.948141 -5.982208 1.442628
0.493000 0.396341 0.195671 0.180788 -0.055544 0.245344 -0.179085 1.915189 -5.931902 1.503985
0.494000 0.396287 0.195914 0.180610 -0.053645 0.239438 -0.177551 1.882118 -5.880986 1.565640
0.495000 0.396234 0.196150 0.180433 -0.051780 0.233582 -0.175954 1.848928 -5.829430 1.627576
0.496000 0.396183 0.196381 0.180258 -0.049947 0.227779 -0.174295 1.815640 -5.777292 1.689822
0.497000 0.396134 0.196606 0.180085 -0.048148 0.222028 -0.172574 1.782274 -5.724599 1.752359
0.498000 0.396087 0.196825 0.179913 -0.046383 0.216330 -0.170791 1.748841 -5.671324 1.815101
0.499000 0.396041 0.197038 0.179743 -0.044651 0.210685 -0.168944 1.715342 -5.617440 1.877948
0.500000 0.395997 0.197246 0.179575 -0.042952 0.205095 -0.167035 1.681759 -5.562931 1.940762
0.501000 0.395955 0.197449 0.179409 -0.041287 0.199559 -0.165063 1.648065 -5.507783 2.003390
0.502000 0.395915 0.197645 0.179245 -0.039656 0.194079 -0.163028 1.614249 -5.452027 2.065753
0.503000 0.395876 0.197837 0.179083 -0.038059 0.188655 -0.160931 1.580319 -5.395700 2.127846
0.504000 0.395839 0.198023 0.178923 -0.036495 0.183288 -0.158772 1.546285 -5.338750 2.189634
0.505000 0.395803 0.198203 0.178765 -0.034966 0.177978 -0.156552 1.512148 -5.281053 2.251035
0.506000 0.395769 0.198379 0.178610 -0.033471 0.172726 -0.154270 1.477918 -5.222544 2.312012
0.507000 0.395736 0.198549 0.178457 -0.032010 0.167533 -0.151928 1.443606 -5.163254 2.372574
0.508000 0.395705 0.198714 0.178306 -0.030584 0.162399 -0.149525 1.409217 -5.103205 2.432680
0.509000 0.395675 0.198874 0.178158 -0.029192 0.157326 -0.147063 1.374748 -5.042388 2.492239
0.510000 0.395646 0.199028 0.178012 -0.027834 0.152314 -0.144541 1.340201 -4.980825 2.551199
0.511000 0.395619 0.199178 0.177869 -0.026511 0.147364 -0.141960 1.305583 -4.918574 2.609531
0.512000 0.395593 0.199323 0.177728 -0.025223 0.142477 -0.139322 1.270894 -4.855671 2.667105
0.513000 0.395569 0.199463 0.177590 -0.023970 0.137653 -0.136626 1.236124 -4.792110 2.723705
0.514000 0.395545 0.199598 0.177455 -0.022751 0.132893 -0.133874 1.201273 -4.727852 2.779116
0.515000 0.395523 0.199729 0.177322 -0.021567 0.128197 -0.131068 1.166354 -4.662812 2.833141
0.516000 0.395502 0.199855 0.177193 -0.020418 0.123567 -0.128208 1.131385 -4.596871 2.885585
0.517000 0.395482 0.199976 0.177066 -0.019304 0.119004 -0.125297 1.096390 -4.529970 2.936331
0.518000 0.395464 0.200093 0.176942 -0.018225 0.114507 -0.122335 1.061398 -4.462123 2.985330
0.519000 0.395446 0.200205 0.176821 -0.017182 0.110079 -0.119326 1.026452 -4.393357 3.032483
0.520000 0.395429 0.200313 0.176703 -0.016173 0.105721 -0.116270 0.991603 -4.323679 3.077636
0.521000 0.395414 0.200417 0.176589 -0.015198 0.101432 -0.113171 0.956894 -4.253110 3.120681
0.522000 0.395399 0.200516 0.176477 -0.014259 0.097214 -0.110029 0.922350 -4.181682 3.161536
0.523000 0.395385 0.200611 0.176369 -0.013354 0.093069 -0.106848 0.887986 -4.109382 3.200016
0.524000 0.395372 0.200702 0.176263 -0.012483 0.088996 -0.103629 0.853818 -4.036162 3.235837
0.525000 0.395360 0.200789 0.176161 -0.011646 0.084996 -0.100376 0.819868 -3.961967 3.268729
0.526000 0.395349 0.200872 0.176063 -0.010843 0.081072 -0.097091 0.786175 -3.886740 3.298451
0.527000 0.395338 0.200951 0.175967 -0.010074 0.077223 -0.093779 0.752783 -3.810419 3.324773
0.528000 0.395329 0.201026 0.175875 -0.009337 0.073451 -0.090442 0.719727 -3.732972 3.347544
0.529000 0.395320 0.201098 0.175786 -0.008634 0.069757 -0.087084 0.687028 -3.654404 3.366670
0.530000 0.395311 0.201166 0.175701 -0.007963 0.066142 -0.083709 0.654697 -3.574699 3.381993
0.531000 0.395304 0.201230 0.175619 -0.007325 0.062608 -0.080320 0.622740 -3.493823 3.393290
0.532000 0.395297 0.201291 0.175540 -0.006718 0.059154 -0.076922 0.591168 -3.411757 3.400395
0.533000 0.395290 0.201349 0.175465 -0.006142 0.055784 -0.073519 0.559997 -3.328512 3.403191
0.534000 0.395285 0.201403 0.175393 -0.005598 0.052497 -0.070116 0.529259 -3.244085 3.401481
0.535000 0.395279 0.201454 0.175325 -0.005084 0.049296 -0.066716 0.498995 -3.158458 3.394978
0.536000 0.395274 0.201501 0.175260 -0.004600 0.046181 -0.063326 0.469247 -3.071599 3.383392
0.537000 0.395270 0.201546 0.175198 -0.004145 0.043153 -0.059949 0.440053 -2.983456 3.366429
0.538000 0.395266 0.201588 0.175140 -0.003720 0.040214 -0.056593 0.411456 -2.893969 3.343793
0.539000 0.395263 0.201626 0.175085 -0.003323 0.037365 -0.053262 0.383484 -2.803098 3.315268
0.540000 0.395259 0.201662 0.175033 -0.002953 0.034607 -0.049962 0.356164 -2.710829 3.280703
0.541000 0.395257 0.201696 0.174985 -0.002610 0.031943 -0.046700 0.329524 -2.617143 3.239876
0.542000 0.395254 0.201726 0.174940 -0.002294 0.029373 -0.043482 0.303606 -2.521999 3.192481
0.543000 0.395252 0.201754 0.174898 -0.002003 0.026899 -0.040315 0.278457 -2.425358 3.138214
0.544000 0.395250 0.201780 0.174859 -0.001737 0.024522 -0.037206 0.254140 -2.327174 3.076785
0.545000 0.395249 0.201803 0.174824 -0.001495 0.022245 -0.034162 0.230728 -2.227402 3.007909
0.546000 0.395247 0.201825 0.174791 -0.001275 0.020068 -0.031190 0.208274 -2.126012 2.931375
0.547000 0.395246 0.201844 0.174761 -0.001078 0.017993 -0.028299 0.186811 -2.022994 2.847020
0.548000 0.395245 0.201861 0.174734 -0.000902 0.016022 -0.025496 0.166368 -1.918337 2.754603
0.549000 0.395244 0.201876 0.174710 -0.000745 0.014156 -0.022790 0.146981 -1.812025 2.653811
0.550000 0.395244 0.201889 0.174689 -0.000608 0.012398 -0.020189 0.128677 -1.704043 2.544396
0.551000 0.395243 0.201900 0.174670 -0.000488 0.010748 -0.017701 0.111478 -1.594372 2.426186
0.552000 0.395243 0.201910 0.174653 -0.000385 0.009209 -0.015336 0.095412 -1.482973 2.298953
0.553000 0.395242 0.201919 0.174639 -0.000297 0.007782 -0.013103 0.080512 -1.369787 2.162408
0.554000 0.395242 0.201926 0.174627 -0.000224 0.006469 -0.011011 0.066805 -1.254769 2.016322
0.555000 0.395242 0.201932 0.174617 -0.000164 0.005272 -0.009071 0.054314 -1.137896 1.860546
0.556000 0.395242 0.201936 0.174609 -0.000115 0.004193 -0.007290 0.043064 -1.019144 1.694894
0.557000 0.395242 0.201940 0.174603 -0.000078 0.003234 -0.005681 0.018877 -0.479648 0.804786
0.558000 0.395242 0.201943 0.174598 -0.000078 0.003234 -0.005681 0.018877 -0.479648 0.804786
