0.000000 0.672778 -0.196590 0.136312 0.003168 -0.005433 0.017393 -0.513147 0.230627 0.651195
0.001000 0.672782 -0.196595 0.136329 0.003168 -0.005433 0.017393 -0.513147 0.230627 0.651195
0.002000 0.672785 -0.196601 0.136347 0.002142 -0.004972 0.018695 -1.050687 0.474032 1.322440
0.003000 0.672786 -0.196605 0.136366 0.001066 -0.004485 0.020038 -1.100039 0.499823 1.362829
0.004000 0.672787 -0.196610 0.136387 -0.000059 -0.003972 0.021421 -1.150523 0.526091 1.403781
0.005000 0.672786 -0.196613 0.136409 -0.001235 -0.003433 0.022845 -1.202139 0.552837 1.445252
0.006000 0.672784 -0.196616 0.136433 -0.002463 -0.002867 0.024311 -1.254887 0.580065 1.487186
0.007000 0.672781 -0.196619 0.136458 -0.003744 -0.002273 0.025819 -1.308765 0.607779 1.529538
0.008000 0.672777 -0.196621 0.136484 -0.005080 -0.001651 0.027370 -1.363770 0.635980 1.572294
0.009000 0.672771 -0.196622 0.136513 -0.006472 -0.001001 0.028964 -1.419897 0.664671 1.615477
0.010000 0.672764 -0.196623 0.136542 -0.007920 -0.000322 0.030601 -1.477140 0.693852 1.659129
0.011000 0.672755 -0.196623 0.136574 -0.009426 0.000387 0.032282 -1.535494 0.723525 1.703283
0.012000 0.672745 -0.196622 0.136607 -0.010991 0.001125 0.034008 -1.594949 0.753690 1.747955
0.013000 0.672733 -0.196621 0.136642 -0.012616 0.001894 0.035778 -1.655495 0.784345 1.793148
0.014000 0.672720 -0.196618 0.136678 -0.014302 0.002694 0.037594 -1.717120 0.815491 1.838853
0.015000 0.672705 -0.196615 0.136717 -0.016050 0.003525 0.039456 -1.779813 0.847136 1.885033
0.016000 0.672688 -0.196611 0.136757 -0.017862 0.004388 0.041364 -1.843557 0.879302 1.931628
0.017000 0.672669 -0.196606 0.136800 -0.019737 0.005284 0.043319 -1.908337 0.912019 1.978565
0.018000 0.672648 -0.196601 0.136844 -0.021678 0.006212 0.045321 -1.974133 0.945310 2.025778
0.019000 0.672626 -0.196594 0.136890 -0.023686 0.007174 0.047371 -2.040926 0.979188 2.073224
0.020000 0.672601 -0.196586 0.136939 -0.025760 0.008171 0.049468 -2.108693 1.013675 2.120881
0.021000 0.672574 -0.196578 0.136989 -0.027903 0.009202 0.051613 -2.177411 1.048798 2.168739
0.022000 0.672545 -0.196568 0.137042 -0.030115 0.010268 0.053805 -2.247054 1.084573 2.216783
0.023000 0.672514 -0.196557 0.137097 -0.032397 0.011371 0.056046 -2.317592 1.121002 2.264998
0.024000 0.672480 -0.196545 0.137154 -0.034750 0.012510 0.058335 -2.388995 1.158075 2.313366
0.025000 0.672444 -0.196532 0.137214 -0.037175 0.013687 0.060673 -2.461233 1.195782 2.361858
0.026000 0.672406 -0.196518 0.137275 -0.039673 0.014902 0.063059 -2.534281 1.234122 2.410437
0.027000 0.672365 -0.196502 0.137340 -0.042244 0.016155 0.065494 -2.608126 1.273105 2.459069
0.028000 0.672322 -0.196486 0.137406 -0.044889 0.017448 0.067977 -2.682763 1.312752 2.507729
0.029000 0.672275 -0.196467 0.137476 -0.047609 0.018781 0.070509 -2.758175 1.353082 2.556387
0.030000 0.672226 -0.196448 0.137547 -0.050405 0.020154 0.073090 -2.834327 1.394114 2.605010
0.031000 0.672174 -0.196427 0.137622 -0.053278 0.021569 0.075719 -2.911173 1.435864 2.653564
0.032000 0.672120 -0.196405 0.137699 -0.056228 0.023026 0.078397 -2.988664 1.478339 2.702003
0.033000 0.672062 -0.196381 0.137779 -0.059255 0.024526 0.081123 -3.066757 1.521536 2.750260
0.034000 0.672001 -0.196356 0.137861 -0.062361 0.026069 0.083898 -3.145421 1.565462 2.798261
0.035000 0.671937 -0.196329 0.137946 -0.065546 0.027657 0.086720 -3.224634 1.610125 2.845929
0.036000 0.671870 -0.196300 0.138035 -0.068811 0.029289 0.089589 -3.304379 1.655537 2.893213
0.037000 0.671800 -0.196270 0.138126 -0.072155 0.030968 0.092506 -3.384651 1.701704 2.940103
0.038000 0.671726 -0.196239 0.138220 -0.075580 0.032693 0.095470 -3.465452 1.748634 2.986611
0.039000 0.671649 -0.196205 0.138317 -0.079086 0.034465 0.098479 -3.546763 1.796321 3.032727
0.040000 0.671568 -0.196170 0.138417 -0.082673 0.036285 0.101535 -3.628537 1.844754 3.078407
0.041000 0.671483 -0.196132 0.138520 -0.086343 0.038155 0.104636 -3.710727 1.893925 3.123609
0.042000 0.671395 -0.196093 0.138626 -0.090095 0.040073 0.107782 -3.793286 1.943836 3.168304
0.043000 0.671303 -0.196052 0.138735 -0.093929 0.042042 0.110973 -3.876174 1.994494 3.212460
0.044000 0.671207 -0.196009 0.138848 -0.097847 0.044062 0.114207 -3.959364 2.045921 3.256043
0.045000 0.671107 -0.195964 0.138964 -0.101848 0.046134 0.117485 -4.042831 2.098144 3.299013
0.046000 0.671003 -0.195917 0.139083 -0.105933 0.048259 0.120805 -4.126534 2.151172 3.341313
0.047000 0.670895 -0.195868 0.139205 -0.110101 0.050436 0.124167 -4.210422 2.204989 3.382867
0.048000 0.670783 -0.195816 0.139331 -0.114354 0.052668 0.127571 -4.294471 2.259576 3.423610
0.049000 0.670667 -0.195762 0.139460 -0.118690 0.054956 0.131015 -4.378676 2.314919 3.463493
0.050000 0.670546 -0.195706 0.139593 -0.123111 0.057298 0.134498 -4.463020 2.371001 3.502471
0.051000 0.670420 -0.195648 0.139729 -0.127616 0.059698 0.138020 -4.547468 2.427804 3.540511
0.052000 0.670291 -0.195587 0.139869 -0.132206 0.062154 0.141579 -4.631969 2.485305 3.577587
0.053000 0.670156 -0.195523 0.140012 -0.136880 0.064668 0.145175 -4.716454 2.543477 3.613641
0.054000 0.670017 -0.195457 0.140159 -0.141639 0.067241 0.148806 -4.800843 2.602298 3.648586
0.055000 0.669873 -0.195389 0.140310 -0.146482 0.069873 0.152472 -4.885078 2.661782 3.682334
0.056000 0.669724 -0.195318 0.140464 -0.151409 0.072564 0.156171 -4.969123 2.721963 3.714805
0.057000 0.669570 -0.195244 0.140622 -0.156420 0.075317 0.159902 -5.052916 2.782853 3.745911
0.058000 0.669411 -0.195167 0.140784 -0.161515 0.078130 0.163663 -5.136390 2.844430 3.775580
0.059000 0.669247 -0.195088 0.140950 -0.166693 0.081006 0.167453 -5.219522 2.906675 3.803810
0.060000 0.669078 -0.195005 0.141119 -0.171954 0.083944 0.171270 -5.302329 2.969582 3.830653
0.061000 0.668903 -0.194920 0.141292 -0.177298 0.086945 0.175114 -5.384814 3.033143 3.856160
0.062000 0.668723 -0.194831 0.141469 -0.182724 0.090010 0.178983 -5.466959 3.097346 3.880375
0.063000 0.668538 -0.194740 0.141650 -0.188231 0.093139 0.182875 -5.548735 3.162175 3.903339
0.064000 0.668347 -0.194645 0.141835 -0.193821 0.096334 0.186789 -5.630070 3.227598 3.925038
0.065000 0.668150 -0.194547 0.142024 -0.199492 0.099595 0.190725 -5.710871 3.293573 3.945404
0.066000 0.667948 -0.194446 0.142217 -0.205243 0.102921 0.194680 -5.791080 3.360085 3.964390
0.067000 0.667739 -0.194341 0.142413 -0.211074 0.106315 0.198654 -5.870669 3.427136 3.981978
0.068000 0.667525 -0.194233 0.142614 -0.216984 0.109776 0.202644 -5.949576 3.494707 3.998116
0.069000 0.667306 -0.194122 0.142818 -0.222973 0.113304 0.206650 -6.027714 3.562753 4.012731
0.070000 0.667080 -0.194006 0.143027 -0.229039 0.116901 0.210670 -6.105055 3.631248 4.025811
0.071000 0.666847 -0.193888 0.143240 -0.235183 0.120567 0.214702 -6.181617 3.700180 4.037390
0.072000 0.666609 -0.193765 0.143457 -0.241403 0.124301 0.218744 -6.257360 3.769517 4.047452
0.073000 0.666365 -0.193639 0.143677 -0.247698 0.128106 0.222796 -6.332176 3.839199 4.055928
0.074000 0.666114 -0.193509 0.143902 -0.254067 0.131980 0.226856 -6.405963 3.909186 4.062794
0.075000 0.665856 -0.193375 0.144131 -0.260510 0.135924 0.230922 -6.478649 3.979453 4.068068
0.076000 0.665593 -0.193237 0.144364 -0.267024 0.139939 0.234992 -6.550124 4.049952 4.071715
0.077000 0.665322 -0.193095 0.144601 -0.273610 0.144024 0.239065 -6.620262 4.120620 4.073641
0.078000 0.665046 -0.192949 0.144842 -0.280265 0.148180 0.243140 -6.689013 4.191426 4.073781
0.079000 0.664762 -0.192799 0.145087 -0.286988 0.152407 0.247213 -6.756396 4.262372 4.072120
0.080000 0.664472 -0.192644 0.145337 -0.293778 0.156705 0.251284 -6.822441 4.333464 4.068675
0.081000 0.664174 -0.192486 0.145590 -0.300633 0.161074 0.255350 -6.887200 4.404720 4.063517
0.082000 0.663870 -0.192322 0.145847 -0.307552 0.165514 0.259411 -6.950739 4.476161 4.056752
0.083000 0.663559 -0.192155 0.146109 -0.314534 0.170026 0.263464 -7.013030 4.547762 4.048397
0.084000 0.663241 -0.191982 0.146374 -0.321578 0.174610 0.267508 -7.073953 4.619439 4.038393
0.085000 0.662916 -0.191805 0.146644 -0.328682 0.179265 0.271541 -7.133418 4.691110 4.026726
0.086000 0.662584 -0.191624 0.146917 -0.335845 0.183992 0.275561 -7.191398 4.762717 4.013453
0.087000 0.662244 -0.191437 0.147195 -0.343065 0.188790 0.279568 -7.247875 4.834230 3.998608
0.088000 0.661898 -0.191246 0.147476 -0.350341 0.193660 0.283558 -7.302854 4.905677 3.982189
0.089000 0.661544 -0.191050 0.147762 -0.357671 0.198602 0.287532 -7.356351 4.977114 3.964177
0.090000 0.661182 -0.190849 0.148051 -0.365053 0.203615 0.291487 -7.408300 5.048541 3.944492
0.091000 0.660814 -0.190643 0.148345 -0.372487 0.208699 0.295421 -7.458594 5.119903 3.923058
0.092000 0.660437 -0.190431 0.148642 -0.379971 0.213854 0.299333 -7.507247 5.191192 3.899931
0.093000 0.660054 -0.190215 0.148944 -0.387502 0.219081 0.303221 -7.554368 5.262438 3.875264
0.094000 0.659662 -0.189993 0.149249 -0.395079 0.224379 0.307083 -7.599958 5.333620 3.849113
0.095000 0.659264 -0.189766 0.149558 -0.402702 0.229748 0.310919 -7.643892 5.404654 3.821424
0.096000 0.658857 -0.189534 0.149871 -0.410367 0.235189 0.314726 -7.686084 5.475483 3.792201
0.097000 0.658443 -0.189296 0.150187 -0.418074 0.240699 0.318503 -7.726513 5.546085 3.761512
0.098000 0.658021 -0.189052 0.150508 -0.425820 0.246281 0.322249 -7.765079 5.616395 3.729342
0.099000 0.657591 -0.188803 0.150832 -0.433604 0.251932 0.325962 -7.801625 5.686317 3.695574
0.100000 0.657154 -0.188549 0.151160 -0.441423 0.257653 0.329640 -7.836110 5.755823 3.660113
0.101000 0.656708 -0.188288 0.151491 -0.449276 0.263444 0.333282 -7.868610 5.824954 3.622940
0.102000 0.656255 -0.188022 0.151826 -0.457161 0.269303 0.336886 -7.899223 5.893761 3.584098
0.103000 0.655794 -0.187749 0.152165 -0.465075 0.275231 0.340451 -7.928083 5.962323 3.543752
0.104000 0.655325 -0.187471 0.152507 -0.473017 0.281228 0.343974 -7.955342 6.030726 3.502127
0.105000 0.654848 -0.187187 0.152853 -0.480985 0.287293 0.347455 -7.981000 6.098967 3.459318
0.106000 0.654363 -0.186897 0.153202 -0.488979 0.293426 0.350892 -8.004908 6.166943 3.415263
0.107000 0.653870 -0.186600 0.153554 -0.496995 0.299627 0.354285 -8.026979 6.234565 3.369929
0.108000 0.653369 -0.186297 0.153910 -0.505033 0.305895 0.357632 -8.047210 6.301783 3.323347
0.109000 0.652860 -0.185988 0.154270 -0.513090 0.312230 0.360932 -8.065497 6.368499 3.275465
0.110000 0.652343 -0.185673 0.154632 -0.521164 0.318632 0.364183 -8.081661 6.434594 3.226138
0.111000 0.651818 -0.185351 0.154998 -0.529253 0.325099 0.367384 -8.095655 6.500055 3.175260
0.112000 0.651284 -0.185023 0.155367 -0.537355 0.331632 0.370534 -8.107545 6.564940 3.122780
0.113000 0.650743 -0.184688 0.155739 -0.545468 0.338229 0.373630 -8.117282 6.629234 3.068599
0.114000 0.650193 -0.184346 0.156114 -0.553590 0.344891 0.376671 -8.124724 6.692853 3.012630
0.115000 0.649636 -0.183998 0.156493 -0.561717 0.351615 0.379655 -8.129900 6.755816 2.954980
0.116000 0.649070 -0.183643 0.156874 -0.569849 0.358402 0.382581 -8.132982 6.818224 2.895894
0.117000 0.648496 -0.183281 0.157258 -0.577983 0.365252 0.385447 -8.133983 6.880079 2.835481
0.118000 0.647914 -0.182913 0.157645 -0.586117 0.372162 0.388252 -8.132741 6.941252 2.773683
0.119000 0.647324 -0.182537 0.158034 -0.594249 0.379134 0.390994 -8.129186 7.001635 2.710485
0.120000 0.646725 -0.182154 0.158427 -0.602376 0.386166 0.393673 -8.123387 7.061194 2.645968
0.121000 0.646119 -0.181765 0.158822 -0.610496 0.393256 0.396286 -8.115436 7.119937 2.580192
0.122000 0.645504 -0.181368 0.159219 -0.618607 0.400406 0.398833 -8.105461 7.177959 2.513187
0.123000 0.644882 -0.180964 0.159619 -0.626707 0.407612 0.401313 -8.093607 7.235400 2.444961
0.124000 0.644251 -0.180553 0.160022 -0.634794 0.414876 0.403723 -8.079844 7.292272 2.375439
0.125000 0.643612 -0.180134 0.160427 -0.642866 0.422197 0.406063 -8.064028 7.348482 2.304544
0.126000 0.642965 -0.179708 0.160834 -0.650922 0.429573 0.408332 -8.046210 7.404030 2.232411
0.127000 0.642310 -0.179275 0.161243 -0.658959 0.437005 0.410528 -8.026608 7.459009 2.159322
0.128000 0.641647 -0.178834 0.161655 -0.666975 0.444491 0.412651 -8.005258 7.513399 2.085414
0.129000 0.640976 -0.178386 0.162069 -0.674969 0.452032 0.414699 -7.981982 7.567036 2.010631
0.130000 0.640297 -0.177930 0.162484 -0.682939 0.459625 0.416672 -7.956705 7.619788 1.934961
0.131000 0.639611 -0.177467 0.162902 -0.690883 0.467271 0.418569 -7.929479 7.671586 1.858475
0.132000 0.638916 -0.176996 0.163321 -0.698798 0.474969 0.420389 -7.900211 7.722288 1.781143
0.133000 0.638213 -0.176517 0.163743 -0.706683 0.482716 0.422131 -7.868682 7.771731 1.702821
0.134000 0.637502 -0.176030 0.164166 -0.714535 0.490512 0.423795 -7.834856 7.819927 1.623429
0.135000 0.636784 -0.175536 0.164590 -0.722353 0.498356 0.425378 -7.798854 7.867013 1.542962
0.136000 0.636058 -0.175033 0.165016 -0.730133 0.506246 0.426881 -7.760636 7.912996 1.461349
0.137000 0.635324 -0.174523 0.165444 -0.737874 0.514182 0.428301 -7.720025 7.957753 1.378512
0.138000 0.634582 -0.174005 0.165873 -0.745573 0.522162 0.429638 -7.677061 8.001278 1.294588
0.139000 0.633832 -0.173479 0.166303 -0.753228 0.530184 0.430890 -7.632014 8.043701 1.209900
0.140000 0.633075 -0.172945 0.166735 -0.760837 0.538249 0.432057 -7.585123 8.085111 1.124716
0.141000 0.632311 -0.172402 0.167167 -0.768398 0.546355 0.433139 -7.536574 8.125527 1.039213
0.142000 0.631539 -0.171852 0.167601 -0.775910 0.554500 0.434136 -7.486519 8.164927 0.953514
0.143000 0.630759 -0.171293 0.168036 -0.783371 0.562684 0.435046 -7.434890 8.203169 0.867602
0.144000 0.629972 -0.170727 0.168471 -0.790780 0.570906 0.435871 -7.381467 8.240064 0.781338
0.145000 0.629177 -0.170152 0.168907 -0.798134 0.579164 0.436609 -7.326241 8.275619 0.694654
0.146000 0.628376 -0.169568 0.169344 -0.805433 0.587458 0.437260 -7.269389 8.309989 0.607569
0.147000 0.627567 -0.168977 0.169782 -0.812673 0.595784 0.437824 -7.210896 8.343176 0.520025
0.148000 0.626750 -0.168377 0.170220 -0.819854 0.604144 0.438300 -7.150576 8.375043 0.431951
0.149000 0.625927 -0.167768 0.170659 -0.826974 0.612535 0.438688 -7.088471 8.405602 0.343506
0.150000 0.625096 -0.167152 0.171097 -0.834031 0.620955 0.438987 -7.024832 8.435008 0.255009
0.151000 0.624259 -0.166526 0.171537 -0.841024 0.629405 0.439198 -6.959689 8.463249 0.166619
0.152000 0.623414 -0.165893 0.171976 -0.847951 0.637882 0.439321 -6.892826 8.490102 0.078285
0.153000 0.622563 -0.165251 0.172415 -0.854810 0.646385 0.439355 -6.824187 8.515395 -0.010001
0.154000 0.621705 -0.164600 0.172855 -0.861599 0.654912 0.439301 -6.753893 8.539047 -0.098156
0.155000 0.620840 -0.163941 0.173294 -0.868317 0.663463 0.439158 -6.681875 8.560875 -0.186204
0.156000 0.619968 -0.163273 0.173733 -0.874963 0.672034 0.438928 -6.607879 8.580665 -0.274275
0.157000 0.619090 -0.162597 0.174172 -0.881533 0.680624 0.438610 -6.531869 8.598458 -0.362417
0.158000 0.618205 -0.161912 0.174610 -0.888027 0.689231 0.438203 -6.454010 8.614476 -0.450579
0.159000 0.617314 -0.161218 0.175048 -0.894441 0.697853 0.437709 -6.374262 8.628759 -0.538797
0.160000 0.616416 -0.160516 0.175486 -0.900775 0.706489 0.437126 -6.292408 8.641150 -0.627141
0.161000 0.615512 -0.159805 0.175922 -0.907026 0.715135 0.436454 -6.208492 8.651647 -0.715477
0.162000 0.614602 -0.159086 0.176358 -0.913192 0.723792 0.435695 -6.122842 8.660438 -0.803494
0.163000 0.613686 -0.158358 0.176794 -0.919272 0.732456 0.434847 -6.035754 8.667654 -0.890937
0.164000 0.612763 -0.157621 0.177228 -0.925264 0.741127 0.433913 -5.947471 8.673324 -0.977662
0.165000 0.611835 -0.156875 0.177662 -0.931167 0.749803 0.432892 -5.858206 8.677419 -1.063578
0.166000 0.610901 -0.156121 0.178094 -0.936980 0.758482 0.431786 -5.767899 8.679746 -1.148729
0.167000 0.609961 -0.155359 0.178525 -0.942702 0.767162 0.430595 -5.676270 8.680060 -1.233261
0.168000 0.609016 -0.154587 0.178955 -0.948333 0.775842 0.429319 -5.583248 8.678388 -1.317240
0.169000 0.608065 -0.153807 0.179384 -0.953869 0.784519 0.427960 -5.488965 8.674965 -1.400641
0.170000 0.607108 -0.153018 0.179811 -0.959310 0.793192 0.426518 -5.393345 8.669819 -1.483518
0.171000 0.606146 -0.152220 0.180237 -0.964656 0.801859 0.424993 -5.296141 8.662774 -1.565949
0.172000 0.605179 -0.151414 0.180661 -0.969903 0.810518 0.423386 -5.197384 8.653839 -1.647819
0.173000 0.604206 -0.150599 0.181084 -0.975050 0.819167 0.421698 -5.097357 8.643216 -1.728861
0.174000 0.603229 -0.149776 0.181504 -0.980097 0.827804 0.419928 -4.996084 8.630887 -1.808953
0.175000 0.602246 -0.148944 0.181923 -0.985043 0.836428 0.418080 -4.893318 8.616569 -1.888158
0.176000 0.601258 -0.148103 0.182341 -0.989884 0.845037 0.416152 -4.789003 8.600063 -1.966493
0.177000 0.600266 -0.147254 0.182756 -0.994621 0.853628 0.414147 -4.683357 8.581353 -2.043869
0.178000 0.599269 -0.146396 0.183169 -0.999251 0.862200 0.412064 -4.576601 8.560508 -2.120211
0.179000 0.598268 -0.145529 0.183580 -1.003774 0.870749 0.409906 -4.468967 8.537758 -2.195473
0.180000 0.597262 -0.144654 0.183989 -1.008189 0.879275 0.407673 -4.360691 8.513418 -2.269624
0.181000 0.596251 -0.143771 0.184395 -1.012495 0.887776 0.405367 -4.251721 8.487532 -2.342723
0.182000 0.595237 -0.142879 0.184799 -1.016692 0.896250 0.402988 -4.141798 8.459912 -2.414851
0.183000 0.594218 -0.141978 0.185201 -1.020779 0.904696 0.400537 -4.030935 8.430587 -2.485897
0.184000 0.593195 -0.141069 0.185600 -1.024754 0.913112 0.398016 -3.919453 8.399840 -2.555589
0.185000 0.592168 -0.140152 0.185997 -1.028618 0.921496 0.395426 -3.807646 8.367862 -2.623717
0.186000 0.591138 -0.139226 0.186391 -1.032369 0.929847 0.392769 -3.695758 8.334680 -2.690195
0.187000 0.590104 -0.138292 0.186783 -1.036009 0.938165 0.390046 -3.584003 8.300232 -2.755000
0.188000 0.589066 -0.137350 0.187171 -1.039537 0.946448 0.387259 -3.472297 8.264257 -2.818217
0.189000 0.588025 -0.136399 0.187557 -1.042954 0.954694 0.384409 -3.360324 8.226460 -2.880009
0.190000 0.586980 -0.135441 0.187940 -1.046258 0.962901 0.381499 -3.247994 8.186922 -2.940480
0.191000 0.585932 -0.134474 0.188320 -1.049450 0.971068 0.378528 -3.135507 8.146062 -2.999635
0.192000 0.584881 -0.133499 0.188697 -1.052529 0.979193 0.375499 -3.023098 8.104273 -3.057426
0.193000 0.583827 -0.132515 0.189071 -1.055496 0.987276 0.372413 -2.911058 8.061911 -3.113712
0.194000 0.582770 -0.131524 0.189442 -1.058351 0.995317 0.369272 -2.799708 8.019305 -3.168295
0.195000 0.581710 -0.130525 0.189810 -1.061095 1.003315 0.366077 -2.689049 7.976450 -3.221110
0.196000 0.580648 -0.129517 0.190174 -1.063729 1.011270 0.362830 -2.578804 7.932994 -3.272241
0.197000 0.579583 -0.128502 0.190535 -1.066253 1.019181 0.359532 -2.468918 7.888654 -3.321734
0.198000 0.578515 -0.127479 0.190893 -1.068667 1.027047 0.356186 -2.359578 7.843291 -3.369568
0.199000 0.577446 -0.126448 0.191248 -1.070972 1.034867 0.352793 -2.250722 7.796614 -3.415796
0.200000 0.576373 -0.125409 0.191599 -1.073169 1.042640 0.349355 -2.142031 7.748293 -3.460559
0.201000 0.575299 -0.124363 0.191947 -1.075256 1.050364 0.345872 -2.033414 7.698402 -3.503951
0.202000 0.574223 -0.123309 0.192291 -1.077235 1.058037 0.342347 -1.925078 7.647380 -3.545980
0.203000 0.573145 -0.122247 0.192631 -1.079106 1.065659 0.338780 -1.817255 7.595633 -3.586610
0.204000 0.572065 -0.121177 0.192968 -1.080870 1.073228 0.335174 -1.710220 7.543512 -3.625725
0.205000 0.570983 -0.120100 0.193302 -1.082527 1.080746 0.331529 -1.604270 7.491336 -3.663161
0.206000 0.569900 -0.119016 0.193631 -1.084078 1.088211 0.327847 -1.499383 7.439074 -3.698871
0.207000 0.568815 -0.117924 0.193957 -1.085526 1.095624 0.324131 -1.395256 7.386341 -3.732942
0.208000 0.567729 -0.116824 0.194280 -1.086869 1.102984 0.320381 -1.291816 7.332850 -3.765439
0.209000 0.566641 -0.115718 0.194598 -1.088109 1.110289 0.316600 -1.189227 7.278484 -3.796369
0.210000 0.565552 -0.114604 0.194913 -1.089247 1.117541 0.312789 -1.087408 7.222952 -3.825799
0.211000 0.564463 -0.113483 0.195224 -1.090284 1.124735 0.308949 -0.986021 7.165902 -3.853864
0.212000 0.563372 -0.112354 0.195531 -1.091219 1.131872 0.305081 -0.884959 7.107412 -3.880646
0.213000 0.562280 -0.111219 0.195834 -1.092054 1.138950 0.301187 -0.784412 7.047946 -3.906152
0.214000 0.561188 -0.110077 0.196133 -1.092788 1.145968 0.297269 -0.684596 6.987939 -3.930351
0.215000 0.560095 -0.108927 0.196428 -1.093423 1.152926 0.293327 -0.585772 6.927771 -3.953148
0.216000 0.559001 -0.107771 0.196720 -1.093960 1.159824 0.289362 -0.488227 6.867791 -3.974409
0.217000 0.557907 -0.106607 0.197007 -1.094400 1.166662 0.285378 -0.391926 6.807968 -3.994101
0.218000 0.556812 -0.105437 0.197290 -1.094744 1.173440 0.281374 -0.296569 6.747892 -4.012308
0.219000 0.555717 -0.104261 0.197570 -1.094993 1.180157 0.277353 -0.202095 6.687259 -4.029110
0.220000 0.554622 -0.103077 0.197845 -1.095148 1.186814 0.273316 -0.108697 6.625940 -4.044539
0.221000 0.553527 -0.101887 0.198116 -1.095210 1.193409 0.269264 -0.016309 6.563625 -4.058673
0.222000 0.552432 -0.100690 0.198384 -1.095180 1.199941 0.265199 0.075400 6.499930 -4.071634
0.223000 0.551337 -0.099487 0.198647 -1.095059 1.206409 0.261121 0.166544 6.434912 -4.083493
0.224000 0.550242 -0.098277 0.198906 -1.094847 1.212811 0.257032 0.256999 6.368962 -4.094267
0.225000 0.549147 -0.097061 0.199161 -1.094545 1.219147 0.252932 0.346877 6.302152 -4.104015
0.226000 0.548052 -0.095839 0.199412 -1.094154 1.225416 0.248824 0.436511 6.234223 -4.112824
0.227000 0.546959 -0.094611 0.199659 -1.093672 1.231616 0.244707 0.525964 6.165211 -4.120695
0.228000 0.545865 -0.093376 0.199901 -1.093102 1.237746 0.240582 0.615045 6.095449 -4.127564
0.229000 0.544772 -0.092135 0.200140 -1.092442 1.243806 0.236451 0.703812 6.024931 -4.133426
0.230000 0.543680 -0.090888 0.200374 -1.091694 1.249796 0.232315 0.792577 5.953226 -4.138362
0.231000 0.542589 -0.089635 0.200604 -1.090857 1.255713 0.228175 0.881396 5.879984 -4.142432
0.232000 0.541499 -0.088377 0.200830 -1.089931 1.261556 0.224030 0.970019 5.805122 -4.145646
0.233000 0.540409 -0.087112 0.201052 -1.088917 1.267323 0.219883 1.058217 5.728703 -4.148011
0.234000 0.539321 -0.085842 0.201270 -1.087815 1.273013 0.215734 1.145808 5.651061 -4.149528
0.235000 0.538233 -0.084566 0.201484 -1.086625 1.278625 0.211584 1.232634 5.572675 -4.150196
0.236000 0.537147 -0.083285 0.201693 -1.085350 1.284159 0.207434 1.318826 5.493631 -4.150058
0.237000 0.536063 -0.081998 0.201899 -1.083988 1.289613 0.203284 1.404730 5.413648 -4.149185
0.238000 0.534979 -0.080706 0.202100 -1.082540 1.294986 0.199136 1.490426 5.332728 -4.147590
0.239000 0.533898 -0.079408 0.202297 -1.081007 1.300278 0.194989 1.575684 5.251231 -4.145222
0.240000 0.532817 -0.078105 0.202490 -1.079389 1.305488 0.190845 1.660262 5.169403 -4.142043
0.241000 0.531739 -0.076797 0.202679 -1.077686 1.310617 0.186705 1.743903 5.087284 -4.138043
0.242000 0.530662 -0.075484 0.202863 -1.075901 1.315663 0.182569 1.826340 5.004799 -4.133224
0.243000 0.529587 -0.074166 0.203044 -1.074034 1.320626 0.178439 1.907620 4.921598 -4.127629
0.244000 0.528514 -0.072843 0.203220 -1.072086 1.325506 0.174314 1.988066 4.837251 -4.121334
0.245000 0.527443 -0.071515 0.203392 -1.070058 1.330301 0.170196 2.067795 4.751825 -4.114373
0.246000 0.526374 -0.070182 0.203561 -1.067950 1.335010 0.166085 2.146696 4.665762 -4.106744
0.247000 0.525307 -0.068845 0.203725 -1.065764 1.339632 0.161982 2.224884 4.579143 -4.098475
0.248000 0.524242 -0.067503 0.203885 -1.063500 1.344168 0.157888 2.302706 4.491674 -4.089623
0.249000 0.523180 -0.066156 0.204040 -1.061159 1.348616 0.153803 2.380275 4.403360 -4.080209
0.250000 0.522120 -0.064806 0.204192 -1.058740 1.352975 0.149728 2.457410 4.314578 -4.070209
0.251000 0.521063 -0.063450 0.204340 -1.056244 1.357245 0.145663 2.533909 4.225594 -4.059614
0.252000 0.520008 -0.062091 0.204484 -1.053672 1.361426 0.141609 2.609538 4.136467 -4.048438
0.253000 0.518955 -0.060728 0.204623 -1.051025 1.365518 0.137566 2.684043 4.047146 -4.036713
0.254000 0.517906 -0.059360 0.204759 -1.048304 1.369520 0.133535 2.757477 3.957282 -4.024490
0.255000 0.516859 -0.057989 0.204890 -1.045510 1.373432 0.129517 2.830157 3.866429 -4.011817
0.256000 0.515815 -0.056613 0.205018 -1.042644 1.377253 0.125511 2.902203 3.774637 -3.998692
0.257000 0.514773 -0.055234 0.205141 -1.039705 1.380982 0.121519 2.973509 3.682333 -3.985069
0.258000 0.513735 -0.053851 0.205261 -1.036697 1.384618 0.117541 3.044194 3.589582 -3.970936
0.259000 0.512700 -0.052465 0.205376 -1.033617 1.388161 0.113578 3.114595 3.496065 -3.956340
0.260000 0.511668 -0.051075 0.205488 -1.030467 1.391610 0.109629 3.184823 3.401771 -3.941333
0.261000 0.510639 -0.049682 0.205596 -1.027247 1.394964 0.105695 3.254703 3.307071 -3.925952
0.262000 0.509613 -0.048285 0.205699 -1.023958 1.398224 0.101777 3.324027 3.212224 -3.910219
0.263000 0.508591 -0.046885 0.205799 -1.020599 1.401389 0.097875 3.392541 3.117287 -3.894139
0.264000 0.507572 -0.045482 0.205895 -1.017173 1.404459 0.093988 3.459961 3.022201 -3.877703
0.265000 0.506557 -0.044076 0.205987 -1.013679 1.407433 0.090119 3.526308 2.926609 -3.860922
0.266000 0.505545 -0.042667 0.206075 -1.010120 1.410312 0.086267 3.591879 2.830048 -3.843815
0.267000 0.504536 -0.041256 0.206160 -1.006496 1.413093 0.082431 3.656781 2.732557 -3.826359
0.268000 0.503532 -0.039841 0.206240 -1.002807 1.415777 0.078614 3.720858 2.634647 -3.808502
0.269000 0.502531 -0.038424 0.206317 -0.999054 1.418363 0.074814 3.783956 2.536800 -3.790221
0.270000 0.501534 -0.037004 0.206390 -0.995239 1.420851 0.071033 3.845934 2.439452 -3.771548
0.271000 0.500540 -0.035582 0.206459 -0.991362 1.423242 0.067271 3.906656 2.343008 -3.752549
0.272000 0.499551 -0.034158 0.206524 -0.987425 1.425537 0.063528 3.966242 2.247420 -3.733288
0.273000 0.498566 -0.032731 0.206586 -0.983430 1.427736 0.059805 4.024992 2.152187 -3.713807
0.274000 0.497584 -0.031302 0.206644 -0.979375 1.429841 0.056101 4.082949 2.056948 -3.694116
0.275000 0.496607 -0.029872 0.206698 -0.975264 1.431850 0.052417 4.139912 1.961567 -3.674203
0.276000 0.495634 -0.028439 0.206749 -0.971096 1.433764 0.048752 4.195914 1.865685 -3.654064
0.277000 0.494665 -0.027004 0.206796 -0.966872 1.435582 0.045108 4.251241 1.768822 -3.633699
0.278000 0.493700 -0.025568 0.206839 -0.962593 1.437302 0.041485 4.305989 1.670994 -3.613072
0.279000 0.492739 -0.024129 0.206879 -0.958260 1.438924 0.037882 4.359995 1.572689 -3.592128
0.280000 0.491783 -0.022690 0.206915 -0.953873 1.440447 0.034301 4.413109 1.474366 -3.570850
0.281000 0.490832 -0.021249 0.206947 -0.949434 1.441872 0.030741 4.465208 1.376437 -3.549293
0.282000 0.489884 -0.019806 0.206976 -0.944943 1.443200 0.027202 4.516180 1.279287 -3.527552
0.283000 0.488942 -0.018362 0.207002 -0.940401 1.444431 0.023685 4.566153 1.182852 -3.505704
0.284000 0.488004 -0.016917 0.207024 -0.935810 1.445566 0.020191 4.615413 1.086633 -3.483784
0.285000 0.487070 -0.015471 0.207042 -0.931171 1.446604 0.016718 4.663984 0.990300 -3.461792
0.286000 0.486141 -0.014024 0.207057 -0.926482 1.447546 0.013267 4.711603 0.893859 -3.439705
0.287000 0.485217 -0.012576 0.207069 -0.921747 1.448392 0.009839 4.758040 0.797423 -3.417483
0.288000 0.484298 -0.011127 0.207077 -0.916966 1.449141 0.006432 4.803119 0.701306 -3.395051
0.289000 0.483383 -0.009678 0.207081 -0.912141 1.449795 0.003048 4.846693 0.605929 -3.372311
0.290000 0.482474 -0.008228 0.207083 -0.907273 1.450353 -0.000312 4.888871 0.511289 -3.349200
0.291000 0.481569 -0.006777 0.207081 -0.902363 1.450817 -0.003650 4.929978 0.417003 -3.325729
0.292000 0.480669 -0.005326 0.207075 -0.897413 1.451187 -0.006964 4.970184 0.322995 -3.301992
0.293000 0.479774 -0.003875 0.207067 -0.892423 1.451463 -0.010254 5.009427 0.229583 -3.278122
0.294000 0.478884 -0.002423 0.207055 -0.887394 1.451646 -0.013520 5.047590 0.136999 -3.254211
0.295000 0.477999 -0.000971 0.207040 -0.882328 1.451737 -0.016762 5.084460 0.045323 -3.230289
0.296000 0.477119 0.000480 0.207021 -0.877225 1.451737 -0.019981 5.119768 -0.045451 -3.206348
0.297000 0.476245 0.001932 0.207000 -0.872088 1.451646 -0.023175 5.153507 -0.135655 -3.182366
0.298000 0.475375 0.003384 0.206975 -0.866918 1.451466 -0.026345 5.185930 -0.225775 -3.158302
0.299000 0.474511 0.004835 0.206947 -0.861716 1.451195 -0.029492 5.217141 -0.315834 -3.134082
0.300000 0.473652 0.006286 0.206916 -0.856484 1.450834 -0.032614 5.247064 -0.405479 -3.109610
0.301000 0.472798 0.007737 0.206882 -0.851222 1.450384 -0.035711 5.275807 -0.494714 -3.084815
0.302000 0.471949 0.009187 0.206845 -0.845932 1.449844 -0.038783 5.303682 -0.583924 -3.059704
0.303000 0.471106 0.010636 0.206804 -0.840615 1.449216 -0.041830 5.330858 -0.673183 -3.034391
0.304000 0.470268 0.012085 0.206761 -0.835271 1.448498 -0.044852 5.357291 -0.762171 -3.009042
0.305000 0.469435 0.013533 0.206715 -0.829900 1.447692 -0.047848 5.382878 -0.850642 -2.983778
0.306000 0.468608 0.014981 0.206665 -0.824505 1.446797 -0.050820 5.407423 -0.938488 -2.958640
0.307000 0.467786 0.016427 0.206613 -0.819086 1.445815 -0.053766 5.430670 -1.025677 -2.933624
0.308000 0.466970 0.017872 0.206558 -0.813644 1.444745 -0.056687 5.452611 -1.112513 -2.908701
0.309000 0.466159 0.019317 0.206500 -0.808180 1.443590 -0.059583 5.473472 -1.199487 -2.883809
0.310000 0.465354 0.020760 0.206439 -0.802697 1.442346 -0.062454 5.493328 -1.286663 -2.858840
0.311000 0.464554 0.022201 0.206375 -0.797194 1.441016 -0.065301 5.512081 -1.373747 -2.833668
0.312000 0.463759 0.023642 0.206308 -0.791672 1.439599 -0.068122 5.529812 -1.460789 -2.808192
0.313000 0.462970 0.025080 0.206238 -0.786134 1.438095 -0.070917 5.546815 -1.548193 -2.782410
0.314000 0.462187 0.026518 0.206166 -0.780579 1.436503 -0.073687 5.563280 -1.636051 -2.756454
0.315000 0.461409 0.027953 0.206091 -0.775007 1.434822 -0.076430 5.579208 -1.724062 -2.730528
0.316000 0.460637 0.029387 0.206013 -0.769420 1.433054 -0.079148 5.594535 -1.811973 -2.704785
0.317000 0.459870 0.030820 0.205933 -0.763818 1.431199 -0.081840 5.609088 -1.899620 -2.679280
0.318000 0.459109 0.032250 0.205850 -0.758202 1.429255 -0.084506 5.622624 -1.986890 -2.654017
0.319000 0.458354 0.033678 0.205764 -0.752573 1.427225 -0.087148 5.635134 -2.074025 -2.628964
0.320000 0.457604 0.035104 0.205675 -0.746932 1.425107 -0.089764 5.646833 -2.161498 -2.604048
0.321000 0.456860 0.036528 0.205584 -0.741279 1.422902 -0.092356 5.657818 -2.249403 -2.579160
0.322000 0.456122 0.037950 0.205491 -0.735616 1.420608 -0.094922 5.667998 -2.337418 -2.554192
0.323000 0.455389 0.039370 0.205394 -0.729943 1.418227 -0.097464 5.677302 -2.425224 -2.529120
0.324000 0.454662 0.040787 0.205296 -0.724262 1.415758 -0.099981 5.685701 -2.512518 -2.504069
0.325000 0.453940 0.042201 0.205194 -0.718572 1.413202 -0.102472 5.693183 -2.599000 -2.479248
0.326000 0.453225 0.043613 0.205091 -0.712875 1.410560 -0.104939 5.699898 -2.684778 -2.454790
0.327000 0.452515 0.045022 0.204985 -0.707172 1.407832 -0.107382 5.706073 -2.770310 -2.430707
0.328000 0.451810 0.046429 0.204876 -0.701463 1.405019 -0.109801 5.711704 -2.855793 -2.406961
0.329000 0.451112 0.047832 0.204765 -0.695749 1.402121 -0.112196 5.716558 -2.941057 -2.383516
0.330000 0.450419 0.049233 0.204652 -0.690030 1.399137 -0.114568 5.720439 -3.025905 -2.360312
0.331000 0.449732 0.050630 0.204536 -0.684308 1.396069 -0.116916 5.723221 -3.110091 -2.337261
0.332000 0.449050 0.052025 0.204418 -0.678584 1.392917 -0.119242 5.724816 -3.193340 -2.314253
0.333000 0.448374 0.053416 0.204297 -0.672858 1.389682 -0.121545 5.725322 -3.275759 -2.291190
0.334000 0.447704 0.054804 0.204175 -0.667133 1.386365 -0.123825 5.724999 -3.357767 -2.268057
0.335000 0.447040 0.056189 0.204050 -0.661408 1.382967 -0.126081 5.724007 -3.439465 -2.244988
0.336000 0.446382 0.057570 0.203923 -0.655685 1.379487 -0.128315 5.722340 -3.520565 -2.222208
0.337000 0.445729 0.058948 0.203793 -0.649964 1.375926 -0.130525 5.719936 -3.600803 -2.199877
0.338000 0.445082 0.060322 0.203661 -0.644245 1.372285 -0.132714 5.716636 -3.679956 -2.178048
0.339000 0.444440 0.061693 0.203528 -0.638530 1.368566 -0.134882 5.712224 -3.757822 -2.156712
0.340000 0.443805 0.063059 0.203392 -0.632821 1.364769 -0.137028 5.706680 -3.834565 -2.135814
0.341000 0.443175 0.064422 0.203254 -0.627117 1.360897 -0.139153 5.700173 -3.910619 -2.115254
0.342000 0.442550 0.065781 0.203113 -0.621420 1.356948 -0.141258 5.692768 -3.986092 -2.094901
0.343000 0.441932 0.067136 0.202971 -0.615731 1.352924 -0.143343 5.684392 -4.060778 -2.074620
0.344000 0.441319 0.068487 0.202827 -0.610052 1.348826 -0.145407 5.675115 -4.134776 -2.054287
0.345000 0.440712 0.069834 0.202680 -0.604381 1.344655 -0.147452 5.665175 -4.208508 -2.033865
0.346000 0.440110 0.071176 0.202532 -0.598721 1.340409 -0.149475 5.654748 -4.282111 -2.013466
0.347000 0.439514 0.072514 0.202381 -0.593072 1.336091 -0.151478 5.643873 -4.355358 -1.993292
0.348000 0.438924 0.073848 0.202229 -0.587433 1.331699 -0.153462 5.632523 -4.428007 -1.973492
0.349000 0.438339 0.075178 0.202074 -0.581807 1.327235 -0.155425 5.620560 -4.499800 -1.954121
0.350000 0.437760 0.076503 0.201918 -0.576192 1.322699 -0.157370 5.607781 -4.570461 -1.935182
0.351000 0.437187 0.077823 0.201760 -0.570591 1.318094 -0.159296 5.594159 -4.640090 -1.916626
0.352000 0.436619 0.079139 0.201599 -0.565004 1.313419 -0.161203 5.579844 -4.709096 -1.898350
0.353000 0.436057 0.080450 0.201437 -0.559431 1.308675 -0.163093 5.564894 -4.777615 -1.880231
0.354000 0.435500 0.081756 0.201273 -0.553874 1.303864 -0.164964 5.549245 -4.845499 -1.862144
0.355000 0.434949 0.083058 0.201107 -0.548333 1.298984 -0.166817 5.532956 -4.912876 -1.843973
0.356000 0.434404 0.084354 0.200940 -0.542808 1.294038 -0.168652 5.516238 -4.980160 -1.825667
0.357000 0.433864 0.085646 0.200770 -0.537301 1.289024 -0.170468 5.499236 -5.047470 -1.807320
0.358000 0.433329 0.086932 0.200599 -0.531810 1.283943 -0.172266 5.481999 -5.114639 -1.789107
0.359000 0.432800 0.088214 0.200426 -0.526337 1.278795 -0.174046 5.464692 -5.181848 -1.771115
0.360000 0.432276 0.089490 0.200251 -0.520880 1.273579 -0.175809 5.447687 -5.249919 -1.753278
0.361000 0.431758 0.090761 0.200074 -0.515441 1.268295 -0.177553 5.431470 -5.320024 -1.735442
0.362000 0.431246 0.092027 0.199895 -0.510018 1.262939 -0.179279 5.416548 -5.393400 -1.717435
0.363000 0.430738 0.093287 0.199715 -0.504608 1.257508 -0.180988 5.403357 -5.471141 -1.699094
0.364000 0.430236 0.094542 0.199533 -0.499211 1.251997 -0.182678 5.392026 -5.553640 -1.680303
0.365000 0.429740 0.095791 0.199350 -0.493824 1.246401 -0.184348 5.382125 -5.640029 -1.661039
0.366000 0.429249 0.097034 0.199165 -0.488447 1.240717 -0.186000 5.372893 -5.728669 -1.641344
0.367000 0.428763 0.098272 0.198978 -0.483078 1.234944 -0.187631 5.363757 -5.818275 -1.621292
0.368000 0.428283 0.099504 0.198790 -0.477719 1.229080 -0.189242 5.354493 -5.908196 -1.601017
0.369000 0.427808 0.100730 0.198599 -0.472369 1.223127 -0.190833 5.345034 -5.998062 -1.580694
0.370000 0.427338 0.101951 0.198408 -0.467029 1.217084 -0.192404 5.335330 -6.087608 -1.560444
0.371000 0.426873 0.103165 0.198215 -0.461699 1.210952 -0.193954 5.325245 -6.176520 -1.540311
0.372000 0.426414 0.104372 0.198020 -0.456378 1.204731 -0.195484 5.314600 -6.264450 -1.520292
0.373000 0.425961 0.105574 0.197824 -0.451069 1.198423 -0.196995 5.303358 -6.351419 -1.500329
0.374000 0.425512 0.106769 0.197626 -0.445772 1.192028 -0.198485 5.291635 -6.437791 -1.480301
0.375000 0.425069 0.107958 0.197427 -0.440486 1.185548 -0.199955 5.279482 -6.523740 -1.460077
0.376000 0.424631 0.109140 0.197226 -0.435213 1.178981 -0.201405 5.266854 -6.609202 -1.439529
0.377000 0.424199 0.110316 0.197024 -0.429952 1.172329 -0.202834 5.253802 -6.694349 -1.418528
0.378000 0.423771 0.111485 0.196820 -0.424705 1.165592 -0.204242 5.240493 -6.779592 -1.396990
0.379000 0.423349 0.112647 0.196615 -0.419471 1.158770 -0.205628 5.227040 -6.865093 -1.374948
0.380000 0.422932 0.113803 0.196409 -0.414251 1.151862 -0.206992 5.213480 -6.950759 -1.352510
0.381000 0.422521 0.114951 0.196201 -0.409044 1.144868 -0.208333 5.199909 -7.036726 -1.329713
0.382000 0.422114 0.116092 0.195992 -0.403851 1.137789 -0.209651 5.186443 -7.123319 -1.306496
0.383000 0.421713 0.117227 0.195782 -0.398672 1.130622 -0.210946 5.173026 -7.210517 -1.282799
0.384000 0.421317 0.118354 0.195571 -0.393505 1.123368 -0.212217 5.159451 -7.297943 -1.258592
0.385000 0.420926 0.119473 0.195358 -0.388353 1.116026 -0.213463 5.145548 -7.385287 -1.233827
0.386000 0.420540 0.120586 0.195144 -0.383214 1.108597 -0.214685 5.131218 -7.472370 -1.208424
0.387000 0.420160 0.121690 0.194928 -0.378090 1.101081 -0.215880 5.116401 -7.559084 -1.182284
0.388000 0.419784 0.122788 0.194712 -0.372981 1.093479 -0.217049 5.101145 -7.645607 -1.155291
0.389000 0.419414 0.123877 0.194494 -0.367888 1.085790 -0.218191 5.085592 -7.732324 -1.127355
0.390000 0.419048 0.124959 0.194276 -0.362810 1.078014 -0.219304 5.069826 -7.819375 -1.098499
0.391000 0.418688 0.126033 0.194056 -0.357748 1.070151 -0.220388 5.053841 -7.906591 -1.068825
0.392000 0.418333 0.127100 0.193835 -0.352702 1.062201 -0.221442 5.037590 -7.993755 -1.038410
0.393000 0.417983 0.128158 0.193613 -0.347673 1.054164 -0.222465 5.020959 -8.080565 -1.007284
0.394000 0.417638 0.129208 0.193390 -0.342661 1.046040 -0.223456 5.003797 -8.166668 -0.975449
0.395000 0.417297 0.130250 0.193166 -0.337665 1.037830 -0.224416 4.986068 -8.252042 -0.942845
0.396000 0.416962 0.131284 0.192941 -0.332688 1.029536 -0.225342 4.967857 -8.336987 -0.909348
0.397000 0.416632 0.132309 0.192715 -0.327730 1.021156 -0.226234 4.949213 -8.421654 -0.874824
0.398000 0.416307 0.133326 0.192488 -0.322790 1.012692 -0.227092 4.930105 -8.505936 -0.839171
0.399000 0.415986 0.134334 0.192261 -0.317870 1.004145 -0.227913 4.910512 -8.589716 -0.802336
0.400000 0.415671 0.135334 0.192033 -0.312969 0.995513 -0.228696 4.890440 -8.672872 -0.764357
0.401000 0.415360 0.136325 0.191804 -0.308089 0.986799 -0.229441 4.869910 -8.755271 -0.725323
0.402000 0.415055 0.137308 0.191574 -0.303229 0.978002 -0.230147 4.848998 -8.837025 -0.685251
0.403000 0.414754 0.138281 0.191343 -0.298391 0.969125 -0.230812 4.827798 -8.918399 -0.644081
0.404000 0.414458 0.139246 0.191112 -0.293574 0.960166 -0.231435 4.806284 -8.999345 -0.601783
0.405000 0.414167 0.140202 0.190880 -0.288778 0.951126 -0.232015 4.784337 -9.079546 -0.558369
0.406000 0.413881 0.141148 0.190648 -0.284005 0.942007 -0.232552 4.761918 -9.158941 -0.513799
0.407000 0.413599 0.142086 0.190415 -0.279254 0.932808 -0.233043 4.739093 -9.237792 -0.467958
0.408000 0.413322 0.143014 0.190182 -0.274527 0.923531 -0.233488 4.715887 -9.316233 -0.420734
0.409000 0.413050 0.143933 0.189948 -0.269823 0.914176 -0.233884 4.692251 -9.394172 -0.372051
0.410000 0.412782 0.144842 0.189714 -0.265142 0.904743 -0.234232 4.668151 -9.471503 -0.321874
0.411000 0.412520 0.145742 0.189480 -0.260486 0.895233 -0.234528 4.643576 -9.548113 -0.270245
0.412000 0.412261 0.146633 0.189245 -0.255855 0.885646 -0.234772 4.618529 -9.623880 -0.217250
0.413000 0.412008 0.147514 0.189010 -0.251249 0.875985 -0.234963 4.593066 -9.698898 -0.162902
0.414000 0.411759 0.148385 0.188775 -0.246669 0.866249 -0.235098 4.567261 -9.773384 -0.107147
0.415000 0.411514 0.149246 0.188540 -0.242115 0.856438 -0.235177 4.541090 -9.847245 -0.049973
0.416000 0.411275 0.150098 0.188305 -0.237587 0.846554 -0.235198 4.514439 -9.920092 0.008566
0.417000 0.411039 0.150939 0.188070 -0.233086 0.836598 -0.235160 4.487215 -9.991617 0.068446
0.418000 0.410808 0.151771 0.187835 -0.228612 0.826571 -0.235061 4.459369 -10.061671 0.129686
0.419000 0.410582 0.152592 0.187600 -0.224167 0.816475 -0.234900 4.430869 -10.130189 0.192333
0.420000 0.410360 0.153404 0.187365 -0.219751 0.806311 -0.234676 4.401748 -10.197317 0.256470
0.421000 0.410143 0.154205 0.187130 -0.215364 0.796080 -0.234388 4.372089 -10.263335 0.322174
0.422000 0.409929 0.154996 0.186896 -0.211006 0.785784 -0.234032 4.341940 -10.328319 0.389410
0.423000 0.409721 0.155777 0.186662 -0.206680 0.775423 -0.233609 4.311305 -10.392157 0.458065
0.424000 0.409516 0.156547 0.186429 -0.202384 0.765000 -0.233116 4.280221 -10.454894 0.528100
0.425000 0.409316 0.157307 0.186196 -0.198119 0.754514 -0.232553 4.248757 -10.516700 0.599558
0.426000 0.409120 0.158056 0.185964 -0.193886 0.743966 -0.231917 4.216918 -10.577479 0.672445
0.427000 0.408928 0.158794 0.185732 -0.189685 0.733359 -0.231208 4.184647 -10.636871 0.746704
0.428000 0.408740 0.159523 0.185501 -0.185517 0.722692 -0.230423 4.151892 -10.694581 0.822284
0.429000 0.408557 0.160240 0.185271 -0.181382 0.711969 -0.229563 4.118610 -10.750441 0.899151
0.430000 0.408378 0.160946 0.185042 -0.177280 0.701192 -0.228625 4.084766 -10.804350 0.977278
0.431000 0.408202 0.161642 0.184814 -0.173212 0.690361 -0.227609 4.050373 -10.856396 1.056690
0.432000 0.408031 0.162327 0.184587 -0.169179 0.679479 -0.226512 4.015488 -10.906800 1.137427
0.433000 0.407864 0.163001 0.184361 -0.165181 0.668547 -0.225334 3.980141 -10.955603 1.219416
0.434000 0.407701 0.163664 0.184136 -0.161219 0.657568 -0.224073 3.944315 -11.002634 1.302488
0.435000 0.407542 0.164316 0.183913 -0.157292 0.646542 -0.222729 3.907980 -11.047667 1.386479
0.436000 0.407386 0.164957 0.183691 -0.153403 0.635472 -0.221300 3.871088 -11.090388 1.471239
0.437000 0.407235 0.165587 0.183470 -0.149550 0.624361 -0.219786 3.833577 -11.130432 1.556627
0.438000 0.407087 0.166206 0.183251 -0.145736 0.613211 -0.218187 3.795435 -11.167667 1.642588
0.439000 0.406943 0.166814 0.183034 -0.141959 0.602026 -0.216501 3.756704 -11.202215 1.729152
0.440000 0.406803 0.167410 0.182818 -0.138222 0.590807 -0.214728 3.717413 -11.234138 1.816311
0.441000 0.406667 0.167995 0.182604 -0.134525 0.579557 -0.212868 3.677556 -11.263338 1.903981
0.442000 0.406534 0.168569 0.182393 -0.130867 0.568280 -0.210920 3.637135 -11.289707 1.992046
0.443000 0.406405 0.169132 0.182183 -0.127250 0.556978 -0.208884 3.596161 -11.313126 2.080323
0.444000 0.406280 0.169683 0.181975 -0.123675 0.545654 -0.206760 3.554651 -11.333466 2.168596
0.445000 0.406158 0.170223 0.181769 -0.120141 0.534311 -0.204547 3.512645 -11.350739 2.256744
0.446000 0.406039 0.170752 0.181566 -0.116649 0.522953 -0.202246 3.470189 -11.365045 2.344743
0.447000 0.405925 0.171269 0.181365 -0.113201 0.511581 -0.199858 3.427292 -11.376280 2.432515
0.448000 0.405813 0.171775 0.181166 -0.109795 0.500200 -0.197381 3.383925 -11.384136 2.519901
0.449000 0.405705 0.172270 0.180970 -0.106433 0.488813 -0.194818 3.340063 -11.388348 2.606736
0.450000 0.405600 0.172753 0.180776 -0.103115 0.477423 -0.192168 3.295695 -11.388729 2.692855
0.451000 0.405499 0.173224 0.180585 -0.099841 0.466035 -0.189432 3.250814 -11.385133 2.778090
0.452000 0.405401 0.173685 0.180397 -0.096613 0.454653 -0.186612 3.205438 -11.377559 2.862352
0.453000 0.405306 0.174134 0.180212 -0.093431 0.443280 -0.183707 3.159600 -11.366119 2.945612
0.454000 0.405214 0.174571 0.180030 -0.090294 0.431921 -0.180720 3.113312 -11.350814 3.027751
0.455000 0.405125 0.174998 0.179851 -0.087204 0.420579 -0.177652 3.066561 -11.331527 3.108573
0.456000 0.405039 0.175412 0.179675 -0.084161 0.409258 -0.174503 3.019352 -11.308233 3.187955
0.457000 0.404957 0.175816 0.179502 -0.081165 0.397962 -0.171276 2.971708 -11.280980 3.265842
0.458000 0.404877 0.176208 0.179332 -0.078217 0.386696 -0.167972 2.923628 -11.249650 3.342104
0.459000 0.404800 0.176589 0.179166 -0.075318 0.375463 -0.164592 2.875086 -11.213955 3.416517
0.460000 0.404726 0.176959 0.179003 -0.072467 0.364268 -0.161139 2.826071 -11.173639 3.488858
0.461000 0.404655 0.177318 0.178844 -0.069666 0.353116 -0.157614 2.776597 -11.128512 3.558920
0.462000 0.404587 0.177665 0.178688 -0.066914 0.342011 -0.154021 2.726697 -11.078416 3.626500
0.463000 0.404521 0.178002 0.178536 -0.064212 0.330959 -0.150361 2.676406 -11.023308 3.691474
0.464000 0.404459 0.178327 0.178387 -0.061561 0.319964 -0.146638 2.625758 -10.963231 3.753765
0.465000 0.404398 0.178642 0.178242 -0.058961 0.309032 -0.142854 2.574763 -10.898121 3.813197
0.466000 0.404341 0.178945 0.178101 -0.056412 0.298168 -0.139011 2.523407 -10.827779 3.869480
0.467000 0.404285 0.179238 0.177964 -0.053914 0.287377 -0.135115 2.471675 -10.751972 3.922325
0.468000 0.404233 0.179520 0.177831 -0.051468 0.276664 -0.131167 2.419550 -10.670409 3.971436
0.469000 0.404183 0.179792 0.177702 -0.049075 0.266036 -0.127172 2.367011 -10.582762 4.016516
0.470000 0.404135 0.180052 0.177577 -0.046734 0.255498 -0.123134 2.314054 -10.488845 4.057366
0.471000 0.404089 0.180303 0.177456 -0.044447 0.245058 -0.119057 2.260696 -10.388627 4.093885
0.472000 0.404046 0.180542 0.177339 -0.042213 0.234721 -0.114946 2.206952 -10.282041 4.125916
0.473000 0.404005 0.180772 0.177226 -0.040033 0.224494 -0.110805 2.152831 -10.168928 4.153216
0.474000 0.403966 0.180991 0.177117 -0.037907 0.214383 -0.106640 2.098347 -10.049107 4.175537
0.475000 0.403929 0.181201 0.177012 -0.035836 0.204396 -0.102454 2.043529 -9.922376 4.192629
0.476000 0.403894 0.181400 0.176912 -0.033820 0.194539 -0.098254 1.988410 -9.788511 4.204237
0.477000 0.403861 0.181590 0.176816 -0.031859 0.184819 -0.094046 1.933023 -9.647379 4.210186
0.478000 0.403830 0.181770 0.176724 -0.029954 0.175244 -0.089834 1.877390 -9.498909 4.210354
0.479000 0.403801 0.181940 0.176636 -0.028105 0.165821 -0.085625 1.821514 -9.342926 4.204534
0.480000 0.403774 0.182101 0.176553 -0.026311 0.156558 -0.081425 1.765392 -9.179153 4.192438
0.481000 0.403749 0.182253 0.176473 -0.024574 0.147463 -0.077240 1.709020 -9.007397 4.173847
0.482000 0.403725 0.182396 0.176398 -0.022893 0.138543 -0.073077 1.652405 -8.827564 4.148615
0.483000 0.403703 0.182531 0.176327 -0.021269 0.129808 -0.068943 1.595542 -8.639488 4.116516
0.484000 0.403682 0.182656 0.176260 -0.019702 0.121264 -0.064844 1.538418 -8.442908 4.077228
0.485000 0.403663 0.182773 0.176198 -0.018192 0.112922 -0.060788 1.481016 -8.237543 4.030434
0.486000 0.403646 0.182882 0.176139 -0.016740 0.104789 -0.056783 1.423319 -8.023089 3.975828
0.487000 0.403630 0.182983 0.176084 -0.015346 0.096876 -0.052837 1.365309 -7.799225 3.913108
0.488000 0.403615 0.183076 0.176033 -0.014009 0.089191 -0.048957 1.306974 -7.565724 3.842057
0.489000 0.403602 0.183161 0.175986 -0.012732 0.081744 -0.045153 1.248308 -7.322432 3.762521
0.490000 0.403590 0.183239 0.175943 -0.011513 0.074546 -0.041432 1.189297 -7.069105 3.674272
0.491000 0.403579 0.183310 0.175903 -0.010353 0.067606 -0.037804 1.129918 -6.805397 3.576996
0.492000 0.403569 0.183374 0.175867 -0.009253 0.060935 -0.034278 1.070157 -6.530980 3.470374
0.493000 0.403560 0.183432 0.175835 -0.008213 0.054544 -0.030863 1.010013 -6.245565 3.354085
0.494000 0.403553 0.183483 0.175806 -0.007233 0.048444 -0.027570 0.949492 -5.948882 3.227805
0.495000 0.403546 0.183529 0.175780 -0.006314 0.042646 -0.024408 0.888602 -5.640734 3.091292
0.496000 0.403540 0.183569 0.175757 -0.005456 0.037162 -0.021387 0.827351 -5.320972 2.944388
0.497000 0.403535 0.183603 0.175737 -0.004659 0.032004 -0.018519 0.765743 -4.989365 2.786896
0.498000 0.403531 0.183633 0.175720 -0.003924 0.027184 -0.015813 0.703784 -4.645608 2.618563
0.499000 0.403527 0.183658 0.175705 -0.003251 0.022713 -0.013282 0.641477 -4.289455 2.439186
0.500000 0.403524 0.183678 0.175693 -0.002641 0.018605 -0.010935 0.578827 -3.920717 2.248606
0.501000 0.403522 0.183695 0.175683 -0.002094 0.014872 -0.008785 0.515836 -3.539117 2.046593
0.502000 0.403520 0.183708 0.175676 -0.001610 0.011527 -0.006842 0.242128 -1.672528 0.971345
0.503000 0.403519 0.183718 0.175670 -0.001610 0.011527 -0.006842 0.242128 -1.672528 0.971345
