0.000000 0.672344 -0.198547 0.137480 -0.002424 -0.002953 0.031328 -0.473029 0.146773 0.707557
0.001000 0.672342 -0.198550 0.137511 -0.002424 -0.002953 0.031328 -0.473029 0.146773 0.707557
0.002000 0.672339 -0.198553 0.137543 -0.003370 -0.002659 0.032743 -0.965847 0.301774 1.431304
0.003000 0.672335 -0.198555 0.137577 -0.004356 -0.002349 0.034191 -1.005828 0.318536 1.463816
0.004000 0.672330 -0.198557 0.137611 -0.005382 -0.002022 0.035671 -1.046609 0.335919 1.496584
0.005000 0.672324 -0.198559 0.137648 -0.006449 -0.001677 0.037184 -1.088186 0.353938 1.529596
0.006000 0.672317 -0.198561 0.137686 -0.007558 -0.001314 0.038730 -1.130554 0.372594 1.562844
0.007000 0.672309 -0.198562 0.137725 -0.008710 -0.000932 0.040310 -1.173706 0.391891 1.596324
0.008000 0.672300 -0.198563 0.137766 -0.009906 -0.000530 0.041923 -1.217634 0.411829 1.630023
0.009000 0.672289 -0.198563 0.137809 -0.011145 -0.000108 0.043570 -1.262329 0.432421 1.663912
0.010000 0.672277 -0.198563 0.137854 -0.012430 0.000334 0.045251 -1.307779 0.453692 1.697950
0.011000 0.672264 -0.198562 0.137900 -0.013761 0.000799 0.046966 -1.353975 0.475675 1.732095
0.012000 0.672250 -0.198561 0.137948 -0.015138 0.001286 0.048715 -1.400901 0.498395 1.766303
0.013000 0.672234 -0.198560 0.137997 -0.016563 0.001796 0.050498 -1.448534 0.521862 1.800537
0.014000 0.672217 -0.198558 0.138049 -0.018035 0.002329 0.052316 -1.496831 0.546076 1.834775
0.015000 0.672198 -0.198555 0.138102 -0.019556 0.002888 0.054168 -1.545742 0.571034 1.869001
0.016000 0.672178 -0.198552 0.138157 -0.021127 0.003472 0.056054 -1.595224 0.596734 1.903187
0.017000 0.672156 -0.198548 0.138214 -0.022747 0.004081 0.057974 -1.645246 0.623173 1.937290
0.018000 0.672132 -0.198544 0.138273 -0.024417 0.004718 0.059928 -1.695784 0.650347 1.971256
0.019000 0.672107 -0.198539 0.138334 -0.026138 0.005382 0.061917 -1.746818 0.678251 2.005032
0.020000 0.672080 -0.198533 0.138397 -0.027911 0.006074 0.063938 -1.798334 0.706868 2.038578
0.021000 0.672051 -0.198526 0.138462 -0.029735 0.006796 0.065994 -1.850330 0.736169 2.071884
0.022000 0.672020 -0.198519 0.138529 -0.031612 0.007547 0.068082 -1.902812 0.766113 2.104955
0.023000 0.671988 -0.198511 0.138598 -0.033541 0.008328 0.070204 -1.955779 0.796668 2.137778
0.024000 0.671953 -0.198503 0.138669 -0.035523 0.009140 0.072358 -2.009217 0.827816 2.170317
0.025000 0.671917 -0.198493 0.138742 -0.037559 0.009984 0.074544 -2.063122 0.859546 2.202532
0.026000 0.671878 -0.198483 0.138818 -0.039649 0.010859 0.076763 -2.117490 0.891850 2.234383
0.027000 0.671838 -0.198471 0.138896 -0.041794 0.011767 0.079013 -2.172310 0.924718 2.265827
0.028000 0.671795 -0.198459 0.138976 -0.043994 0.012709 0.081294 -2.227553 0.958151 2.296817
0.029000 0.671750 -0.198446 0.139059 -0.046249 0.013684 0.083607 -2.283177 0.992161 2.327329
0.030000 0.671702 -0.198432 0.139143 -0.048560 0.014693 0.085949 -2.339142 1.026769 2.357353
0.031000 0.671652 -0.198417 0.139231 -0.050928 0.015737 0.088321 -2.395423 1.061987 2.386879
0.032000 0.671600 -0.198400 0.139320 -0.053351 0.016817 0.090723 -2.452022 1.097810 2.415892
0.033000 0.671546 -0.198383 0.139412 -0.055832 0.017933 0.093153 -2.508957 1.134225 2.444376
0.034000 0.671489 -0.198364 0.139506 -0.058369 0.019085 0.095612 -2.566223 1.171214 2.472298
0.035000 0.671429 -0.198345 0.139603 -0.060964 0.020275 0.098098 -2.623788 1.208772 2.499606
0.036000 0.671367 -0.198324 0.139703 -0.063617 0.021503 0.100611 -2.681594 1.246904 2.526260
0.037000 0.671302 -0.198302 0.139804 -0.066327 0.022769 0.103150 -2.739583 1.285624 2.552230
0.038000 0.671234 -0.198278 0.139909 -0.069096 0.024074 0.105715 -2.797694 1.324935 2.577473
0.039000 0.671164 -0.198254 0.140016 -0.071923 0.025419 0.108305 -2.855881 1.364826 2.601926
0.040000 0.671090 -0.198227 0.140125 -0.074808 0.026804 0.110919 -2.914128 1.405274 2.625540
0.041000 0.671014 -0.198200 0.140238 -0.077751 0.028229 0.113556 -2.972433 1.446254 2.648285
0.042000 0.670935 -0.198171 0.140353 -0.080753 0.029696 0.116216 -3.030794 1.487738 2.670152
0.043000 0.670852 -0.198141 0.140470 -0.083812 0.031205 0.118897 -3.089206 1.529698 2.691179
0.044000 0.670767 -0.198109 0.140590 -0.086931 0.032756 0.121598 -3.147659 1.572106 2.711423
0.045000 0.670679 -0.198075 0.140713 -0.090108 0.034349 0.124319 -3.206123 1.614928 2.730902
0.046000 0.670587 -0.198040 0.140839 -0.093343 0.035986 0.127060 -3.264542 1.658134 2.749587
0.047000 0.670492 -0.198003 0.140967 -0.096637 0.037665 0.129819 -3.322855 1.701688 2.767467
0.048000 0.670394 -0.197965 0.141099 -0.099989 0.039389 0.132595 -3.381004 1.745554 2.784553
0.049000 0.670292 -0.197924 0.141233 -0.103399 0.041156 0.135388 -3.438923 1.789699 2.800826
0.050000 0.670187 -0.197882 0.141369 -0.106867 0.042968 0.138196 -3.496553 1.834104 2.816236
0.051000 0.670078 -0.197838 0.141509 -0.110392 0.044825 0.141020 -3.553872 1.878778 2.830760
0.052000 0.669966 -0.197793 0.141651 -0.113974 0.046726 0.143858 -3.610874 1.923747 2.844396
0.053000 0.669850 -0.197745 0.141797 -0.117614 0.048672 0.146709 -3.667534 1.969018 2.857117
0.054000 0.669731 -0.197695 0.141945 -0.121310 0.050664 0.149572 -3.723810 2.014576 2.868873
0.055000 0.669608 -0.197644 0.142096 -0.125061 0.052701 0.152447 -3.779693 2.060401 2.879652
0.056000 0.669481 -0.197590 0.142250 -0.128869 0.054785 0.155332 -3.835199 2.106477 2.889479
0.057000 0.669350 -0.197534 0.142407 -0.132732 0.056914 0.158226 -3.890311 2.152779 2.898341
0.058000 0.669215 -0.197476 0.142566 -0.136650 0.059090 0.161128 -3.944974 2.199272 2.906197
0.059000 0.669077 -0.197416 0.142729 -0.140622 0.061313 0.164038 -3.999139 2.245929 2.913054
0.060000 0.668934 -0.197353 0.142894 -0.144648 0.063582 0.166954 -4.052781 2.292728 2.918963
0.061000 0.668787 -0.197289 0.143063 -0.148727 0.065898 0.169876 -4.105877 2.339666 2.923957
0.062000 0.668637 -0.197222 0.143234 -0.152860 0.068261 0.172802 -4.158417 2.386765 2.928035
0.063000 0.668482 -0.197152 0.143408 -0.157044 0.070672 0.175732 -4.210394 2.434065 2.931177
0.064000 0.668322 -0.197080 0.143585 -0.161280 0.073130 0.178665 -4.261771 2.481576 2.933329
0.065000 0.668159 -0.197006 0.143766 -0.165568 0.075635 0.181599 -4.312493 2.529280 2.934440
0.066000 0.667991 -0.196929 0.143949 -0.169905 0.078188 0.184533 -4.362562 2.577160 2.934545
0.067000 0.667819 -0.196850 0.144135 -0.174293 0.080789 0.187468 -4.412017 2.625209 2.933738
0.068000 0.667643 -0.196767 0.144324 -0.178729 0.083439 0.190401 -4.460852 2.673406 2.932052
0.069000 0.667462 -0.196683 0.144515 -0.183214 0.086136 0.193332 -4.508995 2.721709 2.929458
0.070000 0.667276 -0.196595 0.144710 -0.187747 0.088882 0.196260 -4.556382 2.770092 2.925959
0.071000 0.667086 -0.196505 0.144908 -0.192327 0.091676 0.199184 -4.602980 2.818540 2.921612
0.072000 0.666892 -0.196412 0.145109 -0.196953 0.094519 0.202103 -4.648765 2.867037 2.916456
0.073000 0.666692 -0.196316 0.145312 -0.201625 0.097410 0.205017 -4.693742 2.915563 2.910492
0.074000 0.666488 -0.196217 0.145519 -0.206341 0.100350 0.207924 -4.737927 2.964095 2.903704
0.075000 0.666280 -0.196115 0.145728 -0.211101 0.103339 0.210824 -4.781288 3.012594 2.896037
0.076000 0.666066 -0.196010 0.145940 -0.215903 0.106375 0.213716 -4.823765 3.061012 2.887438
0.077000 0.665848 -0.195902 0.146155 -0.220748 0.109461 0.216599 -4.865363 3.109325 2.877964
0.078000 0.665625 -0.195791 0.146374 -0.225634 0.112594 0.219472 -4.906142 3.157530 2.867745
0.079000 0.665397 -0.195677 0.146594 -0.230560 0.115776 0.222335 -4.946100 3.205602 2.856836
0.080000 0.665164 -0.195560 0.146818 -0.235526 0.119005 0.225186 -4.985168 3.253490 2.845194
0.081000 0.664926 -0.195439 0.147045 -0.240531 0.122283 0.228025 -5.023311 3.301161 2.832798
0.082000 0.664682 -0.195315 0.147274 -0.245573 0.125608 0.230851 -5.060533 3.348600 2.819663
0.083000 0.664434 -0.195188 0.147507 -0.250652 0.128980 0.233664 -5.096792 3.395771 2.805757
0.084000 0.664181 -0.195057 0.147742 -0.255767 0.132399 0.236463 -5.131997 3.442631 2.790997
0.085000 0.663923 -0.194923 0.147979 -0.260916 0.135865 0.239246 -5.166118 3.489186 2.775342
0.086000 0.663659 -0.194786 0.148220 -0.266099 0.139377 0.242014 -5.199192 3.535482 2.758818
0.087000 0.663391 -0.194644 0.148463 -0.271314 0.142936 0.244764 -5.231268 3.581566 2.741470
0.088000 0.663117 -0.194500 0.148710 -0.276561 0.146541 0.247496 -5.262421 3.627477 2.723387
0.089000 0.662838 -0.194351 0.148958 -0.281839 0.150191 0.250211 -5.292738 3.673252 2.704681
0.090000 0.662553 -0.194199 0.149210 -0.287147 0.153887 0.252906 -5.322215 3.718882 2.685379
0.091000 0.662263 -0.194044 0.149464 -0.292483 0.157629 0.255581 -5.350759 3.764310 2.665417
0.092000 0.661968 -0.193884 0.149721 -0.297848 0.161416 0.258237 -5.378309 3.809494 2.644771
0.093000 0.661668 -0.193721 0.149981 -0.303240 0.165248 0.260871 -5.404848 3.854416 2.623461
0.094000 0.661362 -0.193554 0.150243 -0.308658 0.169125 0.263484 -5.430306 3.899027 2.601449
0.095000 0.661050 -0.193382 0.150508 -0.314101 0.173046 0.266074 -5.454579 3.943256 2.578635
0.096000 0.660733 -0.193207 0.150775 -0.319567 0.177011 0.268641 -5.477658 3.987070 2.554951
0.097000 0.660411 -0.193028 0.151045 -0.325056 0.181020 0.271184 -5.499607 4.030468 2.530376
0.098000 0.660083 -0.192845 0.151317 -0.330566 0.185072 0.273702 -5.520412 4.073414 2.504844
0.099000 0.659750 -0.192658 0.151592 -0.336097 0.189167 0.276193 -5.539990 4.115842 2.478284
0.100000 0.659411 -0.192467 0.151870 -0.341646 0.193304 0.278658 -5.558339 4.157730 2.450746
0.101000 0.659067 -0.192272 0.152150 -0.347214 0.197482 0.281095 -5.575556 4.199106 2.422385
0.102000 0.658717 -0.192072 0.152432 -0.352797 0.201702 0.283503 -5.591724 4.239993 2.393336
0.103000 0.658361 -0.191868 0.152717 -0.358397 0.205962 0.285882 -5.606904 4.280412 2.363701
0.104000 0.658000 -0.191660 0.153004 -0.364011 0.210263 0.288230 -5.621145 4.320377 2.333563
0.105000 0.657633 -0.191448 0.153293 -0.369639 0.214603 0.290549 -5.634396 4.359852 2.302911
0.106000 0.657261 -0.191231 0.153585 -0.375280 0.218982 0.292836 -5.646532 4.398774 2.271647
0.107000 0.656882 -0.191010 0.153879 -0.380932 0.223401 0.295092 -5.657517 4.437145 2.239706
0.108000 0.656499 -0.190784 0.154175 -0.386595 0.227857 0.297316 -5.667389 4.475022 2.207076
0.109000 0.656109 -0.190554 0.154473 -0.392267 0.232351 0.299506 -5.676105 4.512402 2.173692
0.110000 0.655714 -0.190319 0.154774 -0.397947 0.236882 0.301663 -5.683561 4.549224 2.139479
0.111000 0.655313 -0.190080 0.155077 -0.403634 0.241449 0.303785 -5.689776 4.585477 2.104488
0.112000 0.654907 -0.189837 0.155382 -0.409327 0.246052 0.305872 -5.694868 4.621199 2.068867
0.113000 0.654495 -0.189588 0.155689 -0.415024 0.250691 0.307923 -5.698845 4.656372 2.032666
0.114000 0.654077 -0.189335 0.155997 -0.420725 0.255365 0.309937 -5.701592 4.690915 1.995822
0.115000 0.653653 -0.189078 0.156308 -0.426427 0.260073 0.311915 -5.703058 4.724801 1.958310
0.116000 0.653224 -0.188815 0.156621 -0.432131 0.264815 0.313854 -5.703298 4.758066 1.920182
0.117000 0.652789 -0.188548 0.156936 -0.437834 0.269589 0.315755 -5.702379 4.790761 1.881480
0.118000 0.652348 -0.188276 0.157253 -0.443535 0.274396 0.317617 -5.700392 4.822962 1.842230
0.119000 0.651902 -0.187999 0.157571 -0.449235 0.279235 0.319439 -5.697438 4.854758 1.802444
0.120000 0.651450 -0.187717 0.157892 -0.454930 0.284106 0.321222 -5.693495 4.886149 1.762067
0.121000 0.650992 -0.187431 0.158214 -0.460622 0.289008 0.322963 -5.688447 4.917067 1.721021
0.122000 0.650529 -0.187139 0.158538 -0.466307 0.293940 0.324664 -5.682308 4.947503 1.679364
0.123000 0.650060 -0.186843 0.158863 -0.471986 0.298903 0.326322 -5.675204 4.977513 1.637257
0.124000 0.649585 -0.186542 0.159190 -0.477658 0.303895 0.327938 -5.667136 5.007077 1.594757
0.125000 0.649104 -0.186235 0.159519 -0.483320 0.308917 0.329512 -5.657968 5.036085 1.551803
0.126000 0.648618 -0.185924 0.159849 -0.488974 0.313967 0.331042 -5.647644 5.064459 1.508376
0.127000 0.648126 -0.185607 0.160181 -0.494616 0.319046 0.332528 -5.636198 5.092167 1.464528
0.128000 0.647629 -0.185286 0.160514 -0.500246 0.324152 0.333971 -5.623564 5.119128 1.420237
0.129000 0.647126 -0.184959 0.160849 -0.505863 0.329284 0.335369 -5.609584 5.145241 1.375400
0.130000 0.646617 -0.184627 0.161185 -0.511465 0.334442 0.336722 -5.594225 5.170534 1.329992
0.131000 0.646103 -0.184290 0.161522 -0.517051 0.339625 0.338029 -5.577604 5.195145 1.284083
0.132000 0.645583 -0.183948 0.161861 -0.522620 0.344832 0.339290 -5.559857 5.219199 1.237779
0.133000 0.645058 -0.183600 0.162201 -0.528171 0.350063 0.340504 -5.541161 5.242803 1.191245
0.134000 0.644527 -0.183248 0.162542 -0.533703 0.355318 0.341672 -5.521712 5.266046 1.144678
0.135000 0.643990 -0.182890 0.162884 -0.539214 0.360595 0.342794 -5.501535 5.288911 1.098149
0.136000 0.643448 -0.182527 0.163228 -0.544706 0.365896 0.343869 -5.480492 5.311284 1.051600
0.137000 0.642901 -0.182158 0.163572 -0.550175 0.371218 0.344897 -5.458550 5.333110 1.005026
0.138000 0.642348 -0.181784 0.163918 -0.555623 0.376562 0.345879 -5.435787 5.354405 0.958501
0.139000 0.641790 -0.181405 0.164264 -0.561047 0.381927 0.346814 -5.412155 5.375109 0.912012
0.140000 0.641226 -0.181020 0.164611 -0.566447 0.387312 0.347703 -5.387487 5.395106 0.865443
0.141000 0.640657 -0.180630 0.164959 -0.571822 0.392717 0.348545 -5.361749 5.414399 0.818733
0.142000 0.640082 -0.180235 0.165308 -0.577171 0.398141 0.349340 -5.335032 5.433081 0.771883
0.143000 0.639502 -0.179834 0.165658 -0.582492 0.403583 0.350089 -5.307298 5.451151 0.724833
0.144000 0.638917 -0.179428 0.166008 -0.587785 0.409043 0.350790 -5.278401 5.468513 0.677509
0.145000 0.638327 -0.179016 0.166360 -0.593049 0.414520 0.351444 -5.248362 5.485178 0.629995
0.146000 0.637731 -0.178599 0.166711 -0.598282 0.420014 0.352050 -5.217389 5.501275 0.582511
0.147000 0.637130 -0.178176 0.167064 -0.603484 0.425523 0.352609 -5.185666 5.516901 0.535246
0.148000 0.636524 -0.177748 0.167417 -0.608653 0.431047 0.353120 -5.153340 5.532105 0.488325
0.149000 0.635913 -0.177314 0.167770 -0.613790 0.436587 0.353585 -5.120540 5.546901 0.441841
0.150000 0.635296 -0.176874 0.168124 -0.618894 0.442141 0.354004 -5.087215 5.561202 0.395771
0.151000 0.634675 -0.176429 0.168478 -0.623965 0.447709 0.354377 -5.053183 5.574876 0.349996
0.152000 0.634049 -0.175979 0.168832 -0.629001 0.453291 0.354704 -5.018407 5.587942 0.304445
0.153000 0.633417 -0.175523 0.169187 -0.634002 0.458885 0.354986 -4.982991 5.600540 0.259114
0.154000 0.632781 -0.175061 0.169542 -0.638967 0.464492 0.355222 -4.946896 5.612687 0.213937
0.155000 0.632139 -0.174594 0.169898 -0.643895 0.470111 0.355414 -4.909960 5.624281 0.168835
0.156000 0.631493 -0.174121 0.170253 -0.648787 0.475741 0.355560 -4.872206 5.635328 0.123886
0.157000 0.630842 -0.173642 0.170609 -0.653640 0.481381 0.355661 -4.833857 5.645969 0.079307
0.158000 0.630185 -0.173158 0.170965 -0.658454 0.487033 0.355719 -4.795115 5.656313 0.035284
0.159000 0.629525 -0.172668 0.171320 -0.663230 0.492694 0.355732 -4.756145 5.666419 -0.008063
0.160000 0.628859 -0.172173 0.171676 -0.667967 0.498365 0.355702 -4.717093 5.676314 -0.050644
0.161000 0.628189 -0.171672 0.172032 -0.672664 0.504047 0.355631 -4.677910 5.685905 -0.092484
0.162000 0.627514 -0.171165 0.172387 -0.677322 0.509737 0.355518 -4.638401 5.695040 -0.133705
0.163000 0.626834 -0.170652 0.172743 -0.681941 0.515437 0.355363 -4.598532 5.703733 -0.174378
0.164000 0.626150 -0.170134 0.173098 -0.686519 0.521145 0.355169 -4.558423 5.712131 -0.214509
0.165000 0.625461 -0.169610 0.173453 -0.691058 0.526861 0.354934 -4.518039 5.720247 -0.254162
0.166000 0.624768 -0.169080 0.173808 -0.695556 0.532585 0.354660 -4.477207 5.727967 -0.293420
0.167000 0.624070 -0.168545 0.174162 -0.700012 0.538317 0.354347 -4.435954 5.735318 -0.332201
0.168000 0.623368 -0.168004 0.174517 -0.704427 0.544056 0.353996 -4.394484 5.742458 -0.370308
0.169000 0.622661 -0.167457 0.174870 -0.708801 0.549802 0.353607 -4.352816 5.749395 -0.407660
0.170000 0.621950 -0.166904 0.175224 -0.713133 0.555555 0.353181 -4.310771 5.755952 -0.444325
0.171000 0.621235 -0.166345 0.175577 -0.717423 0.561314 0.352718 -4.268313 5.762008 -0.480341
0.172000 0.620515 -0.165781 0.175929 -0.721670 0.567079 0.352220 -4.225561 5.767528 -0.515677
0.173000 0.619791 -0.165211 0.176281 -0.725874 0.572849 0.351687 -4.182466 5.772382 -0.550381
0.174000 0.619063 -0.164636 0.176633 -0.730035 0.578623 0.351119 -4.138825 5.776394 -0.584592
0.175000 0.618331 -0.164054 0.176983 -0.734151 0.584402 0.350518 -4.094606 5.779586 -0.618404
0.176000 0.617595 -0.163467 0.177334 -0.738224 0.590183 0.349882 -4.049944 5.782142 -0.651854
0.177000 0.616855 -0.162874 0.177683 -0.742251 0.595966 0.349214 -4.004806 5.784084 -0.685025
0.178000 0.616111 -0.162275 0.178032 -0.746233 0.601751 0.348512 -3.959000 5.785273 -0.718003
0.179000 0.615362 -0.161670 0.178380 -0.750169 0.607536 0.347778 -3.912533 5.785698 -0.750704
0.180000 0.614610 -0.161060 0.178728 -0.754059 0.613322 0.347011 -3.865635 5.785515 -0.782909
0.181000 0.613854 -0.160444 0.179074 -0.757901 0.619107 0.346212 -3.818517 5.784848 -0.814444
0.182000 0.613095 -0.159822 0.179420 -0.761696 0.624892 0.345382 -3.771354 5.783768 -0.845229
0.183000 0.612331 -0.159194 0.179765 -0.765443 0.630675 0.344522 -3.724304 5.782318 -0.875235
0.184000 0.611564 -0.158560 0.180109 -0.769144 0.636456 0.343632 -3.677302 5.780387 -0.904528
0.185000 0.610793 -0.157921 0.180452 -0.772798 0.642236 0.342713 -3.630121 5.777796 -0.933249
0.186000 0.610018 -0.157276 0.180795 -0.776404 0.648012 0.341765 -3.582716 5.774590 -0.961485
0.187000 0.609240 -0.156625 0.181136 -0.779963 0.653785 0.340790 -3.535215 5.770990 -0.989265
0.188000 0.608458 -0.155968 0.181476 -0.783475 0.659554 0.339787 -3.487572 5.767040 -1.016666
0.189000 0.607673 -0.155306 0.181815 -0.786939 0.665319 0.338756 -3.439587 5.762601 -1.043774
0.190000 0.606884 -0.154638 0.182154 -0.790354 0.671079 0.337699 -3.391277 5.757681 -1.070523
0.191000 0.606092 -0.153964 0.182491 -0.793721 0.676834 0.336615 -3.342860 5.752444 -1.096732
0.192000 0.605297 -0.153284 0.182827 -0.797040 0.682584 0.335506 -3.294349 5.746880 -1.122332
0.193000 0.604498 -0.152598 0.183162 -0.800310 0.688328 0.334371 -3.245540 5.740775 -1.147407
0.194000 0.603696 -0.151907 0.183496 -0.803531 0.694066 0.333211 -3.196392 5.734011 -1.172028
0.195000 0.602891 -0.151210 0.183828 -0.806703 0.699796 0.332027 -3.147042 5.726596 -1.196214
0.196000 0.602083 -0.150508 0.184160 -0.809825 0.705519 0.330818 -3.097439 5.718404 -1.220044
0.197000 0.601271 -0.149799 0.184490 -0.812897 0.711233 0.329586 -3.047346 5.709232 -1.243659
0.198000 0.600457 -0.149085 0.184819 -0.815920 0.716937 0.328331 -2.996706 5.699110 -1.267135
0.199000 0.599640 -0.148365 0.185147 -0.818891 0.722631 0.327052 -2.945644 5.688261 -1.290486
0.200000 0.598819 -0.147640 0.185473 -0.821811 0.728314 0.325750 -2.894102 5.676717 -1.313780
0.201000 0.597996 -0.146909 0.185798 -0.824679 0.733985 0.324425 -2.841864 5.664310 -1.337098
0.202000 0.597170 -0.146172 0.186122 -0.827495 0.739642 0.323076 -2.788936 5.651037 -1.360385
0.203000 0.596341 -0.145429 0.186444 -0.830257 0.745287 0.321704 -2.735582 5.637099 -1.383467
0.204000 0.595509 -0.144681 0.186765 -0.832966 0.750917 0.320309 -2.682044 5.622649 -1.406208
0.205000 0.594675 -0.143928 0.187085 -0.835621 0.756532 0.318891 -2.628531 5.607760 -1.428548
0.206000 0.593838 -0.143168 0.187403 -0.838223 0.762132 0.317452 -2.575234 5.592454 -1.450471
0.207000 0.592999 -0.142403 0.187720 -0.840772 0.767717 0.315991 -2.522098 5.576577 -1.472042
0.208000 0.592157 -0.141633 0.188035 -0.843267 0.773285 0.314508 -2.468876 5.559892 -1.493398
0.209000 0.591312 -0.140857 0.188349 -0.845709 0.778837 0.313004 -2.415508 5.542424 -1.514626
0.210000 0.590465 -0.140075 0.188661 -0.848098 0.784370 0.311478 -2.362125 5.524403 -1.535760
0.211000 0.589616 -0.139288 0.188972 -0.850434 0.789885 0.309932 -2.308668 5.505854 -1.556878
0.212000 0.588764 -0.138495 0.189281 -0.852715 0.795382 0.308365 -2.254910 5.486590 -1.578069
0.213000 0.587910 -0.137697 0.189588 -0.854943 0.800859 0.306776 -2.200859 5.466603 -1.599289
0.214000 0.587054 -0.136894 0.189894 -0.857117 0.806315 0.305166 -2.146738 5.446068 -1.620396
0.215000 0.586196 -0.136085 0.190199 -0.859237 0.811751 0.303535 -2.092550 5.424953 -1.641342
0.216000 0.585336 -0.135270 0.190501 -0.861302 0.817165 0.301883 -2.038060 5.402991 -1.662198
0.217000 0.584474 -0.134450 0.190803 -0.863313 0.822557 0.300211 -1.983197 5.380022 -1.683008
0.218000 0.583609 -0.133625 0.191102 -0.865269 0.827925 0.298517 -1.928120 5.356083 -1.703745
0.219000 0.582743 -0.132794 0.191400 -0.867169 0.833269 0.296803 -1.872998 5.331283 -1.724391
0.220000 0.581875 -0.131959 0.191695 -0.869015 0.838588 0.295069 -1.818011 5.305862 -1.744940
0.221000 0.581005 -0.131117 0.191990 -0.870805 0.843881 0.293313 -1.763346 5.280133 -1.765392
0.222000 0.580133 -0.130271 0.192282 -0.872541 0.849148 0.291538 -1.708948 5.254145 -1.785808
0.223000 0.579260 -0.129419 0.192573 -0.874223 0.854389 0.289742 -1.654579 5.227714 -1.806260
0.224000 0.578385 -0.128562 0.192862 -0.875850 0.859603 0.287925 -1.600228 5.200857 -1.826685
0.225000 0.577508 -0.127700 0.193149 -0.877424 0.864791 0.286089 -1.546096 5.173790 -1.846923
0.226000 0.576630 -0.126832 0.193434 -0.878943 0.869951 0.284232 -1.492169 5.146506 -1.866908
0.227000 0.575750 -0.125960 0.193717 -0.880408 0.875084 0.282355 -1.438203 5.118719 -1.886705
0.228000 0.574869 -0.125082 0.193998 -0.881819 0.880188 0.280458 -1.384133 5.090244 -1.906363
0.229000 0.573987 -0.124200 0.194278 -0.883176 0.885264 0.278542 -1.330085 5.061042 -1.925884
0.230000 0.573103 -0.123312 0.194556 -0.884479 0.890310 0.276606 -1.275991 5.030922 -1.945324
0.231000 0.572218 -0.122419 0.194831 -0.885728 0.895326 0.274651 -1.221590 4.999610 -1.964790
0.232000 0.571331 -0.121521 0.195105 -0.886922 0.900310 0.272677 -1.166835 4.967145 -1.984333
0.233000 0.570444 -0.120618 0.195377 -0.888062 0.905260 0.270683 -1.111932 4.933862 -2.003926
0.234000 0.569555 -0.119711 0.195646 -0.889146 0.910177 0.268669 -1.057100 4.900085 -2.023509
0.235000 0.568666 -0.118798 0.195914 -0.890176 0.915060 0.266636 -1.002567 4.866119 -2.042957
0.236000 0.567775 -0.117880 0.196180 -0.891151 0.919910 0.264583 -0.948571 4.832253 -2.062110
0.237000 0.566883 -0.116958 0.196443 -0.892073 0.924725 0.262511 -0.895086 4.798476 -2.080908
0.238000 0.565991 -0.116031 0.196705 -0.892942 0.929507 0.260421 -0.841866 4.764483 -2.099414
0.239000 0.565097 -0.115099 0.196964 -0.893757 0.934254 0.258313 -0.788856 4.730062 -2.117685
0.240000 0.564203 -0.114162 0.197221 -0.894519 0.938967 0.256186 -0.736208 4.695156 -2.135734
0.241000 0.563308 -0.113221 0.197476 -0.895229 0.943644 0.254041 -0.683864 4.659551 -2.153623
0.242000 0.562413 -0.112275 0.197729 -0.895887 0.948286 0.251879 -0.631554 4.622963 -2.171457
0.243000 0.561517 -0.111325 0.197980 -0.896492 0.952890 0.249698 -0.579195 4.585455 -2.189292
0.244000 0.560620 -0.110369 0.198229 -0.897045 0.957457 0.247500 -0.526900 4.547359 -2.207134
0.245000 0.559723 -0.109410 0.198475 -0.897546 0.961985 0.245284 -0.474587 4.508748 -2.225029
0.246000 0.558825 -0.108445 0.198719 -0.897995 0.966474 0.243050 -0.421993 4.469419 -2.243034
0.247000 0.557927 -0.107477 0.198961 -0.898390 0.970924 0.240798 -0.369083 4.429388 -2.261094
0.248000 0.557028 -0.106504 0.199201 -0.898733 0.975333 0.238528 -0.316036 4.388902 -2.279070
0.249000 0.556129 -0.105526 0.199438 -0.899022 0.979701 0.236240 -0.262819 4.347950 -2.296904
0.250000 0.555230 -0.104544 0.199673 -0.899258 0.984029 0.233934 -0.209188 4.306212 -2.314644
0.251000 0.554331 -0.103558 0.199906 -0.899441 0.988314 0.231610 -0.155110 4.263480 -2.332322
0.252000 0.553431 -0.102568 0.200136 -0.899569 0.992556 0.229269 -0.100812 4.219775 -2.349914
0.253000 0.552531 -0.101573 0.200365 -0.899642 0.996753 0.226911 -0.046504 4.175220 -2.367396
0.254000 0.551632 -0.100574 0.200590 -0.899662 1.000906 0.224535 0.007636 4.130114 -2.384740
0.255000 0.550732 -0.099571 0.200814 -0.899627 1.005014 0.222141 0.061445 4.084855 -2.401915
0.256000 0.549832 -0.098564 0.201035 -0.899539 1.009076 0.219731 0.115009 4.039523 -2.418945
0.257000 0.548933 -0.097553 0.201253 -0.899397 1.013093 0.217303 0.168591 3.993898 -2.435870
0.258000 0.548034 -0.096538 0.201469 -0.899202 1.017064 0.214859 0.222230 3.947982 -2.452637
0.259000 0.547135 -0.095519 0.201683 -0.898952 1.020989 0.212398 0.275747 3.902008 -2.469116
0.260000 0.546236 -0.094496 0.201894 -0.898650 1.024868 0.209921 0.329176 3.855950 -2.485251
0.261000 0.545337 -0.093469 0.202103 -0.898294 1.028701 0.207427 0.382761 3.809475 -2.501084
0.262000 0.544439 -0.092438 0.202309 -0.897885 1.032487 0.204919 0.436534 3.762382 -2.516649
0.263000 0.543542 -0.091404 0.202513 -0.897421 1.036225 0.202394 0.490316 3.714653 -2.531942
0.264000 0.542644 -0.090366 0.202714 -0.896904 1.039916 0.199855 0.544143 3.666087 -2.546999
0.265000 0.541748 -0.089324 0.202912 -0.896333 1.043558 0.197300 0.598277 3.616376 -2.561893
0.266000 0.540852 -0.088279 0.203108 -0.895707 1.047149 0.194731 0.652801 3.565574 -2.576655
0.267000 0.539956 -0.087230 0.203302 -0.895027 1.050689 0.192147 0.707547 3.514087 -2.591258
0.268000 0.539062 -0.086178 0.203493 -0.894292 1.054177 0.189548 0.762335 3.462300 -2.605657
0.269000 0.538168 -0.085122 0.203681 -0.893503 1.057613 0.186936 0.816949 3.410564 -2.619772
0.270000 0.537275 -0.084062 0.203866 -0.892658 1.060998 0.184309 0.871158 3.359210 -2.633506
0.271000 0.536382 -0.083000 0.204049 -0.891760 1.064332 0.181669 0.924988 3.308223 -2.646824
0.272000 0.535491 -0.081934 0.204230 -0.890808 1.067615 0.179015 0.978678 3.257252 -2.659761
0.273000 0.534601 -0.080864 0.204407 -0.889803 1.070846 0.176349 1.032252 3.206060 -2.672329
0.274000 0.533712 -0.079792 0.204582 -0.888744 1.074027 0.173671 1.085524 3.154593 -2.684494
0.275000 0.532823 -0.078716 0.204755 -0.887632 1.077155 0.170980 1.138520 3.102616 -2.696267
0.276000 0.531936 -0.077638 0.204924 -0.886467 1.080232 0.168278 1.191482 3.049804 -2.707702
0.277000 0.531050 -0.076556 0.205091 -0.885249 1.083255 0.165565 1.244458 2.996228 -2.718829
0.278000 0.530166 -0.075471 0.205256 -0.883978 1.086224 0.162840 1.297291 2.942259 -2.729638
0.279000 0.529282 -0.074383 0.205417 -0.882654 1.089140 0.160105 1.350027 2.887978 -2.740152
0.280000 0.528400 -0.073293 0.205576 -0.881278 1.092000 0.157360 1.402917 2.833152 -2.750405
0.281000 0.527520 -0.072199 0.205732 -0.879848 1.094806 0.154605 1.456002 2.777783 -2.760365
0.282000 0.526641 -0.071103 0.205885 -0.878366 1.097556 0.151839 1.509071 2.722182 -2.769939
0.283000 0.525763 -0.070004 0.206035 -0.876830 1.100250 0.149065 1.561909 2.666581 -2.779058
0.284000 0.524887 -0.068903 0.206183 -0.875242 1.102889 0.146281 1.614300 2.611073 -2.787694
0.285000 0.524013 -0.067799 0.206328 -0.873602 1.105472 0.143489 1.666028 2.555669 -2.795843
0.286000 0.523140 -0.066692 0.206470 -0.871910 1.108000 0.140689 1.717130 2.500131 -2.803535
0.287000 0.522269 -0.065583 0.206609 -0.870167 1.110473 0.137882 1.767855 2.444126 -2.810806
0.288000 0.521400 -0.064471 0.206746 -0.868374 1.112889 0.135068 1.818262 2.387719 -2.817631
0.289000 0.520532 -0.063357 0.206879 -0.866531 1.115248 0.132247 1.868211 2.331290 -2.823939
0.290000 0.519666 -0.062240 0.207010 -0.864638 1.117551 0.129420 1.917760 2.274916 -2.829702
0.291000 0.518803 -0.061122 0.207138 -0.862695 1.119798 0.126588 1.967160 2.218356 -2.834944
0.292000 0.517941 -0.060001 0.207263 -0.860704 1.121988 0.123750 2.016465 2.161614 -2.839679
0.293000 0.517081 -0.058878 0.207386 -0.858662 1.124121 0.120908 2.065529 2.104955 -2.843892
0.294000 0.516224 -0.057752 0.207505 -0.856572 1.126198 0.118062 2.114396 2.048359 -2.847595
0.295000 0.515368 -0.056625 0.207622 -0.854434 1.128218 0.115213 2.163292 1.991453 -2.850834
0.296000 0.514515 -0.055496 0.207736 -0.852246 1.130181 0.112361 2.212209 1.933996 -2.853639
0.297000 0.513664 -0.054365 0.207847 -0.850009 1.132086 0.109506 2.260880 1.876016 -2.856011
0.298000 0.512815 -0.053232 0.207955 -0.847724 1.133933 0.106649 2.309056 1.817639 -2.857930
0.299000 0.511968 -0.052097 0.208060 -0.845391 1.135721 0.103790 2.356536 1.759173 -2.859343
0.300000 0.511124 -0.050960 0.208162 -0.843011 1.137451 0.100930 2.403140 1.701026 -2.860177
0.301000 0.510282 -0.049822 0.208262 -0.840585 1.139123 0.098069 2.448931 1.643258 -2.860403
0.302000 0.509443 -0.048682 0.208358 -0.838113 1.140738 0.095209 2.494169 1.585614 -2.860045
0.303000 0.508606 -0.047541 0.208452 -0.835597 1.142294 0.092349 2.538935 1.528104 -2.859138
0.304000 0.507772 -0.046398 0.208543 -0.833035 1.143794 0.089491 2.583127 1.471007 -2.857705
0.305000 0.506940 -0.045253 0.208631 -0.830430 1.145236 0.086634 2.626820 1.414310 -2.855780
0.306000 0.506111 -0.044107 0.208716 -0.827782 1.146622 0.083779 2.670241 1.357642 -2.853396
0.307000 0.505284 -0.042960 0.208799 -0.825090 1.147952 0.080927 2.713388 1.300773 -2.850558
0.308000 0.504461 -0.041811 0.208878 -0.822355 1.149224 0.078078 2.756047 1.243670 -2.847243
0.309000 0.503640 -0.040661 0.208955 -0.819578 1.150439 0.075233 2.798209 1.186105 -2.843445
0.310000 0.502822 -0.039510 0.209029 -0.816758 1.151596 0.072391 2.840094 1.127722 -2.839168
0.311000 0.502006 -0.038358 0.209100 -0.813897 1.152694 0.069554 2.881759 1.068549 -2.834377
0.312000 0.501194 -0.037205 0.209168 -0.810995 1.153733 0.066723 2.923037 1.008996 -2.829004
0.313000 0.500384 -0.036051 0.209233 -0.808051 1.154712 0.063896 2.963766 0.949452 -2.823014
0.314000 0.499578 -0.034896 0.209296 -0.805067 1.155632 0.061077 3.003798 0.890277 -2.816430
0.315000 0.498774 -0.033739 0.209355 -0.802044 1.156493 0.058264 3.042988 0.831811 -2.809305
0.316000 0.497974 -0.032583 0.209412 -0.798981 1.157296 0.055458 3.081406 0.774030 -2.801695
0.317000 0.497176 -0.031425 0.209466 -0.795881 1.158041 0.052660 3.119273 0.716561 -2.793634
0.318000 0.496382 -0.030266 0.209517 -0.792743 1.158729 0.049871 3.156581 0.659186 -2.785125
0.319000 0.495591 -0.029107 0.209566 -0.789568 1.159359 0.047090 3.193118 0.601899 -2.776149
0.320000 0.494803 -0.027948 0.209612 -0.786357 1.159933 0.044318 3.228875 0.544485 -2.766699
0.321000 0.494018 -0.026788 0.209655 -0.783110 1.160448 0.041556 3.264068 0.486588 -2.756779
0.322000 0.493236 -0.025627 0.209695 -0.779829 1.160906 0.038805 3.298775 0.428230 -2.746377
0.323000 0.492458 -0.024466 0.209732 -0.776513 1.161305 0.036064 3.332866 0.369812 -2.735465
0.324000 0.491683 -0.023304 0.209767 -0.773163 1.161646 0.033334 3.366207 0.311716 -2.724039
0.325000 0.490912 -0.022142 0.209799 -0.769780 1.161928 0.030616 3.398660 0.254294 -2.712139
0.326000 0.490144 -0.020980 0.209828 -0.766365 1.162154 0.027910 3.430085 0.197882 -2.699825
0.327000 0.489379 -0.019818 0.209855 -0.762920 1.162324 0.025216 3.460548 0.142448 -2.687150
0.328000 0.488618 -0.018656 0.209879 -0.759444 1.162439 0.022535 3.490262 0.087627 -2.674139
0.329000 0.487860 -0.017493 0.209900 -0.755939 1.162499 0.019868 3.519239 0.033221 -2.660793
0.330000 0.487106 -0.016331 0.209918 -0.752406 1.162505 0.017214 3.547300 -0.020746 -2.647097
0.331000 0.486356 -0.015168 0.209934 -0.748845 1.162458 0.014574 3.574449 -0.074467 -2.633042
0.332000 0.485608 -0.014006 0.209947 -0.745257 1.162357 0.011948 3.600887 -0.128291 -2.618613
0.333000 0.484865 -0.012844 0.209958 -0.741643 1.162201 0.009336 3.626660 -0.182195 -2.603769
0.334000 0.484125 -0.011681 0.209966 -0.738004 1.161992 0.006740 3.651640 -0.235851 -2.588454
0.335000 0.483389 -0.010520 0.209972 -0.734340 1.161730 0.004159 3.675876 -0.289225 -2.572628
0.336000 0.482656 -0.009358 0.209974 -0.730652 1.161414 0.001595 3.699604 -0.342592 -2.556309
0.337000 0.481928 -0.008197 0.209975 -0.726941 1.161044 -0.000953 3.722934 -0.395967 -2.539570
0.338000 0.481203 -0.007036 0.209973 -0.723206 1.160622 -0.003484 3.745786 -0.449030 -2.522515
0.339000 0.480481 -0.005875 0.209968 -0.719449 1.160146 -0.005998 3.768040 -0.501519 -2.505218
0.340000 0.479764 -0.004716 0.209961 -0.715670 1.159619 -0.008495 3.789510 -0.553281 -2.487704
0.341000 0.479050 -0.003556 0.209951 -0.711870 1.159040 -0.010974 3.809976 -0.604220 -2.469971
0.342000 0.478340 -0.002397 0.209939 -0.708050 1.158410 -0.013435 3.829430 -0.654529 -2.452007
0.343000 0.477634 -0.001239 0.209924 -0.704211 1.157731 -0.015878 3.848052 -0.704560 -2.433779
0.344000 0.476932 -0.000082 0.209907 -0.700354 1.157001 -0.018302 3.865876 -0.754315 -2.415223
0.345000 0.476233 0.001075 0.209887 -0.696479 1.156222 -0.020708 3.882770 -0.803492 -2.396252
0.346000 0.475539 0.002230 0.209865 -0.692588 1.155394 -0.023095 3.898767 -0.852082 -2.376806
0.347000 0.474848 0.003385 0.209841 -0.688682 1.154518 -0.025462 3.914085 -0.900373 -2.356882
0.348000 0.474161 0.004539 0.209815 -0.684760 1.153593 -0.027809 3.928820 -0.948400 -2.336555
0.349000 0.473478 0.005693 0.209786 -0.680824 1.152621 -0.030135 3.942929 -0.995928 -2.315936
0.350000 0.472800 0.006845 0.209754 -0.676874 1.151602 -0.032440 3.956499 -1.043002 -2.295101
0.351000 0.472125 0.007996 0.209721 -0.672911 1.150535 -0.034725 3.969735 -1.089979 -2.274069
0.352000 0.471454 0.009146 0.209685 -0.668935 1.149422 -0.036989 3.982645 -1.137020 -2.252841
0.353000 0.470787 0.010295 0.209647 -0.664946 1.148261 -0.039231 3.995031 -1.183989 -2.231413
0.354000 0.470124 0.011442 0.209606 -0.660945 1.147054 -0.041451 4.006707 -1.230706 -2.209764
0.355000 0.469465 0.012589 0.209564 -0.656932 1.145800 -0.043650 4.017512 -1.276910 -2.187838
0.356000 0.468810 0.013734 0.209519 -0.652910 1.144500 -0.045827 4.027301 -1.322302 -2.165564
0.357000 0.468159 0.014878 0.209472 -0.648878 1.143155 -0.047981 4.036119 -1.366910 -2.142880
0.358000 0.467512 0.016020 0.209423 -0.644838 1.141766 -0.050113 4.044182 -1.411043 -2.119794
0.359000 0.466869 0.017161 0.209372 -0.640790 1.140333 -0.052221 4.051599 -1.454753 -2.096408
0.360000 0.466231 0.018301 0.209319 -0.636734 1.138856 -0.054306 4.058349 -1.497826 -2.072877
0.361000 0.465596 0.019439 0.209263 -0.632673 1.137337 -0.056367 4.064533 -1.540317 -2.049302
0.362000 0.464965 0.020576 0.209206 -0.628605 1.135776 -0.058404 4.070340 -1.582571 -2.025701
0.363000 0.464339 0.021711 0.209146 -0.624532 1.134172 -0.060418 4.075766 -1.624709 -2.002055
0.364000 0.463716 0.022844 0.209085 -0.620454 1.132526 -0.062408 4.080641 -1.666616 -1.978338
0.365000 0.463098 0.023976 0.209022 -0.616371 1.130839 -0.064375 4.084950 -1.708411 -1.954518
0.366000 0.462484 0.025106 0.208956 -0.612284 1.129110 -0.066317 4.088857 -1.750432 -1.930543
0.367000 0.461873 0.026234 0.208889 -0.608193 1.127338 -0.068236 4.092412 -1.792725 -1.906349
0.368000 0.461267 0.027360 0.208820 -0.604099 1.125524 -0.070130 4.095500 -1.835000 -1.881884
0.369000 0.460665 0.028485 0.208749 -0.600002 1.123668 -0.072000 4.098017 -1.876971 -1.857139
0.370000 0.460067 0.029608 0.208676 -0.595903 1.121770 -0.073844 4.099887 -1.918368 -1.832199
0.371000 0.459473 0.030728 0.208601 -0.591802 1.119831 -0.075664 4.101047 -1.958929 -1.807196
0.372000 0.458884 0.031847 0.208525 -0.587701 1.117852 -0.077459 4.101581 -1.998715 -1.782217
0.373000 0.458298 0.032964 0.208446 -0.583599 1.115834 -0.079228 4.101667 -2.038074 -1.757278
0.374000 0.457716 0.034079 0.208366 -0.579498 1.113776 -0.080973 4.101308 -2.077137 -1.732390
0.375000 0.457139 0.035192 0.208284 -0.575397 1.111680 -0.082693 4.100358 -2.115800 -1.707576
0.376000 0.456566 0.036302 0.208201 -0.571297 1.109545 -0.084388 4.098813 -2.154191 -1.682834
0.377000 0.455996 0.037411 0.208115 -0.567199 1.107371 -0.086059 4.096822 -2.192648 -1.658112
0.378000 0.455431 0.038517 0.208029 -0.563103 1.105159 -0.087705 4.094420 -2.231222 -1.633334
0.379000 0.454870 0.039621 0.207940 -0.559010 1.102909 -0.089326 4.091485 -2.269637 -1.608425
0.380000 0.454313 0.040723 0.207850 -0.554920 1.100620 -0.090922 4.087917 -2.307623 -1.583371
0.381000 0.453760 0.041822 0.207758 -0.550834 1.098294 -0.092492 4.083656 -2.344923 -1.558262
0.382000 0.453211 0.042919 0.207665 -0.546753 1.095930 -0.094038 4.078664 -2.381285 -1.533248
0.383000 0.452667 0.044014 0.207570 -0.542677 1.093531 -0.095559 4.073035 -2.416775 -1.508420
0.384000 0.452126 0.045106 0.207474 -0.538607 1.091097 -0.097055 4.066933 -2.451715 -1.483789
0.385000 0.451590 0.046196 0.207376 -0.534543 1.088628 -0.098526 4.060347 -2.486189 -1.459349
0.386000 0.451057 0.047284 0.207277 -0.530486 1.086124 -0.099974 4.053121 -2.520034 -1.435106
0.387000 0.450529 0.048369 0.207176 -0.526437 1.083587 -0.101397 4.045234 -2.553332 -1.411042
0.388000 0.450004 0.049451 0.207074 -0.522396 1.081018 -0.102796 4.036825 -2.586405 -1.387100
0.389000 0.449484 0.050531 0.206970 -0.518363 1.078415 -0.104171 4.027937 -2.619330 -1.363210
0.390000 0.448967 0.051608 0.206866 -0.514340 1.075779 -0.105522 4.018499 -2.651934 -1.339306
0.391000 0.448455 0.052682 0.206759 -0.510326 1.073111 -0.106849 4.008557 -2.684289 -1.315323
0.392000 0.447947 0.053754 0.206652 -0.506323 1.070410 -0.108153 3.998294 -2.716707 -1.291239
0.393000 0.447442 0.054823 0.206543 -0.502330 1.067677 -0.109432 3.987820 -2.749253 -1.267129
0.394000 0.446942 0.055889 0.206433 -0.498347 1.064912 -0.110687 3.977120 -2.781687 -1.243133
0.395000 0.446446 0.056953 0.206322 -0.494375 1.062114 -0.111918 3.966141 -2.813772 -1.219362
0.396000 0.445953 0.058014 0.206209 -0.490415 1.059284 -0.113126 3.954765 -2.845285 -1.195881
0.397000 0.445465 0.059071 0.206095 -0.486466 1.056423 -0.114310 3.942837 -2.876010 -1.172728
0.398000 0.444980 0.060126 0.205981 -0.482529 1.053532 -0.115471 3.930346 -2.906025 -1.149897
0.399000 0.444500 0.061178 0.205865 -0.478605 1.050611 -0.116610 3.917416 -2.935645 -1.127326
0.400000 0.444023 0.062228 0.205747 -0.474694 1.047661 -0.117726 3.904079 -2.964943 -1.104934
0.401000 0.443550 0.063274 0.205629 -0.470797 1.044681 -0.118820 3.890254 -2.993751 -1.082642
0.402000 0.443082 0.064317 0.205510 -0.466914 1.041673 -0.119891 3.875973 -3.022138 -1.060373
0.403000 0.442617 0.065357 0.205389 -0.463045 1.038637 -0.120940 3.861396 -3.050405 -1.038104
0.404000 0.442156 0.066394 0.205268 -0.459191 1.035573 -0.121967 3.846618 -3.078616 -1.015921
0.405000 0.441698 0.067428 0.205145 -0.455352 1.032480 -0.122972 3.831647 -3.106591 -0.993979
0.406000 0.441245 0.068459 0.205022 -0.451528 1.029359 -0.123955 3.816569 -3.134385 -0.972369
0.407000 0.440795 0.069487 0.204897 -0.447719 1.026211 -0.124917 3.801531 -3.162290 -0.951094
0.408000 0.440349 0.070512 0.204772 -0.443925 1.023035 -0.125857 3.786540 -3.190354 -0.930147
0.409000 0.439907 0.071533 0.204646 -0.440146 1.019831 -0.126777 3.771463 -3.218332 -0.909545
0.410000 0.439469 0.072551 0.204519 -0.436382 1.016598 -0.127677 3.756168 -3.245990 -0.889288
0.411000 0.439035 0.073566 0.204390 -0.432633 1.013339 -0.128556 3.740537 -3.273121 -0.869344
0.412000 0.438604 0.074578 0.204261 -0.428901 1.010052 -0.129415 3.724458 -3.299533 -0.849662
0.413000 0.438177 0.075586 0.204132 -0.425184 1.006739 -0.130255 3.707948 -3.325315 -0.830183
0.414000 0.437753 0.076591 0.204001 -0.421485 1.003401 -0.131076 3.691158 -3.350776 -0.810881
0.415000 0.437334 0.077593 0.203869 -0.417802 1.000038 -0.131877 3.674196 -3.375999 -0.791836
0.416000 0.436918 0.078592 0.203737 -0.414136 0.996649 -0.132659 3.657096 -3.400838 -0.773193
0.417000 0.436506 0.079586 0.203604 -0.410488 0.993236 -0.133423 3.639958 -3.425367 -0.755033
0.418000 0.436097 0.080578 0.203470 -0.406856 0.989799 -0.134169 3.622918 -3.449871 -0.737349
0.419000 0.435692 0.081566 0.203336 -0.403242 0.986336 -0.134898 3.605973 -3.474395 -0.720126
0.420000 0.435290 0.082551 0.203200 -0.399645 0.982850 -0.135610 3.588987 -3.498691 -0.703372
0.421000 0.434893 0.083532 0.203065 -0.396064 0.979339 -0.136305 3.571835 -3.522526 -0.687077
0.422000 0.434498 0.084509 0.202928 -0.392501 0.975805 -0.136984 3.554422 -3.545692 -0.671201
0.423000 0.434108 0.085483 0.202791 -0.388955 0.972248 -0.137647 3.536663 -3.567998 -0.655685
0.424000 0.433720 0.086454 0.202653 -0.385428 0.968669 -0.138295 3.518590 -3.589522 -0.640460
0.425000 0.433337 0.087421 0.202514 -0.381918 0.965069 -0.138928 3.500335 -3.610556 -0.625494
0.426000 0.432956 0.088384 0.202375 -0.378427 0.961448 -0.139546 3.481970 -3.631174 -0.610859
0.427000 0.432580 0.089344 0.202235 -0.374954 0.957806 -0.140150 3.463491 -3.651226 -0.596690
0.428000 0.432207 0.090300 0.202094 -0.371500 0.954145 -0.140740 3.444960 -3.670776 -0.583064
0.429000 0.431837 0.091252 0.201953 -0.368064 0.950465 -0.141316 3.426487 -3.690091 -0.569964
0.430000 0.431470 0.092201 0.201812 -0.364647 0.946765 -0.141879 3.408056 -3.709205 -0.557369
0.431000 0.431108 0.093145 0.201670 -0.361248 0.943046 -0.142431 3.389549 -3.727920 -0.545279
0.432000 0.430748 0.094087 0.201527 -0.357868 0.939309 -0.142970 3.370943 -3.746265 -0.533660
0.433000 0.430392 0.095024 0.201384 -0.354506 0.935554 -0.143498 3.352333 -3.764514 -0.522446
0.434000 0.430039 0.095958 0.201240 -0.351163 0.931780 -0.144015 3.333764 -3.782760 -0.511580
0.435000 0.429689 0.096888 0.201096 -0.347839 0.927988 -0.144521 3.315188 -3.800841 -0.501036
0.436000 0.429343 0.097814 0.200951 -0.344533 0.924179 -0.145017 3.296563 -3.818595 -0.490822
0.437000 0.429000 0.098736 0.200806 -0.341246 0.920351 -0.145503 3.277859 -3.835851 -0.481005
0.438000 0.428661 0.099654 0.200660 -0.337977 0.916507 -0.145979 3.259052 -3.852438 -0.471687
0.439000 0.428324 0.100569 0.200514 -0.334727 0.912646 -0.146446 3.240198 -3.868431 -0.462910
0.440000 0.427991 0.101480 0.200367 -0.331497 0.908770 -0.146905 3.221399 -3.884090 -0.454646
0.441000 0.427661 0.102387 0.200220 -0.328285 0.904878 -0.147355 3.202658 -3.899436 -0.446863
0.442000 0.427335 0.103289 0.200072 -0.325091 0.900971 -0.147799 3.183888 -3.914264 -0.439555
0.443000 0.427011 0.104188 0.199924 -0.321917 0.897050 -0.148235 3.165083 -3.928590 -0.432685
0.444000 0.426691 0.105084 0.199776 -0.318761 0.893114 -0.148664 3.146324 -3.942668 -0.426181
0.445000 0.426374 0.105975 0.199627 -0.315624 0.889164 -0.149087 3.127621 -3.956576 -0.419979
0.446000 0.426060 0.106862 0.199478 -0.312506 0.885201 -0.149504 3.108912 -3.970197 -0.414039
0.447000 0.425749 0.107745 0.199328 -0.309406 0.881224 -0.149915 3.090206 -3.983609 -0.408302
0.448000 0.425441 0.108624 0.199178 -0.306325 0.877234 -0.150320 3.071614 -3.997090 -0.402725
0.449000 0.425136 0.109500 0.199027 -0.303263 0.873230 -0.150720 3.053212 -4.010735 -0.397345
0.450000 0.424834 0.110371 0.198876 -0.300219 0.869212 -0.151115 3.035007 -4.024390 -0.392260
0.451000 0.424536 0.111238 0.198725 -0.297193 0.865181 -0.151505 3.016964 -4.037864 -0.387543
0.452000 0.424240 0.112101 0.198573 -0.294185 0.861136 -0.151890 2.998989 -4.050900 -0.383220
0.453000 0.423947 0.112960 0.198421 -0.291195 0.857079 -0.152271 2.980947 -4.063204 -0.379290
0.454000 0.423658 0.113815 0.198269 -0.288223 0.853010 -0.152649 2.962803 -4.074754 -0.375712
0.455000 0.423371 0.114666 0.198116 -0.285270 0.848930 -0.153023 2.944626 -4.085791 -0.372409
0.456000 0.423087 0.115513 0.197963 -0.282334 0.844838 -0.153394 2.926444 -4.096427 -0.369316
0.457000 0.422806 0.116356 0.197809 -0.279417 0.840737 -0.153761 2.908228 -4.106604 -0.366384
0.458000 0.422528 0.117195 0.197655 -0.276518 0.836625 -0.154126 2.890009 -4.116434 -0.363554
0.459000 0.422253 0.118029 0.197501 -0.273637 0.832504 -0.154489 2.871884 -4.126194 -0.360776
0.460000 0.421981 0.118860 0.197346 -0.270774 0.828373 -0.154848 2.853902 -4.135964 -0.358084
0.461000 0.421712 0.119686 0.197191 -0.267929 0.824232 -0.155205 2.836056 -4.145637 -0.355566
0.462000 0.421445 0.120508 0.197036 -0.265102 0.820081 -0.155559 2.818389 -4.155278 -0.353254
0.463000 0.421181 0.121326 0.196880 -0.262292 0.815921 -0.155911 2.800975 -4.165107 -0.351110
0.464000 0.420920 0.122140 0.196724 -0.259500 0.811751 -0.156261 2.783804 -4.175110 -0.349096
0.465000 0.420662 0.122950 0.196568 -0.256724 0.807571 -0.156609 2.766776 -4.185019 -0.347204
0.466000 0.420407 0.123755 0.196411 -0.253966 0.803381 -0.156956 2.749807 -4.194603 -0.345422
0.467000 0.420154 0.124556 0.196254 -0.251225 0.799182 -0.157300 2.732839 -4.203704 -0.343742
0.468000 0.419905 0.125353 0.196096 -0.248500 0.794974 -0.157643 2.715829 -4.212200 -0.342153
0.469000 0.419657 0.126146 0.195938 -0.245793 0.790758 -0.157985 2.698806 -4.220190 -0.340612
0.470000 0.419413 0.126935 0.195780 -0.243103 0.786533 -0.158324 2.681857 -4.227937 -0.339070
0.471000 0.419171 0.127719 0.195622 -0.240429 0.782302 -0.158663 2.665028 -4.235528 -0.337531
0.472000 0.418932 0.128500 0.195463 -0.237773 0.778062 -0.158999 2.648317 -4.242878 -0.336044
0.473000 0.418696 0.129276 0.195304 -0.235133 0.773816 -0.159335 2.631763 -4.250062 -0.334617
0.474000 0.418462 0.130047 0.195144 -0.232509 0.769562 -0.159669 2.615421 -4.257284 -0.333207
0.475000 0.418231 0.130815 0.194984 -0.229902 0.765301 -0.160001 2.599252 -4.264516 -0.331795
0.476000 0.418002 0.131578 0.194824 -0.227311 0.761033 -0.160332 2.583131 -4.271480 -0.330402
0.477000 0.417776 0.132337 0.194664 -0.224736 0.756758 -0.160662 2.566952 -4.277946 -0.329029
0.478000 0.417553 0.133091 0.194503 -0.222177 0.752477 -0.160990 2.550657 -4.283770 -0.327647
0.479000 0.417332 0.133842 0.194342 -0.219634 0.748191 -0.161317 2.534208 -4.288858 -0.326210
0.480000 0.417113 0.134588 0.194180 -0.217108 0.743900 -0.161643 2.517632 -4.293313 -0.324648
0.481000 0.416897 0.135329 0.194019 -0.214599 0.739604 -0.161967 2.501008 -4.297383 -0.322894
0.482000 0.416684 0.136067 0.193856 -0.212106 0.735305 -0.162289 2.484383 -4.301139 -0.320951
0.483000 0.416473 0.136800 0.193694 -0.209630 0.731002 -0.162608 2.467760 -4.304485 -0.318863
0.484000 0.416265 0.137529 0.193531 -0.207171 0.726696 -0.162926 2.451179 -4.307478 -0.316633
0.485000 0.416059 0.138253 0.193368 -0.204728 0.722387 -0.163242 2.434698 -4.310320 -0.314216
0.486000 0.415855 0.138974 0.193205 -0.202302 0.718075 -0.163555 2.418306 -4.313012 -0.311591
0.487000 0.415654 0.139690 0.193041 -0.199891 0.713761 -0.163865 2.401928 -4.315373 -0.308767
0.488000 0.415456 0.140401 0.192877 -0.197498 0.709444 -0.164172 2.385546 -4.317399 -0.305720
0.489000 0.415259 0.141108 0.192713 -0.195120 0.705126 -0.164476 2.369212 -4.319297 -0.302381
0.490000 0.415065 0.141811 0.192548 -0.192759 0.700806 -0.164777 2.352949 -4.321148 -0.298700
0.491000 0.414874 0.142510 0.192383 -0.190414 0.696484 -0.165074 2.336744 -4.322892 -0.294654
0.492000 0.414685 0.143204 0.192218 -0.188086 0.692160 -0.165366 2.320620 -4.324612 -0.290195
0.493000 0.414498 0.143894 0.192052 -0.185773 0.687835 -0.165654 2.304639 -4.326546 -0.285274
0.494000 0.414313 0.144580 0.191887 -0.183476 0.683507 -0.165937 2.288820 -4.328795 -0.279916
0.495000 0.414131 0.145261 0.191720 -0.181196 0.679177 -0.166214 2.273127 -4.331270 -0.274205
0.496000 0.413951 0.145938 0.191554 -0.178930 0.674844 -0.166485 2.257513 -4.333844 -0.268210
0.497000 0.413773 0.146611 0.191387 -0.176681 0.670509 -0.166750 2.241915 -4.336327 -0.261966
0.498000 0.413597 0.147279 0.191221 -0.174446 0.666172 -0.167009 2.226257 -4.338487 -0.255494
0.499000 0.413424 0.147943 0.191053 -0.172228 0.661832 -0.167261 2.210525 -4.340304 -0.248765
0.500000 0.413253 0.148603 0.190886 -0.170025 0.657491 -0.167507 2.194763 -4.341967 -0.241708
0.501000 0.413084 0.149258 0.190718 -0.167838 0.653148 -0.167745 2.179000 -4.343567 -0.234270
0.502000 0.412917 0.149909 0.190551 -0.165667 0.648804 -0.167975 2.163229 -4.345062 -0.226424
0.503000 0.412753 0.150556 0.190383 -0.163512 0.644458 -0.168198 2.147478 -4.346543 -0.218120
0.504000 0.412590 0.151198 0.190214 -0.161372 0.640111 -0.168412 2.131804 -4.348231 -0.209306
0.505000 0.412430 0.151836 0.190046 -0.159248 0.635762 -0.168616 2.116230 -4.350210 -0.200003
0.506000 0.412272 0.152470 0.189877 -0.157140 0.631411 -0.168812 2.100732 -4.352380 -0.190297
0.507000 0.412116 0.153099 0.189708 -0.155047 0.627057 -0.168997 2.085276 -4.354617 -0.180261
0.508000 0.411962 0.153724 0.189539 -0.152969 0.622701 -0.169172 2.069810 -4.356741 -0.169957
0.509000 0.411810 0.154345 0.189370 -0.150907 0.618344 -0.169337 2.054271 -4.358547 -0.159434
0.510000 0.411660 0.154961 0.189200 -0.148861 0.613984 -0.169491 2.038649 -4.360022 -0.148689
0.511000 0.411512 0.155572 0.189031 -0.146830 0.609624 -0.169634 2.022987 -4.361349 -0.137669
0.512000 0.411366 0.156180 0.188861 -0.144815 0.605262 -0.169766 2.007317 -4.362626 -0.126346
0.513000 0.411222 0.156783 0.188691 -0.142815 0.600898 -0.169887 1.991646 -4.363833 -0.114725
0.514000 0.411080 0.157382 0.188521 -0.140832 0.596534 -0.169996 1.976003 -4.365067 -0.102778
0.515000 0.410941 0.157976 0.188351 -0.138863 0.592168 -0.170092 1.960447 -4.366533 -0.090452
0.516000 0.410803 0.158566 0.188181 -0.136911 0.587801 -0.170177 1.945005 -4.368296 -0.077743
0.517000 0.410667 0.159152 0.188011 -0.134973 0.583432 -0.170248 1.929666 -4.370251 -0.064699
0.518000 0.410533 0.159733 0.187841 -0.133051 0.579060 -0.170306 1.914411 -4.372280 -0.051367
0.519000 0.410401 0.160310 0.187670 -0.131145 0.574687 -0.170351 1.899202 -4.374247 -0.037798
0.520000 0.410270 0.160882 0.187500 -0.129253 0.570312 -0.170382 1.883990 -4.376001 -0.024038
0.521000 0.410142 0.161450 0.187329 -0.127377 0.565935 -0.170399 1.868769 -4.377561 -0.010084
0.522000 0.410016 0.162014 0.187159 -0.125515 0.561557 -0.170402 1.853571 -4.379105 0.004119
0.523000 0.409891 0.162574 0.186989 -0.123669 0.557177 -0.170390 1.838410 -4.380713 0.018598
0.524000 0.409768 0.163129 0.186818 -0.121839 0.552795 -0.170365 1.823270 -4.382353 0.033350
0.525000 0.409647 0.163679 0.186648 -0.120023 0.548412 -0.170324 1.808163 -4.384101 0.048403
0.526000 0.409528 0.164225 0.186478 -0.118222 0.544027 -0.170268 1.793124 -4.386138 0.063798
0.527000 0.409411 0.164767 0.186307 -0.116437 0.539640 -0.170196 1.778162 -4.388507 0.079516
0.528000 0.409295 0.165305 0.186137 -0.114666 0.535250 -0.170109 1.763254 -4.391125 0.095484
0.529000 0.409182 0.165838 0.185967 -0.112910 0.530858 -0.170005 1.748404 -4.394023 0.111680
0.530000 0.409070 0.166366 0.185797 -0.111169 0.526462 -0.169885 1.733642 -4.397333 0.128136
0.531000 0.408959 0.166891 0.185627 -0.109443 0.522063 -0.169749 1.718969 -4.401029 0.144854
0.532000 0.408851 0.167410 0.185458 -0.107731 0.517660 -0.169596 1.704350 -4.404917 0.161787
0.533000 0.408744 0.167926 0.185288 -0.106034 0.513253 -0.169425 1.689758 -4.408840 0.178895
0.534000 0.408639 0.168437 0.185119 -0.104352 0.508842 -0.169238 1.675181 -4.412715 0.196156
0.535000 0.408535 0.168944 0.184950 -0.102684 0.504428 -0.169033 1.660611 -4.416495 0.213554
0.536000 0.408433 0.169446 0.184781 -0.101030 0.500009 -0.168811 1.646069 -4.420264 0.231116
0.537000 0.408333 0.169944 0.184612 -0.099392 0.495587 -0.168571 1.631593 -4.424197 0.248894
0.538000 0.408235 0.170437 0.184444 -0.097767 0.491161 -0.168313 1.617198 -4.428345 0.266893
0.539000 0.408138 0.170926 0.184276 -0.096157 0.486730 -0.168037 1.602878 -4.432644 0.285071
0.540000 0.408042 0.171410 0.184108 -0.094562 0.482296 -0.167743 1.588645 -4.437133 0.303431
0.541000 0.407948 0.171891 0.183940 -0.092980 0.477856 -0.167430 1.574520 -4.441936 0.322025
0.542000 0.407856 0.172366 0.183773 -0.091412 0.473412 -0.167099 1.560488 -4.447037 0.340878
0.543000 0.407766 0.172837 0.183606 -0.089859 0.468962 -0.166748 1.546502 -4.452286 0.359983
0.544000 0.407677 0.173304 0.183439 -0.088319 0.464507 -0.166379 1.532546 -4.457660 0.379365
0.545000 0.407589 0.173766 0.183273 -0.086794 0.460047 -0.165990 1.518646 -4.463288 0.399074
0.546000 0.407503 0.174224 0.183107 -0.085282 0.455581 -0.165581 1.504829 -4.469232 0.419111
0.547000 0.407418 0.174678 0.182942 -0.083784 0.451108 -0.165151 1.491105 -4.475437 0.439425
0.548000 0.407335 0.175126 0.182777 -0.082300 0.446630 -0.164702 1.477477 -4.481835 0.459973
0.549000 0.407254 0.175571 0.182613 -0.080829 0.442145 -0.164232 1.463927 -4.488338 0.480727
0.550000 0.407174 0.176011 0.182449 -0.079372 0.437653 -0.163740 1.450430 -4.494846 0.501666
0.551000 0.407095 0.176446 0.182285 -0.077928 0.433155 -0.163228 1.436982 -4.501377 0.522814
0.552000 0.407018 0.176877 0.182122 -0.076498 0.428650 -0.162695 1.423600 -4.508027 0.544218
0.553000 0.406942 0.177303 0.181960 -0.075081 0.424139 -0.162140 1.410275 -4.514758 0.565873
0.554000 0.406868 0.177725 0.181798 -0.073678 0.419621 -0.161563 1.396981 -4.521408 0.587736
0.555000 0.406795 0.178143 0.181637 -0.072287 0.415096 -0.160964 1.383710 -4.527933 0.609802
0.556000 0.406723 0.178555 0.181476 -0.070910 0.410565 -0.160343 1.370481 -4.534431 0.632116
0.557000 0.406653 0.178964 0.181316 -0.069546 0.406027 -0.159700 1.357310 -4.540947 0.654696
0.558000 0.406584 0.179368 0.181156 -0.068196 0.401483 -0.159034 1.344195 -4.547436 0.677530
0.559000 0.406516 0.179767 0.180998 -0.066858 0.396932 -0.158345 1.331151 -4.553937 0.700635
0.560000 0.406450 0.180161 0.180840 -0.065533 0.392375 -0.157633 1.318202 -4.560575 0.724066
0.561000 0.406385 0.180551 0.180682 -0.064221 0.387811 -0.156897 1.305357 -4.567381 0.747839
0.562000 0.406322 0.180937 0.180526 -0.062923 0.383240 -0.156137 1.292608 -4.574268 0.771928
0.563000 0.406260 0.181318 0.180370 -0.061636 0.378663 -0.155353 1.279933 -4.581126 0.796298
0.564000 0.406199 0.181694 0.180215 -0.060363 0.374078 -0.154544 1.267298 -4.587813 0.820894
0.565000 0.406139 0.182066 0.180061 -0.059102 0.369487 -0.153711 1.254656 -4.594163 0.845657
0.566000 0.406080 0.182433 0.179908 -0.057853 0.364890 -0.152853 1.241987 -4.600137 0.870575
0.567000 0.406023 0.182796 0.179755 -0.056618 0.360287 -0.151970 1.229295 -4.605828 0.895685
0.568000 0.405967 0.183154 0.179604 -0.055395 0.355678 -0.151062 1.216581 -4.611284 0.920997
0.569000 0.405912 0.183507 0.179453 -0.054185 0.351064 -0.150128 1.203830 -4.616480 0.946490
0.570000 0.405859 0.183856 0.179304 -0.052987 0.346445 -0.149169 1.191043 -4.621459 0.972176
0.571000 0.405806 0.184200 0.179155 -0.051802 0.341821 -0.148184 1.178229 -4.626339 0.998109
0.572000 0.405755 0.184540 0.179007 -0.050631 0.337192 -0.147173 1.165387 -4.631155 1.024323
0.573000 0.405705 0.184875 0.178861 -0.049472 0.332559 -0.146135 1.152497 -4.635865 1.050827
0.574000 0.405656 0.185205 0.178715 -0.048326 0.327921 -0.145071 1.139554 -4.640491 1.077652
0.575000 0.405608 0.185530 0.178570 -0.047193 0.323278 -0.143980 1.126566 -4.645111 1.104837
0.576000 0.405562 0.185851 0.178427 -0.046073 0.318631 -0.142861 1.113524 -4.649692 1.132363
0.577000 0.405516 0.186168 0.178285 -0.044966 0.313979 -0.141715 1.100405 -4.654090 1.160159
0.578000 0.405472 0.186479 0.178144 -0.043872 0.309322 -0.140541 1.087191 -4.658189 1.188157
0.579000 0.405429 0.186786 0.178004 -0.042791 0.304662 -0.139339 1.073879 -4.661933 1.216308
0.580000 0.405386 0.187089 0.177865 -0.041724 0.299998 -0.138108 1.060476 -4.665291 1.244567
0.581000 0.405345 0.187386 0.177727 -0.040670 0.295332 -0.136850 1.046993 -4.668313 1.272933
0.582000 0.405305 0.187679 0.177591 -0.039630 0.290662 -0.135562 1.033452 -4.671094 1.301439
0.583000 0.405266 0.187968 0.177456 -0.038603 0.285989 -0.134247 1.019865 -4.673650 1.330082
0.584000 0.405228 0.188251 0.177323 -0.037590 0.281315 -0.132902 1.006235 -4.675922 1.358823
0.585000 0.405191 0.188530 0.177191 -0.036591 0.276638 -0.131529 0.992572 -4.677910 1.387654
0.586000 0.405155 0.188805 0.177060 -0.035605 0.271959 -0.130127 0.978893 -4.679662 1.416592
0.587000 0.405119 0.189074 0.176930 -0.034633 0.267278 -0.128696 0.965206 -4.681122 1.445603
0.588000 0.405085 0.189339 0.176802 -0.033675 0.262596 -0.127236 0.951508 -4.682132 1.474600
0.589000 0.405052 0.189599 0.176676 -0.032730 0.257914 -0.125747 0.937798 -4.682563 1.503505
0.590000 0.405020 0.189855 0.176551 -0.031799 0.253231 -0.124229 0.924071 -4.682342 1.532252
0.591000 0.404989 0.190106 0.176427 -0.030882 0.248549 -0.122682 0.910324 -4.681425 1.560783
0.592000 0.404958 0.190352 0.176305 -0.029978 0.243869 -0.121107 0.896560 -4.679840 1.589081
0.593000 0.404929 0.190594 0.176185 -0.029089 0.239190 -0.119504 0.882788 -4.677663 1.617164
0.594000 0.404900 0.190830 0.176066 -0.028213 0.234513 -0.117873 0.869009 -4.674912 1.645013
0.595000 0.404872 0.191063 0.175949 -0.027351 0.229840 -0.116214 0.855219 -4.671546 1.672574
0.596000 0.404845 0.191290 0.175834 -0.026502 0.225170 -0.114528 0.841416 -4.667572 1.699824
0.597000 0.404819 0.191513 0.175720 -0.025668 0.220505 -0.112814 0.827607 -4.663039 1.726775
0.598000 0.404794 0.191731 0.175608 -0.024847 0.215844 -0.111074 0.813790 -4.657919 1.753401
0.599000 0.404769 0.191945 0.175498 -0.024040 0.211189 -0.109308 0.799956 -4.652121 1.779641
0.600000 0.404746 0.192153 0.175390 -0.023247 0.206540 -0.107515 0.786100 -4.645609 1.805467
0.601000 0.404723 0.192358 0.175283 -0.022468 0.201898 -0.105697 0.772226 -4.638412 1.830882
0.602000 0.404701 0.192557 0.175178 -0.021703 0.197263 -0.103853 0.758329 -4.630511 1.855855
0.603000 0.404680 0.192752 0.175075 -0.020951 0.192637 -0.101985 0.744396 -4.621817 1.880310
0.604000 0.404659 0.192943 0.174974 -0.020214 0.188019 -0.100093 0.730421 -4.612243 1.904180
0.605000 0.404639 0.193128 0.174875 -0.019491 0.183412 -0.098177 0.716416 -4.601716 1.927410
0.606000 0.404620 0.193309 0.174778 -0.018781 0.178816 -0.096238 0.702398 -4.590166 1.949952
0.607000 0.404602 0.193486 0.174683 -0.018086 0.174232 -0.094277 0.688383 -4.577576 1.971790
0.608000 0.404584 0.193658 0.174589 -0.017404 0.169661 -0.092294 0.674380 -4.563965 1.992925
0.609000 0.404567 0.193825 0.174498 -0.016737 0.165104 -0.090291 0.660380 -4.549287 2.013315
0.610000 0.404550 0.193988 0.174409 -0.016084 0.160562 -0.088267 0.646367 -4.533430 2.032876
0.611000 0.404535 0.194146 0.174322 -0.015444 0.156037 -0.086225 0.632330 -4.516340 2.051562
0.612000 0.404519 0.194300 0.174236 -0.014819 0.151529 -0.084164 0.618276 -4.498016 2.069355
0.613000 0.404505 0.194449 0.174153 -0.014208 0.147041 -0.082086 0.604216 -4.478417 2.086202
0.614000 0.404491 0.194594 0.174072 -0.013611 0.142573 -0.079992 0.590167 -4.457440 2.102005
0.615000 0.404478 0.194735 0.173993 -0.013027 0.138126 -0.077882 0.576140 -4.434987 2.116666
0.616000 0.404465 0.194870 0.173917 -0.012458 0.133703 -0.075759 0.562148 -4.410970 2.130082
0.617000 0.404453 0.195002 0.173842 -0.011903 0.129304 -0.073622 0.548206 -4.385306 2.142150
0.618000 0.404441 0.195129 0.173769 -0.011362 0.124932 -0.071474 0.534323 -4.357957 2.152808
0.619000 0.404430 0.195252 0.173699 -0.010835 0.120588 -0.069317 0.520512 -4.328916 2.162022
0.620000 0.404420 0.195370 0.173631 -0.010321 0.116274 -0.067150 0.506784 -4.298113 2.169728
0.621000 0.404409 0.195484 0.173565 -0.009821 0.111992 -0.064977 0.493148 -4.265426 2.175820
0.622000 0.404400 0.195594 0.173501 -0.009335 0.107743 -0.062799 0.479614 -4.230776 2.180229
0.623000 0.404391 0.195700 0.173439 -0.008862 0.103530 -0.060617 0.466192 -4.194128 2.182926
0.624000 0.404382 0.195801 0.173379 -0.008402 0.099355 -0.058433 0.452892 -4.155392 2.183860
0.625000 0.404374 0.195899 0.173322 -0.007956 0.095220 -0.056249 0.439720 -4.114432 2.182952
0.626000 0.404366 0.195992 0.173267 -0.007523 0.091126 -0.054067 0.426683 -4.071151 2.180149
0.627000 0.404359 0.196081 0.173214 -0.007103 0.087077 -0.051889 0.413780 -4.025510 2.175412
0.628000 0.404352 0.196166 0.173163 -0.006695 0.083075 -0.049716 0.400990 -3.977429 2.168659
0.629000 0.404346 0.196247 0.173115 -0.006301 0.079122 -0.047551 0.388288 -3.926778 2.159761
0.630000 0.404339 0.196324 0.173068 -0.005919 0.075222 -0.045397 0.375653 -3.873422 2.148600
0.631000 0.404334 0.196397 0.173024 -0.005549 0.071376 -0.043254 0.363081 -3.817222 2.135066
0.632000 0.404328 0.196467 0.172982 -0.005192 0.067587 -0.041126 0.350577 -3.758035 2.119060
0.633000 0.404323 0.196533 0.172941 -0.004848 0.063860 -0.039016 0.338145 -3.695766 2.100512
0.634000 0.404319 0.196595 0.172904 -0.004516 0.060196 -0.036925 0.325791 -3.630357 2.079382
0.635000 0.404314 0.196653 0.172868 -0.004197 0.056599 -0.034857 0.313519 -3.561704 2.055596
0.636000 0.404310 0.196708 0.172834 -0.003889 0.053072 -0.032814 0.301333 -3.489661 2.029055
0.637000 0.404306 0.196759 0.172802 -0.003594 0.049620 -0.030799 0.289237 -3.414117 1.999679
0.638000 0.404303 0.196807 0.172772 -0.003311 0.046244 -0.028815 0.277234 -3.335002 1.967409
0.639000 0.404300 0.196852 0.172744 -0.003039 0.042950 -0.026864 0.265330 -3.252197 1.932140
0.640000 0.404297 0.196893 0.172718 -0.002780 0.039740 -0.024951 0.253523 -3.165532 1.893719
0.641000 0.404294 0.196931 0.172694 -0.002532 0.036618 -0.023077 0.241808 -3.074834 1.851994
0.642000 0.404292 0.196966 0.172672 -0.002296 0.033590 -0.021247 0.230162 -2.979926 1.806810
0.643000 0.404290 0.196998 0.172652 -0.002072 0.030659 -0.019463 0.218552 -2.880629 1.758010
0.644000 0.404288 0.197027 0.172633 -0.001859 0.027829 -0.017731 0.206957 -2.776811 1.705480
0.645000 0.404286 0.197054 0.172617 -0.001658 0.025105 -0.016052 0.195367 -2.668390 1.649146
0.646000 0.404284 0.197078 0.172601 -0.001469 0.022492 -0.014432 0.183783 -2.555254 1.588914
0.647000 0.404283 0.197099 0.172588 -0.001291 0.019994 -0.012874 0.172206 -2.437256 1.524664
0.648000 0.404282 0.197118 0.172576 -0.001124 0.017617 -0.011383 0.160637 -2.314279 1.456296
0.649000 0.404281 0.197134 0.172565 -0.000969 0.015366 -0.009962 0.149079 -2.186230 1.383721
0.650000 0.404280 0.197148 0.172556 -0.000826 0.013245 -0.008615 0.137531 -2.052963 1.306789
0.651000 0.404279 0.197161 0.172548 -0.000694 0.011260 -0.007348 0.125995 -1.914289 1.225305
0.652000 0.404279 0.197171 0.172541 -0.000574 0.009416 -0.006165 0.114471 -1.770057 1.139117
0.653000 0.404278 0.197179 0.172535 -0.000465 0.007720 -0.005070 0.102961 -1.620166 1.048130
0.654000 0.404278 0.197186 0.172531 -0.000368 0.006176 -0.004069 0.091463 -1.464486 0.952238
0.655000 0.404277 0.197192 0.172527 -0.000282 0.004791 -0.003166 0.042859 -0.692589 0.451524
0.656000 0.404277 0.197196 0.172524 -0.000282 0.004791 -0.003166 0.042859 -0.692589 0.451524
