0.000000 0.670492 -0.191292 0.137028 0.000438 -0.000217 0.010883 -0.432856 0.207304 0.484923
0.001000 0.670492 -0.191293 0.137039 0.000438 -0.000217 0.010883 -0.432856 0.207304 0.484923
0.002000 0.670492 -0.191293 0.137050 -0.000428 0.000197 0.011853 -0.885161 0.423927 0.985543
0.003000 0.670492 -0.191292 0.137062 -0.001332 0.000630 0.012854 -0.924486 0.442769 1.017108
0.004000 0.670490 -0.191291 0.137076 -0.002277 0.001083 0.013887 -0.964665 0.462020 1.049006
0.005000 0.670487 -0.191290 0.137090 -0.003262 0.001555 0.014952 -1.005695 0.481679 1.081212
0.006000 0.670483 -0.191288 0.137106 -0.004288 0.002046 0.016049 -1.047574 0.501744 1.113688
0.007000 0.670478 -0.191286 0.137122 -0.005357 0.002558 0.017179 -1.090299 0.522215 1.146384
0.008000 0.670473 -0.191283 0.137140 -0.006469 0.003091 0.018342 -1.133864 0.543089 1.179258
0.009000 0.670466 -0.191280 0.137159 -0.007625 0.003644 0.019538 -1.178264 0.564364 1.212283
0.010000 0.670457 -0.191276 0.137179 -0.008825 0.004219 0.020767 -1.223492 0.586035 1.245439
0.011000 0.670448 -0.191271 0.137201 -0.010072 0.004816 0.022029 -1.269540 0.608099 1.278706
0.012000 0.670437 -0.191266 0.137223 -0.011364 0.005435 0.023324 -1.316398 0.630553 1.312063
0.013000 0.670425 -0.191260 0.137247 -0.012704 0.006077 0.024653 -1.364057 0.653403 1.345487
0.014000 0.670412 -0.191254 0.137273 -0.014092 0.006742 0.026015 -1.412504 0.676669 1.378957
0.015000 0.670397 -0.191247 0.137299 -0.015529 0.007431 0.027411 -1.461726 0.700378 1.412446
0.016000 0.670381 -0.191239 0.137327 -0.017016 0.008143 0.028840 -1.511711 0.724550 1.445929
0.017000 0.670363 -0.191231 0.137357 -0.018553 0.008880 0.030303 -1.562453 0.749200 1.479378
0.018000 0.670344 -0.191221 0.137388 -0.020141 0.009641 0.031799 -1.613960 0.774344 1.512765
0.019000 0.670323 -0.191211 0.137421 -0.021781 0.010428 0.033328 -1.666247 0.800010 1.546061
0.020000 0.670300 -0.191201 0.137455 -0.023473 0.011241 0.034891 -1.719320 0.826224 1.579245
0.021000 0.670276 -0.191189 0.137490 -0.025219 0.012081 0.036487 -1.773167 0.853010 1.612308
0.022000 0.670250 -0.191176 0.137528 -0.027020 0.012947 0.038115 -1.827765 0.880393 1.645251
0.023000 0.670222 -0.191163 0.137567 -0.028875 0.013842 0.039777 -1.883091 0.908387 1.678065
0.024000 0.670192 -0.191149 0.137607 -0.030786 0.014764 0.041472 -1.939128 0.936988 1.710744
0.025000 0.670160 -0.191133 0.137649 -0.032753 0.015716 0.043199 -1.995872 0.966185 1.743300
0.026000 0.670126 -0.191117 0.137694 -0.034778 0.016697 0.044958 -2.053325 0.995962 1.775760
0.027000 0.670091 -0.191100 0.137739 -0.036860 0.017708 0.046750 -2.111481 1.026306 1.808134
0.028000 0.670053 -0.191082 0.137787 -0.039000 0.018749 0.048574 -2.170314 1.057209 1.840407
0.029000 0.670013 -0.191063 0.137837 -0.041200 0.019822 0.050431 -2.229789 1.088680 1.872563
0.030000 0.669970 -0.191042 0.137888 -0.043460 0.020927 0.052320 -2.289868 1.120733 1.904585
0.031000 0.669926 -0.191021 0.137941 -0.045780 0.022064 0.054240 -2.350510 1.153375 1.936452
0.032000 0.669879 -0.190998 0.137996 -0.048161 0.023233 0.056192 -2.411682 1.186606 1.968132
0.033000 0.669829 -0.190974 0.138054 -0.050603 0.024437 0.058176 -2.473364 1.220432 1.999598
0.034000 0.669777 -0.190949 0.138113 -0.053108 0.025674 0.060192 -2.535543 1.254866 2.030830
0.035000 0.669723 -0.190923 0.138174 -0.055675 0.026946 0.062238 -2.598206 1.289929 2.061807
0.036000 0.669666 -0.190895 0.138237 -0.058304 0.028254 0.064315 -2.661334 1.325658 2.092504
0.037000 0.669606 -0.190866 0.138303 -0.060997 0.029598 0.066423 -2.724908 1.362095 2.122896
0.038000 0.669544 -0.190836 0.138370 -0.063754 0.030978 0.068561 -2.788898 1.399265 2.152948
0.039000 0.669479 -0.190804 0.138440 -0.066575 0.032396 0.070729 -2.853276 1.437168 2.182624
0.040000 0.669411 -0.190771 0.138512 -0.069461 0.033853 0.072926 -2.918028 1.475803 2.211911
0.041000 0.669340 -0.190737 0.138586 -0.072411 0.035348 0.075153 -2.983159 1.515171 2.240804
0.042000 0.669266 -0.190701 0.138662 -0.075427 0.036883 0.077408 -3.048649 1.555267 2.269289
0.043000 0.669189 -0.190663 0.138740 -0.078508 0.038458 0.079691 -3.114459 1.596074 2.297342
0.044000 0.669109 -0.190624 0.138821 -0.081656 0.040075 0.082003 -3.180542 1.637584 2.324966
0.045000 0.669026 -0.190583 0.138904 -0.084869 0.041734 0.084341 -3.246856 1.679797 2.352187
0.046000 0.668939 -0.190540 0.138990 -0.088150 0.043435 0.086707 -3.313368 1.722717 2.379009
0.047000 0.668850 -0.190496 0.139078 -0.091496 0.045179 0.089099 -3.380053 1.766366 2.405406
0.048000 0.668756 -0.190450 0.139168 -0.094910 0.046967 0.091518 -3.446893 1.810768 2.431330
0.049000 0.668660 -0.190402 0.139261 -0.098390 0.048801 0.093962 -3.513856 1.855932 2.456726
0.050000 0.668560 -0.190352 0.139356 -0.101937 0.050679 0.096431 -3.580896 1.901842 2.481555
0.051000 0.668456 -0.190301 0.139454 -0.105552 0.052604 0.098925 -3.647997 1.948478 2.505827
0.052000 0.668349 -0.190247 0.139554 -0.109233 0.054576 0.101443 -3.715159 1.995823 2.529583
0.053000 0.668237 -0.190192 0.139657 -0.112982 0.056596 0.103984 -3.782358 2.043853 2.552833
0.054000 0.668123 -0.190134 0.139762 -0.116798 0.058664 0.106549 -3.849536 2.092533 2.575548
0.055000 0.668004 -0.190074 0.139870 -0.120681 0.060781 0.109135 -3.916638 2.141834 2.597709
0.056000 0.667881 -0.190012 0.139980 -0.124631 0.062948 0.111744 -3.983615 2.191733 2.619313
0.057000 0.667755 -0.189948 0.140093 -0.128648 0.065164 0.114374 -4.050403 2.242198 2.640334
0.058000 0.667624 -0.189882 0.140209 -0.132732 0.067432 0.117025 -4.116932 2.293197 2.660722
0.059000 0.667489 -0.189813 0.140327 -0.136882 0.069751 0.119695 -4.183152 2.344718 2.680448
0.060000 0.667350 -0.189742 0.140448 -0.141098 0.072121 0.122386 -4.249035 2.396763 2.699496
0.061000 0.667207 -0.189669 0.140572 -0.145380 0.074544 0.125094 -4.314531 2.449316 2.717834
0.062000 0.667059 -0.189593 0.140698 -0.149727 0.077020 0.127821 -4.379580 2.502347 2.735411
0.063000 0.666907 -0.189515 0.140828 -0.154139 0.079549 0.130565 -4.444173 2.555835 2.752211
0.064000 0.666751 -0.189434 0.140960 -0.158616 0.082132 0.133326 -4.508337 2.609777 2.768251
0.065000 0.666590 -0.189351 0.141094 -0.163156 0.084769 0.136102 -4.572088 2.664165 2.783545
0.066000 0.666425 -0.189265 0.141232 -0.167760 0.087460 0.138893 -4.635422 2.718989 2.798105
0.067000 0.666255 -0.189176 0.141372 -0.172427 0.090207 0.141698 -4.698323 2.774236 2.811939
0.068000 0.666080 -0.189084 0.141515 -0.177157 0.093009 0.144517 -4.760735 2.829877 2.825018
0.069000 0.665900 -0.188990 0.141661 -0.181948 0.095866 0.147348 -4.822579 2.885872 2.837274
0.070000 0.665716 -0.188893 0.141810 -0.186802 0.098780 0.150191 -4.883815 2.942211 2.848648
0.071000 0.665527 -0.188792 0.141961 -0.191716 0.101751 0.153045 -4.944432 2.998900 2.859096
0.072000 0.665333 -0.188689 0.142116 -0.196691 0.104778 0.155909 -5.004386 3.055922 2.868558
0.073000 0.665133 -0.188583 0.142273 -0.201725 0.107863 0.158782 -5.063610 3.113239 2.876973
0.074000 0.664929 -0.188473 0.142434 -0.206818 0.111005 0.161663 -5.122097 3.170828 2.884348
0.075000 0.664720 -0.188361 0.142597 -0.211969 0.114204 0.164551 -5.179894 3.228689 2.890739
0.076000 0.664505 -0.188245 0.142763 -0.217178 0.117462 0.167445 -5.237026 3.286820 2.896190
0.077000 0.664285 -0.188126 0.142932 -0.222443 0.120778 0.170343 -5.293485 3.345215 2.900729
0.078000 0.664060 -0.188003 0.143103 -0.227765 0.124152 0.173246 -5.349236 3.403863 2.904371
0.079000 0.663830 -0.187878 0.143278 -0.233142 0.127586 0.176152 -5.404201 3.462731 2.907084
0.080000 0.663594 -0.187748 0.143456 -0.238573 0.131078 0.179060 -5.458277 3.521765 2.908801
0.081000 0.663353 -0.187615 0.143636 -0.244058 0.134629 0.181970 -5.511420 3.580948 2.909483
0.082000 0.663106 -0.187479 0.143820 -0.249596 0.138240 0.184879 -5.563634 3.640286 2.909126
0.083000 0.662854 -0.187339 0.144006 -0.255185 0.141910 0.187788 -5.614872 3.699755 2.907690
0.084000 0.662596 -0.187195 0.144195 -0.260826 0.145639 0.190695 -5.665050 3.759300 2.905115
0.085000 0.662332 -0.187048 0.144387 -0.266516 0.149428 0.193598 -5.714159 3.818890 2.901405
0.086000 0.662063 -0.186896 0.144582 -0.272254 0.153277 0.196498 -5.762248 3.878515 2.896610
0.087000 0.661787 -0.186741 0.144780 -0.278040 0.157185 0.199391 -5.809298 3.938137 2.890730
0.088000 0.661506 -0.186582 0.144981 -0.283873 0.161153 0.202279 -5.855214 3.997675 2.883716
0.089000 0.661220 -0.186419 0.145185 -0.289750 0.165181 0.205159 -5.899940 4.057057 2.875563
0.090000 0.660927 -0.186252 0.145391 -0.295672 0.169267 0.208030 -5.943486 4.116237 2.866317
0.091000 0.660628 -0.186080 0.145601 -0.301637 0.173413 0.210892 -5.985861 4.175188 2.856007
0.092000 0.660324 -0.185905 0.145813 -0.307644 0.177618 0.213742 -6.027085 4.233929 2.844628
0.093000 0.660013 -0.185725 0.146028 -0.313692 0.181881 0.216581 -6.067181 4.292496 2.832154
0.094000 0.659696 -0.185541 0.146246 -0.319779 0.186203 0.219406 -6.106095 4.350878 2.818520
0.095000 0.659373 -0.185353 0.146467 -0.325904 0.190583 0.222218 -6.143734 4.409018 2.803668
0.096000 0.659044 -0.185160 0.146691 -0.332066 0.195021 0.225014 -6.180103 4.466896 2.787645
0.097000 0.658709 -0.184963 0.146917 -0.338264 0.199517 0.227793 -6.215291 4.524527 2.770572
0.098000 0.658368 -0.184761 0.147146 -0.344497 0.204070 0.230555 -6.249291 4.581881 2.752499
0.099000 0.658020 -0.184554 0.147378 -0.350763 0.208680 0.233298 -6.281986 4.638874 2.733384
0.100000 0.657666 -0.184343 0.147613 -0.357061 0.213348 0.236022 -6.313286 4.695441 2.713224
0.101000 0.657306 -0.184128 0.147850 -0.363389 0.218071 0.238725 -6.343152 4.751548 2.692061
0.102000 0.656940 -0.183907 0.148090 -0.369747 0.222851 0.241406 -6.371484 4.807124 2.669878
0.103000 0.656567 -0.183682 0.148333 -0.376132 0.227685 0.244064 -6.398137 4.862089 2.646584
0.104000 0.656187 -0.183452 0.148579 -0.382543 0.232575 0.246699 -6.423069 4.916434 2.622109
0.105000 0.655802 -0.183217 0.148827 -0.388978 0.237518 0.249309 -6.446320 4.970207 2.596419
0.106000 0.655409 -0.182977 0.149077 -0.395436 0.242515 0.251892 -6.467845 5.023397 2.569444
0.107000 0.655011 -0.182732 0.149330 -0.401914 0.247565 0.254447 -6.487536 5.075933 2.541124
0.108000 0.654606 -0.182482 0.149586 -0.408411 0.252667 0.256974 -6.505409 5.127794 2.511530
0.109000 0.654194 -0.182227 0.149844 -0.414925 0.257821 0.259470 -6.521599 5.179018 2.480832
0.110000 0.653776 -0.181966 0.150105 -0.421454 0.263025 0.261936 -6.536222 5.229622 2.449168
0.111000 0.653351 -0.181700 0.150368 -0.427997 0.268280 0.264369 -6.549353 5.279585 2.416610
0.112000 0.652920 -0.181430 0.150634 -0.434553 0.273584 0.266769 -6.561046 5.328867 2.383193
0.113000 0.652482 -0.181153 0.150902 -0.441119 0.278938 0.269135 -6.571238 5.377374 2.348875
0.114000 0.652037 -0.180872 0.151172 -0.447695 0.284339 0.271467 -6.579787 5.424998 2.313547
0.115000 0.651587 -0.180585 0.151445 -0.454279 0.289788 0.273762 -6.586665 5.471731 2.277139
0.116000 0.651129 -0.180292 0.151720 -0.460869 0.295283 0.276021 -6.591942 5.517634 2.239621
0.117000 0.650665 -0.179994 0.151997 -0.467463 0.300823 0.278242 -6.595586 5.562693 2.200930
0.118000 0.650194 -0.179690 0.152276 -0.474060 0.306408 0.280423 -6.597480 5.606822 2.161008
0.119000 0.649717 -0.179381 0.152558 -0.480658 0.312037 0.282564 -6.597650 5.649997 2.119952
0.120000 0.649233 -0.179066 0.152841 -0.487255 0.317708 0.284663 -6.596269 5.692272 2.077981
0.121000 0.648742 -0.178746 0.153127 -0.493850 0.323421 0.286720 -6.593477 5.733686 2.035278
0.122000 0.648245 -0.178420 0.153415 -0.500442 0.329175 0.288733 -6.589362 5.774258 1.991962
0.123000 0.647741 -0.178087 0.153704 -0.507029 0.334970 0.290703 -6.583980 5.813994 1.948116
0.124000 0.647231 -0.177750 0.153996 -0.513610 0.340803 0.292630 -6.577251 5.852819 1.903727
0.125000 0.646714 -0.177406 0.154290 -0.520183 0.346675 0.294511 -6.569005 5.890617 1.858693
0.126000 0.646191 -0.177056 0.154585 -0.526748 0.352585 0.296347 -6.559196 5.927377 1.812950
0.127000 0.645661 -0.176701 0.154882 -0.533302 0.358530 0.298137 -6.547892 5.963164 1.766481
0.128000 0.645124 -0.176339 0.155181 -0.539844 0.364511 0.299880 -6.535047 5.997960 1.719229
0.129000 0.644581 -0.175972 0.155482 -0.546372 0.370526 0.301575 -6.520524 6.031668 1.671146
0.130000 0.644031 -0.175598 0.155784 -0.552885 0.376574 0.303222 -6.504360 6.064282 1.622361
0.131000 0.643475 -0.175219 0.156088 -0.559381 0.382655 0.304820 -6.486731 6.095880 1.573124
0.132000 0.642912 -0.174833 0.156394 -0.565858 0.388766 0.306368 -6.467663 6.126439 1.523562
0.133000 0.642343 -0.174441 0.156701 -0.572316 0.394907 0.307867 -6.447003 6.155819 1.473644
0.134000 0.641768 -0.174043 0.157010 -0.578752 0.401078 0.309316 -6.424694 6.183915 1.423352
0.135000 0.641186 -0.173639 0.157320 -0.585165 0.407275 0.310714 -6.400819 6.210704 1.372739
0.136000 0.640598 -0.173228 0.157631 -0.591554 0.413499 0.312061 -6.375473 6.236200 1.321839
0.137000 0.640003 -0.172812 0.157944 -0.597916 0.419748 0.313357 -6.348778 6.260488 1.270654
0.138000 0.639402 -0.172389 0.158258 -0.604251 0.426020 0.314602 -6.320864 6.283688 1.219170
0.139000 0.638794 -0.171960 0.158573 -0.610558 0.432315 0.315796 -6.291694 6.305798 1.167311
0.140000 0.638181 -0.171524 0.158890 -0.616835 0.438632 0.316937 -6.261114 6.326715 1.115015
0.141000 0.637561 -0.171083 0.159207 -0.623080 0.444968 0.318026 -6.229146 6.346449 1.062394
0.142000 0.636934 -0.170634 0.159526 -0.629293 0.451325 0.319062 -6.195969 6.365113 1.009684
0.143000 0.636302 -0.170180 0.159845 -0.635472 0.457699 0.320045 -6.161594 6.382700 0.957000
0.144000 0.635663 -0.169719 0.160166 -0.641616 0.464090 0.320976 -6.125854 6.399064 0.904294
0.145000 0.635019 -0.169252 0.160487 -0.647724 0.470497 0.321854 -6.088700 6.414112 0.851536
0.146000 0.634368 -0.168778 0.160809 -0.653794 0.476918 0.322679 -6.050256 6.427864 0.798770
0.147000 0.633711 -0.168298 0.161133 -0.659824 0.483353 0.323451 -6.010647 6.440371 0.746026
0.148000 0.633048 -0.167811 0.161456 -0.665815 0.489799 0.324171 -5.970009 6.451758 0.693322
0.149000 0.632380 -0.167318 0.161781 -0.671764 0.496256 0.324838 -5.928479 6.462185 0.640666
0.150000 0.631705 -0.166819 0.162106 -0.677672 0.502723 0.325452 -5.886010 6.471663 0.588000
0.151000 0.631024 -0.166313 0.162432 -0.683536 0.509199 0.326014 -5.842434 6.480081 0.535271
0.152000 0.630338 -0.165800 0.162758 -0.689357 0.515683 0.326523 -5.797789 6.487463 0.482612
0.153000 0.629645 -0.165281 0.163085 -0.695132 0.522174 0.326979 -5.752290 6.493954 0.430281
0.154000 0.628947 -0.164756 0.163412 -0.700861 0.528671 0.327383 -5.705961 6.499556 0.378411
0.155000 0.628244 -0.164224 0.163740 -0.706544 0.535173 0.327736 -5.658613 6.504095 0.326958
0.156000 0.627534 -0.163686 0.164067 -0.712179 0.541680 0.328037 -5.610164 6.507440 0.275888
0.157000 0.626819 -0.163141 0.164396 -0.717764 0.548188 0.328288 -5.560672 6.509543 0.225219
0.158000 0.626099 -0.162589 0.164724 -0.723300 0.554699 0.328488 -5.510042 6.510268 0.174901
0.159000 0.625373 -0.162031 0.165053 -0.728784 0.561209 0.328638 -5.458053 6.509444 0.124798
0.160000 0.624641 -0.161467 0.165381 -0.734216 0.567717 0.328737 -5.404671 6.507113 0.074809
0.161000 0.623904 -0.160896 0.165710 -0.739594 0.574223 0.328787 -5.350034 6.503472 0.024888
0.162000 0.623162 -0.160318 0.166039 -0.744916 0.580724 0.328787 -5.294107 6.498561 -0.025054
0.163000 0.622415 -0.159734 0.166368 -0.750182 0.587220 0.328737 -5.236708 6.492256 -0.075082
0.164000 0.621662 -0.159144 0.166696 -0.755390 0.593709 0.328637 -5.177866 6.484562 -0.125069
0.165000 0.620904 -0.158547 0.167025 -0.760538 0.600189 0.328487 -5.117840 6.475644 -0.174742
0.166000 0.620141 -0.157944 0.167353 -0.765625 0.606660 0.328288 -5.056862 6.465630 -0.223897
0.167000 0.619373 -0.157334 0.167682 -0.770651 0.613121 0.328039 -4.995110 6.454580 -0.272450
0.168000 0.618599 -0.156717 0.168009 -0.775615 0.619569 0.327743 -4.932734 6.442513 -0.320386
0.169000 0.617821 -0.156095 0.168337 -0.780517 0.626006 0.327398 -4.869660 6.429301 -0.367785
0.170000 0.617038 -0.155465 0.168664 -0.785355 0.632428 0.327007 -4.805651 6.414757 -0.414801
0.171000 0.616251 -0.154830 0.168991 -0.790128 0.638835 0.326569 -4.740651 6.398908 -0.461561
0.172000 0.615458 -0.154188 0.169317 -0.794836 0.645226 0.326084 -4.674774 6.381949 -0.508143
0.173000 0.614661 -0.153539 0.169643 -0.799478 0.651599 0.325553 -4.607963 6.363909 -0.554661
0.174000 0.613859 -0.152885 0.169968 -0.804052 0.657954 0.324975 -4.540013 6.344645 -0.601197
0.175000 0.613053 -0.152223 0.170293 -0.808558 0.664288 0.324350 -4.470950 6.324171 -0.647648
0.176000 0.612242 -0.151556 0.170617 -0.812994 0.670602 0.323679 -4.401055 6.302691 -0.693770
0.177000 0.611427 -0.150882 0.170940 -0.817360 0.676894 0.322963 -4.330577 6.280361 -0.739368
0.178000 0.610607 -0.150202 0.171263 -0.821655 0.683163 0.322201 -4.259717 6.257254 -0.784341
0.179000 0.609784 -0.149516 0.171585 -0.825879 0.689408 0.321394 -4.188644 6.233392 -0.828634
0.180000 0.608956 -0.148823 0.171906 -0.830032 0.695629 0.320543 -4.117292 6.208638 -0.872295
0.181000 0.608123 -0.148125 0.172226 -0.834114 0.701825 0.319649 -4.045415 6.182786 -0.915463
0.182000 0.607287 -0.147420 0.172545 -0.838123 0.707995 0.318712 -3.972962 6.155876 -0.958255
0.183000 0.606447 -0.146709 0.172863 -0.842060 0.714137 0.317733 -3.900069 6.128138 -1.000743
0.184000 0.605603 -0.145991 0.173181 -0.845923 0.720251 0.316711 -3.826683 6.099614 -1.043033
0.185000 0.604755 -0.145268 0.173497 -0.849713 0.726336 0.315647 -3.752573 6.070143 -1.085199
0.186000 0.603904 -0.144539 0.173812 -0.853428 0.732392 0.314541 -3.677725 6.039729 -1.127130
0.187000 0.603048 -0.143803 0.174126 -0.857069 0.738416 0.313393 -3.602330 6.008547 -1.168587
0.188000 0.602190 -0.143062 0.174439 -0.860633 0.744409 0.312203 -3.526367 5.976578 -1.209457
0.189000 0.601327 -0.142315 0.174750 -0.864121 0.750369 0.310974 -3.449602 5.943578 -1.249799
0.190000 0.600461 -0.141561 0.175061 -0.867532 0.756296 0.309704 -3.371985 5.909399 -1.289684
0.191000 0.599592 -0.140802 0.175370 -0.870865 0.762188 0.308394 -3.293707 5.874069 -1.329131
0.192000 0.598720 -0.140037 0.175677 -0.874120 0.768044 0.307045 -3.214955 5.837681 -1.368155
0.193000 0.597844 -0.139266 0.175984 -0.877295 0.773863 0.305658 -3.135916 5.800441 -1.406770
0.194000 0.596965 -0.138489 0.176289 -0.880392 0.779645 0.304232 -3.056771 5.762621 -1.444990
0.195000 0.596083 -0.137707 0.176592 -0.883409 0.785388 0.302768 -2.977456 5.724251 -1.482882
0.196000 0.595198 -0.136918 0.176894 -0.886346 0.791093 0.301266 -2.897735 5.685161 -1.520520
0.197000 0.594310 -0.136124 0.177195 -0.889204 0.796759 0.299727 -2.817611 5.645371 -1.557826
0.198000 0.593420 -0.135325 0.177494 -0.891982 0.802384 0.298151 -2.737306 5.605093 -1.594618
0.199000 0.592526 -0.134520 0.177791 -0.894679 0.807969 0.296538 -2.656819 5.564325 -1.630815
0.200000 0.591630 -0.133709 0.178087 -0.897295 0.813513 0.294889 -2.575912 5.522803 -1.666484
0.201000 0.590732 -0.132893 0.178381 -0.899831 0.819015 0.293205 -2.494532 5.480345 -1.701686
0.202000 0.589831 -0.132071 0.178673 -0.902284 0.824473 0.291486 -2.412872 5.436961 -1.736421
0.203000 0.588927 -0.131244 0.178964 -0.904656 0.829889 0.289732 -2.331127 5.392735 -1.770701
0.204000 0.588021 -0.130411 0.179253 -0.906947 0.835259 0.287944 -2.249486 5.347902 -1.804548
0.205000 0.587113 -0.129573 0.179540 -0.909155 0.840584 0.286123 -2.168138 5.302776 -1.837993
0.206000 0.586203 -0.128730 0.179825 -0.911283 0.845864 0.284268 -2.087016 5.257408 -1.871114
0.207000 0.585291 -0.127881 0.180108 -0.913329 0.851099 0.282381 -2.005866 5.211621 -1.903986
0.208000 0.584377 -0.127028 0.180390 -0.915295 0.856288 0.280460 -1.924665 5.165431 -1.936541
0.209000 0.583460 -0.126169 0.180669 -0.917179 0.861430 0.278507 -1.843611 5.119060 -1.968612
0.210000 0.582542 -0.125305 0.180947 -0.918982 0.866526 0.276523 -1.762680 5.072502 -2.000125
0.211000 0.581622 -0.124436 0.181222 -0.920704 0.871575 0.274507 -1.681631 5.025476 -2.031124
0.212000 0.580701 -0.123562 0.181496 -0.922345 0.876577 0.272461 -1.600438 4.977801 -2.061628
0.213000 0.579778 -0.122683 0.181767 -0.923905 0.881531 0.270384 -1.519342 4.929497 -2.091585
0.214000 0.578853 -0.121799 0.182037 -0.925384 0.886436 0.268278 -1.438564 4.880667 -2.120958
0.215000 0.577927 -0.120910 0.182304 -0.926782 0.891292 0.266142 -1.358295 4.831561 -2.149740
0.216000 0.576999 -0.120016 0.182569 -0.928100 0.896099 0.263978 -1.278707 4.782509 -2.177938
0.217000 0.576071 -0.119118 0.182832 -0.929340 0.900857 0.261786 -1.199717 4.733562 -2.205612
0.218000 0.575141 -0.118214 0.183092 -0.930500 0.905566 0.259567 -1.121062 4.684516 -2.232823
0.219000 0.574210 -0.117306 0.183351 -0.931582 0.910226 0.257320 -1.042729 4.635366 -2.259508
0.220000 0.573278 -0.116394 0.183607 -0.932585 0.914837 0.255048 -0.964931 4.586314 -2.285510
0.221000 0.572344 -0.115477 0.183861 -0.933512 0.919399 0.252749 -0.887655 4.537330 -2.310762
0.222000 0.571411 -0.114555 0.184112 -0.934361 0.923911 0.250426 -0.810644 4.488101 -2.335317
0.223000 0.570476 -0.113629 0.184362 -0.935133 0.928375 0.248079 -0.733833 4.438421 -2.359222
0.224000 0.569540 -0.112698 0.184609 -0.935828 0.932788 0.245708 -0.657419 4.388297 -2.382468
0.225000 0.568604 -0.111763 0.184853 -0.936448 0.937151 0.243314 -0.581597 4.337828 -2.405049
0.226000 0.567667 -0.110824 0.185095 -0.936991 0.941464 0.240898 -0.506560 4.287275 -2.426951
0.227000 0.566730 -0.109880 0.185335 -0.937461 0.945726 0.238460 -0.432503 4.236990 -2.448161
0.228000 0.565792 -0.108933 0.185572 -0.937856 0.949938 0.236001 -0.359358 4.187028 -2.468718
0.229000 0.564854 -0.107981 0.185807 -0.938179 0.954100 0.233523 -0.286865 4.137179 -2.488678
0.230000 0.563916 -0.107024 0.186039 -0.938430 0.958212 0.231024 -0.215004 4.087445 -2.508005
0.231000 0.562978 -0.106064 0.186269 -0.938609 0.962275 0.228507 -0.143982 4.038048 -2.526583
0.232000 0.562039 -0.105100 0.186496 -0.938718 0.966288 0.225971 -0.073780 3.988967 -2.544370
0.233000 0.561100 -0.104132 0.186721 -0.938757 0.970253 0.223418 -0.004146 3.939882 -2.561414
0.234000 0.560161 -0.103159 0.186943 -0.938726 0.974168 0.220848 0.064963 3.890597 -2.577739
0.235000 0.559223 -0.102183 0.187163 -0.938627 0.978034 0.218262 0.133323 3.841145 -2.593310
0.236000 0.558284 -0.101203 0.187380 -0.938460 0.981850 0.215661 0.200727 3.791639 -2.608094
0.237000 0.557346 -0.100219 0.187594 -0.938226 0.985617 0.213046 0.266998 3.742344 -2.622050
0.238000 0.556408 -0.099232 0.187806 -0.937926 0.989335 0.210417 0.331976 3.693605 -2.635139
0.239000 0.555470 -0.098241 0.188015 -0.937562 0.993005 0.207776 0.395756 3.645463 -2.647374
0.240000 0.554533 -0.097246 0.188221 -0.937134 0.996626 0.205123 0.458619 3.597699 -2.658806
0.241000 0.553596 -0.096248 0.188425 -0.936644 1.000200 0.202458 0.520613 3.550322 -2.669422
0.242000 0.552659 -0.095246 0.188626 -0.936093 1.003727 0.199784 0.581564 3.503583 -2.679147
0.243000 0.551723 -0.094240 0.188825 -0.935481 1.007207 0.197100 0.641512 3.457471 -2.687963
0.244000 0.550788 -0.093231 0.189020 -0.934810 1.010642 0.194408 0.700718 3.411647 -2.695920
0.245000 0.549854 -0.092219 0.189213 -0.934080 1.014030 0.191708 0.759223 3.365878 -2.703044
0.246000 0.548920 -0.091203 0.189404 -0.933292 1.017373 0.189002 0.816849 3.320095 -2.709318
0.247000 0.547987 -0.090184 0.189591 -0.932446 1.020671 0.186289 0.873640 3.274064 -2.714764
0.248000 0.547055 -0.089162 0.189776 -0.931544 1.023921 0.183572 0.929873 3.227464 -2.719443
0.249000 0.546124 -0.088136 0.189959 -0.930586 1.027125 0.180851 0.985635 3.180338 -2.723372
0.250000 0.545194 -0.087108 0.190138 -0.929573 1.030282 0.178125 1.040815 3.133015 -2.726524
0.251000 0.544265 -0.086076 0.190315 -0.928505 1.033392 0.175398 1.095500 3.085549 -2.728911
0.252000 0.543337 -0.085041 0.190489 -0.927382 1.036453 0.172668 1.149963 3.037720 -2.730583
0.253000 0.542410 -0.084003 0.190660 -0.926205 1.039467 0.169936 1.204240 2.989556 -2.731546
0.254000 0.541485 -0.082962 0.190829 -0.924974 1.042432 0.167205 1.258096 2.941384 -2.731755
0.255000 0.540560 -0.081918 0.190995 -0.923689 1.045350 0.164473 1.311299 2.893444 -2.731171
0.256000 0.539637 -0.080871 0.191158 -0.922351 1.048219 0.161742 1.363634 2.845819 -2.729766
0.257000 0.538716 -0.079821 0.191318 -0.920961 1.051041 0.159013 1.414892 2.798507 -2.727520
0.258000 0.537795 -0.078769 0.191476 -0.919521 1.053816 0.156287 1.465131 2.751266 -2.724453
0.259000 0.536877 -0.077714 0.191631 -0.918031 1.056544 0.153564 1.514625 2.703764 -2.720627
0.260000 0.535959 -0.076656 0.191783 -0.916492 1.059224 0.150846 1.563451 2.656040 -2.716084
0.261000 0.535044 -0.075595 0.191932 -0.914904 1.061856 0.148132 1.611484 2.608423 -2.710835
0.262000 0.534129 -0.074532 0.192079 -0.913269 1.064441 0.145424 1.658800 2.560964 -2.704917
0.263000 0.533217 -0.073466 0.192223 -0.911587 1.066978 0.142722 1.705678 2.513422 -2.698379
0.264000 0.532306 -0.072398 0.192365 -0.909858 1.069468 0.140027 1.752191 2.465796 -2.691229
0.265000 0.531397 -0.071328 0.192503 -0.908082 1.071909 0.137340 1.798155 2.418387 -2.683428
0.266000 0.530490 -0.070254 0.192639 -0.906261 1.074304 0.134661 1.843375 2.371426 -2.674941
0.267000 0.529585 -0.069179 0.192773 -0.904396 1.076652 0.131990 1.887637 2.325021 -2.665750
0.268000 0.528681 -0.068101 0.192903 -0.902486 1.078954 0.129329 1.930721 2.279207 -2.655839
0.269000 0.527780 -0.067021 0.193031 -0.900534 1.081211 0.126678 1.972665 2.233768 -2.645226
0.270000 0.526880 -0.065939 0.193157 -0.898541 1.083422 0.124039 2.013737 2.188377 -2.633955
0.271000 0.525983 -0.064854 0.193279 -0.896507 1.085588 0.121411 2.054021 2.143075 -2.622039
0.272000 0.525087 -0.063768 0.193399 -0.894433 1.087708 0.118795 2.093406 2.098198 -2.609463
0.273000 0.524194 -0.062679 0.193517 -0.892320 1.089784 0.116192 2.131975 2.053800 -2.596235
0.274000 0.523303 -0.061588 0.193632 -0.890169 1.091816 0.113602 2.169996 2.009634 -2.582400
0.275000 0.522414 -0.060495 0.193744 -0.887980 1.093803 0.111027 2.207524 1.965703 -2.567985
0.276000 0.521527 -0.059400 0.193854 -0.885754 1.095747 0.108466 2.244354 1.922317 -2.552996
0.277000 0.520642 -0.058304 0.193961 -0.883491 1.097648 0.105921 2.280281 1.879711 -2.537441
0.278000 0.519760 -0.057205 0.194066 -0.881193 1.099506 0.103391 2.315095 1.837977 -2.521344
0.279000 0.518880 -0.056105 0.194168 -0.878861 1.101324 0.100878 2.348586 1.797132 -2.504735
0.280000 0.518002 -0.055002 0.194267 -0.876496 1.103101 0.098382 2.380799 1.756939 -2.487655
0.281000 0.517127 -0.053898 0.194365 -0.874099 1.104838 0.095903 2.411997 1.717059 -2.470153
0.282000 0.516254 -0.052793 0.194459 -0.871672 1.106535 0.093441 2.442268 1.677537 -2.452241
0.283000 0.515383 -0.051685 0.194551 -0.869215 1.108193 0.090998 2.471513 1.638724 -2.433911
0.284000 0.514515 -0.050576 0.194641 -0.866729 1.109812 0.088574 2.499816 1.600677 -2.415173
0.285000 0.513650 -0.049466 0.194729 -0.864215 1.111394 0.086168 2.527454 1.563142 -2.396062
0.286000 0.512787 -0.048354 0.194814 -0.861674 1.112939 0.083782 2.554508 1.526103 -2.376609
0.287000 0.511926 -0.047240 0.194896 -0.859106 1.114446 0.081415 2.580867 1.489801 -2.356828
0.288000 0.511069 -0.046125 0.194976 -0.856512 1.115918 0.079068 2.606605 1.454197 -2.336745
0.289000 0.510213 -0.045008 0.195054 -0.853893 1.117355 0.076741 2.631966 1.418920 -2.316398
0.290000 0.509361 -0.043890 0.195130 -0.851248 1.118756 0.074435 2.656970 1.383737 -2.295807
0.291000 0.508511 -0.042771 0.195203 -0.848579 1.120122 0.072150 2.681430 1.348612 -2.274979
0.292000 0.507664 -0.041650 0.195274 -0.845886 1.121453 0.069885 2.705363 1.313318 -2.253930
0.293000 0.506819 -0.040528 0.195343 -0.843168 1.122749 0.067642 2.729013 1.277504 -2.232689
0.294000 0.505977 -0.039404 0.195409 -0.840427 1.124008 0.065420 2.752464 1.241203 -2.211268
0.295000 0.505138 -0.038280 0.195474 -0.837663 1.125231 0.063219 2.775572 1.204814 -2.189663
0.296000 0.504302 -0.037154 0.195536 -0.834876 1.126418 0.061040 2.798192 1.168721 -2.167875
0.297000 0.503469 -0.036027 0.195596 -0.832067 1.127569 0.058884 2.820175 1.133274 -2.145919
0.298000 0.502638 -0.034899 0.195654 -0.829236 1.128684 0.056749 2.841369 1.098806 -2.123816
0.299000 0.501810 -0.033769 0.195709 -0.826384 1.129766 0.054636 2.861845 1.065290 -2.101596
0.300000 0.500985 -0.032639 0.195763 -0.823512 1.130815 0.052545 2.881840 1.032350 -2.079292
0.301000 0.500163 -0.031508 0.195814 -0.820621 1.131831 0.050477 2.901372 0.999742 -2.056930
0.302000 0.499344 -0.030375 0.195864 -0.817710 1.132814 0.048432 2.920257 0.967419 -2.034525
0.303000 0.498528 -0.029242 0.195911 -0.814780 1.133766 0.046408 2.938508 0.935138 -2.012097
0.304000 0.497714 -0.028108 0.195957 -0.811833 1.134685 0.044407 2.956362 0.902540 -1.989662
0.305000 0.496904 -0.026973 0.196000 -0.808867 1.135571 0.042429 2.973898 0.869642 -1.967210
0.306000 0.496097 -0.025837 0.196042 -0.805885 1.136424 0.040473 2.990979 0.836834 -1.944718
0.307000 0.495292 -0.024700 0.196081 -0.802885 1.137245 0.038539 3.007475 0.804487 -1.922186
0.308000 0.494491 -0.023562 0.196119 -0.799870 1.138033 0.036629 3.023268 0.772943 -1.899658
0.309000 0.493692 -0.022424 0.196154 -0.796839 1.138790 0.034740 3.038243 0.742522 -1.877199
0.310000 0.492897 -0.021285 0.196188 -0.793793 1.139518 0.032874 3.052496 0.713193 -1.854871
0.311000 0.492105 -0.020145 0.196220 -0.790734 1.140217 0.031030 3.066259 0.684588 -1.832716
0.312000 0.491316 -0.019004 0.196250 -0.787661 1.140887 0.029209 3.079549 0.656507 -1.810768
0.313000 0.490530 -0.017863 0.196278 -0.784575 1.141530 0.027409 3.092183 0.628961 -1.789055
0.314000 0.489747 -0.016721 0.196305 -0.781476 1.142145 0.025631 3.104170 0.601748 -1.767602
0.315000 0.488967 -0.015579 0.196330 -0.778366 1.142733 0.023874 3.115733 0.574523 -1.746414
0.316000 0.488190 -0.014436 0.196353 -0.775245 1.143294 0.022138 3.126948 0.547297 -1.725465
0.317000 0.487416 -0.013292 0.196374 -0.772112 1.143828 0.020423 3.137720 0.520386 -1.704709
0.318000 0.486646 -0.012148 0.196394 -0.768970 1.144335 0.018728 3.148127 0.493811 -1.684118
0.319000 0.485878 -0.011003 0.196411 -0.765816 1.144816 0.017055 3.158420 0.467284 -1.663700
0.320000 0.485114 -0.009858 0.196428 -0.762653 1.145270 0.015401 3.168692 0.440755 -1.643495
0.321000 0.484353 -0.008713 0.196442 -0.759479 1.145697 0.013768 3.178826 0.414490 -1.623553
0.322000 0.483595 -0.007567 0.196455 -0.756295 1.146099 0.012154 3.188676 0.388703 -1.603915
0.323000 0.482840 -0.006421 0.196467 -0.753101 1.146474 0.010560 3.198049 0.363518 -1.584602
0.324000 0.482089 -0.005274 0.196476 -0.749899 1.146826 0.008985 3.206720 0.339004 -1.565627
0.325000 0.481341 -0.004127 0.196485 -0.746688 1.147152 0.007428 3.214693 0.314957 -1.546997
0.326000 0.480595 -0.002980 0.196491 -0.743470 1.147455 0.005891 3.222177 0.291024 -1.528699
0.327000 0.479854 -0.001832 0.196496 -0.740244 1.147735 0.004371 3.229241 0.267215 -1.510689
0.328000 0.479115 -0.000684 0.196500 -0.737011 1.147990 0.002869 3.235790 0.243838 -1.492903
0.329000 0.478380 0.000464 0.196502 -0.733772 1.148222 0.001385 3.241897 0.220911 -1.475299
0.330000 0.477647 0.001612 0.196503 -0.730527 1.148432 -0.000081 3.247808 0.198143 -1.457889
0.331000 0.476918 0.002761 0.196502 -0.727277 1.148618 -0.001531 3.253635 0.175479 -1.440746
0.332000 0.476193 0.003909 0.196500 -0.724020 1.148783 -0.002963 3.259341 0.153127 -1.423973
0.333000 0.475470 0.005058 0.196496 -0.720758 1.148925 -0.004378 3.265027 0.131018 -1.407643
0.334000 0.474751 0.006207 0.196491 -0.717490 1.149045 -0.005778 3.270908 0.108778 -1.391784
0.335000 0.474035 0.007356 0.196484 -0.714216 1.149142 -0.007162 3.276985 0.086220 -1.376394
0.336000 0.473323 0.008505 0.196477 -0.710936 1.149217 -0.008531 3.283032 0.063449 -1.361466
0.337000 0.472614 0.009655 0.196467 -0.707650 1.149269 -0.009885 3.288846 0.040632 -1.346971
0.338000 0.471908 0.010804 0.196457 -0.704358 1.149298 -0.011225 3.294268 0.018039 -1.332848
0.339000 0.471205 0.011953 0.196445 -0.701061 1.149305 -0.012551 3.299159 -0.003998 -1.319020
0.340000 0.470505 0.013103 0.196432 -0.697760 1.149290 -0.013863 3.303582 -0.025486 -1.305430
0.341000 0.469809 0.014252 0.196417 -0.694454 1.149254 -0.015162 3.307769 -0.046732 -1.292074
0.342000 0.469117 0.015401 0.196401 -0.691144 1.149197 -0.016447 3.311826 -0.067789 -1.279012
0.343000 0.468427 0.016550 0.196384 -0.687831 1.149119 -0.017720 3.315713 -0.088453 -1.266330
0.344000 0.467741 0.017699 0.196366 -0.684513 1.149020 -0.018980 3.319524 -0.108792 -1.254088
0.345000 0.467058 0.018848 0.196346 -0.681192 1.148901 -0.020228 3.323459 -0.129180 -1.242300
0.346000 0.466379 0.019997 0.196326 -0.677866 1.148762 -0.021464 3.327509 -0.149804 -1.230950
0.347000 0.465702 0.021146 0.196303 -0.674537 1.148602 -0.022690 3.331488 -0.170629 -1.220018
0.348000 0.465029 0.022294 0.196280 -0.671203 1.148420 -0.023904 3.335380 -0.191836 -1.209481
0.349000 0.464360 0.023443 0.196256 -0.667866 1.148218 -0.025109 3.339360 -0.213780 -1.199294
0.350000 0.463694 0.024591 0.196230 -0.664524 1.147993 -0.026303 3.343478 -0.236478 -1.189383
0.351000 0.463031 0.025739 0.196203 -0.661179 1.147745 -0.027487 3.347604 -0.259589 -1.179661
0.352000 0.462371 0.026886 0.196175 -0.657829 1.147474 -0.028662 3.351628 -0.282800 -1.170093
0.353000 0.461715 0.028034 0.196146 -0.654476 1.147179 -0.029828 3.355485 -0.305842 -1.160732
0.354000 0.461062 0.029181 0.196115 -0.651118 1.146862 -0.030984 3.359132 -0.328472 -1.151683
0.355000 0.460413 0.030327 0.196084 -0.647757 1.146522 -0.032131 3.362678 -0.350779 -1.143017
0.356000 0.459767 0.031474 0.196051 -0.644393 1.146160 -0.033270 3.366318 -0.373136 -1.134744
0.357000 0.459124 0.032620 0.196017 -0.641025 1.145776 -0.034400 3.370037 -0.395704 -1.126840
0.358000 0.458485 0.033765 0.195982 -0.637653 1.145369 -0.035523 3.373647 -0.418409 -1.119272
0.359000 0.457849 0.034910 0.195946 -0.634277 1.144939 -0.036639 3.377122 -0.441410 -1.112002
0.360000 0.457216 0.036055 0.195909 -0.630899 1.144486 -0.037747 3.380624 -0.465067 -1.104974
0.361000 0.456587 0.037199 0.195871 -0.627516 1.144009 -0.038849 3.384192 -0.489443 -1.098102
0.362000 0.455961 0.038343 0.195831 -0.624130 1.143507 -0.039944 3.387727 -0.514326 -1.091279
0.363000 0.455339 0.039486 0.195791 -0.620741 1.142980 -0.041031 3.391271 -0.539772 -1.084426
0.364000 0.454720 0.040629 0.195749 -0.617348 1.142428 -0.042112 3.395034 -0.566111 -1.077534
0.365000 0.454104 0.041771 0.195707 -0.613951 1.141848 -0.043187 3.399125 -0.593421 -1.070686
0.366000 0.453492 0.042913 0.195663 -0.610549 1.141241 -0.044254 3.403493 -0.621463 -1.064010
0.367000 0.452883 0.044054 0.195618 -0.607144 1.140605 -0.045315 3.408054 -0.650025 -1.057591
0.368000 0.452278 0.045194 0.195572 -0.603733 1.139941 -0.046369 3.412655 -0.678938 -1.051437
0.369000 0.451676 0.046334 0.195525 -0.600318 1.139247 -0.047417 3.417108 -0.708059 -1.045511
0.370000 0.451077 0.047473 0.195477 -0.596899 1.138525 -0.048460 3.421406 -0.737542 -1.039764
0.371000 0.450482 0.048611 0.195428 -0.593475 1.137772 -0.049497 3.425715 -0.767752 -1.034130
0.372000 0.449890 0.049748 0.195378 -0.590048 1.136989 -0.050528 3.430093 -0.798770 -1.028509
0.373000 0.449302 0.050885 0.195327 -0.586615 1.136175 -0.051554 3.434470 -0.830413 -1.022785
0.374000 0.448717 0.052020 0.195275 -0.583179 1.135328 -0.052574 3.438907 -0.862757 -1.016866
0.375000 0.448135 0.053155 0.195222 -0.579737 1.134449 -0.053588 3.443606 -0.896143 -1.010732
0.376000 0.447557 0.054289 0.195168 -0.576291 1.133536 -0.054595 3.448669 -0.930669 -1.004454
0.377000 0.446983 0.055422 0.195113 -0.572840 1.132588 -0.055597 3.454080 -0.966184 -0.998151
0.378000 0.446412 0.056554 0.195057 -0.569383 1.131604 -0.056592 3.459932 -1.002788 -0.991898
0.379000 0.445844 0.057686 0.195000 -0.565920 1.130582 -0.057580 3.466393 -1.040851 -0.985700
0.380000 0.445280 0.058816 0.194942 -0.562450 1.129522 -0.058563 3.473451 -1.080519 -0.979537
0.381000 0.444719 0.059945 0.194883 -0.558973 1.128421 -0.059539 3.480914 -1.121641 -0.973385
0.382000 0.444162 0.061073 0.194823 -0.555489 1.127279 -0.060510 3.488606 -1.164047 -0.967201
0.383000 0.443608 0.062199 0.194762 -0.551996 1.126093 -0.061474 3.496400 -1.207537 -0.960911
0.384000 0.443058 0.063325 0.194700 -0.548496 1.124864 -0.062432 3.504186 -1.251891 -0.954424
0.385000 0.442511 0.064449 0.194637 -0.544988 1.123589 -0.063383 3.512016 -1.297202 -0.947664
0.386000 0.441968 0.065572 0.194573 -0.541472 1.122269 -0.064327 3.520086 -1.343820 -0.940620
0.387000 0.441428 0.066693 0.194508 -0.537948 1.120902 -0.065264 3.528513 -1.391859 -0.933382
0.388000 0.440892 0.067814 0.194442 -0.534415 1.119486 -0.066194 3.537281 -1.441130 -0.926092
0.389000 0.440359 0.068932 0.194376 -0.530873 1.118020 -0.067116 3.546335 -1.491448 -0.918850
0.390000 0.439830 0.070050 0.194308 -0.527322 1.116503 -0.068031 3.555558 -1.542644 -0.911676
0.391000 0.439305 0.071165 0.194240 -0.523762 1.114934 -0.068940 3.564794 -1.594558 -0.904549
0.392000 0.438783 0.072280 0.194170 -0.520193 1.113314 -0.069841 3.574042 -1.647323 -0.897427
0.393000 0.438264 0.073392 0.194100 -0.516614 1.111640 -0.070734 3.583443 -1.701312 -0.890241
0.394000 0.437749 0.074503 0.194029 -0.513026 1.109911 -0.071621 3.593037 -1.756657 -0.882899
0.395000 0.437238 0.075612 0.193957 -0.509428 1.108126 -0.072500 3.602723 -1.813191 -0.875308
0.396000 0.436731 0.076719 0.193884 -0.505820 1.106285 -0.073372 3.612426 -1.870746 -0.867434
0.397000 0.436227 0.077824 0.193810 -0.502203 1.104385 -0.074235 3.622107 -1.929152 -0.859349
0.398000 0.435726 0.078928 0.193735 -0.498576 1.102426 -0.075090 3.631755 -1.988236 -0.851182
0.399000 0.435229 0.080029 0.193660 -0.494939 1.100408 -0.075937 3.641468 -2.048122 -0.843017
0.400000 0.434736 0.081129 0.193583 -0.491293 1.098330 -0.076776 3.651405 -2.109170 -0.834862
0.401000 0.434247 0.082226 0.193506 -0.487637 1.096190 -0.077607 3.661564 -2.171498 -0.826704
0.402000 0.433761 0.083321 0.193428 -0.483970 1.093987 -0.078430 3.671783 -2.234929 -0.818536
0.403000 0.433279 0.084414 0.193349 -0.480293 1.091720 -0.079244 3.681926 -2.299291 -0.810333
0.404000 0.432800 0.085505 0.193270 -0.476606 1.089388 -0.080050 3.691896 -2.364425 -0.802039
0.405000 0.432326 0.086593 0.193189 -0.472909 1.086991 -0.080848 3.701597 -2.430121 -0.793590
0.406000 0.431855 0.087678 0.193108 -0.469203 1.084528 -0.081638 3.710989 -2.496225 -0.784967
0.407000 0.431387 0.088762 0.193026 -0.465487 1.081999 -0.082418 3.720071 -2.562583 -0.776246
0.408000 0.430924 0.089842 0.192943 -0.461763 1.079403 -0.083190 3.728866 -2.629036 -0.767550
0.409000 0.430464 0.090921 0.192860 -0.458030 1.076741 -0.083953 3.737489 -2.695711 -0.758956
0.410000 0.430008 0.091996 0.192775 -0.454288 1.074012 -0.084708 3.746093 -2.762955 -0.750474
0.411000 0.429555 0.093069 0.192690 -0.450537 1.071215 -0.085454 3.754670 -2.830866 -0.742108
0.412000 0.429107 0.094138 0.192604 -0.446778 1.068350 -0.086192 3.763060 -2.899245 -0.733879
0.413000 0.428662 0.095205 0.192518 -0.443011 1.065416 -0.086922 3.771135 -2.967915 -0.725779
0.414000 0.428221 0.096269 0.192431 -0.439236 1.062414 -0.087644 3.778823 -3.036745 -0.717754
0.415000 0.427783 0.097330 0.192343 -0.435454 1.059343 -0.088358 3.786084 -3.105623 -0.709724
0.416000 0.427350 0.098388 0.192254 -0.431664 1.056203 -0.089063 3.792994 -3.174713 -0.701613
0.417000 0.426920 0.099443 0.192164 -0.427868 1.052993 -0.089761 3.799730 -3.244393 -0.693397
0.418000 0.426494 0.100494 0.192074 -0.424065 1.049714 -0.090450 3.806409 -3.314820 -0.685141
0.419000 0.426072 0.101542 0.191984 -0.420255 1.046364 -0.091131 3.813046 -3.385872 -0.676967
0.420000 0.425653 0.102587 0.191892 -0.416438 1.042942 -0.091804 3.819620 -3.457398 -0.668970
0.421000 0.425239 0.103628 0.191800 -0.412616 1.039449 -0.092469 3.826042 -3.529196 -0.661197
0.422000 0.424828 0.104666 0.191707 -0.408786 1.035884 -0.093126 3.832167 -3.600986 -0.653673
0.423000 0.424421 0.105700 0.191614 -0.404951 1.032247 -0.093776 3.837879 -3.672582 -0.646383
0.424000 0.424018 0.106730 0.191520 -0.401111 1.028539 -0.094419 3.843090 -3.743868 -0.639266
0.425000 0.423619 0.107757 0.191425 -0.397265 1.024759 -0.095055 3.847727 -3.814771 -0.632235
0.426000 0.423224 0.108780 0.191329 -0.393415 1.020909 -0.095684 3.851828 -3.885471 -0.625210
0.427000 0.422832 0.109799 0.191233 -0.389561 1.016988 -0.096305 3.855546 -3.956333 -0.618157
0.428000 0.422445 0.110814 0.191137 -0.385704 1.012997 -0.096920 3.858984 -4.027483 -0.611137
0.429000 0.422061 0.111825 0.191040 -0.381843 1.008933 -0.097528 3.862159 -4.098767 -0.604264
0.430000 0.421681 0.112831 0.190942 -0.377980 1.004799 -0.098128 3.865057 -4.170017 -0.597628
0.431000 0.421305 0.113834 0.190843 -0.374113 1.000593 -0.098723 3.867614 -4.241046 -0.591270
0.432000 0.420933 0.114833 0.190744 -0.370245 0.996317 -0.099311 3.869720 -4.311605 -0.585208
0.433000 0.420564 0.115827 0.190645 -0.366374 0.991970 -0.099893 3.871294 -4.381518 -0.579432
0.434000 0.420200 0.116817 0.190545 -0.362502 0.987554 -0.100470 3.872282 -4.450654 -0.573901
0.435000 0.419839 0.117802 0.190444 -0.358629 0.983069 -0.101041 3.872642 -4.518902 -0.568557
0.436000 0.419483 0.118783 0.190342 -0.354757 0.978516 -0.101607 3.872431 -4.586407 -0.563336
0.437000 0.419130 0.119759 0.190241 -0.350884 0.973896 -0.102168 3.871792 -4.653524 -0.558200
0.438000 0.418781 0.120730 0.190138 -0.347013 0.969209 -0.102723 3.870820 -4.720413 -0.553179
0.439000 0.418436 0.121697 0.190035 -0.343143 0.964455 -0.103274 3.869529 -4.786980 -0.548348
0.440000 0.418095 0.122659 0.189932 -0.339274 0.959635 -0.103820 3.867892 -4.853091 -0.543765
0.441000 0.417757 0.123617 0.189828 -0.335407 0.954749 -0.104362 3.865819 -4.918546 -0.539456
0.442000 0.417424 0.124569 0.189723 -0.331542 0.949798 -0.104899 3.863167 -4.983059 -0.535432
0.443000 0.417094 0.125516 0.189618 -0.327681 0.944783 -0.105432 3.859836 -5.046432 -0.531679
0.444000 0.416768 0.126458 0.189512 -0.323823 0.939705 -0.105962 3.855786 -5.108536 -0.528149
0.445000 0.416447 0.127396 0.189406 -0.319969 0.934566 -0.106489 3.851006 -5.169283 -0.524779
0.446000 0.416128 0.128328 0.189299 -0.316121 0.929367 -0.107012 3.845567 -5.228824 -0.521499
0.447000 0.415814 0.129254 0.189192 -0.312278 0.924108 -0.107532 3.839606 -5.287496 -0.518268
0.448000 0.415504 0.130176 0.189084 -0.308441 0.918792 -0.108048 3.833209 -5.345442 -0.515108
0.449000 0.415197 0.131092 0.188976 -0.304612 0.913417 -0.108562 3.826388 -5.402552 -0.512091
0.450000 0.414895 0.132003 0.188867 -0.300789 0.907986 -0.109073 3.819126 -5.458678 -0.509269
0.451000 0.414596 0.132908 0.188758 -0.296973 0.902500 -0.109580 3.811355 -5.513608 -0.506662
0.452000 0.414301 0.133808 0.188648 -0.293166 0.896959 -0.110086 3.802980 -5.567087 -0.504276
0.453000 0.414010 0.134702 0.188537 -0.289367 0.891366 -0.110589 3.793991 -5.619135 -0.502082
0.454000 0.413722 0.135590 0.188427 -0.285578 0.885721 -0.111090 3.784470 -5.670040 -0.500012
0.455000 0.413438 0.136473 0.188315 -0.281798 0.880026 -0.111589 3.774448 -5.719978 -0.497989
0.456000 0.413158 0.137350 0.188203 -0.278029 0.874281 -0.112086 3.763884 -5.768914 -0.495947
0.457000 0.412882 0.138222 0.188091 -0.274271 0.868488 -0.112581 3.752750 -5.816789 -0.493853
0.458000 0.412610 0.139087 0.187978 -0.270524 0.862647 -0.113074 3.741044 -5.863509 -0.491736
0.459000 0.412341 0.139947 0.187865 -0.266789 0.856761 -0.113564 3.728763 -5.908906 -0.489663
0.460000 0.412076 0.140801 0.187751 -0.263066 0.850830 -0.114053 3.715886 -5.952824 -0.487693
0.461000 0.411815 0.141649 0.187637 -0.259357 0.844855 -0.114540 3.702347 -5.995055 -0.485868
0.462000 0.411558 0.142491 0.187522 -0.255661 0.838840 -0.115025 3.688047 -6.035359 -0.484220
0.463000 0.411304 0.143326 0.187407 -0.251981 0.832784 -0.115508 3.672971 -6.073751 -0.482745
0.464000 0.411054 0.144156 0.187291 -0.248315 0.826692 -0.115990 3.657192 -6.110494 -0.481390
0.465000 0.410807 0.144980 0.187175 -0.244666 0.820564 -0.116471 3.640761 -6.145735 -0.480101
0.466000 0.410564 0.145797 0.187058 -0.241034 0.814401 -0.116950 3.623678 -6.179460 -0.478831
0.467000 0.410325 0.146609 0.186941 -0.237419 0.808205 -0.117429 3.605991 -6.211815 -0.477526
0.468000 0.410089 0.147414 0.186823 -0.233822 0.801977 -0.117906 3.587802 -6.243099 -0.476132
0.469000 0.409857 0.148213 0.186705 -0.230243 0.795718 -0.118381 3.569175 -6.273444 -0.474641
0.470000 0.409629 0.149005 0.186586 -0.226684 0.789430 -0.118855 3.550119 -6.302767 -0.473077
0.471000 0.409404 0.149791 0.186467 -0.223143 0.783113 -0.119327 3.530621 -6.330941 -0.471458
0.472000 0.409183 0.150571 0.186348 -0.219622 0.776768 -0.119798 3.510635 -6.357774 -0.469786
0.473000 0.408965 0.151345 0.186228 -0.216122 0.770397 -0.120267 3.490096 -6.383034 -0.468052
0.474000 0.408750 0.152112 0.186107 -0.212642 0.764002 -0.120734 3.469001 -6.406723 -0.466218
0.475000 0.408540 0.152873 0.185986 -0.209184 0.757584 -0.121199 3.447417 -6.429078 -0.464219
0.476000 0.408332 0.153627 0.185865 -0.205747 0.751144 -0.121662 3.425382 -6.450234 -0.461993
0.477000 0.408128 0.154375 0.185743 -0.202333 0.744683 -0.122123 3.402884 -6.470139 -0.459497
0.478000 0.407927 0.155117 0.185621 -0.198942 0.738204 -0.122581 3.379909 -6.488737 -0.456703
0.479000 0.407730 0.155852 0.185498 -0.195573 0.731706 -0.123037 3.356437 -6.505967 -0.453615
0.480000 0.407536 0.156580 0.185374 -0.192229 0.725192 -0.123489 3.332437 -6.521716 -0.450259
0.481000 0.407346 0.157302 0.185251 -0.188908 0.718662 -0.123937 3.307883 -6.535878 -0.446658
0.482000 0.407158 0.158017 0.185127 -0.185613 0.712120 -0.124382 3.282747 -6.548295 -0.442834
0.483000 0.406974 0.158726 0.185002 -0.182343 0.705566 -0.124823 3.256999 -6.558777 -0.438808
0.484000 0.406794 0.159429 0.184877 -0.179099 0.699002 -0.125259 3.230654 -6.567345 -0.434567
0.485000 0.406616 0.160124 0.184751 -0.175882 0.692431 -0.125692 3.203777 -6.574234 -0.430061
0.486000 0.406442 0.160813 0.184626 -0.172691 0.685854 -0.126120 3.176405 -6.579595 -0.425249
0.487000 0.406271 0.161496 0.184499 -0.169529 0.679272 -0.126542 3.148535 -6.583456 -0.420112
0.488000 0.406103 0.162172 0.184372 -0.166394 0.672687 -0.126960 3.120202 -6.585964 -0.414608
0.489000 0.405938 0.162841 0.184245 -0.163288 0.666100 -0.127372 3.091476 -6.587390 -0.408687
0.490000 0.405776 0.163504 0.184118 -0.160211 0.659512 -0.127777 3.062408 -6.587870 -0.402330
0.491000 0.405618 0.164160 0.183990 -0.157164 0.652924 -0.128176 3.033011 -6.587364 -0.395555
0.492000 0.405462 0.164810 0.183861 -0.154145 0.646337 -0.128568 3.003287 -6.585782 -0.388371
0.493000 0.405309 0.165453 0.183733 -0.151157 0.639753 -0.128953 2.973219 -6.582950 -0.380768
0.494000 0.405160 0.166090 0.183603 -0.148199 0.633172 -0.129330 2.942778 -6.578649 -0.372732
0.495000 0.405013 0.166719 0.183474 -0.145271 0.626595 -0.129698 2.911977 -6.572856 -0.364216
0.496000 0.404869 0.167343 0.183344 -0.142375 0.620026 -0.130058 2.880867 -6.565768 -0.355157
0.497000 0.404728 0.167959 0.183214 -0.139510 0.613464 -0.130409 2.849478 -6.557518 -0.345510
0.498000 0.404590 0.168570 0.183083 -0.136676 0.606911 -0.130749 2.817811 -6.548129 -0.335249
0.499000 0.404455 0.169173 0.182952 -0.133874 0.600368 -0.131079 2.785892 -6.537733 -0.324332
0.500000 0.404322 0.169770 0.182821 -0.131104 0.593835 -0.131398 2.753771 -6.526572 -0.312714
0.501000 0.404193 0.170361 0.182690 -0.128367 0.587315 -0.131705 2.721469 -6.514765 -0.300398
0.502000 0.404066 0.170945 0.182558 -0.125661 0.580806 -0.131999 2.688969 -6.502274 -0.287434
0.503000 0.403941 0.171523 0.182426 -0.122989 0.574310 -0.132280 2.656252 -6.489022 -0.273862
0.504000 0.403820 0.172094 0.182293 -0.120349 0.567828 -0.132546 2.623297 -6.474862 -0.259704
0.505000 0.403701 0.172658 0.182160 -0.117742 0.561360 -0.132799 2.590079 -6.459609 -0.244978
0.506000 0.403584 0.173216 0.182028 -0.115169 0.554909 -0.133036 2.556610 -6.443253 -0.229661
0.507000 0.403470 0.173768 0.181894 -0.112629 0.548474 -0.133258 2.522941 -6.425981 -0.213707
0.508000 0.403359 0.174313 0.181761 -0.110123 0.542057 -0.133464 2.489126 -6.407938 -0.197093
0.509000 0.403250 0.174852 0.181627 -0.107651 0.535658 -0.133652 2.455204 -6.389179 -0.179827
0.510000 0.403144 0.175385 0.181494 -0.105212 0.529278 -0.133823 2.421227 -6.369848 -0.161889
0.511000 0.403040 0.175911 0.181360 -0.102808 0.522918 -0.133976 2.387246 -6.350168 -0.143240
0.512000 0.402938 0.176430 0.181226 -0.100438 0.516578 -0.134110 2.353283 -6.330244 -0.123884
0.513000 0.402839 0.176944 0.181092 -0.098101 0.510258 -0.134224 2.319336 -6.310073 -0.103861
0.514000 0.402742 0.177451 0.180957 -0.095799 0.503958 -0.134318 2.285420 -6.289743 -0.083173
0.515000 0.402647 0.177952 0.180823 -0.093531 0.497678 -0.134390 2.251568 -6.269398 -0.061782
0.516000 0.402555 0.178446 0.180689 -0.091296 0.491419 -0.134441 2.217791 -6.249019 -0.039668
0.517000 0.402465 0.178935 0.180554 -0.089095 0.485180 -0.134470 2.184074 -6.228417 -0.016843
0.518000 0.402377 0.179417 0.180420 -0.086928 0.478962 -0.134475 2.150407 -6.207441 0.006670
0.519000 0.402291 0.179893 0.180285 -0.084794 0.472765 -0.134456 2.116795 -6.186009 0.030835
0.520000 0.402207 0.180362 0.180151 -0.082694 0.466590 -0.134413 2.083248 -6.164078 0.055606
0.521000 0.402125 0.180826 0.180016 -0.080628 0.460437 -0.134345 2.049792 -6.141724 0.080977
0.522000 0.402046 0.181283 0.179882 -0.078595 0.454307 -0.134251 2.016454 -6.119114 0.106978
0.523000 0.401968 0.181734 0.179748 -0.076595 0.448199 -0.134131 1.983233 -6.096312 0.133604
0.524000 0.401893 0.182179 0.179614 -0.074628 0.442114 -0.133984 1.950103 -6.073282 0.160814
0.525000 0.401819 0.182619 0.179480 -0.072695 0.436052 -0.133810 1.917057 -6.050076 0.188604
0.526000 0.401747 0.183052 0.179346 -0.070794 0.430014 -0.133607 1.884117 -6.026814 0.217001
0.527000 0.401677 0.183479 0.179213 -0.068926 0.423999 -0.133376 1.851297 -6.003486 0.246001
0.528000 0.401609 0.183900 0.179079 -0.067091 0.418007 -0.133115 1.818595 -5.979966 0.275563
0.529000 0.401543 0.184315 0.178946 -0.065289 0.412039 -0.132824 1.786027 -5.956236 0.305680
0.530000 0.401479 0.184724 0.178814 -0.063519 0.406094 -0.132504 1.753624 -5.932427 0.336382
0.531000 0.401416 0.185127 0.178681 -0.061782 0.400174 -0.132152 1.721423 -5.908628 0.367661
0.532000 0.401355 0.185524 0.178549 -0.060077 0.394277 -0.131768 1.689449 -5.884859 0.399475
0.533000 0.401296 0.185915 0.178418 -0.058403 0.388404 -0.131353 1.657733 -5.861206 0.431819
0.534000 0.401238 0.186301 0.178287 -0.056761 0.382555 -0.130905 1.626303 -5.837815 0.464717
0.535000 0.401182 0.186680 0.178156 -0.055150 0.376729 -0.130423 1.595162 -5.814738 0.498162
0.536000 0.401128 0.187054 0.178026 -0.053571 0.370925 -0.129908 1.564296 -5.791937 0.532111
0.537000 0.401075 0.187422 0.177896 -0.052022 0.365145 -0.129359 1.533705 -5.769445 0.566554
0.538000 0.401024 0.187785 0.177767 -0.050503 0.359386 -0.128775 1.503410 -5.747357 0.601504
0.539000 0.400974 0.188141 0.177639 -0.049015 0.353650 -0.128156 1.473433 -5.725648 0.636926
0.540000 0.400926 0.188492 0.177511 -0.047557 0.347935 -0.127501 1.443784 -5.704172 0.672732
0.541000 0.400879 0.188837 0.177384 -0.046127 0.342242 -0.126811 1.414466 -5.682801 0.708843
0.542000 0.400834 0.189176 0.177257 -0.044728 0.336570 -0.126084 1.385462 -5.661449 0.745194
0.543000 0.400790 0.189510 0.177132 -0.043357 0.330919 -0.125320 1.356747 -5.640048 0.781728
0.544000 0.400747 0.189838 0.177007 -0.042014 0.325289 -0.124520 1.328312 -5.618626 0.818433
0.545000 0.400706 0.190161 0.176882 -0.040700 0.319682 -0.123683 1.300167 -5.597290 0.855326
0.546000 0.400666 0.190478 0.176759 -0.039414 0.314095 -0.122809 1.272324 -5.576078 0.892394
0.547000 0.400627 0.190789 0.176637 -0.038155 0.308529 -0.121899 1.244789 -5.554962 0.929587
0.548000 0.400589 0.191095 0.176515 -0.036924 0.302985 -0.120950 1.217568 -5.533968 0.966888
0.549000 0.400553 0.191395 0.176395 -0.035720 0.297461 -0.119965 1.190670 -5.513170 1.004313
0.550000 0.400518 0.191690 0.176275 -0.034543 0.291959 -0.118942 1.164076 -5.492538 1.041843
0.551000 0.400484 0.191979 0.176157 -0.033392 0.286476 -0.117881 1.137753 -5.471935 1.079416
0.552000 0.400451 0.192262 0.176040 -0.032267 0.281015 -0.116783 1.111682 -5.451246 1.116957
0.553000 0.400419 0.192541 0.175924 -0.031169 0.275574 -0.115647 1.085877 -5.430396 1.154378
0.554000 0.400389 0.192814 0.175808 -0.030096 0.270154 -0.114474 1.060363 -5.409329 1.191578
0.555000 0.400359 0.193081 0.175695 -0.029048 0.264755 -0.113264 1.035170 -5.388065 1.228510
0.556000 0.400331 0.193343 0.175582 -0.028025 0.259378 -0.112017 1.010315 -5.366671 1.265183
0.557000 0.400303 0.193600 0.175471 -0.027027 0.254022 -0.110734 0.985802 -5.345132 1.301595
0.558000 0.400277 0.193851 0.175360 -0.026054 0.248688 -0.109414 0.961623 -5.323358 1.337718
0.559000 0.400251 0.194097 0.175252 -0.025104 0.243375 -0.108058 0.937776 -5.301323 1.373548
0.560000 0.400226 0.194338 0.175144 -0.024178 0.238085 -0.106667 0.914266 -5.279074 1.409088
0.561000 0.400203 0.194573 0.175038 -0.023275 0.232817 -0.105240 0.891089 -5.256599 1.444284
0.562000 0.400180 0.194804 0.174934 -0.022396 0.227572 -0.103778 0.868235 -5.233806 1.479026
0.563000 0.400158 0.195029 0.174831 -0.021539 0.222349 -0.102282 0.845701 -5.210599 1.513212
0.564000 0.400137 0.195248 0.174729 -0.020705 0.217151 -0.100752 0.823497 -5.186875 1.546753
0.565000 0.400116 0.195463 0.174629 -0.019892 0.211976 -0.099188 0.801643 -5.162527 1.579569
0.566000 0.400097 0.195672 0.174531 -0.019101 0.206825 -0.097593 0.780156 -5.137521 1.611622
0.567000 0.400078 0.195876 0.174434 -0.018332 0.201701 -0.095965 0.759045 -5.111888 1.642917
0.568000 0.400060 0.196076 0.174339 -0.017583 0.196602 -0.094307 0.738304 -5.085608 1.673438
0.569000 0.400043 0.196270 0.174245 -0.016855 0.191529 -0.092618 0.717916 -5.058603 1.703141
0.570000 0.400027 0.196459 0.174154 -0.016147 0.186484 -0.090901 0.697871 -5.030844 1.732008
0.571000 0.400011 0.196643 0.174064 -0.015459 0.181468 -0.089154 0.678164 -5.002352 1.760035
0.572000 0.399996 0.196822 0.173975 -0.014791 0.176480 -0.087380 0.658783 -4.973090 1.787177
0.573000 0.399981 0.196996 0.173889 -0.014142 0.171522 -0.085580 0.639710 -4.942959 1.813348
0.574000 0.399967 0.197165 0.173804 -0.013512 0.166594 -0.083754 0.620933 -4.911912 1.838497
0.575000 0.399954 0.197329 0.173721 -0.012900 0.161698 -0.081903 0.602454 -4.879951 1.862605
0.576000 0.399942 0.197488 0.173640 -0.012307 0.156834 -0.080029 0.584286 -4.847017 1.885616
0.577000 0.399930 0.197642 0.173561 -0.011731 0.152004 -0.078132 0.566440 -4.812994 1.907439
0.578000 0.399918 0.197792 0.173484 -0.011174 0.147208 -0.076214 0.548927 -4.777816 1.928017
0.579000 0.399907 0.197937 0.173409 -0.010634 0.142448 -0.074276 0.531748 -4.741477 1.947334
0.580000 0.399897 0.198077 0.173336 -0.010110 0.137725 -0.072319 0.514887 -4.703926 1.965351
0.581000 0.399887 0.198212 0.173264 -0.009604 0.133040 -0.070345 0.498321 -4.665061 1.982006
0.582000 0.399878 0.198343 0.173195 -0.009114 0.128395 -0.068355 0.482035 -4.624825 1.997257
0.583000 0.399869 0.198469 0.173128 -0.008640 0.123791 -0.066350 0.466027 -4.583201 2.011080
0.584000 0.399860 0.198591 0.173062 -0.008182 0.119228 -0.064333 0.450304 -4.540122 2.023406
0.585000 0.399852 0.198708 0.172999 -0.007739 0.114710 -0.062304 0.434875 -4.495470 2.034130
0.586000 0.399845 0.198820 0.172938 -0.007312 0.110238 -0.060265 0.419746 -4.449167 2.043178
0.587000 0.399838 0.198928 0.172878 -0.006900 0.105812 -0.058217 0.404913 -4.401181 2.050518
0.588000 0.399831 0.199032 0.172821 -0.006502 0.101435 -0.056164 0.390359 -4.351426 2.056098
0.589000 0.399825 0.199131 0.172766 -0.006119 0.097109 -0.054105 0.376055 -4.299755 2.059829
0.590000 0.399819 0.199226 0.172713 -0.005750 0.092836 -0.052044 0.361982 -4.246026 2.061612
0.591000 0.399813 0.199317 0.172662 -0.005395 0.088617 -0.049982 0.348135 -4.190105 2.061329
0.592000 0.399808 0.199403 0.172613 -0.005054 0.084455 -0.047921 0.334519 -4.131866 2.058854
0.593000 0.399803 0.199486 0.172566 -0.004726 0.080353 -0.045864 0.321139 -4.071228 2.054098
0.594000 0.399799 0.199564 0.172521 -0.004411 0.076313 -0.043813 0.307998 -4.008139 2.047006
0.595000 0.399794 0.199638 0.172479 -0.004110 0.072337 -0.041770 0.295103 -3.942487 2.037486
0.596000 0.399790 0.199708 0.172438 -0.003821 0.068428 -0.039738 0.282456 -3.874106 2.025408
0.597000 0.399787 0.199775 0.172399 -0.003545 0.064589 -0.037719 0.270062 -3.802878 2.010678
0.598000 0.399783 0.199838 0.172362 -0.003281 0.060822 -0.035717 0.257925 -3.728746 1.993243
0.599000 0.399780 0.199897 0.172328 -0.003029 0.057131 -0.033733 0.246047 -3.651631 1.973028
0.600000 0.399777 0.199952 0.172295 -0.002789 0.053519 -0.031771 0.234431 -3.571421 1.949930
0.601000 0.399775 0.200004 0.172264 -0.002560 0.049988 -0.029833 0.223080 -3.488032 1.923874
0.602000 0.399772 0.200052 0.172235 -0.002343 0.046543 -0.027923 0.211985 -3.401403 1.894808
0.603000 0.399770 0.200097 0.172208 -0.002136 0.043186 -0.026043 0.201123 -3.311419 1.862650
0.604000 0.399768 0.200138 0.172183 -0.001941 0.039920 -0.024198 0.190462 -3.217910 1.827283
0.605000 0.399766 0.200177 0.172160 -0.001755 0.036750 -0.022389 0.179979 -3.120702 1.788578
0.606000 0.399764 0.200212 0.172138 -0.001581 0.033679 -0.020620 0.169664 -3.019618 1.746389
0.607000 0.399763 0.200244 0.172119 -0.001416 0.030711 -0.018896 0.159519 -2.914480 1.700561
0.608000 0.399762 0.200273 0.172101 -0.001262 0.027850 -0.017219 0.149545 -2.805156 1.650979
0.609000 0.399760 0.200300 0.172084 -0.001117 0.025100 -0.015594 0.139742 -2.691564 1.597569
0.610000 0.399759 0.200323 0.172069 -0.000982 0.022467 -0.014024 0.130112 -2.573592 1.540236
0.611000 0.399758 0.200345 0.172056 -0.000857 0.019953 -0.012514 0.120656 -2.451092 1.478859
0.612000 0.399758 0.200363 0.172044 -0.000741 0.017564 -0.011066 0.111375 -2.323951 1.413341
0.613000 0.399757 0.200380 0.172034 -0.000634 0.015305 -0.009687 0.102270 -2.192095 1.343601
0.614000 0.399756 0.200394 0.172025 -0.000536 0.013180 -0.008379 0.093342 -2.055430 1.269515
0.615000 0.399756 0.200406 0.172017 -0.000447 0.011194 -0.007148 0.084590 -1.913826 1.190914
0.616000 0.399755 0.200416 0.172011 -0.000367 0.009353 -0.005997 0.076016 -1.767142 1.107639
0.617000 0.399755 0.200425 0.172005 -0.000295 0.007660 -0.004933 0.067619 -1.615219 1.019542
0.618000 0.399755 0.200432 0.172001 -0.000232 0.006122 -0.003958 0.059401 -1.457890 0.926485
0.619000 0.399755 0.200437 0.171997 -0.000176 0.004744 -0.003080 0.027668 -0.688927 0.439350
0.620000 0.399754 0.200441 0.171995 -0.000176 0.004744 -0.003080 0.027668 -0.688927 0.439350
