0.000000 0.670973 -0.193682 0.137401 0.001439 -0.006488 0.010521 -0.484835 0.205295 0.459677
0.001000 0.670975 -0.193689 0.137411 0.001439 -0.006488 0.010521 -0.484835 0.205295 0.459677
0.002000 0.670976 -0.193695 0.137422 0.000469 -0.006078 0.011441 -0.991933 0.422746 0.934699
0.003000 0.670976 -0.193701 0.137434 -0.000545 -0.005643 0.012391 -1.036958 0.447321 0.965677
0.004000 0.670975 -0.193706 0.137447 -0.001605 -0.005183 0.013372 -1.082983 0.472406 0.997242
0.005000 0.670973 -0.193711 0.137461 -0.002711 -0.004698 0.014385 -1.130005 0.497979 1.029406
0.006000 0.670969 -0.193716 0.137476 -0.003865 -0.004187 0.015431 -1.178023 0.524037 1.062166
0.007000 0.670965 -0.193720 0.137492 -0.005067 -0.003650 0.016510 -1.227034 0.550581 1.095510
0.008000 0.670959 -0.193723 0.137509 -0.006319 -0.003086 0.017622 -1.277032 0.577615 1.129421
0.009000 0.670952 -0.193726 0.137527 -0.007621 -0.002495 0.018769 -1.328015 0.605143 1.163883
0.010000 0.670944 -0.193728 0.137546 -0.008975 -0.001876 0.019950 -1.379986 0.633167 1.198879
0.011000 0.670934 -0.193729 0.137567 -0.010381 -0.001229 0.021166 -1.432962 0.661689 1.234389
0.012000 0.670923 -0.193730 0.137589 -0.011841 -0.000552 0.022419 -1.486967 0.690711 1.270393
0.013000 0.670911 -0.193731 0.137612 -0.013355 0.000153 0.023707 -1.542017 0.720234 1.306871
0.014000 0.670897 -0.193730 0.137636 -0.014925 0.000888 0.025032 -1.598110 0.750258 1.343799
0.015000 0.670881 -0.193729 0.137662 -0.016552 0.001653 0.026395 -1.655233 0.780781 1.381154
0.016000 0.670864 -0.193727 0.137689 -0.018236 0.002450 0.027795 -1.713371 0.811806 1.418910
0.017000 0.670844 -0.193724 0.137717 -0.019978 0.003277 0.029232 -1.772507 0.843340 1.457042
0.018000 0.670824 -0.193720 0.137747 -0.021781 0.004136 0.030709 -1.832622 0.875405 1.495522
0.019000 0.670801 -0.193716 0.137779 -0.023643 0.005028 0.032224 -1.893696 0.908033 1.534320
0.020000 0.670776 -0.193710 0.137812 -0.025568 0.005952 0.033777 -1.955709 0.941244 1.573404
0.021000 0.670750 -0.193704 0.137846 -0.027555 0.006910 0.035370 -2.018647 0.975043 1.612732
0.022000 0.670721 -0.193696 0.137882 -0.029605 0.007902 0.037003 -2.082508 1.009426 1.652244
0.023000 0.670691 -0.193688 0.137920 -0.031720 0.008929 0.038675 -2.147300 1.044385 1.691872
0.024000 0.670658 -0.193678 0.137960 -0.033900 0.009991 0.040387 -2.213019 1.079912 1.731554
0.025000 0.670623 -0.193668 0.138001 -0.036146 0.011089 0.042138 -2.279653 1.115998 1.771253
0.026000 0.670585 -0.193656 0.138044 -0.038459 0.012223 0.043929 -2.347196 1.152633 1.810952
0.027000 0.670546 -0.193643 0.138089 -0.040840 0.013394 0.045760 -2.415645 1.189805 1.850643
0.028000 0.670504 -0.193629 0.138136 -0.043290 0.014603 0.047630 -2.484989 1.227504 1.890311
0.029000 0.670459 -0.193614 0.138184 -0.045810 0.015849 0.049540 -2.555208 1.265726 1.929940
0.030000 0.670412 -0.193598 0.138235 -0.048401 0.017134 0.051490 -2.626285 1.304481 1.969537
0.031000 0.670362 -0.193580 0.138287 -0.051063 0.018458 0.053480 -2.698210 1.343789 2.009121
0.032000 0.670310 -0.193561 0.138342 -0.053797 0.019822 0.055508 -2.770970 1.383667 2.048704
0.033000 0.670255 -0.193540 0.138398 -0.056605 0.021226 0.057577 -2.844550 1.424135 2.088278
0.034000 0.670197 -0.193518 0.138457 -0.059486 0.022670 0.059685 -2.918932 1.465206 2.127824
0.035000 0.670136 -0.193495 0.138517 -0.062443 0.024156 0.061833 -2.994085 1.506886 2.167313
0.036000 0.670072 -0.193470 0.138580 -0.065475 0.025684 0.064020 -3.069972 1.549174 2.206707
0.037000 0.670005 -0.193444 0.138645 -0.068583 0.027254 0.066246 -3.146556 1.592072 2.245970
0.038000 0.669935 -0.193416 0.138713 -0.071768 0.028868 0.068512 -3.223807 1.635589 2.285073
0.039000 0.669861 -0.193386 0.138783 -0.075030 0.030525 0.070816 -3.301683 1.679722 2.323981
0.040000 0.669785 -0.193355 0.138854 -0.078371 0.032227 0.073160 -3.380133 1.724465 2.362655
0.041000 0.669705 -0.193321 0.138929 -0.081791 0.033974 0.075541 -3.459110 1.769814 2.401078
0.042000 0.669621 -0.193287 0.139006 -0.085289 0.035767 0.077962 -3.538571 1.815771 2.439245
0.043000 0.669534 -0.193250 0.139085 -0.088868 0.037606 0.080420 -3.618461 1.862328 2.477135
0.044000 0.669443 -0.193211 0.139166 -0.092526 0.039492 0.082916 -3.698727 1.909471 2.514700
0.045000 0.669349 -0.193171 0.139251 -0.096265 0.041425 0.085449 -3.779334 1.957189 2.551890
0.046000 0.669251 -0.193129 0.139337 -0.100085 0.043406 0.088020 -3.860262 2.005481 2.588661
0.047000 0.669149 -0.193084 0.139427 -0.103986 0.045436 0.090627 -3.941498 2.054351 2.624974
0.048000 0.669043 -0.193038 0.139519 -0.107968 0.047515 0.093270 -4.023037 2.103816 2.660803
0.049000 0.668933 -0.192989 0.139613 -0.112032 0.049643 0.095948 -4.104884 2.153902 2.696127
0.050000 0.668819 -0.192938 0.139710 -0.116178 0.051823 0.098662 -4.187009 2.204615 2.730912
0.051000 0.668701 -0.192885 0.139810 -0.120406 0.054053 0.101410 -4.269354 2.255946 2.765113
0.052000 0.668578 -0.192830 0.139913 -0.124716 0.056334 0.104192 -4.351859 2.307898 2.798711
0.053000 0.668451 -0.192773 0.140019 -0.129109 0.058669 0.107008 -4.434471 2.360485 2.831711
0.054000 0.668320 -0.192713 0.140127 -0.133585 0.061055 0.109856 -4.517125 2.413706 2.864087
0.055000 0.668184 -0.192651 0.140239 -0.138144 0.063496 0.112736 -4.599741 2.467542 2.895786
0.056000 0.668043 -0.192586 0.140353 -0.142785 0.065991 0.115647 -4.682269 2.521988 2.926755
0.057000 0.667898 -0.192519 0.140470 -0.147508 0.068540 0.118589 -4.764673 2.577049 2.956951
0.058000 0.667748 -0.192449 0.140590 -0.152314 0.071145 0.121561 -4.846895 2.632712 2.986316
0.059000 0.667594 -0.192376 0.140713 -0.157202 0.073805 0.124562 -4.928859 2.688951 3.014797
0.060000 0.667434 -0.192301 0.140839 -0.162172 0.076523 0.127591 -5.010523 2.745750 3.042377
0.061000 0.667269 -0.192223 0.140968 -0.167223 0.079297 0.130647 -5.091872 2.803106 3.069076
0.062000 0.667100 -0.192143 0.141100 -0.172356 0.082129 0.133729 -5.172877 2.861017 3.094912
0.063000 0.666925 -0.192059 0.141236 -0.177569 0.085019 0.136836 -5.253490 2.919473 3.119898
0.064000 0.666744 -0.191973 0.141374 -0.182863 0.087968 0.139969 -5.333650 2.978466 3.144045
0.065000 0.666559 -0.191883 0.141516 -0.188236 0.090976 0.143125 -5.413265 3.037966 3.167328
0.066000 0.666368 -0.191791 0.141660 -0.193689 0.094044 0.146303 -5.492237 3.097939 3.189690
0.067000 0.666172 -0.191695 0.141808 -0.199221 0.097172 0.149504 -5.570512 3.158372 3.211098
0.068000 0.665970 -0.191596 0.141959 -0.204830 0.100360 0.152725 -5.648069 3.219276 3.231545
0.069000 0.665762 -0.191494 0.142114 -0.210517 0.103610 0.155967 -5.724849 3.280637 3.250995
0.070000 0.665549 -0.191389 0.142271 -0.216280 0.106922 0.159227 -5.800773 3.342427 3.269400
0.071000 0.665329 -0.191280 0.142432 -0.222118 0.110295 0.162506 -5.875821 3.404651 3.286765
0.072000 0.665104 -0.191168 0.142596 -0.228031 0.113731 0.165801 -5.950024 3.467341 3.303146
0.073000 0.664873 -0.191053 0.142764 -0.234018 0.117230 0.169112 -6.023393 3.530511 3.318575
0.074000 0.664636 -0.190934 0.142934 -0.240078 0.120792 0.172438 -6.095903 3.594141 3.333054
0.075000 0.664393 -0.190811 0.143109 -0.246210 0.124418 0.175778 -6.167503 3.658188 3.346561
0.076000 0.664144 -0.190685 0.143286 -0.252413 0.128108 0.179131 -6.238095 3.722592 3.359036
0.077000 0.663888 -0.190555 0.143467 -0.258686 0.131863 0.182496 -6.307547 3.787303 3.370388
0.078000 0.663626 -0.190421 0.143651 -0.265028 0.135683 0.185872 -6.375772 3.852324 3.380550
0.079000 0.663358 -0.190284 0.143839 -0.271438 0.139568 0.189257 -6.442718 3.917696 3.389477
0.080000 0.663084 -0.190142 0.144030 -0.277914 0.143518 0.192651 -6.508294 3.983417 3.397102
0.081000 0.662802 -0.189997 0.144224 -0.284454 0.147535 0.196052 -6.572395 4.049444 3.403361
0.082000 0.662515 -0.189847 0.144422 -0.291059 0.151617 0.199458 -6.635012 4.115743 3.408277
0.083000 0.662220 -0.189694 0.144623 -0.297724 0.155766 0.202868 -6.696218 4.182312 3.411938
0.084000 0.661919 -0.189536 0.144827 -0.304451 0.159982 0.206282 -6.756051 4.249143 3.414413
0.085000 0.661611 -0.189374 0.145035 -0.311237 0.164264 0.209697 -6.814498 4.316226 3.415738
0.086000 0.661297 -0.189207 0.145247 -0.318080 0.168614 0.213113 -6.871515 4.383545 3.415927
0.087000 0.660975 -0.189036 0.145462 -0.324980 0.173032 0.216529 -6.926990 4.451049 3.414936
0.088000 0.660647 -0.188861 0.145680 -0.331934 0.177516 0.219943 -6.980783 4.518675 3.412669
0.089000 0.660311 -0.188681 0.145901 -0.338941 0.182069 0.223354 -7.032841 4.586410 3.409049
0.090000 0.659969 -0.188497 0.146127 -0.346000 0.186689 0.226761 -7.083177 4.654285 3.404031
0.091000 0.659619 -0.188308 0.146355 -0.353108 0.191377 0.230162 -7.131733 4.722282 3.397540
0.092000 0.659263 -0.188114 0.146587 -0.360263 0.196134 0.233556 -7.178404 4.790340 3.389507
0.093000 0.658899 -0.187916 0.146822 -0.367464 0.200958 0.236941 -7.223191 4.858433 3.379968
0.094000 0.658528 -0.187712 0.147061 -0.374709 0.205851 0.240316 -7.266181 4.926571 3.369035
0.095000 0.658149 -0.187504 0.147303 -0.381997 0.210811 0.243679 -7.307360 4.994717 3.356743
0.096000 0.657764 -0.187291 0.147548 -0.389324 0.215840 0.247030 -7.346595 5.062769 3.343040
0.097000 0.657371 -0.187072 0.147797 -0.396690 0.220937 0.250365 -7.383786 5.130630 3.327908
0.098000 0.656970 -0.186849 0.148049 -0.404092 0.226101 0.253685 -7.418913 5.198239 3.311386
0.099000 0.656563 -0.186620 0.148304 -0.411528 0.231333 0.256988 -7.451972 5.265560 3.293495
0.100000 0.656147 -0.186386 0.148563 -0.418996 0.236632 0.260272 -7.483001 5.332615 3.274220
0.101000 0.655725 -0.186147 0.148825 -0.426494 0.241999 0.263537 -7.512053 5.399455 3.253527
0.102000 0.655294 -0.185902 0.149090 -0.434020 0.247431 0.266779 -7.539076 5.466066 3.231335
0.103000 0.654857 -0.185652 0.149358 -0.441572 0.252931 0.269999 -7.563945 5.532383 3.207580
0.104000 0.654411 -0.185396 0.149630 -0.449148 0.258496 0.273195 -7.586664 5.598404 3.182342
0.105000 0.653958 -0.185135 0.149905 -0.456745 0.264127 0.276364 -7.607343 5.664188 3.155799
0.106000 0.653498 -0.184868 0.150183 -0.464362 0.269825 0.279506 -7.625971 5.729718 3.128028
0.107000 0.653030 -0.184595 0.150464 -0.471997 0.275587 0.282620 -7.642406 5.794889 3.098985
0.108000 0.652554 -0.184317 0.150748 -0.479647 0.281414 0.285704 -7.656575 5.859601 3.068646
0.109000 0.652070 -0.184033 0.151035 -0.487310 0.287306 0.288757 -7.668519 5.923806 3.037052
0.110000 0.651579 -0.183742 0.151325 -0.494984 0.293262 0.291778 -7.678285 5.987480 3.004225
0.111000 0.651080 -0.183446 0.151619 -0.502667 0.299281 0.294766 -7.685947 6.050658 2.970152
0.112000 0.650574 -0.183144 0.151915 -0.510356 0.305363 0.297719 -7.691586 6.113399 2.934800
0.113000 0.650060 -0.182835 0.152214 -0.518050 0.311508 0.300635 -7.695149 6.175683 2.898083
0.114000 0.649538 -0.182521 0.152516 -0.525746 0.317715 0.303515 -7.696504 6.237411 2.859923
0.115000 0.649008 -0.182200 0.152821 -0.533443 0.323983 0.306355 -7.695678 6.298549 2.820395
0.116000 0.648471 -0.181873 0.153129 -0.541138 0.330312 0.309155 -7.692836 6.359124 2.779678
0.117000 0.647926 -0.181539 0.153439 -0.548829 0.336701 0.311915 -7.687991 6.419087 2.737848
0.118000 0.647373 -0.181199 0.153753 -0.556514 0.343150 0.314631 -7.680980 6.478295 2.694856
0.119000 0.646813 -0.180853 0.154069 -0.564191 0.349658 0.317304 -7.671705 6.536638 2.650702
0.120000 0.646245 -0.180500 0.154387 -0.571857 0.356223 0.319933 -7.660198 6.594072 2.605468
0.121000 0.645669 -0.180140 0.154709 -0.579511 0.362846 0.322515 -7.646517 6.650591 2.559226
0.122000 0.645086 -0.179774 0.155032 -0.587150 0.369524 0.325051 -7.630774 6.706256 2.512031
0.123000 0.644495 -0.179401 0.155359 -0.594773 0.376258 0.327539 -7.613108 6.761167 2.463925
0.124000 0.643896 -0.179022 0.155687 -0.602376 0.383047 0.329979 -7.593494 6.815313 2.414872
0.125000 0.643290 -0.178635 0.156019 -0.609960 0.389889 0.332369 -7.571797 6.868590 2.364806
0.126000 0.642676 -0.178242 0.156352 -0.617520 0.396784 0.334708 -7.548072 6.920974 2.313803
0.127000 0.642055 -0.177842 0.156688 -0.625056 0.403731 0.336997 -7.522538 6.972524 2.262049
0.128000 0.641426 -0.177435 0.157026 -0.632565 0.410729 0.339233 -7.495235 7.023201 2.209619
0.129000 0.640790 -0.177020 0.157366 -0.640046 0.417777 0.341416 -7.465998 7.072851 2.156458
0.130000 0.640146 -0.176599 0.157709 -0.647497 0.424875 0.343545 -7.434758 7.121373 2.102567
0.131000 0.639495 -0.176171 0.158054 -0.654916 0.432020 0.345621 -7.401606 7.168759 2.048036
0.132000 0.638836 -0.175735 0.158400 -0.662300 0.439212 0.347642 -7.366653 7.215035 1.992938
0.133000 0.638170 -0.175292 0.158749 -0.669649 0.446450 0.349607 -7.330047 7.260295 1.937312
0.134000 0.637497 -0.174842 0.159099 -0.676960 0.453733 0.351516 -7.291953 7.304671 1.881179
0.135000 0.636816 -0.174385 0.159452 -0.684233 0.461059 0.353369 -7.252348 7.348160 1.824481
0.136000 0.636128 -0.173920 0.159806 -0.691465 0.468429 0.355165 -7.211067 7.390642 1.767151
0.137000 0.635433 -0.173448 0.160162 -0.698655 0.475841 0.356903 -7.168142 7.432099 1.709294
0.138000 0.634731 -0.172968 0.160520 -0.705801 0.483293 0.358584 -7.123780 7.472615 1.651139
0.139000 0.634022 -0.172481 0.160879 -0.712903 0.490786 0.360206 -7.078000 7.512151 1.592794
0.140000 0.633305 -0.171987 0.161240 -0.719957 0.498318 0.361769 -7.030621 7.550518 1.534215
0.141000 0.632582 -0.171485 0.161603 -0.726964 0.505887 0.363274 -6.981602 7.587567 1.475411
0.142000 0.631851 -0.170975 0.161967 -0.733921 0.513493 0.364720 -6.931052 7.623216 1.416469
0.143000 0.631114 -0.170458 0.162332 -0.740826 0.521133 0.366107 -6.878915 7.657309 1.357385
0.144000 0.630370 -0.169933 0.162699 -0.747678 0.528807 0.367435 -6.824971 7.689667 1.298048
0.145000 0.629619 -0.169400 0.163067 -0.754476 0.536513 0.368703 -6.769174 7.720310 1.238403
0.146000 0.628861 -0.168860 0.163437 -0.761217 0.544248 0.369912 -6.711690 7.749433 1.178495
0.147000 0.628096 -0.168312 0.163807 -0.767899 0.552012 0.371060 -6.652714 7.777222 1.118417
0.148000 0.627325 -0.167756 0.164179 -0.774522 0.559802 0.372149 -6.592495 7.803857 1.058353
0.149000 0.626547 -0.167192 0.164551 -0.781084 0.567619 0.373177 -6.531310 7.829511 0.998540
0.150000 0.625763 -0.166620 0.164925 -0.787585 0.575461 0.374146 -6.469186 7.854171 0.939066
0.151000 0.624972 -0.166041 0.165300 -0.794023 0.583328 0.375055 -6.405930 7.877646 0.879865
0.152000 0.624175 -0.165454 0.165675 -0.800397 0.591217 0.375905 -6.341508 7.899815 0.820905
0.153000 0.623371 -0.164859 0.166051 -0.806706 0.599127 0.376697 -6.276062 7.920649 0.762229
0.154000 0.622561 -0.164255 0.166429 -0.812949 0.607058 0.377430 -6.209545 7.940015 0.703794
0.155000 0.621745 -0.163644 0.166806 -0.819125 0.615007 0.378104 -6.141729 7.957723 0.645467
0.156000 0.620923 -0.163025 0.167185 -0.825232 0.622973 0.378721 -6.072578 7.973791 0.587182
0.157000 0.620095 -0.162398 0.167564 -0.831270 0.630955 0.379279 -6.002242 7.988397 0.528943
0.158000 0.619261 -0.161764 0.167943 -0.837237 0.638950 0.379779 -5.930681 8.001556 0.470691
0.159000 0.618420 -0.161121 0.168323 -0.843131 0.646958 0.380220 -5.857683 8.013118 0.412341
0.160000 0.617574 -0.160470 0.168704 -0.848952 0.654976 0.380603 -5.783268 8.023082 0.353975
0.161000 0.616722 -0.159811 0.169085 -0.854698 0.663004 0.380928 -5.707714 8.031627 0.295820
0.162000 0.615865 -0.159144 0.169466 -0.860368 0.671040 0.381195 -5.631278 8.038881 0.238061
0.163000 0.615002 -0.158469 0.169847 -0.865960 0.679082 0.381404 -5.554178 8.044886 0.180806
0.164000 0.614133 -0.157785 0.170228 -0.871476 0.687129 0.381557 -5.476613 8.049636 0.124120
0.165000 0.613259 -0.157094 0.170610 -0.876914 0.695181 0.381653 -5.398525 8.052970 0.067957
0.166000 0.612379 -0.156395 0.170992 -0.882273 0.703235 0.381692 -5.319654 8.054673 0.012179
0.167000 0.611494 -0.155688 0.171373 -0.887553 0.711290 0.381677 -5.239931 8.054783 -0.043285
0.168000 0.610604 -0.154972 0.171755 -0.892753 0.719345 0.381606 -5.159537 8.053573 -0.098403
0.169000 0.609709 -0.154249 0.172137 -0.897872 0.727398 0.381480 -5.078678 8.051300 -0.153095
0.170000 0.608808 -0.153518 0.172518 -0.902910 0.735448 0.381300 -4.997620 8.048195 -0.207186
0.171000 0.607903 -0.152778 0.172899 -0.907867 0.743494 0.381066 -4.916655 8.044477 -0.260452
0.172000 0.606993 -0.152031 0.173280 -0.912743 0.751537 0.380779 -4.835797 8.040121 -0.312812
0.173000 0.606077 -0.151275 0.173661 -0.917539 0.759574 0.380440 -4.754810 8.034868 -0.364352
0.174000 0.605158 -0.150512 0.174041 -0.922253 0.767606 0.380050 -4.673649 8.028536 -0.415133
0.175000 0.604233 -0.149740 0.174421 -0.926886 0.775631 0.379610 -4.592470 8.021060 -0.465152
0.176000 0.603304 -0.148960 0.174800 -0.931438 0.783648 0.379120 -4.511217 8.012251 -0.514481
0.177000 0.602370 -0.148173 0.175179 -0.935909 0.791656 0.378581 -4.429616 8.001870 -0.563277
0.178000 0.601432 -0.147377 0.175557 -0.940297 0.799652 0.377993 -4.347600 7.989972 -0.611634
0.179000 0.600489 -0.146573 0.175935 -0.944604 0.807636 0.377358 -4.265310 7.976838 -0.659581
0.180000 0.599543 -0.145762 0.176312 -0.948828 0.815606 0.376674 -4.182674 7.962524 -0.707205
0.181000 0.598592 -0.144942 0.176688 -0.952969 0.823561 0.375943 -4.099434 7.946863 -0.754607
0.182000 0.597637 -0.144115 0.177064 -0.957027 0.831500 0.375165 -4.015582 7.929872 -0.801729
0.183000 0.596678 -0.143279 0.177439 -0.961000 0.839421 0.374340 -3.931398 7.911805 -0.848377
0.184000 0.595715 -0.142436 0.177813 -0.964890 0.847323 0.373468 -3.847141 7.892846 -0.894405
0.185000 0.594748 -0.141584 0.178186 -0.968695 0.855206 0.372551 -3.763034 7.873066 -0.939761
0.186000 0.593777 -0.140725 0.178558 -0.972416 0.863069 0.371589 -3.679281 7.852467 -0.984440
0.187000 0.592803 -0.139858 0.178929 -0.976053 0.870911 0.370582 -3.595806 7.830857 -1.028534
0.188000 0.591825 -0.138984 0.179299 -0.979607 0.878731 0.369532 -3.512313 7.807971 -1.072213
0.189000 0.590844 -0.138101 0.179668 -0.983078 0.886527 0.368438 -3.428719 7.783865 -1.115588
0.190000 0.589859 -0.137210 0.180036 -0.986465 0.894299 0.367300 -3.345155 7.758833 -1.158715
0.191000 0.588871 -0.136312 0.180403 -0.989768 0.902045 0.366120 -3.261536 7.732929 -1.201694
0.192000 0.587880 -0.135406 0.180768 -0.992988 0.909765 0.364897 -3.177583 7.705951 -1.244615
0.193000 0.586885 -0.134493 0.181132 -0.996123 0.917457 0.363631 -3.093277 7.677889 -1.287387
0.194000 0.585887 -0.133571 0.181495 -0.999174 0.925120 0.362322 -3.008894 7.648982 -1.329770
0.195000 0.584887 -0.132643 0.181857 -1.002141 0.932755 0.360971 -2.924691 7.619393 -1.371581
0.196000 0.583883 -0.131706 0.182217 -1.005024 0.940359 0.359579 -2.840892 7.589153 -1.412746
0.197000 0.582877 -0.130762 0.182576 -1.007823 0.947933 0.358146 -2.757699 7.558220 -1.453245
0.198000 0.581867 -0.129810 0.182934 -1.010539 0.955476 0.356673 -2.675029 7.526352 -1.493160
0.199000 0.580856 -0.128851 0.183290 -1.013173 0.962986 0.355160 -2.592572 7.493253 -1.532644
0.200000 0.579841 -0.127884 0.183644 -1.015724 0.970462 0.353607 -2.510240 7.458997 -1.571798
0.201000 0.578824 -0.126910 0.183997 -1.018193 0.977904 0.352016 -2.428165 7.423935 -1.610661
0.202000 0.577805 -0.125928 0.184348 -1.020581 0.985310 0.350386 -2.346259 7.388147 -1.649323
0.203000 0.576783 -0.124939 0.184697 -1.022886 0.992680 0.348717 -2.264233 7.351432 -1.687881
0.204000 0.575759 -0.123943 0.185045 -1.025109 1.000013 0.347010 -2.182063 7.313807 -1.726277
0.205000 0.574733 -0.122939 0.185392 -1.027250 1.007308 0.345265 -2.099976 7.275526 -1.764341
0.206000 0.573704 -0.121928 0.185736 -1.029309 1.014564 0.343482 -2.017948 7.236574 -1.802012
0.207000 0.572674 -0.120910 0.186078 -1.031286 1.021781 0.341661 -1.935690 7.196608 -1.839381
0.208000 0.571642 -0.119885 0.186419 -1.033180 1.028957 0.339803 -1.853126 7.155386 -1.876527
0.209000 0.570608 -0.118852 0.186758 -1.034992 1.036092 0.337908 -1.770463 7.112895 -1.913460
0.210000 0.569572 -0.117813 0.187095 -1.036721 1.043183 0.335976 -1.687897 7.069224 -1.950191
0.211000 0.568534 -0.116766 0.187430 -1.038368 1.050230 0.334007 -1.605606 7.024656 -1.986725
0.212000 0.567495 -0.115712 0.187763 -1.039932 1.057232 0.332002 -1.523758 6.979575 -2.023068
0.213000 0.566454 -0.114651 0.188094 -1.041415 1.064189 0.329961 -1.442244 6.934043 -2.059292
0.214000 0.565412 -0.113584 0.188423 -1.042817 1.071100 0.327884 -1.360752 6.887830 -2.095483
0.215000 0.564369 -0.112509 0.188750 -1.044137 1.077965 0.325770 -1.279241 6.840958 -2.131591
0.216000 0.563324 -0.111428 0.189075 -1.045375 1.084782 0.323621 -1.197918 6.793706 -2.167458
0.217000 0.562278 -0.110340 0.189397 -1.046533 1.091552 0.321435 -1.116742 6.746061 -2.203028
0.218000 0.561231 -0.109245 0.189717 -1.047609 1.098274 0.319215 -1.035417 6.697647 -2.238380
0.219000 0.560183 -0.108143 0.190035 -1.048604 1.104947 0.316959 -0.953877 6.648177 -2.273574
0.220000 0.559134 -0.107035 0.190351 -1.049517 1.111571 0.314667 -0.872349 6.597603 -2.308600
0.221000 0.558084 -0.105920 0.190665 -1.050348 1.118143 0.312341 -0.791048 6.545997 -2.343456
0.222000 0.557033 -0.104799 0.190976 -1.051099 1.124663 0.309980 -0.710175 6.493654 -2.378151
0.223000 0.555982 -0.103671 0.191285 -1.051769 1.131130 0.307585 -0.629923 6.440990 -2.412700
0.224000 0.554930 -0.102536 0.191591 -1.052359 1.137545 0.305155 -0.550193 6.388073 -2.447178
0.225000 0.553877 -0.101396 0.191895 -1.052869 1.143906 0.302691 -0.470676 6.334652 -2.481658
0.226000 0.552824 -0.100248 0.192197 -1.053300 1.150214 0.300192 -0.391320 6.280736 -2.516066
0.227000 0.551770 -0.099095 0.192495 -1.053652 1.156468 0.297659 -0.312323 6.226600 -2.550219
0.228000 0.550716 -0.097936 0.192792 -1.053925 1.162667 0.295091 -0.233639 6.172216 -2.584039
0.229000 0.549662 -0.096770 0.193086 -1.054119 1.168812 0.292490 -0.154974 6.117179 -2.617589
0.230000 0.548608 -0.095598 0.193377 -1.054235 1.174901 0.289856 -0.076281 6.061187 -2.650929
0.231000 0.547554 -0.094420 0.193665 -1.054272 1.180934 0.287189 0.002188 6.004197 -2.684056
0.232000 0.546500 -0.093236 0.193951 -1.054230 1.186910 0.284488 0.080193 5.946306 -2.716966
0.233000 0.545446 -0.092046 0.194234 -1.054111 1.192827 0.281755 0.157530 5.887865 -2.749652
0.234000 0.544391 -0.090850 0.194515 -1.053915 1.198686 0.278989 0.234009 5.829363 -2.782105
0.235000 0.543338 -0.089649 0.194792 -1.053643 1.204486 0.276190 0.309729 5.770904 -2.814372
0.236000 0.542284 -0.088441 0.195067 -1.053296 1.210227 0.273360 0.385015 5.712238 -2.846522
0.237000 0.541231 -0.087228 0.195339 -1.052873 1.215910 0.270497 0.459943 5.653362 -2.878502
0.238000 0.540178 -0.086010 0.195608 -1.052376 1.221534 0.267603 0.534349 5.594557 -2.910169
0.239000 0.539126 -0.084785 0.195874 -1.051804 1.227099 0.264677 0.608306 5.535784 -2.941468
0.240000 0.538075 -0.083555 0.196137 -1.051159 1.232606 0.261720 0.682114 5.476604 -2.972464
0.241000 0.537024 -0.082320 0.196398 -1.050440 1.238053 0.258732 0.755822 5.416682 -3.003215
0.242000 0.535974 -0.081079 0.196655 -1.049648 1.243439 0.255714 0.829229 5.355869 -3.033736
0.243000 0.534925 -0.079833 0.196909 -1.048782 1.248764 0.252665 0.902383 5.293830 -3.064086
0.244000 0.533876 -0.078582 0.197160 -1.047843 1.254027 0.249585 0.975593 5.230164 -3.094360
0.245000 0.532829 -0.077325 0.197408 -1.046831 1.259225 0.246476 1.048953 5.164956 -3.124585
0.246000 0.531783 -0.076063 0.197653 -1.045745 1.264357 0.243336 1.122267 5.098722 -3.154714
0.247000 0.530738 -0.074796 0.197895 -1.044586 1.269422 0.240167 1.195332 5.031941 -3.184669
0.248000 0.529694 -0.073524 0.198134 -1.043354 1.274421 0.236967 1.267928 4.965025 -3.214323
0.249000 0.528651 -0.072248 0.198369 -1.042050 1.279352 0.233738 1.339823 4.898348 -3.243523
0.250000 0.527609 -0.070966 0.198601 -1.040675 1.284217 0.230480 1.411080 4.831868 -3.272204
0.251000 0.526569 -0.069679 0.198830 -1.039228 1.289016 0.227193 1.481991 4.765133 -3.300410
0.252000 0.525531 -0.068388 0.199055 -1.037711 1.293747 0.223879 1.552591 4.697806 -3.328166
0.253000 0.524494 -0.067092 0.199278 -1.036123 1.298411 0.220537 1.622669 4.629751 -3.355454
0.254000 0.523459 -0.065791 0.199496 -1.034465 1.303007 0.217168 1.692261 4.560632 -3.382299
0.255000 0.522425 -0.064486 0.199712 -1.032738 1.307533 0.213773 1.761673 4.490039 -3.408760
0.256000 0.521393 -0.063176 0.199924 -1.030942 1.311987 0.210351 1.831009 4.418055 -3.434832
0.257000 0.520363 -0.061862 0.200133 -1.029076 1.316369 0.206903 1.900153 4.345140 -3.460449
0.258000 0.519335 -0.060543 0.200338 -1.027142 1.320677 0.203430 1.969209 4.271390 -3.485599
0.259000 0.518309 -0.059220 0.200539 -1.025138 1.324912 0.199932 2.038496 4.196522 -3.510329
0.260000 0.517285 -0.057893 0.200738 -1.023065 1.329070 0.196409 2.108091 4.120531 -3.534642
0.261000 0.516263 -0.056562 0.200932 -1.020922 1.333153 0.192862 2.177774 4.043782 -3.558486
0.262000 0.515243 -0.055227 0.201123 -1.018709 1.337158 0.189292 2.247309 3.966531 -3.581809
0.263000 0.514225 -0.053888 0.201311 -1.016427 1.341086 0.185699 2.316424 3.888849 -3.604573
0.264000 0.513210 -0.052545 0.201495 -1.014076 1.344936 0.182083 2.384830 3.810702 -3.626745
0.265000 0.512197 -0.051198 0.201675 -1.011657 1.348707 0.178445 2.452542 3.731761 -3.648339
0.266000 0.511187 -0.049847 0.201852 -1.009171 1.352399 0.174786 2.519844 3.651601 -3.669399
0.267000 0.510179 -0.048493 0.202025 -1.006618 1.356010 0.171107 2.586817 3.570291 -3.689908
0.268000 0.509174 -0.047135 0.202194 -1.003997 1.359540 0.167406 2.653322 3.488279 -3.709796
0.269000 0.508171 -0.045774 0.202359 -1.001311 1.362987 0.163687 2.719442 3.405651 -3.729041
0.270000 0.507171 -0.044409 0.202521 -0.998559 1.366351 0.159948 2.785492 3.322110 -3.747670
0.271000 0.506174 -0.043041 0.202679 -0.995740 1.369631 0.156192 2.851575 3.237665 -3.765677
0.272000 0.505180 -0.041670 0.202834 -0.992855 1.372826 0.152417 2.917514 3.152708 -3.783002
0.273000 0.504188 -0.040296 0.202984 -0.989905 1.375937 0.148626 2.983106 3.067520 -3.799593
0.274000 0.503200 -0.038918 0.203131 -0.986889 1.378961 0.144818 3.048098 2.982179 -3.815408
0.275000 0.502214 -0.037538 0.203274 -0.983809 1.381901 0.140995 3.112209 2.896649 -3.830408
0.276000 0.501232 -0.036154 0.203413 -0.980665 1.384755 0.137157 3.175453 2.810594 -3.844597
0.277000 0.500253 -0.034768 0.203548 -0.977458 1.387522 0.133306 3.238103 2.723574 -3.857996
0.278000 0.499277 -0.033379 0.203680 -0.974189 1.390202 0.129441 3.300240 2.635648 -3.870577
0.279000 0.498305 -0.031988 0.203807 -0.970857 1.392793 0.125564 3.361725 2.547267 -3.882264
0.280000 0.497335 -0.030594 0.203931 -0.967465 1.395296 0.121677 3.422638 2.458510 -3.893023
0.281000 0.496370 -0.029197 0.204050 -0.964012 1.397710 0.117778 3.483282 2.369069 -3.902895
0.282000 0.495407 -0.027798 0.204166 -0.960499 1.400035 0.113871 3.543752 2.278947 -3.911935
0.283000 0.494449 -0.026397 0.204278 -0.956925 1.402268 0.109954 3.603875 2.188547 -3.920180
0.284000 0.493494 -0.024994 0.204386 -0.953291 1.404412 0.106030 3.663447 2.098164 -3.927648
0.285000 0.492542 -0.023588 0.204490 -0.949598 1.406465 0.102099 3.722217 2.007909 -3.934323
0.286000 0.491594 -0.022181 0.204590 -0.945846 1.408427 0.098162 3.779902 1.917791 -3.940166
0.287000 0.490650 -0.020772 0.204686 -0.942038 1.410300 0.094219 3.836508 1.827496 -3.945163
0.288000 0.489710 -0.019360 0.204779 -0.938173 1.412082 0.090271 3.892291 1.736579 -3.949305
0.289000 0.488774 -0.017947 0.204867 -0.934253 1.413773 0.086320 3.947319 1.645080 -3.952523
0.290000 0.487842 -0.016533 0.204951 -0.930279 1.415373 0.082366 4.001451 1.553425 -3.954699
0.291000 0.486914 -0.015117 0.205032 -0.926250 1.416880 0.078411 4.054756 1.461670 -3.955764
0.292000 0.485989 -0.013699 0.205108 -0.922169 1.418296 0.074455 4.107527 1.369487 -3.955744
0.293000 0.485069 -0.012280 0.205181 -0.918035 1.419619 0.070499 4.159871 1.276859 -3.954730
0.294000 0.484153 -0.010860 0.205249 -0.913850 1.420850 0.066545 4.211701 1.184102 -3.952826
0.295000 0.483241 -0.009438 0.205314 -0.909612 1.421987 0.062594 4.263112 1.091176 -3.950121
0.296000 0.482334 -0.008016 0.205374 -0.905323 1.423032 0.058645 4.314362 0.997613 -3.946667
0.297000 0.481431 -0.006592 0.205431 -0.900983 1.423983 0.054700 4.365444 0.903131 -3.942474
0.298000 0.480532 -0.005168 0.205484 -0.896592 1.424838 0.050760 4.416066 0.807793 -3.937521
0.299000 0.479638 -0.003743 0.205533 -0.892151 1.425598 0.046825 4.465968 0.711772 -3.931758
0.300000 0.478748 -0.002317 0.205577 -0.887660 1.426262 0.042897 4.514945 0.615438 -3.925083
0.301000 0.477862 -0.000890 0.205618 -0.883121 1.426829 0.038975 4.562822 0.519270 -3.917369
0.302000 0.476981 0.000537 0.205655 -0.878535 1.427300 0.035062 4.609678 0.423314 -3.908531
0.303000 0.476105 0.001965 0.205688 -0.873902 1.427676 0.031158 4.655798 0.327232 -3.898587
0.304000 0.475234 0.003392 0.205718 -0.869223 1.427955 0.027265 4.701301 0.230995 -3.887635
0.305000 0.474367 0.004820 0.205743 -0.864499 1.428138 0.023383 4.746117 0.134912 -3.875808
0.306000 0.473505 0.006249 0.205764 -0.859731 1.428225 0.019513 4.790351 0.038935 -3.863203
0.307000 0.472647 0.007677 0.205782 -0.854919 1.428216 0.015656 4.834250 -0.057410 -3.849863
0.308000 0.471795 0.009105 0.205796 -0.850062 1.428110 0.011813 4.877815 -0.154411 -3.835784
0.309000 0.470947 0.010533 0.205806 -0.845163 1.427907 0.007985 4.920774 -0.252010 -3.820940
0.310000 0.470105 0.011961 0.205812 -0.840221 1.427606 0.004172 4.962877 -0.350051 -3.805285
0.311000 0.469267 0.013388 0.205814 -0.835237 1.427207 0.000374 5.003916 -0.448189 -3.788738
0.312000 0.468434 0.014815 0.205813 -0.830213 1.426709 -0.003406 5.043703 -0.545981 -3.771197
0.313000 0.467606 0.016242 0.205807 -0.825150 1.426115 -0.007168 5.082294 -0.643407 -3.752595
0.314000 0.466784 0.017668 0.205798 -0.820049 1.425423 -0.010911 5.119965 -0.740816 -3.732957
0.315000 0.465966 0.019093 0.205785 -0.814910 1.424633 -0.014634 5.156860 -0.838235 -3.712422
0.316000 0.465154 0.020517 0.205769 -0.809735 1.423746 -0.018336 5.192907 -0.935281 -3.691182
0.317000 0.464347 0.021940 0.205749 -0.804524 1.422762 -0.022016 5.227981 -1.031640 -3.669374
0.318000 0.463545 0.023362 0.205725 -0.799279 1.421683 -0.025675 5.261858 -1.127116 -3.647039
0.319000 0.462748 0.024783 0.205697 -0.794000 1.420508 -0.029310 5.294260 -1.221585 -3.624164
0.320000 0.461957 0.026203 0.205666 -0.788690 1.419240 -0.032923 5.325152 -1.315273 -3.600720
0.321000 0.461171 0.027622 0.205632 -0.783350 1.417878 -0.036512 5.354737 -1.408615 -3.576655
0.322000 0.460390 0.029039 0.205593 -0.777981 1.416422 -0.040076 5.383064 -1.501622 -3.551885
0.323000 0.459615 0.030455 0.205551 -0.772584 1.414874 -0.043616 5.410013 -1.593941 -3.526304
0.324000 0.458845 0.031869 0.205506 -0.767161 1.413235 -0.047129 5.435638 -1.685571 -3.499833
0.325000 0.458081 0.033281 0.205457 -0.761713 1.411503 -0.050615 5.460213 -1.776879 -3.472478
0.326000 0.457322 0.034692 0.205405 -0.756240 1.409681 -0.054074 5.483901 -1.867932 -3.444367
0.327000 0.456568 0.036101 0.205349 -0.750745 1.407767 -0.057504 5.506729 -1.958472 -3.415687
0.328000 0.455820 0.037507 0.205290 -0.745227 1.405764 -0.060905 5.528848 -2.048574 -3.386565
0.329000 0.455078 0.038912 0.205227 -0.739687 1.403670 -0.064277 5.550487 -2.138670 -3.357035
0.330000 0.454341 0.040315 0.205161 -0.734126 1.401487 -0.067619 5.571620 -2.228926 -3.327100
0.331000 0.453609 0.041715 0.205092 -0.728544 1.399212 -0.070931 5.591973 -2.319132 -3.296761
0.332000 0.452884 0.043113 0.205019 -0.722942 1.396848 -0.074213 5.611301 -2.409040 -3.265992
0.333000 0.452163 0.044509 0.204943 -0.717321 1.394394 -0.077463 5.629412 -2.498341 -3.234717
0.334000 0.451449 0.045902 0.204864 -0.711683 1.391852 -0.080682 5.646146 -2.586688 -3.202832
0.335000 0.450740 0.047292 0.204782 -0.706029 1.389221 -0.083869 5.661554 -2.674136 -3.170249
0.336000 0.450037 0.048680 0.204697 -0.700360 1.386503 -0.087023 5.675889 -2.761070 -3.136969
0.337000 0.449339 0.050065 0.204608 -0.694677 1.383699 -0.090143 5.689310 -2.847564 -3.103138
0.338000 0.448648 0.051448 0.204516 -0.688981 1.380808 -0.093229 5.701853 -2.933368 -3.068975
0.339000 0.447961 0.052827 0.204422 -0.683274 1.377832 -0.096281 5.713661 -3.018557 -3.034626
0.340000 0.447281 0.054203 0.204324 -0.677554 1.374771 -0.099298 5.724945 -3.103535 -3.000119
0.341000 0.446606 0.055577 0.204223 -0.671824 1.371625 -0.102281 5.735672 -3.188416 -2.965452
0.342000 0.445937 0.056947 0.204119 -0.666083 1.368394 -0.105229 5.745580 -3.272931 -2.930629
0.343000 0.445274 0.058313 0.204013 -0.660333 1.365079 -0.108142 5.754433 -3.356798 -2.895623
0.344000 0.444617 0.059677 0.203903 -0.654574 1.361681 -0.111020 5.762050 -3.439719 -2.860363
0.345000 0.443965 0.061037 0.203791 -0.648808 1.358200 -0.113863 5.768282 -3.521380 -2.824745
0.346000 0.443319 0.062393 0.203675 -0.643037 1.354638 -0.116670 5.773172 -3.601857 -2.788678
0.347000 0.442679 0.063746 0.203557 -0.637262 1.350996 -0.119441 5.776952 -3.681534 -2.752152
0.348000 0.442045 0.065095 0.203436 -0.631483 1.347275 -0.122174 5.779777 -3.760476 -2.715306
0.349000 0.441416 0.066441 0.203313 -0.625703 1.343475 -0.124871 5.781685 -3.838437 -2.678363
0.350000 0.440793 0.067782 0.203187 -0.619920 1.339598 -0.127531 5.782817 -3.915478 -2.641465
0.351000 0.440176 0.069120 0.203058 -0.614137 1.335644 -0.130154 5.783360 -3.991990 -2.604631
0.352000 0.439565 0.070453 0.202926 -0.608353 1.331614 -0.132740 5.783275 -4.068076 -2.567854
0.353000 0.438959 0.071783 0.202792 -0.602570 1.327508 -0.135290 5.782342 -4.143540 -2.531143
0.354000 0.438360 0.073108 0.202656 -0.596789 1.323327 -0.137803 5.780505 -4.218481 -2.494468
0.355000 0.437766 0.074430 0.202517 -0.591009 1.319071 -0.140279 5.777900 -4.293294 -2.457738
0.356000 0.437178 0.075747 0.202375 -0.585233 1.314740 -0.142718 5.774555 -4.368068 -2.420824
0.357000 0.436595 0.077059 0.202231 -0.579460 1.310335 -0.145120 5.770339 -4.442520 -2.383607
0.358000 0.436019 0.078367 0.202085 -0.573692 1.305855 -0.147485 5.765168 -4.516367 -2.346071
0.359000 0.435448 0.079671 0.201936 -0.567930 1.301302 -0.149812 5.759043 -4.589339 -2.308379
0.360000 0.434883 0.080970 0.201785 -0.562174 1.296677 -0.152102 5.752009 -4.661171 -2.270794
0.361000 0.434324 0.082264 0.201632 -0.556426 1.291980 -0.154354 5.744224 -4.731955 -2.233482
0.362000 0.433770 0.083554 0.201477 -0.550686 1.287213 -0.156569 5.735864 -4.802056 -2.196457
0.363000 0.433222 0.084839 0.201319 -0.544954 1.282376 -0.158747 5.726885 -4.871509 -2.159689
0.364000 0.432680 0.086119 0.201159 -0.539232 1.277470 -0.160888 5.717073 -4.940037 -2.123161
0.365000 0.432144 0.087394 0.200997 -0.533520 1.272496 -0.162993 5.706365 -5.007672 -2.086822
0.366000 0.431613 0.088664 0.200833 -0.527819 1.267454 -0.165062 5.694888 -5.074790 -2.050576
0.367000 0.431088 0.089929 0.200667 -0.522130 1.262346 -0.167094 5.682687 -5.141532 -2.014320
0.368000 0.430569 0.091188 0.200499 -0.516454 1.257171 -0.169091 5.669696 -5.207770 -1.977961
0.369000 0.430055 0.092443 0.200329 -0.510791 1.251930 -0.171050 5.655967 -5.273644 -1.941404
0.370000 0.429547 0.093692 0.200157 -0.505142 1.246624 -0.172973 5.641693 -5.339549 -1.904617
0.371000 0.429045 0.094936 0.199983 -0.499507 1.241251 -0.174860 5.627009 -5.405590 -1.867715
0.372000 0.428548 0.096175 0.199807 -0.493888 1.235813 -0.176709 5.611932 -5.471510 -1.830912
0.373000 0.428057 0.097408 0.199629 -0.488284 1.230308 -0.178521 5.596419 -5.537023 -1.794367
0.374000 0.427572 0.098635 0.199450 -0.482695 1.224739 -0.180298 5.580332 -5.601789 -1.758147
0.375000 0.427092 0.099857 0.199269 -0.477123 1.219105 -0.182038 5.563477 -5.665441 -1.722267
0.376000 0.426617 0.101073 0.199086 -0.471568 1.213408 -0.183742 5.545809 -5.727981 -1.686680
0.377000 0.426149 0.102284 0.198901 -0.466031 1.207649 -0.185411 5.527434 -5.789760 -1.651279
0.378000 0.425685 0.103489 0.198715 -0.460513 1.201828 -0.187045 5.508368 -5.850912 -1.615945
0.379000 0.425228 0.104688 0.198527 -0.455015 1.195947 -0.188643 5.488519 -5.911322 -1.580563
0.380000 0.424775 0.105881 0.198338 -0.449536 1.190006 -0.190206 5.467906 -5.971123 -1.545020
0.381000 0.424329 0.107068 0.198147 -0.444079 1.184005 -0.191733 5.446696 -6.030704 -1.509264
0.382000 0.423887 0.108249 0.197954 -0.438643 1.177944 -0.193224 5.425015 -6.090187 -1.473393
0.383000 0.423451 0.109424 0.197760 -0.433229 1.171824 -0.194680 5.402890 -6.149361 -1.437606
0.384000 0.423021 0.110592 0.197565 -0.427837 1.165646 -0.196100 5.380294 -6.207972 -1.402065
0.385000 0.422596 0.111755 0.197368 -0.422468 1.159408 -0.197484 5.357099 -6.265702 -1.366870
0.386000 0.422176 0.112911 0.197170 -0.417123 1.153114 -0.198833 5.333123 -6.322191 -1.332086
0.387000 0.421761 0.114061 0.196971 -0.411802 1.146764 -0.200148 5.308322 -6.377436 -1.297705
0.388000 0.421352 0.115205 0.196770 -0.406506 1.140359 -0.201429 5.282804 -6.431772 -1.263634
0.389000 0.420948 0.116342 0.196568 -0.401236 1.133901 -0.202675 5.256632 -6.485350 -1.229765
0.390000 0.420550 0.117472 0.196364 -0.395993 1.127389 -0.203888 5.229793 -6.538088 -1.196004
0.391000 0.420156 0.118597 0.196160 -0.390777 1.120824 -0.205067 5.202351 -6.590135 -1.162244
0.392000 0.419768 0.119714 0.195954 -0.385588 1.114208 -0.206213 5.174467 -6.641875 -1.128421
0.393000 0.419385 0.120825 0.195748 -0.380428 1.107541 -0.207324 5.146244 -6.693443 -1.094593
0.394000 0.419007 0.121929 0.195540 -0.375296 1.100821 -0.208402 5.117690 -6.744664 -1.060909
0.395000 0.418635 0.123027 0.195331 -0.370192 1.094051 -0.209446 5.088776 -6.795302 -1.027484
0.396000 0.418267 0.124117 0.195121 -0.365118 1.087231 -0.210457 5.059407 -6.845026 -0.994368
0.397000 0.417904 0.125201 0.194910 -0.360074 1.080361 -0.211435 5.029448 -6.893445 -0.961577
0.398000 0.417547 0.126278 0.194698 -0.355059 1.073444 -0.212380 4.998877 -6.940515 -0.929066
0.399000 0.417194 0.127348 0.194485 -0.350076 1.066480 -0.213293 4.967787 -6.986541 -0.896730
0.400000 0.416847 0.128411 0.194271 -0.345124 1.059471 -0.214174 4.936217 -7.031680 -0.864474
0.401000 0.416504 0.129467 0.194057 -0.340203 1.052417 -0.215022 4.904133 -7.075880 -0.832226
0.402000 0.416166 0.130516 0.193841 -0.335315 1.045319 -0.215838 4.871572 -7.119301 -0.799895
0.403000 0.415833 0.131558 0.193625 -0.330460 1.038178 -0.216622 4.838660 -7.162310 -0.767416
0.404000 0.415505 0.132592 0.193408 -0.325638 1.030994 -0.217373 4.805473 -7.205054 -0.734837
0.405000 0.415182 0.133620 0.193190 -0.320849 1.023768 -0.218091 4.772005 -7.247389 -0.702300
0.406000 0.414864 0.134640 0.192972 -0.316094 1.016500 -0.218777 4.738218 -7.289111 -0.669906
0.407000 0.414550 0.135653 0.192753 -0.311373 1.009190 -0.219431 4.704026 -7.329920 -0.637699
0.408000 0.414241 0.136658 0.192533 -0.306686 1.001840 -0.220053 4.669311 -7.369458 -0.605685
0.409000 0.413937 0.137656 0.192313 -0.302034 0.994451 -0.220643 4.634052 -7.407686 -0.573813
0.410000 0.413637 0.138647 0.192092 -0.297418 0.987024 -0.221200 4.598333 -7.444894 -0.541979
0.411000 0.413342 0.139630 0.191870 -0.292838 0.979561 -0.221726 4.562195 -7.481243 -0.510107
0.412000 0.413051 0.140606 0.191648 -0.288294 0.972062 -0.222221 4.525621 -7.516705 -0.478150
0.413000 0.412765 0.141574 0.191426 -0.283786 0.964528 -0.222683 4.488652 -7.551442 -0.446035
0.414000 0.412484 0.142535 0.191203 -0.279316 0.956959 -0.223113 4.451405 -7.585795 -0.413687
0.415000 0.412206 0.143488 0.190980 -0.274883 0.949356 -0.223510 4.413958 -7.619886 -0.381128
0.416000 0.411934 0.144434 0.190756 -0.270488 0.941719 -0.223875 4.376328 -7.653565 -0.348458
0.417000 0.411666 0.145372 0.190532 -0.266131 0.934049 -0.224207 4.338500 -7.686631 -0.315760
0.418000 0.411402 0.146302 0.190307 -0.261811 0.926346 -0.224506 4.300408 -7.718800 -0.283085
0.419000 0.411142 0.147224 0.190083 -0.257530 0.918611 -0.224773 4.261959 -7.749737 -0.250469
0.420000 0.410886 0.148139 0.189858 -0.253287 0.910847 -0.225007 4.223138 -7.779404 -0.217879
0.421000 0.410635 0.149046 0.189633 -0.249084 0.903053 -0.225209 4.184021 -7.808059 -0.185218
0.422000 0.410388 0.149945 0.189407 -0.244919 0.895230 -0.225378 4.144658 -7.835839 -0.152407
0.423000 0.410145 0.150837 0.189182 -0.240794 0.887381 -0.225514 4.105051 -7.862702 -0.119395
0.424000 0.409907 0.151720 0.188956 -0.236709 0.879505 -0.225617 4.065249 -7.888782 -0.086107
0.425000 0.409672 0.152596 0.188731 -0.232664 0.871603 -0.225686 4.025351 -7.914391 -0.052464
0.426000 0.409441 0.153463 0.188505 -0.228659 0.863676 -0.225722 3.985422 -7.939646 -0.018485
0.427000 0.409215 0.154323 0.188279 -0.224693 0.855724 -0.225723 3.945482 -7.964476 0.015743
0.428000 0.408992 0.155175 0.188054 -0.220768 0.847747 -0.225690 3.905586 -7.988976 0.050200
0.429000 0.408773 0.156018 0.187828 -0.216882 0.839746 -0.225623 3.865807 -8.013374 0.084942
0.430000 0.408558 0.156854 0.187602 -0.213036 0.831721 -0.225520 3.826145 -8.037629 0.119995
0.431000 0.408347 0.157682 0.187377 -0.209230 0.823671 -0.225383 3.786527 -8.061429 0.155331
0.432000 0.408140 0.158502 0.187152 -0.205463 0.815598 -0.225210 3.746894 -8.084519 0.190931
0.433000 0.407936 0.159313 0.186927 -0.201736 0.807502 -0.225001 3.707214 -8.106760 0.226789
0.434000 0.407736 0.160117 0.186702 -0.198048 0.799384 -0.224756 3.667466 -8.128072 0.262908
0.435000 0.407540 0.160912 0.186477 -0.194401 0.791246 -0.224475 3.627683 -8.148585 0.299342
0.436000 0.407348 0.161699 0.186253 -0.190793 0.783087 -0.224157 3.587934 -8.168572 0.336166
0.437000 0.407159 0.162478 0.186029 -0.187225 0.774909 -0.223803 3.548243 -8.188124 0.373385
0.438000 0.406973 0.163249 0.185805 -0.183697 0.766711 -0.223411 3.508591 -8.207149 0.410945
0.439000 0.406791 0.164011 0.185582 -0.180208 0.758494 -0.222981 3.468995 -8.225713 0.448847
0.440000 0.406613 0.164766 0.185359 -0.176759 0.750259 -0.222513 3.429511 -8.244008 0.487144
0.441000 0.406438 0.165512 0.185137 -0.173349 0.742006 -0.222006 3.390149 -8.261987 0.525836
0.442000 0.406266 0.166250 0.184915 -0.169978 0.733735 -0.221461 3.350875 -8.279391 0.564868
0.443000 0.406098 0.166979 0.184694 -0.166647 0.725447 -0.220877 3.311697 -8.296164 0.604242
0.444000 0.405933 0.167701 0.184473 -0.163355 0.717143 -0.220253 3.272665 -8.312495 0.644030
0.445000 0.405771 0.168414 0.184253 -0.160102 0.708822 -0.219589 3.233802 -8.328478 0.684281
0.446000 0.405612 0.169118 0.184034 -0.156887 0.700486 -0.218884 3.195090 -8.344022 0.724993
0.447000 0.405457 0.169815 0.183816 -0.153712 0.692134 -0.218139 3.156515 -8.359028 0.766143
0.448000 0.405305 0.170503 0.183598 -0.150574 0.683768 -0.217352 3.118074 -8.373390 0.807681
0.449000 0.405156 0.171182 0.183381 -0.147475 0.675388 -0.216523 3.079772 -8.386992 0.849536
0.450000 0.405010 0.171853 0.183165 -0.144415 0.666994 -0.215653 3.041642 -8.399892 0.891702
0.451000 0.404867 0.172516 0.182950 -0.141392 0.658588 -0.214740 3.003724 -8.412254 0.934226
0.452000 0.404727 0.173171 0.182735 -0.138407 0.650170 -0.213784 2.965996 -8.424024 0.977100
0.453000 0.404590 0.173817 0.182522 -0.135460 0.641740 -0.212786 2.928393 -8.434956 1.020262
0.454000 0.404456 0.174454 0.182310 -0.132551 0.633300 -0.211744 2.890888 -8.444984 1.063702
0.455000 0.404325 0.175083 0.182099 -0.129678 0.624850 -0.210658 2.853521 -8.454271 1.107463
0.456000 0.404197 0.175704 0.181888 -0.126843 0.616391 -0.209529 2.816333 -8.462901 1.151533
0.457000 0.404072 0.176316 0.181680 -0.124046 0.607924 -0.208355 2.779340 -8.470798 1.195834
0.458000 0.403949 0.176920 0.181472 -0.121285 0.599450 -0.207137 2.742549 -8.477872 1.240293
0.459000 0.403829 0.177515 0.181265 -0.118561 0.590968 -0.205875 2.705945 -8.484007 1.284853
0.460000 0.403712 0.178102 0.181060 -0.115873 0.582482 -0.204567 2.669504 -8.489070 1.329464
0.461000 0.403597 0.178680 0.180856 -0.113222 0.573990 -0.203216 2.633232 -8.493086 1.374132
0.462000 0.403485 0.179250 0.180654 -0.110606 0.565495 -0.201819 2.597158 -8.496178 1.418904
0.463000 0.403376 0.179811 0.180452 -0.108027 0.556998 -0.200378 2.561284 -8.498282 1.463761
0.464000 0.403269 0.180364 0.180253 -0.105484 0.548499 -0.198892 2.525579 -8.499163 1.508628
0.465000 0.403165 0.180908 0.180055 -0.102976 0.539999 -0.197361 2.490042 -8.498746 1.553480
0.466000 0.403063 0.181444 0.179858 -0.100504 0.531501 -0.195785 2.454701 -8.497164 1.598349
0.467000 0.402964 0.181971 0.179663 -0.098067 0.523005 -0.194164 2.419574 -8.494492 1.643207
0.468000 0.402867 0.182490 0.179470 -0.095665 0.514512 -0.192498 2.384655 -8.490699 1.687974
0.469000 0.402773 0.183000 0.179278 -0.093297 0.506024 -0.190788 2.349956 -8.485857 1.732621
0.470000 0.402681 0.183502 0.179088 -0.090965 0.497541 -0.189033 2.315508 -8.480136 1.777182
0.471000 0.402591 0.183995 0.178900 -0.088666 0.489064 -0.187234 2.281321 -8.473590 1.821651
0.472000 0.402503 0.184480 0.178714 -0.086402 0.480593 -0.185390 2.247373 -8.466122 1.865961
0.473000 0.402418 0.184956 0.178529 -0.084172 0.472131 -0.183502 2.213643 -8.457592 1.910044
0.474000 0.402335 0.185424 0.178347 -0.081975 0.463678 -0.181570 2.180108 -8.447792 1.953829
0.475000 0.402254 0.185883 0.178166 -0.079811 0.455236 -0.179594 2.146741 -8.436470 1.997246
0.476000 0.402175 0.186334 0.177988 -0.077681 0.446805 -0.177575 2.113541 -8.423541 2.040277
0.477000 0.402099 0.186777 0.177811 -0.075584 0.438389 -0.175513 2.080534 -8.409110 2.082945
0.478000 0.402024 0.187211 0.177637 -0.073520 0.429987 -0.173409 2.047738 -8.393241 2.125204
0.479000 0.401952 0.187637 0.177464 -0.071489 0.421602 -0.171263 2.015159 -8.375917 2.166954
0.480000 0.401881 0.188054 0.177294 -0.069490 0.413235 -0.169075 1.982811 -8.357196 2.208148
0.481000 0.401813 0.188464 0.177126 -0.067523 0.404888 -0.166847 1.950711 -8.337210 2.248809
0.482000 0.401746 0.188864 0.176960 -0.065589 0.396561 -0.164578 1.918846 -8.315980 2.288934
0.483000 0.401682 0.189257 0.176797 -0.063686 0.388256 -0.162269 1.887177 -8.293392 2.328467
0.484000 0.401619 0.189641 0.176636 -0.061814 0.379974 -0.159921 1.855669 -8.269309 2.367333
0.485000 0.401558 0.190017 0.176477 -0.059974 0.371717 -0.157534 1.824301 -8.243555 2.405422
0.486000 0.401499 0.190384 0.176321 -0.058166 0.363487 -0.155110 1.793061 -8.215929 2.442609
0.487000 0.401442 0.190744 0.176167 -0.056388 0.355285 -0.152649 1.761952 -8.186362 2.478829
0.488000 0.401386 0.191095 0.176015 -0.054642 0.347114 -0.150152 1.731001 -8.154929 2.514079
0.489000 0.401332 0.191438 0.175866 -0.052926 0.338975 -0.147621 1.700232 -8.121664 2.548315
0.490000 0.401280 0.191773 0.175720 -0.051241 0.330871 -0.145056 1.669664 -8.086529 2.581445
0.491000 0.401230 0.192100 0.175576 -0.049587 0.322802 -0.142458 1.639318 -8.049549 2.613423
0.492000 0.401181 0.192418 0.175435 -0.047963 0.314772 -0.139829 1.609213 -8.010821 2.644268
0.493000 0.401134 0.192729 0.175297 -0.046368 0.306781 -0.137169 1.579344 -7.970353 2.673977
0.494000 0.401088 0.193032 0.175161 -0.044804 0.298831 -0.134481 1.549689 -7.928077 2.702516
0.495000 0.401044 0.193327 0.175028 -0.043269 0.290925 -0.131764 1.520238 -7.883984 2.729879
0.496000 0.401002 0.193614 0.174897 -0.041763 0.283063 -0.129021 1.490994 -7.838117 2.756071
0.497000 0.400961 0.193893 0.174770 -0.040287 0.275248 -0.126252 1.461943 -7.790405 2.781033
0.498000 0.400921 0.194164 0.174645 -0.038840 0.267482 -0.123459 1.433055 -7.740664 2.804640
0.499000 0.400883 0.194428 0.174523 -0.037421 0.259767 -0.120643 1.404309 -7.688734 2.826762
0.500000 0.400846 0.194684 0.174404 -0.036031 0.252105 -0.117806 1.375695 -7.634511 2.847270
0.501000 0.400811 0.194932 0.174287 -0.034669 0.244498 -0.114948 1.347212 -7.577916 2.866030
0.502000 0.400777 0.195173 0.174174 -0.033336 0.236949 -0.112073 1.318867 -7.518947 2.882971
0.503000 0.400744 0.195406 0.174063 -0.032032 0.229460 -0.109183 1.290672 -7.457667 2.898103
0.504000 0.400713 0.195632 0.173955 -0.030755 0.222034 -0.106277 1.262633 -7.394082 2.911444
0.505000 0.400683 0.195850 0.173850 -0.029506 0.214672 -0.103360 1.234745 -7.328141 2.922998
0.506000 0.400654 0.196061 0.173749 -0.028286 0.207377 -0.100431 1.207010 -7.259836 2.932780
0.507000 0.400626 0.196265 0.173650 -0.027092 0.200152 -0.097494 1.179438 -7.189189 2.940797
0.508000 0.400600 0.196461 0.173554 -0.025927 0.192999 -0.094550 1.152027 -7.116130 2.946988
0.509000 0.400574 0.196651 0.173461 -0.024788 0.185920 -0.091600 1.124769 -7.040499 2.951232
0.510000 0.400550 0.196833 0.173370 -0.023677 0.178918 -0.088647 1.097664 -6.962154 2.953406
0.511000 0.400527 0.197009 0.173283 -0.022593 0.171996 -0.085693 1.070726 -6.880993 2.953384
0.512000 0.400505 0.197177 0.173199 -0.021536 0.165156 -0.082740 1.043975 -6.796933 2.951036
0.513000 0.400484 0.197339 0.173118 -0.020505 0.158402 -0.079791 1.017431 -6.709946 2.946285
0.514000 0.400464 0.197494 0.173039 -0.019501 0.151736 -0.076848 0.991104 -6.620049 2.939109
0.515000 0.400445 0.197642 0.172964 -0.018523 0.145162 -0.073913 0.964988 -6.527201 2.929470
0.516000 0.400427 0.197784 0.172892 -0.017571 0.138682 -0.070989 0.939068 -6.431309 2.917308
0.517000 0.400410 0.197920 0.172822 -0.016645 0.132299 -0.068078 0.913335 -6.332320 2.902581
0.518000 0.400394 0.198049 0.172755 -0.015744 0.126017 -0.065184 0.887783 -6.230212 2.885266
0.519000 0.400378 0.198172 0.172692 -0.014869 0.119839 -0.062308 0.862402 -6.124896 2.865293
0.520000 0.400364 0.198289 0.172631 -0.014019 0.113767 -0.059453 0.837171 -6.016210 2.842547
0.521000 0.400350 0.198399 0.172573 -0.013195 0.107806 -0.056623 0.812068 -5.904015 2.816907
0.522000 0.400338 0.198504 0.172518 -0.012395 0.101959 -0.053819 0.787071 -5.788208 2.788252
0.523000 0.400326 0.198603 0.172465 -0.011621 0.096230 -0.051046 0.762157 -5.668709 2.756458
0.524000 0.400314 0.198697 0.172416 -0.010871 0.090622 -0.048306 0.737311 -5.545478 2.721444
0.525000 0.400304 0.198784 0.172369 -0.010146 0.085139 -0.045603 0.712522 -5.418505 2.683175
0.526000 0.400294 0.198867 0.172324 -0.009446 0.079785 -0.042940 0.687775 -5.287739 2.641613
0.527000 0.400285 0.198944 0.172283 -0.008771 0.074563 -0.040320 0.663044 -5.153090 2.596699
0.528000 0.400276 0.199016 0.172244 -0.008120 0.069479 -0.037747 0.638313 -5.014497 2.548390
0.529000 0.400269 0.199083 0.172207 -0.007494 0.064534 -0.035223 0.613581 -4.871918 2.496653
0.530000 0.400261 0.199145 0.172173 -0.006893 0.059735 -0.032753 0.588851 -4.725256 2.441416
0.531000 0.400255 0.199202 0.172142 -0.006316 0.055084 -0.030341 0.564132 -4.574362 2.382571
0.532000 0.400249 0.199255 0.172113 -0.005764 0.050586 -0.027988 0.539417 -4.419098 2.320004
0.533000 0.400243 0.199304 0.172086 -0.005237 0.046246 -0.025700 0.514689 -4.259352 2.253603
0.534000 0.400238 0.199348 0.172061 -0.004735 0.042067 -0.023481 0.489918 -4.095026 2.183249
0.535000 0.400234 0.199388 0.172039 -0.004258 0.038056 -0.021334 0.465084 -3.926053 2.108861
0.536000 0.400230 0.199424 0.172018 -0.003805 0.034215 -0.019263 0.440181 -3.752391 2.030387
0.537000 0.400226 0.199456 0.172000 -0.003377 0.030551 -0.017273 0.415212 -3.573968 1.947766
0.538000 0.400223 0.199485 0.171984 -0.002974 0.027067 -0.015368 0.390181 -3.390678 1.860912
0.539000 0.400220 0.199510 0.171969 -0.002597 0.023770 -0.013551 0.365087 -3.202441 1.769760
0.540000 0.400218 0.199533 0.171957 -0.002244 0.020662 -0.011828 0.339925 -3.009200 1.674263
0.541000 0.400216 0.199552 0.171946 -0.001917 0.017751 -0.010203 0.314671 -2.810869 1.574351
0.542000 0.400214 0.199568 0.171936 -0.001615 0.015041 -0.008680 0.289292 -2.607323 1.469928
0.543000 0.400213 0.199582 0.171928 -0.001338 0.012536 -0.007263 0.263765 -2.398436 1.360884
0.544000 0.400211 0.199593 0.171922 -0.001087 0.010244 -0.005958 0.238081 -2.184078 1.247095
0.545000 0.400210 0.199602 0.171917 -0.000862 0.008168 -0.004769 0.212240 -1.964117 1.128426
0.546000 0.400210 0.199609 0.171912 -0.000663 0.006316 -0.003701 0.099640 -0.926360 0.533928
0.547000 0.400209 0.199615 0.171909 -0.000663 0.006316 -0.003701 0.099640 -0.926360 0.533928
