0.000000 0.672178 -0.194701 0.137847 0.011799 -0.010606 0.013768 -0.415052 0.065881 0.531569
0.001000 0.672190 -0.194712 0.137860 0.011799 -0.010606 0.013768 -0.415052 0.065881 0.531569
0.002000 0.672202 -0.194722 0.137874 0.010969 -0.010474 0.014832 -0.854278 0.140041 1.079936
0.003000 0.672212 -0.194733 0.137890 0.010091 -0.010326 0.015928 -0.903192 0.156900 1.113692
0.004000 0.672222 -0.194743 0.137906 0.009163 -0.010160 0.017059 -0.953234 0.174366 1.147749
0.005000 0.672231 -0.194753 0.137924 0.008184 -0.009977 0.018224 -1.004403 0.192450 1.182093
0.006000 0.672238 -0.194763 0.137943 0.007154 -0.009776 0.019423 -1.056707 0.211161 1.216730
0.007000 0.672245 -0.194772 0.137963 0.006071 -0.009555 0.020657 -1.110152 0.230510 1.251675
0.008000 0.672251 -0.194782 0.137984 0.004934 -0.009315 0.021927 -1.164745 0.250504 1.286936
0.009000 0.672255 -0.194791 0.138007 0.003741 -0.009054 0.023231 -1.220491 0.271154 1.322500
0.010000 0.672258 -0.194800 0.138031 0.002493 -0.008772 0.024572 -1.277395 0.292469 1.358349
0.011000 0.672260 -0.194809 0.138056 0.001186 -0.008469 0.025948 -1.335460 0.314457 1.394458
0.012000 0.672260 -0.194817 0.138082 -0.000178 -0.008143 0.027360 -1.394687 0.337126 1.430802
0.013000 0.672259 -0.194825 0.138111 -0.001603 -0.007795 0.028809 -1.455077 0.360485 1.467357
0.014000 0.672257 -0.194833 0.138140 -0.003088 -0.007422 0.030295 -1.516628 0.384541 1.504095
0.015000 0.672253 -0.194840 0.138171 -0.004636 -0.007026 0.031818 -1.579338 0.409304 1.540989
0.016000 0.672248 -0.194847 0.138204 -0.006247 -0.006604 0.033377 -1.643191 0.434790 1.578031
0.017000 0.672241 -0.194853 0.138238 -0.007923 -0.006156 0.034974 -1.708157 0.461033 1.615240
0.018000 0.672232 -0.194859 0.138274 -0.009663 -0.005682 0.036608 -1.774195 0.488071 1.652649
0.019000 0.672221 -0.194864 0.138311 -0.011471 -0.005180 0.038279 -1.841271 0.515938 1.690277
0.020000 0.672209 -0.194869 0.138350 -0.013346 -0.004650 0.039988 -1.909364 0.544647 1.728117
0.021000 0.672195 -0.194874 0.138391 -0.015290 -0.004091 0.041735 -1.978460 0.574206 1.766161
0.022000 0.672179 -0.194877 0.138434 -0.017303 -0.003501 0.043520 -2.048545 0.604619 1.804403
0.023000 0.672160 -0.194881 0.138478 -0.019387 -0.002881 0.045344 -2.119604 0.635887 1.842827
0.024000 0.672140 -0.194883 0.138524 -0.021542 -0.002230 0.047206 -2.191619 0.668004 1.881411
0.025000 0.672117 -0.194885 0.138573 -0.023770 -0.001545 0.049107 -2.264569 0.700947 1.920136
0.026000 0.672092 -0.194886 0.138623 -0.026071 -0.000828 0.051046 -2.338432 0.734685 1.958993
0.027000 0.672065 -0.194887 0.138675 -0.028447 -0.000076 0.053025 -2.413185 0.769203 1.997968
0.028000 0.672035 -0.194886 0.138729 -0.030898 0.000711 0.055042 -2.488800 0.804518 2.037045
0.029000 0.672003 -0.194885 0.138785 -0.033424 0.001533 0.057099 -2.565248 0.840662 2.076209
0.030000 0.671968 -0.194883 0.138843 -0.036028 0.002392 0.059195 -2.642501 0.877659 2.115431
0.031000 0.671931 -0.194881 0.138903 -0.038709 0.003288 0.061330 -2.720533 0.915517 2.154676
0.032000 0.671891 -0.194877 0.138965 -0.041469 0.004223 0.063504 -2.799335 0.954235 2.193911
0.033000 0.671848 -0.194872 0.139030 -0.044308 0.005197 0.065718 -2.878902 0.993810 2.233110
0.034000 0.671802 -0.194866 0.139097 -0.047227 0.006211 0.067970 -2.959218 1.034238 2.272238
0.035000 0.671754 -0.194860 0.139166 -0.050227 0.007265 0.070262 -3.040260 1.075511 2.311262
0.036000 0.671702 -0.194852 0.139237 -0.053308 0.008362 0.072593 -3.122007 1.117624 2.350165
0.037000 0.671647 -0.194843 0.139311 -0.056471 0.009501 0.074962 -3.204443 1.160570 2.388948
0.038000 0.671589 -0.194833 0.139387 -0.059716 0.010683 0.077371 -3.287541 1.204341 2.427594
0.039000 0.671528 -0.194822 0.139466 -0.063046 0.011909 0.079818 -3.371253 1.248937 2.466080
0.040000 0.671463 -0.194809 0.139547 -0.066459 0.013181 0.082303 -3.455521 1.294373 2.504409
0.041000 0.671395 -0.194795 0.139631 -0.069957 0.014498 0.084826 -3.540287 1.340670 2.542608
0.042000 0.671323 -0.194780 0.139717 -0.073540 0.015862 0.087388 -3.625503 1.387841 2.580691
0.043000 0.671248 -0.194764 0.139805 -0.077208 0.017274 0.089988 -3.711150 1.435880 2.618656
0.044000 0.671169 -0.194746 0.139897 -0.080962 0.018734 0.092625 -3.797224 1.484773 2.656490
0.045000 0.671086 -0.194726 0.139991 -0.084802 0.020243 0.095301 -3.883701 1.534505 2.694161
0.046000 0.670999 -0.194705 0.140087 -0.088729 0.021803 0.098014 -3.970541 1.585065 2.731627
0.047000 0.670908 -0.194682 0.140187 -0.092743 0.023413 0.100764 -4.057714 1.636460 2.768875
0.048000 0.670814 -0.194658 0.140289 -0.096845 0.025076 0.103552 -4.145199 1.688702 2.805909
0.049000 0.670715 -0.194632 0.140394 -0.101034 0.026791 0.106376 -4.232959 1.741794 2.842711
0.050000 0.670611 -0.194605 0.140502 -0.105311 0.028559 0.109237 -4.320937 1.795731 2.879239
0.051000 0.670504 -0.194575 0.140612 -0.109676 0.030382 0.112134 -4.409088 1.850513 2.915471
0.052000 0.670392 -0.194544 0.140726 -0.114129 0.032260 0.115068 -4.497378 1.906147 2.951403
0.053000 0.670276 -0.194511 0.140842 -0.118670 0.034195 0.118037 -4.585768 1.962639 2.987023
0.054000 0.670155 -0.194475 0.140962 -0.123300 0.036186 0.121042 -4.674218 2.019990 3.022298
0.055000 0.670029 -0.194438 0.141084 -0.128019 0.038235 0.124082 -4.762681 2.078204 3.057185
0.056000 0.669899 -0.194399 0.141210 -0.132826 0.040342 0.127156 -4.851092 2.137270 3.091623
0.057000 0.669763 -0.194358 0.141339 -0.137721 0.042509 0.130265 -4.939386 2.197172 3.125549
0.058000 0.669623 -0.194314 0.141471 -0.142704 0.044736 0.133407 -5.027536 2.257895 3.158946
0.059000 0.669478 -0.194268 0.141606 -0.147776 0.047025 0.136583 -5.115540 2.319432 3.191818
0.060000 0.669328 -0.194220 0.141744 -0.152935 0.049375 0.139791 -5.203365 2.381764 3.224144
0.061000 0.669172 -0.194169 0.141885 -0.158183 0.051788 0.143031 -5.290935 2.444867 3.255871
0.062000 0.669011 -0.194116 0.142030 -0.163517 0.054265 0.146303 -5.378182 2.508716 3.286969
0.063000 0.668845 -0.194061 0.142178 -0.168939 0.056806 0.149605 -5.465051 2.573294 3.317434
0.064000 0.668673 -0.194003 0.142329 -0.174447 0.059412 0.152938 -5.551465 2.638576 3.347231
0.065000 0.668496 -0.193942 0.142484 -0.180042 0.062083 0.156300 -5.637339 2.704536 3.376293
0.066000 0.668313 -0.193879 0.142642 -0.185722 0.064821 0.159690 -5.722631 2.771168 3.404578
0.067000 0.668125 -0.193812 0.142803 -0.191487 0.067625 0.163109 -5.807345 2.838482 3.432079
0.068000 0.667930 -0.193743 0.142968 -0.197337 0.070498 0.166554 -5.891484 2.906496 3.458802
0.069000 0.667730 -0.193671 0.143136 -0.203270 0.073438 0.170026 -5.975064 2.975240 3.484779
0.070000 0.667524 -0.193596 0.143308 -0.209287 0.076448 0.173524 -6.058101 3.044747 3.510057
0.071000 0.667312 -0.193519 0.143483 -0.215386 0.079528 0.177046 -6.140556 3.115024 3.534633
0.072000 0.667093 -0.193437 0.143662 -0.221568 0.082678 0.180593 -6.222335 3.186035 3.558457
0.073000 0.666868 -0.193353 0.143844 -0.227831 0.085900 0.184163 -6.303361 3.257732 3.581519
0.074000 0.666637 -0.193266 0.144030 -0.234175 0.089194 0.187756 -6.383587 3.330065 3.603843
0.075000 0.666400 -0.193175 0.144220 -0.240598 0.092560 0.191371 -6.462926 3.402982 3.625410
0.076000 0.666156 -0.193081 0.144413 -0.247101 0.096000 0.195007 -6.541268 3.476434 3.646136
0.077000 0.665906 -0.192983 0.144610 -0.253681 0.099513 0.198663 -6.618564 3.550407 3.665944
0.078000 0.665649 -0.192881 0.144810 -0.260338 0.103100 0.202339 -6.694807 3.624908 3.684780
0.079000 0.665385 -0.192777 0.145015 -0.267070 0.106763 0.206033 -6.769941 3.699922 3.702563
0.080000 0.665115 -0.192668 0.145222 -0.273878 0.110500 0.209744 -6.843871 3.775418 3.719218
0.081000 0.664837 -0.192556 0.145434 -0.280758 0.114314 0.213471 -6.916575 3.851396 3.734752
0.082000 0.664553 -0.192439 0.145649 -0.287711 0.118203 0.217214 -6.988101 3.927888 3.749240
0.083000 0.664262 -0.192319 0.145868 -0.294734 0.122169 0.220970 -7.058473 4.004914 3.762739
0.084000 0.663964 -0.192195 0.146091 -0.301828 0.126213 0.224739 -7.127677 4.082473 3.775270
0.085000 0.663658 -0.192067 0.146318 -0.308990 0.130334 0.228520 -7.195675 4.160553 3.786833
0.086000 0.663346 -0.191934 0.146548 -0.316219 0.134534 0.232313 -7.262366 4.239114 3.797370
0.087000 0.663026 -0.191798 0.146783 -0.323514 0.138812 0.236115 -7.327618 4.318109 3.806779
0.088000 0.662699 -0.191657 0.147021 -0.330874 0.143170 0.239926 -7.391386 4.397536 3.814995
0.089000 0.662364 -0.191511 0.147262 -0.338297 0.147608 0.243745 -7.453691 4.477429 3.821990
0.090000 0.662022 -0.191361 0.147508 -0.345782 0.152125 0.247570 -7.514484 4.557782 3.827697
0.091000 0.661673 -0.191207 0.147758 -0.353326 0.156723 0.251400 -7.573666 4.638550 3.832041
0.092000 0.661316 -0.191048 0.148011 -0.360929 0.161402 0.255234 -7.631245 4.719718 3.835044
0.093000 0.660951 -0.190884 0.148268 -0.368589 0.166163 0.259071 -7.687314 4.801303 3.836799
0.094000 0.660578 -0.190716 0.148529 -0.376304 0.171005 0.262908 -7.741867 4.883276 3.837326
0.095000 0.660198 -0.190542 0.148794 -0.384072 0.175929 0.266745 -7.794775 4.965555 3.836564
0.096000 0.659810 -0.190364 0.149062 -0.391893 0.180936 0.270581 -7.845945 5.048057 3.834502
0.097000 0.659414 -0.190180 0.149335 -0.399764 0.186025 0.274414 -7.895340 5.130708 3.831183
0.098000 0.659011 -0.189992 0.149611 -0.407684 0.191197 0.278243 -7.942851 5.213416 3.826585
0.099000 0.658599 -0.189798 0.149891 -0.415650 0.196452 0.282067 -7.988330 5.296091 3.820612
0.100000 0.658179 -0.189599 0.150175 -0.423661 0.201789 0.285885 -8.031751 5.378701 3.813210
0.101000 0.657752 -0.189394 0.150463 -0.431714 0.207209 0.289694 -8.073180 5.461256 3.804374
0.102000 0.657316 -0.189184 0.150755 -0.439807 0.212712 0.293493 -8.112585 5.543721 3.794051
0.103000 0.656872 -0.188969 0.151050 -0.447939 0.218297 0.297282 -8.149858 5.626025 3.782169
0.104000 0.656420 -0.188748 0.151349 -0.456107 0.223964 0.301058 -8.185023 5.708146 3.768786
0.105000 0.655960 -0.188521 0.151652 -0.464309 0.229713 0.304819 -8.218241 5.790115 3.754070
0.106000 0.655491 -0.188288 0.151959 -0.472543 0.235544 0.308566 -8.249629 5.871939 3.738159
0.107000 0.655015 -0.188050 0.152269 -0.480808 0.241457 0.312296 -8.279235 5.953593 3.721141
0.108000 0.654530 -0.187806 0.152584 -0.489102 0.247451 0.316008 -8.307066 6.035023 3.703075
0.109000 0.654037 -0.187555 0.152902 -0.497422 0.253527 0.319702 -8.333007 6.116136 3.683924
0.110000 0.653535 -0.187298 0.153223 -0.505768 0.259684 0.323376 -8.356873 6.196829 3.663562
0.111000 0.653025 -0.187036 0.153548 -0.514136 0.265921 0.327029 -8.378606 6.277091 3.641897
0.112000 0.652507 -0.186767 0.153877 -0.522525 0.272238 0.330660 -8.398253 6.356972 3.618882
0.113000 0.651980 -0.186491 0.154210 -0.530932 0.278635 0.334267 -8.415751 6.436455 3.594429
0.114000 0.651445 -0.186209 0.154546 -0.539356 0.285111 0.337849 -8.430966 6.515466 3.568446
0.115000 0.650901 -0.185921 0.154885 -0.547794 0.291666 0.341404 -8.443938 6.594002 3.541004
0.116000 0.650349 -0.185626 0.155228 -0.556244 0.298299 0.344931 -8.454851 6.672119 3.512280
0.117000 0.649789 -0.185324 0.155575 -0.564704 0.305010 0.348428 -8.463732 6.749798 3.482344
0.118000 0.649220 -0.185016 0.155925 -0.573172 0.311798 0.351895 -8.470422 6.826919 3.451132
0.119000 0.648642 -0.184701 0.156279 -0.581645 0.318664 0.355331 -8.474835 6.903375 3.418636
0.120000 0.648057 -0.184379 0.156636 -0.590121 0.325605 0.358733 -8.476988 6.979099 3.384918
0.121000 0.647462 -0.184050 0.156996 -0.598599 0.332622 0.362100 -8.476777 7.053973 3.349954
0.122000 0.646859 -0.183713 0.157360 -0.607075 0.339713 0.365433 -8.474013 7.127860 3.313616
0.123000 0.646248 -0.183370 0.157727 -0.615547 0.346878 0.368728 -8.468670 7.200725 3.275824
0.124000 0.645628 -0.183020 0.158098 -0.624012 0.354115 0.371984 -8.460909 7.272627 3.236593
0.125000 0.645000 -0.182662 0.158471 -0.632469 0.361423 0.375201 -8.450906 7.343628 3.196000
0.126000 0.644363 -0.182297 0.158848 -0.640914 0.368802 0.378376 -8.438873 7.413796 3.154240
0.127000 0.643718 -0.181924 0.159228 -0.649346 0.376250 0.381509 -8.425042 7.483203 3.111577
0.128000 0.643065 -0.181544 0.159611 -0.657764 0.383768 0.384599 -8.409432 7.551807 3.068122
0.129000 0.642403 -0.181157 0.159997 -0.666165 0.391354 0.387646 -8.391863 7.619451 3.023817
0.130000 0.641732 -0.180762 0.160386 -0.674548 0.399007 0.390647 -8.372269 7.686009 2.978647
0.131000 0.641054 -0.180359 0.160778 -0.682910 0.406726 0.393603 -8.350708 7.751399 2.932677
0.132000 0.640366 -0.179948 0.161174 -0.691249 0.414510 0.396512 -8.327098 7.815487 2.885873
0.133000 0.639671 -0.179530 0.161571 -0.699564 0.422357 0.399375 -8.301226 7.878127 2.838096
0.134000 0.638967 -0.179103 0.161972 -0.707852 0.430266 0.402189 -8.273063 7.939335 2.789259
0.135000 0.638255 -0.178669 0.162376 -0.716110 0.438236 0.404953 -8.242738 7.999238 2.739347
0.136000 0.637535 -0.178227 0.162782 -0.724337 0.446265 0.407667 -8.210217 8.057848 2.688278
0.137000 0.636807 -0.177777 0.163191 -0.732531 0.454351 0.410330 -8.175328 8.115048 2.635962
0.138000 0.636070 -0.177318 0.163603 -0.740688 0.462495 0.412939 -8.138117 8.170811 2.582505
0.139000 0.635325 -0.176852 0.164017 -0.748807 0.470693 0.415495 -8.098816 8.225199 2.528150
0.140000 0.634572 -0.176377 0.164434 -0.756885 0.478945 0.417995 -8.057455 8.278163 2.473000
0.141000 0.633812 -0.175894 0.164853 -0.764922 0.487249 0.420441 -8.013818 8.329525 2.416976
0.142000 0.633043 -0.175402 0.165275 -0.772913 0.495604 0.422829 -7.967799 8.379171 2.360034
0.143000 0.632266 -0.174903 0.165699 -0.780857 0.504008 0.425161 -7.919474 8.427098 2.302224
0.144000 0.631481 -0.174394 0.166125 -0.788752 0.512458 0.427434 -7.868937 8.473341 2.243587
0.145000 0.630688 -0.173878 0.166554 -0.796595 0.520954 0.429648 -7.816321 8.518025 2.184146
0.146000 0.629888 -0.173352 0.166984 -0.804385 0.529494 0.431802 -7.761777 8.561312 2.123914
0.147000 0.629079 -0.172819 0.167417 -0.812119 0.538077 0.433896 -7.705242 8.603208 2.062813
0.148000 0.628263 -0.172276 0.167852 -0.819795 0.546701 0.435928 -7.646519 8.643580 2.000758
0.149000 0.627440 -0.171725 0.168289 -0.827412 0.555364 0.437897 -7.585673 8.682416 1.937881
0.150000 0.626609 -0.171166 0.168728 -0.834967 0.564066 0.439804 -7.523035 8.719850 1.874493
0.151000 0.625770 -0.170597 0.169169 -0.842458 0.572804 0.441646 -7.458888 8.755974 1.810845
0.152000 0.624924 -0.170020 0.169611 -0.849884 0.581578 0.443425 -7.393427 8.790810 1.747079
0.153000 0.624070 -0.169434 0.170056 -0.857245 0.590386 0.445140 -7.326801 8.824337 1.683275
0.154000 0.623209 -0.168839 0.170501 -0.864538 0.599226 0.446792 -7.258918 8.856408 1.619380
0.155000 0.622341 -0.168236 0.170949 -0.871763 0.608098 0.448379 -7.189519 8.886829 1.555234
0.156000 0.621466 -0.167623 0.171398 -0.878917 0.617000 0.449902 -7.118570 8.915624 1.490755
0.157000 0.620583 -0.167002 0.171849 -0.886000 0.625930 0.451361 -7.046293 8.943017 1.425985
0.158000 0.619694 -0.166371 0.172301 -0.893010 0.634886 0.452754 -6.972931 8.969223 1.361030
0.159000 0.618797 -0.165732 0.172754 -0.899946 0.643868 0.454083 -6.898762 8.994448 1.296117
0.160000 0.617894 -0.165083 0.173209 -0.906807 0.652875 0.455346 -6.824088 9.018891 1.231539
0.161000 0.616984 -0.164426 0.173665 -0.913594 0.661906 0.456546 -6.748918 9.042536 1.167414
0.162000 0.616067 -0.163760 0.174122 -0.920305 0.670960 0.457681 -6.673009 9.065160 1.103653
0.163000 0.615143 -0.163084 0.174580 -0.926940 0.680036 0.458753 -6.596288 9.086613 1.040204
0.164000 0.614213 -0.162400 0.175040 -0.933497 0.689133 0.459762 -6.518875 9.106847 0.977096
0.165000 0.613276 -0.161706 0.175500 -0.939977 0.698250 0.460707 -6.440682 9.125701 0.914259
0.166000 0.612333 -0.161003 0.175961 -0.946379 0.707385 0.461590 -6.361416 9.142957 0.851508
0.167000 0.611383 -0.160291 0.176423 -0.952700 0.716536 0.462410 -6.281002 9.158650 0.788726
0.168000 0.610427 -0.159570 0.176886 -0.958941 0.725702 0.463168 -6.199566 9.173003 0.725869
0.169000 0.609465 -0.158840 0.177350 -0.965099 0.734882 0.463862 -6.117029 9.186047 0.662830
0.170000 0.608497 -0.158100 0.177814 -0.971175 0.744074 0.464493 -6.033138 9.197623 0.599504
0.171000 0.607523 -0.157352 0.178278 -0.977166 0.753277 0.465061 -5.947917 9.207743 0.536019
0.172000 0.606543 -0.156594 0.178744 -0.983071 0.762489 0.465565 -5.861699 9.216630 0.472696
0.173000 0.605557 -0.155827 0.179210 -0.988889 0.771710 0.466006 -5.774783 9.224438 0.409783
0.174000 0.604565 -0.155050 0.179676 -0.994620 0.780938 0.466385 -5.687415 9.231204 0.347407
0.175000 0.603568 -0.154265 0.180142 -1.000264 0.790173 0.466701 -5.599813 9.236897 0.285629
0.176000 0.602565 -0.153470 0.180609 -1.005820 0.799412 0.466956 -5.511904 9.241316 0.224369
0.177000 0.601556 -0.152666 0.181076 -1.011288 0.808655 0.467150 -5.423393 9.244216 0.163426
0.178000 0.600542 -0.151853 0.181544 -1.016667 0.817901 0.467283 -5.334221 9.245665 0.102652
0.179000 0.599523 -0.151030 0.182011 -1.021956 0.827147 0.467355 -5.244556 9.245957 0.041963
0.180000 0.598498 -0.150198 0.182478 -1.027156 0.836392 0.467367 -5.154335 9.245157 -0.018778
0.181000 0.597468 -0.149357 0.182946 -1.032265 0.845637 0.467318 -5.063295 9.243087 -0.079688
0.182000 0.596434 -0.148507 0.183413 -1.037282 0.854879 0.467208 -4.971458 9.239747 -0.140645
0.183000 0.595394 -0.147648 0.183880 -1.042208 0.864116 0.467036 -4.879166 9.235366 -0.201333
0.184000 0.594349 -0.146779 0.184347 -1.047041 0.873349 0.466805 -4.786733 9.230096 -0.261515
0.185000 0.593300 -0.145901 0.184814 -1.051781 0.882577 0.466513 -4.694421 9.223955 -0.321088
0.186000 0.592246 -0.145014 0.185280 -1.056430 0.891797 0.466163 -4.602460 9.216889 -0.380030
0.187000 0.591187 -0.144117 0.185746 -1.060986 0.901010 0.465753 -4.510775 9.208655 -0.438442
0.188000 0.590124 -0.143212 0.186211 -1.065451 0.910215 0.465286 -4.419050 9.198969 -0.496523
0.189000 0.589056 -0.142297 0.186677 -1.069824 0.919408 0.464760 -4.327199 9.187906 -0.554399
0.190000 0.587984 -0.141373 0.187141 -1.074106 0.928590 0.464177 -4.235372 9.175798 -0.612117
0.191000 0.586908 -0.140440 0.187605 -1.078295 0.937760 0.463536 -4.143417 9.162660 -0.669821
0.192000 0.585827 -0.139497 0.188068 -1.082392 0.946916 0.462837 -4.050642 9.147952 -0.727842
0.193000 0.584743 -0.138546 0.188531 -1.086396 0.956056 0.462080 -3.956121 9.130876 -0.786576
0.194000 0.583655 -0.137585 0.188992 -1.090305 0.965177 0.461264 -3.859193 9.110861 -0.846258
0.195000 0.582562 -0.136615 0.189453 -1.094115 0.974278 0.460388 -3.759857 9.087906 -0.906784
0.196000 0.581466 -0.135637 0.189913 -1.097824 0.983353 0.459451 -3.658750 9.062511 -0.967764
0.197000 0.580367 -0.134649 0.190372 -1.101432 0.992403 0.458452 -3.556741 9.035251 -1.028807
0.198000 0.579263 -0.133652 0.190830 -1.104938 1.001424 0.457393 -3.454415 9.006371 -1.089738
0.199000 0.578157 -0.132646 0.191287 -1.108341 1.010415 0.456273 -3.351768 8.975662 -1.150640
0.200000 0.577047 -0.131631 0.191742 -1.111641 1.019375 0.455092 -3.248465 8.942796 -1.211714
0.201000 0.575934 -0.130607 0.192197 -1.114838 1.028301 0.453849 -3.144406 8.907821 -1.273078
0.202000 0.574817 -0.129574 0.192650 -1.117930 1.037191 0.452546 -3.039800 8.871130 -1.334732
0.203000 0.573698 -0.128533 0.193102 -1.120918 1.046043 0.451180 -2.934894 8.833097 -1.396609
0.204000 0.572575 -0.127482 0.193553 -1.123800 1.054857 0.449752 -2.830010 8.794075 -1.458516
0.205000 0.571450 -0.126423 0.194002 -1.126578 1.063631 0.448263 -2.725509 8.754397 -1.520193
0.206000 0.570322 -0.125355 0.194449 -1.129251 1.072366 0.446712 -2.621405 8.714047 -1.581546
0.207000 0.569192 -0.124278 0.194895 -1.131820 1.081059 0.445100 -2.517404 8.672646 -1.642684
0.208000 0.568058 -0.123193 0.195339 -1.134286 1.089711 0.443427 -2.413442 8.629898 -1.703704
0.209000 0.566923 -0.122099 0.195782 -1.136647 1.098319 0.441692 -2.309708 8.585664 -1.764629
0.210000 0.565785 -0.120996 0.196223 -1.138905 1.106882 0.439897 -2.206129 8.539641 -1.825565
0.211000 0.564645 -0.119885 0.196662 -1.141060 1.115398 0.438041 -2.102370 8.491477 -1.886696
0.212000 0.563503 -0.118765 0.197099 -1.143110 1.123865 0.436124 -1.998354 8.441258 -1.948125
0.213000 0.562359 -0.117637 0.197534 -1.145056 1.132281 0.434145 -1.894260 8.389389 -2.009868
0.214000 0.561213 -0.116501 0.197967 -1.146898 1.140644 0.432104 -1.790010 8.335963 -2.072013
0.215000 0.560065 -0.115356 0.198398 -1.148636 1.148953 0.430001 -1.685282 8.280749 -2.134665
0.216000 0.558916 -0.114203 0.198827 -1.150269 1.157206 0.427835 -1.580043 8.223778 -2.197740
0.217000 0.557765 -0.113042 0.199254 -1.151796 1.165400 0.425606 -1.474597 8.165404 -2.260988
0.218000 0.556612 -0.111872 0.199678 -1.153218 1.173536 0.423313 -1.369241 8.105873 -2.324219
0.219000 0.555458 -0.110695 0.200100 -1.154535 1.181612 0.420957 -1.264254 8.045238 -2.387347
0.220000 0.554303 -0.109509 0.200520 -1.155747 1.189627 0.418538 -1.159906 7.983443 -2.450343
0.221000 0.553147 -0.108315 0.200937 -1.156855 1.197579 0.416056 -1.056128 7.920179 -2.513288
0.222000 0.551989 -0.107114 0.201352 -1.157859 1.205467 0.413512 -0.952581 7.855078 -2.576346
0.223000 0.550831 -0.105904 0.201764 -1.158760 1.213289 0.410904 -0.849171 7.788244 -2.639594
0.224000 0.549672 -0.104687 0.202174 -1.159557 1.221044 0.408233 -0.746060 7.720131 -2.703026
0.225000 0.548512 -0.103462 0.202581 -1.160252 1.228730 0.405498 -0.643158 7.650851 -2.766707
0.226000 0.547351 -0.102230 0.202985 -1.160844 1.236345 0.402699 -0.540128 7.580148 -2.830736
0.227000 0.546190 -0.100990 0.203386 -1.161332 1.243890 0.399836 -0.436925 7.508024 -2.895054
0.228000 0.545029 -0.099742 0.203785 -1.161717 1.251361 0.396909 -0.333776 7.434767 -2.959474
0.229000 0.543867 -0.098487 0.204180 -1.162000 1.258759 0.393917 -0.230638 7.360337 -3.023931
0.230000 0.542705 -0.097224 0.204573 -1.162179 1.266082 0.390861 -0.127194 7.284286 -3.088513
0.231000 0.541542 -0.095955 0.204962 -1.162254 1.273328 0.387740 -0.023399 7.206275 -3.153268
0.232000 0.540380 -0.094678 0.205348 -1.162226 1.280495 0.384555 0.080454 7.126241 -3.218147
0.233000 0.539218 -0.093394 0.205731 -1.162093 1.287580 0.381304 0.184091 7.044288 -3.283086
0.234000 0.538056 -0.092103 0.206111 -1.161857 1.294583 0.377988 0.287268 6.960815 -3.348005
0.235000 0.536894 -0.090805 0.206487 -1.161519 1.301502 0.374608 0.389758 6.876387 -3.412813
0.236000 0.535733 -0.089500 0.206860 -1.161078 1.308336 0.371163 0.491658 6.791144 -3.477518
0.237000 0.534572 -0.088188 0.207229 -1.160535 1.315084 0.367653 0.593314 6.704824 -3.542198
0.238000 0.533412 -0.086869 0.207595 -1.159891 1.321746 0.364078 0.694798 6.617436 -3.606809
0.239000 0.532252 -0.085544 0.207957 -1.159146 1.328319 0.360439 0.795917 6.529292 -3.671197
0.240000 0.531094 -0.084213 0.208316 -1.158299 1.334804 0.356736 0.896735 6.440357 -3.735314
0.241000 0.529936 -0.082875 0.208671 -1.157352 1.341200 0.352969 0.997565 6.350160 -3.799244
0.242000 0.528779 -0.081530 0.209022 -1.156304 1.347505 0.349138 1.098425 6.258343 -3.863027
0.243000 0.527623 -0.080180 0.209369 -1.155155 1.353717 0.345243 1.198986 6.164847 -3.926612
0.244000 0.526469 -0.078823 0.209712 -1.153906 1.359834 0.341284 1.298949 6.069781 -3.989933
0.245000 0.525315 -0.077460 0.210052 -1.152558 1.365856 0.337263 1.398080 5.973574 -4.052907
0.246000 0.524163 -0.076091 0.210387 -1.151110 1.371781 0.333178 1.496175 5.876824 -4.115439
0.247000 0.523013 -0.074717 0.210718 -1.149565 1.377610 0.329032 1.593348 5.779684 -4.177525
0.248000 0.521864 -0.073336 0.211045 -1.147923 1.383341 0.324823 1.689955 5.681886 -4.239235
0.249000 0.520717 -0.071950 0.211368 -1.146185 1.388974 0.320553 1.786084 5.583453 -4.300535
0.250000 0.519572 -0.070558 0.211686 -1.144351 1.394508 0.316222 1.881561 5.484733 -4.361297
0.251000 0.518428 -0.069161 0.212000 -1.142422 1.399943 0.311831 1.976467 5.385707 -4.421484
0.252000 0.517287 -0.067758 0.212310 -1.140398 1.405279 0.307379 2.071119 5.285889 -4.481166
0.253000 0.516148 -0.066350 0.212615 -1.138280 1.410515 0.302868 2.165545 5.184916 -4.540369
0.254000 0.515010 -0.064937 0.212916 -1.136067 1.415649 0.298299 2.259497 5.082639 -4.599049
0.255000 0.513876 -0.063519 0.213212 -1.133761 1.420680 0.293670 2.353000 4.978695 -4.657227
0.256000 0.512743 -0.062096 0.213503 -1.131361 1.425606 0.288984 2.446387 4.872639 -4.714976
0.257000 0.511613 -0.060668 0.213790 -1.128868 1.430425 0.284240 2.539774 4.764574 -4.772283
0.258000 0.510485 -0.059235 0.214071 -1.126282 1.435135 0.279440 2.632976 4.655101 -4.829035
0.259000 0.509360 -0.057798 0.214348 -1.123602 1.439736 0.274582 2.725797 4.544780 -4.885113
0.260000 0.508238 -0.056356 0.214621 -1.120830 1.444225 0.269669 2.818022 4.434108 -4.940395
0.261000 0.507119 -0.054909 0.214888 -1.117966 1.448604 0.264702 2.909427 4.323542 -4.994753
0.262000 0.506002 -0.053458 0.215150 -1.115011 1.452872 0.259680 3.000092 4.213064 -5.048154
0.263000 0.504889 -0.052003 0.215407 -1.111966 1.457030 0.254605 3.090330 4.102177 -5.100658
0.264000 0.503778 -0.050544 0.215659 -1.108831 1.461076 0.249479 3.180169 3.990520 -5.152295
0.265000 0.502671 -0.049081 0.215906 -1.105606 1.465011 0.244301 3.269366 3.877964 -5.203038
0.266000 0.501567 -0.047614 0.216148 -1.102292 1.468832 0.239073 3.357944 3.764150 -5.252906
0.267000 0.500466 -0.046144 0.216384 -1.098890 1.472539 0.233795 3.446214 3.648629 -5.301951
0.268000 0.499369 -0.044669 0.216615 -1.095399 1.476130 0.228469 3.534265 3.531509 -5.350136
0.269000 0.498276 -0.043191 0.216841 -1.091821 1.479602 0.223095 3.621883 3.413416 -5.397333
0.270000 0.497186 -0.041710 0.217062 -1.088156 1.482957 0.217674 3.708858 3.294929 -5.443437
0.271000 0.496099 -0.040225 0.217277 -1.084403 1.486192 0.212208 3.794994 3.176547 -5.488381
0.272000 0.495017 -0.038738 0.217486 -1.080566 1.489310 0.206697 3.880098 3.058724 -5.532121
0.273000 0.493938 -0.037247 0.217690 -1.076643 1.492310 0.201143 3.964268 2.941428 -5.574671
0.274000 0.492863 -0.035753 0.217888 -1.072637 1.495192 0.195548 4.047810 2.824156 -5.616085
0.275000 0.491793 -0.034256 0.218081 -1.068548 1.497958 0.189911 4.130744 2.706562 -5.656368
0.276000 0.490726 -0.032757 0.218268 -1.064376 1.500606 0.184235 4.212820 2.588546 -5.695468
0.277000 0.489664 -0.031255 0.218449 -1.060122 1.503135 0.178520 4.294050 2.469768 -5.733374
0.278000 0.488606 -0.029751 0.218625 -1.055788 1.505545 0.172768 4.374724 2.349761 -5.770100
0.279000 0.487553 -0.028244 0.218795 -1.051373 1.507835 0.166980 4.454917 2.228608 -5.805575
0.280000 0.486503 -0.026735 0.218959 -1.046878 1.510002 0.161157 4.534412 2.106903 -5.839654
0.281000 0.485459 -0.025224 0.219117 -1.042304 1.512048 0.155301 4.613011 1.985205 -5.872238
0.282000 0.484419 -0.023711 0.219270 -1.037652 1.513973 0.149413 4.690561 1.864010 -5.903311
0.283000 0.483383 -0.022196 0.219416 -1.032923 1.515776 0.143494 4.766928 1.743777 -5.932906
0.284000 0.482353 -0.020679 0.219557 -1.028118 1.517460 0.137547 4.842241 1.624479 -5.961082
0.285000 0.481327 -0.019161 0.219691 -1.023238 1.519025 0.131572 4.916802 1.505616 -5.987903
0.286000 0.480306 -0.017641 0.219820 -1.018284 1.520472 0.125571 4.990612 1.386872 -6.013395
0.287000 0.479291 -0.016120 0.219942 -1.013257 1.521799 0.119545 5.063409 1.268193 -6.037546
0.288000 0.478280 -0.014598 0.220059 -1.008157 1.523008 0.113496 5.135181 1.149264 -6.060361
0.289000 0.477274 -0.013074 0.220169 -1.002987 1.524098 0.107425 5.206202 1.029613 -6.081843
0.290000 0.476274 -0.011550 0.220274 -0.997745 1.525067 0.101332 5.276545 0.909278 -6.101912
0.291000 0.475279 -0.010024 0.220372 -0.992433 1.525916 0.095221 5.346065 0.788712 -6.120434
0.292000 0.474289 -0.008498 0.220464 -0.987053 1.526645 0.089091 5.414836 0.667975 -6.137326
0.293000 0.473305 -0.006971 0.220550 -0.981604 1.527252 0.082946 5.483171 0.546720 -6.152606
0.294000 0.472326 -0.005443 0.220630 -0.976087 1.527738 0.076786 5.551182 0.424961 -6.166346
0.295000 0.471353 -0.003915 0.220704 -0.970501 1.528102 0.070613 5.618710 0.303150 -6.178620
0.296000 0.470385 -0.002387 0.220771 -0.964849 1.528344 0.064429 5.685556 0.181640 -6.189480
0.297000 0.469423 -0.000859 0.220833 -0.959130 1.528465 0.058234 5.751455 0.060598 -6.198941
0.298000 0.468467 0.000670 0.220888 -0.953346 1.528466 0.052031 5.816102 -0.059910 -6.206995
0.299000 0.467516 0.002198 0.220937 -0.947498 1.528345 0.045820 5.879481 -0.180181 -6.213634
0.300000 0.466572 0.003727 0.220979 -0.941587 1.528105 0.039604 5.941837 -0.300696 -6.218824
0.301000 0.465633 0.005254 0.221016 -0.935614 1.527744 0.033383 6.003213 -0.421444 -6.222451
0.302000 0.464700 0.006782 0.221046 -0.929581 1.527262 0.027159 6.063438 -0.542008 -6.224345
0.303000 0.463774 0.008309 0.221070 -0.923488 1.526660 0.020934 6.122558 -0.662360 -6.224393
0.304000 0.462853 0.009835 0.221088 -0.917336 1.525938 0.014710 6.180875 -0.782863 -6.222607
0.305000 0.461939 0.011361 0.221100 -0.911126 1.525094 0.008489 6.238543 -0.903536 -6.219121
0.306000 0.461031 0.012886 0.221105 -0.904859 1.524130 0.002272 6.295478 -1.023952 -6.214117
0.307000 0.460129 0.014409 0.221104 -0.898535 1.523046 -0.003939 6.351528 -1.143773 -6.207715
0.308000 0.459234 0.015932 0.221097 -0.892156 1.521843 -0.010143 6.406430 -1.262811 -6.199940
0.309000 0.458345 0.017453 0.221084 -0.885722 1.520521 -0.016339 6.459857 -1.380962 -6.190761
0.310000 0.457463 0.018973 0.221064 -0.879236 1.519081 -0.022525 6.511755 -1.498494 -6.180133
0.311000 0.456587 0.020491 0.221039 -0.872699 1.517524 -0.028699 6.562332 -1.615877 -6.167985
0.312000 0.455717 0.022008 0.221007 -0.866111 1.515849 -0.034861 6.611619 -1.733114 -6.154190
0.313000 0.454854 0.023523 0.220969 -0.859475 1.514058 -0.041008 6.659444 -1.849814 -6.138578
0.314000 0.453998 0.025036 0.220925 -0.852792 1.512150 -0.047138 6.705841 -1.965960 -6.121028
0.315000 0.453149 0.026547 0.220875 -0.846064 1.510126 -0.053250 6.751094 -2.081926 -6.101548
0.316000 0.452306 0.028056 0.220819 -0.839290 1.507986 -0.059341 6.795368 -2.197739 -6.080310
0.317000 0.451470 0.029563 0.220756 -0.832473 1.505730 -0.065411 6.838614 -2.312993 -6.057567
0.318000 0.450641 0.031068 0.220688 -0.825613 1.503360 -0.071456 6.880708 -2.427345 -6.033500
0.319000 0.449819 0.032570 0.220613 -0.818711 1.500876 -0.077478 6.921398 -2.540574 -6.008157
0.320000 0.449004 0.034069 0.220533 -0.811770 1.498279 -0.083473 6.960355 -2.652524 -5.981516
0.321000 0.448196 0.035566 0.220446 -0.804791 1.495570 -0.089441 6.997514 -2.763418 -5.953521
0.322000 0.447394 0.037060 0.220354 -0.797775 1.492752 -0.095380 7.033059 -2.873717 -5.924076
0.323000 0.446600 0.038552 0.220256 -0.790725 1.489823 -0.101289 7.067029 -2.983448 -5.893043
0.324000 0.445813 0.040040 0.220151 -0.783641 1.486785 -0.107166 7.099280 -3.092263 -5.860258
0.325000 0.445033 0.041525 0.220041 -0.776526 1.483638 -0.113009 7.129855 -3.200175 -5.825588
0.326000 0.444260 0.043007 0.219925 -0.769381 1.480385 -0.118817 7.159025 -3.307571 -5.789029
0.327000 0.443494 0.044486 0.219804 -0.762208 1.477023 -0.124587 7.186961 -3.414503 -5.750769
0.328000 0.442735 0.045961 0.219676 -0.755007 1.473556 -0.130319 7.213696 -3.520680 -5.711099
0.329000 0.441984 0.047433 0.219543 -0.747781 1.469982 -0.136009 7.239385 -3.626161 -5.670205
0.330000 0.441240 0.048901 0.219404 -0.740529 1.466303 -0.141659 7.264249 -3.731390 -5.628109
0.331000 0.440503 0.050366 0.219260 -0.733252 1.462519 -0.147266 7.288240 -3.836539 -5.584774
0.332000 0.439773 0.051826 0.219110 -0.725952 1.458630 -0.152828 7.311046 -3.941389 -5.540161
0.333000 0.439051 0.053283 0.218954 -0.718630 1.454636 -0.158346 7.332386 -4.045689 -5.494200
0.334000 0.438336 0.054736 0.218793 -0.711287 1.450539 -0.163817 7.352029 -4.149142 -5.446771
0.335000 0.437628 0.056184 0.218626 -0.703926 1.446338 -0.169240 7.369773 -4.251418 -5.397720
0.336000 0.436928 0.057628 0.218454 -0.696548 1.442036 -0.174612 7.385639 -4.352595 -5.346911
0.337000 0.436235 0.059068 0.218277 -0.689155 1.437633 -0.179933 7.399860 -4.453072 -5.294318
0.338000 0.435550 0.060504 0.218095 -0.681748 1.433130 -0.185201 7.412584 -4.552892 -5.240125
0.339000 0.434872 0.061934 0.217907 -0.674330 1.428527 -0.190414 7.423834 -4.651755 -5.184631
0.340000 0.434201 0.063361 0.217714 -0.666900 1.423826 -0.195570 7.433743 -4.749701 -5.128019
0.341000 0.433538 0.064782 0.217516 -0.659462 1.419028 -0.200670 7.442516 -4.847130 -5.070306
0.342000 0.432882 0.066199 0.217312 -0.652015 1.414132 -0.205711 7.450130 -4.944145 -5.011476
0.343000 0.432234 0.067610 0.217104 -0.644562 1.409139 -0.210693 7.456336 -5.040449 -4.951537
0.344000 0.431593 0.069017 0.216891 -0.637103 1.404051 -0.215614 7.460906 -5.135752 -4.890461
0.345000 0.430960 0.070418 0.216673 -0.629640 1.398868 -0.220474 7.463648 -5.229771 -4.828152
0.346000 0.430334 0.071815 0.216450 -0.622175 1.393592 -0.225270 7.464387 -5.322229 -4.764475
0.347000 0.429715 0.073206 0.216222 -0.614711 1.388224 -0.230002 7.463149 -5.413236 -4.699292
0.348000 0.429104 0.074591 0.215990 -0.607249 1.382765 -0.234669 7.460159 -5.503209 -4.632564
0.349000 0.428501 0.075971 0.215753 -0.599791 1.377217 -0.239268 7.455591 -5.592247 -4.564477
0.350000 0.427905 0.077346 0.215512 -0.592338 1.371581 -0.243798 7.449524 -5.680131 -4.495342
0.351000 0.427316 0.078714 0.215265 -0.584892 1.365857 -0.248258 7.442118 -5.766949 -4.425347
0.352000 0.426735 0.080077 0.215015 -0.577454 1.360047 -0.252648 7.433559 -5.853084 -4.354496
0.353000 0.426161 0.081434 0.214760 -0.570025 1.354151 -0.256967 7.423802 -5.938589 -4.282777
0.354000 0.425595 0.082786 0.214501 -0.562606 1.348170 -0.261214 7.412622 -6.023190 -4.210213
0.355000 0.425036 0.084131 0.214238 -0.555199 1.342104 -0.265388 7.399955 -6.106932 -4.136763
0.356000 0.424485 0.085470 0.213970 -0.547806 1.335956 -0.269488 7.385928 -6.190219 -4.062291
0.357000 0.423940 0.086803 0.213699 -0.540428 1.329724 -0.273512 7.370580 -6.273206 -3.986654
0.358000 0.423404 0.088129 0.213423 -0.533065 1.323409 -0.277461 7.353807 -6.355690 -3.909751
0.359000 0.422874 0.089450 0.213144 -0.525720 1.317012 -0.281332 7.335541 -6.437454 -3.831590
0.360000 0.422352 0.090763 0.212861 -0.518394 1.310534 -0.285124 7.315783 -6.518262 -3.752371
0.361000 0.421838 0.092071 0.212574 -0.511088 1.303976 -0.288837 7.294569 -6.597860 -3.672405
0.362000 0.421330 0.093371 0.212283 -0.503805 1.297339 -0.292469 7.272036 -6.676345 -3.591861
0.363000 0.420830 0.094665 0.211989 -0.496544 1.290623 -0.296020 7.248341 -6.754068 -3.510733
0.364000 0.420337 0.095953 0.211691 -0.489308 1.283830 -0.299490 7.223441 -6.831017 -3.429016
0.365000 0.419851 0.097233 0.211390 -0.482097 1.276961 -0.302878 7.197135 -6.906851 -3.346762
0.366000 0.419373 0.098506 0.211085 -0.474914 1.270017 -0.306184 7.169361 -6.981553 -3.263939
0.367000 0.418902 0.099773 0.210777 -0.467759 1.262998 -0.309406 7.140230 -7.055498 -3.180404
0.368000 0.418437 0.101032 0.210466 -0.460633 1.255906 -0.312545 7.109784 -7.128871 -3.096001
0.369000 0.417980 0.102285 0.210152 -0.453539 1.248740 -0.315598 7.077946 -7.201542 -3.010629
0.370000 0.417530 0.103530 0.209835 -0.446478 1.241503 -0.318566 7.044667 -7.273365 -2.924292
0.371000 0.417087 0.104768 0.209515 -0.439450 1.234194 -0.321447 7.009953 -7.344170 -2.837190
0.372000 0.416651 0.105998 0.209192 -0.432458 1.226814 -0.324240 6.973835 -7.413775 -2.749633
0.373000 0.416222 0.107221 0.208867 -0.425502 1.219366 -0.326946 6.936431 -7.482309 -2.661783
0.374000 0.415800 0.108437 0.208538 -0.418585 1.211850 -0.329564 6.897883 -7.550117 -2.573619
0.375000 0.415385 0.109645 0.208207 -0.411706 1.204266 -0.332093 6.858176 -7.617197 -2.485132
0.376000 0.414977 0.110846 0.207874 -0.404868 1.196615 -0.334534 6.817172 -7.683230 -2.396373
0.377000 0.414575 0.112038 0.207538 -0.398072 1.188899 -0.336886 6.774840 -7.748205 -2.307311
0.378000 0.414181 0.113223 0.207200 -0.391319 1.181119 -0.339149 6.731286 -7.812478 -2.217801
0.379000 0.413793 0.114401 0.206860 -0.384609 1.173274 -0.341322 6.686561 -7.876237 -2.127713
0.380000 0.413412 0.115570 0.206518 -0.377946 1.165366 -0.343404 6.640635 -7.939440 -2.036951
0.381000 0.413037 0.116731 0.206173 -0.371328 1.157396 -0.345396 6.593561 -8.002270 -1.945391
0.382000 0.412669 0.117885 0.205827 -0.364758 1.149362 -0.347295 6.545499 -8.065125 -1.852941
0.383000 0.412307 0.119030 0.205479 -0.358237 1.141265 -0.349101 6.496583 -8.128126 -1.759710
0.384000 0.411952 0.120167 0.205129 -0.351765 1.133106 -0.350814 6.446873 -8.191062 -1.665955
0.385000 0.411604 0.121296 0.204777 -0.345343 1.124883 -0.352433 6.396377 -8.253679 -1.571892
0.386000 0.411262 0.122417 0.204424 -0.338973 1.116598 -0.353958 6.345022 -8.315656 -1.477658
0.387000 0.410926 0.123529 0.204069 -0.332653 1.108252 -0.355389 6.292686 -8.376627 -1.383345
0.388000 0.410596 0.124634 0.203713 -0.326387 1.099845 -0.356725 6.239347 -8.436577 -1.288927
0.389000 0.410273 0.125729 0.203356 -0.320175 1.091379 -0.357966 6.185094 -8.495837 -1.194261
0.390000 0.409956 0.126816 0.202997 -0.314017 1.082853 -0.359113 6.129963 -8.554589 -1.099224
0.391000 0.409645 0.127895 0.202637 -0.307915 1.074270 -0.360165 6.073913 -8.612750 -1.003765
0.392000 0.409340 0.128965 0.202277 -0.301869 1.065628 -0.361121 6.016932 -8.670219 -0.907901
0.393000 0.409041 0.130026 0.201915 -0.295881 1.056929 -0.361981 5.959062 -8.726869 -0.811771
0.394000 0.408748 0.131079 0.201553 -0.289951 1.048174 -0.362744 5.900373 -8.782560 -0.715579
0.395000 0.408461 0.132122 0.201190 -0.284080 1.039364 -0.363412 5.840979 -8.837408 -0.619402
0.396000 0.408180 0.133157 0.200826 -0.278269 1.030499 -0.363983 5.780985 -8.891698 -0.523182
0.397000 0.407905 0.134183 0.200462 -0.272518 1.021581 -0.364458 5.720376 -8.945387 -0.426923
0.398000 0.407635 0.135201 0.200097 -0.266828 1.012609 -0.364837 5.659046 -8.998149 -0.330713
0.399000 0.407371 0.136209 0.199732 -0.261200 1.003584 -0.365120 5.596965 -9.049932 -0.234543
0.400000 0.407113 0.137208 0.199367 -0.255634 0.994509 -0.365306 5.534207 -9.101026 -0.138282
0.401000 0.406860 0.138198 0.199002 -0.250132 0.985382 -0.365396 5.470827 -9.151597 -0.041824
0.402000 0.406613 0.139178 0.198636 -0.244693 0.976206 -0.365390 5.406833 -9.201625 0.054880
0.403000 0.406371 0.140150 0.198271 -0.239318 0.966979 -0.365286 5.342280 -9.251275 0.151931
0.404000 0.406134 0.141112 0.197906 -0.234008 0.957703 -0.365086 5.277281 -9.300892 0.249440
0.405000 0.405903 0.142065 0.197541 -0.228763 0.948377 -0.364788 5.211928 -9.350601 0.347367
0.406000 0.405676 0.143009 0.197176 -0.223584 0.939002 -0.364391 5.146262 -9.400249 0.445533
0.407000 0.405455 0.143944 0.196812 -0.218471 0.929577 -0.363897 5.080296 -9.449636 0.543779
0.408000 0.405240 0.144868 0.196448 -0.213424 0.920102 -0.363304 5.013988 -9.498473 0.641976
0.409000 0.405029 0.145784 0.196085 -0.208443 0.910580 -0.362613 4.947270 -9.546420 0.740011
0.410000 0.404823 0.146690 0.195723 -0.203529 0.901010 -0.361824 4.880135 -9.593433 0.837888
0.411000 0.404622 0.147586 0.195362 -0.198683 0.891393 -0.360937 4.812651 -9.639773 0.935726
0.412000 0.404425 0.148472 0.195001 -0.193904 0.881730 -0.359952 4.744872 -9.685591 1.033600
0.413000 0.404234 0.149349 0.194642 -0.189193 0.872022 -0.358870 4.676821 -9.730867 1.131522
0.414000 0.404047 0.150216 0.194283 -0.184550 0.862268 -0.357689 4.608550 -9.775744 1.229561
0.415000 0.403865 0.151074 0.193926 -0.179976 0.852470 -0.356410 4.540162 -9.820518 1.327812
0.416000 0.403687 0.151921 0.193570 -0.175470 0.842627 -0.355033 4.471748 -9.865265 1.426223
0.417000 0.403514 0.152759 0.193216 -0.171032 0.832740 -0.353558 4.403380 -9.909861 1.524631
0.418000 0.403345 0.153587 0.192863 -0.166663 0.822808 -0.351984 4.335139 -9.954353 1.622976
0.419000 0.403180 0.154405 0.192512 -0.162362 0.812831 -0.350312 4.267099 -9.998936 1.721318
0.420000 0.403020 0.155212 0.192163 -0.158129 0.802810 -0.348542 4.199262 -10.043543 1.819641
0.421000 0.402864 0.156010 0.191815 -0.153964 0.792744 -0.346673 4.131573 -10.087834 1.917824
0.422000 0.402712 0.156798 0.191469 -0.149866 0.782634 -0.344706 4.063991 -10.131525 2.015765
0.423000 0.402564 0.157575 0.191126 -0.145836 0.772481 -0.342641 3.996500 -10.174445 2.113385
0.424000 0.402421 0.158343 0.190784 -0.141873 0.762285 -0.340479 3.929098 -10.216483 2.210624
0.425000 0.402281 0.159100 0.190445 -0.137977 0.752048 -0.338220 3.861819 -10.257732 2.307512
0.426000 0.402145 0.159847 0.190108 -0.134149 0.741770 -0.335864 3.794729 -10.298442 2.404135
0.427000 0.402012 0.160584 0.189773 -0.130388 0.731451 -0.333412 3.727875 -10.338687 2.500471
0.428000 0.401884 0.161310 0.189441 -0.126693 0.721092 -0.330863 3.661286 -10.378369 2.596405
0.429000 0.401759 0.162026 0.189111 -0.123065 0.710694 -0.328219 3.595002 -10.417538 2.691906
0.430000 0.401638 0.162731 0.188784 -0.119503 0.700257 -0.325479 3.529075 -10.456360 2.787031
0.431000 0.401520 0.163426 0.188460 -0.116007 0.689782 -0.322645 3.463515 -10.494767 2.881745
0.432000 0.401406 0.164111 0.188139 -0.112576 0.679268 -0.319716 3.398298 -10.532449 2.975902
0.433000 0.401295 0.164785 0.187821 -0.109211 0.668717 -0.316693 3.333413 -10.569135 3.069372
0.434000 0.401187 0.165448 0.187506 -0.105910 0.658129 -0.313577 3.268875 -10.604634 3.162052
0.435000 0.401083 0.166101 0.187194 -0.102673 0.647507 -0.310369 3.204715 -10.638797 3.253854
0.436000 0.400982 0.166743 0.186885 -0.099500 0.636852 -0.307069 3.140981 -10.671663 3.344777
0.437000 0.400884 0.167375 0.186580 -0.096391 0.626164 -0.303679 3.077730 -10.703409 3.434880
0.438000 0.400789 0.167996 0.186278 -0.093345 0.615445 -0.300200 3.015003 -10.734051 3.524108
0.439000 0.400697 0.168606 0.185979 -0.090361 0.604696 -0.296631 2.952825 -10.763446 3.612315
0.440000 0.400608 0.169205 0.185684 -0.087439 0.593918 -0.292975 2.891230 -10.791584 3.699437
0.441000 0.400522 0.169794 0.185393 -0.084578 0.583113 -0.289232 2.830252 -10.818560 3.785497
0.442000 0.400439 0.170371 0.185106 -0.081779 0.572281 -0.285404 2.769896 -10.844247 3.870425
0.443000 0.400359 0.170938 0.184822 -0.079039 0.561424 -0.281491 2.710138 -10.868291 3.954038
0.444000 0.400281 0.171494 0.184543 -0.076358 0.550544 -0.277496 2.650960 -10.890388 4.036160
0.445000 0.400206 0.172039 0.184267 -0.073737 0.539644 -0.273419 2.592354 -10.910332 4.116622
0.446000 0.400134 0.172573 0.183996 -0.071174 0.528724 -0.269263 2.534322 -10.927963 4.195265
0.447000 0.400064 0.173097 0.183729 -0.068668 0.517788 -0.265029 2.476882 -10.943284 4.272028
0.448000 0.399996 0.173609 0.183466 -0.066220 0.506837 -0.260719 2.420071 -10.956407 4.346935
0.449000 0.399931 0.174110 0.183207 -0.063828 0.495875 -0.256335 2.363925 -10.967289 4.419944
0.450000 0.399869 0.174601 0.182953 -0.061492 0.484903 -0.251879 2.308475 -10.975739 4.490931
0.451000 0.399808 0.175080 0.182704 -0.059211 0.473923 -0.247353 2.253750 -10.981686 4.559844
0.452000 0.399750 0.175549 0.182459 -0.056984 0.462939 -0.242759 2.199769 -10.985171 4.626693
0.453000 0.399694 0.176006 0.182218 -0.054811 0.451953 -0.238100 2.146509 -10.986053 4.691389
0.454000 0.399641 0.176452 0.181982 -0.052691 0.440967 -0.233376 2.093924 -10.984032 4.753761
0.455000 0.399589 0.176888 0.181751 -0.050624 0.429985 -0.228592 2.041988 -10.978951 4.813713
0.456000 0.399539 0.177312 0.181525 -0.048607 0.419009 -0.223749 1.990710 -10.970826 4.871235
0.457000 0.399492 0.177726 0.181304 -0.046642 0.408043 -0.218850 1.940108 -10.959575 4.926247
0.458000 0.399446 0.178128 0.181088 -0.044727 0.397090 -0.213896 1.890194 -10.944959 4.978573
0.459000 0.399402 0.178520 0.180876 -0.042862 0.386153 -0.208892 1.840975 -10.926740 5.028043
0.460000 0.399360 0.178901 0.180670 -0.041045 0.375237 -0.203840 1.792459 -10.904682 5.074494
0.461000 0.399320 0.179271 0.180468 -0.039277 0.364344 -0.198743 1.744652 -10.878548 5.117770
0.462000 0.399282 0.179629 0.180272 -0.037556 0.353480 -0.193605 1.697563 -10.848230 5.157791
0.463000 0.399245 0.179978 0.180081 -0.035882 0.342648 -0.188428 1.651199 -10.813702 5.194524
0.464000 0.399210 0.180315 0.179895 -0.034254 0.331852 -0.183216 1.605543 -10.774763 5.227832
0.465000 0.399177 0.180641 0.179715 -0.032671 0.321098 -0.177972 1.560562 -10.731063 5.257490
0.466000 0.399145 0.180957 0.179540 -0.031132 0.310390 -0.172701 1.516236 -10.682382 5.283347
0.467000 0.399114 0.181262 0.179369 -0.029638 0.299733 -0.167405 1.472565 -10.628661 5.305341
0.468000 0.399085 0.181556 0.179205 -0.028187 0.289133 -0.162090 1.429550 -10.569756 5.323337
0.469000 0.399058 0.181840 0.179045 -0.026779 0.278594 -0.156759 1.387183 -10.505383 5.337105
0.470000 0.399032 0.182114 0.178891 -0.025413 0.268122 -0.151416 1.345455 -10.435258 5.346429
0.471000 0.399007 0.182377 0.178742 -0.024088 0.257723 -0.146066 1.304356 -10.359104 5.351118
0.472000 0.398984 0.182629 0.178599 -0.022804 0.247404 -0.140714 1.263875 -10.276638 5.350991
0.473000 0.398962 0.182871 0.178461 -0.021560 0.237170 -0.135364 1.224006 -10.187693 5.345940
0.474000 0.398941 0.183103 0.178328 -0.020356 0.227028 -0.130022 1.184740 -10.092158 5.335895
0.475000 0.398921 0.183325 0.178201 -0.019191 0.216986 -0.124692 1.146045 -9.989749 5.320691
0.476000 0.398902 0.183537 0.178079 -0.018064 0.207049 -0.119380 1.107871 -9.880037 5.300076
0.477000 0.398885 0.183739 0.177962 -0.016975 0.197226 -0.114092 1.070184 -9.762721 5.273872
0.478000 0.398868 0.183932 0.177851 -0.015924 0.187523 -0.108833 1.032970 -9.637674 5.241967
0.479000 0.398853 0.184115 0.177745 -0.014909 0.177950 -0.103608 0.996217 -9.504718 5.204172
0.480000 0.398838 0.184288 0.177644 -0.013931 0.168514 -0.098424 0.959905 -9.363567 5.160202
0.481000 0.398825 0.184452 0.177548 -0.012989 0.159223 -0.093288 0.924011 -9.213928 5.109794
0.482000 0.398812 0.184606 0.177457 -0.012083 0.150086 -0.088205 0.888513 -9.055494 5.052725
0.483000 0.398801 0.184752 0.177371 -0.011212 0.141112 -0.083182 0.853387 -8.887954 4.988795
0.484000 0.398790 0.184888 0.177291 -0.010377 0.132310 -0.078227 0.818619 -8.711093 4.917865
0.485000 0.398780 0.185016 0.177215 -0.009575 0.123690 -0.073346 0.784197 -8.524758 4.839843
0.486000 0.398771 0.185136 0.177144 -0.008808 0.115261 -0.068547 0.750104 -8.328669 4.754559
0.487000 0.398762 0.185247 0.177078 -0.008075 0.107033 -0.063837 0.716315 -8.122434 4.661775
0.488000 0.398755 0.185350 0.177016 -0.007376 0.099016 -0.059224 0.682813 -7.905759 4.561311
0.489000 0.398748 0.185445 0.176959 -0.006709 0.091221 -0.054715 0.649596 -7.678481 4.453032
0.490000 0.398741 0.185532 0.176907 -0.006076 0.083659 -0.050318 0.616667 -7.440386 4.336723
0.491000 0.398736 0.185612 0.176859 -0.005476 0.076340 -0.046041 0.584033 -7.191186 4.212096
0.492000 0.398730 0.185685 0.176815 -0.004908 0.069276 -0.041894 0.551699 -6.930658 4.078932
0.493000 0.398726 0.185751 0.176775 -0.004373 0.062479 -0.037883 0.519660 -6.658651 3.937099
0.494000 0.398722 0.185810 0.176739 -0.003869 0.055959 -0.034019 0.487894 -6.374930 3.786442
0.495000 0.398718 0.185863 0.176707 -0.003397 0.049729 -0.030311 0.456370 -6.079153 3.626741
0.496000 0.398715 0.185909 0.176678 -0.002956 0.043801 -0.026766 0.425056 -5.770951 3.457758
0.497000 0.398712 0.185950 0.176653 -0.002547 0.038187 -0.023395 0.393919 -5.449899 3.279221
0.498000 0.398710 0.185986 0.176632 -0.002168 0.032901 -0.020208 0.362927 -5.115542 3.090835
0.499000 0.398708 0.186016 0.176613 -0.001821 0.027956 -0.017213 0.332056 -4.767546 2.892378
0.500000 0.398706 0.186042 0.176597 -0.001504 0.023366 -0.014423 0.301297 -4.405716 2.683684
0.501000 0.398705 0.186063 0.176584 -0.001218 0.019145 -0.011846 0.270651 -4.029848 2.464525
0.502000 0.398704 0.186080 0.176573 -0.000963 0.015306 -0.009494 0.240120 -3.639693 2.234607
0.503000 0.398703 0.186093 0.176565 -0.000738 0.011865 -0.007377 0.112441 -1.720506 1.058461
0.504000 0.398702 0.186104 0.176559 -0.000738 0.011865 -0.007377 0.112441 -1.720506 1.058461
