0.000000 0.669061 -0.195313 0.137737 -0.004358 -0.000039 0.006588 -0.437541 0.155978 0.372005
0.001000 0.669057 -0.195313 0.137743 -0.004358 -0.000039 0.006588 -0.437541 0.155978 0.372005
0.002000 0.669052 -0.195313 0.137750 -0.005233 0.000273 0.007332 -0.892667 0.318903 0.757210
0.003000 0.669046 -0.195312 0.137758 -0.006144 0.000599 0.008102 -0.928213 0.332951 0.783822
0.004000 0.669040 -0.195312 0.137766 -0.007090 0.000939 0.008899 -0.964513 0.347301 0.810852
0.005000 0.669032 -0.195310 0.137775 -0.008073 0.001294 0.009724 -1.001568 0.361952 0.838291
0.006000 0.669024 -0.195309 0.137785 -0.009093 0.001663 0.010576 -1.039398 0.376903 0.866131
0.007000 0.669014 -0.195307 0.137797 -0.010151 0.002048 0.011456 -1.078028 0.392155 0.894362
0.008000 0.669003 -0.195305 0.137808 -0.011249 0.002448 0.012365 -1.117473 0.407716 0.922972
0.009000 0.668991 -0.195302 0.137821 -0.012386 0.002863 0.013302 -1.157733 0.423609 0.951951
0.010000 0.668978 -0.195299 0.137835 -0.013564 0.003295 0.014268 -1.198799 0.439866 0.981287
0.011000 0.668964 -0.195296 0.137850 -0.014784 0.003743 0.015265 -1.240657 0.456510 1.010977
0.012000 0.668949 -0.195292 0.137866 -0.016046 0.004208 0.016290 -1.283295 0.473546 1.041033
0.013000 0.668932 -0.195287 0.137882 -0.017351 0.004690 0.017347 -1.326696 0.490974 1.071472
0.014000 0.668914 -0.195282 0.137900 -0.018699 0.005190 0.018433 -1.370845 0.508789 1.102305
0.015000 0.668895 -0.195277 0.137919 -0.020092 0.005708 0.019551 -1.415724 0.526985 1.133524
0.016000 0.668874 -0.195271 0.137939 -0.021531 0.006244 0.020700 -1.461314 0.545558 1.165112
0.017000 0.668852 -0.195264 0.137961 -0.023015 0.006799 0.021881 -1.507597 0.564503 1.197052
0.018000 0.668828 -0.195257 0.137983 -0.024546 0.007373 0.023095 -1.554560 0.583825 1.229332
0.019000 0.668803 -0.195250 0.138007 -0.026124 0.007966 0.024340 -1.602207 0.603541 1.261957
0.020000 0.668776 -0.195241 0.138032 -0.027750 0.008580 0.025618 -1.650547 0.623679 1.294936
0.021000 0.668747 -0.195232 0.138058 -0.029425 0.009214 0.026930 -1.699579 0.644268 1.328271
0.022000 0.668717 -0.195223 0.138086 -0.031149 0.009868 0.028275 -1.749285 0.665334 1.361946
0.023000 0.668685 -0.195213 0.138115 -0.032924 0.010544 0.029654 -1.799638 0.686904 1.395936
0.024000 0.668651 -0.195202 0.138145 -0.034749 0.011242 0.031067 -1.850608 0.708993 1.430213
0.025000 0.668615 -0.195190 0.138177 -0.036625 0.011962 0.032514 -1.902173 0.731601 1.464747
0.026000 0.668578 -0.195178 0.138210 -0.038553 0.012705 0.033996 -1.954322 0.754719 1.499508
0.027000 0.668538 -0.195165 0.138245 -0.040534 0.013472 0.035513 -2.007054 0.778335 1.534464
0.028000 0.668497 -0.195151 0.138281 -0.042567 0.014262 0.037065 -2.060367 0.802448 1.569592
0.029000 0.668453 -0.195136 0.138319 -0.044654 0.015077 0.038652 -2.114256 0.827069 1.604882
0.030000 0.668407 -0.195121 0.138358 -0.046796 0.015916 0.040275 -2.168715 0.852217 1.640331
0.031000 0.668360 -0.195104 0.138399 -0.048992 0.016781 0.041933 -2.223725 0.877905 1.675926
0.032000 0.668309 -0.195087 0.138442 -0.051243 0.017672 0.043627 -2.279260 0.904137 1.711639
0.033000 0.668257 -0.195069 0.138487 -0.053550 0.018589 0.045356 -2.335300 0.930924 1.747427
0.034000 0.668202 -0.195050 0.138533 -0.055914 0.019534 0.047122 -2.391826 0.958281 1.783249
0.035000 0.668145 -0.195030 0.138581 -0.058334 0.020506 0.048923 -2.448814 0.986219 1.819061
0.036000 0.668086 -0.195009 0.138631 -0.060811 0.021506 0.050760 -2.506227 1.014736 1.854825
0.037000 0.668024 -0.194987 0.138682 -0.063346 0.022535 0.052633 -2.564035 1.043841 1.890520
0.038000 0.667959 -0.194964 0.138736 -0.065939 0.023594 0.054541 -2.622211 1.073546 1.926128
0.039000 0.667892 -0.194940 0.138791 -0.068591 0.024682 0.056485 -2.680718 1.103856 1.961624
0.040000 0.667822 -0.194915 0.138849 -0.071301 0.025802 0.058464 -2.739512 1.134768 1.996974
0.041000 0.667749 -0.194888 0.138908 -0.074070 0.026952 0.060479 -2.798552 1.166283 2.032150
0.042000 0.667674 -0.194861 0.138970 -0.076898 0.028134 0.062528 -2.857805 1.198413 2.067130
0.043000 0.667595 -0.194832 0.139033 -0.079785 0.029349 0.064613 -2.917242 1.231165 2.101888
0.044000 0.667514 -0.194802 0.139099 -0.082732 0.030597 0.066732 -2.976849 1.264547 2.136400
0.045000 0.667430 -0.194771 0.139167 -0.085739 0.031878 0.068886 -3.036616 1.298566 2.170637
0.046000 0.667343 -0.194738 0.139237 -0.088806 0.033194 0.071074 -3.096515 1.333219 2.204559
0.047000 0.667252 -0.194704 0.139309 -0.091932 0.034544 0.073295 -3.156502 1.368494 2.238107
0.048000 0.667159 -0.194669 0.139384 -0.095119 0.035931 0.075550 -3.216544 1.404386 2.271212
0.049000 0.667062 -0.194633 0.139460 -0.098365 0.037353 0.077837 -3.276616 1.440894 2.303803
0.050000 0.666962 -0.194594 0.139539 -0.101672 0.038812 0.080157 -3.336680 1.478010 2.335810
0.051000 0.666859 -0.194555 0.139621 -0.105039 0.040309 0.082509 -3.396691 1.515718 2.367186
0.052000 0.666752 -0.194514 0.139704 -0.108465 0.041844 0.084892 -3.456627 1.554005 2.397928
0.053000 0.666642 -0.194471 0.139790 -0.111952 0.043417 0.087305 -3.516492 1.592867 2.428063
0.054000 0.666528 -0.194427 0.139879 -0.115498 0.045030 0.089748 -3.576284 1.632298 2.457612
0.055000 0.666411 -0.194381 0.139970 -0.119104 0.046682 0.092220 -3.636000 1.672292 2.486598
0.056000 0.666290 -0.194334 0.140063 -0.122770 0.048374 0.094721 -3.695634 1.712838 2.515037
0.057000 0.666165 -0.194284 0.140159 -0.126496 0.050107 0.097250 -3.755149 1.753920 2.542918
0.058000 0.666037 -0.194233 0.140258 -0.130281 0.051882 0.099807 -3.814484 1.795520 2.570200
0.059000 0.665905 -0.194181 0.140359 -0.134125 0.053698 0.102391 -3.873596 1.837640 2.596842
0.060000 0.665769 -0.194126 0.140463 -0.138028 0.055557 0.105001 -3.932458 1.880299 2.622813
0.061000 0.665629 -0.194070 0.140569 -0.141990 0.057459 0.107636 -3.991022 1.923496 2.648070
0.062000 0.665485 -0.194011 0.140678 -0.146010 0.059404 0.110297 -4.049235 1.967217 2.672559
0.063000 0.665337 -0.193951 0.140789 -0.150088 0.061394 0.112981 -4.107087 2.011460 2.696253
0.064000 0.665184 -0.193888 0.140904 -0.154224 0.063427 0.115689 -4.164605 2.056233 2.719147
0.065000 0.665028 -0.193824 0.141021 -0.158417 0.065506 0.118420 -4.221774 2.101529 2.741209
0.066000 0.664868 -0.193757 0.141141 -0.162668 0.067630 0.121172 -4.278534 2.147315 2.762387
0.067000 0.664703 -0.193689 0.141263 -0.166974 0.069801 0.123944 -4.334839 2.193556 2.782646
0.068000 0.664534 -0.193618 0.141388 -0.171337 0.072017 0.126737 -4.390671 2.240221 2.801971
0.069000 0.664360 -0.193545 0.141517 -0.175756 0.074281 0.129548 -4.446008 2.287288 2.820337
0.070000 0.664182 -0.193469 0.141648 -0.180229 0.076592 0.132378 -4.500825 2.334746 2.837702
0.071000 0.664000 -0.193391 0.141781 -0.184757 0.078951 0.135224 -4.555089 2.382592 2.854011
0.072000 0.663813 -0.193311 0.141918 -0.189339 0.081357 0.138086 -4.608737 2.430804 2.869195
0.073000 0.663621 -0.193229 0.142058 -0.193975 0.083812 0.140962 -4.661699 2.479344 2.883203
0.074000 0.663425 -0.193144 0.142200 -0.198663 0.086316 0.143852 -4.713972 2.528187 2.896054
0.075000 0.663224 -0.193056 0.142345 -0.203403 0.088869 0.146754 -4.765615 2.577323 2.907822
0.076000 0.663018 -0.192966 0.142493 -0.208194 0.091470 0.149668 -4.816670 2.626748 2.918569
0.077000 0.662807 -0.192873 0.142645 -0.213036 0.094122 0.152591 -4.867161 2.676470 2.928339
0.078000 0.662592 -0.192778 0.142799 -0.217928 0.096823 0.155524 -4.917099 2.726505 2.937166
0.079000 0.662371 -0.192679 0.142956 -0.222870 0.099575 0.158466 -4.966438 2.776841 2.945033
0.080000 0.662146 -0.192578 0.143116 -0.227861 0.102377 0.161414 -5.015097 2.827445 2.951879
0.081000 0.661916 -0.192475 0.143278 -0.232900 0.105230 0.164369 -5.063045 2.878298 2.957659
0.082000 0.661680 -0.192368 0.143444 -0.237987 0.108134 0.167330 -5.110294 2.929402 2.962350
0.083000 0.661440 -0.192258 0.143613 -0.243121 0.111089 0.170294 -5.156810 2.980734 2.965905
0.084000 0.661194 -0.192146 0.143785 -0.248301 0.114095 0.173262 -5.202520 3.032249 2.968271
0.085000 0.660943 -0.192030 0.143960 -0.253526 0.117153 0.176231 -5.247427 3.083919 2.969467
0.086000 0.660687 -0.191912 0.144137 -0.258796 0.120263 0.179200 -5.291592 3.135733 2.969559
0.087000 0.660426 -0.191790 0.144318 -0.264109 0.123425 0.182170 -5.335007 3.187656 2.968562
0.088000 0.660159 -0.191665 0.144502 -0.269466 0.126638 0.185138 -5.377580 3.239632 2.966435
0.089000 0.659887 -0.191536 0.144688 -0.274864 0.129904 0.188103 -5.419245 3.291621 2.963162
0.090000 0.659609 -0.191405 0.144878 -0.280304 0.133222 0.191064 -5.459990 3.343605 2.958773
0.091000 0.659326 -0.191270 0.145070 -0.285784 0.136591 0.194020 -5.499815 3.395574 2.953290
0.092000 0.659037 -0.191132 0.145266 -0.291304 0.140013 0.196970 -5.538745 3.447529 2.946712
0.093000 0.658743 -0.190990 0.145464 -0.296862 0.143486 0.199914 -5.576815 3.499476 2.939028
0.094000 0.658444 -0.190845 0.145666 -0.302458 0.147012 0.202849 -5.613991 3.551387 2.930189
0.095000 0.658138 -0.190696 0.145870 -0.308090 0.150589 0.205774 -5.650193 3.603212 2.920142
0.096000 0.657828 -0.190544 0.146077 -0.313758 0.154218 0.208689 -5.685446 3.654942 2.908924
0.097000 0.657511 -0.190388 0.146287 -0.319461 0.157899 0.211592 -5.719854 3.706596 2.896640
0.098000 0.657189 -0.190228 0.146501 -0.325198 0.161631 0.214482 -5.753430 3.758159 2.883326
0.099000 0.656861 -0.190064 0.146716 -0.330968 0.165415 0.217359 -5.786073 3.809577 2.868939
0.100000 0.656527 -0.189897 0.146935 -0.336770 0.169250 0.220220 -5.817715 3.860827 2.853462
0.101000 0.656187 -0.189726 0.147157 -0.342603 0.173137 0.223065 -5.848354 3.911925 2.836929
0.102000 0.655841 -0.189551 0.147381 -0.348466 0.177074 0.225894 -5.878001 3.962882 2.819363
0.103000 0.655490 -0.189372 0.147609 -0.354359 0.181063 0.228704 -5.906692 4.013706 2.800772
0.104000 0.655133 -0.189189 0.147839 -0.360280 0.185102 0.231495 -5.934473 4.064402 2.781148
0.105000 0.654770 -0.189001 0.148072 -0.366228 0.189191 0.234266 -5.961300 4.114928 2.760440
0.106000 0.654400 -0.188810 0.148307 -0.372202 0.193332 0.237016 -5.987075 4.165214 2.738594
0.107000 0.654025 -0.188615 0.148546 -0.378202 0.197522 0.239744 -6.011813 4.215235 2.715671
0.108000 0.653644 -0.188415 0.148787 -0.384226 0.201762 0.242448 -6.035625 4.265004 2.691812
0.109000 0.653257 -0.188211 0.149031 -0.390273 0.206052 0.245127 -6.058515 4.314490 2.667078
0.110000 0.652863 -0.188003 0.149277 -0.396343 0.210391 0.247782 -6.080360 4.363616 2.641423
0.111000 0.652464 -0.187790 0.149526 -0.402434 0.214779 0.250410 -6.101081 4.412342 2.614831
0.112000 0.652058 -0.187573 0.149778 -0.408545 0.219216 0.253011 -6.120663 4.460666 2.587331
0.113000 0.651647 -0.187352 0.150032 -0.414675 0.223700 0.255585 -6.139014 4.508543 2.558893
0.114000 0.651229 -0.187126 0.150289 -0.420823 0.228233 0.258129 -6.155988 4.555899 2.529423
0.115000 0.650805 -0.186896 0.150548 -0.426987 0.232812 0.260644 -6.171554 4.602728 2.498862
0.116000 0.650375 -0.186660 0.150810 -0.433166 0.237438 0.263127 -6.185802 4.649092 2.467215
0.117000 0.649939 -0.186421 0.151075 -0.439359 0.242110 0.265578 -6.198833 4.695046 2.434529
0.118000 0.649496 -0.186176 0.151341 -0.445564 0.246828 0.267996 -6.210773 4.740643 2.400922
0.119000 0.649048 -0.185927 0.151611 -0.451781 0.251592 0.270380 -6.221757 4.785930 2.366555
0.120000 0.648593 -0.185673 0.151882 -0.458008 0.256400 0.272729 -6.231780 4.830881 2.331486
0.121000 0.648132 -0.185414 0.152156 -0.464244 0.261253 0.275043 -6.240706 4.875413 2.295665
0.122000 0.647664 -0.185151 0.152432 -0.470489 0.266151 0.277320 -6.248469 4.919490 2.259075
0.123000 0.647191 -0.184882 0.152711 -0.476741 0.271092 0.279561 -6.255089 4.963127 2.221752
0.124000 0.646711 -0.184608 0.152991 -0.482999 0.276077 0.281764 -6.260489 5.006282 2.183669
0.125000 0.646225 -0.184330 0.153274 -0.489262 0.281105 0.283928 -6.264508 5.048862 2.144725
0.126000 0.645732 -0.184046 0.153559 -0.495528 0.286175 0.286053 -6.267103 5.090838 2.104865
0.127000 0.645234 -0.183757 0.153846 -0.501796 0.291287 0.288138 -6.268371 5.132257 2.064104
0.128000 0.644729 -0.183464 0.154136 -0.508065 0.296439 0.290182 -6.268427 5.173169 2.022499
0.129000 0.644218 -0.183165 0.154427 -0.514333 0.301633 0.292183 -6.267426 5.213634 1.980181
0.130000 0.643700 -0.182860 0.154720 -0.520600 0.306867 0.294142 -6.265545 5.253717 1.937323
0.131000 0.643176 -0.182551 0.155015 -0.526864 0.312140 0.296058 -6.262788 5.293390 1.893988
0.132000 0.642646 -0.182236 0.155312 -0.533125 0.317454 0.297930 -6.259004 5.332545 1.850135
0.133000 0.642110 -0.181916 0.155611 -0.539382 0.322806 0.299758 -6.254115 5.371124 1.805775
0.134000 0.641568 -0.181590 0.155912 -0.545634 0.328196 0.301541 -6.248143 5.409118 1.760992
0.135000 0.641019 -0.181259 0.156214 -0.551878 0.333624 0.303280 -6.240998 5.446460 1.715788
0.136000 0.640464 -0.180923 0.156518 -0.558116 0.339089 0.304973 -6.232491 5.483043 1.670073
0.137000 0.639903 -0.180581 0.156824 -0.564343 0.344590 0.306620 -6.222570 5.518860 1.623799
0.138000 0.639335 -0.180234 0.157131 -0.570561 0.350126 0.308221 -6.211335 5.554008 1.576996
0.139000 0.638762 -0.179881 0.157440 -0.576766 0.355698 0.309774 -6.198917 5.588586 1.529738
0.140000 0.638182 -0.179523 0.157751 -0.582959 0.361304 0.311280 -6.185502 5.622705 1.482172
0.141000 0.637596 -0.179158 0.158063 -0.589137 0.366943 0.312738 -6.171302 5.656478 1.434487
0.142000 0.637003 -0.178789 0.158376 -0.595301 0.372617 0.314149 -6.156340 5.689900 1.386755
0.143000 0.636405 -0.178413 0.158691 -0.601450 0.378323 0.315512 -6.140457 5.722855 1.338924
0.144000 0.635800 -0.178032 0.159007 -0.607582 0.384062 0.316827 -6.123591 5.755280 1.290993
0.145000 0.635190 -0.177645 0.159325 -0.613697 0.389834 0.318094 -6.105799 5.787177 1.243028
0.146000 0.634573 -0.177252 0.159644 -0.619794 0.395637 0.319313 -6.087005 5.818476 1.195014
0.147000 0.633950 -0.176854 0.159964 -0.625871 0.401471 0.320484 -6.067005 5.849058 1.146845
0.148000 0.633321 -0.176449 0.160285 -0.631928 0.407335 0.321607 -6.045734 5.878937 1.098459
0.149000 0.632686 -0.176039 0.160607 -0.637962 0.413228 0.322681 -6.023300 5.908252 1.049873
0.150000 0.632045 -0.175623 0.160930 -0.643974 0.419151 0.323706 -5.999839 5.937128 1.001155
0.151000 0.631398 -0.175201 0.161254 -0.649962 0.425103 0.324683 -5.975542 5.965669 0.952467
0.152000 0.630746 -0.174773 0.161579 -0.655925 0.431083 0.325611 -5.950628 5.993965 0.904015
0.153000 0.630087 -0.174339 0.161905 -0.661863 0.437091 0.326491 -5.925109 6.021979 0.855884
0.154000 0.629422 -0.173899 0.162232 -0.667776 0.443127 0.327323 -5.898801 6.049563 0.808010
0.155000 0.628751 -0.173452 0.162560 -0.673661 0.449190 0.328107 -5.871633 6.076643 0.760354
0.156000 0.628074 -0.173000 0.162889 -0.679519 0.455280 0.328844 -5.843664 6.103226 0.712939
0.157000 0.627392 -0.172542 0.163218 -0.685348 0.461396 0.329533 -5.814811 6.129232 0.665714
0.158000 0.626704 -0.172077 0.163548 -0.691148 0.467538 0.330175 -5.784857 6.154520 0.618564
0.159000 0.626010 -0.171607 0.163878 -0.696918 0.473705 0.330770 -5.753753 6.179092 0.571439
0.160000 0.625310 -0.171130 0.164209 -0.702656 0.479896 0.331318 -5.721649 6.203097 0.524382
0.161000 0.624604 -0.170647 0.164541 -0.708361 0.486111 0.331819 -5.688715 6.226676 0.477479
0.162000 0.623893 -0.170158 0.164873 -0.714033 0.492350 0.332273 -5.655161 6.249967 0.430890
0.163000 0.623176 -0.169662 0.165205 -0.719672 0.498611 0.332681 -5.621216 6.273098 0.384821
0.164000 0.622454 -0.169161 0.165538 -0.725276 0.504896 0.333043 -5.586885 6.296044 0.339345
0.165000 0.621726 -0.168653 0.165871 -0.730845 0.511203 0.333360 -5.551962 6.318633 0.294394
0.166000 0.620992 -0.168138 0.166205 -0.736380 0.517533 0.333632 -5.516369 6.340755 0.249924
0.167000 0.620253 -0.167617 0.166539 -0.741878 0.523885 0.333859 -5.480172 6.362385 0.205949
0.168000 0.619508 -0.167090 0.166873 -0.747340 0.530258 0.334043 -5.443281 6.383409 0.162412
0.169000 0.618758 -0.166557 0.167207 -0.752765 0.536652 0.334184 -5.405458 6.403669 0.119172
0.170000 0.618003 -0.166017 0.167541 -0.758151 0.543065 0.334282 -5.366650 6.423205 0.076125
0.171000 0.617242 -0.165471 0.167875 -0.763498 0.549498 0.334336 -5.326970 6.442205 0.033216
0.172000 0.616476 -0.164918 0.168210 -0.768805 0.555950 0.334348 -5.286362 6.460705 -0.009650
0.173000 0.615704 -0.164359 0.168544 -0.774071 0.562420 0.334317 -5.244620 6.478585 -0.052552
0.174000 0.614928 -0.163793 0.168878 -0.779294 0.568907 0.334243 -5.201749 6.495846 -0.095396
0.175000 0.614146 -0.163221 0.169212 -0.784474 0.575411 0.334126 -5.157985 6.512642 -0.137948
0.176000 0.613359 -0.162642 0.169546 -0.789610 0.581932 0.333967 -5.113536 6.529091 -0.180034
0.177000 0.612567 -0.162057 0.169880 -0.794701 0.588469 0.333766 -5.068557 6.545239 -0.221588
0.178000 0.611769 -0.161465 0.170214 -0.799747 0.595023 0.333524 -5.023174 6.561094 -0.262601
0.179000 0.610967 -0.160867 0.170547 -0.804748 0.601592 0.333241 -4.977293 6.576525 -0.303155
0.180000 0.610160 -0.160262 0.170880 -0.809702 0.608176 0.332918 -4.930664 6.591336 -0.343403
0.181000 0.609348 -0.159651 0.171213 -0.814609 0.614774 0.332554 -4.883229 6.605525 -0.383449
0.182000 0.608531 -0.159033 0.171546 -0.819468 0.621387 0.332151 -4.835116 6.619246 -0.423347
0.183000 0.607709 -0.158408 0.171878 -0.824279 0.628013 0.331708 -4.786267 6.632494 -0.463189
0.184000 0.606882 -0.157777 0.172209 -0.829041 0.634652 0.331224 -4.736463 6.645108 -0.503066
0.185000 0.606051 -0.157139 0.172540 -0.833752 0.641303 0.330701 -4.685708 6.657073 -0.542903
0.186000 0.605215 -0.156494 0.172870 -0.838412 0.647966 0.330139 -4.634258 6.668543 -0.582498
0.187000 0.604374 -0.155843 0.173200 -0.843021 0.654640 0.329536 -4.582340 6.679636 -0.621700
0.188000 0.603529 -0.155185 0.173529 -0.847577 0.661325 0.328895 -4.530127 6.690400 -0.660446
0.189000 0.602679 -0.154520 0.173858 -0.852081 0.668021 0.328216 -4.477765 6.700843 -0.698726
0.190000 0.601824 -0.153849 0.174186 -0.856533 0.674727 0.327498 -4.425162 6.710821 -0.736618
0.191000 0.600966 -0.153171 0.174513 -0.860931 0.681443 0.326742 -4.372047 6.720128 -0.774268
0.192000 0.600103 -0.152486 0.174839 -0.865277 0.688167 0.325949 -4.318341 6.728798 -0.811774
0.193000 0.599235 -0.151794 0.175165 -0.869568 0.694900 0.325119 -4.264156 6.737045 -0.849185
0.194000 0.598363 -0.151096 0.175490 -0.873805 0.701641 0.324251 -4.209415 6.744903 -0.886586
0.195000 0.597488 -0.150391 0.175813 -0.877987 0.708390 0.323346 -4.153880 6.752209 -0.924060
0.196000 0.596607 -0.149679 0.176136 -0.882113 0.715146 0.322403 -4.097560 6.758960 -0.961527
0.197000 0.595723 -0.148961 0.176458 -0.886182 0.721908 0.321423 -4.040687 6.765310 -0.998791
0.198000 0.594835 -0.148236 0.176779 -0.890194 0.728676 0.320405 -3.983262 6.771231 -1.035771
0.199000 0.593943 -0.147503 0.177099 -0.894148 0.735450 0.319351 -3.925030 6.776475 -1.072543
0.200000 0.593047 -0.146765 0.177418 -0.898044 0.742229 0.318260 -3.865892 6.780880 -1.109191
0.201000 0.592147 -0.146019 0.177736 -0.901880 0.749012 0.317133 -3.805976 6.784456 -1.145742
0.202000 0.591243 -0.145267 0.178052 -0.905656 0.755798 0.315969 -3.745425 6.787269 -1.182229
0.203000 0.590335 -0.144507 0.178368 -0.909371 0.762587 0.314768 -3.684409 6.789506 -1.218701
0.204000 0.589424 -0.143741 0.178682 -0.913025 0.769377 0.313531 -3.623111 6.791411 -1.255213
0.205000 0.588509 -0.142969 0.178995 -0.916617 0.776169 0.312258 -3.561464 6.792999 -1.291868
0.206000 0.587591 -0.142189 0.179306 -0.920148 0.782963 0.310947 -3.499219 6.794076 -1.328745
0.207000 0.586669 -0.141403 0.179616 -0.923616 0.789758 0.309600 -3.436373 6.794619 -1.365755
0.208000 0.585744 -0.140610 0.179925 -0.927021 0.796552 0.308216 -3.373150 6.794780 -1.402690
0.209000 0.584815 -0.139810 0.180233 -0.930362 0.803347 0.306795 -3.309539 6.794510 -1.439455
0.210000 0.583883 -0.139003 0.180539 -0.933640 0.810141 0.305337 -3.245279 6.793518 -1.476115
0.211000 0.582948 -0.138189 0.180844 -0.936853 0.816934 0.303843 -3.180283 6.791600 -1.512738
0.212000 0.582009 -0.137369 0.181147 -0.940000 0.823725 0.302312 -3.114710 6.788730 -1.549337
0.213000 0.581068 -0.136542 0.181448 -0.943082 0.830512 0.300744 -3.048729 6.784959 -1.585921
0.214000 0.580123 -0.135708 0.181748 -0.946098 0.837295 0.299140 -2.982517 6.780486 -1.622498
0.215000 0.579176 -0.134867 0.182046 -0.949047 0.844073 0.297499 -2.916259 6.775588 -1.659074
0.216000 0.578225 -0.134020 0.182343 -0.951930 0.850846 0.295822 -2.849879 6.770289 -1.695714
0.217000 0.577272 -0.133166 0.182638 -0.954747 0.857613 0.294108 -2.783115 6.764394 -1.732481
0.218000 0.576316 -0.132305 0.182931 -0.957496 0.864375 0.292357 -2.715957 6.757914 -1.769293
0.219000 0.575357 -0.131437 0.183223 -0.960179 0.871129 0.290569 -2.648628 6.751064 -1.805959
0.220000 0.574395 -0.130562 0.183513 -0.962794 0.877877 0.288745 -2.581116 6.743828 -1.842392
0.221000 0.573431 -0.129681 0.183800 -0.965341 0.884617 0.286884 -2.513144 6.735904 -1.878651
0.222000 0.572465 -0.128793 0.184086 -0.967820 0.891348 0.284987 -2.444623 6.727072 -1.914788
0.223000 0.571496 -0.127898 0.184370 -0.970230 0.898071 0.283055 -2.375719 6.717308 -1.950798
0.224000 0.570524 -0.126997 0.184652 -0.972571 0.904783 0.281086 -2.306602 6.706672 -1.986682
0.225000 0.569550 -0.126089 0.184932 -0.974843 0.911484 0.279081 -2.237460 6.695387 -2.022456
0.226000 0.568574 -0.125174 0.185211 -0.977046 0.918174 0.277041 -2.168483 6.683764 -2.058140
0.227000 0.567596 -0.124252 0.185487 -0.979180 0.924852 0.274965 -2.099594 6.671833 -2.093806
0.228000 0.566616 -0.123324 0.185760 -0.981245 0.931518 0.272853 -2.030514 6.659380 -2.129518
0.229000 0.565634 -0.122389 0.186032 -0.983241 0.938171 0.270706 -1.961207 6.646399 -2.165200
0.230000 0.564650 -0.121448 0.186302 -0.985168 0.944810 0.268523 -1.891873 6.633101 -2.200675
0.231000 0.563663 -0.120500 0.186569 -0.987025 0.951437 0.266305 -1.822475 6.619450 -2.235860
0.232000 0.562676 -0.119545 0.186835 -0.988813 0.958049 0.264051 -1.752736 6.605104 -2.270803
0.233000 0.561686 -0.118584 0.187097 -0.990531 0.964647 0.261763 -1.682592 6.589800 -2.305535
0.234000 0.560694 -0.117616 0.187358 -0.992178 0.971229 0.259440 -1.612199 6.573417 -2.340040
0.235000 0.559702 -0.116641 0.187616 -0.993755 0.977794 0.257083 -1.541489 6.555686 -2.374357
0.236000 0.558707 -0.115660 0.187872 -0.995261 0.984340 0.254691 -1.470155 6.536281 -2.408585
0.237000 0.557711 -0.114673 0.188126 -0.996695 0.990866 0.252266 -1.398101 6.515230 -2.442780
0.238000 0.556714 -0.113678 0.188377 -0.998057 0.997371 0.249806 -1.325503 6.492886 -2.476932
0.239000 0.555715 -0.112678 0.188625 -0.999346 1.003852 0.247312 -1.252563 6.469581 -2.510984
0.240000 0.554715 -0.111671 0.188871 -1.000562 1.010310 0.244784 -1.179525 6.445611 -2.544801
0.241000 0.553714 -0.110657 0.189115 -1.001705 1.016743 0.242222 -1.106660 6.421246 -2.578204
0.242000 0.552711 -0.109637 0.189356 -1.002776 1.023152 0.239627 -1.033942 6.396436 -2.611108
0.243000 0.551708 -0.108611 0.189594 -1.003773 1.029536 0.237000 -0.961097 6.370821 -2.643547
0.244000 0.550704 -0.107578 0.189830 -1.004698 1.035894 0.234340 -0.888076 6.344148 -2.675526
0.245000 0.549699 -0.106539 0.190063 -1.005549 1.042224 0.231649 -0.815054 6.316329 -2.707005
0.246000 0.548693 -0.105494 0.190293 -1.006328 1.048527 0.228926 -0.741974 6.287106 -2.737995
0.247000 0.547686 -0.104442 0.190521 -1.007033 1.054799 0.226173 -0.668528 6.256146 -2.768579
0.248000 0.546679 -0.103384 0.190745 -1.007665 1.061039 0.223389 -0.594609 6.223488 -2.798811
0.249000 0.545671 -0.102320 0.190967 -1.008223 1.067246 0.220575 -0.520382 6.189525 -2.828688
0.250000 0.544662 -0.101250 0.191187 -1.008706 1.073418 0.217732 -0.446039 6.154629 -2.858161
0.251000 0.543653 -0.100173 0.191403 -1.009115 1.079555 0.214859 -0.371814 6.119131 -2.887102
0.252000 0.542644 -0.099091 0.191616 -1.009449 1.085656 0.211958 -0.297970 6.083344 -2.915338
0.253000 0.541635 -0.098002 0.191827 -1.009711 1.091722 0.209028 -0.224472 6.047228 -2.942786
0.254000 0.540625 -0.096907 0.192034 -1.009898 1.097751 0.206072 -0.151042 6.010395 -2.969479
0.255000 0.539615 -0.095806 0.192239 -1.010013 1.103742 0.203089 -0.077620 5.972559 -2.995447
0.256000 0.538605 -0.094700 0.192441 -1.010054 1.109696 0.200081 -0.004378 5.933597 -3.020685
0.257000 0.537595 -0.093587 0.192639 -1.010021 1.115610 0.197048 0.068746 5.893217 -3.045227
0.258000 0.536585 -0.092468 0.192835 -1.009916 1.121482 0.193991 0.142065 5.851061 -3.069142
0.259000 0.535575 -0.091344 0.193027 -1.009737 1.127312 0.190910 0.215687 5.807182 -3.092460
0.260000 0.534565 -0.090214 0.193216 -1.009485 1.133097 0.187806 0.289451 5.762013 -3.115149
0.261000 0.533556 -0.089078 0.193403 -1.009158 1.138836 0.184679 0.363167 5.715957 -3.137160
0.262000 0.532547 -0.087936 0.193586 -1.008758 1.144528 0.181531 0.436601 5.669366 -3.158409
0.263000 0.531538 -0.086789 0.193766 -1.008285 1.150174 0.178363 0.509492 5.622559 -3.178792
0.264000 0.530530 -0.085636 0.193943 -1.007739 1.155774 0.175174 0.581872 5.575490 -3.198272
0.265000 0.529523 -0.084477 0.194116 -1.007121 1.161325 0.171966 0.654020 5.527749 -3.216888
0.266000 0.528516 -0.083313 0.194286 -1.006431 1.166829 0.168740 0.725993 5.479039 -3.234670
0.267000 0.527510 -0.082144 0.194454 -1.005669 1.172284 0.165497 0.797614 5.429247 -3.251612
0.268000 0.526505 -0.080969 0.194617 -1.004836 1.177688 0.162237 0.868944 5.378073 -3.267742
0.269000 0.525500 -0.079788 0.194778 -1.003932 1.183040 0.158961 0.940289 5.325137 -3.283118
0.270000 0.524497 -0.078602 0.194935 -1.002956 1.188338 0.155671 1.011754 5.270488 -3.297760
0.271000 0.523494 -0.077411 0.195089 -1.001908 1.193581 0.152366 1.083171 5.214573 -3.311641
0.272000 0.522493 -0.076215 0.195240 -1.000789 1.198767 0.149047 1.154354 5.157816 -3.324723
0.273000 0.521493 -0.075014 0.195388 -0.999599 1.203896 0.145716 1.225087 5.100608 -3.336948
0.274000 0.520494 -0.073808 0.195532 -0.998339 1.208968 0.142373 1.295134 5.043316 -3.348248
0.275000 0.519496 -0.072596 0.195672 -0.997009 1.213983 0.139020 1.364545 4.985914 -3.358603
0.276000 0.518500 -0.071380 0.195810 -0.995610 1.218940 0.135656 1.433610 4.927988 -3.368048
0.277000 0.517505 -0.070158 0.195944 -0.994142 1.223839 0.132284 1.502399 4.869240 -3.376606
0.278000 0.516511 -0.068932 0.196074 -0.992605 1.228679 0.128903 1.570761 4.809568 -3.384270
0.279000 0.515520 -0.067701 0.196201 -0.991000 1.233458 0.125515 1.638768 4.748674 -3.391060
0.280000 0.514529 -0.066465 0.196325 -0.989328 1.238176 0.122121 1.706724 4.686176 -3.397017
0.281000 0.513541 -0.065224 0.196446 -0.987587 1.242830 0.118721 1.774720 4.622146 -3.402154
0.282000 0.512554 -0.063979 0.196563 -0.985778 1.247420 0.115317 1.842634 4.557007 -3.406452
0.283000 0.511569 -0.062730 0.196676 -0.983902 1.251944 0.111908 1.910553 4.490845 -3.409917
0.284000 0.510587 -0.061475 0.196786 -0.981957 1.256402 0.108497 1.978776 4.423380 -3.412590
0.285000 0.509606 -0.060217 0.196893 -0.979944 1.260791 0.105083 2.047364 4.354592 -3.414493
0.286000 0.508627 -0.058954 0.196997 -0.977862 1.265111 0.101668 2.116094 4.284808 -3.415624
0.287000 0.507650 -0.057687 0.197097 -0.975712 1.269361 0.098252 2.184732 4.214255 -3.415976
0.288000 0.506675 -0.056415 0.197193 -0.973493 1.273540 0.094836 2.253026 4.142988 -3.415541
0.289000 0.505703 -0.055139 0.197286 -0.971206 1.277647 0.091421 2.320716 4.070964 -3.414306
0.290000 0.504733 -0.053860 0.197376 -0.968851 1.281681 0.088007 2.387827 3.997867 -3.412279
0.291000 0.503765 -0.052576 0.197462 -0.966430 1.285642 0.084596 2.454644 3.923296 -3.409487
0.292000 0.502800 -0.051289 0.197545 -0.963942 1.289528 0.081188 2.521260 3.847332 -3.405932
0.293000 0.501837 -0.049997 0.197625 -0.961388 1.293337 0.077784 2.587562 3.770418 -3.401594
0.294000 0.500877 -0.048702 0.197701 -0.958767 1.297069 0.074385 2.653646 3.692649 -3.396470
0.295000 0.499920 -0.047403 0.197773 -0.956080 1.300722 0.070991 2.719813 3.613743 -3.390583
0.296000 0.498965 -0.046100 0.197843 -0.953327 1.304296 0.067604 2.786155 3.533691 -3.383947
0.297000 0.498013 -0.044794 0.197909 -0.950508 1.307790 0.064223 2.852491 3.452847 -3.376561
0.298000 0.497064 -0.043485 0.197971 -0.947622 1.311202 0.060851 2.918610 3.371468 -3.368426
0.299000 0.496118 -0.042172 0.198030 -0.944671 1.314533 0.057487 2.984254 3.289640 -3.359559
0.300000 0.495175 -0.040856 0.198086 -0.941654 1.317781 0.054132 3.049139 3.207350 -3.349980
0.301000 0.494235 -0.039536 0.198139 -0.938573 1.320947 0.050787 3.113264 3.124295 -3.339714
0.302000 0.493297 -0.038214 0.198188 -0.935427 1.324030 0.047452 3.176893 3.040067 -3.328781
0.303000 0.492364 -0.036888 0.198233 -0.932219 1.327028 0.044129 3.240117 2.954737 -3.317178
0.304000 0.491433 -0.035560 0.198276 -0.928947 1.329939 0.040818 3.302825 2.868746 -3.304881
0.305000 0.490506 -0.034228 0.198315 -0.925613 1.332765 0.037519 3.365109 2.782181 -3.291880
0.306000 0.489582 -0.032894 0.198351 -0.922217 1.335504 0.034234 3.427261 2.694742 -3.278193
0.307000 0.488661 -0.031557 0.198384 -0.918759 1.338155 0.030963 3.489364 2.606415 -3.263853
0.308000 0.487744 -0.030218 0.198413 -0.915238 1.340717 0.027706 3.551297 2.517495 -3.248889
0.309000 0.486831 -0.028876 0.198439 -0.911656 1.343190 0.024465 3.613132 2.427935 -3.233332
0.310000 0.485921 -0.027532 0.198462 -0.908012 1.345573 0.021240 3.675117 2.337276 -3.217206
0.311000 0.485015 -0.026185 0.198481 -0.904306 1.347864 0.018031 3.737246 2.245203 -3.200534
0.312000 0.484112 -0.024836 0.198498 -0.900537 1.350063 0.014839 3.799231 2.151718 -3.183331
0.313000 0.483214 -0.023485 0.198511 -0.896707 1.352168 0.011664 3.860814 2.056954 -3.165594
0.314000 0.482319 -0.022132 0.198521 -0.892816 1.354177 0.008507 3.921796 1.961286 -3.147283
0.315000 0.481428 -0.020776 0.198528 -0.888864 1.356090 0.005370 3.982005 1.865225 -3.128341
0.316000 0.480541 -0.019419 0.198532 -0.884852 1.357907 0.002251 4.041523 1.768859 -3.108726
0.317000 0.479658 -0.018061 0.198533 -0.880781 1.359628 -0.000848 4.100634 1.671896 -3.088443
0.318000 0.478780 -0.016700 0.198530 -0.876651 1.361251 -0.003926 4.159434 1.574350 -3.067539
0.319000 0.477905 -0.015338 0.198525 -0.872462 1.362777 -0.006983 4.217829 1.476560 -3.046081
0.320000 0.477035 -0.013975 0.198516 -0.868215 1.364204 -0.010018 4.275901 1.378513 -3.024114
0.321000 0.476169 -0.012610 0.198505 -0.863910 1.365534 -0.013031 4.333888 1.279767 -3.001651
0.322000 0.475307 -0.011243 0.198490 -0.859547 1.366764 -0.016022 4.391770 1.180045 -2.978683
0.323000 0.474450 -0.009876 0.198473 -0.855126 1.367894 -0.018989 4.449251 1.079394 -2.955196
0.324000 0.473597 -0.008508 0.198452 -0.850649 1.368923 -0.021932 4.506066 0.977970 -2.931161
0.325000 0.472748 -0.007138 0.198429 -0.846114 1.369850 -0.024851 4.562005 0.876127 -2.906533
0.326000 0.471904 -0.005768 0.198403 -0.841525 1.370675 -0.027745 4.616890 0.774329 -2.881256
0.327000 0.471065 -0.004397 0.198373 -0.836881 1.371398 -0.030613 4.670784 0.672624 -2.855284
0.328000 0.470231 -0.003025 0.198341 -0.832183 1.372020 -0.033456 4.723954 0.570696 -2.828621
0.329000 0.469401 -0.001653 0.198306 -0.827433 1.372540 -0.036271 4.776504 0.468545 -2.801334
0.330000 0.468576 -0.000280 0.198269 -0.822630 1.372957 -0.039058 4.828357 0.366498 -2.773526
0.331000 0.467756 0.001093 0.198228 -0.817776 1.373273 -0.041818 4.879603 0.264533 -2.745266
0.332000 0.466940 0.002466 0.198185 -0.812871 1.373486 -0.044549 4.930458 0.162210 -2.716574
0.333000 0.466130 0.003840 0.198139 -0.807915 1.373597 -0.047251 4.980883 0.059268 -2.687468
0.334000 0.465324 0.005214 0.198091 -0.802909 1.373605 -0.049924 5.030570 -0.044219 -2.657967
0.335000 0.464524 0.006587 0.198039 -0.797854 1.373509 -0.052567 5.079249 -0.148076 -2.628054
0.336000 0.463729 0.007961 0.197986 -0.792751 1.373309 -0.055180 5.126720 -0.251942 -2.597649
0.337000 0.462939 0.009334 0.197929 -0.787600 1.373005 -0.057762 5.172821 -0.355357 -2.566635
0.338000 0.462154 0.010707 0.197870 -0.782405 1.372598 -0.060313 5.217622 -0.458273 -2.534917
0.339000 0.461374 0.012079 0.197808 -0.777165 1.372088 -0.062832 5.261387 -0.560998 -2.502489
0.340000 0.460599 0.013451 0.197744 -0.771882 1.371476 -0.065318 5.304246 -0.663508 -2.469466
0.341000 0.459830 0.014822 0.197678 -0.766557 1.370761 -0.067771 5.346171 -0.765440 -2.436023
0.342000 0.459066 0.016192 0.197609 -0.761190 1.369945 -0.070190 5.387277 -0.866787 -2.402279
0.343000 0.458308 0.017562 0.197537 -0.755782 1.369028 -0.072575 5.427778 -0.967954 -2.368257
0.344000 0.457555 0.018930 0.197464 -0.750334 1.368009 -0.074927 5.467635 -1.069147 -2.333950
0.345000 0.456807 0.020298 0.197388 -0.744847 1.366889 -0.077243 5.506595 -1.170306 -2.299356
0.346000 0.456065 0.021664 0.197309 -0.739321 1.365668 -0.079525 5.544606 -1.271633 -2.264448
0.347000 0.455328 0.023029 0.197229 -0.733758 1.364346 -0.081772 5.581839 -1.373544 -2.229162
0.348000 0.454597 0.024393 0.197146 -0.728157 1.362921 -0.083984 5.618326 -1.476049 -2.193395
0.349000 0.453872 0.025755 0.197061 -0.722521 1.361394 -0.086159 5.653893 -1.578730 -2.157048
0.350000 0.453152 0.027116 0.196973 -0.716850 1.359764 -0.088298 5.688396 -1.681175 -2.120106
0.351000 0.452438 0.028475 0.196884 -0.711144 1.358032 -0.090399 5.721746 -1.782987 -2.082701
0.352000 0.451730 0.029832 0.196793 -0.705406 1.356198 -0.092463 5.753882 -1.883776 -2.045052
0.353000 0.451027 0.031187 0.196699 -0.699636 1.354264 -0.094489 5.784912 -1.983569 -2.007303
0.354000 0.450331 0.032540 0.196604 -0.693836 1.352231 -0.096478 5.815033 -2.082768 -1.969487
0.355000 0.449640 0.033891 0.196506 -0.688006 1.350099 -0.098428 5.844199 -2.181540 -1.931602
0.356000 0.448955 0.035240 0.196407 -0.682148 1.347868 -0.100341 5.872127 -2.279694 -1.893653
0.357000 0.448275 0.036587 0.196305 -0.676262 1.345539 -0.102216 5.898574 -2.376994 -1.855610
0.358000 0.447602 0.037932 0.196202 -0.670351 1.343114 -0.104052 5.923364 -2.473127 -1.817380
0.359000 0.446935 0.039273 0.196097 -0.664415 1.340593 -0.105850 5.946361 -2.567733 -1.778832
0.360000 0.446273 0.040613 0.195991 -0.658458 1.337978 -0.107610 5.967623 -2.660842 -1.739856
0.361000 0.445618 0.041949 0.195882 -0.652480 1.335271 -0.109330 5.987388 -2.752801 -1.700439
0.362000 0.444968 0.043283 0.195772 -0.646483 1.332473 -0.111011 6.005796 -2.843633 -1.660730
0.363000 0.444325 0.044614 0.195660 -0.640469 1.329584 -0.112652 6.022870 -2.933041 -1.620960
0.364000 0.443687 0.045942 0.195547 -0.634437 1.326607 -0.114253 6.038734 -3.021050 -1.581283
0.365000 0.443056 0.047268 0.195432 -0.628391 1.323542 -0.115814 6.053572 -3.108038 -1.541730
0.366000 0.442431 0.048590 0.195315 -0.622330 1.320390 -0.117336 6.067330 -3.194119 -1.502309
0.367000 0.441811 0.049908 0.195197 -0.616256 1.317154 -0.118819 6.079768 -3.279119 -1.463042
0.368000 0.441198 0.051224 0.195077 -0.610171 1.313832 -0.120262 6.090820 -3.363152 -1.423916
0.369000 0.440591 0.052536 0.194956 -0.604075 1.310427 -0.121667 6.100623 -3.446601 -1.384855
0.370000 0.439990 0.053845 0.194834 -0.597970 1.306939 -0.123032 6.109217 -3.529525 -1.345750
0.371000 0.439395 0.055150 0.194710 -0.591856 1.303368 -0.124358 6.116508 -3.611669 -1.306479
0.372000 0.438806 0.056451 0.194585 -0.585737 1.299716 -0.125645 6.122538 -3.693082 -1.266942
0.373000 0.438224 0.057749 0.194459 -0.579611 1.295982 -0.126892 6.127515 -3.774114 -1.227129
0.374000 0.437647 0.059043 0.194331 -0.573482 1.292167 -0.128099 6.131564 -3.854806 -1.187197
0.375000 0.437077 0.060334 0.194203 -0.567348 1.288272 -0.129266 6.134665 -3.934817 -1.147403
0.376000 0.436512 0.061620 0.194073 -0.561212 1.284298 -0.130394 6.136743 -4.013817 -1.107942
0.377000 0.435954 0.062902 0.193942 -0.555075 1.280245 -0.131482 6.137624 -4.091506 -1.068903
0.378000 0.435402 0.064180 0.193810 -0.548937 1.276115 -0.132532 6.137075 -4.167595 -1.030312
0.379000 0.434856 0.065454 0.193677 -0.542801 1.271910 -0.133543 6.135043 -4.242161 -0.992144
0.380000 0.434317 0.066724 0.193543 -0.536667 1.267631 -0.134516 6.131653 -4.315580 -0.954321
0.381000 0.433783 0.067990 0.193408 -0.530537 1.263278 -0.135452 6.126934 -4.387944 -0.916743
0.382000 0.433256 0.069251 0.193272 -0.524413 1.258855 -0.136350 6.120794 -4.459060 -0.879315
0.383000 0.432734 0.070507 0.193135 -0.518296 1.254360 -0.137210 6.113267 -4.529016 -0.841947
0.384000 0.432219 0.071760 0.192998 -0.512186 1.249797 -0.138033 6.104544 -4.598189 -0.804629
0.385000 0.431710 0.073007 0.192859 -0.506087 1.245164 -0.138819 6.094765 -4.666684 -0.767509
0.386000 0.431207 0.074250 0.192720 -0.499997 1.240463 -0.139568 6.083951 -4.734247 -0.730832
0.387000 0.430710 0.075488 0.192580 -0.493919 1.235695 -0.140281 6.072057 -4.800596 -0.694785
0.388000 0.430219 0.076721 0.192439 -0.487853 1.230862 -0.140958 6.058923 -4.865398 -0.659445
0.389000 0.429734 0.077950 0.192298 -0.481801 1.225965 -0.141600 6.044328 -4.928288 -0.624830
0.390000 0.429255 0.079173 0.192156 -0.475764 1.221005 -0.142208 6.028206 -4.989276 -0.590905
0.391000 0.428783 0.080392 0.192014 -0.469744 1.215986 -0.142782 6.010669 -5.048708 -0.557583
0.392000 0.428316 0.081605 0.191871 -0.463743 1.210908 -0.143323 5.991760 -5.106701 -0.524758
0.393000 0.427855 0.082813 0.191727 -0.457761 1.205773 -0.143831 5.971425 -5.163114 -0.492324
0.394000 0.427400 0.084017 0.191583 -0.451800 1.200582 -0.144307 5.949712 -5.218063 -0.460185
0.395000 0.426952 0.085215 0.191438 -0.445861 1.195337 -0.144752 5.926798 -5.271924 -0.428311
0.396000 0.426509 0.086407 0.191293 -0.439946 1.190038 -0.145164 5.902815 -5.324805 -0.396819
0.397000 0.426072 0.087595 0.191148 -0.434056 1.184687 -0.145545 5.877820 -5.376542 -0.365908
0.398000 0.425640 0.088777 0.191002 -0.428191 1.179285 -0.145896 5.851931 -5.427226 -0.335698
0.399000 0.425215 0.089953 0.190856 -0.422352 1.173833 -0.146217 5.825281 -5.477184 -0.306202
0.400000 0.424796 0.091124 0.190710 -0.416540 1.168331 -0.146508 5.797834 -5.526425 -0.277420
0.401000 0.424382 0.092290 0.190563 -0.410756 1.162780 -0.146772 5.769398 -5.574603 -0.249385
0.402000 0.423974 0.093450 0.190416 -0.405001 1.157181 -0.147007 5.739811 -5.621426 -0.222100
0.403000 0.423572 0.094604 0.190269 -0.399277 1.151537 -0.147216 5.708964 -5.666704 -0.195524
0.404000 0.423176 0.095753 0.190122 -0.393583 1.145848 -0.147398 5.676779 -5.710301 -0.169592
0.405000 0.422785 0.096896 0.189974 -0.387923 1.140116 -0.147555 5.643297 -5.752382 -0.144224
0.406000 0.422400 0.098033 0.189827 -0.382297 1.134343 -0.147687 5.608685 -5.793338 -0.119390
0.407000 0.422020 0.099165 0.189679 -0.376706 1.128530 -0.147794 5.573092 -5.833299 -0.095179
0.408000 0.421646 0.100290 0.189531 -0.371151 1.122677 -0.147877 5.536616 -5.872143 -0.071754
0.409000 0.421278 0.101410 0.189383 -0.365633 1.116785 -0.147937 5.499393 -5.909981 -0.049205
0.410000 0.420915 0.102524 0.189235 -0.360152 1.110857 -0.147975 5.461546 -5.947119 -0.027522
0.411000 0.420558 0.103632 0.189087 -0.354709 1.104891 -0.147992 5.423034 -5.983534 -0.006677
0.412000 0.420206 0.104734 0.188939 -0.349306 1.098890 -0.147989 5.383694 -6.018915 0.013337
0.413000 0.419859 0.105830 0.188791 -0.343942 1.092853 -0.147966 5.343471 -6.053232 0.032559
0.414000 0.419518 0.106919 0.188643 -0.338619 1.086783 -0.147924 5.302446 -6.086799 0.051074
0.415000 0.419182 0.108003 0.188496 -0.333337 1.080680 -0.147863 5.260673 -6.119768 0.068966
0.416000 0.418851 0.109081 0.188348 -0.328098 1.074544 -0.147786 5.218126 -6.152016 0.086298
0.417000 0.418526 0.110152 0.188200 -0.322901 1.068376 -0.147691 5.174803 -6.183416 0.103082
0.418000 0.418205 0.111217 0.188052 -0.317748 1.062177 -0.147579 5.130739 -6.213833 0.119237
0.419000 0.417890 0.112277 0.187905 -0.312639 1.055948 -0.147452 5.085992 -6.243129 0.134631
0.420000 0.417580 0.113329 0.187757 -0.307576 1.049690 -0.147310 5.040671 -6.271426 0.149198
0.421000 0.417275 0.114376 0.187610 -0.302558 1.043405 -0.147154 4.994884 -6.299005 0.162959
0.422000 0.416975 0.115416 0.187463 -0.297586 1.037092 -0.146984 4.948610 -6.325811 0.175941
0.423000 0.416680 0.116450 0.187316 -0.292661 1.030753 -0.146802 4.901734 -6.351498 0.188153
0.424000 0.416390 0.117478 0.187170 -0.287783 1.024389 -0.146608 4.854222 -6.376003 0.199630
0.425000 0.416104 0.118499 0.187023 -0.282952 1.018001 -0.146403 4.806142 -6.399612 0.210444
0.426000 0.415824 0.119514 0.186877 -0.278170 1.011590 -0.146187 4.757524 -6.422488 0.220654
0.427000 0.415548 0.120522 0.186731 -0.273437 1.005156 -0.145961 4.708334 -6.444601 0.230302
0.428000 0.415277 0.121524 0.186585 -0.268754 0.998701 -0.145727 4.658604 -6.466117 0.239444
0.429000 0.415011 0.122519 0.186439 -0.264120 0.992224 -0.145483 4.608455 -6.487400 0.248141
0.430000 0.414749 0.123508 0.186294 -0.259537 0.985726 -0.145230 4.558004 -6.508604 0.256402
0.431000 0.414491 0.124491 0.186149 -0.255004 0.979207 -0.144970 4.507336 -6.529675 0.264199
0.432000 0.414239 0.125467 0.186004 -0.250522 0.972667 -0.144702 4.456556 -6.550743 0.271538
0.433000 0.413990 0.126436 0.185859 -0.246091 0.966106 -0.144427 4.405759 -6.572087 0.278457
0.434000 0.413747 0.127399 0.185715 -0.241711 0.959523 -0.144145 4.354922 -6.593682 0.284961
0.435000 0.413507 0.128355 0.185571 -0.237381 0.952918 -0.143857 4.303932 -6.615195 0.291019
0.436000 0.413272 0.129305 0.185427 -0.233103 0.946292 -0.143563 4.252696 -6.636354 0.296622
0.437000 0.413041 0.130248 0.185284 -0.228876 0.939645 -0.143264 4.201163 -6.657004 0.301808
0.438000 0.412814 0.131184 0.185141 -0.224700 0.932978 -0.142959 4.149303 -6.677051 0.306641
0.439000 0.412591 0.132114 0.184998 -0.220577 0.926291 -0.142650 4.097152 -6.696647 0.311199
0.440000 0.412373 0.133037 0.184856 -0.216506 0.919585 -0.142337 4.044814 -6.716125 0.315539
0.441000 0.412158 0.133953 0.184713 -0.212488 0.912859 -0.142019 3.992390 -6.735623 0.319645
0.442000 0.411948 0.134863 0.184571 -0.208521 0.906114 -0.141698 3.939951 -6.755084 0.323451
0.443000 0.411741 0.135765 0.184430 -0.204608 0.899349 -0.141372 3.887587 -6.774618 0.326934
0.444000 0.411539 0.136661 0.184289 -0.200746 0.892564 -0.141044 3.835377 -6.794465 0.330132
0.445000 0.411340 0.137550 0.184148 -0.196937 0.885760 -0.140712 3.783308 -6.814556 0.333068
0.446000 0.411145 0.138433 0.184007 -0.193180 0.878935 -0.140378 3.731294 -6.834527 0.335740
0.447000 0.410953 0.139308 0.183867 -0.189474 0.872091 -0.140041 3.679268 -6.854090 0.338152
0.448000 0.410766 0.140177 0.183727 -0.185821 0.865227 -0.139701 3.627210 -6.873104 0.340322
0.449000 0.410582 0.141039 0.183588 -0.182220 0.858345 -0.139360 3.575117 -6.891506 0.342278
0.450000 0.410401 0.141894 0.183449 -0.178671 0.851444 -0.139017 3.523036 -6.909453 0.344074
0.451000 0.410224 0.142742 0.183310 -0.175174 0.844526 -0.138672 3.471051 -6.927248 0.345773
0.452000 0.410051 0.143583 0.183171 -0.171729 0.837590 -0.138325 3.419222 -6.944985 0.347403
0.453000 0.409881 0.144417 0.183033 -0.168335 0.830636 -0.137977 3.367585 -6.962567 0.348964
0.454000 0.409714 0.145244 0.182895 -0.164994 0.823665 -0.137627 3.316192 -6.980067 0.350481
0.455000 0.409551 0.146064 0.182758 -0.161703 0.816676 -0.137276 3.265103 -6.997710 0.352008
0.456000 0.409391 0.146877 0.182621 -0.158463 0.809669 -0.136923 3.214319 -7.015484 0.353570
0.457000 0.409234 0.147683 0.182484 -0.155274 0.802645 -0.136569 3.163791 -7.033163 0.355163
0.458000 0.409080 0.148483 0.182348 -0.152136 0.795603 -0.136213 3.113513 -7.050727 0.356814
0.459000 0.408930 0.149275 0.182211 -0.149047 0.788543 -0.135855 3.063531 -7.068402 0.358585
0.460000 0.408782 0.150060 0.182076 -0.146009 0.781466 -0.135496 3.013882 -7.086300 0.360525
0.461000 0.408638 0.150838 0.181940 -0.143020 0.774371 -0.135134 2.964567 -7.104329 0.362658
0.462000 0.408496 0.151608 0.181806 -0.140080 0.767257 -0.134770 2.915595 -7.122402 0.364998
0.463000 0.408358 0.152372 0.181671 -0.137188 0.760126 -0.134404 2.866987 -7.140438 0.367544
0.464000 0.408222 0.153129 0.181537 -0.134346 0.752976 -0.134035 2.818769 -7.158359 0.370286
0.465000 0.408089 0.153878 0.181403 -0.131551 0.745809 -0.133664 2.770989 -7.176269 0.373247
0.466000 0.407959 0.154620 0.181269 -0.128804 0.738624 -0.133289 2.723694 -7.194378 0.376475
0.467000 0.407831 0.155355 0.181136 -0.126103 0.731420 -0.132911 2.676878 -7.212655 0.379991
0.468000 0.407707 0.156083 0.181004 -0.123450 0.724199 -0.132529 2.630497 -7.230865 0.383790
0.469000 0.407584 0.156804 0.180871 -0.120842 0.716959 -0.132143 2.584539 -7.248967 0.387893
0.470000 0.407465 0.157517 0.180739 -0.118281 0.709701 -0.131753 2.539041 -7.267152 0.392358
0.471000 0.407348 0.158223 0.180608 -0.115764 0.702424 -0.131358 2.494036 -7.285507 0.397231
0.472000 0.407233 0.158922 0.180477 -0.113293 0.695130 -0.130959 2.449535 -7.303973 0.402538
0.473000 0.407121 0.159613 0.180346 -0.110865 0.687816 -0.130553 2.405568 -7.322632 0.408323
0.474000 0.407012 0.160298 0.180215 -0.108482 0.680484 -0.130142 2.362183 -7.341710 0.414642
0.475000 0.406904 0.160974 0.180086 -0.106141 0.673133 -0.129724 2.319405 -7.361275 0.421515
0.476000 0.406799 0.161644 0.179956 -0.103843 0.665762 -0.129299 2.277233 -7.381196 0.428926
0.477000 0.406697 0.162306 0.179827 -0.101586 0.658371 -0.128866 2.235660 -7.401310 0.436858
0.478000 0.406596 0.162961 0.179698 -0.099371 0.650959 -0.128425 2.194681 -7.421399 0.445294
0.479000 0.406498 0.163608 0.179570 -0.097197 0.643528 -0.127976 2.154286 -7.441215 0.454217
0.480000 0.406402 0.164248 0.179442 -0.095063 0.636077 -0.127517 2.114489 -7.460717 0.463645
0.481000 0.406308 0.164880 0.179315 -0.092968 0.628606 -0.127048 2.075323 -7.480069 0.473631
0.482000 0.406216 0.165505 0.179188 -0.090912 0.621117 -0.126570 2.036797 -7.499336 0.484215
0.483000 0.406126 0.166122 0.179062 -0.088895 0.613608 -0.126080 1.998900 -7.518446 0.495420
0.484000 0.406038 0.166732 0.178936 -0.086914 0.606080 -0.125579 1.961637 -7.537459 0.507285
0.485000 0.405952 0.167334 0.178811 -0.084971 0.598533 -0.125065 1.925032 -7.556571 0.519861
0.486000 0.405868 0.167929 0.178686 -0.083064 0.590967 -0.124539 1.889089 -7.575852 0.533163
0.487000 0.405786 0.168516 0.178562 -0.081193 0.583381 -0.123999 1.853783 -7.595196 0.547170
0.488000 0.405706 0.169096 0.178438 -0.079357 0.575776 -0.123445 1.819097 -7.614455 0.561860
0.489000 0.405627 0.169668 0.178315 -0.077555 0.568152 -0.122875 1.785029 -7.633416 0.577211
0.490000 0.405551 0.170232 0.178192 -0.075787 0.560509 -0.122290 1.751582 -7.651820 0.593201
0.491000 0.405476 0.170789 0.178070 -0.074052 0.552849 -0.121689 1.718775 -7.669603 0.609839
0.492000 0.405403 0.171338 0.177949 -0.072349 0.545170 -0.121070 1.686642 -7.686900 0.627164
0.493000 0.405331 0.171879 0.177828 -0.070678 0.537475 -0.120434 1.655200 -7.703772 0.645185
0.494000 0.405261 0.172413 0.177708 -0.069039 0.529763 -0.119780 1.624449 -7.720170 0.663884
0.495000 0.405193 0.172939 0.177589 -0.067430 0.522034 -0.119107 1.594403 -7.736150 0.683269
0.496000 0.405126 0.173457 0.177470 -0.065850 0.514290 -0.118414 1.565077 -7.751879 0.703376
0.497000 0.405061 0.173967 0.177352 -0.064299 0.506531 -0.117700 1.536456 -7.767400 0.724210
0.498000 0.404998 0.174470 0.177234 -0.062777 0.498756 -0.116965 1.508497 -7.782597 0.745745
0.499000 0.404936 0.174965 0.177118 -0.061282 0.490965 -0.116208 1.481166 -7.797325 0.767951
0.500000 0.404875 0.175452 0.177002 -0.059815 0.483161 -0.115429 1.454443 -7.811381 0.790799
0.501000 0.404816 0.175931 0.176887 -0.058374 0.475343 -0.114627 1.428312 -7.824531 0.814260
0.502000 0.404758 0.176403 0.176773 -0.056958 0.467512 -0.113801 1.402777 -7.836707 0.838338
0.503000 0.404702 0.176866 0.176659 -0.055568 0.459669 -0.112950 1.377854 -7.848012 0.863061
0.504000 0.404647 0.177322 0.176547 -0.054202 0.451816 -0.112075 1.353542 -7.858480 0.888431
0.505000 0.404594 0.177770 0.176435 -0.052861 0.443952 -0.111173 1.329829 -7.868047 0.914423
0.506000 0.404542 0.178210 0.176324 -0.051543 0.436080 -0.110246 1.306711 -7.876738 0.941035
0.507000 0.404491 0.178642 0.176215 -0.050247 0.428199 -0.109291 1.284199 -7.884667 0.968294
0.508000 0.404441 0.179066 0.176106 -0.048974 0.420310 -0.108309 1.262287 -7.891822 0.996199
0.509000 0.404393 0.179483 0.175998 -0.047723 0.412415 -0.107299 1.240952 -7.898042 1.024711
0.510000 0.404346 0.179891 0.175891 -0.046492 0.404514 -0.106260 1.220171 -7.903154 1.053782
0.511000 0.404300 0.180292 0.175786 -0.045283 0.396609 -0.105191 1.199917 -7.906957 1.083347
0.512000 0.404255 0.180684 0.175681 -0.044093 0.388700 -0.104093 1.180164 -7.909238 1.113334
0.513000 0.404212 0.181069 0.175577 -0.042922 0.380790 -0.102965 1.160901 -7.909923 1.143707
0.514000 0.404169 0.181446 0.175475 -0.041771 0.372881 -0.101806 1.142129 -7.909069 1.174465
0.515000 0.404128 0.181815 0.175374 -0.040638 0.364972 -0.100616 1.123837 -7.906659 1.205573
0.516000 0.404088 0.182176 0.175274 -0.039523 0.357067 -0.099395 1.105995 -7.902576 1.236958
0.517000 0.404049 0.182529 0.175175 -0.038426 0.349167 -0.098142 1.088589 -7.896793 1.268585
0.518000 0.404011 0.182874 0.175077 -0.037346 0.341274 -0.096857 1.071617 -7.889378 1.300457
0.519000 0.403974 0.183211 0.174981 -0.036283 0.333388 -0.095541 1.055059 -7.880313 1.332560
0.520000 0.403939 0.183541 0.174886 -0.035236 0.325513 -0.094192 1.038886 -7.869485 1.364850
0.521000 0.403904 0.183862 0.174793 -0.034205 0.317649 -0.092811 1.023076 -7.856859 1.397309
0.522000 0.403870 0.184176 0.174701 -0.033190 0.309799 -0.091398 1.007623 -7.842473 1.429926
0.523000 0.403837 0.184482 0.174610 -0.032190 0.301964 -0.089951 0.992506 -7.826255 1.462630
0.524000 0.403806 0.184780 0.174521 -0.031205 0.294147 -0.088472 0.977686 -7.808005 1.495298
0.525000 0.403775 0.185070 0.174433 -0.030234 0.286348 -0.086961 0.963133 -7.787536 1.527812
0.526000 0.403745 0.185353 0.174347 -0.029278 0.278572 -0.085417 0.948831 -7.764680 1.560070
0.527000 0.403716 0.185627 0.174262 -0.028337 0.270819 -0.083841 0.934771 -7.739283 1.591974
0.528000 0.403689 0.185894 0.174179 -0.027409 0.263093 -0.082233 0.920954 -7.711287 1.623472
0.529000 0.403662 0.186154 0.174098 -0.026495 0.255397 -0.080594 0.907376 -7.680718 1.654542
0.530000 0.403636 0.186405 0.174018 -0.025594 0.247732 -0.078924 0.894010 -7.647527 1.685129
0.531000 0.403610 0.186649 0.173940 -0.024707 0.240101 -0.077223 0.880813 -7.611586 1.715138
0.532000 0.403586 0.186885 0.173864 -0.023832 0.232509 -0.075493 0.867755 -7.572830 1.744510
0.533000 0.403563 0.187114 0.173789 -0.022971 0.224956 -0.073734 0.854819 -7.531245 1.773207
0.534000 0.403540 0.187335 0.173716 -0.022123 0.217446 -0.071947 0.841974 -7.486703 1.801138
0.535000 0.403519 0.187549 0.173645 -0.021287 0.209982 -0.070132 0.829172 -7.438963 1.828162
0.536000 0.403498 0.187755 0.173576 -0.020465 0.202568 -0.068291 0.816373 -7.387809 1.854134
0.537000 0.403478 0.187954 0.173508 -0.019655 0.195207 -0.066424 0.803552 -7.333082 1.878905
0.538000 0.403458 0.188146 0.173443 -0.018857 0.187902 -0.064533 0.790690 -7.274646 1.902329
0.539000 0.403440 0.188330 0.173379 -0.018073 0.180657 -0.062619 0.777781 -7.212441 1.924305
0.540000 0.403422 0.188507 0.173318 -0.017302 0.173477 -0.060684 0.764820 -7.146455 1.944772
0.541000 0.403405 0.188677 0.173258 -0.016544 0.166365 -0.058730 0.751799 -7.076588 1.963629
0.542000 0.403389 0.188840 0.173200 -0.015798 0.159324 -0.056757 0.738698 -7.002650 1.980720
0.543000 0.403374 0.188996 0.173145 -0.015066 0.152359 -0.054768 0.725497 -6.924442 1.995886
0.544000 0.403359 0.189144 0.173091 -0.014347 0.145475 -0.052765 0.712175 -6.841760 2.008968
0.545000 0.403345 0.189287 0.173039 -0.013642 0.138676 -0.050750 0.698711 -6.754392 2.019804
0.546000 0.403332 0.189422 0.172989 -0.012950 0.131966 -0.048726 0.685091 -6.662207 2.028281
0.547000 0.403319 0.189550 0.172942 -0.012272 0.125351 -0.046694 0.671308 -6.565142 2.034325
0.548000 0.403307 0.189673 0.172896 -0.011607 0.118836 -0.044657 0.657347 -6.463076 2.037820
0.549000 0.403296 0.189788 0.172852 -0.010957 0.112425 -0.042618 0.643185 -6.355823 2.038606
0.550000 0.403285 0.189897 0.172811 -0.010321 0.106124 -0.040580 0.628805 -6.243252 2.036563
0.551000 0.403275 0.190000 0.172771 -0.009699 0.099939 -0.038545 0.614188 -6.125295 2.031608
0.552000 0.403266 0.190097 0.172734 -0.009092 0.093874 -0.036517 0.599289 -6.001836 2.023617
0.553000 0.403257 0.190188 0.172698 -0.008501 0.087935 -0.034498 0.584049 -5.872681 2.012409
0.554000 0.403249 0.190273 0.172665 -0.007924 0.082128 -0.032492 0.568415 -5.737635 1.997785
0.555000 0.403241 0.190352 0.172633 -0.007364 0.076460 -0.030502 0.552349 -5.596495 1.979513
0.556000 0.403234 0.190426 0.172604 -0.006820 0.070935 -0.028533 0.535821 -5.449052 1.957340
0.557000 0.403228 0.190494 0.172576 -0.006292 0.065562 -0.026587 0.518812 -5.295163 1.931080
0.558000 0.403222 0.190557 0.172550 -0.005782 0.060345 -0.024671 0.501319 -5.134742 1.900607
0.559000 0.403216 0.190615 0.172527 -0.005290 0.055292 -0.022786 0.483346 -4.967657 1.865753
0.560000 0.403211 0.190668 0.172505 -0.004815 0.050410 -0.020939 0.464898 -4.793728 1.826304
0.561000 0.403206 0.190716 0.172485 -0.004360 0.045705 -0.019134 0.445978 -4.612817 1.782091
0.562000 0.403202 0.190759 0.172467 -0.003923 0.041184 -0.017375 0.426580 -4.424839 1.733003
0.563000 0.403199 0.190798 0.172450 -0.003507 0.036855 -0.015668 0.406684 -4.229671 1.678891
0.564000 0.403195 0.190833 0.172435 -0.003110 0.032725 -0.014017 0.386259 -4.027148 1.619569
0.565000 0.403192 0.190864 0.172422 -0.002734 0.028801 -0.012428 0.365279 -3.817136 1.554889
0.566000 0.403190 0.190890 0.172410 -0.002379 0.025090 -0.010907 0.343729 -3.599524 1.484739
0.567000 0.403188 0.190914 0.172400 -0.002047 0.021602 -0.009459 0.321584 -3.374123 1.408970
0.568000 0.403186 0.190934 0.172391 -0.001736 0.018342 -0.008089 0.298809 -3.140674 1.327374
0.569000 0.403184 0.190950 0.172384 -0.001449 0.015320 -0.006804 0.275372 -2.898931 1.239737
0.570000 0.403183 0.190964 0.172378 -0.001186 0.012544 -0.005610 0.251239 -2.648677 1.145825
0.571000 0.403182 0.190976 0.172373 -0.000947 0.010023 -0.004513 0.226373 -2.389708 1.045396
0.572000 0.403181 0.190984 0.172369 -0.000733 0.007765 -0.003519 0.106877 -1.129010 0.496762
0.573000 0.403180 0.190991 0.172366 -0.000733 0.007765 -0.003519 0.106877 -1.129010 0.496762
