0.000000 0.670141 -0.194394 0.137837 -0.004445 0.001426 0.008288 -0.475653 0.175426 0.359471
0.001000 0.670137 -0.194393 0.137845 -0.004445 0.001426 0.008288 -0.475653 0.175426 0.359471
0.002000 0.670132 -0.194392 0.137854 -0.005396 0.001777 0.009007 -0.970191 0.357924 0.730963
0.003000 0.670126 -0.194390 0.137863 -0.006386 0.002142 0.009750 -1.008322 0.372207 0.755246
0.004000 0.670119 -0.194387 0.137873 -0.007413 0.002521 0.010517 -1.047167 0.386763 0.780024
0.005000 0.670111 -0.194385 0.137884 -0.008480 0.002916 0.011310 -1.086720 0.401592 0.805312
0.006000 0.670102 -0.194382 0.137896 -0.009587 0.003325 0.012128 -1.126973 0.416701 0.831111
0.007000 0.670092 -0.194378 0.137909 -0.010734 0.003749 0.012972 -1.167918 0.432113 0.857409
0.008000 0.670081 -0.194374 0.137922 -0.011922 0.004189 0.013843 -1.209544 0.447858 0.884196
0.009000 0.670068 -0.194370 0.137936 -0.013153 0.004645 0.014741 -1.251840 0.463958 0.911457
0.010000 0.670054 -0.194365 0.137951 -0.014426 0.005117 0.015666 -1.294794 0.480420 0.939180
0.011000 0.670039 -0.194359 0.137968 -0.015742 0.005606 0.016619 -1.338393 0.497239 0.967348
0.012000 0.670023 -0.194354 0.137985 -0.017103 0.006111 0.017600 -1.382621 0.514413 0.995947
0.013000 0.670005 -0.194347 0.138003 -0.018508 0.006634 0.018611 -1.427464 0.531945 1.024960
0.014000 0.669986 -0.194340 0.138022 -0.019958 0.007175 0.019650 -1.472903 0.549856 1.054368
0.015000 0.669965 -0.194333 0.138042 -0.021454 0.007734 0.020720 -1.518919 0.568171 1.084154
0.016000 0.669943 -0.194325 0.138063 -0.022996 0.008311 0.021819 -1.565494 0.586910 1.114297
0.017000 0.669919 -0.194316 0.138086 -0.024584 0.008908 0.022948 -1.612604 0.606074 1.144778
0.018000 0.669894 -0.194307 0.138109 -0.026221 0.009524 0.024108 -1.660226 0.625657 1.175573
0.019000 0.669867 -0.194297 0.138134 -0.027905 0.010159 0.025299 -1.708337 0.645649 1.206661
0.020000 0.669838 -0.194287 0.138160 -0.029637 0.010815 0.026522 -1.756911 0.666044 1.238019
0.021000 0.669808 -0.194275 0.138187 -0.031419 0.011491 0.027775 -1.805930 0.686840 1.269631
0.022000 0.669775 -0.194264 0.138215 -0.033249 0.012189 0.029061 -1.855390 0.708053 1.301497
0.023000 0.669741 -0.194251 0.138245 -0.035130 0.012907 0.030378 -1.905294 0.729705 1.333624
0.024000 0.669705 -0.194238 0.138276 -0.037060 0.013648 0.031728 -1.955636 0.751809 1.366007
0.025000 0.669667 -0.194224 0.138309 -0.039041 0.014411 0.033110 -2.006400 0.774363 1.398627
0.026000 0.669627 -0.194209 0.138342 -0.041073 0.015197 0.034525 -2.057578 0.797355 1.431454
0.027000 0.669585 -0.194193 0.138378 -0.043156 0.016006 0.035973 -2.109164 0.820770 1.464455
0.028000 0.669541 -0.194177 0.138414 -0.045291 0.016838 0.037454 -2.161144 0.844595 1.497598
0.029000 0.669494 -0.194160 0.138453 -0.047478 0.017695 0.038968 -2.213496 0.868823 1.530856
0.030000 0.669446 -0.194142 0.138492 -0.049718 0.018576 0.040516 -2.266202 0.893465 1.564217
0.031000 0.669395 -0.194123 0.138534 -0.052011 0.019482 0.042097 -2.319247 0.918534 1.597678
0.032000 0.669342 -0.194103 0.138576 -0.054357 0.020413 0.043711 -2.372611 0.944041 1.631226
0.033000 0.669286 -0.194082 0.138621 -0.056756 0.021370 0.045359 -2.426273 0.969986 1.664850
0.034000 0.669228 -0.194060 0.138667 -0.059209 0.022353 0.047041 -2.480231 0.996375 1.698559
0.035000 0.669168 -0.194037 0.138715 -0.061716 0.023363 0.048756 -2.534497 1.023223 1.732377
0.036000 0.669105 -0.194013 0.138765 -0.064278 0.024399 0.050506 -2.589064 1.050533 1.766310
0.037000 0.669039 -0.193988 0.138816 -0.066894 0.025464 0.052289 -2.643901 1.078302 1.800340
0.038000 0.668971 -0.193962 0.138869 -0.069566 0.026556 0.054106 -2.698974 1.106535 1.834445
0.039000 0.668900 -0.193935 0.138924 -0.072292 0.027677 0.055958 -2.754250 1.135239 1.868609
0.040000 0.668826 -0.193907 0.138981 -0.075074 0.028826 0.057844 -2.809689 1.164414 1.902803
0.041000 0.668750 -0.193878 0.139040 -0.077912 0.030006 0.059764 -2.865249 1.194042 1.936994
0.042000 0.668671 -0.193847 0.139101 -0.080805 0.031215 0.061718 -2.920909 1.224096 1.971150
0.043000 0.668588 -0.193815 0.139163 -0.083754 0.032454 0.063706 -2.976660 1.254548 2.005247
0.044000 0.668503 -0.193782 0.139228 -0.086758 0.033724 0.065728 -3.032476 1.285366 2.039255
0.045000 0.668415 -0.193748 0.139295 -0.089819 0.035025 0.067784 -3.088327 1.316529 2.073150
0.046000 0.668323 -0.193712 0.139364 -0.092935 0.036357 0.069874 -3.144205 1.348030 2.106948
0.047000 0.668229 -0.193675 0.139435 -0.096107 0.037721 0.071998 -3.200124 1.379866 2.140681
0.048000 0.668131 -0.193637 0.139508 -0.099335 0.039116 0.074156 -3.256072 1.412029 2.174361
0.049000 0.668030 -0.193597 0.139583 -0.102619 0.040545 0.076347 -3.312004 1.444503 2.207968
0.050000 0.667926 -0.193555 0.139660 -0.105959 0.042005 0.078572 -3.367878 1.477274 2.241485
0.051000 0.667818 -0.193513 0.139740 -0.109355 0.043499 0.080830 -3.423665 1.510341 2.274905
0.052000 0.667707 -0.193468 0.139822 -0.112806 0.045026 0.083122 -3.479342 1.543707 2.308212
0.053000 0.667593 -0.193423 0.139906 -0.116314 0.046587 0.085446 -3.534897 1.577392 2.341372
0.054000 0.667475 -0.193375 0.139993 -0.119876 0.048181 0.087804 -3.590325 1.611419 2.374340
0.055000 0.667353 -0.193326 0.140082 -0.123494 0.049809 0.090195 -3.645595 1.645796 2.407065
0.056000 0.667228 -0.193276 0.140173 -0.127167 0.051473 0.092618 -3.700669 1.680504 2.439511
0.057000 0.667099 -0.193223 0.140267 -0.130896 0.053170 0.095074 -3.755560 1.715525 2.471691
0.058000 0.666966 -0.193169 0.140363 -0.134679 0.054904 0.097562 -3.810309 1.750840 2.503651
0.059000 0.666829 -0.193114 0.140462 -0.138516 0.056672 0.100081 -3.864922 1.786424 2.535404
0.060000 0.666689 -0.193056 0.140564 -0.142408 0.058476 0.102633 -3.919346 1.822244 2.566924
0.061000 0.666544 -0.192997 0.140668 -0.146355 0.060317 0.105215 -3.973529 1.858270 2.598197
0.062000 0.666396 -0.192935 0.140774 -0.150355 0.062193 0.107829 -4.027432 1.894478 2.629222
0.063000 0.666244 -0.192872 0.140883 -0.154410 0.064106 0.110474 -4.080997 1.930840 2.659977
0.064000 0.666087 -0.192807 0.140995 -0.158517 0.066055 0.113149 -4.134156 1.967333 2.690419
0.065000 0.665927 -0.192740 0.141110 -0.162678 0.068040 0.115855 -4.186889 2.003973 2.720518
0.066000 0.665762 -0.192671 0.141227 -0.166891 0.070063 0.118590 -4.239209 2.040797 2.750266
0.067000 0.665593 -0.192600 0.141347 -0.171156 0.072122 0.121355 -4.291094 2.077817 2.779633
0.068000 0.665420 -0.192527 0.141469 -0.175473 0.074218 0.124149 -4.342491 2.115015 2.808584
0.069000 0.665242 -0.192451 0.141595 -0.179841 0.076352 0.126972 -4.393393 2.152376 2.837131
0.070000 0.665060 -0.192374 0.141723 -0.184260 0.078523 0.129824 -4.443830 2.189893 2.865324
0.071000 0.664873 -0.192294 0.141855 -0.188729 0.080732 0.132703 -4.493786 2.227547 2.893169
0.072000 0.664682 -0.192213 0.141989 -0.193248 0.082978 0.135610 -4.543193 2.265300 2.920632
0.073000 0.664487 -0.192128 0.142126 -0.197815 0.085262 0.138544 -4.592001 2.303126 2.947692
0.074000 0.664287 -0.192042 0.142266 -0.202432 0.087584 0.141505 -4.640191 2.341013 2.974351
0.075000 0.664082 -0.191953 0.142409 -0.207096 0.089944 0.144493 -4.687705 2.378934 3.000580
0.076000 0.663873 -0.191862 0.142555 -0.211807 0.092342 0.147506 -4.734467 2.416863 3.026310
0.077000 0.663658 -0.191769 0.142704 -0.216565 0.094778 0.150545 -4.780460 2.454818 3.051483
0.078000 0.663439 -0.191673 0.142856 -0.221368 0.097252 0.153609 -4.825713 2.492842 3.076055
0.079000 0.663216 -0.191574 0.143011 -0.226216 0.099764 0.156698 -4.870204 2.530951 3.099966
0.080000 0.662987 -0.191473 0.143169 -0.231108 0.102314 0.159809 -4.913869 2.569130 3.123155
0.081000 0.662753 -0.191370 0.143331 -0.236044 0.104902 0.162944 -4.956699 2.607390 3.145626
0.082000 0.662515 -0.191263 0.143495 -0.241022 0.107529 0.166101 -4.998741 2.645765 3.167426
0.083000 0.662271 -0.191154 0.143663 -0.246041 0.110193 0.169279 -5.039976 2.684261 3.188559
0.084000 0.662023 -0.191043 0.143834 -0.251102 0.112897 0.172478 -5.080320 2.722841 3.208983
0.085000 0.661769 -0.190929 0.144008 -0.256202 0.115639 0.175697 -5.119725 2.761480 3.228694
0.086000 0.661510 -0.190812 0.144185 -0.261341 0.118420 0.178935 -5.158195 2.800177 3.247737
0.087000 0.661247 -0.190692 0.144366 -0.266518 0.121240 0.182192 -5.195749 2.838933 3.266141
0.088000 0.660977 -0.190569 0.144550 -0.271733 0.124098 0.185467 -5.232430 2.877766 3.283919
0.089000 0.660703 -0.190444 0.144737 -0.276983 0.126995 0.188760 -5.268294 2.916695 3.301074
0.090000 0.660423 -0.190315 0.144927 -0.282269 0.129931 0.192069 -5.303322 2.955710 3.317562
0.091000 0.660139 -0.190184 0.145121 -0.287590 0.132906 0.195395 -5.337444 2.994776 3.333332
0.092000 0.659848 -0.190049 0.145318 -0.292944 0.135921 0.198736 -5.370680 3.033900 3.348406
0.093000 0.659553 -0.189912 0.145518 -0.298331 0.138974 0.202092 -5.403120 3.073121 3.362866
0.094000 0.659252 -0.189771 0.145722 -0.303751 0.142067 0.205462 -5.434771 3.112439 3.376730
0.095000 0.658945 -0.189628 0.145929 -0.309201 0.145199 0.208845 -5.465544 3.151808 3.389955
0.096000 0.658633 -0.189481 0.146140 -0.314682 0.148371 0.212242 -5.495390 3.191201 3.402529
0.097000 0.658316 -0.189331 0.146354 -0.320192 0.151582 0.215650 -5.524309 3.230608 3.414485
0.098000 0.657993 -0.189178 0.146571 -0.325730 0.154832 0.219071 -5.552241 3.269998 3.425803
0.099000 0.657664 -0.189021 0.146792 -0.331296 0.158122 0.222502 -5.579076 3.309321 3.436391
0.100000 0.657330 -0.188862 0.147016 -0.336888 0.161451 0.225944 -5.604788 3.348586 3.446176
0.101000 0.656991 -0.188698 0.147244 -0.342506 0.164819 0.229394 -5.629426 3.387841 3.455107
0.102000 0.656645 -0.188532 0.147475 -0.348147 0.168226 0.232854 -5.652963 3.427089 3.463107
0.103000 0.656294 -0.188362 0.147709 -0.353812 0.171673 0.236321 -5.675318 3.466290 3.470105
0.104000 0.655938 -0.188189 0.147948 -0.359498 0.175159 0.239794 -5.696525 3.505442 3.476135
0.105000 0.655575 -0.188012 0.148189 -0.365205 0.178684 0.243273 -5.716710 3.544581 3.481305
0.106000 0.655207 -0.187831 0.148434 -0.370931 0.182248 0.246757 -5.735899 3.583694 3.485647
0.107000 0.654833 -0.187647 0.148683 -0.376677 0.185851 0.250244 -5.753997 3.622719 3.489108
0.108000 0.654454 -0.187460 0.148935 -0.382439 0.189493 0.253735 -5.770971 3.661614 3.491665
0.109000 0.654069 -0.187268 0.149190 -0.388218 0.193174 0.257228 -5.786858 3.700366 3.493345
0.110000 0.653677 -0.187073 0.149449 -0.394013 0.196894 0.260721 -5.801611 3.738928 3.494114
0.111000 0.653280 -0.186874 0.149711 -0.399822 0.200652 0.264216 -5.815104 3.777245 3.493874
0.112000 0.652878 -0.186672 0.149977 -0.405643 0.204449 0.267709 -5.827302 3.815334 3.492561
0.113000 0.652469 -0.186466 0.150247 -0.411476 0.208283 0.271201 -5.838254 3.853270 3.490154
0.114000 0.652055 -0.186255 0.150520 -0.417320 0.212155 0.274690 -5.847923 3.891068 3.486590
0.115000 0.651635 -0.186041 0.150796 -0.423172 0.216065 0.278174 -5.856210 3.928676 3.481795
0.116000 0.651208 -0.185823 0.151076 -0.429032 0.220012 0.281653 -5.863161 3.966078 3.475819
0.117000 0.650776 -0.185601 0.151360 -0.434898 0.223997 0.285126 -5.868940 4.003299 3.468796
0.118000 0.650339 -0.185375 0.151646 -0.440770 0.228019 0.288591 -5.873581 4.040313 3.460773
0.119000 0.649895 -0.185145 0.151937 -0.446646 0.232078 0.292047 -5.876974 4.077043 3.451695
0.120000 0.649445 -0.184911 0.152231 -0.452524 0.236173 0.295494 -5.879074 4.113454 3.441555
0.121000 0.648990 -0.184673 0.152528 -0.458404 0.240305 0.298930 -5.879917 4.149558 3.430405
0.122000 0.648529 -0.184430 0.152828 -0.464284 0.244472 0.302355 -5.879444 4.185312 3.418224
0.123000 0.648061 -0.184184 0.153132 -0.470163 0.248675 0.305767 -5.877511 4.220635 3.404904
0.124000 0.647588 -0.183933 0.153440 -0.476039 0.252914 0.309165 -5.874096 4.255502 3.390369
0.125000 0.647109 -0.183678 0.153751 -0.481911 0.257186 0.312548 -5.869312 4.289955 3.374615
0.126000 0.646624 -0.183419 0.154065 -0.487777 0.261493 0.315914 -5.863295 4.324041 3.357686
0.127000 0.646134 -0.183155 0.154383 -0.493637 0.265834 0.319263 -5.856220 4.357820 3.339713
0.128000 0.645637 -0.182887 0.154704 -0.499490 0.270209 0.322593 -5.848282 4.391352 3.320879
0.129000 0.645135 -0.182615 0.155028 -0.505334 0.274617 0.325905 -5.839510 4.424621 3.301242
0.130000 0.644626 -0.182338 0.155355 -0.511169 0.279058 0.329196 -5.829782 4.457533 3.280733
0.131000 0.644112 -0.182057 0.155686 -0.516994 0.283532 0.332466 -5.819069 4.490038 3.259311
0.132000 0.643592 -0.181771 0.156020 -0.522807 0.288038 0.335714 -5.807446 4.522134 3.236993
0.133000 0.643067 -0.181480 0.156358 -0.528608 0.292577 0.338940 -5.794871 4.553765 3.213724
0.134000 0.642535 -0.181186 0.156698 -0.534397 0.297146 0.342142 -5.781188 4.584842 3.189369
0.135000 0.641998 -0.180886 0.157042 -0.540171 0.301746 0.345319 -5.766369 4.615371 3.163842
0.136000 0.641455 -0.180582 0.157389 -0.545929 0.306377 0.348470 -5.750501 4.645436 3.137116
0.137000 0.640906 -0.180273 0.157739 -0.551672 0.311037 0.351593 -5.733551 4.675040 3.109109
0.138000 0.640352 -0.179960 0.158092 -0.557397 0.315727 0.354688 -5.715393 4.704117 3.079747
0.139000 0.639791 -0.179642 0.158448 -0.563103 0.320445 0.357753 -5.696077 4.732686 3.049133
0.140000 0.639225 -0.179319 0.158807 -0.568789 0.325192 0.360786 -5.675806 4.760846 3.017499
0.141000 0.638654 -0.178992 0.159170 -0.574454 0.329967 0.363788 -5.654621 4.788605 2.984947
0.142000 0.638076 -0.178659 0.159535 -0.580098 0.334769 0.366756 -5.632382 4.815868 2.951421
0.143000 0.637494 -0.178322 0.159903 -0.585719 0.339599 0.369690 -5.609049 4.842586 2.916900
0.144000 0.636905 -0.177980 0.160274 -0.591316 0.344455 0.372590 -5.584701 4.868772 2.881432
0.145000 0.636311 -0.177633 0.160648 -0.596888 0.349336 0.375453 -5.559283 4.894367 2.844981
0.146000 0.635711 -0.177281 0.161025 -0.602435 0.354243 0.378280 -5.532624 4.919270 2.807417
0.147000 0.635106 -0.176925 0.161405 -0.607954 0.359175 0.381068 -5.504709 4.943485 2.768674
0.148000 0.634495 -0.176563 0.161787 -0.613444 0.364130 0.383817 -5.475660 4.967107 2.728755
0.149000 0.633879 -0.176196 0.162173 -0.618905 0.369109 0.386526 -5.445459 4.990137 2.687601
0.150000 0.633258 -0.175825 0.162561 -0.624335 0.374111 0.389192 -5.413965 5.012482 2.645142
0.151000 0.632630 -0.175448 0.162951 -0.629733 0.379134 0.391816 -5.381219 5.034134 2.601504
0.152000 0.631998 -0.175066 0.163344 -0.635097 0.384179 0.394395 -5.347426 5.055168 2.556952
0.153000 0.631360 -0.174680 0.163740 -0.640428 0.389244 0.396930 -5.312617 5.075562 2.511610
0.154000 0.630717 -0.174288 0.164138 -0.645723 0.394330 0.399419 -5.276630 5.095184 2.465417
0.155000 0.630069 -0.173891 0.164539 -0.650981 0.399435 0.401861 -5.239415 5.113955 2.418350
0.156000 0.629415 -0.173489 0.164942 -0.656201 0.404558 0.404255 -5.201053 5.131861 2.370461
0.157000 0.628756 -0.173082 0.165347 -0.661383 0.409698 0.406602 -5.161481 5.148820 2.321706
0.158000 0.628092 -0.172670 0.165755 -0.666524 0.414855 0.408899 -5.120507 5.164708 2.271936
0.159000 0.627423 -0.172252 0.166165 -0.671624 0.420028 0.411145 -5.078106 5.179552 2.221054
0.160000 0.626749 -0.171830 0.166577 -0.676681 0.425215 0.413341 -5.034407 5.193488 2.169037
0.161000 0.626070 -0.171402 0.166992 -0.681693 0.430415 0.415483 -4.989384 5.206540 2.115795
0.162000 0.625386 -0.170969 0.167408 -0.686659 0.435628 0.417572 -4.942874 5.218617 2.061241
0.163000 0.624697 -0.170531 0.167827 -0.691579 0.440852 0.419606 -4.894913 5.229732 2.005499
0.164000 0.624003 -0.170087 0.168247 -0.696449 0.446087 0.421583 -4.845754 5.240024 1.948863
0.165000 0.623304 -0.169638 0.168670 -0.701270 0.451332 0.423504 -4.795628 5.249601 1.891578
0.166000 0.622600 -0.169184 0.169094 -0.706041 0.456586 0.425366 -4.744731 5.258521 1.833791
0.167000 0.621892 -0.168725 0.169521 -0.710760 0.461849 0.427171 -4.693238 5.266811 1.775600
0.168000 0.621179 -0.168261 0.169949 -0.715427 0.467120 0.428918 -4.641112 5.274384 1.716967
0.169000 0.620461 -0.167791 0.170379 -0.720042 0.472398 0.430605 -4.588158 5.281104 1.657739
0.170000 0.619739 -0.167316 0.170810 -0.724603 0.477682 0.432233 -4.534355 5.286995 1.597828
0.171000 0.619012 -0.166836 0.171243 -0.729111 0.482972 0.433801 -4.479850 5.292206 1.537220
0.172000 0.618280 -0.166350 0.171678 -0.733563 0.488267 0.435308 -4.424618 5.296756 1.475836
0.173000 0.617545 -0.165859 0.172114 -0.737960 0.493565 0.436753 -4.368489 5.300542 1.413589
0.174000 0.616804 -0.165363 0.172551 -0.742300 0.498868 0.438135 -4.311500 5.303573 1.350608
0.175000 0.616060 -0.164861 0.172990 -0.746583 0.504173 0.439454 -4.253883 5.305978 1.287183
0.176000 0.615311 -0.164355 0.173430 -0.750808 0.509480 0.440709 -4.195668 5.307754 1.223444
0.177000 0.614558 -0.163842 0.173871 -0.754974 0.514788 0.441901 -4.136666 5.308753 1.159319
0.178000 0.613801 -0.163325 0.174314 -0.759081 0.520097 0.443028 -4.076829 5.308917 1.094772
0.179000 0.613040 -0.162802 0.174757 -0.763128 0.525406 0.444090 -4.016269 5.308283 1.029846
0.180000 0.612275 -0.162274 0.175202 -0.767114 0.530714 0.445087 -3.954927 5.306784 0.964490
0.181000 0.611506 -0.161741 0.175648 -0.771038 0.536019 0.446019 -3.892589 5.304274 0.898545
0.182000 0.610733 -0.161202 0.176094 -0.774899 0.541322 0.446885 -3.829235 5.300770 0.831931
0.183000 0.609956 -0.160658 0.176541 -0.778696 0.546621 0.447683 -3.765080 5.296460 0.764693
0.184000 0.609176 -0.160109 0.176989 -0.782429 0.551915 0.448414 -3.700351 5.291528 0.696938
0.185000 0.608391 -0.159554 0.177438 -0.786097 0.557204 0.449077 -3.635302 5.286153 0.628900
0.186000 0.607603 -0.158994 0.177888 -0.789700 0.562487 0.449672 -3.570199 5.280509 0.560875
0.187000 0.606812 -0.158429 0.178337 -0.793237 0.567765 0.450199 -3.505064 5.274588 0.492988
0.188000 0.606017 -0.157859 0.178788 -0.796710 0.573037 0.450658 -3.439704 5.268217 0.425167
0.189000 0.605218 -0.157283 0.179239 -0.800117 0.578301 0.451049 -3.374109 5.261307 0.357390
0.190000 0.604417 -0.156702 0.179690 -0.803458 0.583559 0.451373 -3.308453 5.253876 0.289729
0.191000 0.603612 -0.156116 0.180142 -0.806734 0.588809 0.451628 -3.242715 5.245830 0.222149
0.192000 0.602803 -0.155525 0.180593 -0.809943 0.594051 0.451817 -3.176682 5.237006 0.154494
0.193000 0.601992 -0.154928 0.181045 -0.813087 0.599283 0.451937 -3.110327 5.227443 0.086682
0.194000 0.601177 -0.154326 0.181497 -0.816164 0.604506 0.451990 -3.043863 5.217379 0.018749
0.195000 0.600359 -0.153719 0.181949 -0.819175 0.609718 0.451975 -2.977515 5.207050 -0.049199
0.196000 0.599539 -0.153107 0.182401 -0.822119 0.614920 0.451892 -2.911537 5.196684 -0.116934
0.197000 0.598715 -0.152489 0.182853 -0.824998 0.620111 0.451741 -2.846196 5.186506 -0.184161
0.198000 0.597889 -0.151867 0.183305 -0.827811 0.625293 0.451523 -2.781504 5.176530 -0.250762
0.199000 0.597059 -0.151239 0.183756 -0.830561 0.630464 0.451240 -2.717258 5.166569 -0.316819
0.200000 0.596228 -0.150606 0.184207 -0.833246 0.635626 0.450890 -2.653440 5.156507 -0.382380
0.201000 0.595393 -0.149967 0.184658 -0.835868 0.640777 0.450475 -2.590226 5.146340 -0.447407
0.202000 0.594556 -0.149324 0.185108 -0.838426 0.645919 0.449995 -2.527589 5.135949 -0.511960
0.203000 0.593716 -0.148676 0.185558 -0.840923 0.651049 0.449451 -2.465306 5.125156 -0.576192
0.204000 0.592874 -0.148022 0.186007 -0.843357 0.656169 0.448843 -2.403349 5.114022 -0.640159
0.205000 0.592029 -0.147363 0.186455 -0.845729 0.661277 0.448171 -2.341880 5.102794 -0.703824
0.206000 0.591183 -0.146699 0.186903 -0.848041 0.666375 0.447435 -2.280870 5.091534 -0.767233
0.207000 0.590333 -0.146030 0.187350 -0.850291 0.671460 0.446636 -2.220106 5.080105 -0.830476
0.208000 0.589482 -0.145356 0.187797 -0.852481 0.676535 0.445774 -2.159599 5.068510 -0.893453
0.209000 0.588628 -0.144677 0.188242 -0.854610 0.681597 0.444849 -2.099573 5.056910 -0.955922
0.210000 0.587773 -0.143993 0.188686 -0.856680 0.686649 0.443862 -2.040038 5.045287 -1.017781
0.211000 0.586915 -0.143304 0.189130 -0.858690 0.691688 0.442814 -1.980782 5.033425 -1.079117
0.212000 0.586055 -0.142610 0.189572 -0.860642 0.696715 0.441704 -1.921787 5.021201 -1.139971
0.213000 0.585194 -0.141911 0.190013 -0.862534 0.701730 0.440534 -1.863284 5.008669 -1.200275
0.214000 0.584330 -0.141206 0.190453 -0.864368 0.706733 0.439303 -1.805495 4.995941 -1.259958
0.215000 0.583465 -0.140497 0.190892 -0.866145 0.711722 0.438014 -1.748623 4.983249 -1.318949
0.216000 0.582598 -0.139783 0.191329 -0.867865 0.716699 0.436666 -1.692861 4.970888 -1.377176
0.217000 0.581729 -0.139064 0.191765 -0.869531 0.721664 0.435259 -1.638158 4.958921 -1.434676
0.218000 0.580859 -0.138340 0.192199 -0.871142 0.726617 0.433796 -1.584278 4.947208 -1.491538
0.219000 0.579987 -0.137611 0.192633 -0.872699 0.731559 0.432276 -1.531213 4.935779 -1.547676
0.220000 0.579114 -0.136877 0.193064 -0.874204 0.736489 0.430701 -1.479166 4.924843 -1.602866
0.221000 0.578239 -0.136138 0.193494 -0.875658 0.741408 0.429071 -1.428130 4.914409 -1.657024
0.222000 0.577362 -0.135394 0.193922 -0.877061 0.746318 0.427387 -1.377884 4.904257 -1.710242
0.223000 0.576484 -0.134645 0.194349 -0.878413 0.751217 0.425650 -1.328417 4.894269 -1.762574
0.224000 0.575605 -0.133891 0.194773 -0.879717 0.756106 0.423862 -1.279927 4.884463 -1.813992
0.225000 0.574725 -0.133133 0.195196 -0.880973 0.760986 0.422022 -1.232398 4.874717 -1.864558
0.226000 0.573843 -0.132369 0.195618 -0.882182 0.765855 0.420132 -1.185584 4.864822 -1.914418
0.227000 0.572961 -0.131601 0.196037 -0.883344 0.770715 0.418193 -1.139416 4.854835 -1.963630
0.228000 0.572077 -0.130828 0.196454 -0.884461 0.775565 0.416205 -1.094021 4.845029 -2.012160
0.229000 0.571192 -0.130050 0.196869 -0.885532 0.780405 0.414169 -1.049332 4.835463 -2.060052
0.230000 0.570306 -0.129267 0.197282 -0.886560 0.785236 0.412085 -1.005107 4.825980 -2.107395
0.231000 0.569419 -0.128479 0.197693 -0.887543 0.790057 0.409954 -0.961349 4.816609 -2.154110
0.232000 0.568531 -0.127687 0.198102 -0.888482 0.794869 0.407777 -0.918281 4.807567 -2.199985
0.233000 0.567642 -0.126890 0.198509 -0.889379 0.799672 0.405554 -0.875906 4.798861 -2.244939
0.234000 0.566752 -0.126088 0.198913 -0.890234 0.804467 0.403287 -0.834000 4.790244 -2.289051
0.235000 0.565861 -0.125281 0.199315 -0.891047 0.809253 0.400976 -0.792541 4.781570 -2.332352
0.236000 0.564970 -0.124469 0.199715 -0.891819 0.814030 0.398622 -0.751716 4.772834 -2.374794
0.237000 0.564078 -0.123653 0.200113 -0.892551 0.818799 0.396227 -0.711497 4.763888 -2.416413
0.238000 0.563185 -0.122832 0.200508 -0.893242 0.823558 0.393789 -0.671636 4.754508 -2.457343
0.239000 0.562291 -0.122006 0.200900 -0.893894 0.828308 0.391312 -0.632082 4.744773 -2.497640
0.240000 0.561397 -0.121175 0.201290 -0.894506 0.833047 0.388794 -0.592982 4.735001 -2.537278
0.241000 0.560502 -0.120339 0.201678 -0.895080 0.837778 0.386237 -0.554284 4.725275 -2.576306
0.242000 0.559607 -0.119499 0.202063 -0.895615 0.842498 0.383642 -0.515750 4.715436 -2.614815
0.243000 0.558711 -0.118654 0.202445 -0.896111 0.847209 0.381008 -0.477372 4.705510 -2.652751
0.244000 0.557814 -0.117805 0.202825 -0.896570 0.851909 0.378336 -0.439367 4.695728 -2.689944
0.245000 0.556918 -0.116951 0.203202 -0.896990 0.856600 0.375628 -0.401728 4.686095 -2.726336
0.246000 0.556020 -0.116092 0.203576 -0.897373 0.861281 0.372883 -0.364224 4.676349 -2.762007
0.247000 0.555123 -0.115228 0.203948 -0.897719 0.865953 0.370104 -0.326827 4.666343 -2.796990
0.248000 0.554225 -0.114360 0.204316 -0.898027 0.870614 0.367289 -0.289714 4.656087 -2.831238
0.249000 0.553327 -0.113487 0.204682 -0.898298 0.875265 0.364441 -0.252853 4.645430 -2.864786
0.250000 0.552428 -0.112609 0.205045 -0.898533 0.879905 0.361560 -0.215989 4.634133 -2.897756
0.251000 0.551530 -0.111727 0.205405 -0.898730 0.884533 0.358646 -0.179066 4.622277 -2.930201
0.252000 0.550631 -0.110840 0.205762 -0.898891 0.889149 0.355699 -0.142226 4.610191 -2.962098
0.253000 0.549732 -0.109949 0.206117 -0.899014 0.893753 0.352722 -0.105415 4.597959 -2.993489
0.254000 0.548833 -0.109053 0.206468 -0.899101 0.898345 0.349712 -0.068387 4.585405 -3.024455
0.255000 0.547934 -0.108152 0.206816 -0.899151 0.902924 0.346673 -0.031134 4.572558 -3.054937
0.256000 0.547035 -0.107247 0.207161 -0.899164 0.907490 0.343603 0.006080 4.559704 -3.084746
0.257000 0.546136 -0.106337 0.207503 -0.899139 0.912044 0.340503 0.042999 4.547057 -3.113735
0.258000 0.545236 -0.105423 0.207842 -0.899078 0.916584 0.337375 0.079383 4.534705 -3.141829
0.259000 0.544337 -0.104504 0.208178 -0.898980 0.921113 0.334220 0.115000 4.522663 -3.168993
0.260000 0.543438 -0.103581 0.208511 -0.898848 0.925630 0.331037 0.149884 4.510735 -3.195282
0.261000 0.542540 -0.102653 0.208840 -0.898681 0.930135 0.327829 0.184277 4.498655 -3.220816
0.262000 0.541641 -0.101720 0.209166 -0.898479 0.934627 0.324596 0.218213 4.486504 -3.245645
0.263000 0.540743 -0.100783 0.209489 -0.898244 0.939108 0.321338 0.251514 4.474631 -3.269747
0.264000 0.539845 -0.099842 0.209809 -0.897976 0.943576 0.318056 0.284213 4.463125 -3.293159
0.265000 0.538947 -0.098896 0.210125 -0.897676 0.948034 0.314751 0.316551 4.451804 -3.315958
0.266000 0.538049 -0.097946 0.210438 -0.897343 0.952480 0.311424 0.348561 4.440701 -3.338105
0.267000 0.537152 -0.096991 0.210748 -0.896979 0.956915 0.308075 0.380064 4.430080 -3.359462
0.268000 0.536255 -0.096032 0.211055 -0.896583 0.961340 0.304705 0.411089 4.419947 -3.379985
0.269000 0.535359 -0.095069 0.211358 -0.896156 0.965755 0.301315 0.441868 4.410002 -3.399747
0.270000 0.534463 -0.094101 0.211657 -0.895699 0.970160 0.297906 0.472404 4.400052 -3.418793
0.271000 0.533567 -0.093128 0.211953 -0.895212 0.974555 0.294478 0.502484 4.390072 -3.437108
0.272000 0.532673 -0.092152 0.212246 -0.894694 0.978940 0.291031 0.532113 4.379869 -3.454737
0.273000 0.531778 -0.091170 0.212536 -0.894147 0.983315 0.287568 0.561532 4.369165 -3.471780
0.274000 0.530884 -0.090185 0.212821 -0.893571 0.987679 0.284088 0.590792 4.358044 -3.488276
0.275000 0.529991 -0.089195 0.213104 -0.892966 0.992031 0.280592 0.619746 4.346870 -3.504196
0.276000 0.529098 -0.088201 0.213383 -0.892332 0.996372 0.277080 0.648446 4.335737 -3.519569
0.277000 0.528206 -0.087202 0.213658 -0.891669 1.000703 0.273552 0.677140 4.324450 -3.534461
0.278000 0.527315 -0.086199 0.213930 -0.890977 1.005021 0.270011 0.705856 4.313046 -3.548846
0.279000 0.526424 -0.085192 0.214198 -0.890257 1.009329 0.266455 0.734410 4.301806 -3.562614
0.280000 0.525534 -0.084181 0.214463 -0.889509 1.013625 0.262885 0.762824 4.290738 -3.575733
0.281000 0.524645 -0.083165 0.214724 -0.888732 1.017910 0.259303 0.791323 4.279521 -3.588266
0.282000 0.523757 -0.082145 0.214981 -0.887926 1.022184 0.255709 0.819905 4.267940 -3.600246
0.283000 0.522869 -0.081121 0.215235 -0.887092 1.026446 0.252103 0.848348 4.255954 -3.611652
0.284000 0.521983 -0.080092 0.215485 -0.886229 1.030696 0.248486 0.876651 4.243348 -3.622514
0.285000 0.521097 -0.079059 0.215732 -0.885338 1.034933 0.244858 0.905057 4.229824 -3.632925
0.286000 0.520212 -0.078022 0.215975 -0.884419 1.039155 0.241220 0.933636 4.215467 -3.642932
0.287000 0.519328 -0.076981 0.216214 -0.883471 1.043364 0.237572 0.962263 4.200661 -3.652533
0.288000 0.518445 -0.075935 0.216450 -0.882495 1.047557 0.233915 0.991008 4.185501 -3.661767
0.289000 0.517563 -0.074886 0.216682 -0.881489 1.051735 0.230248 1.020119 4.169773 -3.670690
0.290000 0.516682 -0.073832 0.216911 -0.880454 1.055896 0.226573 1.049616 4.153494 -3.679261
0.291000 0.515802 -0.072774 0.217135 -0.879390 1.060042 0.222890 1.079305 4.136928 -3.687363
0.292000 0.514923 -0.071712 0.217356 -0.878296 1.064170 0.219199 1.109198 4.120063 -3.694949
0.293000 0.514046 -0.070646 0.217574 -0.877172 1.068282 0.215500 1.139520 4.102545 -3.702073
0.294000 0.513169 -0.069575 0.217787 -0.876017 1.072375 0.211794 1.170284 4.084142 -3.708776
0.295000 0.512294 -0.068501 0.217997 -0.874831 1.076450 0.208082 1.201290 4.064794 -3.715063
0.296000 0.511419 -0.067422 0.218204 -0.873614 1.080505 0.204364 1.232550 4.044267 -3.720973
0.297000 0.510546 -0.066340 0.218406 -0.872366 1.084539 0.200640 1.264293 4.022246 -3.726575
0.298000 0.509675 -0.065253 0.218605 -0.871086 1.088549 0.196911 1.296554 3.998820 -3.731877
0.299000 0.508804 -0.064163 0.218800 -0.869773 1.092536 0.193177 1.329162 3.974392 -3.736835
0.300000 0.507935 -0.063068 0.218991 -0.868427 1.096498 0.189437 1.362149 3.949064 -3.741449
0.301000 0.507067 -0.061970 0.219179 -0.867048 1.100434 0.185694 1.395752 3.922615 -3.745762
0.302000 0.506201 -0.060867 0.219363 -0.865636 1.104343 0.181946 1.429998 3.895068 -3.749767
0.303000 0.505336 -0.059761 0.219543 -0.864188 1.108224 0.178194 1.464713 3.866709 -3.753405
0.304000 0.504473 -0.058651 0.219719 -0.862706 1.112077 0.174439 1.499923 3.837531 -3.756663
0.305000 0.503611 -0.057537 0.219892 -0.861189 1.115900 0.170681 1.535846 3.807177 -3.759579
0.306000 0.502750 -0.056419 0.220060 -0.859635 1.119691 0.166920 1.572480 3.775420 -3.762158
0.307000 0.501891 -0.055298 0.220225 -0.858044 1.123450 0.163157 1.609563 3.742301 -3.764350
0.308000 0.501034 -0.054172 0.220387 -0.856415 1.127176 0.159391 1.646844 3.707975 -3.766101
0.309000 0.500179 -0.053043 0.220544 -0.854750 1.130866 0.155624 1.684103 3.672810 -3.767354
0.310000 0.499325 -0.051911 0.220698 -0.853047 1.134521 0.151857 1.721136 3.637288 -3.768049
0.311000 0.498473 -0.050774 0.220848 -0.851308 1.138141 0.148088 1.757987 3.601522 -3.768175
0.312000 0.497622 -0.049634 0.220994 -0.849531 1.141724 0.144320 1.794893 3.565281 -3.767777
0.313000 0.496773 -0.048491 0.221137 -0.847718 1.145271 0.140553 1.831896 3.528576 -3.766884
0.314000 0.495927 -0.047344 0.221275 -0.845867 1.148782 0.136786 1.868836 3.491687 -3.765501
0.315000 0.495082 -0.046193 0.221410 -0.843980 1.152255 0.133022 1.905749 3.454598 -3.763653
0.316000 0.494239 -0.045039 0.221541 -0.842056 1.155691 0.129259 1.942856 3.416941 -3.761390
0.317000 0.493398 -0.043882 0.221669 -0.840095 1.159089 0.125499 1.980164 3.378503 -3.758732
0.318000 0.492559 -0.042721 0.221792 -0.838096 1.162448 0.121742 2.017473 3.339279 -3.755666
0.319000 0.491721 -0.041557 0.221912 -0.836060 1.165767 0.117988 2.054787 3.299055 -3.752200
0.320000 0.490886 -0.040390 0.222028 -0.833986 1.169046 0.114237 2.092320 3.257491 -3.748349
0.321000 0.490053 -0.039219 0.222141 -0.831875 1.172282 0.110491 2.130094 3.214654 -3.744068
0.322000 0.489223 -0.038045 0.222249 -0.829726 1.175475 0.106749 2.167936 3.170932 -3.739261
0.323000 0.488394 -0.036868 0.222354 -0.827539 1.178624 0.103012 2.205869 3.126402 -3.733878
0.324000 0.487568 -0.035688 0.222455 -0.825314 1.181728 0.099281 2.244119 3.080815 -3.727940
0.325000 0.486743 -0.034504 0.222553 -0.823051 1.184786 0.095557 2.282727 3.034192 -3.721485
0.326000 0.485921 -0.033318 0.222646 -0.820749 1.187796 0.091838 2.321547 2.986842 -3.714538
0.327000 0.485102 -0.032129 0.222736 -0.818408 1.190759 0.088127 2.360613 2.938764 -3.707135
0.328000 0.484285 -0.030937 0.222823 -0.816027 1.193674 0.084424 2.400133 2.889584 -3.699312
0.329000 0.483470 -0.029742 0.222905 -0.813607 1.196539 0.080729 2.440091 2.839079 -3.691075
0.330000 0.482657 -0.028544 0.222984 -0.811147 1.199352 0.077042 2.480261 2.787242 -3.682401
0.331000 0.481848 -0.027343 0.223059 -0.808647 1.202113 0.073364 2.520624 2.733851 -3.673285
0.332000 0.481040 -0.026139 0.223131 -0.806106 1.204820 0.069695 2.561387 2.678562 -3.663728
0.333000 0.480235 -0.024933 0.223199 -0.803524 1.207470 0.066037 2.602599 2.621459 -3.653694
0.334000 0.479433 -0.023724 0.223263 -0.800901 1.210063 0.062388 2.644125 2.562964 -3.643111
0.335000 0.478634 -0.022513 0.223323 -0.798236 1.212596 0.058750 2.686013 2.503171 -3.631941
0.336000 0.477837 -0.021299 0.223380 -0.795529 1.215069 0.055124 2.728491 2.441829 -3.620201
0.337000 0.477042 -0.020083 0.223434 -0.792779 1.217480 0.051510 2.771603 2.378956 -3.607941
0.338000 0.476251 -0.018864 0.223483 -0.789986 1.219827 0.047908 2.815202 2.314863 -3.595213
0.339000 0.475462 -0.017643 0.223530 -0.787149 1.222110 0.044320 2.859325 2.249543 -3.582062
0.340000 0.474677 -0.016420 0.223572 -0.784267 1.224326 0.040744 2.904166 2.182612 -3.568524
0.341000 0.473894 -0.015195 0.223611 -0.781340 1.226475 0.037182 2.949708 2.113846 -3.554615
0.342000 0.473114 -0.013967 0.223646 -0.778368 1.228554 0.033635 2.995682 2.043319 -3.540333
0.343000 0.472337 -0.012737 0.223678 -0.775349 1.230561 0.030102 3.041845 1.971207 -3.525658
0.344000 0.471563 -0.011506 0.223707 -0.772284 1.232496 0.026584 3.087994 1.897867 -3.510532
0.345000 0.470793 -0.010272 0.223731 -0.769173 1.234357 0.023081 3.133952 1.823756 -3.494881
0.346000 0.470025 -0.009037 0.223753 -0.766016 1.236144 0.019594 3.179763 1.748947 -3.478657
0.347000 0.469261 -0.007800 0.223771 -0.762813 1.237855 0.016123 3.225656 1.673174 -3.461868
0.348000 0.468499 -0.006562 0.223785 -0.759565 1.239490 0.012670 3.271694 1.596459 -3.444580
0.349000 0.467741 -0.005321 0.223796 -0.756270 1.241048 0.009234 3.317769 1.519125 -3.426873
0.350000 0.466987 -0.004079 0.223804 -0.752929 1.242528 0.005816 3.363935 1.441171 -3.408810
0.351000 0.466236 -0.002836 0.223808 -0.749542 1.243930 0.002417 3.410387 1.362213 -3.390418
0.352000 0.465488 -0.001592 0.223808 -0.746108 1.245253 -0.000965 3.457100 1.282034 -3.371705
0.353000 0.464743 -0.000346 0.223806 -0.742628 1.246494 -0.004327 3.503807 1.200724 -3.352666
0.354000 0.464003 0.000901 0.223800 -0.739101 1.247654 -0.007670 3.550255 1.118454 -3.333267
0.355000 0.463265 0.002150 0.223790 -0.735527 1.248731 -0.010993 3.596216 1.035550 -3.313428
0.356000 0.462531 0.003399 0.223778 -0.731908 1.249725 -0.014297 3.641478 0.952420 -3.293035
0.357000 0.461801 0.004649 0.223762 -0.728244 1.250636 -0.017579 3.686057 0.869096 -3.272011
0.358000 0.461075 0.005900 0.223743 -0.724536 1.251463 -0.020841 3.730173 0.785288 -3.250358
0.359000 0.460352 0.007152 0.223720 -0.720784 1.252207 -0.024080 3.773929 0.701001 -3.228181
0.360000 0.459633 0.008405 0.223694 -0.716988 1.252865 -0.027297 3.817283 0.616546 -3.205627
0.361000 0.458918 0.009658 0.223666 -0.713149 1.253440 -0.030491 3.860329 0.531913 -3.182802
0.362000 0.458207 0.010911 0.223633 -0.709268 1.253929 -0.033663 3.903262 0.446715 -3.159737
0.363000 0.457500 0.012166 0.223598 -0.705343 1.254333 -0.036811 3.946052 0.360753 -3.136437
0.364000 0.456796 0.013420 0.223560 -0.701376 1.254651 -0.039936 3.988427 0.274140 -3.112896
0.365000 0.456097 0.014675 0.223518 -0.697366 1.254881 -0.043037 4.030142 0.187077 -3.089083
0.366000 0.455402 0.015930 0.223474 -0.693315 1.255025 -0.046114 4.070989 0.099917 -3.064917
0.367000 0.454710 0.017185 0.223426 -0.689224 1.255081 -0.049166 4.110785 0.013097 -3.040287
0.368000 0.454023 0.018440 0.223375 -0.685094 1.255051 -0.052194 4.149555 -0.073333 -3.015109
0.369000 0.453340 0.019695 0.223322 -0.680925 1.254935 -0.055197 4.187511 -0.159667 -2.989383
0.370000 0.452661 0.020950 0.223265 -0.676719 1.254732 -0.058173 4.224742 -0.245927 -2.963232
0.371000 0.451987 0.022205 0.223205 -0.672476 1.254443 -0.061123 4.261196 -0.331841 -2.936839
0.372000 0.451316 0.023459 0.223143 -0.668196 1.254068 -0.064047 4.296952 -0.417442 -2.910329
0.373000 0.450650 0.024713 0.223077 -0.663882 1.253608 -0.066944 4.332194 -0.503106 -2.883732
0.374000 0.449989 0.025966 0.223009 -0.659532 1.253062 -0.069814 4.366898 -0.588987 -2.857047
0.375000 0.449331 0.027219 0.222938 -0.655148 1.252430 -0.072658 4.400859 -0.674980 -2.830275
0.376000 0.448678 0.028471 0.222864 -0.650730 1.251712 -0.075475 4.434042 -0.761235 -2.803396
0.377000 0.448030 0.029722 0.222787 -0.646280 1.250907 -0.078265 4.466606 -0.848115 -2.776349
0.378000 0.447386 0.030973 0.222707 -0.641797 1.250016 -0.081027 4.498577 -0.935626 -2.749036
0.379000 0.446746 0.032222 0.222625 -0.637283 1.249036 -0.083763 4.529805 -1.023384 -2.721360
0.380000 0.446111 0.033471 0.222540 -0.632737 1.247969 -0.086470 4.560158 -1.111021 -2.693308
0.381000 0.445481 0.034718 0.222452 -0.628162 1.246814 -0.089149 4.589545 -1.198199 -2.665016
0.382000 0.444855 0.035964 0.222361 -0.623558 1.245573 -0.091800 4.617899 -1.284594 -2.636702
0.383000 0.444234 0.037209 0.222268 -0.618926 1.244245 -0.094423 4.645304 -1.370260 -2.608513
0.384000 0.443617 0.038453 0.222172 -0.614268 1.242832 -0.097017 4.671940 -1.455571 -2.580468
0.385000 0.443005 0.039695 0.222074 -0.609583 1.241334 -0.099584 4.697787 -1.540674 -2.552541
0.386000 0.442398 0.040936 0.221973 -0.604872 1.239751 -0.102122 4.722660 -1.625453 -2.524705
0.387000 0.441795 0.042174 0.221870 -0.600137 1.238083 -0.104633 4.746529 -1.710047 -2.496911
0.388000 0.441198 0.043412 0.221764 -0.595379 1.236331 -0.107116 4.769533 -1.794818 -2.469079
0.389000 0.440605 0.044647 0.221656 -0.590598 1.234493 -0.109571 4.791679 -1.879783 -2.441110
0.390000 0.440016 0.045881 0.221545 -0.585796 1.232571 -0.111998 4.812805 -1.964578 -2.412914
0.391000 0.439433 0.047112 0.221432 -0.580973 1.230564 -0.114397 4.832785 -2.048857 -2.384474
0.392000 0.438855 0.048342 0.221316 -0.576130 1.228473 -0.116767 4.851565 -2.132299 -2.355910
0.393000 0.438281 0.049569 0.221198 -0.571269 1.226300 -0.119109 4.869130 -2.214600 -2.327414
0.394000 0.437712 0.050794 0.221078 -0.566392 1.224044 -0.121422 4.885595 -2.295815 -2.299109
0.395000 0.437148 0.052017 0.220955 -0.561498 1.221708 -0.123707 4.901137 -2.376294 -2.271009
0.396000 0.436589 0.053238 0.220830 -0.556590 1.219291 -0.125964 4.915743 -2.456109 -2.243113
0.397000 0.436035 0.054456 0.220703 -0.551667 1.216796 -0.128193 4.929245 -2.535058 -2.215435
0.398000 0.435486 0.055671 0.220574 -0.546731 1.214221 -0.130395 4.941614 -2.613209 -2.187954
0.399000 0.434941 0.056884 0.220442 -0.541784 1.211569 -0.132569 4.952977 -2.690903 -2.160595
0.400000 0.434402 0.058095 0.220309 -0.536825 1.208840 -0.134716 4.963346 -2.768179 -2.133263
0.401000 0.433868 0.059302 0.220173 -0.531857 1.206033 -0.136836 4.972599 -2.844789 -2.105862
0.402000 0.433338 0.060507 0.220035 -0.526880 1.203150 -0.138928 4.980749 -2.920770 -2.078301
0.403000 0.432814 0.061708 0.219895 -0.521895 1.200191 -0.140992 4.987975 -2.996450 -2.050559
0.404000 0.432295 0.062907 0.219753 -0.516904 1.197157 -0.143029 4.994400 -3.071881 -2.022756
0.405000 0.431780 0.064103 0.219609 -0.511907 1.194048 -0.145038 5.000053 -3.146840 -1.995093
0.406000 0.431271 0.065295 0.219463 -0.506904 1.190863 -0.147019 5.005046 -3.221377 -1.967694
0.407000 0.430766 0.066484 0.219315 -0.501896 1.187605 -0.148973 5.009539 -3.295829 -1.940569
0.408000 0.430267 0.067670 0.219165 -0.496885 1.184272 -0.150900 5.013515 -3.370265 -1.913718
0.409000 0.429773 0.068853 0.219013 -0.491869 1.180864 -0.152801 5.016788 -3.444414 -1.887166
0.410000 0.429283 0.070032 0.218860 -0.486851 1.177383 -0.154675 5.019193 -3.518012 -1.860905
0.411000 0.428799 0.071208 0.218704 -0.481831 1.173828 -0.156523 5.020603 -3.590806 -1.834859
0.412000 0.428320 0.072380 0.218547 -0.476810 1.170201 -0.158344 5.020916 -3.662548 -1.808921
0.413000 0.427845 0.073548 0.218387 -0.471789 1.166503 -0.160140 5.020170 -3.733320 -1.782981
0.414000 0.427376 0.074713 0.218226 -0.466770 1.162735 -0.161910 5.018541 -3.803476 -1.757006
0.415000 0.426912 0.075874 0.218063 -0.461752 1.158896 -0.163654 5.016154 -3.873116 -1.731122
0.416000 0.426452 0.077031 0.217899 -0.456737 1.154988 -0.165373 5.013054 -3.942080 -1.705544
0.417000 0.425998 0.078184 0.217733 -0.451726 1.151012 -0.167065 5.009351 -4.010455 -1.680400
0.418000 0.425549 0.079333 0.217565 -0.446719 1.146968 -0.168733 5.005183 -4.078561 -1.655692
0.419000 0.425105 0.080477 0.217395 -0.441716 1.142855 -0.170377 5.000508 -4.146407 -1.631403
0.420000 0.424666 0.081618 0.217224 -0.436718 1.138675 -0.171996 4.995123 -4.213652 -1.607540
0.421000 0.424231 0.082755 0.217051 -0.431725 1.134428 -0.173592 4.988854 -4.279986 -1.584085
0.422000 0.423802 0.083887 0.216877 -0.426740 1.130115 -0.175164 4.981585 -4.345154 -1.560971
0.423000 0.423378 0.085015 0.216701 -0.421762 1.125737 -0.176714 4.973227 -4.408932 -1.538104
0.424000 0.422959 0.086139 0.216523 -0.416793 1.121297 -0.178241 4.963818 -4.471412 -1.515381
0.425000 0.422544 0.087258 0.216344 -0.411835 1.116795 -0.179745 4.953510 -4.532924 -1.492751
0.426000 0.422135 0.088372 0.216164 -0.406886 1.112231 -0.181226 4.942405 -4.593526 -1.470299
0.427000 0.421731 0.089482 0.215982 -0.401950 1.107607 -0.182685 4.930527 -4.653013 -1.448188
0.428000 0.421331 0.090587 0.215799 -0.397025 1.102925 -0.184122 4.917961 -4.711429 -1.426508
0.429000 0.420936 0.091688 0.215614 -0.392114 1.098185 -0.185538 4.904823 -4.769057 -1.405254
0.430000 0.420547 0.092784 0.215427 -0.387216 1.093387 -0.186933 4.891070 -4.825885 -1.384440
0.431000 0.420162 0.093875 0.215240 -0.382332 1.088533 -0.188307 4.876538 -4.881619 -1.364123
0.432000 0.419782 0.094961 0.215051 -0.377463 1.083624 -0.189661 4.861173 -4.936247 -1.344305
0.433000 0.419407 0.096042 0.214861 -0.372609 1.078660 -0.190996 4.845061 -4.990072 -1.324904
0.434000 0.419037 0.097118 0.214669 -0.367773 1.073644 -0.192311 4.828233 -5.043213 -1.305822
0.435000 0.418672 0.098189 0.214476 -0.362953 1.068574 -0.193607 4.810629 -5.095504 -1.286991
0.436000 0.418311 0.099255 0.214282 -0.358151 1.063453 -0.194885 4.792219 -5.146777 -1.268403
0.437000 0.417955 0.100316 0.214086 -0.353368 1.058280 -0.196144 4.773026 -5.196855 -1.250152
0.438000 0.417604 0.101372 0.213889 -0.348605 1.053059 -0.197385 4.753105 -5.245561 -1.232394
0.439000 0.417258 0.102422 0.213691 -0.343862 1.047789 -0.198609 4.732571 -5.292991 -1.215203
0.440000 0.416917 0.103467 0.213492 -0.339140 1.042473 -0.199816 4.711536 -5.339434 -1.198547
0.441000 0.416580 0.104507 0.213292 -0.334439 1.037110 -0.201006 4.689963 -5.384882 -1.182403
0.442000 0.416248 0.105542 0.213090 -0.329760 1.031703 -0.202181 4.667704 -5.429058 -1.166779
0.443000 0.415920 0.106571 0.212887 -0.325104 1.026252 -0.203340 4.644709 -5.471945 -1.151637
0.444000 0.415597 0.107594 0.212683 -0.320471 1.020759 -0.204484 4.621052 -5.513832 -1.136871
0.445000 0.415279 0.108612 0.212478 -0.315862 1.015225 -0.205613 4.596768 -5.554837 -1.122369
0.446000 0.414966 0.109625 0.212272 -0.311277 1.009649 -0.206729 4.571829 -5.594863 -1.108033
0.447000 0.414657 0.110631 0.212065 -0.306718 1.004035 -0.207829 4.546271 -5.634025 -1.093753
0.448000 0.414352 0.111633 0.211857 -0.302185 0.998381 -0.208916 4.520211 -5.672642 -1.079452
0.449000 0.414052 0.112628 0.211647 -0.297678 0.992690 -0.209988 4.493726 -5.710794 -1.065159
0.450000 0.413757 0.113618 0.211437 -0.293197 0.986960 -0.211046 4.466816 -5.748267 -1.050989
0.451000 0.413466 0.114602 0.211225 -0.288744 0.981193 -0.212090 4.439441 -5.784819 -1.037037
0.452000 0.413179 0.115580 0.211012 -0.284318 0.975390 -0.213120 4.411498 -5.820154 -1.023368
0.453000 0.412897 0.116553 0.210799 -0.279921 0.969553 -0.214137 4.382845 -5.853944 -1.010028
0.454000 0.412620 0.117520 0.210584 -0.275553 0.963682 -0.215141 4.353437 -5.886171 -0.996993
0.455000 0.412346 0.118480 0.210369 -0.271214 0.957780 -0.216131 4.323340 -5.917114 -0.984167
0.456000 0.412077 0.119435 0.210152 -0.266906 0.951848 -0.217109 4.292596 -5.946908 -0.971453
0.457000 0.411812 0.120384 0.209934 -0.262629 0.945887 -0.218074 4.261196 -5.975498 -0.958777
0.458000 0.411552 0.121327 0.209716 -0.258384 0.939897 -0.219026 4.229184 -6.003019 -0.946046
0.459000 0.411296 0.122264 0.209496 -0.254171 0.933881 -0.219966 4.196671 -6.029786 -0.933188
0.460000 0.411044 0.123195 0.209276 -0.249990 0.927838 -0.220893 4.163740 -6.055901 -0.920253
0.461000 0.410796 0.124119 0.209054 -0.245843 0.921769 -0.221807 4.130433 -6.081249 -0.907366
0.462000 0.410552 0.125038 0.208832 -0.241729 0.915675 -0.222708 4.096822 -6.105911 -0.894576
0.463000 0.410312 0.125951 0.208609 -0.237649 0.909557 -0.223596 4.062981 -6.130127 -0.881842
0.464000 0.410077 0.126857 0.208385 -0.233603 0.903415 -0.224471 4.028879 -6.153871 -0.869141
0.465000 0.409845 0.127758 0.208160 -0.229592 0.897249 -0.225334 3.994394 -6.176824 -0.856498
0.466000 0.409617 0.128652 0.207934 -0.225615 0.891061 -0.226184 3.959425 -6.198721 -0.843916
0.467000 0.409394 0.129540 0.207708 -0.221673 0.884852 -0.227022 3.923914 -6.219398 -0.831346
0.468000 0.409174 0.130421 0.207480 -0.217767 0.878622 -0.227847 3.887823 -6.238746 -0.818716
0.469000 0.408958 0.131297 0.207252 -0.213897 0.872374 -0.228659 3.851179 -6.256886 -0.805922
0.470000 0.408746 0.132166 0.207023 -0.210064 0.866109 -0.229459 3.814071 -6.274112 -0.792874
0.471000 0.408538 0.133029 0.206793 -0.206269 0.859826 -0.230245 3.776565 -6.290511 -0.779584
0.472000 0.408334 0.133886 0.206562 -0.202511 0.853528 -0.231018 3.738694 -6.305972 -0.766136
0.473000 0.408133 0.134736 0.206331 -0.198792 0.847214 -0.231777 3.700518 -6.320562 -0.752546
0.474000 0.407936 0.135580 0.206099 -0.195110 0.840886 -0.232523 3.662111 -6.334509 -0.738762
0.475000 0.407743 0.136418 0.205866 -0.191467 0.834545 -0.233255 3.623478 -6.347798 -0.724778
0.476000 0.407553 0.137249 0.205632 -0.187863 0.828191 -0.233973 3.584569 -6.360191 -0.710639
0.477000 0.407367 0.138074 0.205398 -0.184298 0.821825 -0.234676 3.545380 -6.371665 -0.696331
0.478000 0.407185 0.138893 0.205163 -0.180773 0.815447 -0.235365 3.505960 -6.382454 -0.681768
0.479000 0.407006 0.139705 0.204927 -0.177286 0.809060 -0.236040 3.466322 -6.392665 -0.666889
0.480000 0.406830 0.140511 0.204691 -0.173840 0.802662 -0.236699 3.426430 -6.402197 -0.651684
0.481000 0.406658 0.141311 0.204454 -0.170434 0.796255 -0.237343 3.386261 -6.410931 -0.636179
0.482000 0.406489 0.142104 0.204216 -0.167067 0.789840 -0.237971 3.345820 -6.418730 -0.620457
0.483000 0.406324 0.142890 0.203978 -0.163742 0.783418 -0.238584 3.305125 -6.425440 -0.604639
0.484000 0.406162 0.143671 0.203739 -0.160457 0.776989 -0.239181 3.264226 -6.431114 -0.588759
0.485000 0.406003 0.144444 0.203500 -0.157213 0.770556 -0.239761 3.223178 -6.435941 -0.572769
0.486000 0.405847 0.145212 0.203260 -0.154011 0.764118 -0.240326 3.181976 -6.439865 -0.556657
0.487000 0.405695 0.145973 0.203019 -0.150849 0.757676 -0.240875 3.140569 -6.442616 -0.540460
0.488000 0.405546 0.146727 0.202778 -0.147730 0.751232 -0.241407 3.098944 -6.444131 -0.524160
0.489000 0.405399 0.147475 0.202536 -0.144652 0.744788 -0.241923 3.057145 -6.444617 -0.507675
0.490000 0.405256 0.148217 0.202294 -0.141615 0.738343 -0.242422 3.015203 -6.444189 -0.490962
0.491000 0.405116 0.148952 0.202051 -0.138621 0.731899 -0.242905 2.973121 -6.442823 -0.474022
0.492000 0.404979 0.149680 0.201808 -0.135669 0.725457 -0.243370 2.930927 -6.440635 -0.456815
0.493000 0.404845 0.150403 0.201565 -0.132759 0.719018 -0.243819 2.888685 -6.437876 -0.439278
0.494000 0.404714 0.151118 0.201321 -0.129892 0.712582 -0.244249 2.846442 -6.434626 -0.421439
0.495000 0.404585 0.151828 0.201076 -0.127066 0.706149 -0.244661 2.804224 -6.430801 -0.403401
0.496000 0.404459 0.152531 0.200831 -0.124283 0.699720 -0.245056 2.762072 -6.426459 -0.385195
0.497000 0.404337 0.153227 0.200586 -0.121542 0.693296 -0.245432 2.720039 -6.421764 -0.366764
0.498000 0.404216 0.153917 0.200340 -0.118843 0.686877 -0.245789 2.678136 -6.416643 -0.348091
0.499000 0.404099 0.154601 0.200094 -0.116186 0.680463 -0.246128 2.636340 -6.410782 -0.329223
0.500000 0.403984 0.155278 0.199848 -0.113571 0.674055 -0.246448 2.594632 -6.403929 -0.310205
0.501000 0.403872 0.155949 0.199602 -0.110997 0.667655 -0.246748 2.553009 -6.395950 -0.291082
0.502000 0.403762 0.156614 0.199355 -0.108465 0.661263 -0.247030 2.511470 -6.386770 -0.271901
0.503000 0.403655 0.157272 0.199107 -0.105974 0.654881 -0.247292 2.470041 -6.376490 -0.252639
0.504000 0.403550 0.157923 0.198860 -0.103524 0.648510 -0.247535 2.428764 -6.365322 -0.233228
0.505000 0.403448 0.158569 0.198612 -0.101116 0.642151 -0.247759 2.387661 -6.353306 -0.213672
0.506000 0.403348 0.159208 0.198365 -0.098749 0.635803 -0.247963 2.346730 -6.340324 -0.194034
0.507000 0.403250 0.159840 0.198116 -0.096423 0.629470 -0.248147 2.305985 -6.326396 -0.174319
0.508000 0.403155 0.160467 0.197868 -0.094137 0.623151 -0.248311 2.265461 -6.311671 -0.154479
0.509000 0.403062 0.161087 0.197620 -0.091892 0.616847 -0.248456 2.225169 -6.296108 -0.134543
0.510000 0.402971 0.161700 0.197371 -0.089687 0.610558 -0.248580 2.185098 -6.279498 -0.114608
0.511000 0.402883 0.162308 0.197123 -0.087522 0.604288 -0.248685 2.145256 -6.261795 -0.094704
0.512000 0.402796 0.162909 0.196874 -0.085396 0.598035 -0.248770 2.105679 -6.243163 -0.074781
0.513000 0.402712 0.163504 0.196625 -0.083310 0.591801 -0.248835 2.066395 -6.223689 -0.054843
0.514000 0.402629 0.164092 0.196376 -0.081264 0.585588 -0.248879 2.027419 -6.203339 -0.034954
0.515000 0.402549 0.164675 0.196127 -0.079256 0.579395 -0.248904 1.988775 -6.182199 -0.015116
0.516000 0.402471 0.165251 0.195878 -0.077286 0.573223 -0.248910 1.950502 -6.160468 0.004731
0.517000 0.402395 0.165821 0.195630 -0.075355 0.567074 -0.248895 1.912622 -6.138219 0.024583
0.518000 0.402320 0.166385 0.195381 -0.073461 0.560947 -0.248860 1.875140 -6.115395 0.044378
0.519000 0.402248 0.166943 0.195132 -0.071604 0.554843 -0.248806 1.838074 -6.092049 0.064113
0.520000 0.402177 0.167495 0.194883 -0.069785 0.548763 -0.248732 1.801444 -6.068319 0.083847
0.521000 0.402108 0.168041 0.194634 -0.068001 0.542706 -0.248639 1.765238 -6.044149 0.103577
0.522000 0.402041 0.168580 0.194386 -0.066254 0.536674 -0.248525 1.729421 -6.019325 0.123241
0.523000 0.401976 0.169114 0.194137 -0.064542 0.530668 -0.248392 1.693979 -5.993784 0.142837
0.524000 0.401912 0.169642 0.193889 -0.062866 0.524687 -0.248239 1.658925 -5.967659 0.162421
0.525000 0.401850 0.170163 0.193641 -0.061225 0.518732 -0.248067 1.624265 -5.941019 0.181993
0.526000 0.401790 0.170679 0.193393 -0.059618 0.512805 -0.247875 1.589991 -5.913829 0.201487
0.527000 0.401731 0.171189 0.193145 -0.058045 0.506905 -0.247664 1.556108 -5.886153 0.220902
0.528000 0.401673 0.171693 0.192898 -0.056505 0.501032 -0.247434 1.522632 -5.858153 0.240306
0.529000 0.401618 0.172191 0.192650 -0.054999 0.495188 -0.247184 1.489566 -5.829859 0.259721
0.530000 0.401563 0.172683 0.192403 -0.053526 0.489373 -0.246914 1.456895 -5.801179 0.279116
0.531000 0.401511 0.173170 0.192156 -0.052086 0.483586 -0.246625 1.424618 -5.772125 0.298513
0.532000 0.401459 0.173651 0.191910 -0.050677 0.477828 -0.246317 1.392745 -5.742806 0.317979
0.533000 0.401409 0.174126 0.191664 -0.049300 0.472100 -0.245989 1.361273 -5.713177 0.337510
0.534000 0.401361 0.174595 0.191418 -0.047954 0.466402 -0.245642 1.330182 -5.683053 0.357042
0.535000 0.401313 0.175058 0.191172 -0.046640 0.460734 -0.245275 1.299466 -5.652387 0.376568
0.536000 0.401267 0.175516 0.190927 -0.045356 0.455097 -0.244889 1.269140 -5.621303 0.396145
0.537000 0.401223 0.175969 0.190683 -0.044101 0.449492 -0.244483 1.239221 -5.589884 0.415767
0.538000 0.401179 0.176415 0.190438 -0.042877 0.443917 -0.244057 1.209719 -5.558129 0.435366
0.539000 0.401137 0.176856 0.190195 -0.041682 0.438375 -0.243612 1.180649 -5.526118 0.454937
0.540000 0.401096 0.177292 0.189951 -0.040516 0.432865 -0.243148 1.152032 -5.494006 0.474544
0.541000 0.401056 0.177722 0.189708 -0.039378 0.427387 -0.242663 1.123880 -5.461838 0.494205
0.542000 0.401017 0.178147 0.189466 -0.038268 0.421942 -0.242159 1.096199 -5.429557 0.513885
0.543000 0.400979 0.178566 0.189224 -0.037186 0.416528 -0.241635 1.068997 -5.397193 0.533603
0.544000 0.400943 0.178980 0.188983 -0.036130 0.411147 -0.241092 1.042281 -5.364848 0.553430
0.545000 0.400907 0.179388 0.188742 -0.035101 0.405799 -0.240529 1.016033 -5.332495 0.573385
0.546000 0.400872 0.179791 0.188502 -0.034098 0.400482 -0.239945 0.990218 -5.299968 0.593417
0.547000 0.400839 0.180189 0.188262 -0.033121 0.395199 -0.239342 0.964810 -5.267129 0.613474
0.548000 0.400806 0.180582 0.188023 -0.032168 0.389948 -0.238718 0.939795 -5.233896 0.633505
0.549000 0.400775 0.180969 0.187784 -0.031241 0.384731 -0.238075 0.915168 -5.200218 0.653456
0.550000 0.400744 0.181351 0.187547 -0.030338 0.379548 -0.237411 0.890931 -5.166146 0.673344
0.551000 0.400714 0.181728 0.187310 -0.029459 0.374398 -0.236728 0.867095 -5.131806 0.693249
0.552000 0.400685 0.182100 0.187073 -0.028604 0.369284 -0.236025 0.843662 -5.097240 0.713208
0.553000 0.400657 0.182467 0.186838 -0.027772 0.364204 -0.235302 0.820626 -5.062402 0.733214
0.554000 0.400629 0.182828 0.186603 -0.026963 0.359159 -0.234558 0.797988 -5.027323 0.753306
0.555000 0.400603 0.183185 0.186368 -0.026176 0.354149 -0.233795 0.775754 -4.992100 0.773559
0.556000 0.400577 0.183537 0.186135 -0.025411 0.349175 -0.233011 0.753922 -4.956728 0.793985
0.557000 0.400552 0.183883 0.185902 -0.024668 0.344236 -0.232207 0.732484 -4.921108 0.814540
0.558000 0.400528 0.184225 0.185671 -0.023946 0.339333 -0.231382 0.711437 -4.885231 0.835233
0.559000 0.400504 0.184562 0.185440 -0.023245 0.334465 -0.230537 0.690783 -4.849193 0.856127
0.560000 0.400481 0.184894 0.185210 -0.022565 0.329634 -0.229670 0.670520 -4.813047 0.877230
0.561000 0.400459 0.185221 0.184980 -0.021904 0.324839 -0.228782 0.650634 -4.776776 0.898492
0.562000 0.400437 0.185544 0.184752 -0.021263 0.320081 -0.227873 0.631121 -4.740426 0.919925
0.563000 0.400416 0.185862 0.184525 -0.020642 0.315358 -0.226942 0.611981 -4.704108 0.941606
0.564000 0.400396 0.186175 0.184298 -0.020039 0.310673 -0.225990 0.593207 -4.667860 0.963593
0.565000 0.400376 0.186483 0.184073 -0.019455 0.306023 -0.225015 0.574784 -4.631628 0.985886
0.566000 0.400357 0.186787 0.183848 -0.018890 0.301409 -0.224018 0.556695 -4.595345 1.008472
0.567000 0.400339 0.187086 0.183625 -0.018342 0.296832 -0.222998 0.538923 -4.558926 1.031305
0.568000 0.400320 0.187380 0.183402 -0.017812 0.292291 -0.221955 0.521452 -4.522270 1.054319
0.569000 0.400303 0.187670 0.183181 -0.017299 0.287788 -0.220890 0.504272 -4.485371 1.077516
0.570000 0.400286 0.187956 0.182960 -0.016803 0.283321 -0.219800 0.487391 -4.448317 1.100958
0.571000 0.400269 0.188237 0.182741 -0.016324 0.278891 -0.218688 0.470823 -4.411164 1.124669
0.572000 0.400253 0.188514 0.182523 -0.015862 0.274498 -0.217551 0.454585 -4.373915 1.148624
0.573000 0.400238 0.188786 0.182306 -0.015415 0.270143 -0.216390 0.438690 -4.336623 1.172846
0.574000 0.400222 0.189054 0.182090 -0.014984 0.265825 -0.215205 0.423145 -4.299399 1.197402
0.575000 0.400208 0.189318 0.181876 -0.014569 0.261544 -0.213996 0.407937 -4.262315 1.222313
0.576000 0.400193 0.189577 0.181662 -0.014168 0.257300 -0.212761 0.393048 -4.225373 1.247539
0.577000 0.400179 0.189832 0.181450 -0.013783 0.253094 -0.211500 0.378465 -4.188556 1.273036
0.578000 0.400166 0.190083 0.181239 -0.013412 0.248923 -0.210215 0.364192 -4.151812 1.298761
0.579000 0.400152 0.190330 0.181030 -0.013054 0.244790 -0.208903 0.350241 -4.115067 1.324672
0.580000 0.400140 0.190573 0.180821 -0.012711 0.240693 -0.207565 0.336625 -4.078321 1.350780
0.581000 0.400127 0.190811 0.180614 -0.012381 0.236633 -0.206201 0.323355 -4.041648 1.377147
0.582000 0.400115 0.191046 0.180409 -0.012064 0.232610 -0.204811 0.310445 -4.005085 1.403785
0.583000 0.400103 0.191277 0.180205 -0.011760 0.228623 -0.203394 0.297906 -3.968624 1.430654
0.584000 0.400091 0.191503 0.180002 -0.011469 0.224673 -0.201950 0.285748 -3.932300 1.457766
0.585000 0.400080 0.191726 0.179801 -0.011189 0.220758 -0.200478 0.273973 -3.896190 1.485186
0.586000 0.400069 0.191945 0.179601 -0.010921 0.216880 -0.198979 0.262566 -3.860321 1.512944
0.587000 0.400058 0.192160 0.179403 -0.010664 0.213038 -0.197452 0.251503 -3.824669 1.541032
0.588000 0.400048 0.192371 0.179206 -0.010418 0.209231 -0.195897 0.240771 -3.789251 1.569476
0.589000 0.400037 0.192578 0.179011 -0.010182 0.205459 -0.194313 0.230369 -3.754120 1.598324
0.590000 0.400027 0.192782 0.178818 -0.009957 0.201723 -0.192701 0.220306 -3.719262 1.627553
0.591000 0.400017 0.192982 0.178626 -0.009741 0.198021 -0.191058 0.210591 -3.684596 1.657067
0.592000 0.400008 0.193178 0.178436 -0.009536 0.194354 -0.189386 0.201235 -3.650061 1.686778
0.593000 0.399998 0.193370 0.178247 -0.009339 0.190721 -0.187685 0.192245 -3.615639 1.716612
0.594000 0.399989 0.193559 0.178060 -0.009151 0.187122 -0.185953 0.183633 -3.581334 1.746500
0.595000 0.399980 0.193745 0.177875 -0.008972 0.183558 -0.184192 0.175405 -3.547195 1.776437
0.596000 0.399971 0.193926 0.177692 -0.008800 0.180028 -0.182400 0.167559 -3.513301 1.806469
0.597000 0.399962 0.194105 0.177510 -0.008637 0.176531 -0.180579 0.160078 -3.479691 1.836612
0.598000 0.399954 0.194279 0.177331 -0.008480 0.173068 -0.178727 0.152938 -3.446371 1.866836
0.599000 0.399945 0.194451 0.177153 -0.008331 0.169639 -0.176845 0.146121 -3.413373 1.897153
0.600000 0.399937 0.194619 0.176977 -0.008188 0.166242 -0.174933 0.139624 -3.380752 1.927604
0.601000 0.399929 0.194783 0.176803 -0.008051 0.162877 -0.172990 0.133455 -3.348510 1.958170
0.602000 0.399921 0.194944 0.176631 -0.007921 0.159545 -0.171016 0.127621 -3.316594 1.988772
0.603000 0.399913 0.195102 0.176461 -0.007796 0.156244 -0.169012 0.122129 -3.284958 2.019328
0.604000 0.399905 0.195257 0.176293 -0.007677 0.152975 -0.166978 0.116988 -3.253568 2.049754
0.605000 0.399898 0.195408 0.176127 -0.007562 0.149737 -0.164913 0.112205 -3.222393 2.079962
0.606000 0.399890 0.195556 0.175963 -0.007452 0.146530 -0.162818 0.107786 -3.191447 2.109926
0.607000 0.399883 0.195701 0.175801 -0.007347 0.143354 -0.160693 0.103728 -3.160783 2.139673
0.608000 0.399876 0.195843 0.175642 -0.007245 0.140208 -0.158539 0.100013 -3.130431 2.169196
0.609000 0.399868 0.195982 0.175484 -0.007147 0.137093 -0.156355 0.096614 -3.100393 2.198446
0.610000 0.399861 0.196117 0.175329 -0.007052 0.134008 -0.154142 0.093512 -3.070694 2.227413
0.611000 0.399854 0.196250 0.175176 -0.006960 0.130952 -0.151900 0.090705 -3.041374 2.256126
0.612000 0.399847 0.196379 0.175025 -0.006870 0.127925 -0.149629 0.088198 -3.012428 2.284572
0.613000 0.399841 0.196506 0.174877 -0.006783 0.124927 -0.147331 0.085997 -2.983812 2.312693
0.614000 0.399834 0.196629 0.174731 -0.006698 0.121957 -0.145004 0.084108 -2.955513 2.340470
0.615000 0.399827 0.196750 0.174587 -0.006615 0.119016 -0.142650 0.082527 -2.927550 2.367912
0.616000 0.399821 0.196867 0.174445 -0.006533 0.116102 -0.140268 0.081234 -2.899904 2.394970
0.617000 0.399814 0.196982 0.174306 -0.006453 0.113216 -0.137860 0.080202 -2.872514 2.421537
0.618000 0.399808 0.197094 0.174170 -0.006373 0.110357 -0.135425 0.079412 -2.845322 2.447518
0.619000 0.399801 0.197203 0.174035 -0.006294 0.107525 -0.132965 0.078859 -2.818285 2.472846
0.620000 0.399795 0.197309 0.173904 -0.006215 0.104721 -0.130479 0.078549 -2.791365 2.497472
0.621000 0.399789 0.197412 0.173774 -0.006137 0.101943 -0.127970 0.078485 -2.764554 2.521384
0.622000 0.399783 0.197513 0.173648 -0.006058 0.099191 -0.125437 0.078664 -2.737862 2.544585
0.623000 0.399777 0.197610 0.173524 -0.005979 0.096467 -0.122881 0.079065 -2.711252 2.567013
0.624000 0.399771 0.197705 0.173402 -0.005900 0.093769 -0.120303 0.079661 -2.684649 2.588550
0.625000 0.399765 0.197798 0.173283 -0.005820 0.091098 -0.117704 0.080431 -2.658014 2.609127
0.626000 0.399759 0.197888 0.173167 -0.005739 0.088453 -0.115084 0.081372 -2.631354 2.628726
0.627000 0.399754 0.197975 0.173053 -0.005657 0.085835 -0.112446 0.082487 -2.604672 2.647296
0.628000 0.399748 0.198059 0.172942 -0.005574 0.083244 -0.109790 0.083781 -2.577953 2.664744
0.629000 0.399742 0.198141 0.172833 -0.005490 0.080679 -0.107117 0.085259 -2.551194 2.681017
0.630000 0.399737 0.198221 0.172727 -0.005404 0.078141 -0.104428 0.086915 -2.524405 2.696109
0.631000 0.399732 0.198298 0.172624 -0.005316 0.075630 -0.101724 0.088730 -2.497555 2.709984
0.632000 0.399726 0.198372 0.172524 -0.005226 0.073146 -0.099008 0.090676 -2.470579 2.722563
0.633000 0.399721 0.198444 0.172426 -0.005135 0.070689 -0.096279 0.092731 -2.443416 2.733755
0.634000 0.399716 0.198513 0.172331 -0.005041 0.068259 -0.093540 0.094890 -2.416019 2.743452
0.635000 0.399711 0.198580 0.172239 -0.004945 0.065857 -0.090792 0.097158 -2.388347 2.751533
0.636000 0.399706 0.198645 0.172150 -0.004846 0.063483 -0.088037 0.099537 -2.360382 2.757925
0.637000 0.399701 0.198707 0.172063 -0.004746 0.061136 -0.085277 0.102022 -2.332115 2.762592
0.638000 0.399697 0.198767 0.171979 -0.004642 0.058818 -0.082512 0.104591 -2.303501 2.765457
0.639000 0.399692 0.198825 0.171898 -0.004536 0.056529 -0.079746 0.107216 -2.274462 2.766397
0.640000 0.399688 0.198880 0.171820 -0.004428 0.054269 -0.076979 0.109873 -2.244947 2.765329
0.641000 0.399683 0.198933 0.171744 -0.004317 0.052039 -0.074215 0.112547 -2.214939 2.762219
0.642000 0.399679 0.198984 0.171671 -0.004203 0.049840 -0.071455 0.115214 -2.184407 2.757003
0.643000 0.399675 0.199033 0.171601 -0.004086 0.047671 -0.068701 0.117844 -2.153291 2.749572
0.644000 0.399671 0.199080 0.171534 -0.003967 0.045533 -0.065956 0.120405 -2.121521 2.739816
0.645000 0.399667 0.199124 0.171469 -0.003846 0.043428 -0.063221 0.122864 -2.089011 2.727624
0.646000 0.399663 0.199167 0.171407 -0.003721 0.041355 -0.060500 0.125190 -2.055662 2.712878
0.647000 0.399659 0.199207 0.171348 -0.003595 0.039316 -0.057796 0.127362 -2.021408 2.695503
0.648000 0.399656 0.199245 0.171292 -0.003467 0.037312 -0.055109 0.129372 -1.986218 2.675454
0.649000 0.399653 0.199282 0.171238 -0.003336 0.035344 -0.052445 0.131222 -1.950046 2.652651
0.650000 0.399649 0.199316 0.171187 -0.003204 0.033412 -0.049804 0.132916 -1.912825 2.626977
0.651000 0.399646 0.199348 0.171139 -0.003071 0.031518 -0.047191 0.134454 -1.874508 2.598344
0.652000 0.399643 0.199379 0.171093 -0.002935 0.029663 -0.044607 0.135831 -1.835064 2.566699
0.653000 0.399640 0.199408 0.171049 -0.002799 0.027848 -0.042057 0.137022 -1.794444 2.531949
0.654000 0.399638 0.199435 0.171009 -0.002661 0.026074 -0.039544 0.137997 -1.752571 2.493968
0.655000 0.399635 0.199460 0.170970 -0.002523 0.024343 -0.037069 0.138732 -1.709392 2.452660
0.656000 0.399632 0.199483 0.170934 -0.002384 0.022655 -0.034638 0.139208 -1.664869 2.407959
0.657000 0.399630 0.199505 0.170901 -0.002244 0.021013 -0.032253 0.139400 -1.618944 2.359765
0.658000 0.399628 0.199525 0.170870 -0.002105 0.019417 -0.029919 0.139276 -1.571531 2.307932
0.659000 0.399626 0.199544 0.170841 -0.001966 0.017870 -0.027638 0.138802 -1.522543 2.252312
0.660000 0.399624 0.199561 0.170815 -0.001827 0.016372 -0.025414 0.137945 -1.471890 2.192754
0.661000 0.399622 0.199577 0.170790 -0.001690 0.014926 -0.023252 0.136669 -1.419483 2.129106
0.662000 0.399621 0.199591 0.170768 -0.001554 0.013533 -0.021156 0.134951 -1.365254 2.061256
0.663000 0.399619 0.199604 0.170748 -0.001420 0.012196 -0.019130 0.132770 -1.309157 1.989124
0.664000 0.399618 0.199615 0.170730 -0.001289 0.010915 -0.017178 0.130101 -1.251123 1.912593
0.665000 0.399617 0.199626 0.170714 -0.001160 0.009693 -0.015304 0.126911 -1.191060 1.831511
0.666000 0.399616 0.199635 0.170699 -0.001035 0.008533 -0.013515 0.123175 -1.128898 1.745759
0.667000 0.399615 0.199643 0.170687 -0.000914 0.007436 -0.011813 0.118872 -1.064584 1.655261
0.668000 0.399614 0.199650 0.170676 -0.000797 0.006404 -0.010204 0.113978 -0.998044 1.559917
0.669000 0.399613 0.199656 0.170666 -0.000686 0.005440 -0.008693 0.108458 -0.929183 1.459602
0.670000 0.399612 0.199661 0.170658 -0.000580 0.004545 -0.007285 0.102286 -0.857925 1.354216
0.671000 0.399612 0.199665 0.170652 -0.000481 0.003724 -0.005985 0.095443 -0.784214 1.243674
0.672000 0.399611 0.199668 0.170646 -0.000389 0.002977 -0.004797 0.087903 -0.707972 1.127848
0.673000 0.399611 0.199671 0.170642 -0.000305 0.002308 -0.003729 0.041977 -0.334603 0.534297
0.674000 0.399611 0.199673 0.170639 -0.000305 0.002308 -0.003729 0.041977 -0.334603 0.534297
