0.000000 0.666890 -0.191782 0.138510 0.008467 -0.007968 -0.004732 -0.185384 0.058742 0.296563
0.001000 0.666898 -0.191790 0.138505 0.008467 -0.007968 -0.004732 -0.185384 0.058742 0.296563
0.002000 0.666907 -0.191798 0.138500 0.008096 -0.007851 -0.004139 -0.383513 0.124115 0.608688
0.003000 0.666915 -0.191806 0.138496 0.007700 -0.007720 -0.003515 -0.409452 0.137611 0.640203
0.004000 0.666922 -0.191813 0.138493 0.007277 -0.007575 -0.002859 -0.436313 0.151581 0.672505
0.005000 0.666929 -0.191821 0.138491 0.006827 -0.007417 -0.002170 -0.464127 0.166035 0.705593
0.006000 0.666936 -0.191828 0.138489 0.006349 -0.007243 -0.001448 -0.492911 0.180990 0.739461
0.007000 0.666942 -0.191835 0.138488 0.005841 -0.007055 -0.000691 -0.522675 0.196479 0.774084
0.008000 0.666947 -0.191842 0.138487 0.005303 -0.006850 0.000101 -0.553424 0.212542 0.809430
0.009000 0.666952 -0.191849 0.138488 0.004734 -0.006630 0.000928 -0.585176 0.229212 0.845474
0.010000 0.666957 -0.191856 0.138489 0.004133 -0.006392 0.001792 -0.617959 0.246506 0.882206
0.011000 0.666961 -0.191862 0.138491 0.003498 -0.006137 0.002692 -0.651813 0.264432 0.919621
0.012000 0.666964 -0.191868 0.138495 0.002829 -0.005863 0.003631 -0.686766 0.282998 0.957720
0.013000 0.666966 -0.191874 0.138499 0.002125 -0.005571 0.004608 -0.722831 0.302219 0.996510
0.014000 0.666968 -0.191879 0.138504 0.001384 -0.005259 0.005624 -0.760013 0.322127 1.036012
0.015000 0.666969 -0.191884 0.138510 0.000605 -0.004926 0.006680 -0.798314 0.342762 1.076253
0.016000 0.666969 -0.191889 0.138517 -0.000213 -0.004573 0.007776 -0.837733 0.364153 1.117242
0.017000 0.666969 -0.191893 0.138526 -0.001071 -0.004198 0.008914 -0.878272 0.386316 1.158957
0.018000 0.666967 -0.191897 0.138535 -0.001969 -0.003801 0.010094 -0.919929 0.409257 1.201358
0.019000 0.666965 -0.191901 0.138546 -0.002910 -0.003380 0.011317 -0.962705 0.432979 1.244410
0.020000 0.666961 -0.191904 0.138558 -0.003895 -0.002935 0.012583 -1.006609 0.457486 1.288093
0.021000 0.666957 -0.191907 0.138571 -0.004924 -0.002465 0.013893 -1.051661 0.482781 1.332393
0.022000 0.666952 -0.191909 0.138585 -0.005998 -0.001969 0.015248 -1.097892 0.508869 1.377297
0.023000 0.666945 -0.191911 0.138601 -0.007119 -0.001447 0.016648 -1.145321 0.535761 1.422791
0.024000 0.666937 -0.191912 0.138619 -0.008289 -0.000897 0.018093 -1.193954 0.563485 1.468860
0.025000 0.666928 -0.191913 0.138638 -0.009507 -0.000320 0.019585 -1.243784 0.592075 1.515486
0.026000 0.666918 -0.191913 0.138658 -0.010776 0.000287 0.021124 -1.294802 0.621556 1.562650
0.027000 0.666907 -0.191912 0.138680 -0.012097 0.000923 0.022711 -1.346998 0.651928 1.610321
0.028000 0.666894 -0.191911 0.138703 -0.013470 0.001591 0.024345 -1.400362 0.683167 1.658453
0.029000 0.666880 -0.191909 0.138728 -0.014898 0.002290 0.026028 -1.454882 0.715237 1.706987
0.030000 0.666864 -0.191906 0.138755 -0.016380 0.003021 0.027759 -1.510555 0.748111 1.755876
0.031000 0.666847 -0.191903 0.138784 -0.017919 0.003786 0.029539 -1.567390 0.781777 1.805080
0.032000 0.666828 -0.191899 0.138814 -0.019515 0.004585 0.031369 -1.625406 0.816231 1.854572
0.033000 0.666808 -0.191894 0.138847 -0.021170 0.005418 0.033249 -1.684608 0.851479 1.904322
0.034000 0.666786 -0.191888 0.138881 -0.022884 0.006288 0.035178 -1.744988 0.887542 1.954297
0.035000 0.666762 -0.191881 0.138917 -0.024660 0.007193 0.037157 -1.806525 0.924448 2.004465
0.036000 0.666737 -0.191873 0.138955 -0.026497 0.008136 0.039187 -1.869198 0.962215 2.054788
0.037000 0.666709 -0.191865 0.138995 -0.028398 0.009118 0.041267 -1.932992 1.000846 2.105220
0.038000 0.666680 -0.191855 0.139038 -0.030363 0.010138 0.043397 -1.997907 1.040335 2.155694
0.039000 0.666649 -0.191844 0.139082 -0.032394 0.011198 0.045578 -2.063947 1.080672 2.206137
0.040000 0.666615 -0.191833 0.139129 -0.034491 0.012299 0.047809 -2.131107 1.121847 2.256479
0.041000 0.666580 -0.191820 0.139178 -0.036656 0.013442 0.050091 -2.199365 1.163847 2.306664
0.042000 0.666542 -0.191806 0.139229 -0.038890 0.014627 0.052423 -2.268689 1.206662 2.356643
0.043000 0.666502 -0.191791 0.139283 -0.041193 0.015855 0.054804 -2.339042 1.250276 2.406365
0.044000 0.666460 -0.191774 0.139339 -0.043568 0.017128 0.057236 -2.410396 1.294675 2.455779
0.045000 0.666415 -0.191756 0.139397 -0.046014 0.018445 0.059716 -2.482736 1.339843 2.504831
0.046000 0.666368 -0.191737 0.139458 -0.048533 0.019807 0.062245 -2.556053 1.385764 2.553463
0.047000 0.666318 -0.191717 0.139522 -0.051126 0.021216 0.064823 -2.630338 1.432431 2.601629
0.048000 0.666265 -0.191695 0.139588 -0.053794 0.022672 0.067448 -2.705576 1.479847 2.649290
0.049000 0.666210 -0.191671 0.139657 -0.056537 0.024176 0.070121 -2.781753 1.528027 2.696417
0.050000 0.666152 -0.191646 0.139728 -0.059358 0.025728 0.072841 -2.858842 1.576973 2.742972
0.051000 0.666091 -0.191620 0.139802 -0.062255 0.027330 0.075607 -2.936806 1.626670 2.788915
0.052000 0.666028 -0.191592 0.139879 -0.065231 0.028982 0.078419 -3.015614 1.677095 2.834227
0.053000 0.665961 -0.191562 0.139959 -0.068286 0.030684 0.081276 -3.095237 1.728222 2.878903
0.054000 0.665891 -0.191530 0.140042 -0.071422 0.032438 0.084177 -3.175636 1.780032 2.922925
0.055000 0.665818 -0.191497 0.140127 -0.074638 0.034244 0.087122 -3.256754 1.832520 2.966260
0.056000 0.665742 -0.191462 0.140216 -0.077935 0.036103 0.090109 -3.338523 1.885688 3.008864
0.057000 0.665662 -0.191425 0.140308 -0.081315 0.038016 0.093139 -3.420890 1.939539 3.050697
0.058000 0.665579 -0.191386 0.140402 -0.084777 0.039982 0.096211 -3.503829 1.994072 3.091731
0.059000 0.665493 -0.191345 0.140500 -0.088322 0.042004 0.099323 -3.587326 2.049285 3.131943
0.060000 0.665403 -0.191302 0.140601 -0.091952 0.044081 0.102475 -3.671349 2.105164 3.171294
0.061000 0.665309 -0.191257 0.140705 -0.095665 0.046214 0.105665 -3.755842 2.161687 3.209737
0.062000 0.665211 -0.191209 0.140812 -0.099463 0.048404 0.108894 -3.840741 2.218839 3.247250
0.063000 0.665110 -0.191160 0.140923 -0.103347 0.050652 0.112160 -3.925990 2.276611 3.283834
0.064000 0.665005 -0.191108 0.141037 -0.107315 0.052957 0.115462 -4.011535 2.334999 3.319478
0.065000 0.664895 -0.191054 0.141154 -0.111370 0.055322 0.118799 -4.097335 2.394015 3.354152
0.066000 0.664782 -0.190997 0.141274 -0.115510 0.057745 0.122170 -4.183352 2.453676 3.387817
0.067000 0.664664 -0.190939 0.141398 -0.119736 0.060229 0.125575 -4.269533 2.513981 3.420411
0.068000 0.664542 -0.190877 0.141525 -0.124049 0.062773 0.129011 -4.355813 2.574913 3.451876
0.069000 0.664416 -0.190813 0.141656 -0.128448 0.065379 0.132478 -4.442154 2.636466 3.482192
0.070000 0.664285 -0.190746 0.141790 -0.132933 0.068046 0.135975 -4.528537 2.698648 3.511375
0.071000 0.664150 -0.190677 0.141928 -0.137505 0.070776 0.139501 -4.614933 2.761455 3.539424
0.072000 0.664010 -0.190605 0.142069 -0.142163 0.073569 0.143054 -4.701292 2.824865 3.566324
0.073000 0.663866 -0.190530 0.142214 -0.146908 0.076426 0.146634 -4.787549 2.888844 3.592045
0.074000 0.663717 -0.190452 0.142363 -0.151738 0.079347 0.150238 -4.873620 2.953352 3.616529
0.075000 0.663562 -0.190371 0.142515 -0.156655 0.082333 0.153867 -4.959411 3.018352 3.639703
0.076000 0.663403 -0.190287 0.142670 -0.161657 0.085384 0.157518 -5.044851 3.083844 3.661526
0.077000 0.663239 -0.190200 0.142830 -0.166745 0.088500 0.161190 -5.129895 3.149852 3.681992
0.078000 0.663070 -0.190110 0.142993 -0.171917 0.091683 0.164882 -5.214512 3.216387 3.701109
0.079000 0.662895 -0.190017 0.143159 -0.177174 0.094933 0.168592 -5.298693 3.283445 3.718912
0.080000 0.662715 -0.189920 0.143330 -0.182514 0.098250 0.172320 -5.382444 3.351005 3.735451
0.081000 0.662530 -0.189820 0.143504 -0.187938 0.101635 0.176063 -5.465721 3.419030 3.750721
0.082000 0.662340 -0.189717 0.143682 -0.193446 0.105088 0.179821 -5.548427 3.487461 3.764675
0.083000 0.662143 -0.189610 0.143864 -0.199035 0.108610 0.183592 -5.630461 3.556253 3.777304
0.084000 0.661942 -0.189500 0.144049 -0.204707 0.112201 0.187376 -5.711742 3.625377 3.788641
0.085000 0.661734 -0.189386 0.144238 -0.210459 0.115861 0.191170 -5.792213 3.694816 3.798710
0.086000 0.661521 -0.189268 0.144432 -0.216291 0.119590 0.194973 -5.871854 3.764581 3.807516
0.087000 0.661301 -0.189147 0.144628 -0.222202 0.123390 0.198785 -5.950678 3.834706 3.815064
0.088000 0.661076 -0.189021 0.144829 -0.228192 0.127260 0.202603 -6.028697 3.905226 3.821370
0.089000 0.660845 -0.188892 0.145034 -0.234260 0.131200 0.206427 -6.105930 3.976187 3.826495
0.090000 0.660608 -0.188759 0.145242 -0.240404 0.135212 0.210256 -6.182400 4.047639 3.830519
0.091000 0.660364 -0.188622 0.145454 -0.246625 0.139296 0.214088 -6.258063 4.119585 3.833455
0.092000 0.660114 -0.188480 0.145670 -0.252920 0.143451 0.217923 -6.332803 4.191973 3.835250
0.093000 0.659858 -0.188335 0.145890 -0.259290 0.147680 0.221759 -6.406517 4.264750 3.835885
0.094000 0.659596 -0.188185 0.146114 -0.265733 0.151981 0.225595 -6.479124 4.337877 3.835385
0.095000 0.659327 -0.188031 0.146341 -0.272249 0.156355 0.229430 -6.550510 4.411292 3.833717
0.096000 0.659051 -0.187872 0.146573 -0.278834 0.160803 0.233262 -6.620546 4.484926 3.830784
0.097000 0.658769 -0.187709 0.146808 -0.285490 0.165325 0.237091 -6.689175 4.558758 3.826498
0.098000 0.658480 -0.187542 0.147047 -0.292213 0.169921 0.240915 -6.756414 4.632807 3.820820
0.099000 0.658185 -0.187369 0.147290 -0.299002 0.174591 0.244733 -6.822309 4.707088 3.813756
0.100000 0.657882 -0.187192 0.147536 -0.305857 0.179335 0.248543 -6.886960 4.781612 3.805401
0.101000 0.657573 -0.187011 0.147787 -0.312776 0.184154 0.252344 -6.950492 4.856384 3.795897
0.102000 0.657257 -0.186824 0.148041 -0.319758 0.189048 0.256135 -7.012924 4.931361 3.785295
0.103000 0.656934 -0.186633 0.148299 -0.326802 0.194017 0.259914 -7.074152 5.006455 3.773553
0.104000 0.656603 -0.186436 0.148561 -0.333907 0.199061 0.263682 -7.134085 5.081587 3.760666
0.105000 0.656266 -0.186235 0.148826 -0.341070 0.204180 0.267436 -7.192673 5.156703 3.746685
0.106000 0.655921 -0.186028 0.149096 -0.348292 0.209374 0.271175 -7.249811 5.231720 3.731592
0.107000 0.655569 -0.185816 0.149369 -0.355570 0.214643 0.274899 -7.305355 5.306548 3.715289
0.108000 0.655210 -0.185598 0.149645 -0.362903 0.219987 0.278606 -7.359256 5.381166 3.697703
0.109000 0.654843 -0.185376 0.149926 -0.370289 0.225406 0.282294 -7.411539 5.455600 3.678802
0.110000 0.654469 -0.185148 0.150210 -0.377726 0.230898 0.285963 -7.462150 5.529826 3.658515
0.111000 0.654088 -0.184914 0.150498 -0.385213 0.236465 0.289611 -7.510979 5.603774 3.636767
0.112000 0.653699 -0.184675 0.150789 -0.392748 0.242106 0.293237 -7.558030 5.677433 3.613623
0.113000 0.653302 -0.184430 0.151084 -0.400329 0.247820 0.296838 -7.603400 5.750841 3.589239
0.114000 0.652898 -0.184179 0.151383 -0.407955 0.253608 0.300415 -7.647079 5.823973 3.563677
0.115000 0.652486 -0.183923 0.151685 -0.415623 0.259468 0.303966 -7.688927 5.896728 3.536881
0.116000 0.652067 -0.183660 0.151991 -0.423332 0.265401 0.307489 -7.728847 5.969023 3.508832
0.117000 0.651640 -0.183392 0.152300 -0.431081 0.271406 0.310983 -7.766831 6.040821 3.479588
0.118000 0.651205 -0.183117 0.152613 -0.438866 0.277483 0.314448 -7.802895 6.112117 3.449195
0.119000 0.650762 -0.182837 0.152929 -0.446687 0.283630 0.317882 -7.837110 6.182959 3.417679
0.120000 0.650311 -0.182550 0.153249 -0.454540 0.289849 0.321283 -7.869572 6.253424 3.385055
0.121000 0.649853 -0.182257 0.153571 -0.462426 0.296137 0.324652 -7.900256 6.323505 3.351267
0.122000 0.649387 -0.181958 0.153898 -0.470341 0.302496 0.327986 -7.929051 6.393121 3.316244
0.123000 0.648912 -0.181652 0.154227 -0.478284 0.308924 0.331284 -7.955988 6.462250 3.280067
0.124000 0.648430 -0.181340 0.154560 -0.486253 0.315420 0.334546 -7.981215 6.530936 3.242925
0.125000 0.647940 -0.181021 0.154897 -0.494246 0.321985 0.337770 -8.004747 6.599142 3.204892
0.126000 0.647442 -0.180696 0.155236 -0.502262 0.328619 0.340956 -8.026443 6.666742 3.165908
0.127000 0.646935 -0.180364 0.155578 -0.510299 0.335319 0.344102 -8.046230 6.733640 3.125947
0.128000 0.646421 -0.180025 0.155924 -0.518355 0.342086 0.347208 -8.064125 6.799783 3.085050
0.129000 0.645899 -0.179680 0.156273 -0.526427 0.348918 0.350272 -8.080039 6.865067 3.043176
0.130000 0.645368 -0.179328 0.156625 -0.534515 0.355816 0.353294 -8.093789 6.929372 3.000188
0.131000 0.644830 -0.178968 0.156979 -0.542615 0.362777 0.356273 -8.105316 6.992697 2.955992
0.132000 0.644283 -0.178602 0.157337 -0.550725 0.369801 0.359206 -8.114673 7.055134 2.910548
0.133000 0.643728 -0.178229 0.157698 -0.558844 0.376887 0.362094 -8.121799 7.116680 2.863766
0.134000 0.643165 -0.177848 0.158061 -0.566969 0.384035 0.364934 -8.126550 7.177237 2.815559
0.135000 0.642594 -0.177461 0.158428 -0.575097 0.391242 0.367725 -8.128967 7.236787 2.766022
0.136000 0.642015 -0.177066 0.158797 -0.583227 0.398508 0.370466 -8.129243 7.295394 2.715376
0.137000 0.641428 -0.176664 0.159169 -0.591356 0.405833 0.373156 -8.127404 7.353023 2.663716
0.138000 0.640832 -0.176254 0.159543 -0.599482 0.413214 0.375793 -8.123286 7.409528 2.610987
0.139000 0.640229 -0.175837 0.159920 -0.607602 0.420652 0.378378 -8.116804 7.464811 2.557184
0.140000 0.639617 -0.175413 0.160300 -0.615715 0.428144 0.380908 -8.107983 7.518840 2.502381
0.141000 0.638997 -0.174981 0.160682 -0.623818 0.435689 0.383382 -8.096721 7.571510 2.446559
0.142000 0.638369 -0.174541 0.161067 -0.631909 0.443287 0.385801 -8.082812 7.622675 2.389589
0.143000 0.637733 -0.174094 0.161454 -0.639984 0.450935 0.388161 -8.066210 7.672333 2.331400
0.144000 0.637089 -0.173639 0.161843 -0.648041 0.458632 0.390463 -8.047051 7.720621 2.272019
0.145000 0.636437 -0.173177 0.162235 -0.656078 0.466376 0.392705 -8.025498 7.767677 2.211531
0.146000 0.635777 -0.172707 0.162628 -0.664092 0.474167 0.394887 -8.001768 7.813647 2.150126
0.147000 0.635109 -0.172229 0.163024 -0.672082 0.482003 0.397006 -7.976102 7.858677 2.088049
0.148000 0.634433 -0.171743 0.163422 -0.680044 0.489884 0.399063 -7.948525 7.902758 2.025398
0.149000 0.633749 -0.171249 0.163823 -0.687979 0.497809 0.401057 -7.918857 7.945720 1.962111
0.150000 0.633057 -0.170747 0.164225 -0.695882 0.505776 0.402987 -7.887035 7.987444 1.898186
0.151000 0.632357 -0.170237 0.164628 -0.703753 0.513784 0.404853 -7.853131 8.027882 1.833708
0.152000 0.631650 -0.169720 0.165034 -0.711588 0.521832 0.406654 -7.817065 8.066903 1.768658
0.153000 0.630934 -0.169194 0.165442 -0.719387 0.529918 0.408390 -7.778605 8.104338 1.702896
0.154000 0.630211 -0.168660 0.165851 -0.727146 0.538040 0.410060 -7.737677 8.140208 1.636329
0.155000 0.629480 -0.168118 0.166262 -0.734862 0.546198 0.411663 -7.694360 8.174672 1.568931
0.156000 0.628741 -0.167567 0.166674 -0.742534 0.554390 0.413198 -7.648577 8.207745 1.500616
0.157000 0.627995 -0.167009 0.167088 -0.750159 0.562613 0.414664 -7.600137 8.239299 1.431286
0.158000 0.627241 -0.166442 0.167504 -0.757735 0.570868 0.416060 -7.549093 8.269334 1.361042
0.159000 0.626479 -0.165867 0.167920 -0.765258 0.579152 0.417386 -7.495695 8.297978 1.290125
0.160000 0.625710 -0.165284 0.168338 -0.772726 0.587464 0.418641 -7.439983 8.325204 1.218637
0.161000 0.624934 -0.164692 0.168758 -0.780138 0.595803 0.419823 -7.381758 8.350802 1.146508
0.162000 0.624150 -0.164092 0.169178 -0.787490 0.604166 0.420934 -7.320951 8.374612 1.073717
0.163000 0.623359 -0.163484 0.169600 -0.794779 0.612552 0.421971 -7.257647 8.396559 1.000332
0.164000 0.622561 -0.162867 0.170022 -0.802005 0.620959 0.422934 -7.191758 8.416472 0.926319
0.165000 0.621755 -0.162242 0.170445 -0.809163 0.629385 0.423824 -7.123037 8.434137 0.851532
0.166000 0.620942 -0.161608 0.170870 -0.816251 0.637827 0.424637 -7.051429 8.449557 0.775887
0.167000 0.620122 -0.160966 0.171295 -0.823266 0.646284 0.425375 -6.977113 8.462935 0.699415
0.168000 0.619296 -0.160316 0.171720 -0.830205 0.654753 0.426036 -6.900295 8.474466 0.622222
0.169000 0.618462 -0.159657 0.172147 -0.837066 0.663233 0.426620 -6.821235 8.484338 0.544550
0.170000 0.617622 -0.158989 0.172574 -0.843848 0.671722 0.427125 -6.740219 8.492729 0.466718
0.171000 0.616774 -0.158313 0.173001 -0.850547 0.680218 0.427553 -6.657267 8.499603 0.388870
0.172000 0.615920 -0.157629 0.173429 -0.857162 0.688721 0.427903 -6.572155 8.504711 0.310946
0.173000 0.615060 -0.156936 0.173857 -0.863691 0.697228 0.428175 -6.484818 8.507856 0.232922
0.174000 0.614193 -0.156234 0.174285 -0.870132 0.705737 0.428369 -6.395419 8.508989 0.154876
0.175000 0.613320 -0.155524 0.174714 -0.876482 0.714246 0.428485 -6.304135 8.508133 0.076873
0.176000 0.612440 -0.154806 0.175142 -0.882740 0.722753 0.428523 -6.211164 8.505460 -0.001059
0.177000 0.611554 -0.154079 0.175571 -0.888904 0.731257 0.428483 -6.116716 8.501214 -0.078903
0.178000 0.610662 -0.153343 0.175999 -0.894973 0.739755 0.428365 -6.020749 8.495421 -0.156738
0.179000 0.609764 -0.152599 0.176427 -0.900946 0.748247 0.428169 -5.923037 8.487903 -0.234654
0.180000 0.608860 -0.151847 0.176855 -0.906820 0.756731 0.427896 -5.823596 8.478645 -0.312539
0.181000 0.607951 -0.151086 0.177283 -0.912593 0.765205 0.427544 -5.722721 8.467831 -0.390108
0.182000 0.607035 -0.150316 0.177711 -0.918265 0.773667 0.427115 -5.620681 8.455587 -0.467136
0.183000 0.606114 -0.149539 0.178137 -0.923834 0.782116 0.426610 -5.517714 8.441938 -0.543503
0.184000 0.605188 -0.148752 0.178564 -0.929300 0.790551 0.426028 -5.414029 8.426849 -0.619150
0.185000 0.604256 -0.147957 0.178989 -0.934662 0.798970 0.425372 -5.309568 8.410118 -0.694142
0.186000 0.603318 -0.147154 0.179414 -0.939920 0.807371 0.424640 -5.204055 8.391489 -0.768649
0.187000 0.602376 -0.146343 0.179839 -0.945071 0.815753 0.423834 -5.097419 8.371004 -0.842783
0.188000 0.601428 -0.145523 0.180262 -0.950114 0.824113 0.422955 -4.989854 8.348975 -0.916548
0.189000 0.600475 -0.144694 0.180685 -0.955050 0.832450 0.422001 -4.881586 8.325690 -0.989874
0.190000 0.599518 -0.143858 0.181106 -0.959878 0.840764 0.420975 -4.772893 8.301396 -1.062550
0.191000 0.598556 -0.143013 0.181527 -0.964596 0.849053 0.419876 -4.664086 8.276316 -1.134288
0.192000 0.597589 -0.142160 0.181946 -0.969206 0.857317 0.418706 -4.555173 8.250406 -1.204965
0.193000 0.596617 -0.141298 0.182364 -0.973706 0.865554 0.417466 -4.445896 8.223365 -1.274655
0.194000 0.595641 -0.140429 0.182781 -0.978098 0.873764 0.416157 -4.336183 8.194989 -1.343399
0.195000 0.594661 -0.139551 0.183196 -0.982379 0.881944 0.414779 -4.226227 8.165270 -1.411143
0.196000 0.593677 -0.138665 0.183610 -0.986550 0.890094 0.413335 -4.116225 8.134286 -1.477848
0.197000 0.592688 -0.137771 0.184023 -0.990611 0.898213 0.411824 -4.006386 8.102275 -1.543504
0.198000 0.591695 -0.136868 0.184434 -0.994563 0.906299 0.410248 -3.896922 8.069561 -1.608117
0.199000 0.590699 -0.135958 0.184843 -0.998405 0.914352 0.408607 -3.787769 8.036185 -1.671778
0.200000 0.589699 -0.135040 0.185251 -1.002138 0.922371 0.406904 -3.678658 8.001934 -1.734588
0.201000 0.588695 -0.134113 0.185657 -1.005762 0.930356 0.405138 -3.569590 7.966785 -1.796468
0.202000 0.587687 -0.133179 0.186062 -1.009277 0.938305 0.403311 -3.460867 7.930967 -1.857183
0.203000 0.586676 -0.132237 0.186464 -1.012684 0.946218 0.401424 -3.352772 7.894640 -1.916555
0.204000 0.585662 -0.131287 0.186864 -1.015983 0.954094 0.399478 -3.245555 7.857850 -1.974514
0.205000 0.584644 -0.130328 0.187263 -1.019175 0.961933 0.397475 -3.139444 7.820573 -2.031044
0.206000 0.583623 -0.129363 0.187659 -1.022262 0.969735 0.395416 -3.034369 7.782581 -2.086236
0.207000 0.582600 -0.128389 0.188054 -1.025244 0.977498 0.393302 -2.930020 7.743584 -2.140263
0.208000 0.581573 -0.127408 0.188446 -1.028122 0.985222 0.391135 -2.826298 7.703671 -2.193235
0.209000 0.580543 -0.126419 0.188836 -1.030897 0.992906 0.388916 -2.723324 7.663211 -2.245195
0.210000 0.579511 -0.125422 0.189224 -1.033569 1.000549 0.386645 -2.620998 7.622296 -2.296240
0.211000 0.578476 -0.124417 0.189609 -1.036139 1.008150 0.384323 -2.519016 7.580718 -2.346483
0.212000 0.577439 -0.123406 0.189992 -1.038607 1.015710 0.381952 -2.417345 7.538484 -2.395875
0.213000 0.576399 -0.122386 0.190373 -1.040973 1.023227 0.379532 -2.316197 7.495832 -2.444246
0.214000 0.575357 -0.121359 0.190751 -1.043239 1.030702 0.377064 -2.215540 7.452731 -2.491539
0.215000 0.574312 -0.120325 0.191127 -1.045404 1.038133 0.374549 -2.115090 7.408823 -2.537848
0.216000 0.573266 -0.119283 0.191501 -1.047469 1.045519 0.371988 -2.014811 7.363851 -2.583232
0.217000 0.572218 -0.118234 0.191871 -1.049434 1.052860 0.369382 -1.914962 7.317786 -2.627665
0.218000 0.571167 -0.117177 0.192239 -1.051299 1.060155 0.366733 -1.815788 7.270725 -2.671136
0.219000 0.570115 -0.116113 0.192605 -1.053066 1.067402 0.364040 -1.717498 7.222983 -2.713662
0.220000 0.569061 -0.115042 0.192967 -1.054734 1.074601 0.361305 -1.620283 7.174997 -2.755273
0.221000 0.568005 -0.113964 0.193327 -1.056306 1.081752 0.358529 -1.524048 7.126861 -2.796070
0.222000 0.566948 -0.112879 0.193684 -1.057782 1.088855 0.355713 -1.428486 7.078350 -2.836157
0.223000 0.565890 -0.111786 0.194039 -1.059163 1.095909 0.352857 -1.333569 7.029473 -2.875484
0.224000 0.564830 -0.110687 0.194390 -1.060449 1.102914 0.349962 -1.239524 6.980491 -2.913888
0.225000 0.563769 -0.109581 0.194739 -1.061642 1.109870 0.347029 -1.146322 6.931375 -2.951312
0.226000 0.562707 -0.108467 0.195084 -1.062742 1.116776 0.344059 -1.053674 6.881741 -2.987839
0.227000 0.561644 -0.107347 0.195427 -1.063749 1.123633 0.341054 -0.961524 6.831310 -3.023527
0.228000 0.560579 -0.106220 0.195766 -1.064665 1.130439 0.338012 -0.870061 6.779976 -3.058369
0.229000 0.559514 -0.105086 0.196103 -1.065490 1.137193 0.334937 -0.779223 6.727457 -3.092427
0.230000 0.558448 -0.103946 0.196436 -1.066224 1.143894 0.331828 -0.688687 6.673401 -3.125833
0.231000 0.557382 -0.102798 0.196766 -1.066867 1.150540 0.328685 -0.598341 6.617895 -3.158667
0.232000 0.556315 -0.101644 0.197094 -1.067420 1.157130 0.325510 -0.508302 6.561350 -3.190944
0.233000 0.555247 -0.100484 0.197418 -1.067884 1.163663 0.322303 -0.418461 6.503860 -3.222732
0.234000 0.554179 -0.099317 0.197738 -1.068257 1.170137 0.319065 -0.328501 6.445182 -3.254121
0.235000 0.553110 -0.098144 0.198056 -1.068541 1.176553 0.315795 -0.238382 6.385325 -3.285077
0.236000 0.552042 -0.096964 0.198370 -1.068734 1.182908 0.312495 -0.148382 6.324627 -3.315454
0.237000 0.550973 -0.095778 0.198681 -1.068837 1.189202 0.309164 -0.058771 6.263325 -3.345146
0.238000 0.549904 -0.094586 0.198988 -1.068851 1.195435 0.305804 0.030199 6.201481 -3.374119
0.239000 0.548835 -0.093387 0.199292 -1.068777 1.201605 0.302416 0.118282 6.139059 -3.402378
0.240000 0.547767 -0.092182 0.199593 -1.068615 1.207713 0.299000 0.205542 6.075763 -3.430000
0.241000 0.546698 -0.090972 0.199890 -1.068366 1.213757 0.295556 0.292298 6.011224 -3.457105
0.242000 0.545630 -0.089755 0.200184 -1.068030 1.219735 0.292085 0.378637 5.945539 -3.483740
0.243000 0.544562 -0.088532 0.200474 -1.067609 1.225648 0.288588 0.464409 5.879155 -3.509884
0.244000 0.543495 -0.087304 0.200761 -1.067101 1.231494 0.285066 0.549702 5.812177 -3.535573
0.245000 0.542428 -0.086069 0.201045 -1.066509 1.237272 0.281517 0.634832 5.744347 -3.560882
0.246000 0.541362 -0.084829 0.201324 -1.065832 1.242982 0.277944 0.719861 5.675666 -3.585792
0.247000 0.540296 -0.083583 0.201600 -1.065069 1.248623 0.274346 0.804605 5.606420 -3.610201
0.248000 0.539231 -0.082332 0.201873 -1.064223 1.254195 0.270723 0.889121 5.536572 -3.634085
0.249000 0.538168 -0.081075 0.202142 -1.063291 1.259697 0.267078 0.973703 5.465677 -3.657515
0.250000 0.537105 -0.079812 0.202407 -1.062275 1.265126 0.263408 1.058382 5.393402 -3.680532
0.251000 0.536043 -0.078545 0.202669 -1.061174 1.270483 0.259716 1.142878 5.319690 -3.703106
0.252000 0.534982 -0.077271 0.202927 -1.059989 1.275766 0.256002 1.226937 5.244641 -3.725196
0.253000 0.533923 -0.075993 0.203181 -1.058721 1.280973 0.252266 1.310347 5.168642 -3.746743
0.254000 0.532865 -0.074710 0.203431 -1.057369 1.286103 0.248509 1.392922 5.092235 -3.767674
0.255000 0.531808 -0.073421 0.203678 -1.055935 1.291157 0.244731 1.474766 5.015550 -3.787989
0.256000 0.530753 -0.072127 0.203921 -1.054419 1.296134 0.240933 1.556194 4.938328 -3.807744
0.257000 0.529700 -0.070829 0.204160 -1.052822 1.301034 0.237115 1.637260 4.860596 -3.826931
0.258000 0.528648 -0.069525 0.204395 -1.051145 1.305855 0.233279 1.717765 4.782685 -3.845478
0.259000 0.527597 -0.068217 0.204626 -1.049387 1.310599 0.229424 1.797755 4.704582 -3.863372
0.260000 0.526549 -0.066904 0.204854 -1.047549 1.315265 0.225552 1.877509 4.625836 -3.880688
0.261000 0.525502 -0.065586 0.205077 -1.045632 1.319851 0.221663 1.957044 4.546116 -3.897478
0.262000 0.524457 -0.064264 0.205297 -1.043635 1.324357 0.217757 2.036064 4.465381 -3.913744
0.263000 0.523415 -0.062938 0.205513 -1.041560 1.328782 0.213835 2.114297 4.383742 -3.929464
0.264000 0.522374 -0.061607 0.205725 -1.039406 1.333124 0.209898 2.191515 4.301576 -3.944584
0.265000 0.521336 -0.060271 0.205933 -1.037177 1.337385 0.205946 2.267513 4.219412 -3.959029
0.266000 0.520300 -0.058932 0.206137 -1.034871 1.341563 0.201980 2.342378 4.137361 -3.972785
0.267000 0.519266 -0.057588 0.206337 -1.032492 1.345659 0.198001 2.416425 4.055157 -3.985898
0.268000 0.518235 -0.056241 0.206533 -1.030039 1.349673 0.194008 2.489739 3.972853 -3.998370
0.269000 0.517206 -0.054889 0.206725 -1.027512 1.353605 0.190004 2.562167 3.890836 -4.010154
0.270000 0.516180 -0.053533 0.206913 -1.024914 1.357455 0.185988 2.633783 3.809123 -4.021250
0.271000 0.515156 -0.052174 0.207096 -1.022245 1.361223 0.181961 2.704862 3.727261 -4.031706
0.272000 0.514136 -0.050811 0.207276 -1.019505 1.364910 0.177925 2.775402 3.644901 -4.041539
0.273000 0.513117 -0.049444 0.207452 -1.016694 1.368513 0.173878 2.845139 3.561905 -4.050719
0.274000 0.512102 -0.048074 0.207624 -1.013814 1.372033 0.169823 2.914066 3.477925 -4.059253
0.275000 0.511090 -0.046700 0.207792 -1.010866 1.375469 0.165760 2.982458 3.392534 -4.067176
0.276000 0.510080 -0.045323 0.207956 -1.007849 1.378819 0.161689 3.050398 3.305829 -4.074463
0.277000 0.509074 -0.043943 0.208115 -1.004765 1.382081 0.157611 3.117748 3.218304 -4.081036
0.278000 0.508071 -0.042559 0.208271 -1.001614 1.385255 0.153527 3.184591 3.130077 -4.086864
0.279000 0.507071 -0.041172 0.208422 -0.998396 1.388341 0.149437 3.251232 3.040870 -4.091986
0.280000 0.506074 -0.039782 0.208570 -0.995111 1.391337 0.145343 3.317747 2.950725 -4.096438
0.281000 0.505081 -0.038389 0.208713 -0.991760 1.394242 0.141244 3.383926 2.860082 -4.100217
0.282000 0.504091 -0.036994 0.208852 -0.988344 1.397057 0.137142 3.449526 2.769262 -4.103311
0.283000 0.503104 -0.035595 0.208987 -0.984861 1.399781 0.133038 3.514260 2.678369 -4.105688
0.284000 0.502121 -0.034194 0.209118 -0.981315 1.402414 0.128931 3.577809 2.587384 -4.107301
0.285000 0.501141 -0.032790 0.209245 -0.977706 1.404956 0.124823 3.640158 2.495979 -4.108142
0.286000 0.500165 -0.031384 0.209368 -0.974035 1.407406 0.120715 3.701569 2.403724 -4.108221
0.287000 0.499193 -0.029976 0.209487 -0.970303 1.409763 0.116607 3.762115 2.310714 -4.107497
0.288000 0.498225 -0.028565 0.209601 -0.966510 1.412027 0.112500 3.821657 2.217446 -4.105882
0.289000 0.497260 -0.027152 0.209712 -0.962659 1.414198 0.108395 3.880269 2.124035 -4.103331
0.290000 0.496299 -0.025736 0.209818 -0.958750 1.416275 0.104293 3.938249 2.030195 -4.099882
0.291000 0.495343 -0.024319 0.209920 -0.954783 1.418258 0.100195 3.995688 1.935968 -4.095603
0.292000 0.494390 -0.022900 0.210018 -0.950759 1.420147 0.096102 4.052465 1.841738 -4.090558
0.293000 0.493441 -0.021479 0.210112 -0.946678 1.421942 0.092014 4.108659 1.747516 -4.084812
0.294000 0.492497 -0.020056 0.210202 -0.942541 1.423642 0.087932 4.164522 1.652844 -4.078418
0.295000 0.491556 -0.018631 0.210288 -0.938349 1.425248 0.083857 4.220028 1.557419 -4.071384
0.296000 0.490620 -0.017205 0.210370 -0.934101 1.426757 0.079789 4.274904 1.461178 -4.063692
0.297000 0.489688 -0.015778 0.210448 -0.929799 1.428170 0.075730 4.329118 1.363819 -4.055336
0.298000 0.488760 -0.014349 0.210522 -0.925443 1.429485 0.071679 4.382904 1.264910 -4.046300
0.299000 0.487837 -0.012919 0.210591 -0.921033 1.430700 0.067637 4.436317 1.164528 -4.036497
0.300000 0.486918 -0.011488 0.210657 -0.916570 1.431814 0.063606 4.489156 1.063236 -4.025795
0.301000 0.486004 -0.010055 0.210718 -0.912055 1.432826 0.059586 4.541239 0.961572 -4.014124
0.302000 0.485094 -0.008622 0.210776 -0.907488 1.433737 0.055578 4.592428 0.860027 -4.001536
0.303000 0.484189 -0.007188 0.210830 -0.902870 1.434546 0.051583 4.642605 0.759065 -3.988142
0.304000 0.483288 -0.005753 0.210879 -0.898203 1.435255 0.047601 4.691879 0.658685 -3.974045
0.305000 0.482393 -0.004317 0.210925 -0.893486 1.435864 0.043634 4.740497 0.558435 -3.959291
0.306000 0.481501 -0.002881 0.210967 -0.888722 1.436372 0.039683 4.788417 0.458052 -3.943877
0.307000 0.480615 -0.001445 0.211004 -0.883909 1.436780 0.035747 4.835351 0.357529 -3.927776
0.308000 0.479734 -0.000008 0.211038 -0.879051 1.437087 0.031827 4.881246 0.256603 -3.910968
0.309000 0.478857 0.001430 0.211068 -0.874147 1.437293 0.027925 4.926321 0.154844 -3.893424
0.310000 0.477985 0.002867 0.211094 -0.869198 1.437397 0.024040 4.970631 0.052296 -3.875068
0.311000 0.477119 0.004304 0.211116 -0.864206 1.437397 0.020175 5.014041 -0.050605 -3.855788
0.312000 0.476257 0.005742 0.211134 -0.859170 1.437295 0.016329 5.056611 -0.153795 -3.835511
0.313000 0.475400 0.007179 0.211149 -0.854092 1.437090 0.012504 5.098620 -0.257593 -3.814256
0.314000 0.474549 0.008616 0.211159 -0.848973 1.436780 0.008700 5.140191 -0.361984 -3.792130
0.315000 0.473702 0.010053 0.211166 -0.843812 1.436366 0.004919 5.181216 -0.466526 -3.769281
0.316000 0.472861 0.011489 0.211169 -0.838611 1.435847 0.001162 5.221530 -0.570868 -3.745818
0.317000 0.472025 0.012924 0.211168 -0.833369 1.435224 -0.002572 5.260872 -0.674807 -3.721784
0.318000 0.471194 0.014359 0.211164 -0.828089 1.434498 -0.006282 5.298925 -0.778226 -3.697185
0.319000 0.470369 0.015793 0.211156 -0.822771 1.433668 -0.009967 5.335636 -0.881363 -3.672013
0.320000 0.469549 0.017226 0.211144 -0.817418 1.432735 -0.013626 5.371209 -0.984645 -3.646227
0.321000 0.468734 0.018659 0.211129 -0.812029 1.431698 -0.017259 5.405699 -1.088048 -3.619741
0.322000 0.467925 0.020090 0.211109 -0.806606 1.430559 -0.020865 5.438984 -1.191165 -3.592438
0.323000 0.467121 0.021520 0.211087 -0.801151 1.429316 -0.024444 5.471125 -1.293955 -3.564234
0.324000 0.466322 0.022949 0.211061 -0.795664 1.427971 -0.027994 5.502394 -1.396760 -3.535148
0.325000 0.465530 0.024376 0.211031 -0.790146 1.426523 -0.031514 5.532939 -1.499609 -3.505327
0.326000 0.464742 0.025802 0.210998 -0.784598 1.424972 -0.035005 5.562697 -1.602118 -3.474983
0.327000 0.463960 0.027226 0.210961 -0.779021 1.423318 -0.038464 5.591545 -1.703965 -3.444271
0.328000 0.463184 0.028648 0.210921 -0.773415 1.421564 -0.041893 5.619245 -1.804931 -3.413252
0.329000 0.462413 0.030069 0.210877 -0.767782 1.419709 -0.045291 5.645495 -1.904856 -3.381934
0.330000 0.461649 0.031488 0.210830 -0.762124 1.417754 -0.048657 5.670238 -2.003941 -3.350296
0.331000 0.460889 0.032904 0.210780 -0.756442 1.415701 -0.051991 5.693659 -2.102609 -3.318283
0.332000 0.460136 0.034319 0.210726 -0.750737 1.413549 -0.055294 5.715810 -2.200869 -3.285795
0.333000 0.459388 0.035731 0.210669 -0.745010 1.411299 -0.058563 5.736574 -2.298365 -3.252713
0.334000 0.458646 0.037142 0.210609 -0.739263 1.408952 -0.061799 5.756008 -2.395090 -3.218946
0.335000 0.457909 0.038549 0.210546 -0.733498 1.406509 -0.065001 5.774366 -2.491398 -3.184507
0.336000 0.457179 0.039955 0.210479 -0.727715 1.403969 -0.068168 5.791786 -2.587325 -3.149559
0.337000 0.456454 0.041357 0.210409 -0.721914 1.401334 -0.071300 5.808269 -2.682575 -3.114343
0.338000 0.455735 0.042757 0.210336 -0.716098 1.398604 -0.074397 5.823937 -2.777188 -3.079026
0.339000 0.455022 0.044155 0.210260 -0.710267 1.395780 -0.077458 5.839004 -2.871559 -3.043660
0.340000 0.454314 0.045549 0.210181 -0.704420 1.392861 -0.080484 5.853439 -2.965792 -3.008261
0.341000 0.453613 0.046940 0.210099 -0.698560 1.389848 -0.083475 5.866974 -3.059605 -2.972855
0.342000 0.452917 0.048329 0.210014 -0.692686 1.386742 -0.086430 5.879372 -3.152699 -2.937426
0.343000 0.452227 0.049714 0.209927 -0.686801 1.383543 -0.089349 5.890447 -3.244762 -2.901897
0.344000 0.451544 0.051096 0.209836 -0.680905 1.380252 -0.092233 5.900045 -3.335467 -2.866153
0.345000 0.450866 0.052474 0.209742 -0.675001 1.376872 -0.095082 5.908215 -3.424883 -2.830098
0.346000 0.450194 0.053849 0.209646 -0.669089 1.373402 -0.097894 5.915199 -3.513407 -2.793732
0.347000 0.449527 0.055221 0.209546 -0.663170 1.369845 -0.100669 5.921154 -3.601125 -2.757215
0.348000 0.448867 0.056589 0.209444 -0.657247 1.366200 -0.103408 5.926119 -3.687811 -2.720789
0.349000 0.448213 0.057953 0.209339 -0.651318 1.362469 -0.106111 5.930234 -3.773548 -2.684618
0.350000 0.447565 0.059314 0.209232 -0.645386 1.358653 -0.108777 5.933699 -3.858738 -2.648742
0.351000 0.446922 0.060671 0.209122 -0.639451 1.354752 -0.111408 5.936477 -3.943481 -2.613175
0.352000 0.446286 0.062024 0.209009 -0.633513 1.350766 -0.114004 5.938346 -4.027569 -2.577946
0.353000 0.445655 0.063372 0.208894 -0.627574 1.346697 -0.116564 5.939251 -4.111097 -2.543044
0.354000 0.445031 0.064717 0.208776 -0.621635 1.342544 -0.119090 5.939338 -4.194448 -2.508390
0.355000 0.444412 0.066057 0.208656 -0.615695 1.338308 -0.121581 5.938638 -4.277686 -2.473848
0.356000 0.443799 0.067394 0.208533 -0.609757 1.333989 -0.124037 5.937015 -4.360478 -2.439287
0.357000 0.443192 0.068725 0.208408 -0.603821 1.329587 -0.126459 5.934378 -4.442503 -2.404674
0.358000 0.442591 0.070053 0.208280 -0.597889 1.325104 -0.128847 5.930720 -4.523470 -2.370157
0.359000 0.441997 0.071376 0.208150 -0.591960 1.320540 -0.131200 5.926083 -4.603098 -2.335983
0.360000 0.441408 0.072694 0.208018 -0.586036 1.315897 -0.133519 5.920624 -4.681476 -2.302313
0.361000 0.440824 0.074007 0.207883 -0.580119 1.311177 -0.135804 5.914530 -4.758971 -2.269171
0.362000 0.440247 0.075316 0.207746 -0.574207 1.306379 -0.138057 5.907758 -4.835615 -2.236546
0.363000 0.439676 0.076620 0.207607 -0.568303 1.301506 -0.140277 5.900088 -4.911120 -2.204440
0.364000 0.439111 0.077919 0.207465 -0.562407 1.296557 -0.142466 5.891460 -4.985512 -2.172824
0.365000 0.438551 0.079213 0.207322 -0.556520 1.291535 -0.144623 5.882007 -5.059161 -2.141608
0.366000 0.437998 0.080502 0.207176 -0.550643 1.286439 -0.146749 5.871775 -5.132178 -2.110686
0.367000 0.437450 0.081786 0.207028 -0.544777 1.281270 -0.148845 5.860693 -5.204391 -2.079950
0.368000 0.436908 0.083065 0.206878 -0.538922 1.276030 -0.150909 5.848811 -5.275909 -2.049300
0.369000 0.436372 0.084338 0.206727 -0.533079 1.270719 -0.152943 5.836331 -5.347123 -2.018711
0.370000 0.435842 0.085606 0.206573 -0.527249 1.265336 -0.154947 5.823387 -5.418130 -1.988318
0.371000 0.435318 0.086869 0.206417 -0.521432 1.259882 -0.156920 5.809986 -5.488661 -1.958354
0.372000 0.434799 0.088126 0.206259 -0.515629 1.254359 -0.158863 5.796067 -5.558419 -1.928998
0.373000 0.434286 0.089378 0.206099 -0.509840 1.248765 -0.160778 5.781457 -5.627052 -1.900336
0.374000 0.433779 0.090623 0.205937 -0.504066 1.243104 -0.162664 5.765918 -5.694179 -1.872400
0.375000 0.433278 0.091864 0.205774 -0.498308 1.237377 -0.164523 5.749384 -5.759801 -1.845162
0.376000 0.432783 0.093098 0.205608 -0.492568 1.231585 -0.166354 5.731976 -5.824269 -1.818525
0.377000 0.432293 0.094327 0.205441 -0.486844 1.225729 -0.168160 5.713758 -5.887716 -1.792360
0.378000 0.431809 0.095550 0.205272 -0.481140 1.219809 -0.169939 5.694698 -5.950013 -1.766539
0.379000 0.431331 0.096767 0.205101 -0.475455 1.213829 -0.171693 5.674864 -6.011290 -1.740940
0.380000 0.430858 0.097977 0.204928 -0.469790 1.207787 -0.173421 5.654447 -6.071927 -1.715509
0.381000 0.430391 0.099182 0.204754 -0.464146 1.201685 -0.175124 5.633576 -6.132017 -1.690334
0.382000 0.429930 0.100381 0.204578 -0.458523 1.195523 -0.176802 5.612299 -6.191375 -1.665585
0.383000 0.429474 0.101573 0.204401 -0.452922 1.189302 -0.178455 5.590728 -6.250074 -1.641354
0.384000 0.429024 0.102759 0.204221 -0.447342 1.183023 -0.180084 5.569002 -6.308420 -1.617621
0.385000 0.428580 0.103939 0.204040 -0.441784 1.176685 -0.181690 5.547081 -6.366378 -1.594355
0.386000 0.428140 0.105113 0.203858 -0.436247 1.170290 -0.183273 5.524785 -6.423602 -1.571551
0.387000 0.427707 0.106280 0.203674 -0.430734 1.163838 -0.184833 5.502059 -6.480055 -1.549161
0.388000 0.427279 0.107440 0.203488 -0.425243 1.157330 -0.186371 5.478987 -6.536056 -1.527078
0.389000 0.426857 0.108594 0.203301 -0.419776 1.150766 -0.187887 5.455575 -6.591745 -1.505180
0.390000 0.426439 0.109742 0.203112 -0.414332 1.144146 -0.189382 5.431706 -6.646958 -1.483370
0.391000 0.426028 0.110883 0.202922 -0.408913 1.137472 -0.190854 5.407303 -6.701507 -1.461617
0.392000 0.425622 0.112017 0.202731 -0.403518 1.130743 -0.192305 5.382359 -6.755169 -1.440012
0.393000 0.425221 0.113144 0.202538 -0.398148 1.123962 -0.193734 5.356904 -6.807696 -1.418711
0.394000 0.424825 0.114265 0.202343 -0.392804 1.117128 -0.195142 5.331047 -6.859146 -1.397791
0.395000 0.424435 0.115378 0.202147 -0.387486 1.110243 -0.196530 5.304909 -6.909795 -1.377226
0.396000 0.424050 0.116485 0.201950 -0.382194 1.103308 -0.197897 5.278443 -6.959593 -1.356995
0.397000 0.423671 0.117585 0.201752 -0.376929 1.096324 -0.199244 5.251483 -7.008192 -1.337109
0.398000 0.423297 0.118678 0.201552 -0.371691 1.089292 -0.200571 5.223968 -7.055535 -1.317535
0.399000 0.422927 0.119764 0.201351 -0.366481 1.082213 -0.201879 5.195979 -7.101923 -1.298167
0.400000 0.422564 0.120842 0.201148 -0.361299 1.075088 -0.203167 5.167542 -7.147502 -1.278898
0.401000 0.422205 0.121914 0.200944 -0.356146 1.067918 -0.204437 5.138604 -7.192201 -1.259630
0.402000 0.421851 0.122978 0.200739 -0.351022 1.060704 -0.205687 5.109194 -7.236166 -1.240258
0.403000 0.421503 0.124035 0.200533 -0.345927 1.053446 -0.206917 5.079441 -7.279749 -1.220703
0.404000 0.421159 0.125085 0.200325 -0.340863 1.046144 -0.208128 5.049436 -7.323059 -1.201000
0.405000 0.420821 0.126128 0.200117 -0.335829 1.038800 -0.209319 5.019184 -7.365893 -1.181262
0.406000 0.420488 0.127163 0.199907 -0.330825 1.031412 -0.210490 4.988641 -7.407994 -1.161576
0.407000 0.420159 0.128190 0.199696 -0.325851 1.023984 -0.211642 4.957684 -7.449004 -1.141984
0.408000 0.419836 0.129211 0.199483 -0.320909 1.016514 -0.212774 4.926143 -7.488506 -1.122498
0.409000 0.419518 0.130223 0.199270 -0.315999 1.009007 -0.213887 4.893958 -7.526425 -1.103070
0.410000 0.419204 0.131229 0.199056 -0.311121 1.001461 -0.214981 4.861195 -7.563033 -1.083585
0.411000 0.418895 0.132226 0.198840 -0.306277 0.993880 -0.216054 4.827881 -7.598478 -1.063918
0.412000 0.418592 0.133216 0.198623 -0.301466 0.986265 -0.217108 4.793977 -7.632711 -1.043964
0.413000 0.418292 0.134199 0.198406 -0.296689 0.978615 -0.218142 4.759511 -7.665880 -1.023604
0.414000 0.417998 0.135174 0.198187 -0.291947 0.970933 -0.219156 4.724602 -7.698320 -1.002758
0.415000 0.417709 0.136141 0.197968 -0.287239 0.963218 -0.220148 4.689341 -7.730141 -0.981474
0.416000 0.417424 0.137100 0.197747 -0.282568 0.955472 -0.221119 4.653752 -7.761166 -0.959887
0.417000 0.417143 0.138052 0.197525 -0.277932 0.947696 -0.222068 4.617812 -7.791165 -0.938099
0.418000 0.416868 0.138995 0.197303 -0.273332 0.939890 -0.222995 4.581417 -7.819804 -0.916149
0.419000 0.416597 0.139931 0.197079 -0.268769 0.932056 -0.223900 4.544416 -7.846694 -0.894041
0.420000 0.416330 0.140860 0.196855 -0.264243 0.924197 -0.224783 4.506754 -7.871757 -0.871719
0.421000 0.416068 0.141780 0.196630 -0.259756 0.916313 -0.225643 4.468486 -7.895245 -0.849076
0.422000 0.415811 0.142692 0.196404 -0.255306 0.908406 -0.226481 4.429644 -7.917303 -0.826030
0.423000 0.415558 0.143597 0.196177 -0.250896 0.900478 -0.227295 4.390206 -7.937902 -0.802532
0.424000 0.415309 0.144493 0.195949 -0.246526 0.892530 -0.228086 4.350205 -7.957189 -0.778502
0.425000 0.415065 0.145382 0.195721 -0.242196 0.884564 -0.228852 4.309741 -7.975475 -0.753862
0.426000 0.414825 0.146262 0.195491 -0.237907 0.876580 -0.229594 4.268886 -7.992868 -0.728627
0.427000 0.414589 0.147135 0.195261 -0.233658 0.868578 -0.230310 4.227668 -8.009273 -0.702879
0.428000 0.414357 0.147999 0.195031 -0.229451 0.860561 -0.231000 4.186150 -8.024770 -0.676635
0.429000 0.414130 0.148856 0.194799 -0.225286 0.852529 -0.231663 4.144404 -8.039582 -0.649834
0.430000 0.413907 0.149704 0.194567 -0.221162 0.844482 -0.232299 4.102412 -8.053652 -0.622445
0.431000 0.413688 0.150545 0.194335 -0.217081 0.836421 -0.232908 4.060075 -8.066645 -0.594489
0.432000 0.413472 0.151377 0.194102 -0.213042 0.828349 -0.233488 4.017316 -8.078294 -0.565979
0.433000 0.413261 0.152202 0.193868 -0.209046 0.820265 -0.234040 3.974101 -8.088463 -0.536913
0.434000 0.413054 0.153018 0.193634 -0.205094 0.812172 -0.234562 3.930416 -8.097081 -0.507278
0.435000 0.412851 0.153826 0.193399 -0.201186 0.804071 -0.235054 3.886301 -8.104291 -0.477015
0.436000 0.412652 0.154626 0.193163 -0.197321 0.795963 -0.235516 3.841842 -8.110380 -0.446047
0.437000 0.412457 0.155418 0.192928 -0.193502 0.787850 -0.235946 3.797095 -8.115449 -0.414385
0.438000 0.412265 0.156202 0.192692 -0.189727 0.779732 -0.236345 3.752082 -8.119421 -0.382105
0.439000 0.412077 0.156977 0.192455 -0.185998 0.771611 -0.236711 3.706848 -8.122373 -0.349220
0.440000 0.411893 0.157745 0.192218 -0.182314 0.763487 -0.237043 3.661455 -8.124510 -0.315673
0.441000 0.411713 0.158504 0.191981 -0.178675 0.755362 -0.237342 3.615895 -8.125799 -0.281453
0.442000 0.411536 0.159256 0.191743 -0.175082 0.747236 -0.237606 3.570106 -8.125993 -0.246600
0.443000 0.411362 0.159999 0.191506 -0.171535 0.739110 -0.237835 3.524075 -8.125050 -0.211099
0.444000 0.411193 0.160734 0.191268 -0.168034 0.730986 -0.238028 3.477860 -8.123185 -0.174871
0.445000 0.411026 0.161461 0.191030 -0.164579 0.722864 -0.238185 3.431512 -8.120528 -0.137876
0.446000 0.410863 0.162180 0.190791 -0.161171 0.714745 -0.238304 3.385050 -8.117038 -0.100136
0.447000 0.410704 0.162890 0.190553 -0.157809 0.706630 -0.238385 3.338490 -8.112668 -0.061688
0.448000 0.410548 0.163593 0.190315 -0.154494 0.698519 -0.238428 3.291846 -8.107359 -0.022601
0.449000 0.410395 0.164287 0.190076 -0.151225 0.690415 -0.238430 3.245126 -8.101047 0.017039
0.450000 0.410245 0.164974 0.189838 -0.148003 0.682317 -0.238393 3.198369 -8.093829 0.057222
0.451000 0.410099 0.165652 0.189599 -0.144828 0.674227 -0.238316 3.151628 -8.085895 0.098006
0.452000 0.409956 0.166322 0.189361 -0.141700 0.666145 -0.238197 3.104913 -8.077206 0.139405
0.453000 0.409816 0.166984 0.189123 -0.138619 0.658073 -0.238037 3.058192 -8.067532 0.181378
0.454000 0.409678 0.167638 0.188885 -0.135584 0.650010 -0.237835 3.011471 -8.056823 0.223940
0.455000 0.409544 0.168284 0.188647 -0.132596 0.641959 -0.237589 2.964800 -8.045258 0.267160
0.456000 0.409413 0.168922 0.188410 -0.129654 0.633920 -0.237300 2.918226 -8.032936 0.311052
0.457000 0.409285 0.169552 0.188173 -0.126759 0.625893 -0.236967 2.871775 -8.019835 0.355575
0.458000 0.409160 0.170174 0.187936 -0.123911 0.617880 -0.236589 2.825489 -8.006053 0.400743
0.459000 0.409037 0.170788 0.187700 -0.121108 0.609881 -0.236166 2.779430 -7.991820 0.446623
0.460000 0.408918 0.171394 0.187464 -0.118352 0.601897 -0.235696 2.733636 -7.977241 0.493228
0.461000 0.408801 0.171992 0.187228 -0.115641 0.593927 -0.235179 2.688121 -7.962296 0.540517
0.462000 0.408686 0.172582 0.186993 -0.112975 0.585972 -0.234615 2.642916 -7.947069 0.588498
0.463000 0.408575 0.173164 0.186759 -0.110355 0.578033 -0.234002 2.598060 -7.931716 0.637228
0.464000 0.408466 0.173738 0.186525 -0.107779 0.570108 -0.233340 2.553557 -7.916188 0.686693
0.465000 0.408359 0.174304 0.186292 -0.105248 0.562200 -0.232629 2.509373 -7.900236 0.736800
0.466000 0.408255 0.174862 0.186060 -0.102761 0.554308 -0.231867 2.465489 -7.883661 0.787466
0.467000 0.408154 0.175412 0.185829 -0.100317 0.546433 -0.231054 2.421915 -7.866365 0.838621
0.468000 0.408054 0.175955 0.185598 -0.097917 0.538575 -0.230190 2.378676 -7.848302 0.890203
0.469000 0.407958 0.176490 0.185368 -0.095560 0.530736 -0.229274 2.335812 -7.829565 0.942219
0.470000 0.407863 0.177016 0.185139 -0.093245 0.522916 -0.228305 2.293366 -7.810349 0.994718
0.471000 0.407771 0.177535 0.184912 -0.090973 0.515116 -0.227284 2.251351 -7.790732 1.047680
0.472000 0.407681 0.178047 0.184685 -0.088742 0.507335 -0.226210 2.209754 -7.770677 1.101021
0.473000 0.407594 0.178550 0.184459 -0.086553 0.499574 -0.225082 2.168583 -7.750240 1.154718
0.474000 0.407508 0.179046 0.184235 -0.084405 0.491834 -0.223900 2.127872 -7.729556 1.208806
0.475000 0.407425 0.179534 0.184011 -0.082298 0.484115 -0.222664 2.087649 -7.708596 1.263260
0.476000 0.407344 0.180014 0.183789 -0.080230 0.476417 -0.221374 2.047926 -7.687189 1.317992
0.477000 0.407264 0.180487 0.183569 -0.078202 0.468741 -0.220028 2.008728 -7.665297 1.372973
0.478000 0.407187 0.180951 0.183349 -0.076213 0.461086 -0.218628 1.970091 -7.643042 1.428235
0.479000 0.407112 0.181409 0.183131 -0.074262 0.453455 -0.217172 1.932037 -7.620489 1.483746
0.480000 0.407039 0.181858 0.182915 -0.072348 0.445845 -0.215660 1.894565 -7.597581 1.539400
0.481000 0.406967 0.182300 0.182700 -0.070472 0.438259 -0.214093 1.857666 -7.574249 1.595096
0.482000 0.406898 0.182735 0.182487 -0.068633 0.430697 -0.212470 1.821312 -7.550396 1.650747
0.483000 0.406830 0.183162 0.182275 -0.066830 0.423159 -0.210792 1.785466 -7.525913 1.706275
0.484000 0.406764 0.183581 0.182065 -0.065062 0.415645 -0.209058 1.750113 -7.500806 1.761666
0.485000 0.406700 0.183993 0.181857 -0.063330 0.408157 -0.207268 1.715268 -7.475167 1.816952
0.486000 0.406637 0.184398 0.181651 -0.061632 0.400695 -0.205424 1.680936 -7.448966 1.872091
0.487000 0.406577 0.184795 0.181446 -0.059968 0.393259 -0.203524 1.647111 -7.422051 1.926980
0.488000 0.406518 0.185184 0.181244 -0.058337 0.385851 -0.201570 1.613799 -7.394382 1.981572
0.489000 0.406460 0.185566 0.181043 -0.056740 0.378470 -0.199561 1.581027 -7.366054 2.035881
0.490000 0.406404 0.185941 0.180844 -0.055175 0.371119 -0.197498 1.548823 -7.337105 2.089859
0.491000 0.406350 0.186308 0.180648 -0.053643 0.363796 -0.195381 1.517208 -7.307493 2.143392
0.492000 0.406297 0.186669 0.180454 -0.052141 0.356504 -0.193211 1.486205 -7.277248 2.196431
0.493000 0.406245 0.187021 0.180262 -0.050670 0.349242 -0.190988 1.455836 -7.246479 2.249003
0.494000 0.406195 0.187367 0.180072 -0.049229 0.342011 -0.188713 1.426098 -7.215201 2.301100
0.495000 0.406147 0.187705 0.179884 -0.047818 0.334811 -0.186386 1.396968 -7.183322 2.352655
0.496000 0.406100 0.188037 0.179699 -0.046435 0.327644 -0.184008 1.368422 -7.150734 2.403592
0.497000 0.406054 0.188361 0.179516 -0.045081 0.320510 -0.181579 1.340434 -7.117306 2.453815
0.498000 0.406010 0.188678 0.179336 -0.043754 0.313409 -0.179100 1.312978 -7.082890 2.503220
0.499000 0.405967 0.188988 0.179158 -0.042455 0.306344 -0.176573 1.286044 -7.047448 2.551764
0.500000 0.405925 0.189290 0.178983 -0.041182 0.299314 -0.173997 1.259644 -7.011048 2.599458
0.501000 0.405884 0.189586 0.178810 -0.039936 0.292322 -0.171374 1.233789 -6.973706 2.646256
0.502000 0.405845 0.189875 0.178640 -0.038715 0.285367 -0.168704 1.208485 -6.935371 2.692052
0.503000 0.405807 0.190157 0.178472 -0.037519 0.278451 -0.165990 1.183741 -6.896051 2.736798
0.504000 0.405770 0.190432 0.178308 -0.036347 0.271575 -0.163231 1.159565 -6.855806 2.780502
0.505000 0.405734 0.190700 0.178146 -0.035200 0.264740 -0.160429 1.135938 -6.814607 2.823135
0.506000 0.405699 0.190961 0.177987 -0.034075 0.257946 -0.157584 1.112829 -6.772340 2.864614
0.507000 0.405666 0.191216 0.177831 -0.032974 0.251195 -0.154699 1.090216 -6.728963 2.904903
0.508000 0.405633 0.191464 0.177678 -0.031895 0.244488 -0.151775 1.068092 -6.684498 2.944000
0.509000 0.405602 0.191705 0.177527 -0.030838 0.237826 -0.148811 1.046433 -6.638889 2.981840
0.510000 0.405572 0.191939 0.177380 -0.029802 0.231210 -0.145811 1.025204 -6.591995 3.018297
0.511000 0.405543 0.192167 0.177236 -0.028787 0.224642 -0.142775 1.004379 -6.543753 3.053296
0.512000 0.405514 0.192389 0.177094 -0.027793 0.218123 -0.139704 0.983958 -6.494191 3.086816
0.513000 0.405487 0.192604 0.176956 -0.026820 0.211653 -0.136601 0.963939 -6.443301 3.118776
0.514000 0.405461 0.192812 0.176821 -0.025866 0.205236 -0.133467 0.944311 -6.391008 3.149028
0.515000 0.405435 0.193014 0.176689 -0.024931 0.198871 -0.130303 0.925053 -6.337230 3.177440
0.516000 0.405411 0.193210 0.176561 -0.024015 0.192561 -0.127112 0.906131 -6.281877 3.203905
0.517000 0.405387 0.193399 0.176435 -0.023119 0.186308 -0.123895 0.887497 -6.224855 3.228331
0.518000 0.405364 0.193582 0.176313 -0.022240 0.180112 -0.120655 0.869121 -6.166129 3.250677
0.519000 0.405343 0.193759 0.176194 -0.021380 0.173975 -0.117394 0.850997 -6.105705 3.270928
0.520000 0.405322 0.193930 0.176078 -0.020538 0.167900 -0.114113 0.833115 -6.043511 3.289012
0.521000 0.405302 0.194095 0.175966 -0.019714 0.161888 -0.110816 0.815462 -5.979409 3.304804
0.522000 0.405282 0.194254 0.175856 -0.018908 0.155942 -0.107504 0.798031 -5.913318 3.318222
0.523000 0.405264 0.194407 0.175751 -0.018118 0.150062 -0.104179 0.780820 -5.845229 3.329231
0.524000 0.405246 0.194554 0.175648 -0.017346 0.144251 -0.100845 0.763819 -5.775098 3.337742
0.525000 0.405229 0.194696 0.175549 -0.016590 0.138512 -0.097504 0.747013 -5.702831 3.343618
0.526000 0.405213 0.194831 0.175453 -0.015852 0.132845 -0.094158 0.730391 -5.628376 3.346770
0.527000 0.405197 0.194961 0.175361 -0.015130 0.127255 -0.090810 0.713949 -5.551734 3.347167
0.528000 0.405183 0.195086 0.175271 -0.014424 0.121742 -0.087464 0.697673 -5.472866 3.344761
0.529000 0.405169 0.195205 0.175186 -0.013734 0.116309 -0.084121 0.681543 -5.391678 3.339457
0.530000 0.405155 0.195318 0.175103 -0.013061 0.110959 -0.080785 0.665537 -5.308062 3.331139
0.531000 0.405142 0.195427 0.175024 -0.012403 0.105693 -0.077459 0.649632 -5.221888 3.319658
0.532000 0.405130 0.195530 0.174948 -0.011762 0.100515 -0.074146 0.633806 -5.133014 3.304846
0.533000 0.405119 0.195628 0.174876 -0.011136 0.095427 -0.070849 0.618042 -5.041354 3.286586
0.534000 0.405108 0.195721 0.174807 -0.010526 0.090432 -0.067572 0.602332 -4.946881 3.264817
0.535000 0.405098 0.195809 0.174741 -0.009931 0.085533 -0.064319 0.586660 -4.849546 3.239442
0.536000 0.405088 0.195892 0.174678 -0.009352 0.080733 -0.061093 0.570999 -4.749266 3.210321
0.537000 0.405079 0.195970 0.174618 -0.008789 0.076035 -0.057899 0.555334 -4.645984 3.177352
0.538000 0.405071 0.196044 0.174562 -0.008242 0.071441 -0.054739 0.539653 -4.539677 3.140472
0.539000 0.405063 0.196113 0.174509 -0.007710 0.066955 -0.051618 0.523935 -4.430279 3.099571
0.540000 0.405055 0.196178 0.174459 -0.007194 0.062581 -0.048540 0.508156 -4.317687 3.054498
0.541000 0.405048 0.196238 0.174412 -0.006693 0.058320 -0.045509 0.492295 -4.201829 3.005138
0.542000 0.405042 0.196294 0.174368 -0.006209 0.054177 -0.042529 0.476338 -4.082662 2.951414
0.543000 0.405036 0.196346 0.174327 -0.005741 0.050155 -0.039606 0.460265 -3.960105 2.893207
0.544000 0.405030 0.196395 0.174289 -0.005289 0.046257 -0.036743 0.444048 -3.834037 2.830353
0.545000 0.405025 0.196439 0.174253 -0.004853 0.042487 -0.033945 0.427665 -3.704373 2.762724
0.546000 0.405021 0.196480 0.174221 -0.004433 0.038848 -0.031217 0.411100 -3.571065 2.690234
0.547000 0.405016 0.196517 0.174191 -0.004030 0.035344 -0.028565 0.394332 -3.434040 2.612751
0.548000 0.405013 0.196550 0.174164 -0.003645 0.031980 -0.025992 0.377327 -3.293193 2.530092
0.549000 0.405009 0.196581 0.174139 -0.003276 0.028758 -0.023505 0.360055 -3.148414 2.442079
0.550000 0.405006 0.196608 0.174117 -0.002924 0.025683 -0.021108 0.342482 -2.999590 2.348548
0.551000 0.405003 0.196632 0.174097 -0.002591 0.022759 -0.018807 0.324577 -2.846604 2.249341
0.552000 0.405001 0.196653 0.174079 -0.002275 0.019990 -0.016609 0.306314 -2.689372 2.144340
0.553000 0.404999 0.196672 0.174063 -0.001978 0.017380 -0.014519 0.287675 -2.527833 2.033462
0.554000 0.404997 0.196688 0.174050 -0.001700 0.014934 -0.012542 0.268635 -2.361896 1.916585
0.555000 0.404995 0.196702 0.174038 -0.001441 0.012656 -0.010686 0.249163 -2.191441 1.793554
0.556000 0.404994 0.196713 0.174029 -0.001202 0.010551 -0.008955 0.229233 -2.016375 1.664241
0.557000 0.404993 0.196723 0.174021 -0.000982 0.008624 -0.007357 0.208826 -1.836637 1.528544
0.558000 0.404992 0.196731 0.174014 -0.000784 0.006878 -0.005898 0.187915 -1.652155 1.386311
0.559000 0.404991 0.196737 0.174009 -0.000607 0.005319 -0.004584 0.088665 -0.779358 0.656768
0.560000 0.404991 0.196741 0.174005 -0.000607 0.005319 -0.004584 0.088665 -0.779358 0.656768
