0.000000 0.674382 -0.189123 0.137956 -0.010334 0.005802 0.004628 -0.605250 0.259723 0.387354
0.001000 0.674373 -0.189118 0.137960 -0.010334 0.005802 0.004628 -0.605250 0.259723 0.387354
0.002000 0.674362 -0.189112 0.137965 -0.011545 0.006321 0.005403 -1.232170 0.528291 0.789580
0.003000 0.674350 -0.189105 0.137971 -0.012798 0.006858 0.006207 -1.275864 0.546181 0.819592
0.004000 0.674336 -0.189098 0.137978 -0.014096 0.007414 0.007042 -1.320255 0.564487 0.850141
0.005000 0.674321 -0.189090 0.137985 -0.015439 0.007987 0.007907 -1.365330 0.583228 0.881217
0.006000 0.674305 -0.189082 0.137993 -0.016827 0.008580 0.008804 -1.411075 0.602417 0.912804
0.007000 0.674288 -0.189073 0.138003 -0.018261 0.009192 0.009733 -1.457474 0.622075 0.944868
0.008000 0.674269 -0.189064 0.138013 -0.019742 0.009824 0.010694 -1.504509 0.642225 0.977364
0.009000 0.674248 -0.189053 0.138024 -0.021270 0.010477 0.011688 -1.552163 0.662885 1.010246
0.010000 0.674226 -0.189043 0.138036 -0.022846 0.011150 0.012714 -1.600416 0.684055 1.043468
0.011000 0.674203 -0.189031 0.138050 -0.024471 0.011845 0.013775 -1.649245 0.705726 1.076983
0.012000 0.674177 -0.189019 0.138064 -0.026145 0.012561 0.014868 -1.698630 0.727888 1.110751
0.013000 0.674150 -0.189006 0.138079 -0.027868 0.013301 0.015996 -1.748556 0.750539 1.144750
0.014000 0.674122 -0.188992 0.138096 -0.029642 0.014063 0.017158 -1.799021 0.773694 1.178961
0.015000 0.674091 -0.188978 0.138114 -0.031466 0.014848 0.018354 -1.850033 0.797372 1.213370
0.016000 0.674059 -0.188963 0.138133 -0.033342 0.015657 0.019585 -1.901585 0.821585 1.247959
0.017000 0.674024 -0.188947 0.138153 -0.035269 0.016491 0.020850 -1.953657 0.846328 1.282709
0.018000 0.673988 -0.188930 0.138174 -0.037249 0.017350 0.022150 -2.006218 0.871587 1.317600
0.019000 0.673950 -0.188912 0.138197 -0.039282 0.018234 0.023485 -2.059231 0.897347 1.352612
0.020000 0.673909 -0.188893 0.138221 -0.041368 0.019145 0.024855 -2.112659 0.923588 1.387722
0.021000 0.673867 -0.188874 0.138247 -0.043507 0.020081 0.026261 -2.166463 0.950294 1.422908
0.022000 0.673822 -0.188853 0.138274 -0.045701 0.021045 0.027701 -2.220602 0.977446 1.458142
0.023000 0.673776 -0.188831 0.138302 -0.047948 0.022036 0.029177 -2.275034 1.005024 1.493403
0.024000 0.673727 -0.188809 0.138332 -0.050251 0.023055 0.030688 -2.329723 1.033017 1.528670
0.025000 0.673675 -0.188785 0.138364 -0.052608 0.024102 0.032234 -2.384648 1.061431 1.563942
0.026000 0.673621 -0.188761 0.138397 -0.055020 0.025178 0.033816 -2.439791 1.090274 1.599220
0.027000 0.673565 -0.188735 0.138431 -0.057487 0.026283 0.035433 -2.495130 1.119550 1.634499
0.028000 0.673506 -0.188708 0.138467 -0.060010 0.027417 0.037085 -2.550641 1.149255 1.669754
0.029000 0.673445 -0.188680 0.138505 -0.062589 0.028581 0.038772 -2.606318 1.179389 1.704952
0.030000 0.673381 -0.188651 0.138545 -0.065223 0.029776 0.040495 -2.662172 1.209961 1.740056
0.031000 0.673315 -0.188621 0.138586 -0.067913 0.031001 0.042252 -2.718201 1.240979 1.775026
0.032000 0.673245 -0.188589 0.138629 -0.070659 0.032258 0.044045 -2.774387 1.272448 1.809824
0.033000 0.673173 -0.188556 0.138674 -0.073462 0.033546 0.045872 -2.830699 1.304372 1.844407
0.034000 0.673098 -0.188522 0.138721 -0.076321 0.034867 0.047734 -2.887095 1.336749 1.878728
0.035000 0.673021 -0.188486 0.138770 -0.079236 0.036220 0.049629 -2.943522 1.369576 1.912734
0.036000 0.672940 -0.188449 0.138820 -0.082208 0.037606 0.051559 -2.999931 1.402871 1.946350
0.037000 0.672856 -0.188411 0.138873 -0.085236 0.039025 0.053522 -3.056277 1.436667 1.979494
0.038000 0.672770 -0.188371 0.138928 -0.088320 0.040479 0.055518 -3.112509 1.470978 2.012092
0.039000 0.672680 -0.188330 0.138984 -0.091461 0.041967 0.057546 -3.168583 1.505796 2.044101
0.040000 0.672587 -0.188287 0.139043 -0.094657 0.043491 0.059606 -3.224490 1.541111 2.075517
0.041000 0.672490 -0.188243 0.139103 -0.097910 0.045050 0.061697 -3.280244 1.576916 2.106352
0.042000 0.672391 -0.188197 0.139166 -0.101218 0.046645 0.063819 -3.335850 1.613203 2.136619
0.043000 0.672288 -0.188150 0.139231 -0.104581 0.048276 0.065971 -3.391290 1.649964 2.166328
0.044000 0.672182 -0.188101 0.139298 -0.108000 0.049945 0.068152 -3.446539 1.687188 2.195488
0.045000 0.672072 -0.188050 0.139367 -0.111475 0.051650 0.070362 -3.501549 1.724854 2.224085
0.046000 0.671959 -0.187997 0.139439 -0.115004 0.053394 0.072600 -3.556264 1.762933 2.252083
0.047000 0.671842 -0.187943 0.139512 -0.118587 0.055176 0.074866 -3.610654 1.801402 2.279441
0.048000 0.671721 -0.187887 0.139588 -0.122225 0.056997 0.077159 -3.664705 1.840242 2.306121
0.049000 0.671597 -0.187829 0.139667 -0.125917 0.058857 0.079478 -3.718385 1.879426 2.332079
0.050000 0.671470 -0.187769 0.139747 -0.129662 0.060756 0.081823 -3.771643 1.918930 2.357281
0.051000 0.671338 -0.187708 0.139830 -0.133460 0.062695 0.084193 -3.824461 1.958747 2.381726
0.052000 0.671203 -0.187644 0.139916 -0.137311 0.064673 0.086586 -3.876856 1.998887 2.405438
0.053000 0.671063 -0.187578 0.140004 -0.141214 0.066692 0.089003 -3.928837 2.039349 2.428432
0.054000 0.670920 -0.187511 0.140094 -0.145168 0.068752 0.091443 -3.980412 2.080114 2.450702
0.055000 0.670773 -0.187441 0.140186 -0.149174 0.070853 0.093905 -4.031583 2.121154 2.472234
0.056000 0.670622 -0.187369 0.140282 -0.153231 0.072994 0.096388 -4.082316 2.162429 2.492991
0.057000 0.670467 -0.187295 0.140379 -0.157339 0.075178 0.098891 -4.132545 2.203901 2.512910
0.058000 0.670307 -0.187219 0.140479 -0.161496 0.077402 0.101413 -4.182228 2.245549 2.531925
0.059000 0.670144 -0.187140 0.140582 -0.165703 0.079669 0.103955 -4.231345 2.287367 2.549972
0.060000 0.669976 -0.187059 0.140687 -0.169959 0.081977 0.106513 -4.279850 2.329336 2.566985
0.061000 0.669804 -0.186976 0.140795 -0.174263 0.084327 0.109089 -4.327680 2.371427 2.582922
0.062000 0.669627 -0.186891 0.140905 -0.178615 0.086720 0.111679 -4.374827 2.413639 2.597807
0.063000 0.669447 -0.186803 0.141018 -0.183013 0.089155 0.114284 -4.421331 2.455993 2.611710
0.064000 0.669261 -0.186712 0.141134 -0.187457 0.091632 0.116903 -4.467210 2.498490 2.624689
0.065000 0.669072 -0.186619 0.141252 -0.191947 0.094152 0.119534 -4.512445 2.541097 2.636784
0.066000 0.668877 -0.186524 0.141373 -0.196482 0.096714 0.122176 -4.556998 2.583763 2.648024
0.067000 0.668679 -0.186426 0.141497 -0.201061 0.099319 0.124830 -4.600792 2.626427 2.658398
0.068000 0.668475 -0.186325 0.141623 -0.205684 0.101967 0.127493 -4.643734 2.669044 2.667846
0.069000 0.668267 -0.186222 0.141752 -0.210349 0.104657 0.130165 -4.685787 2.711620 2.676303
0.070000 0.668055 -0.186116 0.141883 -0.215055 0.107390 0.132846 -4.726952 2.754191 2.683711
0.071000 0.667837 -0.186007 0.142017 -0.219803 0.110166 0.135533 -4.767190 2.796760 2.690003
0.072000 0.667615 -0.185896 0.142154 -0.224590 0.112984 0.138226 -4.806441 2.839293 2.695131
0.073000 0.667388 -0.185781 0.142294 -0.229415 0.115844 0.140923 -4.844729 2.881764 2.699116
0.074000 0.667156 -0.185664 0.142436 -0.234279 0.118747 0.143624 -4.882139 2.924164 2.702028
0.075000 0.666919 -0.185544 0.142581 -0.239180 0.121692 0.146327 -4.918683 2.966461 2.703889
0.076000 0.666678 -0.185421 0.142729 -0.244116 0.124680 0.149032 -4.954285 3.008597 2.704670
0.077000 0.666431 -0.185294 0.142879 -0.249088 0.127710 0.151736 -4.988876 3.050535 2.704364
0.078000 0.666180 -0.185165 0.143032 -0.254094 0.130781 0.154440 -5.022435 3.092259 2.703003
0.079000 0.665923 -0.185033 0.143188 -0.259133 0.133894 0.157142 -5.054951 3.133762 2.700604
0.080000 0.665661 -0.184897 0.143346 -0.264204 0.137049 0.159842 -5.086438 3.175047 2.697169
0.081000 0.665395 -0.184759 0.143508 -0.269306 0.140244 0.162537 -5.116924 3.216122 2.692689
0.082000 0.665123 -0.184617 0.143671 -0.274438 0.143481 0.165227 -5.146371 3.256964 2.687122
0.083000 0.664846 -0.184472 0.143838 -0.279599 0.146758 0.167911 -5.174709 3.297525 2.680430
0.084000 0.664564 -0.184323 0.144007 -0.284787 0.150076 0.170588 -5.201962 3.337800 2.672663
0.085000 0.664276 -0.184172 0.144179 -0.290003 0.153434 0.173256 -5.228227 3.377812 2.663925
0.086000 0.663984 -0.184017 0.144354 -0.295244 0.156832 0.175916 -5.253521 3.417549 2.654264
0.087000 0.663686 -0.183858 0.144531 -0.300510 0.160269 0.178565 -5.277750 3.456950 2.643639
0.088000 0.663383 -0.183696 0.144711 -0.305799 0.163745 0.181203 -5.300848 3.495973 2.632021
0.089000 0.663074 -0.183531 0.144893 -0.311111 0.167261 0.183829 -5.322790 3.534593 2.619404
0.090000 0.662760 -0.183361 0.145079 -0.316445 0.170815 0.186442 -5.343500 3.572765 2.605747
0.091000 0.662441 -0.183189 0.145266 -0.321798 0.174406 0.189040 -5.362865 3.610436 2.590971
0.092000 0.662117 -0.183013 0.145457 -0.327171 0.178036 0.191624 -5.380867 3.647622 2.575028
0.093000 0.661787 -0.182833 0.145650 -0.332560 0.181702 0.194190 -5.397566 3.684390 2.557905
0.094000 0.661452 -0.182649 0.145845 -0.337966 0.185404 0.196740 -5.412941 3.720754 2.539556
0.095000 0.661111 -0.182462 0.146043 -0.343386 0.189143 0.199270 -5.426911 3.756668 2.519946
0.096000 0.660765 -0.182271 0.146244 -0.348820 0.192918 0.201779 -5.439495 3.792113 2.499143
0.097000 0.660413 -0.182076 0.146447 -0.354265 0.196727 0.204268 -5.450796 3.827108 2.477292
0.098000 0.660056 -0.181878 0.146652 -0.359721 0.200572 0.206734 -5.460822 3.861624 2.454463
0.099000 0.659694 -0.181675 0.146860 -0.365187 0.204451 0.209177 -5.469470 3.895580 2.430628
0.100000 0.659326 -0.181469 0.147070 -0.370660 0.208363 0.211595 -5.476689 3.928916 2.405781
0.101000 0.658953 -0.181258 0.147283 -0.376140 0.212308 0.213988 -5.482518 3.961615 2.379963
0.102000 0.658574 -0.181044 0.147498 -0.381625 0.216286 0.216355 -5.487004 3.993680 2.353208
0.103000 0.658189 -0.180826 0.147716 -0.387114 0.220296 0.218695 -5.490223 4.025158 2.325530
0.104000 0.657799 -0.180603 0.147936 -0.392606 0.224337 0.221006 -5.492260 4.056117 2.296933
0.105000 0.657404 -0.180377 0.148158 -0.398099 0.228408 0.223289 -5.493095 4.086557 2.267375
0.106000 0.657003 -0.180147 0.148382 -0.403592 0.232510 0.225541 -5.492637 4.116420 2.236812
0.107000 0.656597 -0.179912 0.148609 -0.409084 0.236641 0.227762 -5.490925 4.145701 2.205317
0.108000 0.656185 -0.179673 0.148838 -0.414574 0.240801 0.229952 -5.488109 4.174441 2.173043
0.109000 0.655768 -0.179430 0.149069 -0.420060 0.244990 0.232108 -5.484216 4.202625 2.140061
0.110000 0.655345 -0.179183 0.149302 -0.425542 0.249206 0.234232 -5.479136 4.230169 2.106352
0.111000 0.654917 -0.178932 0.149537 -0.431018 0.253450 0.236321 -5.472815 4.257023 2.071936
0.112000 0.654483 -0.178676 0.149775 -0.436488 0.257720 0.238376 -5.465277 4.283181 2.036889
0.113000 0.654044 -0.178417 0.150014 -0.441949 0.262016 0.240395 -5.456458 4.308589 2.001220
0.114000 0.653599 -0.178152 0.150256 -0.447401 0.266338 0.242378 -5.446214 4.333167 1.964848
0.115000 0.653149 -0.177884 0.150499 -0.452841 0.270683 0.244325 -5.434516 4.356924 1.927707
0.116000 0.652693 -0.177611 0.150744 -0.458270 0.275051 0.246233 -5.421436 4.379939 1.889763
0.117000 0.652232 -0.177334 0.150991 -0.463684 0.279443 0.248104 -5.406943 4.402219 1.850953
0.118000 0.651766 -0.177052 0.151240 -0.469084 0.283856 0.249935 -5.390924 4.423708 1.811229
0.119000 0.651294 -0.176766 0.151491 -0.474466 0.288290 0.251727 -5.373408 4.444430 1.770690
0.120000 0.650817 -0.176476 0.151744 -0.479830 0.292745 0.253477 -5.354548 4.464478 1.729534
0.121000 0.650334 -0.176181 0.151998 -0.485175 0.297219 0.255186 -5.334366 4.483867 1.687862
0.122000 0.649847 -0.175881 0.152254 -0.490499 0.301712 0.256852 -5.312736 4.502512 1.645649
0.123000 0.649353 -0.175577 0.152512 -0.495801 0.306224 0.258477 -5.289623 4.520370 1.602898
0.124000 0.648855 -0.175269 0.152771 -0.501078 0.310753 0.260058 -5.265090 4.537450 1.559665
0.125000 0.648351 -0.174956 0.153032 -0.506331 0.315299 0.261596 -5.239090 4.553702 1.515941
0.126000 0.647842 -0.174638 0.153294 -0.511557 0.319861 0.263090 -5.211478 4.569022 1.471655
0.127000 0.647328 -0.174316 0.153558 -0.516754 0.324437 0.264540 -5.182245 4.583397 1.426797
0.128000 0.646809 -0.173989 0.153824 -0.521921 0.329027 0.265944 -5.151537 4.596908 1.381436
0.129000 0.646284 -0.173658 0.154090 -0.527057 0.333631 0.267302 -5.119521 4.609639 1.335665
0.130000 0.645755 -0.173322 0.154358 -0.532160 0.338247 0.268615 -5.086405 4.621684 1.289621
0.131000 0.645220 -0.172981 0.154627 -0.537230 0.342874 0.269882 -5.052417 4.633144 1.243468
0.132000 0.644680 -0.172636 0.154898 -0.542265 0.347513 0.271102 -5.017602 4.644009 1.197266
0.133000 0.644136 -0.172286 0.155170 -0.547265 0.352162 0.272276 -4.981832 4.654168 1.150975
0.134000 0.643586 -0.171932 0.155442 -0.552229 0.356821 0.273404 -4.945070 4.663554 1.104607
0.135000 0.643031 -0.171573 0.155716 -0.557155 0.361489 0.274485 -4.907394 4.672163 1.058234
0.136000 0.642471 -0.171209 0.155991 -0.562043 0.366166 0.275520 -4.868755 4.679922 1.011860
0.137000 0.641907 -0.170840 0.156267 -0.566893 0.370849 0.276509 -4.828997 4.686723 0.965399
0.138000 0.641338 -0.170467 0.156544 -0.571701 0.375539 0.277451 -4.788108 4.692579 0.918803
0.139000 0.640764 -0.170089 0.156822 -0.576469 0.380234 0.278347 -4.746215 4.697604 0.872075
0.140000 0.640185 -0.169707 0.157101 -0.581194 0.384934 0.279195 -4.703305 4.701811 0.825169
0.141000 0.639601 -0.169319 0.157381 -0.585875 0.389638 0.279997 -4.659242 4.705124 0.778029
0.142000 0.639013 -0.168927 0.157661 -0.590512 0.394344 0.280751 -4.614053 4.707571 0.730726
0.143000 0.638420 -0.168531 0.157942 -0.595103 0.399053 0.281458 -4.567944 4.709300 0.683445
0.144000 0.637823 -0.168129 0.158224 -0.599648 0.403763 0.282118 -4.521093 4.710429 0.636335
0.145000 0.637221 -0.167723 0.158506 -0.604146 0.408474 0.282731 -4.473625 4.711026 0.589483
0.146000 0.636614 -0.167312 0.158789 -0.608595 0.413185 0.283297 -4.425638 4.711129 0.542943
0.147000 0.636004 -0.166897 0.159073 -0.612997 0.417896 0.283817 -4.377063 4.710670 0.496682
0.148000 0.635389 -0.166477 0.159357 -0.617350 0.422606 0.284291 -4.327721 4.709530 0.450597
0.149000 0.634769 -0.166052 0.159642 -0.621652 0.427315 0.284718 -4.277607 4.707727 0.404630
0.150000 0.634145 -0.165622 0.159927 -0.625905 0.432022 0.285100 -4.226865 4.705391 0.358776
0.151000 0.633517 -0.165188 0.160212 -0.630106 0.436726 0.285436 -4.175489 4.702539 0.312984
0.152000 0.632885 -0.164749 0.160497 -0.634256 0.441427 0.285726 -4.123336 4.699073 0.267189
0.153000 0.632249 -0.164305 0.160783 -0.638353 0.446124 0.285970 -4.070439 4.695001 0.221459
0.154000 0.631608 -0.163856 0.161069 -0.642397 0.450817 0.286169 -4.017032 4.690459 0.175974
0.155000 0.630964 -0.163403 0.161356 -0.646387 0.455505 0.286322 -3.963327 4.685559 0.130888
0.156000 0.630316 -0.162945 0.161642 -0.650323 0.460188 0.286431 -3.909501 4.680380 0.086310
0.157000 0.629663 -0.162483 0.161928 -0.654206 0.464866 0.286495 -3.855711 4.674980 0.042323
0.158000 0.629007 -0.162016 0.162215 -0.658035 0.469538 0.286515 -3.801922 4.669293 -0.001084
0.159000 0.628347 -0.161544 0.162502 -0.661810 0.474204 0.286493 -3.747954 4.663181 -0.044006
0.160000 0.627683 -0.161067 0.162788 -0.665531 0.478864 0.286427 -3.693786 4.656640 -0.086503
0.161000 0.627016 -0.160586 0.163074 -0.669197 0.483518 0.286320 -3.639555 4.649785 -0.128580
0.162000 0.626345 -0.160100 0.163361 -0.672810 0.488164 0.286170 -3.585238 4.642611 -0.170293
0.163000 0.625670 -0.159610 0.163647 -0.676368 0.492803 0.285979 -3.530671 4.635001 -0.211716
0.164000 0.624992 -0.159115 0.163933 -0.679871 0.497434 0.285747 -3.475873 4.626965 -0.252809
0.165000 0.624311 -0.158615 0.164218 -0.683319 0.502057 0.285473 -3.421032 4.618631 -0.293443
0.166000 0.623626 -0.158110 0.164504 -0.686713 0.506671 0.285160 -3.366162 4.609997 -0.333575
0.167000 0.622937 -0.157601 0.164789 -0.690052 0.511277 0.284806 -3.311084 4.600897 -0.373269
0.168000 0.622246 -0.157088 0.165073 -0.693335 0.515873 0.284413 -3.255755 4.591222 -0.412552
0.169000 0.621551 -0.156570 0.165357 -0.696563 0.520459 0.283981 -3.200324 4.580982 -0.451383
0.170000 0.620852 -0.156047 0.165641 -0.699736 0.525035 0.283510 -3.144934 4.570232 -0.489726
0.171000 0.620151 -0.155520 0.165924 -0.702853 0.529600 0.283002 -3.089726 4.559117 -0.527563
0.172000 0.619447 -0.154988 0.166207 -0.705915 0.534153 0.282455 -3.034837 4.547825 -0.564883
0.173000 0.618739 -0.154451 0.166489 -0.708923 0.538695 0.281872 -2.980210 4.536382 -0.601737
0.174000 0.618029 -0.153910 0.166771 -0.711876 0.543226 0.281252 -2.925658 4.524673 -0.638195
0.175000 0.617316 -0.153365 0.167052 -0.714774 0.547745 0.280595 -2.871188 4.512715 -0.674213
0.176000 0.616599 -0.152815 0.167332 -0.717618 0.552251 0.279903 -2.816990 4.500656 -0.709656
0.177000 0.615880 -0.152260 0.167612 -0.720408 0.556746 0.279176 -2.763070 4.488498 -0.744477
0.178000 0.615159 -0.151701 0.167890 -0.723144 0.561228 0.278414 -2.709236 4.476079 -0.778734
0.179000 0.614434 -0.151138 0.168168 -0.725827 0.565698 0.277619 -2.655442 4.463321 -0.812449
0.180000 0.613707 -0.150570 0.168446 -0.728455 0.570155 0.276790 -2.601797 4.450254 -0.845586
0.181000 0.612977 -0.149998 0.168722 -0.731030 0.574599 0.275928 -2.548247 4.436792 -0.878172
0.182000 0.612245 -0.149421 0.168997 -0.733552 0.579029 0.275033 -2.494581 4.422767 -0.910304
0.183000 0.611510 -0.148840 0.169272 -0.736019 0.583444 0.274107 -2.440763 4.408179 -0.942030
0.184000 0.610773 -0.148254 0.169546 -0.738433 0.587845 0.273149 -2.386927 4.393176 -0.973347
0.185000 0.610033 -0.147664 0.169818 -0.740793 0.592231 0.272160 -2.333038 4.377759 -1.004295
0.186000 0.609291 -0.147069 0.170090 -0.743099 0.596601 0.271141 -2.278907 4.361782 -1.034938
0.187000 0.608547 -0.146471 0.170361 -0.745351 0.600954 0.270090 -2.224539 4.345235 -1.065220
0.188000 0.607801 -0.145867 0.170630 -0.747548 0.605291 0.269010 -2.170171 4.328278 -1.094984
0.189000 0.607052 -0.145260 0.170899 -0.749691 0.609611 0.267900 -2.116018 4.311032 -1.124105
0.190000 0.606301 -0.144648 0.171166 -0.751780 0.613913 0.266762 -2.062263 4.293553 -1.152519
0.191000 0.605548 -0.144032 0.171432 -0.753816 0.618198 0.265595 -2.009071 4.275858 -1.180193
0.192000 0.604794 -0.143412 0.171697 -0.755799 0.622465 0.264402 -1.956387 4.257822 -1.207171
0.193000 0.604037 -0.142787 0.171961 -0.757729 0.626714 0.263181 -1.903987 4.239257 -1.233558
0.194000 0.603278 -0.142158 0.172224 -0.759606 0.630943 0.261934 -1.851811 4.220196 -1.259419
0.195000 0.602518 -0.141525 0.172485 -0.761432 0.635154 0.260662 -1.799972 4.200841 -1.284772
0.196000 0.601755 -0.140888 0.172745 -0.763206 0.639345 0.259365 -1.748411 4.181227 -1.309675
0.197000 0.600991 -0.140247 0.173004 -0.764929 0.643516 0.258043 -1.696914 4.161211 -1.334196
0.198000 0.600225 -0.139601 0.173261 -0.766600 0.647667 0.256696 -1.645469 4.140796 -1.358295
0.199000 0.599458 -0.138951 0.173517 -0.768220 0.651798 0.255326 -1.594248 4.120135 -1.381850
0.200000 0.598689 -0.138298 0.173772 -0.769789 0.655908 0.253933 -1.543232 4.099213 -1.404817
0.201000 0.597918 -0.137640 0.174025 -0.771307 0.659996 0.252517 -1.492204 4.077822 -1.427262
0.202000 0.597146 -0.136978 0.174277 -0.772773 0.664063 0.251078 -1.441096 4.055844 -1.449233
0.203000 0.596373 -0.136311 0.174527 -0.774189 0.668108 0.249618 -1.390049 4.033322 -1.470726
0.204000 0.595598 -0.135641 0.174776 -0.775553 0.672130 0.248137 -1.339212 4.010347 -1.491736
0.205000 0.594822 -0.134967 0.175023 -0.776867 0.676129 0.246635 -1.288749 3.987096 -1.512256
0.206000 0.594044 -0.134289 0.175269 -0.778131 0.680104 0.245112 -1.238828 3.963794 -1.532276
0.207000 0.593265 -0.133607 0.175514 -0.779345 0.684056 0.243570 -1.189402 3.940459 -1.551839
0.208000 0.592485 -0.132921 0.175756 -0.780510 0.687985 0.242009 -1.140251 3.916926 -1.571001
0.209000 0.591704 -0.132231 0.175998 -0.781625 0.691890 0.240428 -1.091348 3.893180 -1.589704
0.210000 0.590922 -0.131537 0.176237 -0.782692 0.695771 0.238829 -1.042850 3.869366 -1.607810
0.211000 0.590139 -0.130839 0.176475 -0.783711 0.699629 0.237212 -0.994727 3.845452 -1.625261
0.212000 0.589355 -0.130138 0.176712 -0.784682 0.703462 0.235579 -0.946757 3.821207 -1.642104
0.213000 0.588570 -0.129433 0.176946 -0.785604 0.707271 0.233928 -0.898884 3.796499 -1.658374
0.214000 0.587784 -0.128723 0.177179 -0.786479 0.711055 0.232262 -0.851271 3.771364 -1.674050
0.215000 0.586997 -0.128010 0.177411 -0.787307 0.714814 0.230580 -0.804079 3.745886 -1.689120
0.216000 0.586209 -0.127294 0.177641 -0.788088 0.718547 0.228884 -0.757471 3.720237 -1.703585
0.217000 0.585421 -0.126573 0.177869 -0.788822 0.722255 0.227173 -0.711606 3.694636 -1.717454
0.218000 0.584631 -0.125849 0.178095 -0.789511 0.725936 0.225449 -0.666425 3.669090 -1.730778
0.219000 0.583841 -0.125121 0.178320 -0.790155 0.729593 0.223711 -0.621699 3.643422 -1.743616
0.220000 0.583051 -0.124390 0.178542 -0.790754 0.733223 0.221962 -0.577391 3.617631 -1.755919
0.221000 0.582260 -0.123655 0.178763 -0.791310 0.736828 0.220200 -0.533648 3.591888 -1.767567
0.222000 0.581468 -0.122916 0.178983 -0.791822 0.740407 0.218426 -0.490434 3.566174 -1.778509
0.223000 0.580676 -0.122174 0.179200 -0.792290 0.743960 0.216643 -0.447515 3.540249 -1.788796
0.224000 0.579884 -0.121428 0.179416 -0.792717 0.747488 0.214849 -0.404830 3.513970 -1.798469
0.225000 0.579091 -0.120679 0.179630 -0.793100 0.750988 0.213046 -0.362535 3.487372 -1.807525
0.226000 0.578298 -0.119926 0.179842 -0.793442 0.754462 0.211234 -0.320783 3.460544 -1.815958
0.227000 0.577504 -0.119170 0.180052 -0.793742 0.757909 0.209414 -0.279731 3.433682 -1.823761
0.228000 0.576710 -0.118411 0.180261 -0.794001 0.761330 0.207586 -0.239532 3.407035 -1.830924
0.229000 0.575916 -0.117648 0.180468 -0.794221 0.764723 0.205752 -0.200123 3.380624 -1.837484
0.230000 0.575122 -0.116881 0.180672 -0.794401 0.768091 0.203911 -0.161269 3.354265 -1.843499
0.231000 0.574327 -0.116111 0.180875 -0.794543 0.771432 0.202065 -0.122929 3.327948 -1.848955
0.232000 0.573533 -0.115338 0.181077 -0.794647 0.774747 0.200213 -0.085247 3.301841 -1.853777
0.233000 0.572738 -0.114562 0.181276 -0.794714 0.778036 0.198357 -0.048182 3.275915 -1.857948
0.234000 0.571943 -0.113782 0.181473 -0.794744 0.781299 0.196497 -0.011498 3.249914 -1.861519
0.235000 0.571148 -0.112999 0.181669 -0.794737 0.784535 0.194634 0.024869 3.223685 -1.864516
0.236000 0.570354 -0.112213 0.181863 -0.794694 0.787746 0.192768 0.060811 3.197214 -1.866926
0.237000 0.569559 -0.111424 0.182054 -0.794615 0.790930 0.190900 0.096394 3.170345 -1.868777
0.238000 0.568764 -0.110631 0.182244 -0.794501 0.794087 0.189031 0.131864 3.142840 -1.870142
0.239000 0.567970 -0.109836 0.182432 -0.794351 0.797216 0.187160 0.167286 3.114729 -1.871070
0.240000 0.567176 -0.109037 0.182619 -0.794166 0.800316 0.185289 0.202507 3.086304 -1.871559
0.241000 0.566382 -0.108235 0.182803 -0.793946 0.803388 0.183417 0.237374 3.057836 -1.871583
0.242000 0.565588 -0.107430 0.182986 -0.793692 0.806432 0.181546 0.271732 3.029564 -1.871065
0.243000 0.564794 -0.106622 0.183166 -0.793403 0.809447 0.179675 0.305427 3.001706 -1.869903
0.244000 0.564001 -0.105811 0.183345 -0.793081 0.812435 0.177806 0.338524 2.974227 -1.868060
0.245000 0.563208 -0.104997 0.183522 -0.792726 0.815396 0.175939 0.371255 2.946846 -1.865579
0.246000 0.562416 -0.104180 0.183697 -0.792338 0.818329 0.174075 0.403659 2.919378 -1.862491
0.247000 0.561623 -0.103361 0.183870 -0.791919 0.821235 0.172214 0.435592 2.891775 -1.858795
0.248000 0.560832 -0.102538 0.184041 -0.791467 0.824112 0.170357 0.467095 2.863852 -1.854527
0.249000 0.560041 -0.101712 0.184211 -0.790984 0.826962 0.168505 0.498408 2.835347 -1.849762
0.250000 0.559250 -0.100884 0.184378 -0.790470 0.829783 0.166658 0.529620 2.806283 -1.844555
0.251000 0.558460 -0.100053 0.184544 -0.789925 0.832575 0.164816 0.560604 2.776959 -1.838920
0.252000 0.557670 -0.099219 0.184708 -0.789349 0.835337 0.162980 0.591219 2.747661 -1.832847
0.253000 0.556881 -0.098382 0.184870 -0.788743 0.838070 0.161150 0.621291 2.718657 -1.826276
0.254000 0.556092 -0.097543 0.185030 -0.788107 0.840774 0.159327 0.650629 2.690203 -1.819121
0.255000 0.555305 -0.096701 0.185189 -0.787441 0.843451 0.157512 0.679268 2.662286 -1.811351
0.256000 0.554518 -0.095856 0.185345 -0.786748 0.846099 0.155704 0.707436 2.634626 -1.803011
0.257000 0.553731 -0.095008 0.185500 -0.786027 0.848720 0.153906 0.735191 2.607037 -1.794137
0.258000 0.552946 -0.094158 0.185653 -0.785278 0.851313 0.152116 0.762415 2.579474 -1.784745
0.259000 0.552161 -0.093306 0.185804 -0.784502 0.853879 0.150336 0.789170 2.551750 -1.774876
0.260000 0.551377 -0.092451 0.185954 -0.783699 0.856417 0.148566 0.815700 2.523595 -1.764594
0.261000 0.550593 -0.091593 0.186101 -0.782870 0.858926 0.146807 0.842086 2.495032 -1.753937
0.262000 0.549811 -0.090733 0.186247 -0.782015 0.861407 0.145059 0.868243 2.466311 -1.742913
0.263000 0.549029 -0.089870 0.186391 -0.781134 0.863859 0.143321 0.894250 2.437462 -1.731554
0.264000 0.548249 -0.089005 0.186534 -0.780227 0.866282 0.141595 0.920338 2.408289 -1.719908
0.265000 0.547469 -0.088138 0.186675 -0.779293 0.868675 0.139881 0.946537 2.378792 -1.707981
0.266000 0.546690 -0.087268 0.186814 -0.778334 0.871039 0.138179 0.972644 2.349223 -1.695732
0.267000 0.545912 -0.086396 0.186951 -0.777348 0.873374 0.136490 0.998465 2.319779 -1.683141
0.268000 0.545135 -0.085521 0.187087 -0.776337 0.875679 0.134813 1.023821 2.290563 -1.670214
0.269000 0.544359 -0.084644 0.187221 -0.775300 0.877955 0.133149 1.048537 2.261626 -1.656972
0.270000 0.543585 -0.083765 0.187353 -0.774240 0.880202 0.131499 1.072666 2.232805 -1.643463
0.271000 0.542811 -0.082884 0.187484 -0.773155 0.882420 0.129863 1.096442 2.203825 -1.629744
0.272000 0.542038 -0.082000 0.187613 -0.772047 0.884610 0.128240 1.119937 2.174685 -1.615836
0.273000 0.541267 -0.081115 0.187740 -0.770915 0.886770 0.126631 1.143055 2.145612 -1.601728
0.274000 0.540497 -0.080227 0.187866 -0.769761 0.888901 0.125036 1.165867 2.116613 -1.587437
0.275000 0.539727 -0.079337 0.187990 -0.768583 0.891003 0.123456 1.188616 2.087476 -1.573001
0.276000 0.538959 -0.078445 0.188113 -0.767383 0.893076 0.121890 1.211370 2.058203 -1.558435
0.277000 0.538193 -0.077551 0.188234 -0.766161 0.895119 0.120339 1.233983 2.029054 -1.543717
0.278000 0.537427 -0.076654 0.188354 -0.764915 0.897134 0.118803 1.256300 2.000217 -1.528832
0.279000 0.536663 -0.075756 0.188472 -0.763648 0.899120 0.117281 1.278150 1.971759 -1.513779
0.280000 0.535900 -0.074856 0.188588 -0.762359 0.901077 0.115775 1.299350 1.943674 -1.498566
0.281000 0.535138 -0.073954 0.188703 -0.761049 0.903007 0.114284 1.319940 1.915754 -1.483223
0.282000 0.534378 -0.073050 0.188817 -0.759719 0.904909 0.112809 1.340141 1.887712 -1.467802
0.283000 0.533619 -0.072144 0.188929 -0.758369 0.906783 0.111349 1.360012 1.859574 -1.452331
0.284000 0.532861 -0.071237 0.189039 -0.756999 0.908628 0.109904 1.379444 1.831614 -1.436818
0.285000 0.532105 -0.070327 0.189149 -0.755610 0.910446 0.108475 1.398495 1.803869 -1.421290
0.286000 0.531350 -0.069416 0.189256 -0.754202 0.912236 0.107062 1.417392 1.776124 -1.405790
0.287000 0.530596 -0.068503 0.189363 -0.752775 0.913998 0.105664 1.436190 1.748365 -1.390344
0.288000 0.529844 -0.067588 0.189468 -0.751330 0.915732 0.104281 1.454775 1.720791 -1.374952
0.289000 0.529094 -0.066671 0.189571 -0.749866 0.917440 0.102914 1.473197 1.693370 -1.359636
0.290000 0.528344 -0.065753 0.189673 -0.748383 0.919119 0.101562 1.491669 1.665800 -1.344447
0.291000 0.527597 -0.064833 0.189774 -0.746882 0.920771 0.100225 1.510215 1.637904 -1.329429
0.292000 0.526851 -0.063911 0.189874 -0.745363 0.922395 0.098903 1.528639 1.609726 -1.314608
0.293000 0.526106 -0.062988 0.189972 -0.743825 0.923991 0.097596 1.546760 1.581378 -1.300010
0.294000 0.525363 -0.062063 0.190069 -0.742269 0.925558 0.096303 1.564428 1.553093 -1.285659
0.295000 0.524621 -0.061137 0.190165 -0.740696 0.927097 0.095024 1.581506 1.525168 -1.271579
0.296000 0.523882 -0.060209 0.190259 -0.739106 0.928608 0.093760 1.598064 1.497626 -1.257807
0.297000 0.523143 -0.059280 0.190352 -0.737500 0.930092 0.092509 1.614334 1.470243 -1.244384
0.298000 0.522407 -0.058349 0.190444 -0.735878 0.931549 0.091271 1.630382 1.443015 -1.231320
0.299000 0.521672 -0.057417 0.190535 -0.734239 0.932978 0.090046 1.646110 1.416155 -1.218604
0.300000 0.520938 -0.056483 0.190624 -0.732586 0.934381 0.088834 1.661581 1.389640 -1.206244
0.301000 0.520206 -0.055548 0.190712 -0.730916 0.935757 0.087633 1.677009 1.363163 -1.194275
0.302000 0.519476 -0.054612 0.190800 -0.729232 0.937107 0.086445 1.692430 1.336531 -1.182728
0.303000 0.518748 -0.053674 0.190885 -0.727531 0.938430 0.085268 1.707663 1.309773 -1.171614
0.304000 0.518021 -0.052735 0.190970 -0.725816 0.939727 0.084102 1.722537 1.282985 -1.160935
0.305000 0.517296 -0.051794 0.191054 -0.724086 0.940996 0.082946 1.736893 1.256384 -1.150677
0.306000 0.516573 -0.050853 0.191136 -0.722342 0.942240 0.081800 1.750579 1.230253 -1.140815
0.307000 0.515852 -0.049910 0.191217 -0.720585 0.943457 0.080665 1.763648 1.204597 -1.131352
0.308000 0.515132 -0.048966 0.191297 -0.718815 0.944649 0.079538 1.776325 1.179181 -1.122314
0.309000 0.514414 -0.048021 0.191376 -0.717033 0.945815 0.078420 1.788684 1.153985 -1.113724
0.310000 0.513698 -0.047074 0.191454 -0.715238 0.946957 0.077310 1.800643 1.129208 -1.105591
0.311000 0.512983 -0.046127 0.191531 -0.713431 0.948074 0.076209 1.812270 1.104815 -1.097935
0.312000 0.512271 -0.045178 0.191607 -0.711613 0.949166 0.075114 1.823772 1.080496 -1.090791
0.313000 0.511560 -0.044228 0.191681 -0.709784 0.950235 0.074027 1.835168 1.056070 -1.084178
0.314000 0.510851 -0.043278 0.191755 -0.707943 0.951278 0.072946 1.846301 1.031529 -1.078101
0.315000 0.510144 -0.042326 0.191827 -0.706091 0.952298 0.071871 1.857184 1.006696 -1.072575
0.316000 0.509439 -0.041373 0.191898 -0.704229 0.953292 0.070801 1.868017 0.981274 -1.067621
0.317000 0.508736 -0.040419 0.191969 -0.702355 0.954260 0.069736 1.878859 0.955273 -1.063227
0.318000 0.508034 -0.039464 0.192038 -0.700471 0.955202 0.068675 1.889575 0.929011 -1.059357
0.319000 0.507335 -0.038509 0.192106 -0.698576 0.956118 0.067617 1.900039 0.902798 -1.055981
0.320000 0.506637 -0.037552 0.192173 -0.696671 0.957008 0.066563 1.910135 0.876925 -1.053084
0.321000 0.505942 -0.036595 0.192239 -0.694756 0.957872 0.065511 1.919759 0.851675 -1.050658
0.322000 0.505248 -0.035636 0.192304 -0.692831 0.958711 0.064461 1.928985 0.827029 -1.048715
0.323000 0.504556 -0.034677 0.192368 -0.690898 0.959526 0.063413 1.938022 0.802674 -1.047275
0.324000 0.503866 -0.033717 0.192431 -0.688955 0.960317 0.062367 1.946893 0.778422 -1.046348
0.325000 0.503178 -0.032757 0.192493 -0.687004 0.961083 0.061321 1.955456 0.754255 -1.045925
0.326000 0.502492 -0.031795 0.192554 -0.685044 0.961825 0.060275 1.963732 0.729984 -1.046013
0.327000 0.501808 -0.030833 0.192613 -0.683076 0.962543 0.059229 1.971920 0.705306 -1.046619
0.328000 0.501126 -0.029870 0.192672 -0.681100 0.963236 0.058182 1.980085 0.680221 -1.047721
0.329000 0.500446 -0.028907 0.192730 -0.679116 0.963903 0.057133 1.988108 0.655036 -1.049272
0.330000 0.499768 -0.027942 0.192786 -0.677124 0.964546 0.056083 1.995876 0.630041 -1.051243
0.331000 0.499091 -0.026977 0.192842 -0.675125 0.965164 0.055031 2.003291 0.605494 -1.053633
0.332000 0.498417 -0.026012 0.192896 -0.673118 0.965757 0.053976 2.010261 0.581637 -1.056455
0.333000 0.497745 -0.025046 0.192950 -0.671104 0.966327 0.052918 2.016866 0.558418 -1.059734
0.334000 0.497075 -0.024079 0.193002 -0.669084 0.966874 0.051856 2.023302 0.535517 -1.063493
0.335000 0.496407 -0.023112 0.193053 -0.667057 0.967398 0.050791 2.029575 0.512762 -1.067728
0.336000 0.495741 -0.022145 0.193104 -0.665025 0.967899 0.049721 2.035520 0.490163 -1.072423
0.337000 0.495077 -0.021176 0.193153 -0.662986 0.968378 0.048646 2.041138 0.467550 -1.077570
0.338000 0.494415 -0.020208 0.193201 -0.660942 0.968834 0.047566 2.046617 0.444622 -1.083166
0.339000 0.493755 -0.019239 0.193248 -0.658893 0.969267 0.046480 2.052028 0.421375 -1.089178
0.340000 0.493097 -0.018269 0.193294 -0.656838 0.969677 0.045387 2.057262 0.398112 -1.095549
0.341000 0.492441 -0.017299 0.193339 -0.654779 0.970064 0.044289 2.062212 0.375128 -1.102235
0.342000 0.491788 -0.016329 0.193383 -0.652714 0.970427 0.043183 2.066767 0.352700 -1.109226
0.343000 0.491136 -0.015358 0.193425 -0.650645 0.970769 0.042070 2.070814 0.331100 -1.116525
0.344000 0.490486 -0.014388 0.193467 -0.648572 0.971090 0.040950 2.074417 0.310294 -1.124144
0.345000 0.489839 -0.013416 0.193507 -0.646496 0.971390 0.039822 2.077770 0.289970 -1.132094
0.346000 0.489193 -0.012445 0.193546 -0.644417 0.971670 0.038686 2.080906 0.269952 -1.140360
0.347000 0.488550 -0.011473 0.193584 -0.642334 0.971930 0.037541 2.083708 0.250246 -1.148914
0.348000 0.487909 -0.010501 0.193621 -0.640249 0.972170 0.036388 2.086204 0.230678 -1.157735
0.349000 0.487270 -0.009529 0.193657 -0.638162 0.972391 0.035226 2.088583 0.210943 -1.166809
0.350000 0.486632 -0.008556 0.193692 -0.636072 0.972592 0.034054 2.090893 0.191033 -1.176091
0.351000 0.485997 -0.007583 0.193725 -0.633980 0.972773 0.032873 2.093043 0.171191 -1.185512
0.352000 0.485365 -0.006611 0.193758 -0.631886 0.972934 0.031683 2.095082 0.151417 -1.195029
0.353000 0.484734 -0.005638 0.193789 -0.629790 0.973076 0.030483 2.097221 0.131456 -1.204643
0.354000 0.484105 -0.004664 0.193819 -0.627692 0.973197 0.029274 2.099554 0.111261 -1.214377
0.355000 0.483478 -0.003691 0.193847 -0.625591 0.973298 0.028055 2.102010 0.091054 -1.224260
0.356000 0.482854 -0.002718 0.193875 -0.623488 0.973379 0.026825 2.104492 0.071012 -1.234297
0.357000 0.482231 -0.001744 0.193901 -0.621382 0.973440 0.025586 2.106853 0.051237 -1.244465
0.358000 0.481611 -0.000771 0.193926 -0.619274 0.973482 0.024336 2.108921 0.031789 -1.254721
0.359000 0.480993 0.000203 0.193950 -0.617164 0.973504 0.023077 2.110704 0.012492 -1.265033
0.360000 0.480377 0.001176 0.193972 -0.615053 0.973507 0.021806 2.112377 -0.006959 -1.275375
0.361000 0.479763 0.002150 0.193993 -0.612939 0.973490 0.020526 2.113993 -0.026575 -1.285687
0.362000 0.479151 0.003123 0.194013 -0.610825 0.973454 0.019235 2.115470 -0.046113 -1.295888
0.363000 0.478541 0.004096 0.194032 -0.608708 0.973398 0.017934 2.116861 -0.065573 -1.305923
0.364000 0.477933 0.005070 0.194049 -0.606591 0.973322 0.016623 2.118365 -0.085212 -1.315790
0.365000 0.477328 0.006043 0.194065 -0.604472 0.973227 0.015302 2.120053 -0.105077 -1.325526
0.366000 0.476724 0.007016 0.194080 -0.602351 0.973112 0.013972 2.121836 -0.124946 -1.335178
0.367000 0.476123 0.007989 0.194093 -0.600228 0.972977 0.012632 2.123603 -0.144642 -1.344777
0.368000 0.475524 0.008962 0.194105 -0.598104 0.972823 0.011283 2.125210 -0.164062 -1.354320
0.369000 0.474927 0.009935 0.194115 -0.595978 0.972649 0.009923 2.126497 -0.183147 -1.363787
0.370000 0.474332 0.010908 0.194125 -0.593851 0.972457 0.008555 2.127476 -0.202072 -1.373158
0.371000 0.473739 0.011880 0.194133 -0.591723 0.972245 0.007177 2.128320 -0.221154 -1.382412
0.372000 0.473149 0.012852 0.194139 -0.589594 0.972014 0.005790 2.129085 -0.240425 -1.391504
0.373000 0.472560 0.013824 0.194144 -0.587464 0.971764 0.004394 2.129703 -0.259677 -1.400372
0.374000 0.471974 0.014796 0.194148 -0.585335 0.971495 0.002989 2.130231 -0.278934 -1.408973
0.375000 0.471389 0.015767 0.194150 -0.583204 0.971206 0.001576 2.130863 -0.298460 -1.417300
0.376000 0.470807 0.016738 0.194151 -0.581073 0.970898 0.000155 2.131679 -0.318303 -1.425376
0.377000 0.470227 0.017709 0.194150 -0.578941 0.970570 -0.001275 2.132598 -0.338237 -1.433236
0.378000 0.469649 0.018679 0.194148 -0.576808 0.970222 -0.002712 2.133524 -0.358071 -1.440894
0.379000 0.469074 0.019649 0.194145 -0.574674 0.969854 -0.004156 2.134325 -0.377675 -1.448333
0.380000 0.468500 0.020619 0.194140 -0.572539 0.969466 -0.005608 2.134854 -0.396954 -1.455517
0.381000 0.467929 0.021588 0.194134 -0.570404 0.969060 -0.007067 2.135126 -0.416054 -1.462412
0.382000 0.467359 0.022557 0.194126 -0.568269 0.968634 -0.008533 2.135300 -0.435277 -1.468982
0.383000 0.466792 0.023525 0.194117 -0.566133 0.968189 -0.010005 2.135412 -0.454652 -1.475166
0.384000 0.466227 0.024493 0.194106 -0.563998 0.967725 -0.011483 2.135371 -0.473967 -1.480888
0.385000 0.465664 0.025461 0.194094 -0.561863 0.967241 -0.012967 2.135212 -0.493242 -1.486090
0.386000 0.465103 0.026428 0.194080 -0.559727 0.966738 -0.014456 2.135118 -0.512736 -1.490772
0.387000 0.464545 0.027394 0.194065 -0.557592 0.966216 -0.015949 2.135169 -0.532494 -1.494993
0.388000 0.463988 0.028360 0.194048 -0.555457 0.965673 -0.017446 2.135299 -0.552285 -1.498841
0.389000 0.463434 0.029326 0.194030 -0.553322 0.965111 -0.018946 2.135425 -0.571913 -1.502375
0.390000 0.462881 0.030290 0.194010 -0.551186 0.964530 -0.020450 2.135428 -0.591245 -1.505609
0.391000 0.462331 0.031255 0.193989 -0.549051 0.963929 -0.021958 2.135173 -0.610178 -1.508527
0.392000 0.461783 0.032218 0.193966 -0.546916 0.963309 -0.023467 2.134679 -0.628856 -1.511109
0.393000 0.461237 0.033181 0.193942 -0.544782 0.962671 -0.024980 2.134104 -0.647586 -1.513322
0.394000 0.460694 0.034144 0.193916 -0.542648 0.962014 -0.026494 2.133488 -0.666416 -1.515116
0.395000 0.460152 0.035105 0.193889 -0.540515 0.961338 -0.028010 2.132750 -0.685163 -1.516432
0.396000 0.459613 0.036066 0.193860 -0.538382 0.960644 -0.029527 2.131931 -0.703866 -1.517223
0.397000 0.459075 0.037027 0.193830 -0.536251 0.959931 -0.031044 2.131210 -0.722801 -1.517482
0.398000 0.458540 0.037986 0.193798 -0.534120 0.959198 -0.032562 2.130673 -0.742031 -1.517254
0.399000 0.458007 0.038945 0.193765 -0.531989 0.958446 -0.034079 2.130297 -0.761403 -1.516609
0.400000 0.457476 0.039903 0.193730 -0.529859 0.957675 -0.035595 2.130160 -0.780987 -1.515595
0.401000 0.456947 0.040860 0.193694 -0.527729 0.956884 -0.037110 2.130425 -0.801094 -1.514216
0.402000 0.456421 0.041817 0.193656 -0.525598 0.956073 -0.038624 2.131093 -0.821863 -1.512470
0.403000 0.455896 0.042773 0.193616 -0.523467 0.955241 -0.040135 2.132005 -0.843185 -1.510352
0.404000 0.455374 0.043727 0.193576 -0.521334 0.954387 -0.041644 2.133012 -0.864914 -1.507851
0.405000 0.454854 0.044681 0.193533 -0.519201 0.953511 -0.043151 2.133998 -0.886845 -1.504936
0.406000 0.454335 0.045634 0.193489 -0.517066 0.952613 -0.044654 2.134859 -0.908736 -1.501568
0.407000 0.453819 0.046587 0.193444 -0.514931 0.951693 -0.046154 2.135642 -0.930620 -1.497712
0.408000 0.453306 0.047538 0.193397 -0.512795 0.950752 -0.047650 2.136522 -0.952762 -1.493362
0.409000 0.452794 0.048488 0.193349 -0.510658 0.949788 -0.049141 2.137589 -0.975217 -1.488576
0.410000 0.452284 0.049437 0.193299 -0.508520 0.948801 -0.050627 2.138833 -0.997823 -1.483443
0.411000 0.451777 0.050386 0.193247 -0.506380 0.947792 -0.052108 2.140335 -1.020641 -1.478017
0.412000 0.451271 0.051333 0.193194 -0.504239 0.946760 -0.053583 2.142255 -1.043972 -1.472299
0.413000 0.450768 0.052279 0.193140 -0.502096 0.945704 -0.055052 2.144599 -1.067946 -1.466270
0.414000 0.450267 0.053224 0.193084 -0.499950 0.944624 -0.056515 2.147219 -1.092444 -1.459911
0.415000 0.449768 0.054168 0.193027 -0.497801 0.943519 -0.057972 2.149969 -1.117322 -1.453193
0.416000 0.449272 0.055111 0.192968 -0.495650 0.942390 -0.059422 2.152720 -1.142389 -1.446072
0.417000 0.448777 0.056053 0.192908 -0.493496 0.941235 -0.060864 2.155347 -1.167426 -1.438491
0.418000 0.448285 0.056994 0.192847 -0.491339 0.940055 -0.062299 2.157875 -1.192483 -1.430400
0.419000 0.447794 0.057933 0.192784 -0.489180 0.938850 -0.063725 2.160468 -1.217834 -1.421790
0.420000 0.447306 0.058872 0.192719 -0.487018 0.937619 -0.065142 2.163217 -1.243550 -1.412728
0.421000 0.446820 0.059809 0.192653 -0.484854 0.936363 -0.066550 2.166122 -1.269490 -1.403321
0.422000 0.446337 0.060744 0.192586 -0.482686 0.935080 -0.067949 2.169271 -1.295730 -1.393636
0.423000 0.445855 0.061679 0.192518 -0.480515 0.933771 -0.069338 2.172820 -1.322568 -1.383690
0.424000 0.445376 0.062612 0.192447 -0.478341 0.932435 -0.070716 2.176779 -1.350123 -1.373501
0.425000 0.444898 0.063544 0.192376 -0.476162 0.931071 -0.072085 2.181039 -1.378319 -1.363103
0.426000 0.444423 0.064474 0.192303 -0.473978 0.929678 -0.073442 2.185604 -1.407272 -1.352502
0.427000 0.443950 0.065403 0.192229 -0.471790 0.928256 -0.074790 2.190600 -1.437276 -1.341659
0.428000 0.443480 0.066330 0.192154 -0.469597 0.926804 -0.076126 2.196050 -1.468397 -1.330506
0.429000 0.443011 0.067256 0.192077 -0.467398 0.925320 -0.077451 2.201849 -1.500433 -1.318981
0.430000 0.442545 0.068181 0.191999 -0.465194 0.923803 -0.078764 2.207912 -1.533179 -1.307068
0.431000 0.442081 0.069104 0.191919 -0.462983 0.922253 -0.080065 2.214198 -1.566430 -1.294846
0.432000 0.441619 0.070026 0.191839 -0.460765 0.920670 -0.081353 2.220691 -1.599980 -1.282439
0.433000 0.441159 0.070945 0.191757 -0.458541 0.919053 -0.082630 2.227481 -1.633886 -1.269927
0.434000 0.440702 0.071864 0.191673 -0.456310 0.917402 -0.083893 2.234710 -1.668433 -1.257310
0.435000 0.440247 0.072780 0.191589 -0.454072 0.915716 -0.085144 2.242367 -1.703724 -1.244569
0.436000 0.439794 0.073695 0.191503 -0.451825 0.913995 -0.086382 2.250320 -1.739666 -1.231690
0.437000 0.439343 0.074608 0.191416 -0.449571 0.912237 -0.087608 2.258551 -1.776358 -1.218641
0.438000 0.438895 0.075520 0.191328 -0.447308 0.910442 -0.088820 2.267172 -1.814080 -1.205369
0.439000 0.438448 0.076429 0.191239 -0.445037 0.908609 -0.090018 2.276209 -1.852878 -1.191817
0.440000 0.438004 0.077337 0.191148 -0.442756 0.906736 -0.091203 2.285564 -1.892535 -1.177941
0.441000 0.437563 0.078243 0.191056 -0.440466 0.904824 -0.092374 2.295156 -1.932839 -1.163740
0.442000 0.437124 0.079146 0.190963 -0.438166 0.902871 -0.093531 2.304930 -1.973591 -1.149287
0.443000 0.436687 0.080048 0.190869 -0.435856 0.900877 -0.094673 2.314847 -2.014601 -1.134698
0.444000 0.436252 0.080948 0.190774 -0.433536 0.898841 -0.095800 2.324973 -2.055932 -1.120039
0.445000 0.435819 0.081846 0.190677 -0.431206 0.896765 -0.096913 2.335438 -2.097860 -1.105309
0.446000 0.435389 0.082742 0.190580 -0.428865 0.894646 -0.098011 2.346232 -2.140470 -1.090500
0.447000 0.434962 0.083635 0.190481 -0.426513 0.892484 -0.099094 2.357208 -2.183599 -1.075624
0.448000 0.434536 0.084527 0.190382 -0.424151 0.890279 -0.100162 2.368243 -2.227084 -1.060681
0.449000 0.434113 0.085416 0.190281 -0.421777 0.888030 -0.101215 2.379256 -2.270756 -1.045656
0.450000 0.433693 0.086303 0.190179 -0.419392 0.885737 -0.102253 2.390191 -2.314449 -1.030523
0.451000 0.433275 0.087187 0.190077 -0.416997 0.883401 -0.103276 2.401105 -2.358238 -1.015245
0.452000 0.432859 0.088070 0.189973 -0.414590 0.881021 -0.104284 2.412152 -2.402393 -0.999802
0.453000 0.432445 0.088949 0.189868 -0.412172 0.878596 -0.105276 2.423409 -2.446984 -0.984251
0.454000 0.432034 0.089827 0.189762 -0.409743 0.876127 -0.106252 2.434845 -2.491834 -0.968698
0.455000 0.431626 0.090702 0.189656 -0.407303 0.873612 -0.107213 2.446401 -2.536752 -0.953224
0.456000 0.431220 0.091574 0.189548 -0.404850 0.871053 -0.108159 2.457972 -2.581528 -0.937862
0.457000 0.430816 0.092444 0.189439 -0.402387 0.868449 -0.109089 2.469423 -2.625946 -0.922620
0.458000 0.430415 0.093311 0.189330 -0.399911 0.865801 -0.110004 2.480742 -2.670037 -0.907472
0.459000 0.430016 0.094175 0.189219 -0.397425 0.863109 -0.110904 2.492036 -2.714046 -0.892362
0.460000 0.429620 0.095037 0.189108 -0.394927 0.860373 -0.111789 2.503334 -2.758024 -0.877239
0.461000 0.429227 0.095896 0.188996 -0.392418 0.857593 -0.112658 2.514562 -2.801778 -0.862072
0.462000 0.428835 0.096752 0.188883 -0.389898 0.854770 -0.113513 2.525649 -2.845120 -0.846864
0.463000 0.428447 0.097606 0.188769 -0.387367 0.851903 -0.114352 2.536537 -2.887874 -0.831677
0.464000 0.428061 0.098456 0.188654 -0.384825 0.848994 -0.115176 2.547174 -2.929872 -0.816610
0.465000 0.427677 0.099304 0.188538 -0.382273 0.846043 -0.115985 2.557609 -2.971178 -0.801709
0.466000 0.427296 0.100148 0.188422 -0.379710 0.843051 -0.116780 2.567949 -3.012024 -0.786964
0.467000 0.426918 0.100990 0.188305 -0.377137 0.840019 -0.117559 2.578189 -3.052423 -0.772373
0.468000 0.426542 0.101828 0.188187 -0.374554 0.836947 -0.118324 2.588220 -3.092175 -0.757959
0.469000 0.426169 0.102664 0.188068 -0.371960 0.833835 -0.119075 2.598032 -3.131287 -0.743710
0.470000 0.425798 0.103496 0.187949 -0.369358 0.830684 -0.119812 2.607724 -3.170003 -0.729574
0.471000 0.425430 0.104325 0.187828 -0.366745 0.827495 -0.120534 2.617328 -3.208419 -0.715492
0.472000 0.425064 0.105151 0.187708 -0.364123 0.824267 -0.121243 2.626774 -3.246415 -0.701423
0.473000 0.424702 0.105974 0.187586 -0.361491 0.821002 -0.121937 2.636002 -3.283856 -0.687363
0.474000 0.424341 0.106793 0.187464 -0.358851 0.817699 -0.122618 2.644962 -3.320592 -0.673367
0.475000 0.423984 0.107609 0.187341 -0.356202 0.814361 -0.123284 2.653611 -3.356457 -0.659523
0.476000 0.423629 0.108422 0.187217 -0.353544 0.810987 -0.123937 2.661995 -3.391512 -0.645870
0.477000 0.423277 0.109231 0.187093 -0.350878 0.807578 -0.124576 2.670214 -3.425988 -0.632391
0.478000 0.422927 0.110037 0.186968 -0.348203 0.804135 -0.125201 2.678263 -3.459913 -0.619077
0.479000 0.422580 0.110839 0.186842 -0.345521 0.800658 -0.125814 2.686020 -3.493079 -0.605946
0.480000 0.422236 0.111638 0.186716 -0.342831 0.797148 -0.126413 2.693380 -3.525299 -0.593010
0.481000 0.421895 0.112433 0.186590 -0.340134 0.793607 -0.127000 2.700266 -3.556428 -0.580263
0.482000 0.421556 0.113225 0.186462 -0.337431 0.790036 -0.127574 2.706615 -3.586344 -0.567690
0.483000 0.421220 0.114014 0.186334 -0.334721 0.786435 -0.128135 2.712459 -3.615137 -0.555255
0.484000 0.420887 0.114798 0.186206 -0.332006 0.782805 -0.128684 2.717911 -3.643056 -0.542935
0.485000 0.420556 0.115579 0.186077 -0.329285 0.779148 -0.129221 2.723023 -3.670158 -0.530788
0.486000 0.420228 0.116356 0.185948 -0.326560 0.775465 -0.129746 2.727777 -3.696323 -0.518928
0.487000 0.419903 0.117130 0.185818 -0.323830 0.771756 -0.130259 2.732217 -3.721595 -0.507412
0.488000 0.419580 0.117900 0.185687 -0.321095 0.768022 -0.130761 2.736436 -3.746180 -0.496216
0.489000 0.419261 0.118666 0.185556 -0.318357 0.764263 -0.131251 2.740425 -3.770069 -0.485299
0.490000 0.418944 0.119428 0.185425 -0.315614 0.760482 -0.131731 2.744088 -3.793057 -0.474638
0.491000 0.418629 0.120187 0.185293 -0.312869 0.756677 -0.132201 2.747410 -3.815135 -0.464185
0.492000 0.418318 0.120942 0.185160 -0.310120 0.752851 -0.132660 2.750473 -3.836520 -0.453872
0.493000 0.418009 0.121693 0.185027 -0.307368 0.749004 -0.133108 2.753306 -3.857316 -0.443653
0.494000 0.417703 0.122440 0.184894 -0.304613 0.745137 -0.133547 2.755854 -3.877431 -0.433508
0.495000 0.417400 0.123183 0.184760 -0.301856 0.741249 -0.133975 2.758069 -3.896775 -0.423434
0.496000 0.417099 0.123922 0.184626 -0.299097 0.737343 -0.134394 2.759915 -3.915248 -0.413459
0.497000 0.416802 0.124658 0.184491 -0.296336 0.733419 -0.134802 2.761361 -3.932752 -0.403628
0.498000 0.416507 0.125389 0.184356 -0.293574 0.729478 -0.135201 2.762451 -3.949373 -0.393944
0.499000 0.416215 0.126117 0.184221 -0.290811 0.725520 -0.135590 2.763268 -3.965323 -0.384368
0.500000 0.415925 0.126840 0.184085 -0.288048 0.721547 -0.135970 2.763801 -3.980609 -0.374877
0.501000 0.415638 0.127560 0.183949 -0.285284 0.717559 -0.136340 2.763957 -3.995054 -0.365475
0.502000 0.415355 0.128275 0.183813 -0.282520 0.713557 -0.136701 2.763721 -4.008659 -0.356137
0.503000 0.415073 0.128987 0.183676 -0.279756 0.709542 -0.137052 2.763164 -4.021643 -0.346801
0.504000 0.414795 0.129694 0.183538 -0.276993 0.705514 -0.137394 2.762314 -4.034119 -0.337417
0.505000 0.414519 0.130398 0.183401 -0.274232 0.701473 -0.137727 2.761120 -4.046026 -0.327964
0.506000 0.414247 0.131097 0.183263 -0.271471 0.697422 -0.138050 2.759542 -4.057290 -0.318458
0.507000 0.413977 0.131793 0.183125 -0.268712 0.693359 -0.138364 2.757549 -4.067816 -0.308972
0.508000 0.413709 0.132484 0.182986 -0.265956 0.689286 -0.138668 2.755116 -4.077500 -0.299614
0.509000 0.413445 0.133171 0.182847 -0.263202 0.685204 -0.138963 2.752284 -4.086411 -0.290436
0.510000 0.413183 0.133855 0.182708 -0.260451 0.681113 -0.139249 2.749127 -4.094740 -0.281413
0.511000 0.412924 0.134534 0.182569 -0.257704 0.677014 -0.139526 2.745631 -4.102477 -0.272524
0.512000 0.412667 0.135209 0.182429 -0.254960 0.672908 -0.139794 2.741709 -4.109436 -0.263770
0.513000 0.412414 0.135879 0.182289 -0.252221 0.668796 -0.140054 2.737343 -4.115602 -0.255122
0.514000 0.412163 0.136546 0.182149 -0.249485 0.664677 -0.140304 2.732596 -4.121171 -0.246514
0.515000 0.411915 0.137209 0.182009 -0.246755 0.660553 -0.140547 2.727491 -4.126239 -0.237894
0.516000 0.411669 0.137867 0.181868 -0.244030 0.656425 -0.140780 2.721998 -4.130772 -0.229226
0.517000 0.411427 0.138522 0.181727 -0.241311 0.652292 -0.141005 2.716141 -4.134869 -0.220459
0.518000 0.411187 0.139172 0.181586 -0.238598 0.648155 -0.141221 2.710003 -4.138758 -0.211537
0.519000 0.410950 0.139818 0.181445 -0.235891 0.644014 -0.141428 2.703626 -4.142530 -0.202455
0.520000 0.410715 0.140460 0.181303 -0.233191 0.639870 -0.141626 2.696990 -4.146095 -0.193251
0.521000 0.410483 0.141098 0.181161 -0.230497 0.635722 -0.141815 2.690063 -4.149334 -0.183957
0.522000 0.410254 0.141731 0.181020 -0.227811 0.631571 -0.141994 2.682796 -4.152080 -0.174587
0.523000 0.410028 0.142361 0.180877 -0.225132 0.627418 -0.142164 2.675128 -4.154133 -0.165147
0.524000 0.409804 0.142986 0.180735 -0.222461 0.623263 -0.142324 2.667065 -4.155489 -0.155606
0.525000 0.409583 0.143607 0.180593 -0.219798 0.619107 -0.142475 2.658671 -4.156329 -0.145909
0.526000 0.409364 0.144224 0.180450 -0.217143 0.614950 -0.142616 2.649970 -4.156734 -0.136026
0.527000 0.409148 0.144837 0.180308 -0.214498 0.610793 -0.142747 2.640937 -4.156660 -0.125952
0.528000 0.408935 0.145446 0.180165 -0.211861 0.606637 -0.142868 2.631592 -4.156188 -0.115663
0.529000 0.408725 0.146050 0.180022 -0.209235 0.602481 -0.142978 2.622011 -4.155522 -0.105120
0.530000 0.408517 0.146651 0.179879 -0.206617 0.598326 -0.143078 2.612235 -4.154736 -0.094344
0.531000 0.408311 0.147247 0.179736 -0.204010 0.594171 -0.143167 2.602249 -4.153731 -0.083406
0.532000 0.408109 0.147839 0.179592 -0.201413 0.590018 -0.143245 2.592018 -4.152380 -0.072360
0.533000 0.407909 0.148427 0.179449 -0.198826 0.585867 -0.143312 2.581475 -4.150504 -0.061230
0.534000 0.407711 0.149011 0.179306 -0.196250 0.581717 -0.143368 2.570534 -4.147897 -0.050023
0.535000 0.407516 0.149591 0.179162 -0.193685 0.577571 -0.143412 2.559173 -4.144538 -0.038707
0.536000 0.407324 0.150166 0.179019 -0.191132 0.573428 -0.143445 2.547451 -4.140593 -0.027225
0.537000 0.407134 0.150737 0.178876 -0.188590 0.569290 -0.143466 2.535414 -4.136153 -0.015545
0.538000 0.406946 0.151305 0.178732 -0.186061 0.565156 -0.143476 2.523077 -4.131197 -0.003664
0.539000 0.406762 0.151868 0.178589 -0.183544 0.561027 -0.143474 2.510486 -4.125816 0.008446
0.540000 0.406579 0.152427 0.178445 -0.181040 0.556904 -0.143459 2.497720 -4.120211 0.020823
0.541000 0.406400 0.152982 0.178302 -0.178548 0.552787 -0.143432 2.484821 -4.114466 0.033448
0.542000 0.406222 0.153532 0.178158 -0.176070 0.548675 -0.143392 2.471781 -4.108507 0.046246
0.543000 0.406047 0.154079 0.178015 -0.173605 0.544570 -0.143340 2.458575 -4.102236 0.059155
0.544000 0.405875 0.154621 0.177872 -0.171153 0.540471 -0.143274 2.445144 -4.095502 0.072124
0.545000 0.405705 0.155160 0.177728 -0.168715 0.536379 -0.143195 2.431408 -4.088123 0.085115
0.546000 0.405538 0.155694 0.177585 -0.166290 0.532295 -0.143104 2.417347 -4.080089 0.098131
0.547000 0.405373 0.156224 0.177442 -0.163880 0.528219 -0.142999 2.403001 -4.071553 0.111220
0.548000 0.405210 0.156751 0.177299 -0.161484 0.524152 -0.142881 2.388392 -4.062590 0.124413
0.549000 0.405050 0.157273 0.177156 -0.159103 0.520094 -0.142750 2.373508 -4.053168 0.137710
0.550000 0.404892 0.157791 0.177014 -0.156737 0.516045 -0.142606 2.358370 -4.043361 0.151142
0.551000 0.404736 0.158305 0.176871 -0.154386 0.512007 -0.142448 2.343030 -4.033348 0.164755
0.552000 0.404583 0.158815 0.176729 -0.152051 0.507978 -0.142276 2.327502 -4.023195 0.178554
0.553000 0.404432 0.159321 0.176587 -0.149731 0.503960 -0.142091 2.311767 -4.012855 0.192508
0.554000 0.404283 0.159823 0.176445 -0.147428 0.499953 -0.141891 2.295836 -4.002381 0.206620
0.555000 0.404137 0.160321 0.176303 -0.145140 0.495956 -0.141678 2.279752 -3.991918 0.220925
0.556000 0.403993 0.160815 0.176161 -0.142868 0.491969 -0.141449 2.263520 -3.981463 0.235426
0.557000 0.403851 0.161305 0.176020 -0.140613 0.487993 -0.141207 2.247106 -3.970863 0.250083
0.558000 0.403712 0.161791 0.175879 -0.138374 0.484027 -0.140949 2.230478 -3.959993 0.264854
0.559000 0.403575 0.162273 0.175738 -0.136152 0.480073 -0.140677 2.213620 -3.948787 0.279699
0.560000 0.403440 0.162751 0.175598 -0.133947 0.476130 -0.140390 2.196520 -3.937208 0.294577
0.561000 0.403307 0.163225 0.175457 -0.131759 0.472198 -0.140088 2.179201 -3.925341 0.309487
0.562000 0.403176 0.163695 0.175317 -0.129588 0.468279 -0.139771 2.161712 -3.913362 0.324454
0.563000 0.403048 0.164162 0.175178 -0.127435 0.464372 -0.139439 2.144071 -3.901350 0.339452
0.564000 0.402921 0.164624 0.175038 -0.125300 0.460476 -0.139092 2.126267 -3.889281 0.354413
0.565000 0.402797 0.165082 0.174900 -0.123183 0.456593 -0.138730 2.108315 -3.877222 0.369313
0.566000 0.402675 0.165537 0.174761 -0.121083 0.452722 -0.138353 2.090255 -3.865302 0.384185
0.567000 0.402555 0.165988 0.174623 -0.119002 0.448862 -0.137962 2.072096 -3.853508 0.399054
0.568000 0.402437 0.166435 0.174485 -0.116939 0.445015 -0.137555 2.053812 -3.841682 0.413909
0.569000 0.402321 0.166878 0.174348 -0.114895 0.441179 -0.137134 2.035376 -3.829702 0.428744
0.570000 0.402207 0.167317 0.174211 -0.112868 0.437355 -0.136698 2.016758 -3.817522 0.443549
0.571000 0.402095 0.167753 0.174074 -0.110861 0.433544 -0.136247 1.997927 -3.805132 0.458314
0.572000 0.401985 0.168184 0.173938 -0.108873 0.429745 -0.135781 1.978885 -3.792630 0.473062
0.573000 0.401877 0.168612 0.173803 -0.106903 0.425959 -0.135301 1.959680 -3.780193 0.487834
0.574000 0.401772 0.169036 0.173668 -0.104953 0.422185 -0.134806 1.940358 -3.767911 0.502628
0.575000 0.401668 0.169457 0.173533 -0.103023 0.418423 -0.134296 1.920954 -3.755789 0.517404
0.576000 0.401566 0.169873 0.173399 -0.101111 0.414673 -0.133771 1.901514 -3.743906 0.532159
0.577000 0.401465 0.170286 0.173266 -0.099220 0.410935 -0.133231 1.882073 -3.732392 0.546921
0.578000 0.401367 0.170695 0.173133 -0.097347 0.407208 -0.132677 1.862626 -3.721247 0.561684
0.579000 0.401271 0.171100 0.173000 -0.095494 0.403493 -0.132108 1.843126 -3.710340 0.576400
0.580000 0.401176 0.171502 0.172868 -0.093661 0.399788 -0.131524 1.823534 -3.699572 0.591032
0.581000 0.401083 0.171900 0.172737 -0.091847 0.396093 -0.130926 1.803826 -3.688901 0.605554
0.582000 0.400992 0.172294 0.172607 -0.090053 0.392410 -0.130313 1.783983 -3.678316 0.619950
0.583000 0.400903 0.172685 0.172477 -0.088279 0.388737 -0.129686 1.764014 -3.667900 0.634237
0.584000 0.400816 0.173072 0.172347 -0.086525 0.385074 -0.129045 1.743954 -3.657799 0.648449
0.585000 0.400730 0.173455 0.172219 -0.084791 0.381421 -0.128389 1.723833 -3.648066 0.662579
0.586000 0.400646 0.173834 0.172090 -0.083078 0.377778 -0.127719 1.703667 -3.638666 0.676581
0.587000 0.400564 0.174210 0.171963 -0.081384 0.374144 -0.127036 1.683481 -3.629639 0.690446
0.588000 0.400483 0.174583 0.171836 -0.079711 0.370519 -0.126338 1.663304 -3.621086 0.704207
0.589000 0.400405 0.174951 0.171710 -0.078057 0.366902 -0.125627 1.643134 -3.612993 0.717875
0.590000 0.400327 0.175317 0.171585 -0.076424 0.363293 -0.124903 1.622948 -3.605243 0.731438
0.591000 0.400252 0.175678 0.171461 -0.074812 0.359691 -0.124165 1.602740 -3.597820 0.744910
0.592000 0.400178 0.176036 0.171337 -0.073219 0.356097 -0.123413 1.582533 -3.590829 0.758331
0.593000 0.400105 0.176390 0.171214 -0.071646 0.352510 -0.122648 1.562342 -3.584342 0.771712
0.594000 0.400034 0.176741 0.171092 -0.070094 0.348928 -0.121869 1.542168 -3.578344 0.785030
0.595000 0.399965 0.177088 0.170970 -0.068562 0.345353 -0.121078 1.522008 -3.572810 0.798262
0.596000 0.399897 0.177432 0.170849 -0.067050 0.341783 -0.120273 1.501858 -3.567695 0.811384
0.597000 0.399831 0.177772 0.170729 -0.065558 0.338218 -0.119455 1.481714 -3.562944 0.824371
0.598000 0.399766 0.178108 0.170610 -0.064087 0.334657 -0.118624 1.461584 -3.558588 0.837229
0.599000 0.399703 0.178441 0.170492 -0.062635 0.331100 -0.117781 1.441493 -3.554718 0.849994
0.600000 0.399641 0.178770 0.170375 -0.061204 0.327547 -0.116924 1.421447 -3.551336 0.862672
0.601000 0.399580 0.179096 0.170258 -0.059792 0.323998 -0.116055 1.401438 -3.548354 0.875242
0.602000 0.399521 0.179418 0.170143 -0.058401 0.320451 -0.115174 1.381473 -3.545768 0.887708
0.603000 0.399464 0.179737 0.170028 -0.057029 0.316906 -0.114280 1.361580 -3.543680 0.900102
0.604000 0.399407 0.180052 0.169914 -0.055678 0.313363 -0.113374 1.341784 -3.542148 0.912426
0.605000 0.399352 0.180364 0.169801 -0.054346 0.309822 -0.112455 1.322108 -3.541175 0.924655
0.606000 0.399299 0.180672 0.169689 -0.053034 0.306281 -0.111524 1.302575 -3.540817 0.936793
0.607000 0.399246 0.180976 0.169578 -0.051741 0.302740 -0.110581 1.283208 -3.541181 0.948876
0.608000 0.399195 0.181277 0.169468 -0.050467 0.299199 -0.109626 1.264005 -3.542293 0.960930
0.609000 0.399145 0.181575 0.169359 -0.049213 0.295656 -0.108660 1.244944 -3.544086 0.972953
0.610000 0.399097 0.181869 0.169251 -0.047977 0.292111 -0.107681 1.226002 -3.546473 0.984935
0.611000 0.399049 0.182159 0.169144 -0.046761 0.288563 -0.106690 1.207156 -3.549333 0.996847
0.612000 0.399003 0.182446 0.169037 -0.045563 0.285012 -0.105687 1.188380 -3.552524 1.008654
0.613000 0.398958 0.182729 0.168932 -0.044384 0.281458 -0.104672 1.169666 -3.556004 1.020351
0.614000 0.398914 0.183009 0.168828 -0.043224 0.277900 -0.103646 1.151027 -3.559835 1.031958
0.615000 0.398872 0.183285 0.168725 -0.042082 0.274338 -0.102608 1.132477 -3.564039 1.043468
0.616000 0.398830 0.183557 0.168623 -0.040959 0.270772 -0.101559 1.114025 -3.568580 1.054846
0.617000 0.398790 0.183826 0.168522 -0.039854 0.267201 -0.100499 1.095683 -3.573479 1.066083
0.618000 0.398751 0.184092 0.168422 -0.038767 0.263625 -0.099427 1.077470 -3.578813 1.077207
0.619000 0.398712 0.184353 0.168323 -0.037699 0.260043 -0.098344 1.059397 -3.584597 1.088231
0.620000 0.398675 0.184612 0.168225 -0.036648 0.256456 -0.097251 1.041467 -3.590764 1.099146
0.621000 0.398639 0.184866 0.168128 -0.035616 0.252862 -0.096146 1.023679 -3.597234 1.109939
0.622000 0.398604 0.185117 0.168033 -0.034601 0.249261 -0.095031 1.006033 -3.603907 1.120597
0.623000 0.398570 0.185365 0.167938 -0.033604 0.245654 -0.093905 0.988528 -3.610674 1.131108
0.624000 0.398537 0.185609 0.167845 -0.032624 0.242040 -0.092768 0.971170 -3.617506 1.141481
0.625000 0.398505 0.185849 0.167753 -0.031662 0.238419 -0.091622 0.953971 -3.624459 1.151746
0.626000 0.398473 0.186086 0.167662 -0.030716 0.234791 -0.090465 0.936935 -3.631544 1.161913
0.627000 0.398443 0.186319 0.167572 -0.029788 0.231156 -0.089298 0.920058 -3.638720 1.171966
0.628000 0.398414 0.186548 0.167483 -0.028876 0.227513 -0.088121 0.903342 -3.645995 1.181913
0.629000 0.398385 0.186774 0.167396 -0.027981 0.223864 -0.086934 0.886796 -3.653420 1.191779
0.630000 0.398358 0.186996 0.167309 -0.027102 0.220207 -0.085738 0.870420 -3.660972 1.201567
0.631000 0.398331 0.187214 0.167224 -0.026240 0.216542 -0.084531 0.854205 -3.668545 1.211254
0.632000 0.398305 0.187429 0.167140 -0.025394 0.212869 -0.083315 0.838142 -3.676031 1.220816
0.633000 0.398280 0.187640 0.167058 -0.024564 0.209190 -0.082089 0.822219 -3.683319 1.230228
0.634000 0.398256 0.187847 0.166976 -0.023750 0.205503 -0.080855 0.806426 -3.690293 1.239463
0.635000 0.398233 0.188051 0.166896 -0.022951 0.201809 -0.079611 0.790759 -3.696912 1.248520
0.636000 0.398210 0.188251 0.166817 -0.022168 0.198109 -0.078358 0.775221 -3.703214 1.257414
0.637000 0.398189 0.188447 0.166739 -0.021401 0.194403 -0.077096 0.759807 -3.709198 1.266142
0.638000 0.398168 0.188640 0.166663 -0.020648 0.190691 -0.075825 0.744502 -3.714819 1.274677
0.639000 0.398147 0.188828 0.166588 -0.019912 0.186973 -0.074546 0.729302 -3.720073 1.283011
0.640000 0.398128 0.189013 0.166514 -0.019190 0.183250 -0.073259 0.714204 -3.725001 1.291158
0.641000 0.398109 0.189195 0.166441 -0.018483 0.179523 -0.071964 0.699201 -3.729595 1.299107
0.642000 0.398091 0.189372 0.166370 -0.017791 0.175791 -0.070661 0.684278 -3.733778 1.306824
0.643000 0.398073 0.189546 0.166300 -0.017115 0.172056 -0.069350 0.669425 -3.737452 1.314282
0.644000 0.398057 0.189717 0.166231 -0.016453 0.168316 -0.068032 0.654650 -3.740486 1.321466
0.645000 0.398040 0.189883 0.166164 -0.015805 0.164575 -0.066707 0.639968 -3.742728 1.328371
0.646000 0.398025 0.190046 0.166098 -0.015173 0.160831 -0.065376 0.625392 -3.744101 1.335007
0.647000 0.398010 0.190205 0.166033 -0.014554 0.157086 -0.064037 0.610928 -3.744610 1.341387
0.648000 0.397996 0.190360 0.165970 -0.013951 0.153342 -0.062693 0.596565 -3.744241 1.347494
0.649000 0.397982 0.190511 0.165908 -0.013361 0.149598 -0.061342 0.582283 -3.742942 1.353288
0.650000 0.397969 0.190659 0.165847 -0.012786 0.145856 -0.059986 0.568069 -3.740696 1.358750
0.651000 0.397957 0.190803 0.165788 -0.012225 0.142116 -0.058625 0.553926 -3.737514 1.363886
0.652000 0.397945 0.190943 0.165730 -0.011678 0.138381 -0.057259 0.539866 -3.733348 1.368701
0.653000 0.397933 0.191080 0.165673 -0.011145 0.134650 -0.055888 0.525897 -3.728084 1.373175
0.654000 0.397922 0.191213 0.165618 -0.010627 0.130925 -0.054512 0.512021 -3.721606 1.377284
0.655000 0.397912 0.191342 0.165564 -0.010121 0.127207 -0.053133 0.498223 -3.713794 1.380985
0.656000 0.397902 0.191467 0.165512 -0.009630 0.123497 -0.051750 0.484478 -3.704523 1.384223
0.657000 0.397893 0.191589 0.165460 -0.009152 0.119798 -0.050365 0.470772 -3.693728 1.386971
0.658000 0.397884 0.191707 0.165411 -0.008689 0.116110 -0.048976 0.457102 -3.681394 1.389228
0.659000 0.397875 0.191821 0.165363 -0.008238 0.112435 -0.047586 0.443476 -3.667471 1.390985
0.660000 0.397867 0.191932 0.165316 -0.007802 0.108775 -0.046194 0.429901 -3.651867 1.392221
0.661000 0.397860 0.192038 0.165270 -0.007378 0.105131 -0.044802 0.416387 -3.634528 1.392927
0.662000 0.397853 0.192142 0.165226 -0.006969 0.101506 -0.043408 0.402940 -3.615446 1.393096
0.663000 0.397846 0.192241 0.165183 -0.006573 0.097900 -0.042015 0.389567 -3.594584 1.392691
0.664000 0.397839 0.192338 0.165142 -0.006190 0.094316 -0.040623 0.376275 -3.571859 1.391645
0.665000 0.397833 0.192430 0.165102 -0.005820 0.090756 -0.039232 0.363069 -3.547176 1.389894
0.666000 0.397828 0.192519 0.165064 -0.005464 0.087222 -0.037843 0.349957 -3.520421 1.387368
0.667000 0.397822 0.192605 0.165026 -0.005120 0.083716 -0.036457 0.336943 -3.491469 1.383997
0.668000 0.397818 0.192687 0.164991 -0.004790 0.080239 -0.035075 0.324033 -3.460241 1.379737
0.669000 0.397813 0.192765 0.164956 -0.004472 0.076795 -0.033698 0.311231 -3.426705 1.374561
0.670000 0.397809 0.192840 0.164923 -0.004167 0.073386 -0.032326 0.298542 -3.390800 1.368421
0.671000 0.397805 0.192912 0.164892 -0.003875 0.070013 -0.030961 0.285970 -3.352429 1.361246
0.672000 0.397801 0.192980 0.164861 -0.003595 0.066681 -0.029604 0.273519 -3.311526 1.352987
0.673000 0.397797 0.193045 0.164832 -0.003328 0.063390 -0.028255 0.261193 -3.268056 1.343612
0.674000 0.397794 0.193107 0.164805 -0.003073 0.060145 -0.026916 0.248995 -3.221946 1.333067
0.675000 0.397791 0.193165 0.164779 -0.002830 0.056947 -0.025589 0.236928 -3.173087 1.321277
0.676000 0.397789 0.193221 0.164754 -0.002599 0.053799 -0.024274 0.224997 -3.121399 1.308185
0.677000 0.397786 0.193273 0.164730 -0.002380 0.050704 -0.022973 0.213214 -3.066836 1.293756
0.678000 0.397784 0.193322 0.164708 -0.002173 0.047665 -0.021686 0.201609 -3.009310 1.277931
0.679000 0.397782 0.193368 0.164687 -0.001977 0.044685 -0.020417 0.190216 -2.948695 1.260624
0.680000 0.397780 0.193412 0.164667 -0.001792 0.041768 -0.019165 0.179064 -2.884867 1.241748
0.681000 0.397778 0.193452 0.164648 -0.001619 0.038915 -0.017933 0.168164 -2.817714 1.221217
0.682000 0.397777 0.193489 0.164631 -0.001456 0.036132 -0.016723 0.157521 -2.747132 1.198941
0.683000 0.397775 0.193524 0.164615 -0.001304 0.033421 -0.015535 0.147135 -2.673050 1.174854
0.684000 0.397774 0.193556 0.164600 -0.001162 0.030786 -0.014373 0.137008 -2.595430 1.148901
0.685000 0.397773 0.193586 0.164586 -0.001030 0.028230 -0.013238 0.127141 -2.514221 1.120989
0.686000 0.397772 0.193613 0.164573 -0.000907 0.025758 -0.012131 0.117536 -2.429349 1.090995
0.687000 0.397771 0.193637 0.164562 -0.000794 0.023372 -0.011056 0.108194 -2.340755 1.058823
0.688000 0.397770 0.193659 0.164551 -0.000691 0.021076 -0.010013 0.099127 -2.248383 1.024403
0.689000 0.397770 0.193679 0.164542 -0.000596 0.018875 -0.009007 0.090361 -2.152121 0.987635
0.690000 0.397769 0.193697 0.164533 -0.000510 0.016772 -0.008038 0.081930 -2.051813 0.948390
0.691000 0.397769 0.193713 0.164526 -0.000432 0.014771 -0.007110 0.073860 -1.947319 0.906542
0.692000 0.397768 0.193727 0.164519 -0.000362 0.012877 -0.006225 0.066162 -1.838527 0.861981
0.693000 0.397768 0.193739 0.164513 -0.000300 0.011094 -0.005386 0.058838 -1.725341 0.814606
0.694000 0.397768 0.193749 0.164508 -0.000245 0.009426 -0.004596 0.051889 -1.607687 0.764339
0.695000 0.397767 0.193758 0.164504 -0.000196 0.007879 -0.003857 0.045313 -1.485506 0.711113
0.696000 0.397767 0.193765 0.164501 -0.000154 0.006455 -0.003174 0.039113 -1.358698 0.654825
0.697000 0.397767 0.193771 0.164498 -0.000118 0.005161 -0.002548 0.033287 -1.227136 0.595342
0.698000 0.397767 0.193775 0.164496 -0.000088 0.004001 -0.001983 0.015234 -0.580075 0.282393
0.699000 0.397767 0.193779 0.164494 -0.000088 0.004001 -0.001983 0.015234 -0.580075 0.282393
