0.000000 0.670204 -0.191455 0.139314 -0.022934 0.004401 0.022894 -0.463310 0.109319 0.441342
0.001000 0.670182 -0.191451 0.139336 -0.022934 0.004401 0.022894 -0.463310 0.109319 0.441342
0.002000 0.670158 -0.191446 0.139360 -0.023860 0.004619 0.023777 -0.935866 0.221510 0.890973
0.003000 0.670134 -0.191442 0.139384 -0.024805 0.004844 0.024676 -0.954369 0.227343 0.907545
0.004000 0.670109 -0.191437 0.139409 -0.025769 0.005074 0.025592 -0.972905 0.233367 0.924108
0.005000 0.670082 -0.191432 0.139435 -0.026751 0.005310 0.026524 -0.991477 0.239603 0.940667
0.006000 0.670055 -0.191426 0.139462 -0.027752 0.005553 0.027473 -1.010078 0.246056 0.957215
0.007000 0.670027 -0.191420 0.139490 -0.028771 0.005802 0.028439 -1.028711 0.252723 0.973755
0.008000 0.669998 -0.191414 0.139519 -0.029809 0.006059 0.029421 -1.047380 0.259597 0.990291
0.009000 0.669967 -0.191408 0.139549 -0.030866 0.006322 0.030419 -1.066085 0.266674 1.006824
0.010000 0.669936 -0.191402 0.139580 -0.031942 0.006592 0.031434 -1.084816 0.273960 1.023344
0.011000 0.669903 -0.191395 0.139612 -0.033036 0.006870 0.032466 -1.103570 0.281473 1.039849
0.012000 0.669870 -0.191388 0.139645 -0.034149 0.007155 0.033514 -1.122350 0.289240 1.056341
0.013000 0.669835 -0.191381 0.139679 -0.035280 0.007448 0.034579 -1.141151 0.297281 1.072818
0.014000 0.669799 -0.191373 0.139714 -0.036431 0.007749 0.035660 -1.159970 0.305599 1.089276
0.015000 0.669762 -0.191365 0.139750 -0.037600 0.008059 0.036757 -1.178825 0.314188 1.105735
0.016000 0.669724 -0.191357 0.139787 -0.038789 0.008378 0.037871 -1.197750 0.323039 1.122229
0.017000 0.669685 -0.191349 0.139826 -0.039996 0.008705 0.039002 -1.216769 0.332146 1.138795
0.018000 0.669644 -0.191340 0.139865 -0.041222 0.009042 0.040149 -1.235888 0.341500 1.155465
0.019000 0.669602 -0.191330 0.139906 -0.042468 0.009388 0.041313 -1.255106 0.351091 1.172274
0.020000 0.669559 -0.191321 0.139948 -0.043732 0.009744 0.042493 -1.274412 0.360914 1.189231
0.021000 0.669515 -0.191311 0.139991 -0.045016 0.010110 0.043691 -1.293793 0.370968 1.206316
0.022000 0.669469 -0.191301 0.140035 -0.046320 0.010486 0.044906 -1.313260 0.381270 1.223491
0.023000 0.669422 -0.191290 0.140081 -0.047643 0.010873 0.046138 -1.332835 0.391843 1.240713
0.024000 0.669374 -0.191279 0.140128 -0.048986 0.011270 0.047387 -1.352525 0.402702 1.257942
0.025000 0.669324 -0.191267 0.140176 -0.050348 0.011678 0.048654 -1.372315 0.413846 1.275164
0.026000 0.669273 -0.191256 0.140225 -0.051730 0.012098 0.049938 -1.392184 0.425267 1.292407
0.027000 0.669221 -0.191243 0.140275 -0.053132 0.012529 0.051239 -1.412120 0.436953 1.309730
0.028000 0.669167 -0.191231 0.140327 -0.054555 0.012972 0.052557 -1.432118 0.448903 1.327181
0.029000 0.669112 -0.191217 0.140381 -0.055997 0.013426 0.053893 -1.452187 0.461131 1.344789
0.030000 0.669055 -0.191204 0.140435 -0.057459 0.013894 0.055247 -1.472342 0.473658 1.362578
0.031000 0.668997 -0.191190 0.140491 -0.058941 0.014374 0.056618 -1.492583 0.486497 1.380545
0.032000 0.668937 -0.191175 0.140548 -0.060444 0.014867 0.058008 -1.512894 0.499656 1.398668
0.033000 0.668876 -0.191160 0.140607 -0.061967 0.015373 0.059416 -1.533270 0.513147 1.416920
0.034000 0.668813 -0.191144 0.140667 -0.063511 0.015893 0.060842 -1.553720 0.526989 1.435277
0.035000 0.668749 -0.191128 0.140729 -0.065075 0.016427 0.062286 -1.574239 0.541194 1.453710
0.036000 0.668683 -0.191111 0.140792 -0.066659 0.016975 0.063749 -1.594815 0.555755 1.472201
0.037000 0.668615 -0.191094 0.140856 -0.068264 0.017539 0.065231 -1.615464 0.570658 1.490767
0.038000 0.668546 -0.191076 0.140922 -0.069890 0.018117 0.066731 -1.636222 0.585886 1.509446
0.039000 0.668476 -0.191058 0.140990 -0.071537 0.018710 0.068249 -1.657102 0.601423 1.528254
0.040000 0.668403 -0.191039 0.141059 -0.073204 0.019320 0.069787 -1.678086 0.617263 1.547176
0.041000 0.668329 -0.191019 0.141129 -0.074893 0.019945 0.071344 -1.699159 0.633410 1.566202
0.042000 0.668253 -0.190999 0.141201 -0.076603 0.020586 0.072920 -1.720322 0.649883 1.585331
0.043000 0.668176 -0.190978 0.141275 -0.078333 0.021245 0.074514 -1.741583 0.666696 1.604556
0.044000 0.668097 -0.190956 0.141350 -0.080086 0.021920 0.076129 -1.762963 0.683864 1.623849
0.045000 0.668016 -0.190934 0.141427 -0.081859 0.022612 0.077762 -1.784491 0.701404 1.643175
0.046000 0.667933 -0.190911 0.141506 -0.083655 0.023323 0.079415 -1.806168 0.719318 1.662490
0.047000 0.667848 -0.190888 0.141586 -0.085472 0.024051 0.081087 -1.827977 0.737595 1.681758
0.048000 0.667762 -0.190863 0.141668 -0.087311 0.024798 0.082779 -1.849915 0.756213 1.700979
0.049000 0.667674 -0.190838 0.141752 -0.089172 0.025563 0.084489 -1.872001 0.775148 1.720175
0.050000 0.667584 -0.190812 0.141837 -0.091055 0.026348 0.086219 -1.894232 0.794377 1.739346
0.051000 0.667492 -0.190785 0.141924 -0.092960 0.027152 0.087968 -1.916591 0.813885 1.758470
0.052000 0.667398 -0.190758 0.142013 -0.094888 0.027976 0.089736 -1.939097 0.833672 1.777545
0.053000 0.667302 -0.190729 0.142104 -0.096838 0.028820 0.091523 -1.961792 0.853745 1.796585
0.054000 0.667204 -0.190700 0.142196 -0.098811 0.029683 0.093329 -1.984691 0.874104 1.815581
0.055000 0.667104 -0.190670 0.142290 -0.100808 0.030568 0.095154 -2.007770 0.894751 1.834496
0.056000 0.667003 -0.190639 0.142386 -0.102827 0.031473 0.096998 -2.031014 0.915711 1.853293
0.057000 0.666899 -0.190607 0.142484 -0.104870 0.032399 0.098861 -2.054433 0.937022 1.871953
0.058000 0.666793 -0.190574 0.142584 -0.106936 0.033347 0.100742 -2.078044 0.958715 1.890472
0.059000 0.666685 -0.190540 0.142686 -0.109026 0.034317 0.102642 -2.101876 0.980804 1.908876
0.060000 0.666575 -0.190505 0.142789 -0.111140 0.035309 0.104560 -2.125965 1.003293 1.927204
0.061000 0.666463 -0.190470 0.142895 -0.113278 0.036323 0.106496 -2.150312 1.026174 1.945463
0.062000 0.666348 -0.190433 0.143002 -0.115440 0.037361 0.108451 -2.174890 1.049435 1.963620
0.063000 0.666232 -0.190395 0.143112 -0.117627 0.038422 0.110423 -2.199695 1.073065 1.981655
0.064000 0.666113 -0.190356 0.143223 -0.119840 0.039507 0.112414 -2.224751 1.097062 1.999563
0.065000 0.665992 -0.190316 0.143337 -0.122077 0.040616 0.114422 -2.250050 1.121415 2.017317
0.066000 0.665869 -0.190275 0.143452 -0.124340 0.041750 0.116449 -2.275556 1.146107 2.034868
0.067000 0.665743 -0.190232 0.143570 -0.126628 0.042908 0.118492 -2.301258 1.171123 2.052184
0.068000 0.665616 -0.190189 0.143689 -0.128942 0.044092 0.120553 -2.327179 1.196458 2.069262
0.069000 0.665485 -0.190144 0.143811 -0.131282 0.045301 0.122631 -2.353358 1.222106 2.086113
0.070000 0.665353 -0.190098 0.143934 -0.133649 0.046536 0.124725 -2.379862 1.248059 2.102776
0.071000 0.665218 -0.190051 0.144060 -0.136042 0.047797 0.126836 -2.406773 1.274308 2.119306
0.072000 0.665081 -0.190003 0.144188 -0.138462 0.049085 0.128964 -2.434119 1.300833 2.135714
0.073000 0.664941 -0.189953 0.144318 -0.140910 0.050399 0.131108 -2.461868 1.327607 2.151968
0.074000 0.664799 -0.189902 0.144450 -0.143386 0.051740 0.133268 -2.489996 1.354611 2.168052
0.075000 0.664654 -0.189850 0.144585 -0.145890 0.053108 0.135444 -2.518500 1.381827 2.183972
0.076000 0.664507 -0.189796 0.144721 -0.148423 0.054504 0.137636 -2.547351 1.409235 2.199705
0.077000 0.664358 -0.189741 0.144860 -0.150985 0.055927 0.139843 -2.576496 1.436825 2.215190
0.078000 0.664205 -0.189684 0.145001 -0.153576 0.057377 0.142066 -2.605925 1.464619 2.230375
0.079000 0.664050 -0.189626 0.145144 -0.156197 0.058856 0.144304 -2.635658 1.492666 2.245223
0.080000 0.663893 -0.189566 0.145289 -0.158848 0.060363 0.146556 -2.665682 1.520988 2.259683
0.081000 0.663733 -0.189505 0.145437 -0.161528 0.061898 0.148823 -2.695956 1.549578 2.273705
0.082000 0.663570 -0.189442 0.145587 -0.164239 0.063462 0.151104 -2.726486 1.578432 2.287302
0.083000 0.663404 -0.189378 0.145739 -0.166981 0.065055 0.153398 -2.757324 1.607562 2.300540
0.084000 0.663236 -0.189312 0.145894 -0.169754 0.066677 0.155705 -2.788515 1.636974 2.313475
0.085000 0.663065 -0.189245 0.146051 -0.172558 0.068329 0.158025 -2.820081 1.666678 2.326145
0.086000 0.662891 -0.189176 0.146210 -0.175394 0.070010 0.160357 -2.852038 1.696677 2.338577
0.087000 0.662714 -0.189105 0.146371 -0.178262 0.071722 0.162702 -2.884352 1.726960 2.350751
0.088000 0.662534 -0.189032 0.146535 -0.181163 0.073464 0.165059 -2.916963 1.757497 2.362613
0.089000 0.662352 -0.188958 0.146702 -0.184096 0.075237 0.167427 -2.949859 1.788273 2.374139
0.090000 0.662166 -0.188882 0.146870 -0.187063 0.077041 0.169807 -2.983064 1.819282 2.385336
0.091000 0.661978 -0.188804 0.147041 -0.190062 0.078876 0.172198 -3.016564 1.850505 2.396178
0.092000 0.661786 -0.188724 0.147215 -0.193096 0.080742 0.174599 -3.050306 1.881906 2.406611
0.093000 0.661591 -0.188642 0.147390 -0.196163 0.082640 0.177011 -3.084293 1.913463 2.416626
0.094000 0.661394 -0.188559 0.147569 -0.199264 0.084569 0.179433 -3.118573 1.945165 2.426257
0.095000 0.661193 -0.188473 0.147749 -0.202400 0.086530 0.181864 -3.153140 1.976985 2.435493
0.096000 0.660989 -0.188386 0.147932 -0.205571 0.088523 0.184304 -3.187921 2.008891 2.444281
0.097000 0.660782 -0.188296 0.148118 -0.208776 0.090548 0.186752 -3.222855 2.040878 2.452605
0.098000 0.660571 -0.188205 0.148306 -0.212016 0.092605 0.189209 -3.257924 2.072965 2.460498
0.099000 0.660358 -0.188111 0.148496 -0.215292 0.094694 0.191673 -3.293121 2.105171 2.467979
0.100000 0.660141 -0.188015 0.148689 -0.218603 0.096815 0.194145 -3.328467 2.137510 2.475052
0.101000 0.659920 -0.187917 0.148884 -0.221949 0.098969 0.196623 -3.363997 2.169996 2.481709
0.102000 0.659697 -0.187817 0.149082 -0.225331 0.101155 0.199108 -3.399688 2.202618 2.487901
0.103000 0.659470 -0.187715 0.149283 -0.228748 0.103374 0.201599 -3.435475 2.235350 2.493568
0.104000 0.659239 -0.187610 0.149486 -0.232202 0.105626 0.204095 -3.471352 2.268198 2.498727
0.105000 0.659005 -0.187504 0.149691 -0.235691 0.107910 0.206597 -3.507368 2.301197 2.503451
0.106000 0.658768 -0.187395 0.149899 -0.239216 0.110228 0.209102 -3.543509 2.334351 2.507755
0.107000 0.658527 -0.187283 0.150109 -0.242778 0.112579 0.211612 -3.579685 2.367623 2.511580
0.108000 0.658282 -0.187169 0.150322 -0.246376 0.114963 0.214125 -3.615828 2.400990 2.514887
0.109000 0.658034 -0.187053 0.150537 -0.250010 0.117381 0.216642 -3.651904 2.434443 2.517672
0.110000 0.657782 -0.186935 0.150755 -0.253679 0.119832 0.219161 -3.687838 2.467950 2.519889
0.111000 0.657527 -0.186814 0.150976 -0.257385 0.122317 0.221682 -3.723528 2.501469 2.521448
0.112000 0.657268 -0.186690 0.151199 -0.261127 0.124835 0.224204 -3.758938 2.534988 2.522297
0.113000 0.657005 -0.186564 0.151424 -0.264903 0.127387 0.226726 -3.794102 2.568530 2.522437
0.114000 0.656738 -0.186435 0.151652 -0.268715 0.129972 0.229248 -3.829061 2.602127 2.521895
0.115000 0.656467 -0.186304 0.151883 -0.272561 0.132591 0.231770 -3.863866 2.635820 2.520737
0.116000 0.656193 -0.186170 0.152116 -0.276442 0.135244 0.234290 -3.898572 2.669659 2.519057
0.117000 0.655914 -0.186034 0.152351 -0.280358 0.137930 0.236808 -3.933155 2.703646 2.516867
0.118000 0.655632 -0.185894 0.152589 -0.284309 0.140651 0.239324 -3.967517 2.737742 2.514103
0.119000 0.655346 -0.185752 0.152830 -0.288293 0.143406 0.241836 -4.001602 2.771920 2.510724
0.120000 0.655055 -0.185607 0.153073 -0.292312 0.146195 0.244345 -4.035403 2.806179 2.506736
0.121000 0.654761 -0.185460 0.153319 -0.296364 0.149018 0.246850 -4.068857 2.840487 2.502091
0.122000 0.654463 -0.185309 0.153567 -0.300450 0.151876 0.249349 -4.101849 2.874793 2.496692
0.123000 0.654160 -0.185156 0.153817 -0.304568 0.154768 0.251843 -4.134333 2.909085 2.490489
0.124000 0.653853 -0.185000 0.154070 -0.308718 0.157694 0.254330 -4.166319 2.943383 2.483476
0.125000 0.653543 -0.184841 0.154326 -0.312901 0.160655 0.256810 -4.197756 2.977670 2.475601
0.126000 0.653228 -0.184679 0.154584 -0.317114 0.163649 0.259282 -4.228544 3.011894 2.466788
0.127000 0.652908 -0.184513 0.154844 -0.321358 0.166678 0.261744 -4.258674 3.046032 2.457054
0.128000 0.652585 -0.184345 0.155107 -0.325631 0.169741 0.264196 -4.288223 3.080103 2.446497
0.129000 0.652257 -0.184174 0.155373 -0.329934 0.172839 0.266637 -4.317248 3.114133 2.435198
0.130000 0.651925 -0.184000 0.155641 -0.334266 0.175970 0.269066 -4.345772 3.148158 2.423205
0.131000 0.651589 -0.183822 0.155911 -0.338626 0.179135 0.271483 -4.373795 3.182221 2.410544
0.132000 0.651248 -0.183641 0.156184 -0.343013 0.182334 0.273887 -4.401238 3.216312 2.397171
0.133000 0.650903 -0.183457 0.156459 -0.347428 0.185567 0.276277 -4.427972 3.250377 2.382982
0.134000 0.650553 -0.183270 0.156736 -0.351869 0.188835 0.278653 -4.453957 3.284400 2.367927
0.135000 0.650199 -0.183080 0.157016 -0.356336 0.192136 0.281013 -4.479226 3.318402 2.352009
0.136000 0.649840 -0.182886 0.157298 -0.360828 0.195472 0.283357 -4.503736 3.352363 2.335177
0.137000 0.649477 -0.182689 0.157583 -0.365343 0.198841 0.285684 -4.527382 3.386226 2.317362
0.138000 0.649110 -0.182488 0.157870 -0.369882 0.202244 0.287992 -4.550160 3.419987 2.298606
0.139000 0.648737 -0.182284 0.158159 -0.374444 0.205681 0.290281 -4.572174 3.453699 2.279051
0.140000 0.648361 -0.182077 0.158450 -0.379027 0.209152 0.292550 -4.593502 3.487405 2.258815
0.141000 0.647979 -0.181866 0.158744 -0.383631 0.212656 0.294798 -4.614192 3.521124 2.237964
0.142000 0.647593 -0.181651 0.159040 -0.388255 0.216194 0.297026 -4.634269 3.554869 2.216540
0.143000 0.647203 -0.181434 0.159338 -0.392899 0.219766 0.299232 -4.653635 3.588581 2.194483
0.144000 0.646808 -0.181212 0.159638 -0.397562 0.223371 0.301415 -4.672046 3.622125 2.171608
0.145000 0.646408 -0.180987 0.159941 -0.402243 0.227010 0.303575 -4.689266 3.655375 2.147719
0.146000 0.646003 -0.180758 0.160245 -0.406941 0.230682 0.305710 -4.705239 3.688317 2.122726
0.147000 0.645594 -0.180525 0.160552 -0.411654 0.234386 0.307820 -4.720036 3.721010 2.096626
0.148000 0.645180 -0.180289 0.160861 -0.416381 0.238124 0.309903 -4.733744 3.753504 2.069456
0.149000 0.644761 -0.180049 0.161172 -0.421121 0.241893 0.311959 -4.746474 3.785828 2.041329
0.150000 0.644338 -0.179805 0.161485 -0.425874 0.245695 0.313986 -4.758350 3.818001 2.012397
0.151000 0.643909 -0.179558 0.161800 -0.430638 0.249529 0.315984 -4.769365 3.849978 1.982704
0.152000 0.643476 -0.179306 0.162117 -0.435413 0.253395 0.317952 -4.779385 3.881669 1.952190
0.153000 0.643039 -0.179051 0.162436 -0.440197 0.257293 0.319888 -4.788347 3.913045 1.920847
0.154000 0.642596 -0.178792 0.162757 -0.444989 0.261221 0.321793 -4.796292 3.944146 1.888755
0.155000 0.642149 -0.178529 0.163079 -0.449789 0.265181 0.323666 -4.803271 3.975014 1.855986
0.156000 0.641696 -0.178261 0.163404 -0.454596 0.269171 0.325505 -4.809364 4.005703 1.822590
0.157000 0.641239 -0.177990 0.163730 -0.459408 0.273192 0.327311 -4.814663 4.036272 1.788611
0.158000 0.640778 -0.177715 0.164059 -0.464225 0.277244 0.329082 -4.819134 4.066704 1.754008
0.159000 0.640311 -0.177436 0.164389 -0.469046 0.281326 0.330819 -4.822665 4.096924 1.718708
0.160000 0.639839 -0.177152 0.164720 -0.473871 0.285438 0.332520 -4.825284 4.126930 1.682762
0.161000 0.639363 -0.176865 0.165054 -0.478697 0.289580 0.334185 -4.827145 4.156786 1.646323
0.162000 0.638882 -0.176573 0.165389 -0.483525 0.293751 0.335813 -4.828267 4.186483 1.609442
0.163000 0.638396 -0.176277 0.165725 -0.488354 0.297953 0.337403 -4.828518 4.215930 1.572047
0.164000 0.637905 -0.175977 0.166063 -0.493182 0.302183 0.338957 -4.827838 4.245084 1.534116
0.165000 0.637410 -0.175673 0.166403 -0.498009 0.306443 0.340472 -4.826259 4.273960 1.495691
0.166000 0.636909 -0.175364 0.166744 -0.502834 0.310731 0.341948 -4.823708 4.302509 1.456741
0.167000 0.636404 -0.175051 0.167087 -0.507657 0.315048 0.343385 -4.820026 4.330633 1.417145
0.168000 0.635894 -0.174734 0.167431 -0.512475 0.319392 0.344782 -4.815177 4.358325 1.376845
0.169000 0.635379 -0.174413 0.167777 -0.517287 0.323765 0.346139 -4.809276 4.385666 1.335870
0.170000 0.634859 -0.174087 0.168123 -0.522093 0.328164 0.347454 -4.802447 4.412737 1.294291
0.171000 0.634335 -0.173756 0.168472 -0.526892 0.332590 0.348727 -4.794842 4.439613 1.252254
0.172000 0.633806 -0.173422 0.168821 -0.531683 0.337043 0.349959 -4.786625 4.466364 1.209948
0.173000 0.633272 -0.173082 0.169171 -0.536465 0.341523 0.351147 -4.777792 4.492961 1.167434
0.174000 0.632733 -0.172739 0.169523 -0.541238 0.346029 0.352293 -4.768191 4.519288 1.124647
0.175000 0.632189 -0.172390 0.169876 -0.546002 0.350561 0.353397 -4.757762 4.545283 1.081575
0.176000 0.631641 -0.172037 0.170230 -0.550754 0.355119 0.354457 -4.746554 4.570948 1.038282
0.177000 0.631088 -0.171680 0.170585 -0.555495 0.359703 0.355473 -4.734498 4.596214 0.994746
0.178000 0.630530 -0.171318 0.170941 -0.560223 0.364312 0.356446 -4.721421 4.620969 0.950847
0.179000 0.629967 -0.170951 0.171298 -0.564937 0.368945 0.357375 -4.707295 4.645208 0.906512
0.180000 0.629400 -0.170580 0.171656 -0.569637 0.373602 0.358259 -4.692215 4.669015 0.861733
0.181000 0.628828 -0.170204 0.172014 -0.574322 0.378283 0.359098 -4.676150 4.692382 0.816443
0.182000 0.628251 -0.169824 0.172374 -0.578990 0.382987 0.359892 -4.658949 4.715208 0.770546
0.183000 0.627670 -0.169438 0.172734 -0.583640 0.387714 0.360639 -4.640618 4.737476 0.724092
0.184000 0.627084 -0.169048 0.173095 -0.588271 0.392462 0.361340 -4.621337 4.759270 0.677260
0.185000 0.626493 -0.168653 0.173457 -0.592882 0.397232 0.361994 -4.601263 4.780654 0.630203
0.186000 0.625898 -0.168254 0.173819 -0.597474 0.402023 0.362601 -4.580521 4.801656 0.583026
0.187000 0.625298 -0.167849 0.174182 -0.602044 0.406835 0.363160 -4.559212 4.822283 0.535812
0.188000 0.624694 -0.167440 0.174545 -0.606592 0.411668 0.363672 -4.537270 4.842448 0.488531
0.189000 0.624085 -0.167026 0.174909 -0.611118 0.416520 0.364137 -4.514516 4.862028 0.441063
0.190000 0.623472 -0.166607 0.175274 -0.615621 0.421392 0.364554 -4.490924 4.881046 0.393354
0.191000 0.622854 -0.166183 0.175638 -0.620100 0.426282 0.364924 -4.466609 4.899638 0.345423
0.192000 0.622232 -0.165754 0.176004 -0.624554 0.431191 0.365245 -4.441544 4.917823 0.297221
0.193000 0.621605 -0.165321 0.176369 -0.628983 0.436118 0.365518 -4.415572 4.935501 0.248656
0.194000 0.620974 -0.164882 0.176735 -0.633385 0.441062 0.365742 -4.388703 4.952658 0.199775
0.195000 0.620338 -0.164439 0.177100 -0.637760 0.446023 0.365918 -4.361140 4.969400 0.150751
0.196000 0.619698 -0.163990 0.177466 -0.642108 0.451001 0.366044 -4.333064 4.985820 0.101732
0.197000 0.619054 -0.163537 0.177833 -0.646427 0.455995 0.366121 -4.304622 5.001992 0.052821
0.198000 0.618405 -0.163078 0.178199 -0.650717 0.461005 0.366150 -4.275939 5.017973 0.004094
0.199000 0.617752 -0.162615 0.178565 -0.654978 0.466031 0.366129 -4.246954 5.033703 -0.044482
0.200000 0.617095 -0.162146 0.178931 -0.659211 0.471072 0.366061 -4.217459 5.049035 -0.093041
0.201000 0.616434 -0.161672 0.179297 -0.663413 0.476129 0.365943 -4.187385 5.063945 -0.141663
0.202000 0.615769 -0.161194 0.179663 -0.667586 0.481200 0.365777 -4.156802 5.078514 -0.190366
0.203000 0.615099 -0.160710 0.180029 -0.671727 0.486286 0.365563 -4.125639 5.092712 -0.239224
0.204000 0.614425 -0.160221 0.180394 -0.675837 0.491386 0.365299 -4.093713 5.106406 -0.288341
0.205000 0.613747 -0.159727 0.180759 -0.679914 0.496499 0.364986 -4.061039 5.119580 -0.337672
0.206000 0.613065 -0.159228 0.181124 -0.683959 0.501625 0.364623 -4.027806 5.132328 -0.387063
0.207000 0.612379 -0.158724 0.181488 -0.687970 0.506764 0.364212 -3.994026 5.144623 -0.436467
0.208000 0.611689 -0.158215 0.181852 -0.691947 0.511914 0.363751 -3.959508 5.156289 -0.485963
0.209000 0.610995 -0.157700 0.182216 -0.695889 0.517076 0.363240 -3.924184 5.167215 -0.535574
0.210000 0.610298 -0.157181 0.182579 -0.699795 0.522249 0.362679 -3.888167 5.177411 -0.585229
0.211000 0.609596 -0.156656 0.182941 -0.703665 0.527431 0.362069 -3.851581 5.186930 -0.634864
0.212000 0.608890 -0.156126 0.183303 -0.707498 0.532622 0.361410 -3.814580 5.195914 -0.684427
0.213000 0.608181 -0.155590 0.183664 -0.711294 0.537823 0.360701 -3.777329 5.204551 -0.733878
0.214000 0.607468 -0.155050 0.184024 -0.715053 0.543032 0.359942 -3.739792 5.212860 -0.783262
0.215000 0.606751 -0.154504 0.184384 -0.718774 0.548248 0.359134 -3.701786 5.220714 -0.832666
0.216000 0.606030 -0.153954 0.184743 -0.722457 0.553473 0.358277 -3.663314 5.228098 -0.882039
0.217000 0.605306 -0.153397 0.185100 -0.726101 0.558705 0.357370 -3.624558 5.235121 -0.931220
0.218000 0.604578 -0.152836 0.185457 -0.729706 0.563943 0.356414 -3.585516 5.241754 -0.980156
0.219000 0.603846 -0.152270 0.185813 -0.733272 0.569188 0.355410 -3.545989 5.247805 -1.028932
0.220000 0.603111 -0.151698 0.186168 -0.736798 0.574439 0.354356 -3.505920 5.253163 -1.077587
0.221000 0.602373 -0.151121 0.186522 -0.740284 0.579694 0.353254 -3.465408 5.257814 -1.126094
0.222000 0.601631 -0.150538 0.186875 -0.743729 0.584954 0.352104 -3.424387 5.261641 -1.174499
0.223000 0.600885 -0.149951 0.187226 -0.747132 0.590218 0.350905 -3.382623 5.264465 -1.222933
0.224000 0.600137 -0.149358 0.187577 -0.750494 0.595483 0.349658 -3.340041 5.266301 -1.271463
0.225000 0.599384 -0.148760 0.187926 -0.753812 0.600750 0.348362 -3.296775 5.267355 -1.320069
0.226000 0.598629 -0.148156 0.188273 -0.757087 0.606018 0.347018 -3.252978 5.267819 -1.368691
0.227000 0.597870 -0.147548 0.188620 -0.760318 0.611286 0.345625 -3.208848 5.267865 -1.417211
0.228000 0.597108 -0.146934 0.188964 -0.763505 0.616554 0.344184 -3.164602 5.267651 -1.465472
0.229000 0.596343 -0.146315 0.189308 -0.766648 0.621821 0.342694 -3.120230 5.267144 -1.513436
0.230000 0.595575 -0.145690 0.189650 -0.769746 0.627088 0.341157 -3.075515 5.266140 -1.561181
0.231000 0.594804 -0.145060 0.189990 -0.772799 0.632354 0.339572 -3.030394 5.264523 -1.608736
0.232000 0.594029 -0.144425 0.190329 -0.775806 0.637617 0.337939 -2.984963 5.262292 -1.656060
0.233000 0.593252 -0.143785 0.190666 -0.778769 0.642878 0.336260 -2.939151 5.259328 -1.703184
0.234000 0.592472 -0.143140 0.191002 -0.781685 0.648136 0.334533 -2.892720 5.255436 -1.750224
0.235000 0.591689 -0.142489 0.191335 -0.784554 0.653389 0.332759 -2.845614 5.250628 -1.797232
0.236000 0.590903 -0.141833 0.191667 -0.787376 0.658637 0.330939 -2.797955 5.245087 -1.844194
0.237000 0.590114 -0.141172 0.191997 -0.790150 0.663879 0.329071 -2.749689 5.238823 -1.891154
0.238000 0.589322 -0.140505 0.192325 -0.792875 0.669115 0.327156 -2.700608 5.231673 -1.938190
0.239000 0.588528 -0.139833 0.192651 -0.795551 0.674343 0.325194 -2.650724 5.223613 -1.985246
0.240000 0.587731 -0.139157 0.192976 -0.798177 0.679562 0.323186 -2.600293 5.214804 -2.032146
0.241000 0.586932 -0.138474 0.193298 -0.800752 0.684772 0.321130 -2.549543 5.205364 -2.078738
0.242000 0.586130 -0.137787 0.193618 -0.803276 0.689973 0.319028 -2.498654 5.195349 -2.124910
0.243000 0.585325 -0.137094 0.193936 -0.805749 0.695163 0.316880 -2.447777 5.184774 -2.170579
0.244000 0.584518 -0.136397 0.194252 -0.808171 0.700342 0.314687 -2.396837 5.173494 -2.215757
0.245000 0.583709 -0.135694 0.194565 -0.810543 0.705510 0.312449 -2.345588 5.161298 -2.260548
0.246000 0.582897 -0.134986 0.194877 -0.812863 0.710665 0.310166 -2.293973 5.148223 -2.305011
0.247000 0.582083 -0.134272 0.195186 -0.815131 0.715806 0.307839 -2.242120 5.134495 -2.349142
0.248000 0.581267 -0.133554 0.195492 -0.817347 0.720934 0.305468 -2.189974 5.120151 -2.392991
0.249000 0.580449 -0.132831 0.195796 -0.819511 0.726047 0.303053 -2.137309 5.105020 -2.436633
0.250000 0.579628 -0.132102 0.196098 -0.821621 0.731144 0.300594 -2.084114 5.089082 -2.480018
0.251000 0.578805 -0.131368 0.196398 -0.823679 0.736225 0.298093 -2.030620 5.072511 -2.522980
0.252000 0.577981 -0.130629 0.196694 -0.825683 0.741289 0.295548 -1.977041 5.055444 -2.565379
0.253000 0.577154 -0.129886 0.196989 -0.827633 0.746336 0.292962 -1.923557 5.037951 -2.607116
0.254000 0.576325 -0.129137 0.197280 -0.829530 0.751365 0.290334 -1.870330 5.020064 -2.648116
0.255000 0.575495 -0.128383 0.197569 -0.831374 0.756376 0.287666 -1.817287 5.001639 -2.688394
0.256000 0.574663 -0.127624 0.197856 -0.833164 0.761368 0.284957 -1.764168 4.982450 -2.728048
0.257000 0.573829 -0.126860 0.198139 -0.834902 0.766341 0.282210 -1.710898 4.962533 -2.767137
0.258000 0.572993 -0.126091 0.198420 -0.836586 0.771293 0.279423 -1.657581 4.942130 -2.805665
0.259000 0.572155 -0.125318 0.198698 -0.838217 0.776225 0.276598 -1.604142 4.921277 -2.843682
0.260000 0.571316 -0.124539 0.198973 -0.839794 0.781136 0.273736 -1.550347 4.899789 -2.881253
0.261000 0.570476 -0.123755 0.199246 -0.841318 0.786025 0.270836 -1.496189 4.877647 -2.918328
0.262000 0.569634 -0.122967 0.199515 -0.842787 0.790891 0.267899 -1.441867 4.855005 -2.954764
0.263000 0.568790 -0.122174 0.199781 -0.844201 0.795735 0.264926 -1.387375 4.831818 -2.990503
0.264000 0.567945 -0.121375 0.200045 -0.845562 0.800555 0.261918 -1.332481 4.807815 -3.025602
0.265000 0.567099 -0.120572 0.200305 -0.846866 0.805350 0.258875 -1.277126 4.782823 -3.060093
0.266000 0.566252 -0.119765 0.200563 -0.848116 0.810120 0.255798 -1.221487 4.756862 -3.093943
0.267000 0.565403 -0.118952 0.200817 -0.849309 0.814864 0.252687 -1.165736 4.730020 -3.127118
0.268000 0.564553 -0.118135 0.201068 -0.850447 0.819580 0.249544 -1.110046 4.702522 -3.159581
0.269000 0.563702 -0.117313 0.201316 -0.851529 0.824269 0.246368 -1.054587 4.674661 -3.191289
0.270000 0.562850 -0.116486 0.201561 -0.852556 0.828930 0.243161 -0.999296 4.646478 -3.222265
0.271000 0.561997 -0.115655 0.201802 -0.853528 0.833562 0.239924 -0.943934 4.617789 -3.252563
0.272000 0.561143 -0.114819 0.202041 -0.854444 0.838165 0.236656 -0.888481 4.588603 -3.282150
0.273000 0.560288 -0.113979 0.202276 -0.855305 0.842739 0.233359 -0.833125 4.559123 -3.310918
0.274000 0.559432 -0.113134 0.202507 -0.856111 0.847283 0.230034 -0.777847 4.529338 -3.338830
0.275000 0.558576 -0.112284 0.202736 -0.856861 0.851798 0.226682 -0.722402 4.498974 -3.365937
0.276000 0.557719 -0.111430 0.202961 -0.857555 0.856281 0.223302 -0.666723 4.467867 -3.392268
0.277000 0.556861 -0.110572 0.203182 -0.858194 0.860734 0.219897 -0.610924 4.435999 -3.417802
0.278000 0.556002 -0.109709 0.203400 -0.858777 0.865153 0.216467 -0.554931 4.403203 -3.442569
0.279000 0.555143 -0.108841 0.203615 -0.859304 0.869540 0.213012 -0.498480 4.369218 -3.466648
0.280000 0.554284 -0.107970 0.203826 -0.859774 0.873892 0.209533 -0.441493 4.334082 -3.490083
0.281000 0.553424 -0.107094 0.204034 -0.860187 0.878208 0.206032 -0.384138 4.298119 -3.512860
0.282000 0.552563 -0.106213 0.204239 -0.860542 0.882488 0.202508 -0.326606 4.261633 -3.534938
0.283000 0.551702 -0.105329 0.204439 -0.860840 0.886731 0.198962 -0.269136 4.224893 -3.556225
0.284000 0.550841 -0.104440 0.204636 -0.861081 0.890938 0.195395 -0.211990 4.188147 -3.576599
0.285000 0.549980 -0.103547 0.204830 -0.861264 0.895108 0.191809 -0.155166 4.151359 -3.596015
0.286000 0.549119 -0.102650 0.205020 -0.861391 0.899241 0.188203 -0.098429 4.114222 -3.614506
0.287000 0.548257 -0.101748 0.205206 -0.861461 0.903336 0.184580 -0.041704 4.076524 -3.632090
0.288000 0.547396 -0.100843 0.205389 -0.861474 0.907394 0.180939 0.014896 4.038203 -3.648746
0.289000 0.546535 -0.099934 0.205568 -0.861431 0.911412 0.177282 0.071447 3.999049 -3.664489
0.290000 0.545673 -0.099020 0.205744 -0.861332 0.915392 0.173610 0.128208 3.958775 -3.679383
0.291000 0.544812 -0.098103 0.205916 -0.861175 0.919330 0.169923 0.185232 3.917426 -3.693460
0.292000 0.543951 -0.097181 0.206084 -0.860961 0.923227 0.166223 0.242371 3.875298 -3.706717
0.293000 0.543090 -0.096256 0.206248 -0.860690 0.927081 0.162510 0.299674 3.832442 -3.719180
0.294000 0.542229 -0.095327 0.206409 -0.860362 0.930891 0.158785 0.357379 3.788661 -3.730884
0.295000 0.541369 -0.094394 0.206566 -0.859975 0.934658 0.155048 0.415510 3.743976 -3.741801
0.296000 0.540509 -0.093458 0.206719 -0.859531 0.938379 0.151301 0.473836 3.698678 -3.751838
0.297000 0.539650 -0.092518 0.206868 -0.859028 0.942055 0.147545 0.532134 3.652986 -3.760926
0.298000 0.538791 -0.091574 0.207014 -0.858466 0.945685 0.143779 0.590196 3.606994 -3.769036
0.299000 0.537933 -0.090626 0.207156 -0.857847 0.949269 0.140006 0.647823 3.560723 -3.776164
0.300000 0.537076 -0.089675 0.207294 -0.857171 0.952807 0.136227 0.705063 3.513976 -3.782340
0.301000 0.536219 -0.088721 0.207428 -0.856437 0.956297 0.132442 0.762171 3.466468 -3.787628
0.302000 0.535363 -0.087763 0.207559 -0.855646 0.959740 0.128652 0.819219 3.418256 -3.792075
0.303000 0.534508 -0.086801 0.207686 -0.854799 0.963134 0.124858 0.876090 3.369666 -3.795707
0.304000 0.533653 -0.085836 0.207808 -0.853894 0.966479 0.121060 0.932851 3.320760 -3.798560
0.305000 0.532800 -0.084868 0.207928 -0.852933 0.969775 0.117261 0.989745 3.271324 -3.800662
0.306000 0.531947 -0.083897 0.208043 -0.851915 0.973022 0.113459 1.046790 3.221342 -3.801971
0.307000 0.531096 -0.082922 0.208155 -0.850839 0.976218 0.109657 1.103748 3.171071 -3.802393
0.308000 0.530246 -0.081944 0.208262 -0.849707 0.979364 0.105854 1.160387 3.120702 -3.801863
0.309000 0.529397 -0.080964 0.208366 -0.848519 0.982459 0.102053 1.216492 3.070318 -3.800372
0.310000 0.528549 -0.079980 0.208466 -0.847274 0.985505 0.098253 1.271853 3.019938 -3.797946
0.311000 0.527702 -0.078993 0.208563 -0.845975 0.988499 0.094457 1.326508 2.969357 -3.794625
0.312000 0.526857 -0.078003 0.208655 -0.844621 0.991443 0.090664 1.380703 2.918276 -3.790451
0.313000 0.526013 -0.077010 0.208744 -0.843214 0.994336 0.086876 1.434497 2.866744 -3.785437
0.314000 0.525170 -0.076014 0.208829 -0.841752 0.997177 0.083093 1.487761 2.815085 -3.779565
0.315000 0.524329 -0.075015 0.208910 -0.840238 0.999966 0.079317 1.540554 2.763360 -3.772837
0.316000 0.523490 -0.074014 0.208988 -0.838671 1.002703 0.075548 1.593113 2.711350 -3.765271
0.317000 0.522652 -0.073010 0.209061 -0.837052 1.005389 0.071786 1.645469 2.659061 -3.756861
0.318000 0.521816 -0.072003 0.209131 -0.835380 1.008022 0.068034 1.697454 2.606739 -3.747577
0.319000 0.520981 -0.070994 0.209197 -0.833657 1.010602 0.064291 1.749094 2.554370 -3.737409
0.320000 0.520148 -0.069982 0.209260 -0.831882 1.013130 0.060559 1.800610 2.501633 -3.726380
0.321000 0.519317 -0.068968 0.209319 -0.830056 1.015605 0.056838 1.852025 2.448342 -3.714520
0.322000 0.518488 -0.067951 0.209374 -0.828178 1.018027 0.053130 1.903117 2.394562 -3.701850
0.323000 0.517661 -0.066932 0.209425 -0.826249 1.020395 0.049435 1.953680 2.340438 -3.688390
0.324000 0.516836 -0.065910 0.209472 -0.824271 1.022708 0.045753 2.003536 2.286267 -3.674153
0.325000 0.516013 -0.064886 0.209516 -0.822242 1.024967 0.042086 2.052521 2.232429 -3.659149
0.326000 0.515191 -0.063860 0.209557 -0.820166 1.027173 0.038435 2.100702 2.178983 -3.643395
0.327000 0.514372 -0.062832 0.209593 -0.818041 1.029325 0.034800 2.148318 2.125704 -3.626910
0.328000 0.513555 -0.061801 0.209626 -0.815869 1.031424 0.031181 2.195408 2.072600 -3.609702
0.329000 0.512740 -0.060769 0.209656 -0.813650 1.033470 0.027580 2.241817 2.019924 -3.591768
0.330000 0.511928 -0.059734 0.209681 -0.811385 1.035464 0.023998 2.287576 1.967663 -3.573113
0.331000 0.511118 -0.058698 0.209704 -0.809075 1.037406 0.020434 2.332907 1.915482 -3.553751
0.332000 0.510310 -0.057660 0.209722 -0.806720 1.039295 0.016890 2.377837 1.863173 -3.533701
0.333000 0.509504 -0.056619 0.209737 -0.804319 1.041132 0.013367 2.422203 1.810710 -3.512983
0.334000 0.508701 -0.055577 0.209749 -0.801875 1.042916 0.009864 2.466028 1.757887 -3.491611
0.335000 0.507900 -0.054534 0.209757 -0.799387 1.044648 0.006383 2.509535 1.704392 -3.469596
0.336000 0.507102 -0.053488 0.209762 -0.796856 1.046325 0.002925 2.552768 1.650277 -3.446946
0.337000 0.506307 -0.052441 0.209763 -0.794282 1.047948 -0.000510 2.595543 1.595945 -3.423667
0.338000 0.505514 -0.051392 0.209761 -0.791665 1.049517 -0.003922 2.637682 1.541773 -3.399771
0.339000 0.504723 -0.050342 0.209755 -0.789006 1.051032 -0.007310 2.679020 1.488091 -3.375282
0.340000 0.503936 -0.049290 0.209746 -0.786307 1.052493 -0.010673 2.719396 1.435200 -3.350227
0.341000 0.503151 -0.048237 0.209734 -0.783568 1.053902 -0.014010 2.758868 1.383071 -3.324626
0.342000 0.502369 -0.047182 0.209718 -0.780789 1.055259 -0.017322 2.797650 1.331359 -3.298486
0.343000 0.501589 -0.046126 0.209699 -0.777972 1.056565 -0.020607 2.835746 1.279865 -3.271820
0.344000 0.500813 -0.045069 0.209677 -0.775118 1.057819 -0.023866 2.872964 1.228580 -3.244643
0.345000 0.500039 -0.044011 0.209651 -0.772226 1.059022 -0.027097 2.909304 1.177307 -3.216960
0.346000 0.499268 -0.042951 0.209623 -0.769299 1.060174 -0.030300 2.944980 1.125727 -3.188767
0.347000 0.498500 -0.041890 0.209591 -0.766336 1.061274 -0.033474 2.980058 1.073879 -3.160064
0.348000 0.497736 -0.040829 0.209556 -0.763339 1.062321 -0.036620 3.014436 1.022089 -3.130852
0.349000 0.496974 -0.039766 0.209518 -0.760308 1.063318 -0.039736 3.048179 0.970407 -3.101129
0.350000 0.496215 -0.038702 0.209476 -0.757243 1.064262 -0.042822 3.081521 0.918593 -3.070899
0.351000 0.495459 -0.037637 0.209432 -0.754144 1.065155 -0.045878 3.114520 0.866646 -3.040199
0.352000 0.494707 -0.036572 0.209384 -0.751014 1.065996 -0.048902 3.147018 0.814873 -3.009091
0.353000 0.493957 -0.035505 0.209334 -0.747850 1.066785 -0.051896 3.178835 0.763521 -2.977627
0.354000 0.493211 -0.034438 0.209281 -0.744656 1.067523 -0.054858 3.209758 0.712729 -2.945839
0.355000 0.492468 -0.033370 0.209224 -0.741431 1.068210 -0.057788 3.239555 0.662575 -2.913747
0.356000 0.491728 -0.032302 0.209165 -0.738177 1.068848 -0.060685 3.268220 0.612877 -2.881350
0.357000 0.490992 -0.031232 0.209103 -0.734894 1.069436 -0.063550 3.295954 0.563316 -2.848621
0.358000 0.490258 -0.030163 0.209038 -0.731585 1.069974 -0.066382 3.322817 0.513925 -2.815527
0.359000 0.489528 -0.029093 0.208970 -0.728249 1.070464 -0.069181 3.348707 0.465020 -2.782040
0.360000 0.488802 -0.028022 0.208900 -0.724887 1.070904 -0.071947 3.373684 0.416643 -2.748128
0.361000 0.488079 -0.026951 0.208826 -0.721501 1.071297 -0.074678 3.397966 0.368546 -2.713783
0.362000 0.487359 -0.025879 0.208750 -0.718092 1.071642 -0.077374 3.421604 0.320722 -2.679063
0.363000 0.486642 -0.024807 0.208672 -0.714658 1.071938 -0.080036 3.444485 0.273418 -2.644063
0.364000 0.485929 -0.023735 0.208590 -0.711203 1.072188 -0.082662 3.466652 0.226611 -2.608842
0.365000 0.485220 -0.022663 0.208506 -0.707725 1.072392 -0.085253 3.488300 0.179961 -2.573412
0.366000 0.484514 -0.021591 0.208420 -0.704226 1.072548 -0.087809 3.509443 0.133278 -2.537801
0.367000 0.483812 -0.020518 0.208331 -0.700706 1.072658 -0.090329 3.529880 0.086637 -2.502063
0.368000 0.483113 -0.019445 0.208239 -0.697166 1.072722 -0.092813 3.549423 0.040192 -2.466223
0.369000 0.482417 -0.018373 0.208145 -0.693607 1.072739 -0.095261 3.567913 -0.005766 -2.430258
0.370000 0.481725 -0.017300 0.208049 -0.690030 1.072710 -0.097674 3.585203 -0.050871 -2.394117
0.371000 0.481037 -0.016227 0.207950 -0.686437 1.072637 -0.100050 3.601345 -0.095083 -2.357743
0.372000 0.480353 -0.015155 0.207848 -0.682828 1.072520 -0.102389 3.616561 -0.138653 -2.321123
0.373000 0.479672 -0.014082 0.207745 -0.679204 1.072360 -0.104692 3.630944 -0.181588 -2.284337
0.374000 0.478994 -0.013010 0.207639 -0.675566 1.072157 -0.106958 3.644444 -0.223643 -2.247523
0.375000 0.478320 -0.011938 0.207531 -0.671915 1.071912 -0.109187 3.657144 -0.264840 -2.210762
0.376000 0.477650 -0.010866 0.207421 -0.668252 1.071627 -0.111379 3.669243 -0.305521 -2.174062
0.377000 0.476984 -0.009795 0.207308 -0.664576 1.071301 -0.113535 3.680745 -0.345875 -2.137429
0.378000 0.476321 -0.008723 0.207194 -0.660890 1.070935 -0.115654 3.691485 -0.385892 -2.100889
0.379000 0.475662 -0.007653 0.207077 -0.657193 1.070529 -0.117737 3.701459 -0.425760 -2.064436
0.380000 0.475007 -0.006582 0.206958 -0.653487 1.070084 -0.119783 3.710839 -0.465808 -2.028018
0.381000 0.474355 -0.005512 0.206837 -0.649772 1.069598 -0.121793 3.719663 -0.506033 -1.991577
0.382000 0.473707 -0.004443 0.206715 -0.646048 1.069072 -0.123766 3.727786 -0.546089 -1.955075
0.383000 0.473063 -0.003374 0.206590 -0.642316 1.068506 -0.125703 3.735085 -0.585658 -1.918515
0.384000 0.472423 -0.002306 0.206463 -0.638578 1.067900 -0.127603 3.741477 -0.624466 -1.881974
0.385000 0.471786 -0.001239 0.206335 -0.634833 1.067257 -0.129467 3.746905 -0.662263 -1.845569
0.386000 0.471153 -0.000172 0.206204 -0.631084 1.066576 -0.131294 3.751464 -0.699118 -1.809362
0.387000 0.470524 0.000895 0.206072 -0.627330 1.065858 -0.133086 3.755344 -0.735377 -1.773349
0.388000 0.469898 0.001960 0.205938 -0.623573 1.065105 -0.134841 3.758539 -0.771203 -1.737541
0.389000 0.469277 0.003025 0.205802 -0.619813 1.064316 -0.136561 3.760877 -0.806544 -1.701977
0.390000 0.468659 0.004089 0.205665 -0.616051 1.063492 -0.138245 3.762343 -0.841558 -1.666657
0.391000 0.468044 0.005152 0.205526 -0.612288 1.062633 -0.139894 3.763101 -0.876557 -1.631530
0.392000 0.467434 0.006214 0.205385 -0.608525 1.061739 -0.141508 3.763201 -0.911527 -1.596545
0.393000 0.466827 0.007275 0.205243 -0.604762 1.060810 -0.143087 3.762528 -0.946118 -1.561681
0.394000 0.466225 0.008336 0.205099 -0.601000 1.059847 -0.144632 3.760990 -0.980001 -1.526968
0.395000 0.465625 0.009395 0.204954 -0.597240 1.058850 -0.146141 3.758538 -1.012896 -1.492526
0.396000 0.465030 0.010453 0.204807 -0.593483 1.057821 -0.147617 3.755143 -1.044544 -1.458524
0.397000 0.464438 0.011511 0.204658 -0.589730 1.056761 -0.149058 3.750917 -1.075002 -1.425058
0.398000 0.463851 0.012567 0.204509 -0.585981 1.055671 -0.150467 3.746049 -1.104598 -1.392126
0.399000 0.463266 0.013622 0.204357 -0.582238 1.054552 -0.151842 3.740548 -1.133457 -1.359723
0.400000 0.462686 0.014676 0.204205 -0.578500 1.053404 -0.153186 3.734268 -1.161487 -1.327874
0.401000 0.462109 0.015729 0.204051 -0.574769 1.052229 -0.154498 3.727210 -1.188811 -1.296562
0.402000 0.461537 0.016780 0.203896 -0.571046 1.051026 -0.155779 3.719538 -1.215740 -1.265718
0.403000 0.460967 0.017831 0.203739 -0.567330 1.049797 -0.157030 3.711315 -1.242300 -1.235277
0.404000 0.460402 0.018880 0.203582 -0.563623 1.048542 -0.158250 3.702485 -1.268257 -1.205188
0.405000 0.459840 0.019928 0.203423 -0.559925 1.047261 -0.159440 3.693112 -1.293630 -1.175389
0.406000 0.459282 0.020975 0.203263 -0.556237 1.045954 -0.160601 3.683397 -1.318707 -1.145848
0.407000 0.458728 0.022020 0.203102 -0.552558 1.044623 -0.161732 3.673445 -1.343552 -1.116644
0.408000 0.458177 0.023064 0.202939 -0.548890 1.043267 -0.162834 3.663219 -1.367939 -1.087935
0.409000 0.457630 0.024106 0.202776 -0.545232 1.041887 -0.163908 3.652644 -1.391668 -1.059841
0.410000 0.457086 0.025148 0.202612 -0.541585 1.040484 -0.164954 3.641580 -1.414581 -1.032424
0.411000 0.456547 0.026187 0.202446 -0.537949 1.039058 -0.165972 3.629848 -1.436547 -1.005709
0.412000 0.456011 0.027226 0.202280 -0.534325 1.037611 -0.166965 3.617436 -1.457700 -0.979667
0.413000 0.455478 0.028263 0.202112 -0.530714 1.036143 -0.167932 3.604490 -1.478361 -0.954217
0.414000 0.454949 0.029298 0.201944 -0.527116 1.034654 -0.168873 3.591060 -1.498566 -0.929282
0.415000 0.454424 0.030332 0.201774 -0.523532 1.033146 -0.169790 3.577085 -1.518102 -0.904798
0.416000 0.453902 0.031364 0.201604 -0.519962 1.031618 -0.170683 3.562618 -1.536997 -0.880694
0.417000 0.453384 0.032395 0.201433 -0.516407 1.030072 -0.171552 3.547840 -1.555536 -0.856924
0.418000 0.452869 0.033424 0.201261 -0.512866 1.028507 -0.172397 3.532846 -1.573768 -0.833558
0.419000 0.452358 0.034452 0.201088 -0.509341 1.026924 -0.173219 3.517626 -1.591506 -0.810733
0.420000 0.451851 0.035478 0.200915 -0.505831 1.025324 -0.174018 3.502266 -1.608805 -0.788520
0.421000 0.451347 0.036503 0.200740 -0.502336 1.023707 -0.174796 3.486924 -1.625970 -0.766904
0.422000 0.450846 0.037526 0.200565 -0.498857 1.022072 -0.175552 3.471607 -1.643099 -0.745881
0.423000 0.450349 0.038547 0.200389 -0.495393 1.020420 -0.176288 3.456163 -1.660010 -0.725492
0.424000 0.449855 0.039566 0.200213 -0.491945 1.018752 -0.177003 3.440455 -1.676508 -0.705748
0.425000 0.449365 0.040584 0.200035 -0.488512 1.017067 -0.177699 3.424372 -1.692386 -0.686614
0.426000 0.448878 0.041601 0.199857 -0.485096 1.015367 -0.178376 3.407819 -1.707422 -0.668030
0.427000 0.448395 0.042615 0.199678 -0.481697 1.013652 -0.179035 3.390838 -1.721683 -0.649915
0.428000 0.447915 0.043628 0.199499 -0.478314 1.011924 -0.179676 3.373606 -1.735464 -0.632216
0.429000 0.447438 0.044639 0.199319 -0.474949 1.010182 -0.180300 3.356232 -1.748827 -0.614994
0.430000 0.446965 0.045648 0.199138 -0.471602 1.008426 -0.180906 3.338738 -1.761601 -0.598378
0.431000 0.446495 0.046656 0.198957 -0.468272 1.006658 -0.181496 3.321225 -1.773850 -0.582430
0.432000 0.446028 0.047662 0.198775 -0.464959 1.004878 -0.182071 3.303846 -1.785882 -0.567117
0.433000 0.445565 0.048666 0.198593 -0.461664 1.003087 -0.182631 3.286599 -1.797802 -0.552404
0.434000 0.445105 0.049668 0.198410 -0.458386 1.001283 -0.183176 3.269333 -1.809447 -0.538291
0.435000 0.444648 0.050668 0.198227 -0.455125 0.999468 -0.183707 3.251911 -1.820640 -0.524766
0.436000 0.444195 0.051667 0.198043 -0.451882 0.997642 -0.184225 3.234220 -1.831188 -0.511805
0.437000 0.443744 0.052663 0.197858 -0.448657 0.995805 -0.184731 3.216165 -1.840889 -0.499373
0.438000 0.443297 0.053658 0.197673 -0.445450 0.993960 -0.185224 3.197781 -1.849818 -0.487406
0.439000 0.442854 0.054651 0.197488 -0.442261 0.992106 -0.185706 3.179228 -1.858281 -0.475845
0.440000 0.442413 0.055643 0.197302 -0.439092 0.990243 -0.186176 3.160607 -1.866375 -0.464722
0.441000 0.441975 0.056632 0.197116 -0.435940 0.988373 -0.186635 3.141941 -1.873977 -0.454126
0.442000 0.441541 0.057619 0.196929 -0.432808 0.986495 -0.187084 3.123323 -1.881182 -0.444089
0.443000 0.441110 0.058605 0.196741 -0.429694 0.984611 -0.187523 3.104890 -1.888300 -0.434561
0.444000 0.440682 0.059589 0.196554 -0.426598 0.982719 -0.187953 3.086634 -1.895419 -0.425501
0.445000 0.440257 0.060570 0.196365 -0.423520 0.980820 -0.188374 3.068429 -1.902412 -0.416895
0.446000 0.439835 0.061550 0.196177 -0.420461 0.978914 -0.188787 3.050257 -1.909362 -0.408694
0.447000 0.439416 0.062528 0.195988 -0.417420 0.977001 -0.189192 3.032224 -1.916563 -0.400807
0.448000 0.439000 0.063504 0.195798 -0.414397 0.975081 -0.189589 3.014353 -1.924071 -0.393160
0.449000 0.438587 0.064478 0.195609 -0.411391 0.973153 -0.189978 2.996555 -1.931661 -0.385717
0.450000 0.438177 0.065450 0.195419 -0.408403 0.971217 -0.190360 2.978764 -1.939115 -0.378477
0.451000 0.437770 0.066421 0.195228 -0.405434 0.969275 -0.190735 2.960956 -1.946229 -0.371499
0.452000 0.437366 0.067389 0.195037 -0.402482 0.967325 -0.191103 2.943128 -1.952803 -0.364877
0.453000 0.436965 0.068355 0.194846 -0.399547 0.965369 -0.191465 2.925368 -1.958911 -0.358638
0.454000 0.436567 0.069320 0.194654 -0.396631 0.963407 -0.191820 2.907791 -1.964842 -0.352739
0.455000 0.436172 0.070282 0.194462 -0.393732 0.961439 -0.192170 2.890359 -1.970666 -0.347160
0.456000 0.435780 0.071243 0.194270 -0.390850 0.959466 -0.192515 2.872912 -1.976233 -0.341917
0.457000 0.435390 0.072201 0.194077 -0.387986 0.957487 -0.192854 2.855406 -1.981610 -0.336982
0.458000 0.435004 0.073158 0.193884 -0.385139 0.955503 -0.193189 2.837934 -1.987090 -0.332259
0.459000 0.434620 0.074112 0.193691 -0.382310 0.953513 -0.193519 2.820539 -1.992758 -0.327645
0.460000 0.434239 0.075065 0.193497 -0.379498 0.951517 -0.193844 2.803171 -1.998441 -0.323069
0.461000 0.433861 0.076015 0.193303 -0.376704 0.949516 -0.194165 2.785793 -2.003971 -0.318499
0.462000 0.433486 0.076964 0.193109 -0.373927 0.947509 -0.194481 2.768396 -2.009193 -0.313982
0.463000 0.433113 0.077910 0.192914 -0.371167 0.945497 -0.194793 2.750985 -2.013959 -0.309604
0.464000 0.432743 0.078855 0.192719 -0.368425 0.943481 -0.195100 2.733645 -2.018374 -0.305391
0.465000 0.432376 0.079797 0.192524 -0.365700 0.941461 -0.195403 2.716491 -2.022736 -0.301295
0.466000 0.432012 0.080738 0.192328 -0.362992 0.939436 -0.195703 2.699507 -2.027123 -0.297293
0.467000 0.431650 0.081676 0.192132 -0.360301 0.937406 -0.195998 2.682573 -2.031396 -0.293397
0.468000 0.431291 0.082612 0.191936 -0.357627 0.935373 -0.196289 2.665663 -2.035630 -0.289577
0.469000 0.430935 0.083547 0.191740 -0.354969 0.933335 -0.196577 2.648861 -2.040114 -0.285745
0.470000 0.430581 0.084479 0.191543 -0.352329 0.931293 -0.196861 2.632187 -2.044942 -0.281819
0.471000 0.430230 0.085409 0.191346 -0.349705 0.929245 -0.197141 2.615575 -2.050002 -0.277745
0.472000 0.429882 0.086338 0.191149 -0.347098 0.927193 -0.197416 2.599046 -2.055383 -0.273446
0.473000 0.429536 0.087264 0.190951 -0.344507 0.925134 -0.197688 2.582715 -2.061369 -0.268853
0.474000 0.429193 0.088188 0.190754 -0.341932 0.923070 -0.197954 2.566644 -2.068019 -0.263982
0.475000 0.428852 0.089110 0.190555 -0.339374 0.920998 -0.198216 2.550804 -2.075129 -0.258925
0.476000 0.428514 0.090030 0.190357 -0.336831 0.918920 -0.198472 2.535139 -2.082490 -0.253752
0.477000 0.428179 0.090948 0.190158 -0.334303 0.916833 -0.198723 2.519546 -2.089892 -0.248505
0.478000 0.427845 0.091863 0.189960 -0.331792 0.914740 -0.198969 2.503894 -2.097124 -0.243209
0.479000 0.427515 0.092777 0.189761 -0.329295 0.912639 -0.199210 2.488156 -2.104240 -0.237829
0.480000 0.427187 0.093689 0.189561 -0.326815 0.910531 -0.199445 2.472409 -2.111529 -0.232273
0.481000 0.426861 0.094598 0.189362 -0.324351 0.908416 -0.199674 2.456672 -2.119112 -0.226460
0.482000 0.426538 0.095506 0.189162 -0.321902 0.906293 -0.199898 2.440888 -2.126924 -0.220330
0.483000 0.426217 0.096411 0.188962 -0.319469 0.904162 -0.200115 2.425078 -2.135086 -0.213805
0.484000 0.425899 0.097314 0.188762 -0.317052 0.902023 -0.200325 2.409360 -2.143899 -0.206825
0.485000 0.425583 0.098215 0.188561 -0.314650 0.899875 -0.200528 2.393823 -2.153456 -0.199429
0.486000 0.425270 0.099114 0.188361 -0.312264 0.897716 -0.200724 2.378502 -2.163649 -0.191729
0.487000 0.424959 0.100010 0.188160 -0.309893 0.895547 -0.200912 2.363478 -2.174564 -0.183769
0.488000 0.424650 0.100905 0.187959 -0.307537 0.893367 -0.201092 2.348850 -2.186473 -0.175506
0.489000 0.424344 0.101797 0.187758 -0.305195 0.891174 -0.201263 2.334600 -2.199433 -0.166913
0.490000 0.424040 0.102687 0.187556 -0.302868 0.888968 -0.201425 2.320601 -2.213247 -0.158004
0.491000 0.423738 0.103575 0.187355 -0.300554 0.886748 -0.201579 2.306742 -2.227731 -0.148776
0.492000 0.423439 0.104461 0.187153 -0.298254 0.884513 -0.201723 2.292938 -2.242730 -0.139198
0.493000 0.423142 0.105344 0.186951 -0.295968 0.882262 -0.201857 2.279122 -2.258106 -0.129218
0.494000 0.422847 0.106225 0.186749 -0.293696 0.879996 -0.201981 2.265315 -2.273958 -0.118755
0.495000 0.422554 0.107104 0.186547 -0.291438 0.877714 -0.202095 2.251620 -2.290573 -0.107734
0.496000 0.422264 0.107981 0.186345 -0.289193 0.875415 -0.202197 2.238101 -2.308047 -0.096170
0.497000 0.421976 0.108855 0.186143 -0.286962 0.873098 -0.202287 2.224771 -2.326282 -0.084137
0.498000 0.421690 0.109727 0.185941 -0.284743 0.870763 -0.202365 2.211685 -2.345365 -0.071653
0.499000 0.421406 0.110596 0.185738 -0.282538 0.868408 -0.202430 2.198931 -2.365554 -0.058663
0.500000 0.421125 0.111464 0.185536 -0.280346 0.866032 -0.202482 2.186489 -2.386885 -0.045137
0.501000 0.420846 0.112328 0.185333 -0.278165 0.863634 -0.202521 2.174260 -2.409182 -0.031081
0.502000 0.420569 0.113191 0.185131 -0.275997 0.861213 -0.202545 2.162220 -2.432478 -0.016459
0.503000 0.420294 0.114051 0.184928 -0.273841 0.858769 -0.202554 2.150436 -2.457032 -0.001187
0.504000 0.420021 0.114908 0.184726 -0.271696 0.856299 -0.202547 2.138927 -2.482942 0.014796
0.505000 0.419750 0.115763 0.184523 -0.269563 0.853803 -0.202524 2.127642 -2.510080 0.031501
0.506000 0.419482 0.116616 0.184321 -0.267441 0.851279 -0.202484 2.116544 -2.538316 0.048907
0.507000 0.419215 0.117466 0.184118 -0.265330 0.848726 -0.202426 2.105623 -2.567517 0.066930
0.508000 0.418951 0.118313 0.183916 -0.263230 0.846144 -0.202350 2.094887 -2.597547 0.085454
0.509000 0.418689 0.119158 0.183713 -0.261140 0.843531 -0.202255 2.084397 -2.628494 0.104433
0.510000 0.418429 0.120000 0.183511 -0.259061 0.840887 -0.202141 2.074234 -2.660611 0.123903
0.511000 0.418171 0.120840 0.183309 -0.256992 0.838210 -0.202008 2.064387 -2.693934 0.143866
0.512000 0.417915 0.121677 0.183107 -0.254932 0.835499 -0.201854 2.054766 -2.728293 0.164281
0.513000 0.417661 0.122511 0.182905 -0.252882 0.832753 -0.201679 2.045352 -2.763723 0.185158
0.514000 0.417409 0.123342 0.182704 -0.250841 0.829972 -0.201483 2.036210 -2.800473 0.206572
0.515000 0.417159 0.124171 0.182502 -0.248810 0.827152 -0.201266 2.027363 -2.838643 0.228580
0.516000 0.416911 0.124997 0.182301 -0.246787 0.824294 -0.201026 2.018773 -2.878111 0.251194
0.517000 0.416666 0.125820 0.182100 -0.244772 0.821396 -0.200763 2.010417 -2.918742 0.274402
0.518000 0.416422 0.126640 0.181900 -0.242766 0.818457 -0.200477 2.002299 -2.960385 0.298143
0.519000 0.416180 0.127456 0.181699 -0.240767 0.815476 -0.200167 1.994439 -3.002877 0.322334
0.520000 0.415940 0.128270 0.181499 -0.238777 0.812451 -0.199833 1.986905 -3.046279 0.346953
0.521000 0.415703 0.129081 0.181300 -0.236794 0.809383 -0.199473 1.979776 -3.090822 0.372043
0.522000 0.415467 0.129889 0.181100 -0.234817 0.806270 -0.199089 1.973047 -3.136537 0.397606
0.523000 0.415233 0.130694 0.180902 -0.232848 0.803110 -0.198678 1.966639 -3.183259 0.423598
0.524000 0.415001 0.131495 0.180703 -0.230884 0.799903 -0.198241 1.960539 -3.231016 0.450025
0.525000 0.414771 0.132294 0.180505 -0.228927 0.796648 -0.197778 1.954799 -3.280037 0.476947
0.526000 0.414543 0.133089 0.180308 -0.226974 0.793343 -0.197287 1.949424 -3.330389 0.504393
0.527000 0.414317 0.133880 0.180111 -0.225028 0.789987 -0.196769 1.944354 -3.381920 0.532337
0.528000 0.414093 0.134669 0.179914 -0.223086 0.786579 -0.196223 1.939544 -3.434473 0.560737
0.529000 0.413871 0.135454 0.179718 -0.221149 0.783118 -0.195648 1.934977 -3.487889 0.589519
0.530000 0.413651 0.136235 0.179523 -0.219216 0.779603 -0.195044 1.930653 -3.542003 0.618592
0.531000 0.413433 0.137013 0.179328 -0.217287 0.776034 -0.194411 1.926618 -3.596868 0.647929
0.532000 0.413216 0.137787 0.179134 -0.215363 0.772410 -0.193748 1.922931 -3.652690 0.677555
0.533000 0.413002 0.138558 0.178940 -0.213441 0.768729 -0.193055 1.919564 -3.709466 0.707444
0.534000 0.412789 0.139324 0.178748 -0.211523 0.764991 -0.192333 1.916407 -3.766954 0.737502
0.535000 0.412579 0.140088 0.178556 -0.209609 0.761195 -0.191580 1.913366 -3.824942 0.767663
0.536000 0.412370 0.140847 0.178365 -0.207697 0.757341 -0.190798 1.910377 -3.883276 0.797904
0.537000 0.412163 0.141602 0.178174 -0.205788 0.753428 -0.189985 1.907382 -3.941793 0.828213
0.538000 0.411959 0.142354 0.177985 -0.203882 0.749457 -0.189141 1.904352 -4.000372 0.858557
0.539000 0.411756 0.143101 0.177796 -0.201979 0.745428 -0.188267 1.901288 -4.058888 0.888840
0.540000 0.411555 0.143845 0.177608 -0.200079 0.741339 -0.187364 1.898207 -4.117214 0.918930
0.541000 0.411355 0.144584 0.177421 -0.198183 0.737193 -0.186430 1.895164 -4.175415 0.948770
0.542000 0.411158 0.145319 0.177235 -0.196289 0.732989 -0.185466 1.892232 -4.233680 0.978378
0.543000 0.410963 0.146050 0.177050 -0.194398 0.728726 -0.184473 1.889415 -4.291973 1.007742
0.544000 0.410769 0.146776 0.176866 -0.192510 0.724405 -0.183451 1.886667 -4.350052 1.036805
0.545000 0.410578 0.147499 0.176683 -0.190625 0.720026 -0.182399 1.883986 -4.407874 1.065557
0.546000 0.410388 0.148216 0.176502 -0.188742 0.715589 -0.181319 1.881415 -4.465634 1.094043
0.547000 0.410200 0.148930 0.176321 -0.186862 0.711094 -0.180211 1.878949 -4.523422 1.122276
0.548000 0.410014 0.149639 0.176141 -0.184984 0.706542 -0.179075 1.876532 -4.581185 1.150229
0.549000 0.409830 0.150343 0.175963 -0.183109 0.701932 -0.177911 1.874160 -4.639013 1.177910
0.550000 0.409648 0.151043 0.175785 -0.181236 0.697264 -0.176719 1.871888 -4.697122 1.205362
0.551000 0.409468 0.151737 0.175609 -0.179365 0.692538 -0.175500 1.869754 -4.755545 1.232569
0.552000 0.409290 0.152428 0.175434 -0.177497 0.687753 -0.174254 1.867754 -4.814100 1.259455
0.553000 0.409113 0.153113 0.175261 -0.175630 0.682910 -0.172981 1.865862 -4.872582 1.285949
0.554000 0.408938 0.153793 0.175088 -0.173765 0.678008 -0.171682 1.864020 -4.930751 1.311998
0.555000 0.408765 0.154469 0.174917 -0.171902 0.673048 -0.170357 1.862152 -4.988347 1.337552
0.556000 0.408594 0.155140 0.174748 -0.170040 0.668031 -0.169007 1.860241 -5.045329 1.362616
0.557000 0.408425 0.155805 0.174579 -0.168181 0.662957 -0.167632 1.858330 -5.101882 1.387233
0.558000 0.408258 0.156465 0.174412 -0.166324 0.657827 -0.166232 1.856444 -5.158102 1.411402
0.559000 0.408093 0.157121 0.174247 -0.164468 0.652641 -0.164809 1.854578 -5.213950 1.435083
0.560000 0.407929 0.157771 0.174083 -0.162615 0.647399 -0.163362 1.852755 -5.269522 1.458274
0.561000 0.407767 0.158415 0.173920 -0.160763 0.642102 -0.161893 1.851034 -5.325031 1.481013
0.562000 0.407608 0.159055 0.173759 -0.158913 0.636749 -0.160400 1.849436 -5.380537 1.503294
0.563000 0.407450 0.159689 0.173599 -0.157064 0.631341 -0.158886 1.847947 -5.435949 1.525071
0.564000 0.407294 0.160318 0.173441 -0.155217 0.625877 -0.157350 1.846583 -5.491309 1.546337
0.565000 0.407139 0.160941 0.173285 -0.153371 0.620358 -0.155793 1.845385 -5.546770 1.567124
0.566000 0.406987 0.161558 0.173130 -0.151526 0.614784 -0.154216 1.844340 -5.602292 1.587420
0.567000 0.406836 0.162170 0.172976 -0.149682 0.609154 -0.152618 1.843386 -5.657629 1.607165
0.568000 0.406687 0.162777 0.172824 -0.147839 0.603469 -0.151002 1.842464 -5.712572 1.626303
0.569000 0.406540 0.163377 0.172674 -0.145997 0.597729 -0.149366 1.841532 -5.766982 1.644795
0.570000 0.406395 0.163972 0.172526 -0.144156 0.591935 -0.147712 1.840551 -5.820757 1.662605
0.571000 0.406252 0.164561 0.172379 -0.142316 0.586087 -0.146041 1.839530 -5.873961 1.679744
0.572000 0.406111 0.165144 0.172234 -0.140477 0.580187 -0.144352 1.838517 -5.926780 1.696253
0.573000 0.405971 0.165721 0.172090 -0.138639 0.574234 -0.142648 1.837537 -5.979265 1.712136
0.574000 0.405834 0.166293 0.171948 -0.136802 0.568228 -0.140928 1.836592 -6.031333 1.727363
0.575000 0.405698 0.166858 0.171808 -0.134966 0.562171 -0.139193 1.835702 -6.083020 1.741938
0.576000 0.405564 0.167417 0.171670 -0.133131 0.556062 -0.137444 1.834899 -6.134456 1.755894
0.577000 0.405431 0.167970 0.171533 -0.131296 0.549902 -0.135682 1.834154 -6.185595 1.769231
0.578000 0.405301 0.168517 0.171398 -0.129462 0.543691 -0.133906 1.833385 -6.236199 1.781904
0.579000 0.405172 0.169057 0.171265 -0.127629 0.537430 -0.132118 1.832525 -6.286067 1.793877
0.580000 0.405046 0.169592 0.171134 -0.125797 0.531119 -0.130318 1.831536 -6.335066 1.805126
0.581000 0.404921 0.170120 0.171005 -0.123966 0.524760 -0.128508 1.830396 -6.383104 1.815634
0.582000 0.404798 0.170641 0.170877 -0.122136 0.518353 -0.126687 1.829119 -6.430231 1.825420
0.583000 0.404677 0.171156 0.170751 -0.120308 0.511899 -0.124857 1.827753 -6.476609 1.834524
0.584000 0.404557 0.171665 0.170628 -0.118481 0.505399 -0.123018 1.826334 -6.522279 1.842963
0.585000 0.404440 0.172167 0.170505 -0.116655 0.498855 -0.121171 1.824875 -6.567157 1.850719
0.586000 0.404324 0.172663 0.170385 -0.114831 0.492265 -0.119316 1.823407 -6.611265 1.857804
0.587000 0.404210 0.173152 0.170267 -0.113008 0.485632 -0.117455 1.821960 -6.654698 1.864254
0.588000 0.404098 0.173634 0.170150 -0.111187 0.478956 -0.115588 1.820513 -6.697368 1.870074
0.589000 0.403988 0.174110 0.170036 -0.109367 0.472237 -0.113715 1.819005 -6.739031 1.875242
0.590000 0.403879 0.174578 0.169923 -0.107549 0.465478 -0.111837 1.817409 -6.779589 1.879761
0.591000 0.403772 0.175041 0.169812 -0.105733 0.458678 -0.109955 1.815740 -6.819133 1.883659
0.592000 0.403668 0.175496 0.169703 -0.103918 0.451839 -0.108070 1.813991 -6.857695 1.886936
0.593000 0.403565 0.175944 0.169596 -0.102105 0.444963 -0.106182 1.812128 -6.895208 1.889562
0.594000 0.403463 0.176386 0.169491 -0.100294 0.438049 -0.104291 1.810145 -6.931700 1.891537
0.595000 0.403364 0.176820 0.169387 -0.098484 0.431099 -0.102399 1.808069 -6.967297 1.892901
0.596000 0.403266 0.177248 0.169286 -0.096677 0.424114 -0.100505 1.805913 -7.002013 1.893697
0.597000 0.403171 0.177669 0.169186 -0.094873 0.417095 -0.098611 1.803671 -7.035757 1.893956
0.598000 0.403077 0.178082 0.169089 -0.093070 0.410043 -0.096717 1.801353 -7.068522 1.893717
0.599000 0.402985 0.178489 0.168993 -0.091270 0.402958 -0.094824 1.798978 -7.100365 1.893014
0.600000 0.402894 0.178888 0.168899 -0.089472 0.395842 -0.092931 1.796530 -7.131173 1.891835
0.601000 0.402806 0.179280 0.168807 -0.087677 0.388696 -0.091040 1.793955 -7.160667 1.890130
0.602000 0.402719 0.179665 0.168717 -0.085884 0.381521 -0.089151 1.791207 -7.188611 1.887857
0.603000 0.402634 0.180043 0.168629 -0.084094 0.374319 -0.087264 1.788252 -7.214857 1.884987
0.604000 0.402551 0.180414 0.168542 -0.082308 0.367091 -0.085381 1.785066 -7.239298 1.881496
0.605000 0.402469 0.180778 0.168458 -0.080524 0.359840 -0.083501 1.781646 -7.261941 1.877389
0.606000 0.402390 0.181134 0.168375 -0.078744 0.352567 -0.081626 1.778000 -7.282877 1.872696
0.607000 0.402312 0.181483 0.168295 -0.076968 0.345274 -0.079756 1.774098 -7.302098 1.867443
0.608000 0.402236 0.181824 0.168216 -0.075196 0.337963 -0.077891 1.769880 -7.319503 1.861640
0.609000 0.402161 0.182159 0.168139 -0.073428 0.330635 -0.076033 1.765315 -7.335064 1.855310
0.610000 0.402089 0.182486 0.168064 -0.071666 0.323293 -0.074181 1.760402 -7.348801 1.848487
0.611000 0.402018 0.182805 0.167990 -0.069908 0.315938 -0.072336 1.755129 -7.360578 1.841189
0.612000 0.401949 0.183117 0.167919 -0.068155 0.308572 -0.070498 1.749463 -7.370129 1.833420
0.613000 0.401882 0.183422 0.167849 -0.066409 0.301197 -0.068669 1.743392 -7.377303 1.825196
0.614000 0.401816 0.183720 0.167782 -0.064668 0.293817 -0.066848 1.736930 -7.382102 1.816544
0.615000 0.401752 0.184010 0.167716 -0.062935 0.286433 -0.065036 1.730085 -7.384482 1.807474
0.616000 0.401690 0.184293 0.167652 -0.061208 0.279048 -0.063233 1.722851 -7.384316 1.797983
0.617000 0.401630 0.184568 0.167589 -0.059489 0.271665 -0.061440 1.715233 -7.381555 1.788078
0.618000 0.401571 0.184836 0.167529 -0.057778 0.264285 -0.059657 1.707238 -7.376221 1.777767
0.619000 0.401514 0.185097 0.167470 -0.056075 0.256912 -0.057884 1.698844 -7.368250 1.767031
0.620000 0.401459 0.185350 0.167413 -0.054380 0.249549 -0.056123 1.690000 -7.357463 1.755821
0.621000 0.401406 0.185596 0.167358 -0.052695 0.242197 -0.054373 1.680651 -7.343660 1.744096
0.622000 0.401354 0.185834 0.167304 -0.051019 0.234861 -0.052634 1.670742 -7.326600 1.731829
0.623000 0.401304 0.186065 0.167252 -0.049353 0.227544 -0.050909 1.660218 -7.306020 1.718998
0.624000 0.401255 0.186289 0.167202 -0.047698 0.220249 -0.049197 1.649048 -7.281769 1.705599
0.625000 0.401208 0.186506 0.167154 -0.046055 0.212980 -0.047498 1.637227 -7.253810 1.691641
0.626000 0.401163 0.186715 0.167107 -0.044424 0.205742 -0.045813 1.624745 -7.222050 1.677115
0.627000 0.401119 0.186917 0.167062 -0.042806 0.198536 -0.044144 1.611579 -7.186320 1.662000
0.628000 0.401077 0.187112 0.167019 -0.041201 0.191369 -0.042489 1.597715 -7.146519 1.646283
0.629000 0.401037 0.187300 0.166977 -0.039610 0.184243 -0.040851 1.583142 -7.102622 1.629955
0.630000 0.400998 0.187481 0.166937 -0.038035 0.177164 -0.039229 1.567821 -7.054540 1.612978
0.631000 0.400961 0.187655 0.166899 -0.036475 0.170134 -0.037625 1.551687 -7.002108 1.595288
0.632000 0.400925 0.187821 0.166862 -0.034931 0.163159 -0.036039 1.534697 -6.945219 1.576843
0.633000 0.400891 0.187981 0.166827 -0.033405 0.156244 -0.034471 1.516834 -6.883800 1.557628
0.634000 0.400858 0.188134 0.166793 -0.031897 0.149392 -0.032923 1.498076 -6.817659 1.537620
0.635000 0.400827 0.188280 0.166761 -0.030409 0.142609 -0.031396 1.478386 -6.746504 1.516786
0.636000 0.400798 0.188419 0.166730 -0.028941 0.135899 -0.029890 1.457742 -6.670127 1.495101
0.637000 0.400769 0.188551 0.166701 -0.027494 0.129268 -0.028406 1.436130 -6.588430 1.472556
0.638000 0.400743 0.188677 0.166674 -0.026068 0.122722 -0.026945 1.413524 -6.501266 1.449124
0.639000 0.400717 0.188797 0.166647 -0.024666 0.116266 -0.025508 1.389882 -6.408418 1.424764
0.640000 0.400693 0.188910 0.166623 -0.023289 0.109905 -0.024095 1.365175 -6.309731 1.399448
0.641000 0.400671 0.189017 0.166599 -0.021936 0.103646 -0.022709 1.339385 -6.205122 1.373159
0.642000 0.400649 0.189117 0.166577 -0.020610 0.097495 -0.021349 1.312479 -6.094449 1.345865
0.643000 0.400629 0.189212 0.166557 -0.019311 0.091457 -0.020017 1.284408 -5.977486 1.317514
0.644000 0.400611 0.189300 0.166537 -0.018041 0.085540 -0.018714 1.255118 -5.853982 1.288045
0.645000 0.400593 0.189383 0.166519 -0.016801 0.079749 -0.017441 1.224557 -5.723651 1.257380
0.646000 0.400577 0.189460 0.166502 -0.015592 0.074093 -0.016199 1.192670 -5.586186 1.225431
0.647000 0.400562 0.189531 0.166487 -0.014416 0.068577 -0.014990 1.159419 -5.441364 1.192136
0.648000 0.400548 0.189597 0.166472 -0.013273 0.063210 -0.013815 1.124777 -5.289053 1.157458
0.649000 0.400536 0.189657 0.166459 -0.012166 0.057999 -0.012675 1.088704 -5.129068 1.121355
0.650000 0.400524 0.189713 0.166447 -0.011096 0.052952 -0.011572 1.051145 -4.961162 1.083772
0.651000 0.400513 0.189763 0.166436 -0.010064 0.048077 -0.010508 1.012055 -4.785146 1.044665
0.652000 0.400504 0.189809 0.166426 -0.009072 0.043382 -0.009483 0.971406 -4.600885 1.003993
0.653000 0.400495 0.189850 0.166417 -0.008121 0.038875 -0.008500 0.929151 -4.408178 0.961686
0.654000 0.400488 0.189887 0.166409 -0.007213 0.034565 -0.007559 0.885232 -4.206761 0.917651
0.655000 0.400481 0.189919 0.166402 -0.006350 0.030461 -0.006664 0.839602 -3.996421 0.871815
0.656000 0.400475 0.189948 0.166396 -0.005534 0.026572 -0.005816 0.792226 -3.776998 0.824122
0.657000 0.400470 0.189972 0.166390 -0.004766 0.022907 -0.005016 0.743055 -3.548250 0.774497
0.658000 0.400465 0.189993 0.166386 -0.004048 0.019476 -0.004267 0.692025 -3.309847 0.722840
0.659000 0.400462 0.190011 0.166382 -0.003382 0.016288 -0.003570 0.639080 -3.061486 0.669048
0.660000 0.400459 0.190026 0.166378 -0.002770 0.013353 -0.002929 0.584175 -2.802903 0.613018
0.661000 0.400456 0.190038 0.166376 -0.002214 0.010682 -0.002344 0.527278 -2.533857 0.554645
0.662000 0.400454 0.190047 0.166374 -0.001715 0.008285 -0.001819 0.249164 -1.198345 0.262430
0.663000 0.400453 0.190055 0.166372 -0.001715 0.008285 -0.001819 0.249164 -1.198345 0.262430
