0.000000 0.672244 -0.193300 0.137972 -0.002777 -0.003697 0.017560 -0.486580 0.185407 0.605916
0.001000 0.672242 -0.193304 0.137989 -0.002777 -0.003697 0.017560 -0.486580 0.185407 0.605916
0.002000 0.672239 -0.193307 0.138007 -0.003750 -0.003327 0.018772 -0.993373 0.380564 1.229534
0.003000 0.672234 -0.193310 0.138027 -0.004764 -0.002936 0.020019 -1.034206 0.400273 1.265076
0.004000 0.672229 -0.193313 0.138047 -0.005819 -0.002526 0.021302 -1.075850 0.420399 1.300881
0.005000 0.672223 -0.193315 0.138069 -0.006916 -0.002095 0.022621 -1.118300 0.440933 1.336918
0.006000 0.672215 -0.193317 0.138093 -0.008055 -0.001644 0.023976 -1.161550 0.461852 1.373141
0.007000 0.672207 -0.193319 0.138117 -0.009239 -0.001172 0.025367 -1.205593 0.483125 1.409491
0.008000 0.672197 -0.193319 0.138143 -0.010466 -0.000678 0.026795 -1.250420 0.504725 1.445923
0.009000 0.672186 -0.193320 0.138171 -0.011740 -0.000162 0.028259 -1.296021 0.526632 1.482409
0.010000 0.672173 -0.193320 0.138200 -0.013059 0.000375 0.029760 -1.342385 0.548820 1.518948
0.011000 0.672160 -0.193319 0.138230 -0.014424 0.000935 0.031297 -1.389501 0.571255 1.555544
0.012000 0.672144 -0.193318 0.138262 -0.015838 0.001518 0.032871 -1.437356 0.593913 1.592198
0.013000 0.672128 -0.193316 0.138296 -0.017299 0.002123 0.034481 -1.485933 0.616793 1.628908
0.014000 0.672110 -0.193314 0.138331 -0.018809 0.002751 0.036129 -1.535218 0.639916 1.665695
0.015000 0.672090 -0.193311 0.138368 -0.020369 0.003403 0.037813 -1.585192 0.663313 1.702591
0.016000 0.672069 -0.193307 0.138407 -0.021980 0.004078 0.039534 -1.635837 0.687008 1.739612
0.017000 0.672046 -0.193302 0.138447 -0.023641 0.004777 0.041292 -1.687132 0.711007 1.776740
0.018000 0.672022 -0.193297 0.138490 -0.025354 0.005500 0.043087 -1.739054 0.735306 1.813939
0.019000 0.671996 -0.193291 0.138534 -0.027119 0.006248 0.044920 -1.791578 0.759904 1.851169
0.020000 0.671968 -0.193285 0.138579 -0.028937 0.007020 0.046790 -1.844668 0.784803 1.888386
0.021000 0.671938 -0.193277 0.138627 -0.030809 0.007817 0.048697 -1.898272 0.810024 1.925546
0.022000 0.671906 -0.193269 0.138677 -0.032734 0.008640 0.050641 -1.952326 0.835593 1.962602
0.023000 0.671872 -0.193260 0.138729 -0.034713 0.009488 0.052622 -2.006774 0.861527 1.999505
0.024000 0.671837 -0.193250 0.138782 -0.036747 0.010363 0.054640 -2.061574 0.887829 2.036205
0.025000 0.671799 -0.193239 0.138838 -0.038836 0.011264 0.056694 -2.116689 0.914490 2.072651
0.026000 0.671759 -0.193228 0.138896 -0.040981 0.012192 0.058785 -2.172081 0.941499 2.108788
0.027000 0.671717 -0.193215 0.138955 -0.043181 0.013147 0.060912 -2.227714 0.968846 2.144560
0.028000 0.671672 -0.193201 0.139017 -0.045436 0.014130 0.063074 -2.283556 0.996517 2.179921
0.029000 0.671626 -0.193187 0.139082 -0.047748 0.015140 0.065272 -2.339591 1.024500 2.214834
0.030000 0.671577 -0.193171 0.139148 -0.050115 0.016179 0.067504 -2.395806 1.052780 2.249272
0.031000 0.671526 -0.193154 0.139217 -0.052539 0.017246 0.069770 -2.452180 1.081343 2.283198
0.032000 0.671472 -0.193137 0.139287 -0.055020 0.018341 0.072070 -2.508684 1.110184 2.316576
0.033000 0.671416 -0.193118 0.139361 -0.057557 0.019466 0.074403 -2.565293 1.139310 2.349390
0.034000 0.671357 -0.193098 0.139436 -0.060150 0.020620 0.076769 -2.621986 1.168739 2.381639
0.035000 0.671295 -0.193076 0.139514 -0.062801 0.021803 0.079167 -2.678732 1.198487 2.413322
0.036000 0.671231 -0.193054 0.139595 -0.065508 0.023017 0.081596 -2.735479 1.228568 2.444435
0.037000 0.671164 -0.193030 0.139677 -0.068272 0.024261 0.084056 -2.792169 1.258996 2.474969
0.038000 0.671095 -0.193006 0.139763 -0.071092 0.025535 0.086546 -2.848738 1.289777 2.504901
0.039000 0.671022 -0.192979 0.139850 -0.073969 0.026840 0.089065 -2.905139 1.320905 2.534198
0.040000 0.670947 -0.192952 0.139941 -0.076902 0.028177 0.091614 -2.961353 1.352383 2.562855
0.041000 0.670868 -0.192923 0.140034 -0.079892 0.029545 0.094191 -3.017374 1.384218 2.590885
0.042000 0.670787 -0.192893 0.140129 -0.082937 0.030945 0.096796 -3.073178 1.416409 2.618278
0.043000 0.670702 -0.192861 0.140227 -0.086038 0.032378 0.099428 -3.128717 1.448947 2.644992
0.044000 0.670615 -0.192828 0.140328 -0.089194 0.033843 0.102086 -3.183936 1.481828 2.670988
0.045000 0.670524 -0.192793 0.140431 -0.092406 0.035341 0.104770 -3.238785 1.515054 2.696234
0.046000 0.670430 -0.192757 0.140538 -0.095672 0.036873 0.107478 -3.293204 1.548618 2.720685
0.047000 0.670333 -0.192720 0.140646 -0.098992 0.038439 0.110211 -3.347132 1.582505 2.744277
0.048000 0.670232 -0.192680 0.140758 -0.102366 0.040038 0.112967 -3.400528 1.616706 2.766960
0.049000 0.670128 -0.192640 0.140872 -0.105793 0.041672 0.115745 -3.453366 1.651220 2.788700
0.050000 0.670020 -0.192597 0.140989 -0.109273 0.043341 0.118544 -3.505638 1.686053 2.809489
0.051000 0.669909 -0.192553 0.141109 -0.112805 0.045044 0.121364 -3.557362 1.721225 2.829359
0.052000 0.669795 -0.192507 0.141232 -0.116388 0.046783 0.124203 -3.608567 1.756763 2.848368
0.053000 0.669677 -0.192459 0.141358 -0.120022 0.048558 0.127061 -3.659248 1.792675 2.866528
0.054000 0.669555 -0.192410 0.141486 -0.123706 0.050368 0.129936 -3.709350 1.828957 2.883798
0.055000 0.669429 -0.192359 0.141618 -0.127441 0.052216 0.132828 -3.758814 1.865614 2.900138
0.056000 0.669300 -0.192305 0.141752 -0.131224 0.054100 0.135736 -3.807584 1.902664 2.915522
0.057000 0.669167 -0.192250 0.141889 -0.135056 0.056021 0.138659 -3.855591 1.940108 2.929900
0.058000 0.669030 -0.192193 0.142029 -0.138935 0.057980 0.141596 -3.902755 1.977924 2.943187
0.059000 0.668889 -0.192134 0.142172 -0.142861 0.059977 0.144546 -3.949025 2.016083 2.955305
0.060000 0.668744 -0.192073 0.142318 -0.146833 0.062012 0.147507 -3.994372 2.054568 2.966191
0.061000 0.668595 -0.192010 0.142467 -0.150850 0.064086 0.150478 -4.038795 2.093363 2.975815
0.062000 0.668442 -0.191945 0.142619 -0.154911 0.066199 0.153458 -4.082332 2.132468 2.984206
0.063000 0.668285 -0.191878 0.142774 -0.159015 0.068351 0.156446 -4.125042 2.171891 2.991423
0.064000 0.668124 -0.191809 0.142932 -0.163161 0.070543 0.159441 -4.166933 2.211617 2.997479
0.065000 0.667959 -0.191737 0.143093 -0.167348 0.072774 0.162441 -4.207950 2.251610 3.002340
0.066000 0.667790 -0.191663 0.143257 -0.171577 0.075046 0.165446 -4.248043 2.291829 3.006015
0.067000 0.667616 -0.191587 0.143424 -0.175845 0.077358 0.168453 -4.287184 2.332236 3.008547
0.068000 0.667438 -0.191508 0.143594 -0.180151 0.079710 0.171463 -4.325316 2.372787 3.009935
0.069000 0.667256 -0.191427 0.143767 -0.184495 0.082103 0.174473 -4.362368 2.413446 3.010126
0.070000 0.667069 -0.191344 0.143943 -0.188876 0.084537 0.177483 -4.398320 2.454214 3.009089
0.071000 0.666878 -0.191258 0.144122 -0.193292 0.087012 0.180491 -4.433196 2.495110 3.006822
0.072000 0.666682 -0.191170 0.144304 -0.197742 0.089527 0.183497 -4.466973 2.536134 3.003292
0.073000 0.666482 -0.191079 0.144489 -0.202226 0.092084 0.186498 -4.499593 2.577259 2.998454
0.074000 0.666278 -0.190986 0.144677 -0.206741 0.094682 0.189494 -4.531051 2.618479 2.992340
0.075000 0.666069 -0.190890 0.144868 -0.211288 0.097321 0.192483 -4.561395 2.659809 2.985049
0.076000 0.665855 -0.190791 0.145062 -0.215864 0.100001 0.195464 -4.590662 2.701251 2.976661
0.077000 0.665637 -0.190690 0.145259 -0.220469 0.102723 0.198436 -4.618868 2.742792 2.967220
0.078000 0.665414 -0.190586 0.145459 -0.225102 0.105487 0.201398 -4.646014 2.784405 2.956753
0.079000 0.665187 -0.190479 0.145662 -0.229761 0.108292 0.204350 -4.672050 2.826044 2.945226
0.080000 0.664955 -0.190369 0.145868 -0.234446 0.111139 0.207289 -4.696887 2.867658 2.932554
0.081000 0.664718 -0.190257 0.146076 -0.239155 0.114028 0.210215 -4.720485 2.909218 2.918673
0.082000 0.664477 -0.190141 0.146288 -0.243887 0.116958 0.213126 -4.742854 2.950717 2.903551
0.083000 0.664230 -0.190023 0.146503 -0.248641 0.119929 0.216022 -4.763954 2.992126 2.887123
0.084000 0.663979 -0.189901 0.146720 -0.253415 0.122942 0.218900 -4.783716 3.033401 2.869310
0.085000 0.663724 -0.189777 0.146940 -0.258208 0.125996 0.221760 -4.802165 3.074530 2.850115
0.086000 0.663463 -0.189649 0.147164 -0.263019 0.129091 0.224601 -4.819406 3.115532 2.829608
0.087000 0.663197 -0.189519 0.147390 -0.267847 0.132227 0.227420 -4.835531 3.156417 2.807857
0.088000 0.662927 -0.189385 0.147618 -0.272690 0.135404 0.230216 -4.850613 3.197173 2.784927
0.089000 0.662652 -0.189248 0.147850 -0.277548 0.138621 0.232989 -4.864712 3.237780 2.760881
0.090000 0.662372 -0.189108 0.148084 -0.282420 0.141879 0.235738 -4.877805 3.278187 2.735711
0.091000 0.662087 -0.188964 0.148321 -0.287304 0.145178 0.238461 -4.889802 3.318329 2.709352
0.092000 0.661798 -0.188817 0.148561 -0.292199 0.148516 0.241157 -4.900670 3.358172 2.681789
0.093000 0.661503 -0.188667 0.148804 -0.297105 0.151894 0.243824 -4.910433 3.397710 2.653062
0.094000 0.661203 -0.188514 0.149049 -0.302020 0.155311 0.246463 -4.919054 3.436908 2.623155
0.095000 0.660899 -0.188357 0.149297 -0.306943 0.158768 0.249071 -4.926454 3.475719 2.592013
0.096000 0.660589 -0.188196 0.149547 -0.311873 0.162263 0.251647 -4.932658 3.514149 2.559663
0.097000 0.660275 -0.188032 0.149800 -0.316809 0.165796 0.254190 -4.937773 3.552246 2.526200
0.098000 0.659956 -0.187864 0.150055 -0.321749 0.169367 0.256699 -4.941815 3.590009 2.491648
0.099000 0.659632 -0.187693 0.150313 -0.326692 0.172976 0.259173 -4.944698 3.627378 2.455953
0.100000 0.659302 -0.187518 0.150574 -0.331638 0.176622 0.261611 -4.946381 3.664298 2.419109
0.101000 0.658968 -0.187340 0.150837 -0.336585 0.180305 0.264012 -4.946901 3.700745 2.381182
0.102000 0.658629 -0.187158 0.151102 -0.341532 0.184024 0.266374 -4.946301 3.736708 2.342228
0.103000 0.658285 -0.186972 0.151369 -0.346478 0.187778 0.268696 -4.944633 3.772203 2.302283
0.104000 0.657936 -0.186782 0.151639 -0.351421 0.191568 0.270978 -4.941951 3.807260 2.261374
0.105000 0.657582 -0.186589 0.151911 -0.356361 0.195393 0.273219 -4.938222 3.841859 2.219460
0.106000 0.657224 -0.186392 0.152186 -0.361298 0.199252 0.275417 -4.933366 3.875943 2.176469
0.107000 0.656860 -0.186190 0.152462 -0.366228 0.203145 0.277572 -4.927435 3.909509 2.132429
0.108000 0.656491 -0.185985 0.152741 -0.371152 0.207071 0.279682 -4.920584 3.942599 2.087444
0.109000 0.656117 -0.185776 0.153021 -0.376069 0.211030 0.281747 -4.912856 3.975201 2.041540
0.110000 0.655739 -0.185563 0.153304 -0.380978 0.215021 0.283765 -4.904162 4.007232 1.994658
0.111000 0.655356 -0.185346 0.153589 -0.385878 0.219044 0.285736 -4.894465 4.038625 1.946795
0.112000 0.654967 -0.185125 0.153876 -0.390767 0.223098 0.287659 -4.883800 4.069339 1.898015
0.113000 0.654574 -0.184900 0.154164 -0.395645 0.227183 0.289532 -4.872116 4.099299 1.848311
0.114000 0.654176 -0.184671 0.154455 -0.400511 0.231297 0.291355 -4.859297 4.128431 1.797605
0.115000 0.653773 -0.184437 0.154747 -0.405364 0.235440 0.293127 -4.845332 4.156747 1.745886
0.116000 0.653365 -0.184200 0.155041 -0.410202 0.239610 0.294847 -4.830330 4.184343 1.693229
0.117000 0.652953 -0.183958 0.155337 -0.415025 0.243808 0.296514 -4.814416 4.211307 1.639726
0.118000 0.652535 -0.183712 0.155634 -0.419831 0.248033 0.298126 -4.797737 4.237724 1.585496
0.119000 0.652113 -0.183462 0.155933 -0.424620 0.252284 0.299685 -4.780454 4.263678 1.530673
0.120000 0.651686 -0.183208 0.156233 -0.429392 0.256560 0.301188 -4.762587 4.289165 1.475292
0.121000 0.651254 -0.182949 0.156535 -0.434145 0.260862 0.302635 -4.744014 4.314101 1.419295
0.122000 0.650818 -0.182686 0.156839 -0.438880 0.265189 0.304026 -4.724674 4.338426 1.362686
0.123000 0.650376 -0.182419 0.157143 -0.443595 0.269539 0.305361 -4.704583 4.362124 1.305546
0.124000 0.649930 -0.182147 0.157449 -0.448289 0.273913 0.306637 -4.683669 4.385128 1.247877
0.125000 0.649480 -0.181871 0.157757 -0.452962 0.278309 0.307856 -4.661794 4.407347 1.189603
0.126000 0.649024 -0.181590 0.158065 -0.457612 0.282728 0.309017 -4.638949 4.428779 1.130727
0.127000 0.648565 -0.181305 0.158375 -0.462240 0.287167 0.310118 -4.615234 4.449491 1.071320
0.128000 0.648100 -0.181016 0.158685 -0.466843 0.291627 0.311159 -4.590639 4.469478 1.011384
0.129000 0.647631 -0.180722 0.158997 -0.471421 0.296106 0.312141 -4.565058 4.488660 0.950860
0.130000 0.647157 -0.180424 0.159310 -0.475973 0.300604 0.313061 -4.538521 4.507024 0.889796
0.131000 0.646679 -0.180121 0.159623 -0.480498 0.305120 0.313920 -4.511204 4.524635 0.828349
0.132000 0.646196 -0.179813 0.159937 -0.484995 0.309653 0.314718 -4.483264 4.541543 0.766667
0.133000 0.645709 -0.179502 0.160253 -0.489465 0.314203 0.315453 -4.454821 4.557781 0.704882
0.134000 0.645217 -0.179185 0.160568 -0.493905 0.318769 0.316127 -4.425975 4.573366 0.643117
0.135000 0.644721 -0.178864 0.160885 -0.498317 0.323350 0.316740 -4.396685 4.588241 0.581389
0.136000 0.644221 -0.178538 0.161202 -0.502698 0.327945 0.317290 -4.366802 4.602307 0.519624
0.137000 0.643716 -0.178208 0.161519 -0.507050 0.332554 0.317779 -4.336301 4.615567 0.457814
0.138000 0.643207 -0.177873 0.161837 -0.511371 0.337176 0.318206 -4.305300 4.628130 0.396048
0.139000 0.642693 -0.177534 0.162156 -0.515661 0.341811 0.318571 -4.273942 4.640108 0.334438
0.140000 0.642175 -0.177190 0.162475 -0.519919 0.346457 0.318875 -4.242408 4.651625 0.273144
0.141000 0.641653 -0.176841 0.162794 -0.524146 0.351114 0.319117 -4.210904 4.662807 0.212350
0.142000 0.641127 -0.176487 0.163113 -0.528341 0.355782 0.319299 -4.179459 4.673662 0.152121
0.143000 0.640596 -0.176129 0.163432 -0.532504 0.360461 0.319422 -4.147937 4.684081 0.092400
0.144000 0.640062 -0.175766 0.163752 -0.536637 0.365150 0.319484 -4.116289 4.693992 0.033180
0.145000 0.639523 -0.175399 0.164071 -0.540737 0.369849 0.319488 -4.084573 4.703381 -0.025474
0.146000 0.638980 -0.175027 0.164391 -0.544806 0.374557 0.319433 -4.052727 4.712169 -0.083577
0.147000 0.638434 -0.174650 0.164710 -0.548843 0.379273 0.319321 -4.020579 4.720237 -0.141214
0.148000 0.637883 -0.174268 0.165029 -0.552847 0.383998 0.319151 -3.988084 4.727592 -0.198398
0.149000 0.637328 -0.173882 0.165348 -0.556819 0.388729 0.318924 -3.955318 4.734339 -0.255066
0.150000 0.636769 -0.173491 0.165667 -0.560758 0.393466 0.318641 -3.922234 4.740483 -0.311224
0.151000 0.636206 -0.173095 0.165986 -0.564663 0.398210 0.318302 -3.888685 4.745939 -0.366929
0.152000 0.635640 -0.172694 0.166304 -0.568535 0.402958 0.317907 -3.854689 4.750727 -0.422114
0.153000 0.635069 -0.172289 0.166621 -0.572373 0.407711 0.317457 -3.820408 4.754967 -0.476615
0.154000 0.634495 -0.171879 0.166939 -0.576176 0.412468 0.316954 -3.785853 4.758667 -0.530365
0.155000 0.633917 -0.171464 0.167255 -0.579944 0.417228 0.316397 -3.750873 4.761701 -0.583419
0.156000 0.633335 -0.171044 0.167571 -0.583678 0.421991 0.315787 -3.715425 4.763999 -0.635781
0.157000 0.632750 -0.170620 0.167887 -0.587375 0.426756 0.315125 -3.679621 4.765585 -0.687369
0.158000 0.632160 -0.170191 0.168202 -0.591037 0.431523 0.314412 -3.643579 4.766515 -0.738119
0.159000 0.631568 -0.169757 0.168516 -0.594662 0.436289 0.313649 -3.607429 4.766902 -0.787997
0.160000 0.630971 -0.169318 0.168829 -0.598252 0.441056 0.312836 -3.571304 4.766887 -0.836982
0.161000 0.630371 -0.168875 0.169141 -0.601805 0.445823 0.311975 -3.535172 4.766477 -0.885127
0.162000 0.629767 -0.168427 0.169453 -0.605322 0.450589 0.311066 -3.498875 4.765554 -0.932501
0.163000 0.629160 -0.167974 0.169764 -0.608803 0.455354 0.310110 -3.462420 4.764092 -0.979038
0.164000 0.628550 -0.167516 0.170073 -0.612247 0.460118 0.309108 -3.425964 4.762159 -1.024562
0.165000 0.627936 -0.167054 0.170382 -0.615655 0.464879 0.308061 -3.389506 4.759715 -1.069003
0.166000 0.627319 -0.166586 0.170689 -0.619026 0.469637 0.306970 -3.352877 4.756605 -1.112416
0.167000 0.626698 -0.166114 0.170996 -0.622360 0.474392 0.305836 -3.316022 4.752757 -1.154821
0.168000 0.626074 -0.165637 0.171301 -0.625658 0.479142 0.304660 -3.279052 4.748217 -1.196165
0.169000 0.625447 -0.165156 0.171605 -0.628918 0.483888 0.303444 -3.242083 4.743060 -1.236407
0.170000 0.624816 -0.164670 0.171908 -0.632142 0.488629 0.302187 -3.205242 4.737420 -1.275538
0.171000 0.624182 -0.164179 0.172209 -0.635329 0.493363 0.300892 -3.168663 4.731458 -1.313563
0.172000 0.623545 -0.163683 0.172510 -0.638479 0.498092 0.299560 -3.132303 4.725185 -1.350552
0.173000 0.622905 -0.163183 0.172809 -0.641593 0.502813 0.298191 -3.095989 4.718485 -1.386581
0.174000 0.622262 -0.162677 0.173106 -0.644671 0.507528 0.296787 -3.059722 4.711359 -1.421597
0.175000 0.621616 -0.162167 0.173402 -0.647713 0.512236 0.295348 -3.023655 4.703928 -1.455449
0.176000 0.620967 -0.161653 0.173697 -0.650719 0.516936 0.293876 -2.987782 4.696180 -1.488078
0.177000 0.620314 -0.161134 0.173990 -0.653688 0.521629 0.292372 -2.951918 4.687961 -1.519547
0.178000 0.619659 -0.160610 0.174281 -0.656622 0.526312 0.290837 -2.916002 4.679203 -1.549890
0.179000 0.619001 -0.160081 0.174572 -0.659520 0.530987 0.289272 -2.880110 4.669939 -1.579086
0.180000 0.618340 -0.159548 0.174860 -0.662383 0.535652 0.287679 -2.844174 4.660095 -1.607175
0.181000 0.617676 -0.159010 0.175147 -0.665209 0.540307 0.286058 -2.807987 4.649508 -1.634277
0.182000 0.617010 -0.158467 0.175432 -0.667999 0.544951 0.284410 -2.771499 4.638165 -1.660476
0.183000 0.616340 -0.157920 0.175716 -0.670752 0.549583 0.282737 -2.734849 4.626216 -1.685792
0.184000 0.615668 -0.157368 0.175998 -0.673468 0.554204 0.281039 -2.698191 4.613819 -1.710200
0.185000 0.614994 -0.156811 0.176278 -0.676148 0.558811 0.279317 -2.661705 4.601137 -1.733598
0.186000 0.614316 -0.156250 0.176556 -0.678792 0.563406 0.277571 -2.625586 4.588341 -1.755839
0.187000 0.613636 -0.155685 0.176833 -0.681399 0.567988 0.275805 -2.589825 4.575422 -1.776875
0.188000 0.612953 -0.155114 0.177108 -0.683971 0.572557 0.274018 -2.554228 4.562207 -1.796772
0.189000 0.612268 -0.154539 0.177381 -0.686508 0.577112 0.272211 -2.518730 4.548607 -1.815573
0.190000 0.611580 -0.153960 0.177652 -0.689009 0.581654 0.270387 -2.483413 4.534640 -1.833273
0.191000 0.610890 -0.153376 0.177922 -0.691475 0.586181 0.268545 -2.448205 4.520212 -1.849919
0.192000 0.610197 -0.152788 0.178189 -0.693905 0.590694 0.266687 -2.412894 4.505139 -1.865623
0.193000 0.609502 -0.152195 0.178455 -0.696300 0.595192 0.264814 -2.377428 4.489414 -1.880451
0.194000 0.608805 -0.151597 0.178719 -0.698660 0.599673 0.262926 -2.341911 4.473172 -1.894427
0.195000 0.608105 -0.150995 0.178981 -0.700984 0.604138 0.261025 -2.306293 4.456402 -1.907610
0.196000 0.607403 -0.150389 0.179241 -0.703273 0.608586 0.259111 -2.270380 4.438946 -1.920084
0.197000 0.606698 -0.149778 0.179499 -0.705525 0.613016 0.257184 -2.234166 4.420783 -1.931834
0.198000 0.605992 -0.149163 0.179755 -0.707741 0.617428 0.255247 -2.197853 4.402064 -1.942761
0.199000 0.605283 -0.148543 0.180010 -0.709921 0.621820 0.253299 -2.161625 4.382908 -1.952786
0.200000 0.604572 -0.147919 0.180262 -0.712064 0.626193 0.251341 -2.125631 4.363383 -1.961879
0.201000 0.603859 -0.147291 0.180512 -0.714172 0.630547 0.249375 -2.090003 4.343529 -1.970029
0.202000 0.603144 -0.146658 0.180761 -0.716244 0.634880 0.247401 -2.054672 4.323233 -1.977292
0.203000 0.602426 -0.146021 0.181007 -0.718281 0.639193 0.245421 -2.019410 4.302308 -1.983778
0.204000 0.601707 -0.145380 0.181252 -0.720283 0.643485 0.243434 -1.984143 4.280775 -1.989562
0.205000 0.600986 -0.144734 0.181494 -0.722250 0.647755 0.241441 -1.948953 4.258824 -1.994677
0.206000 0.600262 -0.144084 0.181734 -0.724181 0.652003 0.239444 -1.913764 4.236478 -1.999193
0.207000 0.599537 -0.143430 0.181973 -0.726077 0.656228 0.237443 -1.878362 4.213582 -2.003189
0.208000 0.598810 -0.142772 0.182209 -0.727938 0.660430 0.235438 -1.842717 4.190127 -2.006660
0.209000 0.598081 -0.142109 0.182444 -0.729763 0.664608 0.233430 -1.807010 4.166285 -2.009519
0.210000 0.597351 -0.141443 0.182676 -0.731552 0.668762 0.231419 -1.771415 4.142203 -2.011705
0.211000 0.596618 -0.140772 0.182907 -0.733305 0.672893 0.229406 -1.736085 4.117975 -2.013199
0.212000 0.595884 -0.140097 0.183135 -0.735024 0.676998 0.227393 -1.701166 4.093666 -2.014006
0.213000 0.595148 -0.139418 0.183361 -0.736708 0.681080 0.225378 -1.666594 4.069171 -2.014188
0.214000 0.594411 -0.138735 0.183586 -0.738357 0.685137 0.223364 -1.632142 4.044288 -2.013853
0.215000 0.593672 -0.138048 0.183808 -0.739972 0.689168 0.221351 -1.597745 4.019021 -2.013082
0.216000 0.592931 -0.137356 0.184028 -0.741553 0.693175 0.219338 -1.563497 3.993551 -2.011921
0.217000 0.592188 -0.136661 0.184247 -0.743099 0.697156 0.217327 -1.529332 3.967884 -2.010443
0.218000 0.591445 -0.135962 0.184463 -0.744611 0.701111 0.215317 -1.495038 3.941852 -2.008717
0.219000 0.590699 -0.135259 0.184677 -0.746089 0.705039 0.213309 -1.460593 3.915455 -2.006717
0.220000 0.589952 -0.134552 0.184890 -0.747532 0.708941 0.211304 -1.426154 3.888856 -2.004345
0.221000 0.589204 -0.133841 0.185100 -0.748941 0.712817 0.209301 -1.391698 3.862039 -2.001570
0.222000 0.588455 -0.133126 0.185308 -0.750316 0.716666 0.207301 -1.357004 3.834770 -1.998455
0.223000 0.587704 -0.132408 0.185515 -0.751655 0.720486 0.205304 -1.321999 3.806904 -1.995058
0.224000 0.586951 -0.131685 0.185719 -0.752960 0.724279 0.203310 -1.286810 3.778467 -1.991404
0.225000 0.586198 -0.130959 0.185921 -0.754229 0.728043 0.201321 -1.251569 3.749539 -1.987512
0.226000 0.585443 -0.130229 0.186122 -0.755463 0.731778 0.199335 -1.216424 3.720307 -1.983402
0.227000 0.584687 -0.129496 0.186320 -0.756662 0.735484 0.197354 -1.181531 3.691009 -1.979090
0.228000 0.583929 -0.128758 0.186516 -0.757826 0.739160 0.195377 -1.146833 3.661666 -1.974628
0.229000 0.583171 -0.128017 0.186711 -0.758956 0.742807 0.193405 -1.112113 3.632110 -1.970076
0.230000 0.582412 -0.127273 0.186903 -0.760050 0.746425 0.191437 -1.077338 3.602353 -1.965410
0.231000 0.581651 -0.126524 0.187094 -0.761110 0.750012 0.189474 -1.042651 3.572587 -1.960546
0.232000 0.580889 -0.125773 0.187282 -0.762136 0.753570 0.187516 -1.008015 3.542807 -1.955458
0.233000 0.580127 -0.125017 0.187469 -0.763126 0.757098 0.185563 -0.973209 3.512770 -1.950209
0.234000 0.579363 -0.124259 0.187653 -0.764082 0.760595 0.183616 -0.938172 3.482321 -1.944863
0.235000 0.578599 -0.123496 0.187836 -0.765003 0.764062 0.181673 -0.903052 3.451484 -1.939458
0.236000 0.577833 -0.122730 0.188017 -0.765888 0.767498 0.179737 -0.867996 3.420348 -1.934018
0.237000 0.577067 -0.121961 0.188195 -0.766739 0.770903 0.177805 -0.833149 3.389119 -1.928550
0.238000 0.576300 -0.121189 0.188372 -0.767554 0.774277 0.175880 -0.798659 3.358069 -1.923053
0.239000 0.575532 -0.120413 0.188547 -0.768336 0.777619 0.173959 -0.764458 3.327232 -1.917560
0.240000 0.574763 -0.119633 0.188720 -0.769083 0.780931 0.172044 -0.730319 3.296433 -1.912118
0.241000 0.573993 -0.118851 0.188891 -0.769797 0.784212 0.170135 -0.696197 3.265677 -1.906708
0.242000 0.573223 -0.118065 0.189060 -0.770476 0.787462 0.168231 -0.662228 3.235152 -1.901261
0.243000 0.572453 -0.117276 0.189228 -0.771121 0.790682 0.166333 -0.628367 3.204844 -1.895754
0.244000 0.571681 -0.116484 0.189393 -0.771732 0.793872 0.164440 -0.594394 3.174506 -1.890239
0.245000 0.570909 -0.115688 0.189556 -0.772310 0.797031 0.162552 -0.560265 3.143999 -1.884764
0.246000 0.570136 -0.114889 0.189718 -0.772853 0.800160 0.160670 -0.526110 3.113329 -1.879351
0.247000 0.569363 -0.114088 0.189878 -0.773362 0.803258 0.158793 -0.491882 3.082356 -1.874050
0.248000 0.568590 -0.113283 0.190036 -0.773837 0.806325 0.156922 -0.457349 3.050839 -1.868934
0.249000 0.567816 -0.112475 0.190192 -0.774277 0.809360 0.155056 -0.422436 3.018798 -1.864049
0.250000 0.567041 -0.111664 0.190346 -0.774682 0.812362 0.153194 -0.387285 2.986512 -1.859399
0.251000 0.566266 -0.110850 0.190498 -0.775051 0.815333 0.151337 -0.352042 2.954243 -1.854960
0.252000 0.565491 -0.110034 0.190648 -0.775386 0.818271 0.149484 -0.316870 2.922216 -1.850661
0.253000 0.564716 -0.109214 0.190797 -0.775685 0.821177 0.147635 -0.281940 2.890639 -1.846405
0.254000 0.563940 -0.108391 0.190944 -0.775950 0.824052 0.145791 -0.247203 2.859467 -1.842149
0.255000 0.563164 -0.107566 0.191089 -0.776179 0.826896 0.143951 -0.212434 2.828428 -1.837914
0.256000 0.562387 -0.106737 0.191232 -0.776374 0.829709 0.142115 -0.177584 2.797378 -1.833702
0.257000 0.561611 -0.105906 0.191373 -0.776535 0.832491 0.140284 -0.142779 2.766326 -1.829482
0.258000 0.560834 -0.105072 0.191512 -0.776660 0.835242 0.138456 -0.107971 2.735126 -1.825260
0.259000 0.560058 -0.104236 0.191650 -0.776751 0.837961 0.136633 -0.072934 2.703527 -1.821089
0.260000 0.559281 -0.103397 0.191785 -0.776806 0.840649 0.134814 -0.037616 2.671544 -1.817019
0.261000 0.558504 -0.102555 0.191919 -0.776826 0.843304 0.132999 -0.002146 2.639412 -1.813079
0.262000 0.557727 -0.101710 0.192051 -0.776810 0.845928 0.131188 0.033526 2.607154 -1.809313
0.263000 0.556950 -0.100863 0.192182 -0.776759 0.848518 0.129380 0.069629 2.574567 -1.805746
0.264000 0.556174 -0.100013 0.192310 -0.776671 0.851077 0.127576 0.106210 2.541645 -1.802322
0.265000 0.555397 -0.099161 0.192437 -0.776546 0.853602 0.125776 0.143099 2.508618 -1.798924
0.266000 0.554621 -0.098306 0.192562 -0.776385 0.856094 0.123979 0.180113 2.475667 -1.795466
0.267000 0.553844 -0.097448 0.192685 -0.776186 0.858553 0.122185 0.217055 2.442877 -1.791921
0.268000 0.553068 -0.096589 0.192806 -0.775951 0.860980 0.120395 0.253721 2.410278 -1.788296
0.269000 0.552292 -0.095726 0.192926 -0.775679 0.863374 0.118608 0.290134 2.377699 -1.784628
0.270000 0.551517 -0.094862 0.193043 -0.775370 0.865735 0.116826 0.326522 2.344871 -1.780971
0.271000 0.550742 -0.093995 0.193159 -0.775026 0.868063 0.115046 0.362956 2.311808 -1.777359
0.272000 0.549967 -0.093126 0.193273 -0.774644 0.870359 0.113271 0.399343 2.278753 -1.773803
0.273000 0.549192 -0.092254 0.193386 -0.774227 0.872621 0.111499 0.435755 2.245728 -1.770327
0.274000 0.548418 -0.091380 0.193496 -0.773773 0.874850 0.109730 0.472415 2.212525 -1.766948
0.275000 0.547645 -0.090505 0.193605 -0.773282 0.877046 0.107965 0.509347 2.179138 -1.763618
0.276000 0.546872 -0.089626 0.193712 -0.772754 0.879208 0.106203 0.546343 2.145810 -1.760231
0.277000 0.546099 -0.088746 0.193818 -0.772189 0.881338 0.104444 0.583203 2.112730 -1.756710
0.278000 0.545327 -0.087864 0.193921 -0.771588 0.883434 0.102690 0.619742 2.079994 -1.753020
0.279000 0.544556 -0.086979 0.194023 -0.770950 0.885498 0.100938 0.655781 2.047644 -1.749148
0.280000 0.543785 -0.086093 0.194123 -0.770276 0.887529 0.099191 0.691367 2.015511 -1.745112
0.281000 0.543016 -0.085204 0.194221 -0.769567 0.889529 0.097448 0.726731 1.983311 -1.740950
0.282000 0.542246 -0.084314 0.194318 -0.768823 0.891496 0.095709 0.761942 1.951037 -1.736674
0.283000 0.541478 -0.083421 0.194413 -0.768043 0.893431 0.093975 0.796899 1.918910 -1.732278
0.284000 0.540710 -0.082527 0.194506 -0.767229 0.895334 0.092245 0.831669 1.886929 -1.727767
0.285000 0.539943 -0.081631 0.194597 -0.766380 0.897205 0.090519 0.866481 1.854875 -1.723153
0.286000 0.539177 -0.080732 0.194687 -0.765496 0.899043 0.088798 0.901376 1.822746 -1.718391
0.287000 0.538412 -0.079832 0.194775 -0.764577 0.900850 0.087082 0.936216 1.790754 -1.713398
0.288000 0.537648 -0.078931 0.194861 -0.763624 0.902625 0.085372 0.971040 1.758880 -1.708130
0.289000 0.536885 -0.078027 0.194946 -0.762635 0.904368 0.083666 1.006050 1.726827 -1.702599
0.290000 0.536123 -0.077122 0.195029 -0.761612 0.906078 0.081966 1.041258 1.694406 -1.696828
0.291000 0.535362 -0.076215 0.195110 -0.760553 0.907757 0.080273 1.076448 1.661643 -1.690827
0.292000 0.534602 -0.075306 0.195189 -0.759459 0.909402 0.078585 1.111416 1.628638 -1.684603
0.293000 0.533843 -0.074396 0.195267 -0.758330 0.911014 0.076903 1.145992 1.595627 -1.678162
0.294000 0.533085 -0.073484 0.195343 -0.757167 0.912593 0.075228 1.180019 1.562921 -1.671509
0.295000 0.532329 -0.072571 0.195417 -0.755970 0.914140 0.073560 1.213555 1.530554 -1.664660
0.296000 0.531573 -0.071656 0.195490 -0.754740 0.915654 0.071899 1.246828 1.498307 -1.657627
0.297000 0.530819 -0.070740 0.195561 -0.753476 0.917136 0.070245 1.279893 1.466164 -1.650374
0.298000 0.530066 -0.069822 0.195631 -0.752180 0.918586 0.068598 1.312637 1.434318 -1.642836
0.299000 0.529315 -0.068903 0.195698 -0.750851 0.920005 0.066959 1.345109 1.402736 -1.634975
0.300000 0.528565 -0.067982 0.195764 -0.749490 0.921392 0.065328 1.377524 1.371113 -1.626807
0.301000 0.527816 -0.067060 0.195829 -0.748096 0.922747 0.063706 1.409907 1.339269 -1.618365
0.302000 0.527068 -0.066136 0.195892 -0.746670 0.924070 0.062092 1.442103 1.307190 -1.609677
0.303000 0.526323 -0.065212 0.195953 -0.745212 0.925362 0.060486 1.474135 1.274695 -1.600776
0.304000 0.525578 -0.064286 0.196013 -0.743721 0.926620 0.058890 1.506211 1.241497 -1.591691
0.305000 0.524835 -0.063358 0.196071 -0.742199 0.927845 0.057303 1.538374 1.207603 -1.582427
0.306000 0.524094 -0.062430 0.196127 -0.740645 0.929035 0.055725 1.570457 1.173322 -1.572969
0.307000 0.523354 -0.061500 0.196182 -0.739058 0.930191 0.054157 1.602289 1.138953 -1.563302
0.308000 0.522616 -0.060570 0.196236 -0.737440 0.931313 0.052599 1.633700 1.104777 -1.553406
0.309000 0.521879 -0.059638 0.196288 -0.735791 0.932401 0.051050 1.664516 1.071067 -1.543263
0.310000 0.521144 -0.058705 0.196338 -0.734111 0.933455 0.049512 1.694775 1.037802 -1.532870
0.311000 0.520411 -0.057771 0.196387 -0.732401 0.934476 0.047985 1.724683 1.004685 -1.522247
0.312000 0.519679 -0.056836 0.196434 -0.730662 0.935464 0.046468 1.754276 0.971550 -1.511412
0.313000 0.518949 -0.055900 0.196480 -0.728893 0.936419 0.044962 1.783416 0.938404 -1.500376
0.314000 0.518221 -0.054963 0.196524 -0.727095 0.937341 0.043467 1.812137 0.905081 -1.489159
0.315000 0.517495 -0.054025 0.196566 -0.725268 0.938230 0.041983 1.840648 0.871290 -1.477781
0.316000 0.516771 -0.053086 0.196608 -0.723414 0.939084 0.040511 1.869003 0.837029 -1.466258
0.317000 0.516048 -0.052147 0.196647 -0.721530 0.939904 0.039051 1.897050 0.802597 -1.454594
0.318000 0.515328 -0.051207 0.196686 -0.719619 0.940689 0.037602 1.924638 0.768281 -1.442793
0.319000 0.514609 -0.050266 0.196723 -0.717681 0.941440 0.036165 1.951612 0.734352 -1.430854
0.320000 0.513892 -0.049324 0.196758 -0.715716 0.942158 0.034740 1.977815 0.701073 -1.418780
0.321000 0.513178 -0.048381 0.196792 -0.713726 0.942842 0.033328 2.003294 0.668413 -1.406578
0.322000 0.512465 -0.047438 0.196825 -0.711710 0.943495 0.031927 2.028255 0.636066 -1.394271
0.323000 0.511754 -0.046494 0.196856 -0.709669 0.944115 0.030539 2.052740 0.603857 -1.381891
0.324000 0.511046 -0.045550 0.196886 -0.707604 0.944702 0.029164 2.076626 0.571784 -1.369466
0.325000 0.510339 -0.044605 0.196914 -0.705516 0.945258 0.027800 2.099950 0.539674 -1.357025
0.326000 0.509635 -0.043659 0.196941 -0.703404 0.945782 0.026450 2.122913 0.507240 -1.344585
0.327000 0.508932 -0.042713 0.196967 -0.701270 0.946273 0.025111 2.145546 0.474498 -1.332147
0.328000 0.508232 -0.041767 0.196992 -0.699113 0.946731 0.023785 2.167720 0.441715 -1.319703
0.329000 0.507534 -0.040820 0.197015 -0.696935 0.947156 0.022472 2.189467 0.408918 -1.307251
0.330000 0.506838 -0.039873 0.197037 -0.694734 0.947548 0.021171 2.210999 0.375878 -1.294804
0.331000 0.506145 -0.038925 0.197057 -0.692513 0.947908 0.019882 2.232391 0.342571 -1.282380
0.332000 0.505453 -0.037977 0.197076 -0.690269 0.948234 0.018606 2.253531 0.309244 -1.270001
0.333000 0.504764 -0.037028 0.197094 -0.688005 0.948526 0.017342 2.274286 0.276100 -1.257684
0.334000 0.504077 -0.036080 0.197111 -0.685721 0.948786 0.016091 2.294494 0.243265 -1.245447
0.335000 0.503393 -0.035131 0.197127 -0.683416 0.949013 0.014851 2.313969 0.210822 -1.233307
0.336000 0.502710 -0.034182 0.197141 -0.681093 0.949207 0.013624 2.332730 0.178620 -1.221277
0.337000 0.502030 -0.033232 0.197154 -0.678751 0.949370 0.012409 2.350973 0.146377 -1.209361
0.338000 0.501353 -0.032283 0.197166 -0.676391 0.949500 0.011205 2.368758 0.114107 -1.197546
0.339000 0.500678 -0.031333 0.197176 -0.674013 0.949598 0.010014 2.385999 0.082075 -1.185808
0.340000 0.500005 -0.030384 0.197186 -0.671619 0.949664 0.008834 2.402754 0.050303 -1.174135
0.341000 0.499334 -0.029434 0.197194 -0.669208 0.949699 0.007665 2.419230 0.018561 -1.162536
0.342000 0.498666 -0.028484 0.197201 -0.666781 0.949701 0.006509 2.435483 -0.013177 -1.151043
0.343000 0.498001 -0.027535 0.197207 -0.664337 0.949672 0.005363 2.451377 -0.044667 -1.139696
0.344000 0.497338 -0.026585 0.197212 -0.661878 0.949612 0.004229 2.466764 -0.075708 -1.128528
0.345000 0.496677 -0.025635 0.197215 -0.659403 0.949521 0.003106 2.481480 -0.106174 -1.117553
0.346000 0.496019 -0.024686 0.197218 -0.656915 0.949400 0.001994 2.495349 -0.135983 -1.106775
0.347000 0.495363 -0.023737 0.197219 -0.654413 0.949249 0.000893 2.508392 -0.165289 -1.096197
0.348000 0.494710 -0.022787 0.197220 -0.651898 0.949069 -0.000198 2.520798 -0.194384 -1.085809
0.349000 0.494059 -0.021838 0.197219 -0.649371 0.948860 -0.001279 2.532630 -0.223279 -1.075587
0.350000 0.493411 -0.020890 0.197217 -0.646833 0.948623 -0.002350 2.543807 -0.251744 -1.065494
0.351000 0.492766 -0.019941 0.197214 -0.644284 0.948357 -0.003410 2.554392 -0.279779 -1.055508
0.352000 0.492123 -0.018993 0.197210 -0.641724 0.948063 -0.004461 2.564596 -0.307626 -1.045635
0.353000 0.491482 -0.018045 0.197205 -0.639154 0.947742 -0.005501 2.574499 -0.335309 -1.035921
0.354000 0.490844 -0.017097 0.197199 -0.636575 0.947392 -0.006532 2.584046 -0.362632 -1.026429
0.355000 0.490209 -0.016150 0.197192 -0.633986 0.947016 -0.007554 2.593311 -0.389627 -1.017205
0.356000 0.489576 -0.015203 0.197184 -0.631388 0.946613 -0.008567 2.602485 -0.416597 -1.008261
0.357000 0.488946 -0.014257 0.197175 -0.628781 0.946183 -0.009571 2.611589 -0.443693 -0.999593
0.358000 0.488319 -0.013311 0.197165 -0.626165 0.945726 -0.010566 2.620454 -0.470829 -0.991191
0.359000 0.487694 -0.012366 0.197154 -0.623540 0.945241 -0.011553 2.628917 -0.497866 -0.983035
0.360000 0.487072 -0.011421 0.197142 -0.620907 0.944730 -0.012532 2.636827 -0.524573 -0.975088
0.361000 0.486452 -0.010476 0.197129 -0.618267 0.944192 -0.013503 2.644040 -0.550667 -0.967305
0.362000 0.485835 -0.009532 0.197115 -0.615619 0.943629 -0.014467 2.650591 -0.576148 -0.959652
0.363000 0.485221 -0.008589 0.197100 -0.612966 0.943040 -0.015422 2.656674 -0.601262 -0.952124
0.364000 0.484609 -0.007646 0.197084 -0.610306 0.942426 -0.016371 2.662366 -0.626055 -0.944758
0.365000 0.484000 -0.006704 0.197067 -0.607641 0.941788 -0.017312 2.667619 -0.650358 -0.937604
0.366000 0.483394 -0.005763 0.197049 -0.604971 0.941126 -0.018246 2.672506 -0.674226 -0.930700
0.367000 0.482790 -0.004822 0.197031 -0.602296 0.940439 -0.019173 2.677209 -0.697964 -0.924058
0.368000 0.482189 -0.003882 0.197011 -0.599616 0.939730 -0.020094 2.681749 -0.721721 -0.917690
0.369000 0.481591 -0.002942 0.196991 -0.596932 0.938996 -0.021009 2.685998 -0.745461 -0.911610
0.370000 0.480996 -0.002004 0.196969 -0.594244 0.938239 -0.021917 2.689972 -0.769330 -0.905823
0.371000 0.480403 -0.001066 0.196947 -0.591552 0.937457 -0.022820 2.693842 -0.793620 -0.900306
0.372000 0.479813 -0.000129 0.196923 -0.588857 0.936651 -0.023718 2.697666 -0.818356 -0.895016
0.373000 0.479225 0.000807 0.196899 -0.586157 0.935821 -0.024610 2.701344 -0.843275 -0.889897
0.374000 0.478640 0.001743 0.196874 -0.583454 0.934965 -0.025498 2.704779 -0.868122 -0.884922
0.375000 0.478058 0.002677 0.196848 -0.580748 0.934084 -0.026380 2.707889 -0.892656 -0.880107
0.376000 0.477479 0.003611 0.196821 -0.578038 0.933180 -0.027258 2.710597 -0.916644 -0.875493
0.377000 0.476902 0.004544 0.196794 -0.575326 0.932251 -0.028131 2.712974 -0.940133 -0.871104
0.378000 0.476328 0.005476 0.196765 -0.572612 0.931299 -0.029000 2.715196 -0.963419 -0.866933
0.379000 0.475757 0.006406 0.196736 -0.569896 0.930324 -0.029865 2.717282 -0.986643 -0.862958
0.380000 0.475188 0.007336 0.196705 -0.567178 0.929326 -0.030726 2.719107 -1.009759 -0.859148
0.381000 0.474622 0.008265 0.196674 -0.564458 0.928305 -0.031583 2.720686 -1.032904 -0.855474
0.382000 0.474059 0.009193 0.196642 -0.561736 0.927260 -0.032437 2.722184 -1.056361 -0.851907
0.383000 0.473499 0.010120 0.196609 -0.559013 0.926192 -0.033287 2.723654 -1.080144 -0.848414
0.384000 0.472941 0.011045 0.196576 -0.556289 0.925100 -0.034134 2.725003 -1.103984 -0.844969
0.385000 0.472386 0.011970 0.196541 -0.553563 0.923984 -0.034977 2.726141 -1.127623 -0.841569
0.386000 0.471834 0.012893 0.196506 -0.550837 0.922845 -0.035817 2.726993 -1.150837 -0.838258
0.387000 0.471285 0.013815 0.196470 -0.548109 0.921682 -0.036654 2.727488 -1.173416 -0.835102
0.388000 0.470738 0.014737 0.196432 -0.545382 0.920498 -0.037487 2.727696 -1.195419 -0.832144
0.389000 0.470194 0.015656 0.196395 -0.542654 0.919292 -0.038318 2.727783 -1.217144 -0.829377
0.390000 0.469653 0.016575 0.196356 -0.539926 0.918064 -0.039146 2.727766 -1.238720 -0.826771
0.391000 0.469114 0.017493 0.196316 -0.537198 0.916814 -0.039972 2.727526 -1.260091 -0.824286
0.392000 0.468578 0.018409 0.196276 -0.534471 0.915543 -0.040795 2.727073 -1.281382 -0.821884
0.393000 0.468045 0.019324 0.196235 -0.531744 0.914251 -0.041615 2.726552 -1.302874 -0.819527
0.394000 0.467515 0.020237 0.196193 -0.529018 0.912938 -0.042434 2.725991 -1.324595 -0.817174
0.395000 0.466987 0.021150 0.196150 -0.526292 0.911602 -0.043250 2.725295 -1.346349 -0.814783
0.396000 0.466462 0.022060 0.196106 -0.523567 0.910245 -0.044063 2.724493 -1.368155 -0.812319
0.397000 0.465940 0.022970 0.196062 -0.520843 0.908866 -0.044874 2.723749 -1.390258 -0.809770
0.398000 0.465421 0.023878 0.196016 -0.518120 0.907464 -0.045683 2.723134 -1.412701 -0.807168
0.399000 0.464904 0.024785 0.195970 -0.515397 0.906040 -0.046489 2.722579 -1.435267 -0.804574
0.400000 0.464390 0.025690 0.195923 -0.512675 0.904594 -0.047292 2.721997 -1.457764 -0.802028
0.401000 0.463878 0.026594 0.195876 -0.509953 0.903125 -0.048093 2.721266 -1.480044 -0.799542
0.402000 0.463370 0.027496 0.195827 -0.507232 0.901634 -0.048891 2.720246 -1.501984 -0.797108
0.403000 0.462864 0.028397 0.195778 -0.504513 0.900121 -0.049687 2.718946 -1.523695 -0.794705
0.404000 0.462361 0.029297 0.195728 -0.501794 0.898586 -0.050480 2.717512 -1.545455 -0.792295
0.405000 0.461860 0.030195 0.195677 -0.499078 0.897030 -0.051272 2.715998 -1.567302 -0.789830
0.406000 0.461363 0.031091 0.195625 -0.496362 0.895452 -0.052060 2.714345 -1.589057 -0.787262
0.407000 0.460868 0.031985 0.195573 -0.493649 0.893852 -0.052846 2.712606 -1.610751 -0.784546
0.408000 0.460375 0.032878 0.195520 -0.490937 0.892230 -0.053629 2.710947 -1.632622 -0.781672
0.409000 0.459886 0.033770 0.195466 -0.488227 0.890587 -0.054409 2.709438 -1.654699 -0.778691
0.410000 0.459399 0.034660 0.195411 -0.485518 0.888921 -0.055187 2.708017 -1.676749 -0.775686
0.411000 0.458915 0.035548 0.195355 -0.482811 0.887233 -0.055961 2.706603 -1.698562 -0.772718
0.412000 0.458433 0.036434 0.195299 -0.480105 0.885524 -0.056732 2.705081 -1.719975 -0.769797
0.413000 0.457955 0.037319 0.195242 -0.477401 0.883793 -0.057500 2.703316 -1.740846 -0.766910
0.414000 0.457478 0.038202 0.195184 -0.474698 0.882042 -0.058266 2.701317 -1.761274 -0.764029
0.415000 0.457005 0.039083 0.195125 -0.471998 0.880271 -0.059028 2.699209 -1.781526 -0.761117
0.416000 0.456534 0.039962 0.195066 -0.469300 0.878479 -0.059788 2.697017 -1.801649 -0.758145
0.417000 0.456067 0.040840 0.195006 -0.466604 0.876667 -0.060545 2.694655 -1.821480 -0.755088
0.418000 0.455601 0.041716 0.194945 -0.463911 0.874836 -0.061298 2.692150 -1.841059 -0.751920
0.419000 0.455139 0.042590 0.194883 -0.461220 0.872985 -0.062049 2.689646 -1.860627 -0.748633
0.420000 0.454679 0.043462 0.194821 -0.458531 0.871115 -0.062795 2.687212 -1.880220 -0.745270
0.421000 0.454222 0.044332 0.194757 -0.455845 0.869225 -0.063539 2.684791 -1.899619 -0.741909
0.422000 0.453767 0.045200 0.194694 -0.453162 0.867316 -0.064279 2.682297 -1.918611 -0.738612
0.423000 0.453315 0.046066 0.194629 -0.450481 0.865388 -0.065016 2.679597 -1.936997 -0.735409
0.424000 0.452866 0.046931 0.194564 -0.447803 0.863442 -0.065750 2.676531 -1.954584 -0.732311
0.425000 0.452420 0.047793 0.194497 -0.445128 0.861478 -0.066481 2.673080 -1.971427 -0.729306
0.426000 0.451976 0.048654 0.194431 -0.442456 0.859499 -0.067209 2.669361 -1.987774 -0.726361
0.427000 0.451535 0.049512 0.194363 -0.439789 0.857503 -0.067934 2.665422 -2.003675 -0.723441
0.428000 0.451096 0.050369 0.194295 -0.437126 0.855491 -0.068656 2.661216 -2.018981 -0.720512
0.429000 0.450661 0.051223 0.194226 -0.434467 0.853465 -0.069375 2.656792 -2.033740 -0.717542
0.430000 0.450227 0.052076 0.194156 -0.431812 0.851424 -0.070091 2.652299 -2.048202 -0.714513
0.431000 0.449797 0.052926 0.194086 -0.429162 0.849369 -0.070804 2.647804 -2.062437 -0.711462
0.432000 0.449369 0.053774 0.194014 -0.426516 0.847299 -0.071514 2.643284 -2.076320 -0.708455
0.433000 0.448944 0.054621 0.193942 -0.423875 0.845216 -0.072221 2.638798 -2.089917 -0.705529
0.434000 0.448521 0.055465 0.193870 -0.421239 0.843119 -0.072925 2.634465 -2.103482 -0.702674
0.435000 0.448101 0.056307 0.193797 -0.418606 0.841009 -0.073626 2.630266 -2.117075 -0.699878
0.436000 0.447684 0.057147 0.193723 -0.415978 0.838885 -0.074324 2.626044 -2.130518 -0.697138
0.437000 0.447269 0.057985 0.193648 -0.413354 0.836748 -0.075020 2.621666 -2.143631 -0.694444
0.438000 0.446857 0.058820 0.193573 -0.410735 0.834598 -0.075713 2.617042 -2.156229 -0.691770
0.439000 0.446448 0.059654 0.193497 -0.408120 0.832435 -0.076404 2.612103 -2.168128 -0.689078
0.440000 0.446041 0.060485 0.193420 -0.405511 0.830262 -0.077091 2.606895 -2.179380 -0.686329
0.441000 0.445637 0.061314 0.193342 -0.402907 0.828077 -0.077776 2.601550 -2.190223 -0.683510
0.442000 0.445235 0.062141 0.193264 -0.400308 0.825881 -0.078459 2.596107 -2.200703 -0.680674
0.443000 0.444836 0.062966 0.193185 -0.397714 0.823675 -0.079138 2.590517 -2.210675 -0.677914
0.444000 0.444440 0.063789 0.193106 -0.395127 0.821460 -0.079814 2.584813 -2.220183 -0.675288
0.445000 0.444046 0.064609 0.193026 -0.392545 0.819235 -0.080488 2.579106 -2.229467 -0.672798
0.446000 0.443655 0.065427 0.192945 -0.389968 0.817001 -0.081160 2.573400 -2.238592 -0.670452
0.447000 0.443266 0.066243 0.192864 -0.387398 0.814758 -0.081829 2.567579 -2.247390 -0.668275
0.448000 0.442880 0.067057 0.192781 -0.384833 0.812506 -0.082496 2.561533 -2.255693 -0.666274
0.449000 0.442496 0.067868 0.192699 -0.382275 0.810246 -0.083162 2.555163 -2.263330 -0.664424
0.450000 0.442115 0.068677 0.192615 -0.379723 0.807979 -0.083825 2.548376 -2.270129 -0.662686
0.451000 0.441737 0.069484 0.192531 -0.377178 0.805706 -0.084487 2.541196 -2.276144 -0.661009
0.452000 0.441361 0.070289 0.192446 -0.374641 0.803427 -0.085147 2.533745 -2.281623 -0.659363
0.453000 0.440988 0.071091 0.192361 -0.372111 0.801143 -0.085806 2.526087 -2.286640 -0.657768
0.454000 0.440617 0.071891 0.192274 -0.369588 0.798854 -0.086463 2.518213 -2.291093 -0.656277
0.455000 0.440249 0.072689 0.192188 -0.367074 0.796561 -0.087118 2.510180 -2.295054 -0.654914
0.456000 0.439883 0.073484 0.192100 -0.364568 0.794264 -0.087773 2.502104 -2.298758 -0.653664
0.457000 0.439519 0.074277 0.192012 -0.362070 0.791963 -0.088426 2.493990 -2.302249 -0.652526
0.458000 0.439159 0.075068 0.191923 -0.359580 0.789659 -0.089078 2.485751 -2.305382 -0.651516
0.459000 0.438800 0.075856 0.191834 -0.357098 0.787352 -0.089729 2.477386 -2.308196 -0.650626
0.460000 0.438444 0.076643 0.191744 -0.354625 0.785043 -0.090379 2.468991 -2.310930 -0.649810
0.461000 0.438091 0.077427 0.191653 -0.352160 0.782731 -0.091028 2.460583 -2.313667 -0.649010
0.462000 0.437740 0.078208 0.191562 -0.349704 0.780415 -0.091677 2.452083 -2.316277 -0.648179
0.463000 0.437392 0.078987 0.191470 -0.347256 0.778098 -0.092325 2.443424 -2.318632 -0.647295
0.464000 0.437046 0.079764 0.191377 -0.344817 0.775778 -0.092972 2.434569 -2.320596 -0.646379
0.465000 0.436702 0.080539 0.191284 -0.342387 0.773457 -0.093618 2.425494 -2.322037 -0.645479
0.466000 0.436361 0.081311 0.191190 -0.339966 0.771134 -0.094263 2.416257 -2.323026 -0.644611
0.467000 0.436022 0.082081 0.191095 -0.337555 0.768811 -0.094907 2.406956 -2.323796 -0.643756
0.468000 0.435686 0.082849 0.191000 -0.335152 0.766487 -0.095550 2.397572 -2.324392 -0.642903
0.469000 0.435352 0.083614 0.190904 -0.332759 0.764162 -0.096193 2.387992 -2.324679 -0.642062
0.470000 0.435020 0.084377 0.190808 -0.330376 0.761837 -0.096834 2.378191 -2.324699 -0.641220
0.471000 0.434691 0.085138 0.190711 -0.328003 0.759513 -0.097475 2.368246 -2.324685 -0.640333
0.472000 0.434364 0.085896 0.190613 -0.325640 0.757188 -0.098115 2.358178 -2.324723 -0.639364
0.473000 0.434040 0.086652 0.190514 -0.323287 0.754863 -0.098754 2.347930 -2.324735 -0.638284
0.474000 0.433718 0.087406 0.190415 -0.320944 0.752538 -0.099391 2.337524 -2.324807 -0.637057
0.475000 0.433398 0.088157 0.190316 -0.318612 0.750213 -0.100028 2.327068 -2.325182 -0.635658
0.476000 0.433080 0.088906 0.190215 -0.316290 0.747888 -0.100663 2.316627 -2.325941 -0.634121
0.477000 0.432765 0.089653 0.190114 -0.313978 0.745562 -0.101296 2.306186 -2.326953 -0.632522
0.478000 0.432452 0.090397 0.190013 -0.311677 0.743234 -0.101928 2.295708 -2.328069 -0.630922
0.479000 0.432142 0.091140 0.189910 -0.309387 0.740905 -0.102558 2.285128 -2.329107 -0.629349
0.480000 0.431834 0.091879 0.189808 -0.307107 0.738576 -0.103187 2.274359 -2.329865 -0.627813
0.481000 0.431528 0.092617 0.189704 -0.304838 0.736246 -0.103814 2.263403 -2.330362 -0.626294
0.482000 0.431224 0.093352 0.189600 -0.302580 0.733915 -0.104439 2.252344 -2.330804 -0.624730
0.483000 0.430923 0.094085 0.189495 -0.300334 0.731584 -0.105063 2.241205 -2.331254 -0.623051
0.484000 0.430623 0.094815 0.189390 -0.298098 0.729253 -0.105685 2.229940 -2.331608 -0.621189
0.485000 0.430326 0.095543 0.189284 -0.295874 0.726921 -0.106305 2.218572 -2.331927 -0.619075
0.486000 0.430032 0.096269 0.189177 -0.293661 0.724589 -0.106923 2.207207 -2.332429 -0.616668
0.487000 0.429739 0.096992 0.189070 -0.291459 0.722256 -0.107539 2.195910 -2.333171 -0.613993
0.488000 0.429449 0.097713 0.188962 -0.289269 0.719922 -0.108151 2.184677 -2.333997 -0.611121
0.489000 0.429160 0.098432 0.188854 -0.287090 0.717588 -0.108761 2.173474 -2.334745 -0.608116
0.490000 0.428874 0.099148 0.188745 -0.284922 0.715253 -0.109368 2.162221 -2.335233 -0.605025
0.491000 0.428591 0.099863 0.188635 -0.282766 0.712918 -0.109971 2.150807 -2.335267 -0.601886
0.492000 0.428309 0.100574 0.188525 -0.280620 0.710582 -0.110571 2.139215 -2.334870 -0.598700
0.493000 0.428029 0.101284 0.188414 -0.278487 0.708248 -0.111168 2.127514 -2.334255 -0.595429
0.494000 0.427752 0.101991 0.188302 -0.276365 0.705914 -0.111762 2.115730 -2.333510 -0.592050
0.495000 0.427477 0.102696 0.188190 -0.274256 0.703581 -0.112353 2.103826 -2.332578 -0.588555
0.496000 0.427203 0.103398 0.188078 -0.272158 0.701249 -0.112939 2.091828 -2.331544 -0.584921
0.497000 0.426932 0.104098 0.187964 -0.270072 0.698918 -0.113522 2.079830 -2.330635 -0.581120
0.498000 0.426663 0.104796 0.187851 -0.267998 0.696587 -0.114102 2.067875 -2.329908 -0.577173
0.499000 0.426396 0.105491 0.187736 -0.265936 0.694258 -0.114677 2.055954 -2.329262 -0.573139
0.500000 0.426131 0.106184 0.187621 -0.263886 0.691929 -0.115248 2.044109 -2.328748 -0.569042
0.501000 0.425869 0.106875 0.187506 -0.261848 0.689600 -0.115815 2.032424 -2.328560 -0.564861
0.502000 0.425608 0.107564 0.187390 -0.259821 0.687272 -0.116378 2.020911 -2.328722 -0.560594
0.503000 0.425349 0.108250 0.187273 -0.257806 0.684943 -0.116936 2.009504 -2.329052 -0.556270
0.504000 0.425092 0.108933 0.187156 -0.255802 0.682614 -0.117490 1.998134 -2.329382 -0.551907
0.505000 0.424837 0.109615 0.187038 -0.253810 0.680284 -0.118040 1.986729 -2.329572 -0.547508
0.506000 0.424584 0.110294 0.186920 -0.251829 0.677955 -0.118585 1.975217 -2.329500 -0.543067
0.507000 0.424334 0.110971 0.186801 -0.249859 0.675625 -0.119126 1.963602 -2.329226 -0.538557
0.508000 0.424085 0.111645 0.186681 -0.247902 0.673296 -0.119662 1.951966 -2.328964 -0.533952
0.509000 0.423838 0.112317 0.186561 -0.245956 0.670967 -0.120194 1.940358 -2.328770 -0.529294
0.510000 0.423593 0.112987 0.186441 -0.244021 0.668639 -0.120721 1.928780 -2.328554 -0.524671
0.511000 0.423350 0.113655 0.186320 -0.242098 0.666310 -0.121243 1.917279 -2.328364 -0.520124
0.512000 0.423109 0.114320 0.186198 -0.240186 0.663982 -0.121761 1.905939 -2.328384 -0.515638
0.513000 0.422869 0.114983 0.186076 -0.238286 0.661653 -0.122274 1.894779 -2.328611 -0.511205
0.514000 0.422632 0.115643 0.185954 -0.236397 0.659325 -0.122783 1.883761 -2.328876 -0.506845
0.515000 0.422397 0.116301 0.185831 -0.234519 0.656996 -0.123288 1.872898 -2.329175 -0.502544
0.516000 0.422163 0.116957 0.185707 -0.232651 0.654666 -0.123789 1.862256 -2.329690 -0.498253
0.517000 0.421931 0.117611 0.185583 -0.230794 0.652336 -0.124285 1.851846 -2.330484 -0.493937
0.518000 0.421701 0.118262 0.185459 -0.228947 0.650005 -0.124776 1.841609 -2.331445 -0.489585
0.519000 0.421473 0.118911 0.185334 -0.227111 0.647673 -0.125264 1.831494 -2.332458 -0.485216
0.520000 0.421247 0.119557 0.185208 -0.225284 0.645340 -0.125747 1.821464 -2.333405 -0.480889
0.521000 0.421023 0.120201 0.185082 -0.223468 0.643007 -0.126226 1.811487 -2.334167 -0.476691
0.522000 0.420800 0.120843 0.184956 -0.221661 0.640672 -0.126700 1.801591 -2.334797 -0.472660
0.523000 0.420580 0.121483 0.184829 -0.219865 0.638337 -0.127171 1.791838 -2.335473 -0.468775
0.524000 0.420361 0.122120 0.184701 -0.218078 0.636001 -0.127638 1.782229 -2.336195 -0.465022
0.525000 0.420143 0.122755 0.184574 -0.216300 0.633665 -0.128101 1.772705 -2.336802 -0.461416
0.526000 0.419928 0.123387 0.184445 -0.214532 0.631328 -0.128561 1.763261 -2.337294 -0.457939
0.527000 0.419714 0.124017 0.184316 -0.212774 0.628990 -0.129017 1.753955 -2.337860 -0.454549
0.528000 0.419502 0.124645 0.184187 -0.211024 0.626652 -0.129470 1.744802 -2.338591 -0.451229
0.529000 0.419292 0.125271 0.184058 -0.209284 0.624313 -0.129919 1.735761 -2.339419 -0.447996
0.530000 0.419084 0.125894 0.183927 -0.207553 0.621973 -0.130366 1.726797 -2.340276 -0.444878
0.531000 0.418877 0.126515 0.183797 -0.205831 0.619632 -0.130809 1.717888 -2.341091 -0.441916
0.532000 0.418672 0.127133 0.183666 -0.204117 0.617291 -0.131250 1.709021 -2.341791 -0.439160
0.533000 0.418469 0.127749 0.183534 -0.202413 0.614949 -0.131687 1.700230 -2.342457 -0.436617
0.534000 0.418267 0.128363 0.183402 -0.200717 0.612606 -0.132123 1.691582 -2.343271 -0.434250
0.535000 0.418068 0.128974 0.183270 -0.199029 0.610262 -0.132556 1.683082 -2.344239 -0.432042
0.536000 0.417869 0.129583 0.183137 -0.197351 0.607917 -0.132987 1.674690 -2.345207 -0.429998
0.537000 0.417673 0.130190 0.183004 -0.195680 0.605572 -0.133416 1.666406 -2.346178 -0.428098
0.538000 0.417478 0.130795 0.182870 -0.194018 0.603225 -0.133843 1.658279 -2.347324 -0.426281
0.539000 0.417285 0.131397 0.182736 -0.192363 0.600877 -0.134268 1.650310 -2.348712 -0.424502
0.540000 0.417093 0.131996 0.182602 -0.190717 0.598528 -0.134692 1.642448 -2.350283 -0.422732
0.541000 0.416903 0.132594 0.182467 -0.189079 0.596177 -0.135114 1.634694 -2.352106 -0.420924
0.542000 0.416715 0.133189 0.182332 -0.187448 0.593823 -0.135534 1.627110 -2.354373 -0.419029
0.543000 0.416528 0.133781 0.182196 -0.185824 0.591468 -0.135952 1.619740 -2.357149 -0.417047
0.544000 0.416343 0.134372 0.182060 -0.184208 0.589109 -0.136368 1.612585 -2.360329 -0.415024
0.545000 0.416160 0.134960 0.181923 -0.182599 0.586747 -0.136782 1.605625 -2.363791 -0.412993
0.546000 0.415978 0.135545 0.181786 -0.180997 0.584382 -0.137194 1.598811 -2.367377 -0.410976
0.547000 0.415798 0.136128 0.181649 -0.179402 0.582012 -0.137604 1.592072 -2.370913 -0.408983
0.548000 0.415619 0.136709 0.181511 -0.177813 0.579640 -0.138012 1.585397 -2.374402 -0.406989
0.549000 0.415442 0.137288 0.181373 -0.176231 0.577264 -0.138418 1.578826 -2.378023 -0.404941
0.550000 0.415267 0.137864 0.181234 -0.174655 0.574884 -0.138822 1.572368 -2.381871 -0.402813
0.551000 0.415093 0.138437 0.181095 -0.173086 0.572500 -0.139224 1.565988 -2.385928 -0.400606
0.552000 0.414921 0.139009 0.180956 -0.171523 0.570112 -0.139623 1.559696 -2.390292 -0.398294
0.553000 0.414750 0.139578 0.180816 -0.169967 0.567719 -0.140020 1.553546 -2.395172 -0.395822
0.554000 0.414581 0.140144 0.180676 -0.168416 0.565321 -0.140415 1.547567 -2.400661 -0.393164
0.555000 0.414413 0.140708 0.180535 -0.166871 0.562918 -0.140806 1.541745 -2.406699 -0.390325
0.556000 0.414247 0.141270 0.180394 -0.165333 0.560508 -0.141195 1.536054 -2.413199 -0.387324
0.557000 0.414083 0.141829 0.180253 -0.163799 0.558092 -0.141581 1.530452 -2.420024 -0.384189
0.558000 0.413920 0.142386 0.180111 -0.162272 0.555668 -0.141964 1.524886 -2.427011 -0.380962
0.559000 0.413758 0.142941 0.179969 -0.160750 0.553237 -0.142343 1.519353 -2.434163 -0.377636
0.560000 0.413598 0.143493 0.179826 -0.159233 0.550800 -0.142719 1.513886 -2.441644 -0.374154
0.561000 0.413440 0.144042 0.179683 -0.157722 0.548354 -0.143091 1.508480 -2.449524 -0.370462
0.562000 0.413283 0.144589 0.179540 -0.156216 0.545901 -0.143460 1.503084 -2.457762 -0.366523
0.563000 0.413127 0.145134 0.179396 -0.154716 0.543439 -0.143824 1.497692 -2.466425 -0.362282
0.564000 0.412973 0.145676 0.179252 -0.153221 0.540968 -0.144184 1.492353 -2.475689 -0.357681
0.565000 0.412821 0.146216 0.179108 -0.151731 0.538487 -0.144540 1.487104 -2.485594 -0.352712
0.566000 0.412670 0.146753 0.178963 -0.150246 0.535997 -0.144890 1.481960 -2.496053 -0.347404
0.567000 0.412520 0.147288 0.178818 -0.148767 0.533495 -0.145235 1.476954 -2.507101 -0.341752
0.568000 0.412372 0.147820 0.178673 -0.147293 0.530982 -0.145573 1.472131 -2.518879 -0.335718
0.569000 0.412226 0.148350 0.178527 -0.145823 0.528457 -0.145906 1.467476 -2.531392 -0.329296
0.570000 0.412081 0.148877 0.178381 -0.144358 0.525920 -0.146232 1.462917 -2.544483 -0.322520
0.571000 0.411937 0.149402 0.178235 -0.142897 0.523368 -0.146551 1.458393 -2.558019 -0.315416
0.572000 0.411795 0.149924 0.178088 -0.141441 0.520804 -0.146863 1.453855 -2.571908 -0.307995
0.573000 0.411654 0.150443 0.177941 -0.139989 0.518225 -0.147167 1.449262 -2.586083 -0.300257
0.574000 0.411515 0.150960 0.177794 -0.138542 0.515631 -0.147463 1.444616 -2.600616 -0.292169
0.575000 0.411377 0.151475 0.177646 -0.137100 0.513023 -0.147751 1.439961 -2.615684 -0.283667
0.576000 0.411241 0.151986 0.177498 -0.135662 0.510400 -0.148031 1.435321 -2.631352 -0.274718
0.577000 0.411106 0.152495 0.177350 -0.134229 0.507761 -0.148301 1.430693 -2.647576 -0.265313
0.578000 0.410972 0.153002 0.177202 -0.132801 0.505105 -0.148561 1.426098 -2.664413 -0.255418
0.579000 0.410840 0.153506 0.177053 -0.131377 0.502432 -0.148812 1.421574 -2.682011 -0.244981
0.580000 0.410709 0.154007 0.176904 -0.129958 0.499741 -0.149051 1.417115 -2.700373 -0.233991
0.581000 0.410580 0.154505 0.176755 -0.128543 0.497031 -0.149280 1.412672 -2.719351 -0.222480
0.582000 0.410452 0.155001 0.176605 -0.127132 0.494302 -0.149496 1.408202 -2.738819 -0.210470
0.583000 0.410326 0.155494 0.176456 -0.125727 0.491553 -0.149701 1.403679 -2.758694 -0.197968
0.584000 0.410201 0.155984 0.176306 -0.124325 0.488785 -0.149892 1.399080 -2.778916 -0.184974
0.585000 0.410077 0.156471 0.176156 -0.122928 0.485996 -0.150071 1.394420 -2.799553 -0.171452
0.586000 0.409955 0.156956 0.176006 -0.121536 0.483186 -0.150235 1.389748 -2.820763 -0.157346
0.587000 0.409834 0.157438 0.175855 -0.120149 0.480354 -0.150385 1.385101 -2.842587 -0.142646
0.588000 0.409715 0.157917 0.175705 -0.118766 0.477500 -0.150520 1.380494 -2.864949 -0.127374
0.589000 0.409597 0.158393 0.175554 -0.117388 0.474624 -0.150640 1.375958 -2.887877 -0.111520
0.590000 0.409480 0.158866 0.175404 -0.116014 0.471725 -0.150743 1.371527 -2.911488 -0.095040
0.591000 0.409365 0.159336 0.175253 -0.114645 0.468801 -0.150830 1.367182 -2.935758 -0.077921
0.592000 0.409251 0.159803 0.175102 -0.113280 0.465853 -0.150899 1.362866 -2.960533 -0.060188
0.593000 0.409138 0.160268 0.174951 -0.111919 0.462880 -0.150950 1.358555 -2.985785 -0.041829
0.594000 0.409027 0.160729 0.174800 -0.110563 0.459882 -0.150983 1.354267 -3.011640 -0.022799
0.595000 0.408917 0.161188 0.174649 -0.109211 0.456857 -0.150996 1.350000 -3.038160 -0.003087
0.596000 0.408808 0.161643 0.174498 -0.107863 0.453805 -0.150989 1.345720 -3.065291 0.017275
0.597000 0.408701 0.162095 0.174347 -0.106519 0.450726 -0.150961 1.341400 -3.092968 0.038256
0.598000 0.408595 0.162544 0.174196 -0.105180 0.447619 -0.150913 1.337028 -3.121104 0.059824
0.599000 0.408491 0.162990 0.174045 -0.103845 0.444484 -0.150842 1.332598 -3.149605 0.081948
0.600000 0.408388 0.163433 0.173895 -0.102515 0.441320 -0.150749 1.328128 -3.178495 0.104638
0.601000 0.408286 0.163873 0.173744 -0.101189 0.438127 -0.150633 1.323649 -3.207890 0.127941
0.602000 0.408185 0.164310 0.173593 -0.099867 0.434904 -0.150493 1.319151 -3.237784 0.151867
0.603000 0.408086 0.164743 0.173443 -0.098550 0.431652 -0.150329 1.314598 -3.268060 0.176392
0.604000 0.407988 0.165173 0.173293 -0.097238 0.428368 -0.150140 1.309980 -3.298710 0.201528
0.605000 0.407892 0.165600 0.173143 -0.095931 0.425054 -0.149926 1.305331 -3.329858 0.227318
0.606000 0.407796 0.166023 0.172993 -0.094628 0.421709 -0.149685 1.300688 -3.361560 0.253773
0.607000 0.407702 0.166443 0.172843 -0.093329 0.418331 -0.149418 1.296075 -3.393787 0.280869
0.608000 0.407610 0.166860 0.172694 -0.092035 0.414921 -0.149124 1.291529 -3.426594 0.308616
0.609000 0.407518 0.167273 0.172545 -0.090746 0.411478 -0.148801 1.287088 -3.460122 0.337057
0.610000 0.407428 0.167683 0.172396 -0.089461 0.408001 -0.148450 1.282762 -3.494420 0.366202
0.611000 0.407339 0.168089 0.172248 -0.088181 0.404489 -0.148069 1.278531 -3.529421 0.396015
0.612000 0.407252 0.168492 0.172100 -0.086904 0.400942 -0.147657 1.274375 -3.565035 0.426451
0.613000 0.407165 0.168891 0.171953 -0.085632 0.397359 -0.147216 1.270272 -3.601140 0.457452
0.614000 0.407080 0.169286 0.171806 -0.084364 0.393740 -0.146743 1.266199 -3.637594 0.488948
0.615000 0.406997 0.169678 0.171659 -0.083099 0.390084 -0.146238 1.262157 -3.674377 0.520921
0.616000 0.406914 0.170066 0.171513 -0.081839 0.386391 -0.145701 1.258167 -3.711586 0.553402
0.617000 0.406833 0.170451 0.171368 -0.080583 0.382661 -0.145131 1.254227 -3.749241 0.586394
0.618000 0.406753 0.170832 0.171223 -0.079331 0.378892 -0.144528 1.250314 -3.787277 0.619870
0.619000 0.406674 0.171209 0.171079 -0.078082 0.375086 -0.143891 1.246427 -3.825710 0.653833
0.620000 0.406597 0.171582 0.170935 -0.076838 0.371241 -0.143220 1.242591 -3.864643 0.688312
0.621000 0.406521 0.171951 0.170792 -0.075597 0.367357 -0.142515 1.238826 -3.904086 0.723286
0.622000 0.406446 0.172317 0.170650 -0.074360 0.363433 -0.141774 1.235133 -3.943933 0.758680
0.623000 0.406372 0.172678 0.170509 -0.073127 0.359469 -0.140997 1.231503 -3.984066 0.794431
0.624000 0.406299 0.173036 0.170368 -0.071897 0.355465 -0.140185 1.227911 -4.024347 0.830486
0.625000 0.406228 0.173389 0.170228 -0.070671 0.351420 -0.139336 1.224323 -4.064628 0.866803
0.626000 0.406158 0.173738 0.170090 -0.069449 0.347335 -0.138451 1.220727 -4.104876 0.903381
0.627000 0.406089 0.174084 0.169952 -0.068230 0.343210 -0.137530 1.217129 -4.145177 0.940254
0.628000 0.406022 0.174425 0.169815 -0.067014 0.339045 -0.136571 1.213515 -4.185563 0.977420
0.629000 0.405955 0.174762 0.169678 -0.065803 0.334839 -0.135575 1.209849 -4.225993 1.014843
0.630000 0.405890 0.175095 0.169543 -0.064595 0.330593 -0.134541 1.206116 -4.266494 1.052519
0.631000 0.405826 0.175423 0.169409 -0.063390 0.326306 -0.133470 1.202329 -4.307155 1.090478
0.632000 0.405763 0.175747 0.169276 -0.062190 0.321979 -0.132360 1.198493 -4.347974 1.128715
0.633000 0.405702 0.176067 0.169145 -0.060994 0.317610 -0.131212 1.194601 -4.388856 1.167190
0.634000 0.405641 0.176382 0.169014 -0.059801 0.313201 -0.130026 1.190661 -4.429789 1.205892
0.635000 0.405582 0.176693 0.168885 -0.058612 0.308751 -0.128800 1.186689 -4.470834 1.244838
0.636000 0.405524 0.177000 0.168756 -0.057427 0.304259 -0.127536 1.182689 -4.511967 1.283991
0.637000 0.405467 0.177302 0.168630 -0.056247 0.299727 -0.126232 1.178647 -4.553062 1.323265
0.638000 0.405412 0.177599 0.168504 -0.055070 0.295153 -0.124890 1.174545 -4.593994 1.362578
0.639000 0.405357 0.177892 0.168380 -0.053898 0.290539 -0.123507 1.170369 -4.634650 1.401864
0.640000 0.405304 0.178180 0.168257 -0.052729 0.285884 -0.122086 1.166098 -4.674922 1.441065
0.641000 0.405252 0.178464 0.168136 -0.051566 0.281189 -0.120625 1.161731 -4.714791 1.480162
0.642000 0.405201 0.178743 0.168016 -0.050406 0.276454 -0.119125 1.157278 -4.754310 1.519162
0.643000 0.405151 0.179017 0.167897 -0.049251 0.271680 -0.117587 1.152731 -4.793430 1.558011
0.644000 0.405102 0.179286 0.167781 -0.048101 0.266868 -0.116009 1.148048 -4.831923 1.596570
0.645000 0.405055 0.179551 0.167665 -0.046955 0.262017 -0.114394 1.143177 -4.869464 1.634673
0.646000 0.405008 0.179810 0.167552 -0.045814 0.257129 -0.112740 1.138071 -4.905771 1.672192
0.647000 0.404963 0.180065 0.167440 -0.044679 0.252205 -0.111049 1.132701 -4.940662 1.709049
0.648000 0.404919 0.180315 0.167330 -0.043549 0.247247 -0.109322 1.127039 -4.973981 1.745175
0.649000 0.404876 0.180559 0.167221 -0.042425 0.242257 -0.107559 1.121058 -5.005579 1.780498
0.650000 0.404834 0.180799 0.167114 -0.041307 0.237236 -0.105761 1.114746 -5.035395 1.814989
0.651000 0.404793 0.181034 0.167010 -0.040195 0.232186 -0.103929 1.108114 -5.063450 1.848647
0.652000 0.404754 0.181263 0.166907 -0.039090 0.227109 -0.102064 1.101173 -5.089698 1.881441
0.653000 0.404715 0.181488 0.166806 -0.037993 0.222007 -0.100166 1.093927 -5.114023 1.913300
0.654000 0.404678 0.181707 0.166706 -0.036903 0.216881 -0.098237 1.086384 -5.136371 1.944187
0.655000 0.404641 0.181922 0.166609 -0.035820 0.211734 -0.096278 1.078551 -5.156740 1.974097
0.656000 0.404606 0.182131 0.166514 -0.034745 0.206568 -0.094289 1.070410 -5.175042 2.002987
0.657000 0.404572 0.182335 0.166420 -0.033679 0.201384 -0.092272 1.061927 -5.191107 2.030783
0.658000 0.404539 0.182534 0.166329 -0.032622 0.196185 -0.090227 1.053085 -5.204840 2.057437
0.659000 0.404507 0.182727 0.166240 -0.031573 0.190974 -0.088157 1.043883 -5.216240 2.082938
0.660000 0.404476 0.182916 0.166153 -0.030534 0.185753 -0.086061 1.034325 -5.225274 2.107236
0.661000 0.404446 0.183099 0.166068 -0.029504 0.180524 -0.083942 1.024405 -5.231839 2.130238
0.662000 0.404417 0.183277 0.165985 -0.028485 0.175289 -0.081801 1.014117 -5.235818 2.151847
0.663000 0.404389 0.183449 0.165904 -0.027476 0.170052 -0.079639 1.003453 -5.237072 2.171967
0.664000 0.404362 0.183617 0.165826 -0.026478 0.164815 -0.077457 0.992404 -5.235450 2.190498
0.665000 0.404336 0.183779 0.165749 -0.025491 0.159581 -0.075258 0.980971 -5.230868 2.207380
0.666000 0.404311 0.183936 0.165675 -0.024516 0.154353 -0.073042 0.969158 -5.223279 2.222586
0.667000 0.404287 0.184088 0.165603 -0.023553 0.149135 -0.070813 0.956962 -5.212541 2.236051
0.668000 0.404263 0.184234 0.165534 -0.022602 0.143928 -0.068570 0.944373 -5.198427 2.247677
0.669000 0.404241 0.184376 0.165466 -0.021664 0.138738 -0.066317 0.931386 -5.180787 2.257395
0.670000 0.404220 0.184512 0.165401 -0.020739 0.133567 -0.064055 0.918001 -5.159564 2.265169
0.671000 0.404200 0.184643 0.165338 -0.019828 0.128419 -0.061787 0.904213 -5.134668 2.270926
0.672000 0.404180 0.184769 0.165277 -0.018931 0.123297 -0.059514 0.890007 -5.105956 2.274558
0.673000 0.404162 0.184889 0.165219 -0.018048 0.118207 -0.057238 0.875374 -5.073331 2.275989
0.674000 0.404144 0.185005 0.165163 -0.017180 0.113151 -0.054962 0.860312 -5.036749 2.275172
0.675000 0.404128 0.185116 0.165109 -0.016328 0.108133 -0.052687 0.844812 -4.996105 2.272027
0.676000 0.404112 0.185221 0.165058 -0.015491 0.103159 -0.050418 0.828856 -4.951220 2.266428
0.677000 0.404097 0.185322 0.165008 -0.014670 0.098231 -0.048155 0.812433 -4.901901 2.258246
0.678000 0.404082 0.185418 0.164961 -0.013866 0.093355 -0.045901 0.795550 -4.847934 2.247351
0.679000 0.404069 0.185509 0.164916 -0.013079 0.088535 -0.043660 0.778217 -4.789095 2.233612
0.680000 0.404056 0.185595 0.164874 -0.012309 0.083777 -0.041434 0.760446 -4.725230 2.216934
0.681000 0.404044 0.185676 0.164834 -0.011558 0.079085 -0.039226 0.742240 -4.656261 2.197258
0.682000 0.404033 0.185753 0.164795 -0.010825 0.074464 -0.037039 0.723584 -4.582072 2.174487
0.683000 0.404023 0.185825 0.164760 -0.010111 0.069920 -0.034877 0.704455 -4.502501 2.148488
0.684000 0.404013 0.185893 0.164726 -0.009416 0.065459 -0.032742 0.684837 -4.417426 2.119163
0.685000 0.404004 0.185956 0.164694 -0.008741 0.061086 -0.030639 0.664718 -4.326760 2.086464
0.686000 0.403995 0.186015 0.164664 -0.008087 0.056806 -0.028569 0.644080 -4.230349 2.050336
0.687000 0.403988 0.186070 0.164637 -0.007453 0.052625 -0.026538 0.622897 -4.127964 2.010697
0.688000 0.403981 0.186120 0.164611 -0.006841 0.048550 -0.024548 0.601153 -4.019374 1.967436
0.689000 0.403974 0.186167 0.164588 -0.006251 0.044586 -0.022603 0.578843 -3.904342 1.920394
0.690000 0.403968 0.186209 0.164566 -0.005683 0.040741 -0.020707 0.555972 -3.782628 1.869385
0.691000 0.403963 0.186248 0.164546 -0.005139 0.037021 -0.018864 0.532545 -3.654060 1.814270
0.692000 0.403958 0.186283 0.164528 -0.004618 0.033433 -0.017079 0.508556 -3.518533 1.754954
0.693000 0.403953 0.186315 0.164512 -0.004122 0.029984 -0.015354 0.483985 -3.375915 1.691318
0.694000 0.403949 0.186343 0.164498 -0.003650 0.026681 -0.013696 0.458802 -3.226033 1.623208
0.695000 0.403946 0.186368 0.164485 -0.003204 0.023532 -0.012108 0.432985 -3.068751 1.550506
0.696000 0.403943 0.186390 0.164473 -0.002784 0.020543 -0.010595 0.406527 -2.903960 1.473142
0.697000 0.403941 0.186410 0.164464 -0.002391 0.017724 -0.009162 0.379429 -2.731493 1.391043
0.698000 0.403938 0.186426 0.164455 -0.002025 0.015080 -0.007813 0.351693 -2.551118 1.304107
0.699000 0.403936 0.186440 0.164448 -0.001688 0.012622 -0.006554 0.323310 -2.362603 1.212216
0.700000 0.403935 0.186451 0.164442 -0.001379 0.010355 -0.005388 0.294256 -2.165710 1.115219
0.701000 0.403934 0.186460 0.164437 -0.001099 0.008290 -0.004323 0.264499 -1.960201 1.012946
0.702000 0.403933 0.186468 0.164433 -0.000850 0.006435 -0.003363 0.124720 -0.927632 0.480235
0.703000 0.403932 0.186473 0.164430 -0.000850 0.006435 -0.003363 0.124720 -0.927632 0.480235
