0.000000 0.674305 -0.196935 0.137616 -0.002949 -0.006750 0.024213 -0.459881 0.094821 0.707632
0.001000 0.674302 -0.196941 0.137639 -0.002949 -0.006750 0.024213 -0.459881 0.094821 0.707632
0.002000 0.674299 -0.196948 0.137664 -0.003869 -0.006560 0.025629 -0.938702 0.197260 1.434479
0.003000 0.674295 -0.196955 0.137690 -0.004826 -0.006355 0.027082 -0.976960 0.212740 1.473048
0.004000 0.674289 -0.196961 0.137718 -0.005823 -0.006135 0.028575 -1.015970 0.228708 1.511882
0.005000 0.674283 -0.196967 0.137748 -0.006858 -0.005898 0.030106 -1.055726 0.245170 1.550954
0.006000 0.674275 -0.196973 0.137778 -0.007934 -0.005644 0.031677 -1.096224 0.262133 1.590236
0.007000 0.674267 -0.196978 0.137811 -0.009051 -0.005374 0.033287 -1.137455 0.279602 1.629698
0.008000 0.674257 -0.196983 0.137845 -0.010209 -0.005085 0.034936 -1.179411 0.297583 1.669308
0.009000 0.674247 -0.196988 0.137881 -0.011409 -0.004778 0.036625 -1.222084 0.316082 1.709032
0.010000 0.674235 -0.196993 0.137918 -0.012653 -0.004453 0.038354 -1.265474 0.335114 1.748836
0.011000 0.674221 -0.196997 0.137958 -0.013940 -0.004108 0.040123 -1.309596 0.354708 1.788684
0.012000 0.674207 -0.197001 0.137999 -0.015272 -0.003744 0.041931 -1.354471 0.374904 1.828536
0.013000 0.674191 -0.197005 0.138041 -0.016649 -0.003358 0.043780 -1.400121 0.395730 1.868353
0.014000 0.674173 -0.197008 0.138086 -0.018072 -0.002952 0.045668 -1.446567 0.417200 1.908094
0.015000 0.674155 -0.197011 0.138133 -0.019542 -0.002524 0.047596 -1.493828 0.439318 1.947714
0.016000 0.674134 -0.197013 0.138181 -0.021060 -0.002073 0.049564 -1.541910 0.462087 1.987170
0.017000 0.674112 -0.197015 0.138232 -0.022626 -0.001600 0.051570 -1.590804 0.485509 2.026425
0.018000 0.674089 -0.197016 0.138284 -0.024242 -0.001102 0.053616 -1.640490 0.509587 2.065454
0.019000 0.674064 -0.197017 0.138339 -0.025907 -0.000581 0.055701 -1.690947 0.534322 2.104244
0.020000 0.674037 -0.197017 0.138396 -0.027624 -0.000034 0.057825 -1.742148 0.559727 2.142787
0.021000 0.674009 -0.197017 0.138455 -0.029392 0.000539 0.059987 -1.794068 0.585827 2.181089
0.022000 0.673978 -0.197016 0.138516 -0.031212 0.001138 0.062187 -1.846680 0.612656 2.219164
0.023000 0.673946 -0.197015 0.138579 -0.033085 0.001764 0.064425 -1.899953 0.640238 2.257015
0.024000 0.673912 -0.197013 0.138645 -0.035012 0.002418 0.066701 -1.953857 0.668583 2.294624
0.025000 0.673876 -0.197010 0.138713 -0.036993 0.003101 0.069015 -2.008358 0.697690 2.331967
0.026000 0.673838 -0.197006 0.138783 -0.039028 0.003814 0.071365 -2.063422 0.727556 2.369002
0.027000 0.673798 -0.197002 0.138855 -0.041119 0.004556 0.073753 -2.119024 0.758179 2.405683
0.028000 0.673756 -0.196997 0.138930 -0.043266 0.005330 0.076176 -2.175148 0.789553 2.441965
0.029000 0.673712 -0.196992 0.139008 -0.045470 0.006135 0.078636 -2.231790 0.821677 2.477816
0.030000 0.673665 -0.196985 0.139087 -0.047730 0.006973 0.081132 -2.288941 0.854567 2.513216
0.031000 0.673616 -0.196978 0.139170 -0.050048 0.007845 0.083663 -2.346593 0.888267 2.548173
0.032000 0.673565 -0.196969 0.139255 -0.052423 0.008750 0.086228 -2.404733 0.922837 2.582711
0.033000 0.673511 -0.196960 0.139342 -0.054857 0.009690 0.088828 -2.463338 0.958320 2.616826
0.034000 0.673455 -0.196950 0.139432 -0.057350 0.010667 0.091462 -2.522377 0.994728 2.650472
0.035000 0.673397 -0.196939 0.139525 -0.059902 0.011680 0.094129 -2.581822 1.032054 2.683593
0.036000 0.673336 -0.196927 0.139621 -0.062514 0.012731 0.096829 -2.641651 1.070288 2.716137
0.037000 0.673272 -0.196913 0.139719 -0.065185 0.013820 0.099562 -2.701840 1.109416 2.748067
0.038000 0.673205 -0.196899 0.139820 -0.067917 0.014950 0.102325 -2.762362 1.149427 2.779373
0.039000 0.673136 -0.196883 0.139924 -0.070710 0.016119 0.105120 -2.823190 1.190306 2.810062
0.040000 0.673064 -0.196867 0.140030 -0.073564 0.017330 0.107946 -2.884282 1.232038 2.840114
0.041000 0.672989 -0.196849 0.140139 -0.076478 0.018583 0.110801 -2.945588 1.274607 2.869485
0.042000 0.672911 -0.196830 0.140252 -0.079455 0.019879 0.113684 -3.007062 1.317995 2.898151
0.043000 0.672830 -0.196809 0.140367 -0.082493 0.021219 0.116597 -3.068667 1.362184 2.926109
0.044000 0.672746 -0.196787 0.140485 -0.085592 0.022604 0.119537 -3.130369 1.407153 2.953342
0.045000 0.672659 -0.196764 0.140606 -0.088753 0.024034 0.122503 -3.192147 1.452882 2.979818
0.046000 0.672568 -0.196739 0.140730 -0.091976 0.025509 0.125496 -3.253986 1.499346 3.005491
0.047000 0.672475 -0.196713 0.140857 -0.095261 0.027032 0.128514 -3.315852 1.546523 3.030297
0.048000 0.672378 -0.196685 0.140987 -0.098608 0.028603 0.131557 -3.377695 1.594387 3.054176
0.049000 0.672277 -0.196656 0.141120 -0.102017 0.030221 0.134623 -3.439475 1.642910 3.077105
0.050000 0.672174 -0.196625 0.141256 -0.105487 0.031888 0.137711 -3.501165 1.692064 3.099096
0.051000 0.672066 -0.196592 0.141395 -0.109019 0.033605 0.140821 -3.562734 1.741818 3.120148
0.052000 0.671956 -0.196557 0.141538 -0.112613 0.035372 0.143951 -3.624151 1.792141 3.140245
0.053000 0.671841 -0.196521 0.141683 -0.116267 0.037189 0.147102 -3.685378 1.842998 3.159355
0.054000 0.671723 -0.196483 0.141832 -0.119983 0.039058 0.150270 -3.746360 1.894355 3.177419
0.055000 0.671601 -0.196443 0.141984 -0.123760 0.040978 0.153456 -3.807033 1.946175 3.194366
0.056000 0.671476 -0.196401 0.142139 -0.127597 0.042950 0.156659 -3.867357 1.998418 3.210153
0.057000 0.671346 -0.196357 0.142297 -0.131495 0.044975 0.159877 -3.927319 2.051045 3.224773
0.058000 0.671213 -0.196311 0.142459 -0.135452 0.047052 0.163108 -3.986911 2.104024 3.238226
0.059000 0.671075 -0.196263 0.142623 -0.139469 0.049183 0.166353 -4.046134 2.157335 3.250522
0.060000 0.670934 -0.196213 0.142791 -0.143544 0.051367 0.169609 -4.105001 2.210967 3.261686
0.061000 0.670788 -0.196160 0.142963 -0.147679 0.053605 0.172876 -4.163507 2.264906 3.271732
0.062000 0.670638 -0.196105 0.143137 -0.151871 0.055897 0.176153 -4.221627 2.319139 3.280672
0.063000 0.670484 -0.196048 0.143315 -0.156122 0.058243 0.179438 -4.279325 2.373646 3.288515
0.064000 0.670326 -0.195989 0.143496 -0.160430 0.060644 0.182730 -4.336533 2.428400 3.295223
0.065000 0.670163 -0.195927 0.143680 -0.164795 0.063100 0.186028 -4.393168 2.483363 3.300721
0.066000 0.669997 -0.195863 0.143868 -0.169216 0.065611 0.189331 -4.449179 2.538502 3.304966
0.067000 0.669825 -0.195796 0.144059 -0.173693 0.068177 0.192638 -4.504549 2.593791 3.307957
0.068000 0.669649 -0.195726 0.144253 -0.178225 0.070799 0.195947 -4.559274 2.649211 3.309707
0.069000 0.669469 -0.195654 0.144451 -0.182812 0.073475 0.199258 -4.613377 2.704755 3.310255
0.070000 0.669283 -0.195579 0.144652 -0.187452 0.076208 0.202568 -4.666892 2.760422 3.309656
0.071000 0.669094 -0.195502 0.144856 -0.192146 0.078996 0.205877 -4.719799 2.816193 3.307903
0.072000 0.668899 -0.195421 0.145064 -0.196892 0.081840 0.209184 -4.772014 2.872021 3.304930
0.073000 0.668700 -0.195338 0.145274 -0.201690 0.084740 0.212487 -4.823461 2.927858 3.300698
0.074000 0.668496 -0.195252 0.145489 -0.206539 0.087696 0.215785 -4.874090 2.983660 3.295215
0.075000 0.668287 -0.195163 0.145706 -0.211438 0.090708 0.219077 -4.923866 3.039389 3.288476
0.076000 0.668073 -0.195071 0.145927 -0.216386 0.093775 0.222362 -4.972780 3.095018 3.280458
0.077000 0.667854 -0.194975 0.146151 -0.221383 0.096898 0.225638 -5.020848 3.150535 3.271143
0.078000 0.667630 -0.194877 0.146378 -0.226428 0.100076 0.228904 -5.068103 3.205939 3.260543
0.079000 0.667401 -0.194775 0.146609 -0.231520 0.103310 0.232159 -5.114617 3.261255 3.248741
0.080000 0.667167 -0.194670 0.146842 -0.236657 0.106598 0.235402 -5.160482 3.316525 3.235862
0.081000 0.666928 -0.194562 0.147079 -0.241841 0.109943 0.238631 -5.205711 3.371751 3.221946
0.082000 0.666683 -0.194450 0.147320 -0.247069 0.113342 0.241846 -5.250223 3.426889 3.206947
0.083000 0.666434 -0.194335 0.147563 -0.252341 0.116796 0.245045 -5.293949 3.481888 3.190850
0.084000 0.666179 -0.194217 0.147810 -0.257657 0.120306 0.248227 -5.336848 3.536704 3.173690
0.085000 0.665918 -0.194095 0.148060 -0.263015 0.123870 0.251392 -5.378838 3.591279 3.155445
0.086000 0.665653 -0.193969 0.148312 -0.268414 0.127488 0.254538 -5.419809 3.645555 3.136035
0.087000 0.665382 -0.193840 0.148569 -0.273854 0.131161 0.257664 -5.459715 3.699515 3.115430
0.088000 0.665105 -0.193707 0.148828 -0.279334 0.134887 0.260769 -5.498582 3.753178 3.093670
0.089000 0.664823 -0.193570 0.149090 -0.284851 0.138667 0.263852 -5.536445 3.806567 3.070809
0.090000 0.664535 -0.193429 0.149356 -0.290407 0.142500 0.266911 -5.573367 3.859717 3.046926
0.091000 0.664242 -0.193285 0.149624 -0.295998 0.146387 0.269945 -5.609421 3.912668 3.022117
0.092000 0.663943 -0.193137 0.149895 -0.301625 0.150326 0.272955 -5.644590 3.965413 2.996389
0.093000 0.663639 -0.192984 0.150170 -0.307287 0.154318 0.275938 -5.678766 4.017900 2.969661
0.094000 0.663329 -0.192828 0.150447 -0.312983 0.158362 0.278894 -5.711874 4.070090 2.941886
0.095000 0.663013 -0.192667 0.150728 -0.318711 0.162458 0.281822 -5.743899 4.121975 2.913080
0.096000 0.662691 -0.192503 0.151011 -0.324471 0.166606 0.284720 -5.774840 4.173552 2.883255
0.097000 0.662364 -0.192334 0.151297 -0.330261 0.170805 0.287589 -5.804720 4.224828 2.852420
0.098000 0.662031 -0.192161 0.151586 -0.336080 0.175055 0.290425 -5.833595 4.275827 2.820604
0.099000 0.661692 -0.191984 0.151878 -0.341928 0.179356 0.293230 -5.861530 4.326567 2.787863
0.100000 0.661347 -0.191803 0.152173 -0.347803 0.183708 0.296001 -5.888626 4.377081 2.754324
0.101000 0.660996 -0.191617 0.152470 -0.353705 0.188111 0.298738 -5.915006 4.427404 2.720157
0.102000 0.660640 -0.191426 0.152770 -0.359633 0.192563 0.301441 -5.940678 4.477517 2.685419
0.103000 0.660277 -0.191232 0.153073 -0.365587 0.197066 0.304109 -5.965528 4.527345 2.650053
0.104000 0.659908 -0.191032 0.153378 -0.371564 0.201618 0.306741 -5.989479 4.576838 2.614040
0.105000 0.659534 -0.190828 0.153686 -0.377566 0.206219 0.309337 -6.012535 4.625982 2.577439
0.106000 0.659153 -0.190620 0.153997 -0.383589 0.210870 0.311896 -6.034718 4.674777 2.540296
0.107000 0.658767 -0.190407 0.154310 -0.389635 0.215569 0.314418 -6.056090 4.723250 2.502640
0.108000 0.658374 -0.190189 0.154626 -0.395702 0.220316 0.316902 -6.076734 4.771439 2.464488
0.109000 0.657975 -0.189966 0.154944 -0.401788 0.225112 0.319347 -6.096623 4.819323 2.425786
0.110000 0.657570 -0.189738 0.155264 -0.407895 0.229955 0.321753 -6.115655 4.866839 2.386460
0.111000 0.657159 -0.189506 0.155587 -0.414020 0.234845 0.324120 -6.133839 4.913981 2.346567
0.112000 0.656742 -0.189269 0.155913 -0.420162 0.239783 0.326446 -6.151285 4.960794 2.306271
0.113000 0.656319 -0.189027 0.156240 -0.426322 0.244767 0.328732 -6.167990 5.007260 2.265628
0.114000 0.655890 -0.188779 0.156570 -0.432498 0.249797 0.330978 -6.183815 5.053288 2.224575
0.115000 0.655454 -0.188527 0.156902 -0.438690 0.254874 0.333181 -6.198674 5.098802 2.183095
0.116000 0.655012 -0.188270 0.157237 -0.444896 0.259995 0.335344 -6.212577 5.143777 2.141254
0.117000 0.654564 -0.188007 0.157573 -0.451115 0.265161 0.337464 -6.225551 5.188217 2.099110
0.118000 0.654110 -0.187739 0.157911 -0.457347 0.270371 0.339542 -6.237665 5.232183 2.056702
0.119000 0.653650 -0.187466 0.158252 -0.463590 0.275626 0.341577 -6.249006 5.275764 2.014058
0.120000 0.653183 -0.187188 0.158595 -0.469845 0.280923 0.343570 -6.259537 5.318966 1.971126
0.121000 0.652710 -0.186904 0.158939 -0.476110 0.286263 0.345520 -6.269129 5.361721 1.927816
0.122000 0.652231 -0.186615 0.159286 -0.482383 0.291646 0.347426 -6.277780 5.404025 1.884167
0.123000 0.651745 -0.186321 0.159634 -0.488665 0.297072 0.349288 -6.285602 5.445937 1.840317
0.124000 0.651253 -0.186021 0.159984 -0.494954 0.302538 0.351106 -6.292580 5.487438 1.796303
0.125000 0.650755 -0.185716 0.160336 -0.501250 0.308046 0.352881 -6.298562 5.528420 1.752050
0.126000 0.650251 -0.185405 0.160690 -0.507552 0.313595 0.354610 -6.303472 5.568807 1.707546
0.127000 0.649740 -0.185089 0.161045 -0.513857 0.319184 0.356296 -6.307330 5.608567 1.662852
0.128000 0.649223 -0.184767 0.161403 -0.520166 0.324812 0.357936 -6.310049 5.647617 1.617944
0.129000 0.648700 -0.184439 0.161761 -0.526477 0.330479 0.359532 -6.311451 5.685846 1.572688
0.130000 0.648170 -0.184106 0.162122 -0.532789 0.336184 0.361082 -6.311486 5.723255 1.526985
0.131000 0.647634 -0.183767 0.162483 -0.539100 0.341926 0.362586 -6.310249 5.759947 1.480816
0.132000 0.647092 -0.183422 0.162847 -0.545410 0.347704 0.364043 -6.307856 5.796020 1.434221
0.133000 0.646543 -0.183071 0.163212 -0.551716 0.353518 0.365454 -6.304460 5.831566 1.387346
0.134000 0.645989 -0.182715 0.163578 -0.558019 0.359367 0.366818 -6.300237 5.866671 1.340394
0.135000 0.645427 -0.182353 0.163945 -0.564316 0.365251 0.368135 -6.295186 5.901312 1.293439
0.136000 0.644860 -0.181984 0.164314 -0.570609 0.371170 0.369405 -6.289147 5.935372 1.246419
0.137000 0.644286 -0.181610 0.164684 -0.576895 0.377122 0.370628 -6.282060 5.968791 1.199332
0.138000 0.643706 -0.181230 0.165055 -0.583173 0.383107 0.371803 -6.273979 6.001580 1.152259
0.139000 0.643120 -0.180844 0.165428 -0.589443 0.389125 0.372932 -6.264828 6.033672 1.105192
0.140000 0.642527 -0.180452 0.165801 -0.595703 0.395175 0.374014 -6.254415 6.064945 1.058022
0.141000 0.641928 -0.180054 0.166176 -0.601952 0.401255 0.375048 -6.242676 6.095394 1.010713
0.142000 0.641323 -0.179649 0.166551 -0.608188 0.407365 0.376035 -6.229712 6.125132 0.963336
0.143000 0.640712 -0.179239 0.166928 -0.614411 0.413505 0.376975 -6.215654 6.154274 0.915994
0.144000 0.640095 -0.178822 0.167305 -0.620619 0.419674 0.377867 -6.200686 6.182946 0.868851
0.145000 0.639471 -0.178400 0.167683 -0.626812 0.425871 0.378713 -6.185019 6.211276 0.822102
0.146000 0.638841 -0.177971 0.168063 -0.632989 0.432096 0.379511 -6.168665 6.239255 0.775806
0.147000 0.638205 -0.177535 0.168442 -0.639150 0.438350 0.380264 -6.151438 6.266751 0.729869
0.148000 0.637563 -0.177094 0.168823 -0.645292 0.444630 0.380971 -6.133242 6.293698 0.684227
0.149000 0.636914 -0.176646 0.169204 -0.651416 0.450937 0.381633 -6.114097 6.320106 0.638885
0.150000 0.636260 -0.176192 0.169586 -0.657520 0.457270 0.382249 -6.093892 6.345900 0.593767
0.151000 0.635599 -0.175732 0.169969 -0.663604 0.463629 0.382820 -6.072409 6.370942 0.548715
0.152000 0.634933 -0.175265 0.170352 -0.669665 0.470012 0.383346 -6.049597 6.395241 0.503631
0.153000 0.634260 -0.174792 0.170736 -0.675703 0.476419 0.383827 -6.025554 6.418918 0.458481
0.154000 0.633581 -0.174312 0.171120 -0.681716 0.482850 0.384263 -6.000228 6.441978 0.413176
0.155000 0.632896 -0.173826 0.171504 -0.687704 0.489303 0.384654 -5.973436 6.464309 0.367617
0.156000 0.632206 -0.173333 0.171889 -0.693663 0.495779 0.384999 -5.945187 6.485925 0.321879
0.157000 0.631509 -0.172834 0.172274 -0.699594 0.502275 0.385298 -5.915695 6.506982 0.276187
0.158000 0.630807 -0.172329 0.172660 -0.705495 0.508792 0.385551 -5.885141 6.527596 0.230731
0.159000 0.630098 -0.171817 0.173045 -0.711364 0.515330 0.385759 -5.853658 6.547814 0.185642
0.160000 0.629384 -0.171298 0.173431 -0.717202 0.521888 0.385922 -5.821345 6.567644 0.141013
0.161000 0.628664 -0.170773 0.173817 -0.723007 0.528466 0.386041 -5.788108 6.586971 0.096819
0.162000 0.627938 -0.170241 0.174203 -0.728778 0.535062 0.386116 -5.753714 6.605631 0.052929
0.163000 0.627206 -0.169703 0.174589 -0.734514 0.541677 0.386147 -5.718106 6.623638 0.009268
0.164000 0.626469 -0.169158 0.174975 -0.740214 0.548309 0.386134 -5.681385 6.641148 -0.034165
0.165000 0.625726 -0.168606 0.175362 -0.745877 0.554959 0.386079 -5.643494 6.658174 -0.077437
0.166000 0.624977 -0.168048 0.175748 -0.751501 0.561626 0.385979 -5.604239 6.674585 -0.120639
0.167000 0.624223 -0.167483 0.176134 -0.757086 0.568308 0.385837 -5.563643 6.690382 -0.163695
0.168000 0.623463 -0.166911 0.176519 -0.762629 0.575006 0.385652 -5.521967 6.705721 -0.206385
0.169000 0.622697 -0.166333 0.176905 -0.768130 0.581720 0.385424 -5.479438 6.720719 -0.248537
0.170000 0.621927 -0.165748 0.177290 -0.773588 0.588448 0.385155 -5.436234 6.735424 -0.290076
0.171000 0.621150 -0.165156 0.177675 -0.779002 0.595191 0.384844 -5.392501 6.749843 -0.330972
0.172000 0.620369 -0.164558 0.178060 -0.784373 0.601948 0.384493 -5.348163 6.763845 -0.371304
0.173000 0.619582 -0.163952 0.178444 -0.789698 0.608718 0.384102 -5.302967 6.777234 -0.411232
0.174000 0.618789 -0.163340 0.178828 -0.794978 0.615502 0.383671 -5.256827 6.790009 -0.450857
0.175000 0.617992 -0.162721 0.179211 -0.800212 0.622298 0.383200 -5.209820 6.802320 -0.490214
0.176000 0.617189 -0.162096 0.179594 -0.805398 0.629107 0.382690 -5.161857 6.814160 -0.529392
0.177000 0.616381 -0.161463 0.179977 -0.810536 0.635927 0.382141 -5.112716 6.825359 -0.568488
0.178000 0.615568 -0.160824 0.180359 -0.815624 0.642757 0.381553 -5.062418 6.835872 -0.607427
0.179000 0.614750 -0.160178 0.180740 -0.820661 0.649598 0.380926 -5.011190 6.845791 -0.646001
0.180000 0.613926 -0.159524 0.181121 -0.825646 0.656449 0.380261 -4.959044 6.855052 -0.684131
0.181000 0.613098 -0.158865 0.181500 -0.830579 0.663308 0.379558 -4.905749 6.863415 -0.721902
0.182000 0.612265 -0.158198 0.181880 -0.835457 0.670176 0.378817 -4.851211 6.870733 -0.759374
0.183000 0.611427 -0.157524 0.182258 -0.840281 0.677050 0.378039 -4.795551 6.877008 -0.796527
0.184000 0.610585 -0.156844 0.182636 -0.845048 0.683930 0.377224 -4.738901 6.882288 -0.833346
0.185000 0.609737 -0.156156 0.183013 -0.849759 0.690814 0.376373 -4.681417 6.886705 -0.869832
0.186000 0.608885 -0.155462 0.183389 -0.854411 0.697703 0.375485 -4.623270 6.890435 -0.905995
0.187000 0.608028 -0.154761 0.183764 -0.859005 0.704595 0.374561 -4.564396 6.893456 -0.941918
0.188000 0.607167 -0.154053 0.184138 -0.863540 0.711490 0.373601 -4.504562 6.895585 -0.977701
0.189000 0.606301 -0.153338 0.184511 -0.868014 0.718387 0.372605 -4.443767 6.896810 -1.013285
0.190000 0.605431 -0.152616 0.184883 -0.872428 0.725284 0.371574 -4.382221 6.897284 -1.048489
0.191000 0.604557 -0.151887 0.185254 -0.876779 0.732181 0.370508 -4.319914 6.896974 -1.083248
0.192000 0.603678 -0.151152 0.185624 -0.881067 0.739078 0.369408 -4.256595 6.895617 -1.117650
0.193000 0.602794 -0.150409 0.185993 -0.885292 0.745972 0.368273 -4.192175 6.893025 -1.151746
0.194000 0.601907 -0.149660 0.186360 -0.889452 0.752864 0.367104 -4.126745 6.889120 -1.185523
0.195000 0.601015 -0.148904 0.186727 -0.893546 0.759751 0.365902 -4.060202 6.883702 -1.219041
0.196000 0.600120 -0.148140 0.187092 -0.897572 0.766631 0.364666 -3.992260 6.876515 -1.252443
0.197000 0.599220 -0.147370 0.187456 -0.901530 0.773504 0.363397 -3.922833 6.867561 -1.285812
0.198000 0.598317 -0.146593 0.187819 -0.905418 0.780366 0.362095 -3.852084 6.857087 -1.319136
0.199000 0.597409 -0.145810 0.188180 -0.909234 0.787218 0.360759 -3.780198 6.845325 -1.352363
0.200000 0.596498 -0.145019 0.188541 -0.912978 0.794057 0.359390 -3.707403 6.832485 -1.385358
0.201000 0.595584 -0.144221 0.188899 -0.916649 0.800883 0.357988 -3.633948 6.818762 -1.417946
0.202000 0.594665 -0.143417 0.189257 -0.920246 0.807694 0.356554 -3.559808 6.804102 -1.450077
0.203000 0.593743 -0.142606 0.189612 -0.923769 0.814491 0.355088 -3.484721 6.788213 -1.481844
0.204000 0.592818 -0.141788 0.189967 -0.927216 0.821271 0.353590 -3.408608 6.770883 -1.513314
0.205000 0.591889 -0.140964 0.190320 -0.930586 0.828033 0.352061 -3.331636 6.752083 -1.544478
0.206000 0.590956 -0.140132 0.190671 -0.933879 0.834775 0.350501 -3.253960 6.731848 -1.575343
0.207000 0.590021 -0.139294 0.191021 -0.937094 0.841496 0.348911 -3.175717 6.710347 -1.605947
0.208000 0.589082 -0.138449 0.191369 -0.940230 0.848196 0.347289 -3.097033 6.687820 -1.636340
0.209000 0.588140 -0.137598 0.191715 -0.943288 0.854872 0.345638 -3.017787 6.664256 -1.666633
0.210000 0.587196 -0.136739 0.192060 -0.946266 0.861524 0.343956 -2.937695 6.639428 -1.696928
0.211000 0.586248 -0.135875 0.192403 -0.949163 0.868151 0.342244 -2.856727 6.613290 -1.727166
0.212000 0.585297 -0.135003 0.192744 -0.951979 0.874751 0.340502 -2.775080 6.585985 -1.757171
0.213000 0.584344 -0.134125 0.193084 -0.954713 0.881323 0.338730 -2.692723 6.557443 -1.786877
0.214000 0.583388 -0.133240 0.193422 -0.957365 0.887866 0.336928 -2.609378 6.527338 -1.816360
0.215000 0.582429 -0.132349 0.193758 -0.959932 0.894378 0.335097 -2.524960 6.495444 -1.845668
0.216000 0.581468 -0.131452 0.194092 -0.962415 0.900857 0.333237 -2.439642 6.461732 -1.874775
0.217000 0.580504 -0.130548 0.194424 -0.964812 0.907301 0.331347 -2.353594 6.426260 -1.903671
0.218000 0.579538 -0.129637 0.194755 -0.967122 0.913709 0.329429 -2.266982 6.389249 -1.932374
0.219000 0.578570 -0.128720 0.195083 -0.969345 0.920080 0.327483 -2.179973 6.351006 -1.960915
0.220000 0.577600 -0.127797 0.195410 -0.971482 0.926411 0.325508 -2.092469 6.311561 -1.989389
0.221000 0.576627 -0.126867 0.195734 -0.973530 0.932703 0.323504 -2.004178 6.270696 -2.017888
0.222000 0.575653 -0.125932 0.196057 -0.975490 0.938953 0.321472 -1.915046 6.228406 -2.046359
0.223000 0.574676 -0.124989 0.196377 -0.977361 0.945159 0.319411 -1.825299 6.184942 -2.074625
0.224000 0.573698 -0.124041 0.196696 -0.979141 0.951322 0.317323 -1.735152 6.140482 -2.102561
0.225000 0.572718 -0.123087 0.197012 -0.980831 0.957440 0.315206 -1.644806 6.095076 -2.130130
0.226000 0.571736 -0.122126 0.197326 -0.982430 0.963513 0.313062 -1.554502 6.048762 -2.157330
0.227000 0.570753 -0.121160 0.197638 -0.983940 0.969538 0.310891 -1.464415 6.001608 -2.184183
0.228000 0.569768 -0.120187 0.197948 -0.985359 0.975516 0.308694 -1.374703 5.953845 -2.210708
0.229000 0.568782 -0.119209 0.198255 -0.986689 0.981446 0.306470 -1.285574 5.905851 -2.236899
0.230000 0.567795 -0.118224 0.198561 -0.987930 0.987327 0.304220 -1.197202 5.857946 -2.262730
0.231000 0.566806 -0.117234 0.198864 -0.989084 0.993162 0.301945 -1.109809 5.810431 -2.288112
0.232000 0.565817 -0.116238 0.199165 -0.990150 0.998948 0.299644 -1.023641 5.763593 -2.312918
0.233000 0.564826 -0.115236 0.199463 -0.991131 1.004689 0.297319 -0.938654 5.717396 -2.337120
0.234000 0.563835 -0.114229 0.199759 -0.992027 1.010383 0.294970 -0.854568 5.671487 -2.360796
0.235000 0.562842 -0.113215 0.200053 -0.992840 1.016032 0.292597 -0.771316 5.625606 -2.383983
0.236000 0.561849 -0.112197 0.200344 -0.993570 1.021634 0.290202 -0.689051 5.579650 -2.406663
0.237000 0.560855 -0.111172 0.200633 -0.994218 1.027191 0.287784 -0.607703 5.533354 -2.428877
0.238000 0.559860 -0.110142 0.200920 -0.994785 1.032701 0.285344 -0.526966 5.486384 -2.450744
0.239000 0.558865 -0.109107 0.201204 -0.995272 1.038164 0.282882 -0.446741 5.438775 -2.472349
0.240000 0.557870 -0.108066 0.201486 -0.995679 1.043579 0.280399 -0.367149 5.390842 -2.493732
0.241000 0.556874 -0.107020 0.201765 -0.996006 1.048945 0.277895 -0.288091 5.342630 -2.514968
0.242000 0.555878 -0.105968 0.202042 -0.996255 1.054264 0.275369 -0.209272 5.293906 -2.536136
0.243000 0.554881 -0.104911 0.202316 -0.996425 1.059533 0.272823 -0.130640 5.244679 -2.557186
0.244000 0.553885 -0.103849 0.202587 -0.996516 1.064753 0.270255 -0.052438 5.195258 -2.577967
0.245000 0.552888 -0.102782 0.202856 -0.996530 1.069924 0.267667 0.025103 5.145864 -2.598366
0.246000 0.551892 -0.101709 0.203122 -0.996466 1.075045 0.265058 0.101766 5.096557 -2.618342
0.247000 0.550896 -0.100631 0.203386 -0.996326 1.080117 0.262430 0.177342 5.047309 -2.637899
0.248000 0.549899 -0.099549 0.203647 -0.996111 1.085140 0.259782 0.251907 4.997854 -2.657101
0.249000 0.548903 -0.098461 0.203906 -0.995822 1.090113 0.257116 0.325769 4.947852 -2.676050
0.250000 0.547908 -0.097369 0.204162 -0.995460 1.095035 0.254430 0.399027 4.897361 -2.694781
0.251000 0.546912 -0.096271 0.204415 -0.995024 1.099907 0.251726 0.471562 4.846744 -2.713272
0.252000 0.545918 -0.095169 0.204665 -0.994517 1.104729 0.249004 0.543473 4.796068 -2.731548
0.253000 0.544923 -0.094062 0.204913 -0.993937 1.109499 0.246263 0.615066 4.745086 -2.749671
0.254000 0.543930 -0.092950 0.205158 -0.993287 1.114219 0.243504 0.686415 4.693785 -2.767612
0.255000 0.542937 -0.091833 0.205400 -0.992565 1.118887 0.240728 0.757365 4.642406 -2.785270
0.256000 0.541945 -0.090712 0.205639 -0.991772 1.123504 0.237934 0.827985 4.590907 -2.802617
0.257000 0.540953 -0.089586 0.205876 -0.990909 1.128069 0.235123 0.898559 4.538899 -2.819723
0.258000 0.539963 -0.088456 0.206109 -0.989975 1.132582 0.232294 0.969129 4.486116 -2.836647
0.259000 0.538973 -0.087321 0.206340 -0.988970 1.137041 0.229449 1.039451 4.432549 -2.853400
0.260000 0.537985 -0.086182 0.206568 -0.987896 1.141447 0.226588 1.109296 4.378296 -2.869973
0.261000 0.536998 -0.085038 0.206793 -0.986752 1.145798 0.223709 1.178464 4.323648 -2.886322
0.262000 0.536011 -0.083890 0.207016 -0.985539 1.150094 0.220815 1.246772 4.269005 -2.902384
0.263000 0.535026 -0.082738 0.207235 -0.984258 1.154336 0.217905 1.314310 4.214413 -2.918160
0.264000 0.534043 -0.081582 0.207451 -0.982910 1.158523 0.214979 1.381373 4.159605 -2.933698
0.265000 0.533061 -0.080421 0.207665 -0.981496 1.162655 0.212037 1.448026 4.104575 -2.948993
0.266000 0.532080 -0.079256 0.207875 -0.980014 1.166732 0.209081 1.514103 4.049583 -2.963981
0.267000 0.531101 -0.078087 0.208083 -0.978467 1.170754 0.206109 1.579661 3.994594 -2.978652
0.268000 0.530123 -0.076915 0.208288 -0.976855 1.174721 0.203123 1.644971 3.939202 -2.993067
0.269000 0.529147 -0.075738 0.208489 -0.975177 1.178632 0.200123 1.710063 3.883124 -3.007258
0.270000 0.528173 -0.074557 0.208688 -0.973435 1.182487 0.197109 1.774681 3.826347 -3.021207
0.271000 0.527200 -0.073373 0.208884 -0.971628 1.186285 0.194081 1.838589 3.768979 -3.034894
0.272000 0.526229 -0.072185 0.209076 -0.969758 1.190025 0.191039 1.901599 3.711354 -3.048295
0.273000 0.525260 -0.070993 0.209266 -0.967825 1.193708 0.187984 1.963545 3.653932 -3.061384
0.274000 0.524294 -0.069797 0.209452 -0.965831 1.197333 0.184916 2.024527 3.596796 -3.074181
0.275000 0.523329 -0.068598 0.209635 -0.963776 1.200901 0.181836 2.084843 3.539689 -3.086734
0.276000 0.522366 -0.067396 0.209816 -0.961661 1.204413 0.178743 2.144566 3.482617 -3.099035
0.277000 0.521405 -0.066190 0.209993 -0.959487 1.207867 0.175638 2.203546 3.425870 -3.111021
0.278000 0.520447 -0.064980 0.210167 -0.957254 1.211264 0.172521 2.261848 3.369423 -3.122676
0.279000 0.519491 -0.063767 0.210338 -0.954963 1.214606 0.169392 2.319742 3.312861 -3.134049
0.280000 0.518537 -0.062551 0.210506 -0.952614 1.217890 0.166253 2.377265 3.255893 -3.145166
0.281000 0.517586 -0.061331 0.210670 -0.950208 1.221117 0.163102 2.434225 3.198420 -3.156021
0.282000 0.516637 -0.060108 0.210832 -0.947746 1.224287 0.159941 2.490653 3.140150 -3.166637
0.283000 0.515690 -0.058883 0.210990 -0.945227 1.227398 0.156769 2.546823 3.080698 -3.177060
0.284000 0.514746 -0.057654 0.211146 -0.942652 1.230448 0.153587 2.602810 3.020120 -3.187281
0.285000 0.513805 -0.056422 0.211298 -0.940021 1.233438 0.150394 2.658428 2.958892 -3.197240
0.286000 0.512866 -0.055187 0.211446 -0.937335 1.236366 0.147192 2.713488 2.897461 -3.206881
0.287000 0.511930 -0.053949 0.211592 -0.934594 1.239233 0.143980 2.767798 2.836224 -3.216159
0.288000 0.510997 -0.052708 0.211734 -0.931800 1.242038 0.140760 2.821163 2.775550 -3.225038
0.289000 0.510067 -0.051465 0.211873 -0.928952 1.244784 0.137530 2.873649 2.715409 -3.233521
0.290000 0.509139 -0.050219 0.212009 -0.926052 1.247469 0.134293 2.925520 2.655386 -3.241652
0.291000 0.508215 -0.048970 0.212142 -0.923101 1.250095 0.131047 2.976811 2.595208 -3.249453
0.292000 0.507293 -0.047719 0.212271 -0.920099 1.252660 0.127794 3.027334 2.534814 -3.256918
0.293000 0.506374 -0.046465 0.212398 -0.917046 1.255164 0.124533 3.077123 2.473933 -3.264063
0.294000 0.505459 -0.045208 0.212520 -0.913945 1.257608 0.121266 3.126438 2.412178 -3.270918
0.295000 0.504547 -0.043949 0.212640 -0.910794 1.259989 0.117991 3.175354 2.349608 -3.277469
0.296000 0.503637 -0.042688 0.212756 -0.907594 1.262307 0.114711 3.223739 2.286627 -3.283663
0.297000 0.502731 -0.041425 0.212870 -0.904346 1.264562 0.111424 3.271665 2.223306 -3.289483
0.298000 0.501829 -0.040159 0.212979 -0.901051 1.266753 0.108132 3.319413 2.159363 -3.294967
0.299000 0.500929 -0.038891 0.213086 -0.897707 1.268881 0.104834 3.367072 2.094793 -3.300162
0.300000 0.500033 -0.037621 0.213189 -0.894316 1.270943 0.101531 3.414480 2.029949 -3.305099
0.301000 0.499141 -0.036349 0.213289 -0.890878 1.272941 0.098224 3.461443 1.965099 -3.309797
0.302000 0.498251 -0.035076 0.213385 -0.887394 1.274873 0.094912 3.507719 1.900354 -3.314256
0.303000 0.497366 -0.033800 0.213479 -0.883863 1.276741 0.091595 3.553038 1.835738 -3.318465
0.304000 0.496484 -0.032522 0.213569 -0.880287 1.278545 0.088275 3.597398 1.770983 -3.322431
0.305000 0.495605 -0.031243 0.213655 -0.876668 1.280283 0.084951 3.641036 1.705690 -3.326160
0.306000 0.494730 -0.029961 0.213739 -0.873005 1.281956 0.081623 3.684015 1.639895 -3.329603
0.307000 0.493859 -0.028679 0.213818 -0.869300 1.283563 0.078291 3.726202 1.573982 -3.332671
0.308000 0.492992 -0.027394 0.213895 -0.865553 1.285104 0.074957 3.767659 1.508001 -3.335316
0.309000 0.492128 -0.026108 0.213968 -0.861765 1.286579 0.071621 3.808662 1.441648 -3.337561
0.310000 0.491268 -0.024821 0.214038 -0.857936 1.287987 0.068282 3.849314 1.374899 -3.339468
0.311000 0.490412 -0.023533 0.214105 -0.854066 1.289329 0.064942 3.889484 1.308091 -3.341103
0.312000 0.489560 -0.022243 0.214168 -0.850157 1.290603 0.061600 3.929013 1.241482 -3.342510
0.313000 0.488712 -0.020951 0.214228 -0.846208 1.291812 0.058257 3.967690 1.175192 -3.343699
0.314000 0.487868 -0.019659 0.214285 -0.842221 1.292954 0.054913 4.005276 1.109263 -3.344661
0.315000 0.487027 -0.018365 0.214338 -0.838198 1.294030 0.051567 4.041783 1.043435 -3.345392
0.316000 0.486191 -0.017071 0.214388 -0.834138 1.295041 0.048222 4.077437 0.977304 -3.345885
0.317000 0.485359 -0.015775 0.214434 -0.830043 1.295985 0.044876 4.112288 0.910893 -3.346081
0.318000 0.484531 -0.014479 0.214478 -0.825913 1.296863 0.041530 4.146195 0.844572 -3.345890
0.319000 0.483707 -0.013182 0.214517 -0.821750 1.297674 0.038184 4.179208 0.778379 -3.345257
0.320000 0.482888 -0.011884 0.214554 -0.817555 1.298419 0.034839 4.211591 0.712008 -3.344199
0.321000 0.482072 -0.010585 0.214587 -0.813327 1.299098 0.031495 4.243456 0.645449 -3.342796
0.322000 0.481261 -0.009285 0.214617 -0.809068 1.299710 0.028153 4.274699 0.579063 -3.341147
0.323000 0.480454 -0.007985 0.214643 -0.804778 1.300256 0.024813 4.305178 0.513134 -3.339321
0.324000 0.479652 -0.006685 0.214667 -0.800457 1.300736 0.021475 4.334685 0.447807 -3.337340
0.325000 0.478853 -0.005384 0.214686 -0.796108 1.301152 0.018139 4.362975 0.383150 -3.335194
0.326000 0.478059 -0.004083 0.214703 -0.791732 1.301503 0.014804 4.390042 0.318920 -3.332873
0.327000 0.477270 -0.002781 0.214716 -0.787328 1.301790 0.011473 4.416110 0.254704 -3.330352
0.328000 0.476485 -0.001479 0.214726 -0.782899 1.302012 0.008144 4.441262 0.190496 -3.327566
0.329000 0.475704 -0.000177 0.214732 -0.778446 1.302171 0.004818 4.465413 0.126624 -3.324422
0.330000 0.474928 0.001125 0.214735 -0.773968 1.302265 0.001495 4.488646 0.063094 -3.320858
0.331000 0.474156 0.002428 0.214735 -0.769468 1.302297 -0.001824 4.511230 -0.000424 -3.316886
0.332000 0.473389 0.003730 0.214732 -0.764946 1.302265 -0.005139 4.533286 -0.063973 -3.312603
0.333000 0.472626 0.005032 0.214725 -0.760402 1.302169 -0.008449 4.554781 -0.127292 -3.308143
0.334000 0.471868 0.006334 0.214715 -0.755836 1.302010 -0.011755 4.575825 -0.190438 -3.303599
0.335000 0.471114 0.007636 0.214702 -0.751250 1.301788 -0.015056 4.596635 -0.253833 -3.299003
0.336000 0.470365 0.008938 0.214685 -0.746643 1.301502 -0.018353 4.617195 -0.317702 -3.294349
0.337000 0.469621 0.010239 0.214665 -0.742016 1.301153 -0.021645 4.637239 -0.381941 -3.289615
0.338000 0.468881 0.011540 0.214642 -0.737369 1.300738 -0.024932 4.656537 -0.446383 -3.284751
0.339000 0.468146 0.012841 0.214615 -0.732703 1.300260 -0.028215 4.674911 -0.510734 -3.279658
0.340000 0.467416 0.014141 0.214585 -0.728019 1.299717 -0.031492 4.692214 -0.574633 -3.274208
0.341000 0.466690 0.015440 0.214552 -0.723318 1.299111 -0.034763 4.708512 -0.638100 -3.268303
0.342000 0.465969 0.016739 0.214516 -0.718602 1.298441 -0.038028 4.724064 -0.701483 -3.261933
0.343000 0.465253 0.018037 0.214476 -0.713870 1.297708 -0.041287 4.739020 -0.764848 -3.255184
0.344000 0.464542 0.019334 0.214433 -0.709124 1.296911 -0.044539 4.753399 -0.827964 -3.248187
0.345000 0.463835 0.020631 0.214387 -0.704363 1.296052 -0.047783 4.767341 -0.890908 -3.241030
0.346000 0.463133 0.021926 0.214337 -0.699589 1.295129 -0.051021 4.781064 -0.954095 -3.233728
0.347000 0.462436 0.023221 0.214285 -0.694801 1.294143 -0.054251 4.794556 -1.017720 -3.226268
0.348000 0.461743 0.024515 0.214229 -0.690000 1.293094 -0.057473 4.807576 -1.081642 -3.218629
0.349000 0.461056 0.025807 0.214170 -0.685186 1.291980 -0.060688 4.819910 -1.145669 -3.210762
0.350000 0.460373 0.027099 0.214108 -0.680360 1.290802 -0.063895 4.831403 -1.209515 -3.202569
0.351000 0.459695 0.028389 0.214042 -0.675523 1.289561 -0.067093 4.841928 -1.272843 -3.193922
0.352000 0.459022 0.029678 0.213973 -0.670676 1.288257 -0.070283 4.851553 -1.335688 -3.184719
0.353000 0.458354 0.030965 0.213902 -0.665820 1.286890 -0.073463 4.860515 -1.398398 -3.174944
0.354000 0.457690 0.032252 0.213826 -0.660955 1.285460 -0.076633 4.868944 -1.461030 -3.164702
0.355000 0.457032 0.033536 0.213748 -0.656082 1.283968 -0.079792 4.876841 -1.523341 -3.154157
0.356000 0.456378 0.034820 0.213667 -0.651202 1.282413 -0.082941 4.884322 -1.585394 -3.143416
0.357000 0.455729 0.036101 0.213582 -0.646314 1.280797 -0.086079 4.891586 -1.647583 -3.132490
0.358000 0.455086 0.037381 0.213495 -0.641418 1.279118 -0.089206 4.898621 -1.710062 -3.121360
0.359000 0.454447 0.038659 0.213404 -0.636516 1.277377 -0.092322 4.905203 -1.772645 -3.110007
0.360000 0.453812 0.039936 0.213310 -0.631608 1.275573 -0.095426 4.911129 -1.835120 -3.098383
0.361000 0.453183 0.041211 0.213213 -0.626694 1.273707 -0.098518 4.916237 -1.897226 -3.086392
0.362000 0.452559 0.042483 0.213113 -0.621776 1.271778 -0.101599 4.920384 -1.958676 -3.073909
0.363000 0.451940 0.043754 0.213010 -0.616853 1.269789 -0.104666 4.923615 -2.019544 -3.060824
0.364000 0.451325 0.045023 0.212904 -0.611928 1.267739 -0.107720 4.926147 -2.080199 -3.047109
0.365000 0.450716 0.046290 0.212794 -0.607001 1.265629 -0.110760 4.928107 -2.140735 -3.032862
0.366000 0.450111 0.047554 0.212682 -0.602072 1.263458 -0.113786 4.929514 -2.200958 -3.018249
0.367000 0.449512 0.048817 0.212567 -0.597142 1.261227 -0.116797 4.930483 -2.260963 -3.003370
0.368000 0.448917 0.050077 0.212449 -0.592211 1.258936 -0.119793 4.931203 -2.321142 -2.988223
0.369000 0.448327 0.051334 0.212327 -0.587280 1.256585 -0.122773 4.931663 -2.381633 -2.972785
0.370000 0.447743 0.052590 0.212203 -0.582348 1.254173 -0.125738 4.931659 -2.442230 -2.957038
0.371000 0.447163 0.053843 0.212076 -0.577416 1.251700 -0.128687 4.931016 -2.502709 -2.940937
0.372000 0.446588 0.055093 0.211946 -0.572486 1.249167 -0.131620 4.929616 -2.562811 -2.924390
0.373000 0.446018 0.056341 0.211813 -0.567557 1.246575 -0.134536 4.927371 -2.622260 -2.907274
0.374000 0.445453 0.057586 0.211677 -0.562631 1.243923 -0.137435 4.924351 -2.681131 -2.889475
0.375000 0.444892 0.058829 0.211538 -0.557708 1.241212 -0.140315 4.920772 -2.739792 -2.870952
0.376000 0.444337 0.060069 0.211396 -0.552790 1.238443 -0.143177 4.916764 -2.798336 -2.851800
0.377000 0.443787 0.061306 0.211251 -0.547875 1.235616 -0.146019 4.912361 -2.856579 -2.832187
0.378000 0.443241 0.062540 0.211104 -0.542965 1.232730 -0.148841 4.907682 -2.914609 -2.812207
0.379000 0.442701 0.063771 0.210954 -0.538060 1.229786 -0.151643 4.902901 -2.972795 -2.791850
0.380000 0.442165 0.065000 0.210801 -0.533159 1.226784 -0.154425 4.898011 -3.031221 -2.771088
0.381000 0.441635 0.066225 0.210645 -0.528263 1.223724 -0.157185 4.892852 -3.089690 -2.749906
0.382000 0.441109 0.067447 0.210486 -0.523373 1.220605 -0.159925 4.887405 -3.148282 -2.728258
0.383000 0.440588 0.068666 0.210325 -0.518489 1.217427 -0.162642 4.881803 -3.207364 -2.706052
0.384000 0.440072 0.069882 0.210161 -0.513610 1.214190 -0.165337 4.876088 -3.267033 -2.683188
0.385000 0.439561 0.071094 0.209994 -0.508737 1.210893 -0.168008 4.870160 -3.327047 -2.659592
0.386000 0.439054 0.072304 0.209825 -0.503869 1.207536 -0.170656 4.863940 -3.387172 -2.635266
0.387000 0.438553 0.073509 0.209653 -0.499009 1.204119 -0.173279 4.857393 -3.447184 -2.610345
0.388000 0.438056 0.074712 0.209478 -0.494155 1.200642 -0.175877 4.850501 -3.506863 -2.585040
0.389000 0.437565 0.075911 0.209301 -0.489308 1.197105 -0.178449 4.843362 -3.566320 -2.559466
0.390000 0.437078 0.077106 0.209122 -0.484468 1.193509 -0.180995 4.836127 -3.625916 -2.533605
0.391000 0.436596 0.078298 0.208939 -0.479635 1.189853 -0.183516 4.828790 -3.685731 -2.507401
0.392000 0.436118 0.079486 0.208754 -0.474810 1.186138 -0.186010 4.821181 -3.745502 -2.480818
0.393000 0.435646 0.080670 0.208567 -0.469993 1.182362 -0.188478 4.813156 -3.804979 -2.453796
0.394000 0.435178 0.081851 0.208378 -0.465184 1.178528 -0.190918 4.804607 -3.863939 -2.426245
0.395000 0.434716 0.083027 0.208185 -0.460384 1.174635 -0.193330 4.795451 -3.922173 -2.398054
0.396000 0.434258 0.084200 0.207991 -0.455593 1.170683 -0.195714 4.785735 -3.979796 -2.369107
0.397000 0.433804 0.085368 0.207794 -0.450812 1.166675 -0.198068 4.775631 -4.037186 -2.339347
0.398000 0.433356 0.086533 0.207595 -0.446042 1.162609 -0.200393 4.765248 -4.094474 -2.308864
0.399000 0.432912 0.087694 0.207393 -0.441282 1.158486 -0.202686 4.754616 -4.151536 -2.277840
0.400000 0.432473 0.088850 0.207189 -0.436533 1.154306 -0.204948 4.743834 -4.208495 -2.246368
0.401000 0.432039 0.090002 0.206983 -0.431794 1.150069 -0.207179 4.733043 -4.265702 -2.214423
0.402000 0.431610 0.091150 0.206775 -0.427066 1.145775 -0.209377 4.722239 -4.323223 -2.181977
0.403000 0.431185 0.092294 0.206565 -0.422350 1.141423 -0.211543 4.711297 -4.380851 -2.149029
0.404000 0.430765 0.093433 0.206352 -0.417644 1.137013 -0.213675 4.700199 -4.438646 -2.115536
0.405000 0.430350 0.094568 0.206137 -0.412949 1.132545 -0.215774 4.689060 -4.496963 -2.081391
0.406000 0.429939 0.095698 0.205920 -0.408266 1.128019 -0.217838 4.677925 -4.555951 -2.046498
0.407000 0.429533 0.096824 0.205701 -0.403593 1.123433 -0.219867 4.666736 -4.615462 -2.010801
0.408000 0.429132 0.097945 0.205481 -0.398932 1.118788 -0.221860 4.655456 -4.675342 -1.974312
0.409000 0.428735 0.099062 0.205258 -0.394283 1.114083 -0.223815 4.644087 -4.735436 -1.937162
0.410000 0.428344 0.100173 0.205033 -0.389644 1.109317 -0.225734 4.632630 -4.795518 -1.899561
0.411000 0.427956 0.101280 0.204806 -0.385017 1.104492 -0.227615 4.621057 -4.855391 -1.861667
0.412000 0.427574 0.102382 0.204578 -0.380402 1.099606 -0.229457 4.609262 -4.914809 -1.823560
0.413000 0.427195 0.103479 0.204347 -0.375799 1.094662 -0.231262 4.597092 -4.973493 -1.785275
0.414000 0.426822 0.104572 0.204115 -0.371208 1.089659 -0.233028 4.584512 -5.031489 -1.746774
0.415000 0.426453 0.105659 0.203881 -0.366630 1.084599 -0.234755 4.571610 -5.089136 -1.707943
0.416000 0.426089 0.106741 0.203646 -0.362065 1.079481 -0.236444 4.558415 -5.146588 -1.668666
0.417000 0.425729 0.107818 0.203408 -0.357513 1.074306 -0.238093 4.544859 -5.203722 -1.628870
0.418000 0.425374 0.108889 0.203170 -0.352975 1.069074 -0.239701 4.530894 -5.260409 -1.588538
0.419000 0.425023 0.109956 0.202929 -0.348451 1.063785 -0.241270 4.516514 -5.316515 -1.547758
0.420000 0.424677 0.111017 0.202687 -0.343942 1.058441 -0.242797 4.501736 -5.371903 -1.506676
0.421000 0.424335 0.112073 0.202443 -0.339448 1.053041 -0.244283 4.486645 -5.426704 -1.465350
0.422000 0.423998 0.113123 0.202198 -0.334969 1.047587 -0.245728 4.471350 -5.481242 -1.423736
0.423000 0.423665 0.114168 0.201952 -0.330505 1.042079 -0.247131 4.455832 -5.535567 -1.381819
0.424000 0.423337 0.115207 0.201704 -0.326057 1.036516 -0.248491 4.439960 -5.589425 -1.339640
0.425000 0.423013 0.116241 0.201455 -0.321625 1.030900 -0.249810 4.423630 -5.642614 -1.297223
0.426000 0.422694 0.117269 0.201205 -0.317210 1.025231 -0.251086 4.406794 -5.695037 -1.254559
0.427000 0.422379 0.118291 0.200953 -0.312811 1.019510 -0.252319 4.389437 -5.746647 -1.211624
0.428000 0.422068 0.119308 0.200700 -0.308431 1.013738 -0.253509 4.371624 -5.797651 -1.168342
0.429000 0.421762 0.120319 0.200446 -0.304068 1.007915 -0.254656 4.353494 -5.848438 -1.124641
0.430000 0.421460 0.121324 0.200191 -0.299724 1.002041 -0.255758 4.335152 -5.899178 -1.080564
0.431000 0.421162 0.122323 0.199934 -0.295398 0.996116 -0.256817 4.316636 -5.949773 -1.036250
0.432000 0.420869 0.123316 0.199677 -0.291091 0.990141 -0.257831 4.297946 -6.000085 -0.991811
0.433000 0.420580 0.124303 0.199419 -0.286802 0.984116 -0.258800 4.279014 -6.049909 -0.947313
0.434000 0.420295 0.125284 0.199159 -0.282532 0.978041 -0.259725 4.259724 -6.098953 -0.902806
0.435000 0.420015 0.126259 0.198899 -0.278283 0.971918 -0.260606 4.239990 -6.147021 -0.858313
0.436000 0.419739 0.127228 0.198638 -0.274053 0.965747 -0.261442 4.219771 -6.194002 -0.813841
0.437000 0.419467 0.128191 0.198376 -0.269843 0.959530 -0.262234 4.199043 -6.239831 -0.769387
0.438000 0.419199 0.129147 0.198114 -0.265654 0.953268 -0.262981 4.177857 -6.284683 -0.724890
0.439000 0.418936 0.130097 0.197850 -0.261487 0.946961 -0.263683 4.156321 -6.328908 -0.680269
0.440000 0.418676 0.131041 0.197586 -0.257342 0.940610 -0.264341 4.134499 -6.372647 -0.635533
0.441000 0.418421 0.131979 0.197322 -0.253218 0.934215 -0.264954 4.112389 -6.415775 -0.590781
0.442000 0.418170 0.132910 0.197056 -0.249117 0.927778 -0.265523 4.089960 -6.458132 -0.546103
0.443000 0.417923 0.133834 0.196791 -0.245038 0.921299 -0.266047 4.067129 -6.499487 -0.501570
0.444000 0.417680 0.134752 0.196524 -0.240983 0.914779 -0.266526 4.043777 -6.539526 -0.457259
0.445000 0.417441 0.135664 0.196258 -0.236951 0.908220 -0.266961 4.019822 -6.578036 -0.413210
0.446000 0.417206 0.136569 0.195990 -0.232943 0.901623 -0.267352 3.995243 -6.614907 -0.369435
0.447000 0.416975 0.137467 0.195723 -0.228960 0.894990 -0.267700 3.970049 -6.650081 -0.325925
0.448000 0.416748 0.138359 0.195455 -0.225003 0.888323 -0.268004 3.944302 -6.683727 -0.282615
0.449000 0.416525 0.139244 0.195187 -0.221072 0.881623 -0.268265 3.918099 -6.716181 -0.239418
0.450000 0.416306 0.140122 0.194918 -0.217167 0.874891 -0.268483 3.891496 -6.747601 -0.196340
0.451000 0.416090 0.140993 0.194650 -0.213289 0.868128 -0.268658 3.864503 -6.777958 -0.153459
0.452000 0.415879 0.141858 0.194381 -0.209438 0.861335 -0.268790 3.837162 -6.807388 -0.110784
0.453000 0.415672 0.142716 0.194112 -0.205614 0.854513 -0.268880 3.809550 -6.836162 -0.068247
0.454000 0.415468 0.143567 0.193843 -0.201819 0.847662 -0.268927 3.781678 -6.864307 -0.025832
0.455000 0.415268 0.144411 0.193574 -0.198051 0.840784 -0.268931 3.753497 -6.891594 0.016406
0.456000 0.415072 0.145249 0.193306 -0.194312 0.833879 -0.268894 3.724963 -6.917845 0.058427
0.457000 0.414879 0.146079 0.193037 -0.190601 0.826949 -0.268814 3.696042 -6.942985 0.100223
0.458000 0.414691 0.146903 0.192768 -0.186920 0.819993 -0.268693 3.666707 -6.966990 0.141802
0.459000 0.414506 0.147719 0.192499 -0.183268 0.813015 -0.268531 3.636981 -6.990036 0.183232
0.460000 0.414324 0.148529 0.192231 -0.179646 0.806013 -0.268327 3.606942 -7.012438 0.224600
0.461000 0.414146 0.149331 0.191963 -0.176054 0.798990 -0.268082 3.576655 -7.034335 0.265902
0.462000 0.413972 0.150127 0.191695 -0.172492 0.791945 -0.267795 3.546148 -7.055643 0.307042
0.463000 0.413801 0.150915 0.191427 -0.168962 0.784878 -0.267467 3.515426 -7.076231 0.347937
0.464000 0.413634 0.151696 0.191160 -0.165462 0.777792 -0.267099 3.484463 -7.095882 0.388514
0.465000 0.413470 0.152471 0.190893 -0.161993 0.770687 -0.266690 3.453211 -7.114331 0.428713
0.466000 0.413310 0.153238 0.190626 -0.158555 0.763563 -0.266242 3.421668 -7.131558 0.468550
0.467000 0.413153 0.153998 0.190360 -0.155149 0.756424 -0.265753 3.389878 -7.147800 0.508111
0.468000 0.413000 0.154751 0.190095 -0.151775 0.749268 -0.265226 3.357857 -7.163214 0.547437
0.469000 0.412850 0.155496 0.189830 -0.148434 0.742097 -0.264658 3.325577 -7.177781 0.586499
0.470000 0.412703 0.156235 0.189566 -0.145124 0.734912 -0.264053 3.293016 -7.191469 0.625259
0.471000 0.412559 0.156966 0.189302 -0.141848 0.727714 -0.263408 3.260165 -7.204223 0.663664
0.472000 0.412419 0.157690 0.189039 -0.138604 0.720504 -0.262725 3.227010 -7.215926 0.701638
0.473000 0.412282 0.158407 0.188776 -0.135393 0.713282 -0.262005 3.193534 -7.226459 0.739125
0.474000 0.412148 0.159117 0.188515 -0.132217 0.706051 -0.261247 3.159704 -7.235633 0.776086
0.475000 0.412018 0.159819 0.188254 -0.129074 0.698811 -0.260453 3.125472 -7.243219 0.812488
0.476000 0.411890 0.160514 0.187994 -0.125966 0.691564 -0.259622 3.090833 -7.249207 0.848369
0.477000 0.411766 0.161202 0.187735 -0.122892 0.684313 -0.258756 3.055831 -7.253827 0.883817
0.478000 0.411644 0.161883 0.187476 -0.119854 0.677057 -0.257854 3.020501 -7.257245 0.918868
0.479000 0.411526 0.162556 0.187219 -0.116851 0.669798 -0.256918 2.984856 -7.259484 0.953489
0.480000 0.411411 0.163223 0.186962 -0.113884 0.662538 -0.255947 2.948915 -7.260555 0.987645
0.481000 0.411298 0.163881 0.186707 -0.110954 0.655277 -0.254943 2.912708 -7.260467 1.021299
0.482000 0.411189 0.164533 0.186453 -0.108059 0.648017 -0.253905 2.876268 -7.259181 1.054402
0.483000 0.411082 0.165177 0.186199 -0.105201 0.640759 -0.252834 2.839618 -7.256636 1.086917
0.484000 0.410978 0.165815 0.185947 -0.102380 0.633504 -0.251731 2.802767 -7.252692 1.118803
0.485000 0.410877 0.166444 0.185696 -0.099596 0.626253 -0.250596 2.765710 -7.247157 1.150023
0.486000 0.410779 0.167067 0.185446 -0.096848 0.619009 -0.249431 2.728464 -7.240029 1.180602
0.487000 0.410684 0.167683 0.185197 -0.094139 0.611773 -0.248235 2.691063 -7.231507 1.210622
0.488000 0.410591 0.168291 0.184949 -0.091466 0.604546 -0.247010 2.653519 -7.221718 1.240107
0.489000 0.410501 0.168892 0.184703 -0.088832 0.597330 -0.245755 2.615815 -7.210650 1.269014
0.490000 0.410413 0.169485 0.184458 -0.086235 0.590125 -0.244472 2.577932 -7.198292 1.297310
0.491000 0.410328 0.170072 0.184214 -0.083676 0.582933 -0.243160 2.539848 -7.184642 1.324971
0.492000 0.410246 0.170651 0.183971 -0.081155 0.575756 -0.241822 2.501539 -7.169698 1.351985
0.493000 0.410166 0.171223 0.183730 -0.078673 0.568594 -0.240456 2.463005 -7.153584 1.378398
0.494000 0.410089 0.171788 0.183491 -0.076229 0.561449 -0.239065 2.424274 -7.136488 1.404302
0.495000 0.410014 0.172346 0.183252 -0.073824 0.554321 -0.237648 2.385364 -7.118426 1.429739
0.496000 0.409941 0.172897 0.183015 -0.071458 0.547212 -0.236205 2.346279 -7.099236 1.454691
0.497000 0.409871 0.173441 0.182780 -0.069132 0.540122 -0.234738 2.307028 -7.078803 1.479128
0.498000 0.409803 0.173977 0.182546 -0.066844 0.533054 -0.233247 2.267635 -7.057096 1.503004
0.499000 0.409737 0.174507 0.182313 -0.064596 0.526008 -0.231732 2.228127 -7.034104 1.526254
0.500000 0.409674 0.175029 0.182082 -0.062388 0.518986 -0.230195 2.188531 -7.009843 1.548840
0.501000 0.409612 0.175545 0.181853 -0.060219 0.511988 -0.228635 2.148874 -6.984324 1.570751
0.502000 0.409553 0.176053 0.181625 -0.058090 0.505017 -0.227053 2.109181 -6.957549 1.591995
0.503000 0.409496 0.176555 0.181399 -0.056001 0.498073 -0.225451 2.069480 -6.929627 1.612627
0.504000 0.409441 0.177049 0.181174 -0.053951 0.491158 -0.223828 2.029796 -6.900731 1.632736
0.505000 0.409388 0.177537 0.180951 -0.051941 0.484272 -0.222185 1.990130 -6.870886 1.652351
0.506000 0.409337 0.178018 0.180730 -0.049971 0.477416 -0.220523 1.950464 -6.839970 1.671441
0.507000 0.409288 0.178492 0.180510 -0.048040 0.470592 -0.218842 1.910788 -6.807895 1.689971
0.508000 0.409241 0.178959 0.180292 -0.046149 0.463800 -0.217143 1.871102 -6.774643 1.707904
0.509000 0.409196 0.179420 0.180076 -0.044298 0.457043 -0.215426 1.831415 -6.740234 1.725205
0.510000 0.409153 0.179873 0.179861 -0.042487 0.450320 -0.213693 1.791744 -6.704789 1.741896
0.511000 0.409111 0.180320 0.179648 -0.040715 0.443633 -0.211943 1.752110 -6.668505 1.758064
0.512000 0.409071 0.180760 0.179437 -0.038982 0.436983 -0.210177 1.712527 -6.631493 1.773778
0.513000 0.409033 0.181194 0.179228 -0.037290 0.430370 -0.208395 1.672999 -6.593747 1.789062
0.514000 0.408997 0.181621 0.179021 -0.035636 0.423795 -0.206599 1.633526 -6.555233 1.803919
0.515000 0.408962 0.182042 0.178815 -0.034022 0.417260 -0.204787 1.594108 -6.515860 1.818324
0.516000 0.408928 0.182456 0.178611 -0.032448 0.410764 -0.202962 1.554744 -6.475491 1.832220
0.517000 0.408897 0.182863 0.178409 -0.030913 0.404309 -0.201123 1.515441 -6.434046 1.845567
0.518000 0.408867 0.183264 0.178209 -0.029417 0.397896 -0.199271 1.476220 -6.391513 1.858336
0.519000 0.408838 0.183659 0.178010 -0.027961 0.391526 -0.197406 1.437108 -6.347919 1.870507
0.520000 0.408811 0.184047 0.177814 -0.026543 0.385200 -0.195530 1.398133 -6.303375 1.882112
0.521000 0.408785 0.184429 0.177619 -0.025164 0.378919 -0.193642 1.359322 -6.258057 1.893229
0.522000 0.408760 0.184805 0.177427 -0.023824 0.372684 -0.191743 1.320701 -6.212064 1.903912
0.523000 0.408737 0.185175 0.177236 -0.022523 0.366495 -0.189834 1.282292 -6.165405 1.914167
0.524000 0.408715 0.185538 0.177047 -0.021260 0.360353 -0.187915 1.244120 -6.118073 1.923992
0.525000 0.408695 0.185896 0.176860 -0.020035 0.354259 -0.185986 1.206204 -6.070039 1.933366
0.526000 0.408675 0.186247 0.176675 -0.018847 0.348213 -0.184048 1.168565 -6.021261 1.942261
0.527000 0.408657 0.186592 0.176492 -0.017698 0.342216 -0.182102 1.131222 -5.971786 1.950692
0.528000 0.408640 0.186931 0.176311 -0.016585 0.336269 -0.180147 1.094194 -5.921758 1.958715
0.529000 0.408624 0.187264 0.176132 -0.015509 0.330373 -0.178184 1.057495 -5.871285 1.966344
0.530000 0.408609 0.187592 0.175954 -0.014470 0.324527 -0.176214 1.021144 -5.820404 1.973543
0.531000 0.408595 0.187914 0.175779 -0.013467 0.318732 -0.174237 0.985153 -5.769138 1.980290
0.532000 0.408582 0.188229 0.175606 -0.012500 0.312988 -0.172254 0.949536 -5.717490 1.986593
0.533000 0.408570 0.188540 0.175435 -0.011568 0.307297 -0.170264 0.914307 -5.665432 1.992467
0.534000 0.408559 0.188844 0.175265 -0.010671 0.301658 -0.168269 0.879477 -5.612946 1.997926
0.535000 0.408549 0.189143 0.175098 -0.009809 0.296071 -0.166268 0.845056 -5.560008 2.002965
0.536000 0.408539 0.189436 0.174933 -0.008981 0.290537 -0.164263 0.811056 -5.506586 2.007573
0.537000 0.408531 0.189724 0.174770 -0.008187 0.285058 -0.162253 0.777486 -5.452727 2.011771
0.538000 0.408523 0.190006 0.174608 -0.007426 0.279632 -0.160239 0.744365 -5.398548 2.015607
0.539000 0.408516 0.190283 0.174449 -0.006698 0.274261 -0.158222 0.711726 -5.344129 2.019076
0.540000 0.408509 0.190555 0.174292 -0.006002 0.268944 -0.156201 0.679610 -5.289494 2.022125
0.541000 0.408504 0.190821 0.174137 -0.005339 0.263682 -0.154177 0.648049 -5.234666 2.024723
0.542000 0.408499 0.191082 0.173984 -0.004706 0.258474 -0.152152 0.617057 -5.179682 2.026884
0.543000 0.408494 0.191338 0.173832 -0.004105 0.253322 -0.150124 0.586642 -5.124565 2.028637
0.544000 0.408491 0.191589 0.173683 -0.003533 0.248225 -0.148094 0.556809 -5.069332 2.030013
0.545000 0.408487 0.191834 0.173536 -0.002991 0.243184 -0.146064 0.527559 -5.013960 2.031025
0.546000 0.408485 0.192075 0.173391 -0.002478 0.238197 -0.144032 0.498898 -4.958408 2.031675
0.547000 0.408482 0.192311 0.173248 -0.001993 0.233267 -0.142000 0.470829 -4.902697 2.031994
0.548000 0.408481 0.192542 0.173107 -0.001536 0.228392 -0.139968 0.443365 -4.846926 2.032030
0.549000 0.408479 0.192768 0.172968 -0.001107 0.223573 -0.137936 0.416533 -4.791177 2.031785
0.550000 0.408478 0.192989 0.172831 -0.000703 0.218810 -0.135905 0.390369 -4.735490 2.031221
0.551000 0.408478 0.193205 0.172696 -0.000326 0.214102 -0.133874 0.364898 -4.679893 2.030313
0.552000 0.408478 0.193417 0.172564 0.000027 0.209450 -0.131844 0.340132 -4.624393 2.029064
0.553000 0.408478 0.193624 0.172433 0.000354 0.204853 -0.129816 0.316072 -4.568984 2.027493
0.554000 0.408478 0.193827 0.172304 0.000659 0.200312 -0.127789 0.292719 -4.513703 2.025645
0.555000 0.408479 0.194025 0.172177 0.000940 0.195826 -0.125764 0.270071 -4.458627 2.023574
0.556000 0.408480 0.194218 0.172052 0.001199 0.191395 -0.123742 0.248129 -4.403785 2.021296
0.557000 0.408482 0.194408 0.171930 0.001436 0.187018 -0.121722 0.226891 -4.349152 2.018789
0.558000 0.408483 0.194592 0.171809 0.001653 0.182696 -0.119704 0.206355 -4.294711 2.016017
0.559000 0.408485 0.194773 0.171690 0.001849 0.178429 -0.117690 0.186521 -4.240451 2.012932
0.560000 0.408487 0.194949 0.171574 0.002026 0.174215 -0.115678 0.167386 -4.186370 2.009472
0.561000 0.408489 0.195121 0.171459 0.002184 0.170056 -0.113671 0.148950 -4.132504 2.005619
0.562000 0.408491 0.195289 0.171346 0.002324 0.165950 -0.111667 0.131208 -4.078929 2.001415
0.563000 0.408494 0.195453 0.171236 0.002446 0.161898 -0.109668 0.114161 -4.025700 1.996909
0.564000 0.408496 0.195613 0.171127 0.002552 0.157899 -0.107673 0.097804 -3.972829 1.992136
0.565000 0.408499 0.195769 0.171020 0.002642 0.153953 -0.105684 0.082136 -3.920310 1.987121
0.566000 0.408501 0.195921 0.170916 0.002716 0.150058 -0.103699 0.067155 -3.868100 1.981871
0.567000 0.408504 0.196069 0.170813 0.002776 0.146216 -0.101720 0.052857 -3.816138 1.976383
0.568000 0.408507 0.196214 0.170712 0.002822 0.142426 -0.099746 0.039240 -3.764407 1.970674
0.569000 0.408510 0.196354 0.170613 0.002854 0.138688 -0.097779 0.026301 -3.712946 1.964782
0.570000 0.408513 0.196491 0.170517 0.002874 0.135000 -0.095817 0.014038 -3.661780 1.958722
0.571000 0.408516 0.196624 0.170422 0.002883 0.131364 -0.093861 0.002447 -3.610899 1.952480
0.572000 0.408518 0.196754 0.170329 0.002879 0.127778 -0.091912 -0.008474 -3.560291 1.946043
0.573000 0.408521 0.196880 0.170238 0.002866 0.124243 -0.089969 -0.018728 -3.509939 1.939392
0.574000 0.408524 0.197002 0.170149 0.002842 0.120759 -0.088033 -0.028317 -3.459823 1.932511
0.575000 0.408527 0.197121 0.170062 0.002809 0.117324 -0.086104 -0.037245 -3.409953 1.925404
0.576000 0.408530 0.197237 0.169977 0.002767 0.113939 -0.084182 -0.045514 -3.360365 1.918094
0.577000 0.408532 0.197349 0.169893 0.002718 0.110603 -0.082268 -0.053127 -3.311063 1.910583
0.578000 0.408535 0.197458 0.169812 0.002661 0.107317 -0.080361 -0.060088 -3.262014 1.902846
0.579000 0.408538 0.197564 0.169733 0.002598 0.104079 -0.078462 -0.066411 -3.213193 1.894853
0.580000 0.408540 0.197666 0.169655 0.002528 0.100890 -0.076571 -0.072123 -3.164586 1.886577
0.581000 0.408543 0.197765 0.169580 0.002454 0.097750 -0.074689 -0.077261 -3.116178 1.877981
0.582000 0.408545 0.197862 0.169506 0.002374 0.094658 -0.072815 -0.081852 -3.067959 1.869044
0.583000 0.408548 0.197955 0.169434 0.002290 0.091614 -0.070951 -0.085910 -3.019916 1.859754
0.584000 0.408550 0.198045 0.169364 0.002202 0.088618 -0.069096 -0.089439 -2.972032 1.850110
0.585000 0.408552 0.198132 0.169296 0.002111 0.085670 -0.067251 -0.092442 -2.924312 1.840124
0.586000 0.408554 0.198216 0.169229 0.002017 0.082769 -0.065416 -0.094932 -2.876770 1.829823
0.587000 0.408556 0.198298 0.169165 0.001921 0.079916 -0.063591 -0.096935 -2.829380 1.819216
0.588000 0.408558 0.198376 0.169102 0.001823 0.077111 -0.061777 -0.098488 -2.782083 1.808294
0.589000 0.408560 0.198452 0.169041 0.001724 0.074352 -0.059975 -0.099618 -2.734831 1.797036
0.590000 0.408561 0.198525 0.168982 0.001624 0.071641 -0.058183 -0.100337 -2.687608 1.785404
0.591000 0.408563 0.198595 0.168925 0.001523 0.068977 -0.056404 -0.100648 -2.640410 1.773350
0.592000 0.408564 0.198663 0.168869 0.001423 0.066360 -0.054637 -0.100554 -2.593248 1.760852
0.593000 0.408566 0.198728 0.168816 0.001322 0.063790 -0.052882 -0.100067 -2.546139 1.747911
0.594000 0.408567 0.198790 0.168764 0.001223 0.061268 -0.051141 -0.099214 -2.499066 1.734523
0.595000 0.408568 0.198850 0.168713 0.001124 0.058792 -0.049413 -0.098030 -2.451984 1.720670
0.596000 0.408569 0.198908 0.168665 0.001027 0.056364 -0.047699 -0.096542 -2.404855 1.706327
0.597000 0.408570 0.198963 0.168618 0.000931 0.053983 -0.046000 -0.094761 -2.357654 1.691472
0.598000 0.408571 0.199016 0.168573 0.000837 0.051649 -0.044316 -0.092690 -2.310357 1.676073
0.599000 0.408572 0.199066 0.168529 0.000745 0.049362 -0.042648 -0.090329 -2.262946 1.660093
0.600000 0.408573 0.199115 0.168488 0.000656 0.047123 -0.040996 -0.087680 -2.215397 1.643477
0.601000 0.408573 0.199161 0.168447 0.000570 0.044931 -0.039361 -0.084744 -2.167688 1.626161
0.602000 0.408574 0.199204 0.168409 0.000487 0.042787 -0.037744 -0.081521 -2.119807 1.608104
0.603000 0.408574 0.199246 0.168372 0.000407 0.040691 -0.036145 -0.078024 -2.071758 1.589292
0.604000 0.408575 0.199286 0.168337 0.000331 0.038644 -0.034565 -0.074279 -2.023526 1.569706
0.605000 0.408575 0.199323 0.168303 0.000258 0.036644 -0.033006 -0.070319 -1.975083 1.549312
0.606000 0.408575 0.199359 0.168271 0.000190 0.034694 -0.031467 -0.066172 -1.926410 1.528089
0.607000 0.408575 0.199393 0.168240 0.000126 0.032792 -0.029949 -0.061859 -1.877514 1.506027
0.608000 0.408575 0.199425 0.168211 0.000066 0.030939 -0.028455 -0.057407 -1.828398 1.483102
0.609000 0.408575 0.199455 0.168183 0.000011 0.029135 -0.026983 -0.052850 -1.779055 1.459271
0.610000 0.408575 0.199483 0.168157 -0.000039 0.027380 -0.025536 -0.048214 -1.729470 1.434488
0.611000 0.408575 0.199509 0.168132 -0.000085 0.025676 -0.024114 -0.043507 -1.679609 1.408709
0.612000 0.408575 0.199534 0.168108 -0.000126 0.024021 -0.022719 -0.038737 -1.629427 1.381882
0.613000 0.408575 0.199557 0.168086 -0.000163 0.022417 -0.021350 -0.033922 -1.578886 1.353960
0.614000 0.408575 0.199579 0.168066 -0.000194 0.020863 -0.020011 -0.029114 -1.527963 1.324892
0.615000 0.408575 0.199599 0.168046 -0.000221 0.019361 -0.018701 -0.024380 -1.476643 1.294628
0.616000 0.408574 0.199618 0.168028 -0.000243 0.017910 -0.017422 -0.019771 -1.424915 1.263131
0.617000 0.408574 0.199635 0.168012 -0.000260 0.016511 -0.016174 -0.015307 -1.372767 1.230379
0.618000 0.408574 0.199651 0.167996 -0.000273 0.015165 -0.014961 -0.010992 -1.320163 1.196334
0.619000 0.408574 0.199665 0.167982 -0.000282 0.013871 -0.013782 -0.006826 -1.267050 1.160939
0.620000 0.408573 0.199679 0.167968 -0.000287 0.012631 -0.012639 -0.002820 -1.213380 1.124138
0.621000 0.408573 0.199691 0.167956 -0.000288 0.011444 -0.011533 0.001001 -1.159120 1.085872
0.622000 0.408573 0.199701 0.167945 -0.000285 0.010312 -0.010467 0.004603 -1.104244 1.046080
0.623000 0.408573 0.199711 0.167935 -0.000279 0.009236 -0.009441 0.007959 -1.048738 1.004718
0.624000 0.408572 0.199720 0.167927 -0.000269 0.008215 -0.008458 0.011049 -0.992600 0.961744
0.625000 0.408572 0.199728 0.167919 -0.000257 0.007250 -0.007518 0.013846 -0.935838 0.917087
0.626000 0.408572 0.199734 0.167911 -0.000242 0.006343 -0.006624 0.016314 -0.878458 0.870650
0.627000 0.408572 0.199740 0.167905 -0.000224 0.005494 -0.005777 0.018418 -0.820456 0.822342
0.628000 0.408571 0.199745 0.167900 -0.000205 0.004702 -0.004979 0.020123 -0.761812 0.772090
0.629000 0.408571 0.199750 0.167895 -0.000184 0.003970 -0.004232 0.021393 -0.702498 0.719823
0.630000 0.408571 0.199753 0.167891 -0.000162 0.003297 -0.003539 0.022202 -0.642490 0.665493
0.631000 0.408571 0.199756 0.167888 -0.000139 0.002685 -0.002901 0.022528 -0.581773 0.609063
0.632000 0.408571 0.199759 0.167886 -0.000117 0.002134 -0.002321 0.022346 -0.520321 0.550480
0.633000 0.408571 0.199761 0.167884 -0.000095 0.001644 -0.001800 0.011062 -0.244704 0.260321
0.634000 0.408570 0.199762 0.167882 -0.000095 0.001644 -0.001800 0.011062 -0.244704 0.260321
