0.000000 0.670334 -0.195073 0.138222 -0.000198 0.000062 0.007232 -0.423996 0.150606 0.479270
0.001000 0.670335 -0.195073 0.138229 -0.000198 0.000062 0.007232 -0.423996 0.150606 0.479270
0.002000 0.670334 -0.195073 0.138237 -0.001046 0.000363 0.008191 -0.866726 0.308105 0.976180
0.003000 0.670332 -0.195072 0.138245 -0.001931 0.000678 0.009184 -0.904599 0.322118 1.011760
0.004000 0.670330 -0.195071 0.138255 -0.002855 0.001007 0.010214 -0.943280 0.336596 1.047935
0.005000 0.670327 -0.195070 0.138266 -0.003818 0.001351 0.011280 -0.982766 0.351564 1.084696
0.006000 0.670322 -0.195069 0.138278 -0.004821 0.001711 0.012383 -1.023055 0.367031 1.122033
0.007000 0.670317 -0.195067 0.138291 -0.005864 0.002085 0.013524 -1.064141 0.382997 1.159933
0.008000 0.670311 -0.195064 0.138305 -0.006949 0.002477 0.014703 -1.106021 0.399462 1.198385
0.009000 0.670303 -0.195062 0.138320 -0.008076 0.002884 0.015921 -1.148699 0.416435 1.237373
0.010000 0.670295 -0.195059 0.138336 -0.009246 0.003309 0.017178 -1.192194 0.433937 1.276884
0.011000 0.670285 -0.195055 0.138354 -0.010460 0.003752 0.018475 -1.236529 0.452001 1.316902
0.012000 0.670274 -0.195051 0.138373 -0.011719 0.004213 0.019812 -1.281723 0.470648 1.357408
0.013000 0.670261 -0.195047 0.138394 -0.013024 0.004694 0.021190 -1.327772 0.489884 1.398384
0.014000 0.670248 -0.195042 0.138416 -0.014375 0.005193 0.022609 -1.374668 0.509708 1.439811
0.015000 0.670233 -0.195036 0.138439 -0.015773 0.005713 0.024069 -1.422396 0.530113 1.481667
0.016000 0.670216 -0.195030 0.138464 -0.017220 0.006253 0.025572 -1.470942 0.551095 1.523928
0.017000 0.670198 -0.195024 0.138490 -0.018715 0.006815 0.027117 -1.520291 0.572649 1.566572
0.018000 0.670179 -0.195017 0.138518 -0.020260 0.007399 0.028705 -1.570423 0.594768 1.609573
0.019000 0.670158 -0.195009 0.138548 -0.021856 0.008005 0.030336 -1.621321 0.617457 1.652915
0.020000 0.670135 -0.195001 0.138579 -0.023503 0.008634 0.032011 -1.672964 0.640734 1.696594
0.021000 0.670111 -0.194992 0.138612 -0.025202 0.009286 0.033729 -1.725331 0.664626 1.740615
0.022000 0.670085 -0.194982 0.138646 -0.026954 0.009963 0.035492 -1.778409 0.689160 1.784969
0.023000 0.670057 -0.194972 0.138683 -0.028759 0.010664 0.037299 -1.832199 0.714363 1.829634
0.024000 0.670027 -0.194961 0.138721 -0.030618 0.011392 0.039151 -1.886706 0.740259 1.874575
0.025000 0.669995 -0.194949 0.138761 -0.032532 0.012145 0.041049 -1.941927 0.766865 1.919757
0.026000 0.669962 -0.194937 0.138803 -0.034502 0.012925 0.042991 -1.997843 0.794177 1.965152
0.027000 0.669926 -0.194923 0.138847 -0.036528 0.013733 0.044979 -2.054422 0.822186 2.010744
0.028000 0.669889 -0.194909 0.138893 -0.038611 0.014570 0.047012 -2.111629 0.850880 2.056523
0.029000 0.669849 -0.194894 0.138941 -0.040751 0.015435 0.049092 -2.169428 0.880256 2.102471
0.030000 0.669807 -0.194878 0.138991 -0.042949 0.016330 0.051217 -2.227780 0.910325 2.148552
0.031000 0.669763 -0.194861 0.139043 -0.045207 0.017256 0.053389 -2.286644 0.941105 2.194718
0.032000 0.669717 -0.194844 0.139098 -0.047523 0.018212 0.055607 -2.345979 0.972606 2.240919
0.033000 0.669668 -0.194825 0.139155 -0.049899 0.019201 0.057871 -2.405751 1.004820 2.287113
0.034000 0.669617 -0.194805 0.139214 -0.052334 0.020222 0.060181 -2.465936 1.037731 2.333270
0.035000 0.669564 -0.194785 0.139275 -0.054830 0.021276 0.062537 -2.526521 1.071321 2.379369
0.036000 0.669508 -0.194763 0.139339 -0.057387 0.022365 0.064940 -2.587490 1.105581 2.425384
0.037000 0.669449 -0.194740 0.139405 -0.060005 0.023488 0.067388 -2.648824 1.140515 2.471291
0.038000 0.669388 -0.194716 0.139474 -0.062685 0.024646 0.069882 -2.710500 1.176134 2.517059
0.039000 0.669323 -0.194691 0.139545 -0.065426 0.025840 0.072422 -2.772486 1.212440 2.562647
0.040000 0.669257 -0.194664 0.139618 -0.068230 0.027071 0.075008 -2.834740 1.249420 2.607997
0.041000 0.669187 -0.194636 0.139695 -0.071096 0.028339 0.077638 -2.897224 1.287049 2.653037
0.042000 0.669114 -0.194607 0.139774 -0.074024 0.029645 0.080314 -2.959907 1.325301 2.697697
0.043000 0.669039 -0.194577 0.139855 -0.077016 0.030989 0.083034 -3.022765 1.364159 2.741920
0.044000 0.668960 -0.194545 0.139940 -0.080070 0.032373 0.085798 -3.085786 1.403619 2.785677
0.045000 0.668879 -0.194512 0.140027 -0.083187 0.033797 0.088605 -3.148963 1.443683 2.828958
0.046000 0.668794 -0.194478 0.140117 -0.086368 0.035260 0.091456 -3.212280 1.484344 2.871749
0.047000 0.668706 -0.194442 0.140210 -0.089612 0.036765 0.094349 -3.275698 1.525580 2.914034
0.048000 0.668615 -0.194404 0.140306 -0.092919 0.038312 0.097284 -3.339170 1.567355 2.955794
0.049000 0.668520 -0.194365 0.140404 -0.096290 0.039900 0.100260 -3.402636 1.609638 2.996989
0.050000 0.668422 -0.194324 0.140506 -0.099725 0.041531 0.103278 -3.466034 1.652411 3.037565
0.051000 0.668321 -0.194282 0.140611 -0.103222 0.043205 0.106335 -3.529321 1.695684 3.077477
0.052000 0.668216 -0.194238 0.140719 -0.106783 0.044922 0.109433 -3.592466 1.739485 3.116690
0.053000 0.668107 -0.194192 0.140830 -0.110407 0.046684 0.112569 -3.655425 1.783822 3.155155
0.054000 0.667995 -0.194145 0.140944 -0.114094 0.048490 0.115743 -3.718153 1.828683 3.192816
0.055000 0.667879 -0.194095 0.141061 -0.117843 0.050341 0.118954 -3.780645 1.874049 3.229640
0.056000 0.667759 -0.194044 0.141182 -0.121655 0.052238 0.122202 -3.842929 1.919909 3.265621
0.057000 0.667636 -0.193991 0.141306 -0.125529 0.054181 0.125486 -3.905009 1.966247 3.300748
0.058000 0.667508 -0.193936 0.141433 -0.129465 0.056170 0.128804 -3.966856 2.013048 3.335008
0.059000 0.667377 -0.193878 0.141563 -0.133463 0.058207 0.132156 -4.028423 2.060295 3.368383
0.060000 0.667241 -0.193819 0.141697 -0.137522 0.060291 0.135540 -4.089638 2.107957 3.400827
0.061000 0.667102 -0.193758 0.141834 -0.141642 0.062423 0.138957 -4.150430 2.155999 3.432259
0.062000 0.666958 -0.193694 0.141975 -0.145823 0.064603 0.142405 -4.210770 2.204388 3.462603
0.063000 0.666810 -0.193629 0.142119 -0.150064 0.066832 0.145882 -4.270652 2.253094 3.491789
0.064000 0.666658 -0.193561 0.142267 -0.154364 0.069109 0.149388 -4.330042 2.302083 3.519736
0.065000 0.666501 -0.193490 0.142418 -0.158724 0.071436 0.152922 -4.388885 2.351320 3.546372
0.066000 0.666340 -0.193418 0.142573 -0.163142 0.073812 0.156481 -4.447162 2.400788 3.571680
0.067000 0.666175 -0.193343 0.142731 -0.167618 0.076237 0.160065 -4.504885 2.450486 3.595679
0.068000 0.666005 -0.193265 0.142893 -0.172152 0.078713 0.163673 -4.562029 2.500392 3.618350
0.069000 0.665831 -0.193185 0.143058 -0.176742 0.081238 0.167302 -4.618518 2.550462 3.639639
0.070000 0.665652 -0.193103 0.143227 -0.181389 0.083814 0.170952 -4.674294 2.600647 3.659520
0.071000 0.665468 -0.193018 0.143400 -0.186091 0.086440 0.174621 -4.729327 2.650905 3.678004
0.072000 0.665280 -0.192930 0.143577 -0.190848 0.089116 0.178308 -4.783591 2.701209 3.695092
0.073000 0.665086 -0.192840 0.143757 -0.195658 0.091842 0.182011 -4.837071 2.751560 3.710765
0.074000 0.664888 -0.192746 0.143941 -0.200522 0.094619 0.185729 -4.889754 2.801974 3.724992
0.075000 0.664685 -0.192650 0.144128 -0.205438 0.097446 0.189461 -4.941588 2.852441 3.737708
0.076000 0.664477 -0.192551 0.144320 -0.210405 0.100324 0.193205 -4.992510 2.902929 3.748855
0.077000 0.664264 -0.192450 0.144515 -0.215423 0.103252 0.196959 -5.042527 2.953424 3.758455
0.078000 0.664047 -0.192345 0.144714 -0.220490 0.106230 0.200722 -5.091706 3.003927 3.766590
0.079000 0.663823 -0.192237 0.144916 -0.225606 0.109260 0.204492 -5.140047 3.054420 3.773283
0.080000 0.663595 -0.192126 0.145122 -0.230770 0.112339 0.208268 -5.187475 3.104857 3.778489
0.081000 0.663362 -0.192013 0.145333 -0.235981 0.115469 0.212049 -5.233936 3.155212 3.782198
0.082000 0.663123 -0.191896 0.145547 -0.241238 0.118650 0.215833 -5.279404 3.205477 3.784444
0.083000 0.662879 -0.191775 0.145764 -0.246540 0.121880 0.219618 -5.323813 3.255621 3.785206
0.084000 0.662630 -0.191652 0.145986 -0.251886 0.125161 0.223403 -5.367057 3.305597 3.784394
0.085000 0.662376 -0.191525 0.146211 -0.257274 0.128491 0.227187 -5.409082 3.355393 3.781932
0.086000 0.662116 -0.191395 0.146440 -0.262704 0.131872 0.230967 -5.449896 3.405026 3.777786
0.087000 0.661850 -0.191261 0.146673 -0.268174 0.135301 0.234742 -5.489524 3.454514 3.771964
0.088000 0.661579 -0.191124 0.146910 -0.273683 0.138781 0.238511 -5.528036 3.503869 3.764543
0.089000 0.661303 -0.190984 0.147150 -0.279230 0.142309 0.242271 -5.565518 3.553100 3.755643
0.090000 0.661021 -0.190840 0.147394 -0.284814 0.145887 0.246022 -5.601969 3.602179 3.745297
0.091000 0.660733 -0.190692 0.147642 -0.290434 0.149514 0.249762 -5.637299 3.651047 3.733464
0.092000 0.660440 -0.190541 0.147894 -0.296088 0.153189 0.253489 -5.671449 3.699669 3.720147
0.093000 0.660141 -0.190385 0.148149 -0.301777 0.156913 0.257202 -5.704403 3.748034 3.705407
0.094000 0.659836 -0.190227 0.148408 -0.307497 0.160685 0.260900 -5.736092 3.796099 3.689237
0.095000 0.659526 -0.190064 0.148671 -0.313249 0.164505 0.264581 -5.766403 3.843803 3.671548
0.096000 0.659210 -0.189898 0.148937 -0.319030 0.168373 0.268243 -5.795301 3.891122 3.652278
0.097000 0.658888 -0.189727 0.149207 -0.324839 0.172287 0.271885 -5.822819 3.938062 3.631403
0.098000 0.658560 -0.189553 0.149481 -0.330676 0.176249 0.275506 -5.848919 3.984594 3.608862
0.099000 0.658227 -0.189375 0.149758 -0.336537 0.180257 0.279103 -5.873516 4.030650 3.584579
0.100000 0.657887 -0.189193 0.150039 -0.342423 0.184310 0.282675 -5.896635 4.076192 3.558603
0.101000 0.657542 -0.189006 0.150324 -0.348330 0.188409 0.286220 -5.918403 4.121222 3.531088
0.102000 0.657191 -0.188816 0.150612 -0.354259 0.192553 0.289737 -5.938916 4.165748 3.502173
0.103000 0.656833 -0.188621 0.150903 -0.360208 0.196740 0.293225 -5.958221 4.209789 3.471981
0.104000 0.656470 -0.188422 0.151198 -0.366176 0.200972 0.296681 -5.976331 4.253366 3.440623
0.105000 0.656101 -0.188219 0.151497 -0.372161 0.205247 0.300106 -5.993169 4.296452 3.408105
0.106000 0.655726 -0.188012 0.151798 -0.378162 0.209565 0.303497 -6.008611 4.338994 3.374342
0.107000 0.655345 -0.187800 0.152104 -0.384178 0.213925 0.306854 -6.022639 4.381001 3.339288
0.108000 0.654957 -0.187584 0.152412 -0.390208 0.218327 0.310176 -6.035324 4.422541 3.302950
0.109000 0.654564 -0.187363 0.152724 -0.396249 0.222770 0.313460 -6.046645 4.463620 3.265282
0.110000 0.654165 -0.187138 0.153039 -0.402301 0.227254 0.316706 -6.056505 4.504186 3.226215
0.111000 0.653760 -0.186909 0.153357 -0.408362 0.231779 0.319913 -6.064918 4.544238 3.185814
0.112000 0.653348 -0.186675 0.153679 -0.414431 0.236343 0.323078 -6.072000 4.583823 3.144245
0.113000 0.652931 -0.186436 0.154003 -0.420506 0.240946 0.326201 -6.077753 4.622930 3.101569
0.114000 0.652507 -0.186193 0.154331 -0.426586 0.245589 0.329281 -6.082044 4.661479 3.057726
0.115000 0.652078 -0.185945 0.154662 -0.432670 0.250269 0.332317 -6.084793 4.699424 3.012701
0.116000 0.651642 -0.185692 0.154996 -0.438756 0.254987 0.335307 -6.086014 4.736778 2.966561
0.117000 0.651200 -0.185435 0.155333 -0.444842 0.259743 0.338250 -6.085741 4.773564 2.919364
0.118000 0.650752 -0.185173 0.155672 -0.450927 0.264535 0.341145 -6.084049 4.809832 2.871148
0.119000 0.650298 -0.184906 0.156015 -0.457010 0.269362 0.343992 -6.081032 4.845646 2.821942
0.120000 0.649838 -0.184634 0.156360 -0.463089 0.274226 0.346789 -6.076660 4.880988 2.771694
0.121000 0.649372 -0.184358 0.156709 -0.469163 0.279124 0.349536 -6.070822 4.915779 2.720333
0.122000 0.648900 -0.184076 0.157059 -0.475231 0.284057 0.352230 -6.063548 4.949994 2.667943
0.123000 0.648422 -0.183789 0.157413 -0.481290 0.289024 0.354871 -6.054989 4.983663 2.614729
0.124000 0.647937 -0.183498 0.157769 -0.487341 0.294025 0.357459 -6.045164 5.016752 2.560772
0.125000 0.647447 -0.183201 0.158128 -0.493381 0.299058 0.359993 -6.033937 5.049148 2.506012
0.126000 0.646951 -0.182900 0.158489 -0.499409 0.304123 0.362471 -6.021244 5.080784 2.450432
0.127000 0.646448 -0.182593 0.158853 -0.505423 0.309219 0.364894 -6.007139 5.111656 2.394106
0.128000 0.645940 -0.182281 0.159219 -0.511423 0.314346 0.367260 -5.991688 5.141792 2.337099
0.129000 0.645425 -0.181964 0.159587 -0.517407 0.319503 0.369568 -5.974983 5.171277 2.279455
0.130000 0.644905 -0.181642 0.159958 -0.523373 0.324689 0.371819 -5.957125 5.200222 2.221211
0.131000 0.644379 -0.181315 0.160331 -0.529321 0.329904 0.374010 -5.938074 5.228638 2.162315
0.132000 0.643846 -0.180983 0.160706 -0.535249 0.335146 0.376143 -5.917683 5.256441 2.102689
0.133000 0.643308 -0.180645 0.161083 -0.541156 0.340416 0.378216 -5.895948 5.283607 2.042419
0.134000 0.642764 -0.180302 0.161463 -0.547041 0.345713 0.380228 -5.872989 5.310181 1.981716
0.135000 0.642214 -0.179953 0.161844 -0.552902 0.351037 0.382179 -5.848791 5.336127 1.920664
0.136000 0.641658 -0.179600 0.162227 -0.558739 0.356386 0.384069 -5.823197 5.361319 1.859200
0.137000 0.641096 -0.179241 0.162612 -0.564549 0.361759 0.385898 -5.796155 5.385686 1.797310
0.138000 0.640529 -0.178876 0.162999 -0.570331 0.367157 0.387664 -5.767729 5.409217 1.735060
0.139000 0.639956 -0.178506 0.163387 -0.576084 0.372578 0.389368 -5.737859 5.431835 1.672425
0.140000 0.639377 -0.178131 0.163777 -0.581807 0.378021 0.391009 -5.706362 5.453414 1.609271
0.141000 0.638792 -0.177750 0.164169 -0.587497 0.383485 0.392586 -5.673191 5.473936 1.545520
0.142000 0.638202 -0.177364 0.164563 -0.593153 0.388969 0.394100 -5.638457 5.493497 1.481192
0.143000 0.637606 -0.176972 0.164957 -0.598774 0.394472 0.395549 -5.602295 5.512193 1.416358
0.144000 0.637004 -0.176575 0.165354 -0.604358 0.399993 0.396933 -5.564879 5.530133 1.351179
0.145000 0.636397 -0.176172 0.165751 -0.609904 0.405532 0.398251 -5.526401 5.547427 1.285866
0.146000 0.635785 -0.175764 0.166150 -0.615410 0.411088 0.399504 -5.486866 5.564061 1.220486
0.147000 0.635166 -0.175350 0.166550 -0.620877 0.416660 0.400692 -5.446104 5.579901 1.154956
0.148000 0.634543 -0.174931 0.166952 -0.626303 0.422248 0.401814 -5.404061 5.594874 1.089249
0.149000 0.633914 -0.174506 0.167354 -0.631685 0.427850 0.402871 -5.360809 5.608980 1.023413
0.150000 0.633279 -0.174075 0.167757 -0.637024 0.433466 0.403861 -5.316280 5.622136 0.957407
0.151000 0.632640 -0.173639 0.168162 -0.642318 0.439094 0.404785 -5.270275 5.634209 0.891084
0.152000 0.631995 -0.173197 0.168567 -0.647565 0.444734 0.405643 -5.222739 5.645201 0.824351
0.153000 0.631345 -0.172749 0.168973 -0.652763 0.450384 0.406434 -5.173759 5.655227 0.757187
0.154000 0.630689 -0.172296 0.169380 -0.657912 0.456044 0.407158 -5.123278 5.664284 0.689509
0.155000 0.630029 -0.171837 0.169787 -0.663010 0.461713 0.407813 -5.071127 5.672258 0.621215
0.156000 0.629363 -0.171373 0.170195 -0.668055 0.467389 0.408400 -5.017334 5.679137 0.552386
0.157000 0.628693 -0.170902 0.170604 -0.673045 0.473071 0.408918 -4.962102 5.685011 0.483236
0.158000 0.628017 -0.170426 0.171013 -0.677979 0.478759 0.409366 -4.905452 5.689853 0.413848
0.159000 0.627337 -0.169945 0.171423 -0.682856 0.484451 0.409746 -4.847203 5.693495 0.344139
0.160000 0.626651 -0.169458 0.171833 -0.687673 0.490146 0.410055 -4.787337 5.695856 0.274092
0.161000 0.625961 -0.168965 0.172243 -0.692430 0.495843 0.410294 -4.726167 5.697086 0.203873
0.162000 0.625267 -0.168466 0.172653 -0.697126 0.501540 0.410462 -4.664169 5.697497 0.133719
0.163000 0.624567 -0.167961 0.173064 -0.701759 0.507238 0.410561 -4.601715 5.697376 0.063800
0.164000 0.623863 -0.167451 0.173474 -0.706329 0.512935 0.410590 -4.539013 5.696897 -0.005783
0.165000 0.623154 -0.166936 0.173885 -0.710837 0.518631 0.410550 -4.476274 5.696205 -0.074874
0.166000 0.622441 -0.166414 0.174296 -0.715282 0.524327 0.410440 -4.413730 5.695440 -0.143275
0.167000 0.621724 -0.165887 0.174706 -0.719664 0.530022 0.410263 -4.351391 5.694579 -0.210932
0.168000 0.621002 -0.165354 0.175116 -0.723984 0.535716 0.410018 -4.289066 5.693445 -0.277937
0.169000 0.620276 -0.164816 0.175526 -0.728242 0.541409 0.409707 -4.226709 5.691930 -0.344330
0.170000 0.619546 -0.164271 0.175935 -0.732438 0.547100 0.409330 -4.164428 5.690021 -0.410068
0.171000 0.618811 -0.163721 0.176345 -0.736571 0.552789 0.408887 -4.102165 5.687605 -0.475202
0.172000 0.618072 -0.163166 0.176753 -0.740642 0.558476 0.408379 -4.039705 5.684513 -0.539883
0.173000 0.617330 -0.162604 0.177161 -0.744650 0.564158 0.407807 -3.977006 5.680764 -0.604209
0.174000 0.616583 -0.162037 0.177569 -0.748596 0.569837 0.407171 -3.914194 5.676525 -0.668203
0.175000 0.615833 -0.161465 0.177976 -0.752479 0.575511 0.406471 -3.851227 5.671815 -0.731950
0.176000 0.615078 -0.160886 0.178382 -0.756299 0.581181 0.405707 -3.787914 5.666504 -0.795552
0.177000 0.614320 -0.160302 0.178787 -0.760055 0.586844 0.404880 -3.724276 5.660600 -0.858926
0.178000 0.613558 -0.159713 0.179192 -0.763747 0.592502 0.403989 -3.660525 5.654246 -0.921856
0.179000 0.612792 -0.159117 0.179595 -0.767376 0.598153 0.403036 -3.596679 5.647434 -0.984257
0.180000 0.612023 -0.158516 0.179998 -0.770940 0.603797 0.402021 -3.532540 5.639969 -1.046215
0.181000 0.611251 -0.157910 0.180399 -0.774441 0.609433 0.400944 -3.468070 5.631736 -1.107787
0.182000 0.610474 -0.157297 0.180800 -0.777877 0.615060 0.399805 -3.403444 5.622761 -1.168935
0.183000 0.609695 -0.156680 0.181199 -0.781248 0.620678 0.398606 -3.338833 5.613115 -1.229621
0.184000 0.608912 -0.156056 0.181597 -0.784554 0.626286 0.397346 -3.274406 5.602955 -1.289806
0.185000 0.608126 -0.155427 0.181993 -0.787796 0.631884 0.396026 -3.210328 5.592486 -1.349448
0.186000 0.607336 -0.154792 0.182389 -0.790975 0.637471 0.394647 -3.146544 5.581718 -1.408603
0.187000 0.606544 -0.154152 0.182783 -0.794090 0.643048 0.393209 -3.082847 5.570502 -1.467369
0.188000 0.605748 -0.153506 0.183175 -0.797141 0.648612 0.391712 -3.019248 5.558841 -1.525702
0.189000 0.604949 -0.152855 0.183566 -0.800128 0.654165 0.390158 -2.955956 5.546886 -1.583441
0.190000 0.604148 -0.152198 0.183956 -0.803052 0.659706 0.388545 -2.892980 5.534622 -1.640538
0.191000 0.603343 -0.151535 0.184343 -0.805914 0.665235 0.386876 -2.830108 5.521835 -1.697087
0.192000 0.602536 -0.150867 0.184729 -0.808713 0.670750 0.385151 -2.767296 5.508405 -1.753133
0.193000 0.601726 -0.150194 0.185114 -0.811449 0.676251 0.383370 -2.704719 5.494369 -1.808625
0.194000 0.600913 -0.149515 0.185496 -0.814122 0.681739 0.381534 -2.642552 5.479809 -1.863521
0.195000 0.600098 -0.148830 0.185877 -0.816734 0.687211 0.379643 -2.580967 5.464896 -1.917789
0.196000 0.599280 -0.148141 0.186255 -0.819284 0.692668 0.377698 -2.520133 5.449843 -1.971407
0.197000 0.598459 -0.147445 0.186632 -0.821774 0.698111 0.375700 -2.459991 5.434659 -2.024438
0.198000 0.597636 -0.146744 0.187007 -0.824204 0.703538 0.373650 -2.400312 5.419176 -2.076982
0.199000 0.596811 -0.146038 0.187379 -0.826575 0.708949 0.371546 -2.341079 5.403389 -2.129005
0.200000 0.595983 -0.145326 0.187750 -0.828886 0.714345 0.369391 -2.282474 5.387463 -2.180358
0.201000 0.595153 -0.144609 0.188118 -0.831140 0.719724 0.367186 -2.224475 5.371375 -2.231003
0.202000 0.594321 -0.143887 0.188484 -0.833335 0.725087 0.364929 -2.166845 5.354897 -2.281032
0.203000 0.593486 -0.143159 0.188848 -0.835473 0.730434 0.362624 -2.109510 5.337901 -2.330496
0.204000 0.592650 -0.142426 0.189209 -0.837554 0.735763 0.360268 -2.052576 5.320394 -2.379377
0.205000 0.591811 -0.141688 0.189568 -0.839578 0.741075 0.357865 -1.995962 5.302243 -2.427727
0.206000 0.590971 -0.140944 0.189925 -0.841546 0.746368 0.355413 -1.939413 5.283229 -2.475673
0.207000 0.590128 -0.140195 0.190279 -0.843457 0.751641 0.352913 -1.882870 5.263376 -2.523262
0.208000 0.589284 -0.139441 0.190631 -0.845312 0.756894 0.350367 -1.826513 5.242952 -2.570442
0.209000 0.588437 -0.138681 0.190980 -0.847110 0.762127 0.347773 -1.770540 5.222210 -2.617132
0.210000 0.587589 -0.137916 0.191327 -0.848853 0.767339 0.345132 -1.715176 5.201386 -2.663203
0.211000 0.586740 -0.137146 0.191670 -0.850541 0.772530 0.342446 -1.660663 5.180698 -2.708499
0.212000 0.585888 -0.136371 0.192011 -0.852174 0.777700 0.339715 -1.606985 5.160122 -2.752979
0.213000 0.585035 -0.135591 0.192350 -0.853755 0.782850 0.336940 -1.553904 5.139404 -2.796733
0.214000 0.584181 -0.134806 0.192685 -0.855282 0.787979 0.334122 -1.501354 5.118388 -2.839810
0.215000 0.583325 -0.134015 0.193018 -0.856757 0.793087 0.331261 -1.449453 5.097059 -2.882199
0.216000 0.582467 -0.133219 0.193348 -0.858181 0.798173 0.328357 -1.398129 5.075256 -2.923952
0.217000 0.581608 -0.132419 0.193675 -0.859554 0.803237 0.325413 -1.347117 5.052736 -2.965197
0.218000 0.580748 -0.131613 0.193999 -0.860875 0.808279 0.322427 -1.296342 5.029521 -3.006007
0.219000 0.579887 -0.130802 0.194320 -0.862146 0.813296 0.319401 -1.245966 5.005893 -3.046369
0.220000 0.579024 -0.129986 0.194637 -0.863367 0.818290 0.316334 -1.196161 4.982123 -3.086234
0.221000 0.578160 -0.129166 0.194952 -0.864539 0.823261 0.313228 -1.147110 4.958461 -3.125487
0.222000 0.577295 -0.128340 0.195264 -0.865661 0.828207 0.310083 -1.099004 4.935144 -3.163979
0.223000 0.576429 -0.127509 0.195572 -0.866737 0.833131 0.306900 -1.051789 4.912146 -3.201667
0.224000 0.575561 -0.126674 0.195878 -0.867765 0.838032 0.303680 -1.005213 4.889188 -3.238627
0.225000 0.574693 -0.125833 0.196180 -0.868747 0.842909 0.300423 -0.959220 4.866092 -3.274905
0.226000 0.573824 -0.124988 0.196479 -0.869683 0.847764 0.297130 -0.913947 4.842819 -3.310489
0.227000 0.572954 -0.124138 0.196774 -0.870575 0.852595 0.293802 -0.869335 4.819188 -3.345427
0.228000 0.572083 -0.123283 0.197066 -0.871422 0.857402 0.290439 -0.825106 4.794932 -3.379822
0.229000 0.571211 -0.122423 0.197355 -0.872225 0.862185 0.287042 -0.781149 4.770071 -3.413715
0.230000 0.570338 -0.121558 0.197640 -0.872984 0.866942 0.283612 -0.737531 4.744855 -3.447080
0.231000 0.569465 -0.120689 0.197922 -0.873700 0.871674 0.280148 -0.694142 4.719312 -3.479947
0.232000 0.568591 -0.119815 0.198201 -0.874373 0.876381 0.276652 -0.650711 4.693235 -3.512388
0.233000 0.567716 -0.118936 0.198475 -0.875002 0.881061 0.273123 -0.607199 4.666618 -3.544377
0.234000 0.566841 -0.118053 0.198747 -0.875587 0.885714 0.269563 -0.563821 4.639701 -3.575796
0.235000 0.565965 -0.117165 0.199015 -0.876129 0.890340 0.265972 -0.520785 4.612668 -3.606545
0.236000 0.565089 -0.116272 0.199279 -0.876629 0.894939 0.262350 -0.478283 4.585607 -3.636571
0.237000 0.564212 -0.115375 0.199539 -0.877086 0.899512 0.258699 -0.436498 4.558551 -3.665839
0.238000 0.563334 -0.114473 0.199796 -0.877502 0.904057 0.255018 -0.395362 4.531320 -3.694389
0.239000 0.562457 -0.113567 0.200049 -0.877877 0.908574 0.251310 -0.354602 4.503636 -3.722316
0.240000 0.561579 -0.112656 0.200299 -0.878211 0.913064 0.247574 -0.314125 4.475528 -3.749676
0.241000 0.560700 -0.111741 0.200544 -0.878505 0.917525 0.243811 -0.274027 4.447262 -3.776475
0.242000 0.559822 -0.110821 0.200786 -0.878759 0.921958 0.240021 -0.234216 4.418868 -3.802756
0.243000 0.558943 -0.109897 0.201024 -0.878973 0.926363 0.236205 -0.194416 4.390124 -3.828581
0.244000 0.558064 -0.108968 0.201259 -0.879148 0.930739 0.232364 -0.154558 4.361001 -3.853916
0.245000 0.557185 -0.108035 0.201489 -0.879282 0.935085 0.228497 -0.114821 4.331725 -3.878639
0.246000 0.556305 -0.107098 0.201716 -0.879377 0.939402 0.224606 -0.075382 4.302458 -3.902659
0.247000 0.555426 -0.106156 0.201938 -0.879433 0.943690 0.220692 -0.036420 4.273249 -3.925941
0.248000 0.554546 -0.105211 0.202157 -0.879450 0.947949 0.216755 0.001888 4.244086 -3.948482
0.249000 0.553667 -0.104261 0.202372 -0.879429 0.952178 0.212795 0.039610 4.214746 -3.970328
0.250000 0.552787 -0.103306 0.202583 -0.879371 0.956378 0.208814 0.077023 4.184925 -3.991559
0.251000 0.551908 -0.102348 0.202790 -0.879275 0.960548 0.204812 0.114221 4.154652 -4.012189
0.252000 0.551029 -0.101385 0.202992 -0.879142 0.964687 0.200790 0.151109 4.124219 -4.032182
0.253000 0.550150 -0.100418 0.203191 -0.878973 0.968796 0.196747 0.187777 4.093663 -4.051545
0.254000 0.549271 -0.099448 0.203386 -0.878767 0.972875 0.192686 0.224492 4.062767 -4.070319
0.255000 0.548392 -0.098473 0.203576 -0.878524 0.976922 0.188607 0.261298 4.031538 -4.088476
0.256000 0.547514 -0.097494 0.203763 -0.878244 0.980938 0.184509 0.297982 4.000261 -4.105921
0.257000 0.546636 -0.096511 0.203946 -0.877928 0.984922 0.180395 0.334339 3.969138 -4.122570
0.258000 0.545758 -0.095524 0.204124 -0.877576 0.988876 0.176264 0.370180 3.938232 -4.138367
0.259000 0.544881 -0.094533 0.204298 -0.877188 0.992799 0.172118 0.405324 3.907524 -4.153267
0.260000 0.544004 -0.093538 0.204468 -0.876765 0.996691 0.167958 0.439841 3.876775 -4.167279
0.261000 0.543127 -0.092540 0.204634 -0.876308 1.000552 0.163784 0.474013 3.845657 -4.180456
0.262000 0.542251 -0.091537 0.204796 -0.875817 1.004382 0.159597 0.507958 3.814185 -4.192823
0.263000 0.541376 -0.090531 0.204953 -0.875292 1.008181 0.155398 0.541611 3.782640 -4.204366
0.264000 0.540501 -0.089521 0.205106 -0.874734 1.011948 0.151188 0.575086 3.751046 -4.215101
0.265000 0.539626 -0.088507 0.205256 -0.874142 1.015683 0.146968 0.608654 3.719162 -4.225054
0.266000 0.538752 -0.087489 0.205400 -0.873516 1.019386 0.142738 0.642357 3.686982 -4.234182
0.267000 0.537879 -0.086468 0.205541 -0.872857 1.023057 0.138500 0.676027 3.654737 -4.242391
0.268000 0.537007 -0.085443 0.205677 -0.872164 1.026695 0.134253 0.709699 3.622397 -4.249631
0.269000 0.536135 -0.084415 0.205810 -0.871438 1.030302 0.130000 0.743624 3.589604 -4.255935
0.270000 0.535264 -0.083383 0.205937 -0.870677 1.033875 0.125741 0.777859 3.556106 -4.261343
0.271000 0.534393 -0.082347 0.206061 -0.869882 1.037414 0.121478 0.812220 3.521882 -4.265870
0.272000 0.533524 -0.081308 0.206180 -0.869053 1.040918 0.117210 0.846532 3.487008 -4.269520
0.273000 0.532655 -0.080265 0.206295 -0.868189 1.044388 0.112939 0.880630 3.451741 -4.272276
0.274000 0.531787 -0.079219 0.206406 -0.867291 1.047822 0.108665 0.914362 3.416437 -4.274110
0.275000 0.530921 -0.078170 0.206513 -0.866360 1.051221 0.104390 0.947809 3.381134 -4.275020
0.276000 0.530055 -0.077117 0.206615 -0.865396 1.054584 0.100115 0.981235 3.345583 -4.275017
0.277000 0.529190 -0.076060 0.206713 -0.864398 1.057912 0.095840 1.014697 3.309768 -4.274066
0.278000 0.528326 -0.075001 0.206807 -0.863366 1.061204 0.091567 1.048051 3.273918 -4.272094
0.279000 0.527463 -0.073938 0.206896 -0.862302 1.064460 0.087296 1.081352 3.237992 -4.269062
0.280000 0.526601 -0.072872 0.206981 -0.861204 1.067680 0.083029 1.114848 3.201615 -4.264983
0.281000 0.525741 -0.071803 0.207062 -0.860072 1.070863 0.078766 1.148591 3.164526 -4.259883
0.282000 0.524881 -0.070730 0.207139 -0.858907 1.074009 0.074509 1.182388 3.126704 -4.253766
0.283000 0.524023 -0.069655 0.207211 -0.857707 1.077116 0.070259 1.216061 3.088223 -4.246613
0.284000 0.523166 -0.068576 0.207279 -0.856474 1.080185 0.066016 1.249463 3.049343 -4.238374
0.285000 0.522310 -0.067494 0.207343 -0.855208 1.083215 0.061782 1.282462 3.010418 -4.228976
0.286000 0.521455 -0.066410 0.207403 -0.853910 1.086206 0.057558 1.315154 2.971481 -4.218376
0.287000 0.520602 -0.065322 0.207458 -0.852578 1.089158 0.053345 1.347801 2.932280 -4.206582
0.288000 0.519750 -0.064231 0.207510 -0.851214 1.092071 0.049145 1.380448 2.892818 -4.193615
0.289000 0.518900 -0.063138 0.207557 -0.849817 1.094944 0.044958 1.412942 2.853357 -4.179493
0.290000 0.518051 -0.062041 0.207599 -0.848388 1.097777 0.040786 1.445323 2.813876 -4.164233
0.291000 0.517203 -0.060942 0.207638 -0.846927 1.100571 0.036629 1.477837 2.774000 -4.147858
0.292000 0.516357 -0.059840 0.207673 -0.845432 1.103325 0.032490 1.510548 2.733462 -4.130377
0.293000 0.515512 -0.058736 0.207703 -0.843905 1.106038 0.028369 1.543283 2.692245 -4.111789
0.294000 0.514669 -0.057628 0.207729 -0.842346 1.108710 0.024266 1.575875 2.650430 -4.092087
0.295000 0.513827 -0.056518 0.207752 -0.840754 1.111339 0.020184 1.608173 2.608278 -4.071261
0.296000 0.512987 -0.055405 0.207770 -0.839129 1.113926 0.016124 1.640030 2.566152 -4.049297
0.297000 0.512149 -0.054290 0.207784 -0.837474 1.116471 0.012086 1.671531 2.524078 -4.026188
0.298000 0.511312 -0.053172 0.207794 -0.835786 1.118974 0.008072 1.702929 2.481798 -4.001936
0.299000 0.510478 -0.052052 0.207800 -0.834068 1.121435 0.004082 1.734282 2.439311 -3.976550
0.300000 0.509644 -0.050930 0.207802 -0.832318 1.123853 0.000118 1.765450 2.396886 -3.950036
0.301000 0.508813 -0.049805 0.207800 -0.830537 1.126229 -0.003818 1.796482 2.354497 -3.922397
0.302000 0.507983 -0.048677 0.207795 -0.828725 1.128562 -0.007726 1.827608 2.311751 -3.893642
0.303000 0.507155 -0.047547 0.207785 -0.826882 1.130852 -0.011605 1.858848 2.268358 -3.863791
0.304000 0.506330 -0.046415 0.207771 -0.825007 1.133099 -0.015454 1.890024 2.224203 -3.832868
0.305000 0.505505 -0.045281 0.207754 -0.823102 1.135301 -0.019271 1.921156 2.178994 -3.800885
0.306000 0.504683 -0.044145 0.207733 -0.821165 1.137457 -0.023056 1.952488 2.132361 -3.767825
0.307000 0.503863 -0.043006 0.207708 -0.819197 1.139565 -0.026807 1.984107 2.084341 -3.733642
0.308000 0.503045 -0.041866 0.207679 -0.817197 1.141625 -0.030523 2.015885 2.035358 -3.698286
0.309000 0.502229 -0.040723 0.207647 -0.815165 1.143636 -0.034203 2.047679 1.985813 -3.661743
0.310000 0.501415 -0.039578 0.207611 -0.813101 1.145597 -0.037847 2.079332 1.936076 -3.624075
0.311000 0.500603 -0.038432 0.207571 -0.811006 1.147508 -0.041451 2.110675 1.886500 -3.585380
0.312000 0.499793 -0.037283 0.207528 -0.808880 1.149370 -0.045017 2.141764 1.837063 -3.545725
0.313000 0.498985 -0.036133 0.207481 -0.806723 1.151182 -0.048543 2.172826 1.787369 -3.505129
0.314000 0.498179 -0.034981 0.207431 -0.804534 1.152945 -0.052028 2.203889 1.737134 -3.463605
0.315000 0.497376 -0.033827 0.207377 -0.802315 1.154657 -0.055470 2.234788 1.686253 -3.421171
0.316000 0.496574 -0.032672 0.207320 -0.800065 1.156317 -0.058870 2.265546 1.634440 -3.377826
0.317000 0.495776 -0.031515 0.207259 -0.797784 1.157926 -0.062226 2.296394 1.581314 -3.333535
0.318000 0.494979 -0.030356 0.207195 -0.795472 1.159480 -0.065537 2.327400 1.526894 -3.288243
0.319000 0.494185 -0.029196 0.207128 -0.793129 1.160979 -0.068802 2.358412 1.471585 -3.241896
0.320000 0.493393 -0.028034 0.207058 -0.790755 1.162423 -0.072021 2.389277 1.415780 -3.194491
0.321000 0.492603 -0.026871 0.206984 -0.788350 1.163811 -0.075191 2.419838 1.359856 -3.146112
0.322000 0.491816 -0.025706 0.206907 -0.785915 1.165143 -0.078313 2.449937 1.304181 -3.096892
0.323000 0.491031 -0.024541 0.206828 -0.783451 1.166419 -0.081385 2.479632 1.248743 -3.046916
0.324000 0.490249 -0.023373 0.206745 -0.780956 1.167640 -0.084407 2.509148 1.193151 -2.996207
0.325000 0.489469 -0.022205 0.206659 -0.778432 1.168806 -0.087377 2.538513 1.137129 -2.944797
0.326000 0.488692 -0.021036 0.206570 -0.775879 1.169915 -0.090296 2.567570 1.080593 -2.892739
0.327000 0.487918 -0.019865 0.206478 -0.773297 1.170967 -0.093163 2.596345 1.023268 -2.840049
0.328000 0.487146 -0.018694 0.206384 -0.770686 1.171961 -0.095976 2.625064 0.964778 -2.786689
0.329000 0.486376 -0.017522 0.206286 -0.768047 1.172896 -0.098736 2.653794 0.905157 -2.732599
0.330000 0.485610 -0.016348 0.206186 -0.765379 1.173771 -0.101442 2.682396 0.844829 -2.677732
0.331000 0.484845 -0.015174 0.206083 -0.762682 1.174586 -0.104092 2.710734 0.784200 -2.622098
0.332000 0.484084 -0.013999 0.205978 -0.759957 1.175340 -0.106686 2.738686 0.723645 -2.565810
0.333000 0.483326 -0.012823 0.205870 -0.757205 1.176033 -0.109223 2.766137 0.663523 -2.509041
0.334000 0.482570 -0.011647 0.205759 -0.754425 1.176667 -0.111704 2.793167 0.603813 -2.451894
0.335000 0.481817 -0.010470 0.205647 -0.751618 1.177241 -0.114127 2.819992 0.544122 -2.394385
0.336000 0.481067 -0.009292 0.205531 -0.748785 1.177755 -0.116493 2.846618 0.484191 -2.336520
0.337000 0.480319 -0.008114 0.205414 -0.745925 1.178209 -0.118800 2.872857 0.423961 -2.278322
0.338000 0.479575 -0.006936 0.205294 -0.743039 1.178603 -0.121049 2.898711 0.363174 -2.219783
0.339000 0.478833 -0.005757 0.205171 -0.740128 1.178936 -0.123240 2.924395 0.301457 -2.160857
0.340000 0.478094 -0.004578 0.205047 -0.737191 1.179206 -0.125371 2.949999 0.238838 -2.101510
0.341000 0.477359 -0.003399 0.204921 -0.734228 1.179413 -0.127443 2.975422 0.175732 -2.041737
0.342000 0.476626 -0.002219 0.204792 -0.731240 1.179557 -0.129455 3.000561 0.112530 -1.981583
0.343000 0.475896 -0.001040 0.204662 -0.728227 1.179638 -0.131406 3.025309 0.049578 -1.921184
0.344000 0.475169 0.000140 0.204529 -0.725189 1.179657 -0.133297 3.049555 -0.012807 -1.860723
0.345000 0.474446 0.001320 0.204395 -0.722128 1.179613 -0.135127 3.073376 -0.074672 -1.800310
0.346000 0.473725 0.002499 0.204259 -0.719042 1.179507 -0.136898 3.096980 -0.136413 -1.739957
0.347000 0.473008 0.003679 0.204121 -0.715934 1.179340 -0.138607 3.120364 -0.198267 -1.679673
0.348000 0.472293 0.004858 0.203982 -0.712802 1.179111 -0.140257 3.143346 -0.260262 -1.619495
0.349000 0.471582 0.006037 0.203841 -0.709647 1.178819 -0.141846 3.165921 -0.322634 -1.559421
0.350000 0.470874 0.007216 0.203698 -0.706470 1.178465 -0.143376 3.188292 -0.385755 -1.499405
0.351000 0.470169 0.008394 0.203554 -0.703270 1.178048 -0.144845 3.210545 -0.449622 -1.439419
0.352000 0.469468 0.009572 0.203409 -0.700049 1.177566 -0.146255 3.232582 -0.513852 -1.379473
0.353000 0.468769 0.010749 0.203262 -0.696805 1.177020 -0.147604 3.254313 -0.578078 -1.319620
0.354000 0.468074 0.011926 0.203113 -0.693540 1.176410 -0.148894 3.275658 -0.641965 -1.259986
0.355000 0.467382 0.013102 0.202964 -0.690254 1.175736 -0.150124 3.296543 -0.705190 -1.200739
0.356000 0.466693 0.014277 0.202813 -0.686947 1.175000 -0.151295 3.317065 -0.767798 -1.141975
0.357000 0.466008 0.015452 0.202661 -0.683620 1.174201 -0.152408 3.337426 -0.830156 -1.083698
0.358000 0.465326 0.016626 0.202508 -0.680272 1.173339 -0.153463 3.357621 -0.892448 -1.025930
0.359000 0.464648 0.017798 0.202354 -0.676905 1.172416 -0.154460 3.377464 -0.954629 -0.968726
0.360000 0.463972 0.018970 0.202199 -0.673517 1.171430 -0.155400 3.396943 -1.016877 -0.912092
0.361000 0.463301 0.020141 0.202044 -0.670111 1.170382 -0.156284 3.416235 -1.079549 -0.855972
0.362000 0.462632 0.021311 0.201887 -0.666685 1.169271 -0.157112 3.435393 -1.142656 -0.800298
0.363000 0.461967 0.022480 0.201729 -0.663240 1.168097 -0.157885 3.454286 -1.205842 -0.745039
0.364000 0.461306 0.023647 0.201571 -0.659776 1.166859 -0.158602 3.472810 -1.268768 -0.690217
0.365000 0.460648 0.024814 0.201412 -0.656294 1.165559 -0.159265 3.490899 -1.331122 -0.635966
0.366000 0.459993 0.025978 0.201253 -0.652794 1.164197 -0.159874 3.508511 -1.392612 -0.582475
0.367000 0.459342 0.027142 0.201092 -0.649277 1.162774 -0.160430 3.525759 -1.453290 -0.529854
0.368000 0.458695 0.028304 0.200932 -0.645743 1.161291 -0.160934 3.542840 -1.513515 -0.478109
0.369000 0.458051 0.029465 0.200770 -0.642192 1.159747 -0.161386 3.559739 -1.573435 -0.427254
0.370000 0.457410 0.030623 0.200609 -0.638623 1.158144 -0.161788 3.576269 -1.632956 -0.377336
0.371000 0.456773 0.031781 0.200447 -0.635039 1.156481 -0.162141 3.592409 -1.692221 -0.328354
0.372000 0.456140 0.032936 0.200285 -0.631439 1.154759 -0.162445 3.608330 -1.751584 -0.280244
0.373000 0.455510 0.034090 0.200122 -0.627822 1.152978 -0.162701 3.624099 -1.811090 -0.232933
0.374000 0.454884 0.035242 0.199959 -0.624190 1.151137 -0.162911 3.639618 -1.870435 -0.186383
0.375000 0.454262 0.036393 0.199796 -0.620543 1.149237 -0.163074 3.654804 -1.929315 -0.140612
0.376000 0.453643 0.037541 0.199633 -0.616881 1.147278 -0.163192 3.669601 -1.987422 -0.095749
0.377000 0.453028 0.038687 0.199470 -0.613204 1.145262 -0.163266 3.683966 -2.044448 -0.051979
0.378000 0.452417 0.039831 0.199307 -0.609513 1.143190 -0.163296 3.698001 -2.100429 -0.009408
0.379000 0.451809 0.040974 0.199143 -0.605808 1.141061 -0.163284 3.711882 -2.155705 0.031959
0.380000 0.451205 0.042114 0.198980 -0.602089 1.138878 -0.163232 3.725585 -2.210403 0.072112
0.381000 0.450605 0.043251 0.198817 -0.598357 1.136640 -0.163140 3.738918 -2.264411 0.111005
0.382000 0.450009 0.044387 0.198654 -0.594611 1.134349 -0.163010 3.751846 -2.317852 0.148641
0.383000 0.449416 0.045520 0.198491 -0.590853 1.132005 -0.162843 3.764522 -2.371069 0.185086
0.384000 0.448827 0.046651 0.198328 -0.587082 1.129607 -0.162640 3.777000 -2.424111 0.220413
0.385000 0.448242 0.047779 0.198165 -0.583299 1.127157 -0.162402 3.789180 -2.476690 0.254662
0.386000 0.447660 0.048905 0.198003 -0.579504 1.124654 -0.162131 3.800974 -2.528535 0.287824
0.387000 0.447083 0.050028 0.197841 -0.575697 1.122100 -0.161827 3.812322 -2.579402 0.319796
0.388000 0.446509 0.051149 0.197680 -0.571879 1.119495 -0.161491 3.823175 -2.629062 0.350425
0.389000 0.445939 0.052267 0.197518 -0.568051 1.116841 -0.161126 3.833624 -2.677601 0.379633
0.390000 0.445373 0.053383 0.197357 -0.564212 1.114140 -0.160732 3.843837 -2.725353 0.407445
0.391000 0.444811 0.054496 0.197197 -0.560363 1.111391 -0.160311 3.853801 -2.772400 0.433899
0.392000 0.444252 0.055606 0.197037 -0.556504 1.108595 -0.159864 3.863350 -2.818568 0.459016
0.393000 0.443697 0.056713 0.196877 -0.552636 1.105754 -0.159393 3.872462 -2.863935 0.482846
0.394000 0.443147 0.057817 0.196718 -0.548759 1.102867 -0.158898 3.881281 -2.908835 0.505472
0.395000 0.442600 0.058919 0.196559 -0.544874 1.099936 -0.158382 3.889848 -2.953363 0.526966
0.396000 0.442057 0.060017 0.196401 -0.540980 1.096960 -0.157844 3.898059 -2.997308 0.547368
0.397000 0.441518 0.061113 0.196244 -0.537078 1.093941 -0.157287 3.905831 -3.040455 0.566673
0.398000 0.440983 0.062205 0.196087 -0.533168 1.090879 -0.156711 3.913124 -3.082588 0.584800
0.399000 0.440452 0.063294 0.195930 -0.529251 1.087776 -0.156117 3.919918 -3.123485 0.601626
0.400000 0.439924 0.064381 0.195774 -0.525328 1.084632 -0.155508 3.926316 -3.163229 0.617089
0.401000 0.439401 0.065464 0.195619 -0.521399 1.081450 -0.154883 3.932473 -3.202144 0.631210
0.402000 0.438882 0.066543 0.195465 -0.517463 1.078228 -0.154245 3.938365 -3.240307 0.643999
0.403000 0.438366 0.067620 0.195311 -0.513522 1.074969 -0.153595 3.943817 -3.277547 0.655436
0.404000 0.437855 0.068693 0.195157 -0.509576 1.071673 -0.152934 3.948795 -3.313937 0.665540
0.405000 0.437347 0.069763 0.195005 -0.505624 1.068341 -0.152264 3.953430 -3.349808 0.674390
0.406000 0.436843 0.070830 0.194853 -0.501669 1.064973 -0.151586 3.957775 -3.385277 0.682075
0.407000 0.436344 0.071893 0.194702 -0.497709 1.061571 -0.150900 3.961753 -3.420168 0.688662
0.408000 0.435848 0.072953 0.194551 -0.493745 1.058133 -0.150208 3.965300 -3.454304 0.694177
0.409000 0.435356 0.074010 0.194401 -0.489778 1.054662 -0.149512 3.968379 -3.487505 0.698568
0.410000 0.434868 0.075063 0.194252 -0.485809 1.051158 -0.148811 3.970967 -3.519587 0.701740
0.411000 0.434385 0.076112 0.194104 -0.481836 1.047623 -0.148108 3.973152 -3.550649 0.703651
0.412000 0.433905 0.077158 0.193956 -0.477862 1.044057 -0.147404 3.975079 -3.581010 0.704335
0.413000 0.433429 0.078200 0.193809 -0.473886 1.040461 -0.146700 3.976732 -3.610740 0.703822
0.414000 0.432957 0.079239 0.193662 -0.469909 1.036835 -0.145996 3.977964 -3.639663 0.702119
0.415000 0.432489 0.080274 0.193517 -0.465930 1.033181 -0.145295 3.978749 -3.667847 0.699263
0.416000 0.432025 0.081305 0.193372 -0.461951 1.029500 -0.144598 3.979207 -3.695616 0.695337
0.417000 0.431565 0.082333 0.193228 -0.457972 1.025790 -0.143905 3.979377 -3.723099 0.690422
0.418000 0.431109 0.083357 0.193084 -0.453993 1.022053 -0.143217 3.979176 -3.750155 0.684581
0.419000 0.430657 0.084377 0.192941 -0.450014 1.018290 -0.142535 3.978532 -3.776629 0.677843
0.420000 0.430209 0.085393 0.192799 -0.446035 1.014500 -0.141861 3.977403 -3.802347 0.670173
0.421000 0.429765 0.086406 0.192657 -0.442059 1.010685 -0.141195 3.975757 -3.827124 0.661502
0.422000 0.429325 0.087415 0.192517 -0.438084 1.006846 -0.140538 3.973668 -3.851047 0.651810
0.423000 0.428889 0.088420 0.192376 -0.434111 1.002983 -0.139892 3.971270 -3.874416 0.641143
0.424000 0.428457 0.089421 0.192237 -0.430141 0.999097 -0.139256 3.968558 -3.897288 0.629550
0.425000 0.428029 0.090418 0.192098 -0.426174 0.995189 -0.138632 3.965408 -3.919483 0.617065
0.426000 0.427604 0.091411 0.191959 -0.422211 0.991258 -0.138022 3.961806 -3.941053 0.603746
0.427000 0.427184 0.092400 0.191822 -0.418251 0.987306 -0.137425 3.957860 -3.962315 0.589686
0.428000 0.426768 0.093386 0.191685 -0.414295 0.983334 -0.136842 3.953595 -3.983410 0.574989
0.429000 0.426356 0.094367 0.191548 -0.410343 0.979340 -0.136275 3.948941 -4.004278 0.559755
0.430000 0.425947 0.095344 0.191412 -0.406397 0.975325 -0.135723 3.943924 -4.025060 0.544079
0.431000 0.425543 0.096318 0.191277 -0.402456 0.971289 -0.135187 3.938686 -4.046096 0.528013
0.432000 0.425142 0.097287 0.191142 -0.398520 0.967233 -0.134667 3.933319 -4.067520 0.511507
0.433000 0.424746 0.098252 0.191007 -0.394589 0.963154 -0.134164 3.927812 -4.089199 0.494451
0.434000 0.424353 0.099213 0.190873 -0.390664 0.959054 -0.133678 3.922120 -4.110973 0.476766
0.435000 0.423964 0.100170 0.190740 -0.386745 0.954933 -0.133210 3.916130 -4.132631 0.458436
0.436000 0.423580 0.101123 0.190607 -0.382832 0.950789 -0.132761 3.909692 -4.153934 0.439476
0.437000 0.423199 0.102072 0.190474 -0.378925 0.946625 -0.132331 3.902778 -4.174920 0.419938
0.438000 0.422822 0.103016 0.190342 -0.375026 0.942439 -0.131921 3.895484 -4.195880 0.399910
0.439000 0.422449 0.103957 0.190211 -0.371134 0.938233 -0.131531 3.887847 -4.216940 0.379491
0.440000 0.422079 0.104893 0.190079 -0.367250 0.934005 -0.131162 3.879804 -4.237981 0.358767
0.441000 0.421714 0.105825 0.189948 -0.363375 0.929757 -0.130814 3.871308 -4.258880 0.337800
0.442000 0.421353 0.106752 0.189818 -0.359508 0.925488 -0.130487 3.862338 -4.279511 0.316607
0.443000 0.420995 0.107676 0.189687 -0.355650 0.921198 -0.130181 3.852886 -4.299742 0.295176
0.444000 0.420641 0.108595 0.189557 -0.351802 0.916888 -0.129896 3.843023 -4.319679 0.273527
0.445000 0.420292 0.109509 0.189427 -0.347964 0.912559 -0.129634 3.832859 -4.339596 0.251717
0.446000 0.419945 0.110420 0.189298 -0.344136 0.908209 -0.129393 3.822387 -4.359519 0.229789
0.447000 0.419603 0.111326 0.189169 -0.340319 0.903840 -0.129174 3.811502 -4.379248 0.207765
0.448000 0.419265 0.112227 0.189040 -0.336513 0.899450 -0.128977 3.800189 -4.398802 0.185694
0.449000 0.418930 0.113125 0.188911 -0.332719 0.895042 -0.128803 3.788544 -4.418447 0.163648
0.450000 0.418599 0.114018 0.188782 -0.328936 0.890614 -0.128650 3.776616 -4.438290 0.141699
0.451000 0.418272 0.114906 0.188653 -0.325166 0.886165 -0.128519 3.764371 -4.458202 0.119895
0.452000 0.417949 0.115790 0.188525 -0.321408 0.881697 -0.128410 3.751781 -4.478061 0.098259
0.453000 0.417630 0.116669 0.188397 -0.317662 0.877209 -0.128323 3.738830 -4.497754 0.076769
0.454000 0.417314 0.117544 0.188268 -0.313930 0.872702 -0.128257 3.725506 -4.517173 0.055377
0.455000 0.417002 0.118415 0.188140 -0.310211 0.868175 -0.128212 3.711870 -4.536428 0.034074
0.456000 0.416693 0.119281 0.188012 -0.306506 0.863629 -0.128189 3.698021 -4.555765 0.012905
0.457000 0.416389 0.120142 0.187884 -0.302815 0.859063 -0.128186 3.683965 -4.575167 -0.008090
0.458000 0.416088 0.120999 0.187756 -0.299138 0.854478 -0.128205 3.669623 -4.594385 -0.028890
0.459000 0.415790 0.121851 0.187627 -0.295476 0.849875 -0.128244 3.654993 -4.613395 -0.049446
0.460000 0.415497 0.122698 0.187499 -0.291828 0.845252 -0.128304 3.640149 -4.632434 -0.069675
0.461000 0.415207 0.123541 0.187371 -0.288196 0.840610 -0.128383 3.625104 -4.651612 -0.089483
0.462000 0.414920 0.124380 0.187242 -0.284578 0.835948 -0.128483 3.609788 -4.670821 -0.108786
0.463000 0.414638 0.125213 0.187114 -0.280976 0.831268 -0.128601 3.594143 -4.689951 -0.127538
0.464000 0.414358 0.126042 0.186985 -0.277390 0.826569 -0.128738 3.578138 -4.708886 -0.145749
0.465000 0.414083 0.126866 0.186856 -0.273820 0.821850 -0.128892 3.561757 -4.727505 -0.163466
0.466000 0.413811 0.127686 0.186727 -0.270266 0.817114 -0.129065 3.545047 -4.745896 -0.180698
0.467000 0.413542 0.128501 0.186598 -0.266730 0.812358 -0.129254 3.528091 -4.764277 -0.197411
0.468000 0.413277 0.129311 0.186469 -0.263210 0.807585 -0.129459 3.510880 -4.782607 -0.213589
0.469000 0.413016 0.130116 0.186339 -0.259708 0.802793 -0.129681 3.493334 -4.800622 -0.229243
0.470000 0.412758 0.130916 0.186209 -0.256223 0.797984 -0.129918 3.475439 -4.818275 -0.244350
0.471000 0.412503 0.131712 0.186079 -0.252757 0.793157 -0.130170 3.457262 -4.835786 -0.258846
0.472000 0.412252 0.132503 0.185949 -0.249309 0.788312 -0.130436 3.438831 -4.853264 -0.272662
0.473000 0.412005 0.133288 0.185819 -0.245879 0.783450 -0.130715 3.420118 -4.870666 -0.285740
0.474000 0.411761 0.134069 0.185688 -0.242469 0.778571 -0.131007 3.401151 -4.888102 -0.298013
0.475000 0.411520 0.134846 0.185556 -0.239077 0.773674 -0.131311 3.382025 -4.905833 -0.309435
0.476000 0.411282 0.135617 0.185425 -0.235705 0.768759 -0.131626 3.362807 -4.923939 -0.320035
0.477000 0.411048 0.136383 0.185293 -0.232351 0.763826 -0.131951 3.343510 -4.942271 -0.329894
0.478000 0.410818 0.137144 0.185161 -0.229018 0.758875 -0.132286 3.324117 -4.960644 -0.339066
0.479000 0.410590 0.137901 0.185029 -0.225703 0.753905 -0.132629 3.304562 -4.978805 -0.347561
0.480000 0.410366 0.138652 0.184896 -0.222408 0.748917 -0.132981 3.284750 -4.996463 -0.355361
0.481000 0.410146 0.139399 0.184763 -0.219134 0.743912 -0.133340 3.264659 -5.013572 -0.362419
0.482000 0.409928 0.140140 0.184629 -0.215879 0.738890 -0.133706 3.244339 -5.030329 -0.368665
0.483000 0.409714 0.140876 0.184495 -0.212645 0.733851 -0.134077 3.223810 -5.046820 -0.374053
0.484000 0.409503 0.141608 0.184361 -0.209431 0.728796 -0.134454 3.203043 -5.062981 -0.378552
0.485000 0.409295 0.142334 0.184226 -0.206239 0.723725 -0.134834 3.182054 -5.078898 -0.382120
0.486000 0.409090 0.143055 0.184091 -0.203067 0.718638 -0.135218 3.160914 -5.094799 -0.384716
0.487000 0.408889 0.143771 0.183956 -0.199917 0.713536 -0.135604 3.139657 -5.110735 -0.386368
0.488000 0.408691 0.144482 0.183820 -0.196788 0.708417 -0.135991 3.118261 -5.126541 -0.387155
0.489000 0.408495 0.145188 0.183684 -0.193681 0.703283 -0.136378 3.096686 -5.142013 -0.387150
0.490000 0.408303 0.145889 0.183547 -0.190595 0.698133 -0.136765 3.074857 -5.156880 -0.386408
0.491000 0.408114 0.146584 0.183410 -0.187531 0.692969 -0.137151 3.052678 -5.170832 -0.384977
0.492000 0.407928 0.147275 0.183273 -0.184489 0.687791 -0.137535 3.030122 -5.183797 -0.382856
0.493000 0.407745 0.147960 0.183135 -0.181471 0.682601 -0.137917 3.007237 -5.195949 -0.380005
0.494000 0.407565 0.148640 0.182997 -0.178475 0.677399 -0.138295 2.984061 -5.207373 -0.376399
0.495000 0.407388 0.149315 0.182859 -0.175502 0.672186 -0.138669 2.960598 -5.218017 -0.372039
0.496000 0.407214 0.149984 0.182720 -0.172554 0.666963 -0.139039 2.936884 -5.227968 -0.366902
0.497000 0.407043 0.150649 0.182581 -0.169629 0.661731 -0.139403 2.912977 -5.237450 -0.360942
0.498000 0.406875 0.151308 0.182441 -0.166728 0.656488 -0.139761 2.888881 -5.246540 -0.354159
0.499000 0.406710 0.151962 0.182301 -0.163851 0.651237 -0.140112 2.864556 -5.255165 -0.346588
0.500000 0.406547 0.152610 0.182161 -0.160999 0.645978 -0.140454 2.840000 -5.263384 -0.338228
0.501000 0.406388 0.153254 0.182020 -0.158171 0.640711 -0.140788 2.815249 -5.271349 -0.329056
0.502000 0.406231 0.153892 0.181879 -0.155368 0.635435 -0.141112 2.790296 -5.278989 -0.319095
0.503000 0.406077 0.154525 0.181738 -0.152590 0.630153 -0.141426 2.765090 -5.286041 -0.308414
0.504000 0.405926 0.155152 0.181596 -0.149838 0.624863 -0.141729 2.739621 -5.292428 -0.297033
0.505000 0.405777 0.155774 0.181455 -0.147111 0.619568 -0.142020 2.713934 -5.298302 -0.284918
0.506000 0.405631 0.156391 0.181312 -0.144410 0.614267 -0.142299 2.688063 -5.303740 -0.272041
0.507000 0.405488 0.157003 0.181170 -0.141735 0.608960 -0.142564 2.662012 -5.308699 -0.258401
0.508000 0.405348 0.157609 0.181027 -0.139086 0.603649 -0.142816 2.635813 -5.313256 -0.243973
0.509000 0.405210 0.158210 0.180884 -0.136463 0.598334 -0.143052 2.609520 -5.317616 -0.228729
0.510000 0.405075 0.158806 0.180741 -0.133867 0.593014 -0.143273 2.583160 -5.321848 -0.212717
0.511000 0.404942 0.159396 0.180598 -0.131297 0.587690 -0.143478 2.556728 -5.325885 -0.196033
0.512000 0.404812 0.159981 0.180454 -0.128754 0.582362 -0.143665 2.530244 -5.329781 -0.178727
0.513000 0.404685 0.160561 0.180310 -0.126237 0.577031 -0.143835 2.503741 -5.333676 -0.160778
0.514000 0.404560 0.161135 0.180167 -0.123746 0.571695 -0.143987 2.477210 -5.337516 -0.142188
0.515000 0.404437 0.161704 0.180023 -0.121282 0.566356 -0.144120 2.450603 -5.341081 -0.122986
0.516000 0.404317 0.162268 0.179878 -0.118845 0.561013 -0.144233 2.423906 -5.344307 -0.103167
0.517000 0.404200 0.162826 0.179734 -0.116434 0.555667 -0.144326 2.397143 -5.347326 -0.082692
0.518000 0.404085 0.163379 0.179590 -0.114051 0.550318 -0.144398 2.370318 -5.350184 -0.061558
0.519000 0.403972 0.163927 0.179445 -0.111694 0.544967 -0.144449 2.343408 -5.352807 -0.039793
0.520000 0.403861 0.164469 0.179301 -0.109364 0.539613 -0.144478 2.316413 -5.355243 -0.017395
0.521000 0.403753 0.165006 0.179156 -0.107061 0.534256 -0.144484 2.289360 -5.357662 0.005666
0.522000 0.403647 0.165538 0.179012 -0.104785 0.528897 -0.144466 2.262246 -5.360124 0.029369
0.523000 0.403543 0.166064 0.178867 -0.102536 0.523536 -0.144425 2.235032 -5.362533 0.053639
0.524000 0.403442 0.166585 0.178723 -0.100315 0.518172 -0.144359 2.207674 -5.364753 0.078404
0.525000 0.403343 0.167100 0.178579 -0.098121 0.512806 -0.144268 2.180131 -5.366585 0.103590
0.526000 0.403246 0.167610 0.178434 -0.095955 0.507439 -0.144152 2.152355 -5.367787 0.129124
0.527000 0.403151 0.168115 0.178290 -0.093816 0.502071 -0.144010 2.124335 -5.368296 0.154983
0.528000 0.403058 0.168615 0.178146 -0.091706 0.496702 -0.143842 2.096103 -5.368237 0.181184
0.529000 0.402967 0.169109 0.178003 -0.089624 0.491334 -0.143648 2.067691 -5.367677 0.207705
0.530000 0.402879 0.169597 0.177859 -0.087571 0.485967 -0.143427 2.039121 -5.366590 0.234483
0.531000 0.402792 0.170081 0.177716 -0.085546 0.480601 -0.143179 2.010423 -5.365043 0.261496
0.532000 0.402708 0.170558 0.177573 -0.083550 0.475237 -0.142904 1.981641 -5.363201 0.288771
0.533000 0.402625 0.171031 0.177430 -0.081583 0.469875 -0.142601 1.952805 -5.361122 0.316311
0.534000 0.402545 0.171498 0.177288 -0.079644 0.464515 -0.142271 1.923925 -5.358757 0.344084
0.535000 0.402466 0.171960 0.177145 -0.077735 0.459157 -0.141913 1.895025 -5.356150 0.372092
0.536000 0.402389 0.172416 0.177004 -0.075854 0.453802 -0.141527 1.866131 -5.353425 0.400360
0.537000 0.402314 0.172868 0.176862 -0.074002 0.448450 -0.141112 1.837237 -5.350568 0.428866
0.538000 0.402241 0.173313 0.176721 -0.072180 0.443101 -0.140669 1.808314 -5.347439 0.457544
0.539000 0.402170 0.173754 0.176581 -0.070386 0.437755 -0.140197 1.779354 -5.344017 0.486368
0.540000 0.402100 0.174189 0.176441 -0.068621 0.432413 -0.139696 1.750375 -5.340414 0.515363
0.541000 0.402033 0.174619 0.176302 -0.066885 0.427075 -0.139166 1.721389 -5.336668 0.544529
0.542000 0.401967 0.175043 0.176163 -0.065178 0.421740 -0.138607 1.692393 -5.332722 0.573831
0.543000 0.401902 0.175462 0.176024 -0.063500 0.416409 -0.138019 1.663401 -5.328612 0.603268
0.544000 0.401840 0.175876 0.175887 -0.061851 0.411083 -0.137401 1.634444 -5.324468 0.632874
0.545000 0.401779 0.176284 0.175750 -0.060231 0.405760 -0.136753 1.605553 -5.320341 0.662646
0.546000 0.401719 0.176687 0.175613 -0.058640 0.400442 -0.136075 1.576755 -5.316185 0.692549
0.547000 0.401661 0.177085 0.175477 -0.057078 0.395128 -0.135368 1.548078 -5.312037 0.722577
0.548000 0.401605 0.177478 0.175342 -0.055544 0.389818 -0.134630 1.519548 -5.307999 0.752751
0.549000 0.401550 0.177865 0.175208 -0.054039 0.384512 -0.133862 1.491168 -5.304049 0.783040
0.550000 0.401497 0.178247 0.175075 -0.052562 0.379210 -0.133064 1.462923 -5.300055 0.813372
0.551000 0.401445 0.178623 0.174942 -0.051113 0.373912 -0.132236 1.434811 -5.295985 0.843715
0.552000 0.401395 0.178994 0.174810 -0.049692 0.368618 -0.131377 1.406854 -5.291931 0.874085
0.553000 0.401346 0.179360 0.174679 -0.048299 0.363328 -0.130488 1.379071 -5.287924 0.904475
0.554000 0.401298 0.179721 0.174549 -0.046934 0.358042 -0.129568 1.351476 -5.283913 0.934841
0.555000 0.401252 0.180077 0.174420 -0.045596 0.352760 -0.128618 1.324087 -5.279922 0.965174
0.556000 0.401207 0.180427 0.174292 -0.044286 0.347482 -0.127638 1.296931 -5.276052 0.995497
0.557000 0.401163 0.180772 0.174165 -0.043002 0.342208 -0.126627 1.270023 -5.272320 1.025801
0.558000 0.401121 0.181111 0.174039 -0.041746 0.336938 -0.125586 1.243371 -5.268652 1.056039
0.559000 0.401080 0.181445 0.173914 -0.040516 0.331671 -0.124515 1.216990 -5.265053 1.086197
0.560000 0.401040 0.181774 0.173790 -0.039312 0.326407 -0.123414 1.190899 -5.261593 1.116296
0.561000 0.401001 0.182098 0.173667 -0.038134 0.321148 -0.122282 1.165110 -5.258240 1.146321
0.562000 0.400964 0.182417 0.173545 -0.036982 0.315891 -0.121121 1.139628 -5.254869 1.176221
0.563000 0.400927 0.182730 0.173425 -0.035855 0.310638 -0.119930 1.114461 -5.251442 1.205979
0.564000 0.400892 0.183038 0.173305 -0.034753 0.305388 -0.118709 1.089626 -5.248029 1.235610
0.565000 0.400858 0.183341 0.173187 -0.033675 0.300142 -0.117459 1.065128 -5.244653 1.265094
0.566000 0.400824 0.183638 0.173070 -0.032622 0.294899 -0.116179 1.040965 -5.241253 1.294370
0.567000 0.400792 0.183931 0.172955 -0.031593 0.289659 -0.114870 1.017135 -5.237762 1.323383
0.568000 0.400761 0.184218 0.172841 -0.030588 0.284423 -0.113532 0.993633 -5.234107 1.352092
0.569000 0.400731 0.184499 0.172728 -0.029606 0.279191 -0.112166 0.970453 -5.230211 1.380465
0.570000 0.400702 0.184776 0.172616 -0.028647 0.273963 -0.110771 0.947598 -5.226073 1.408502
0.571000 0.400674 0.185047 0.172506 -0.027711 0.268739 -0.109349 0.925077 -5.221738 1.436231
0.572000 0.400647 0.185313 0.172398 -0.026797 0.263519 -0.107899 0.902888 -5.217148 1.463651
0.573000 0.400620 0.185574 0.172291 -0.025905 0.258305 -0.106421 0.881025 -5.212155 1.490730
0.574000 0.400595 0.185830 0.172185 -0.025035 0.253095 -0.104917 0.859488 -5.206689 1.517462
0.575000 0.400570 0.186081 0.172081 -0.024186 0.247891 -0.103386 0.838291 -5.200776 1.543860
0.576000 0.400546 0.186326 0.171978 -0.023358 0.242693 -0.101829 0.817456 -5.194385 1.569889
0.577000 0.400524 0.186566 0.171877 -0.022551 0.237502 -0.100247 0.797008 -5.187415 1.595481
0.578000 0.400501 0.186801 0.171778 -0.021764 0.232319 -0.098638 0.776965 -5.179829 1.620598
0.579000 0.400480 0.187031 0.171680 -0.020997 0.227143 -0.097005 0.757341 -5.171663 1.645248
0.580000 0.400459 0.187255 0.171584 -0.020250 0.221975 -0.095348 0.738130 -5.162893 1.669413
0.581000 0.400439 0.187475 0.171489 -0.019521 0.216817 -0.093667 0.719318 -5.153434 1.693053
0.582000 0.400420 0.187689 0.171396 -0.018811 0.211668 -0.091962 0.700897 -5.143250 1.716149
0.583000 0.400402 0.187898 0.171305 -0.018119 0.206530 -0.090234 0.682865 -5.132347 1.738700
0.584000 0.400384 0.188102 0.171216 -0.017445 0.201404 -0.088484 0.665214 -5.120631 1.760660
0.585000 0.400367 0.188301 0.171128 -0.016789 0.196289 -0.086713 0.647927 -5.107929 1.781946
0.586000 0.400351 0.188494 0.171042 -0.016150 0.191188 -0.084921 0.630996 -5.094138 1.802508
0.587000 0.400335 0.188683 0.170958 -0.015527 0.186101 -0.083108 0.614425 -5.079242 1.822328
0.588000 0.400319 0.188867 0.170876 -0.014921 0.181029 -0.081276 0.598230 -5.063179 1.841351
0.589000 0.400305 0.189045 0.170796 -0.014330 0.175975 -0.079425 0.582425 -5.045820 1.859487
0.590000 0.400291 0.189219 0.170717 -0.013756 0.170938 -0.077557 0.567021 -5.027098 1.876682
0.591000 0.400277 0.189387 0.170641 -0.013196 0.165920 -0.075672 0.552024 -5.007007 1.892918
0.592000 0.400264 0.189550 0.170566 -0.012652 0.160924 -0.073771 0.537420 -4.985493 1.908161
0.593000 0.400252 0.189709 0.170493 -0.012122 0.155949 -0.071856 0.523189 -4.962442 1.922347
0.594000 0.400240 0.189862 0.170422 -0.011605 0.150999 -0.069926 0.509313 -4.937791 1.935438
0.595000 0.400229 0.190011 0.170353 -0.011103 0.146074 -0.067985 0.495786 -4.911515 1.947422
0.596000 0.400218 0.190154 0.170286 -0.010614 0.141176 -0.066032 0.482590 -4.883516 1.958257
0.597000 0.400208 0.190293 0.170221 -0.010138 0.136307 -0.064068 0.469703 -4.853628 1.967872
0.598000 0.400198 0.190427 0.170158 -0.009674 0.131469 -0.062096 0.457106 -4.821743 1.976221
0.599000 0.400188 0.190556 0.170097 -0.009224 0.126663 -0.060116 0.444789 -4.787818 1.983274
0.600000 0.400179 0.190680 0.170038 -0.008785 0.121893 -0.058129 0.432735 -4.751760 1.988955
0.601000 0.400171 0.190800 0.169981 -0.008358 0.117160 -0.056138 0.420918 -4.713417 1.993153
0.602000 0.400163 0.190915 0.169926 -0.007943 0.112466 -0.054143 0.409320 -4.672689 1.995788
0.603000 0.400155 0.191025 0.169872 -0.007539 0.107814 -0.052146 0.397928 -4.629525 1.996823
0.604000 0.400147 0.191130 0.169821 -0.007147 0.103207 -0.050149 0.386723 -4.583813 1.996200
0.605000 0.400140 0.191231 0.169772 -0.006766 0.098647 -0.048154 0.375677 -4.535386 1.993830
0.606000 0.400134 0.191328 0.169725 -0.006396 0.094136 -0.046162 0.364772 -4.484123 1.989653
0.607000 0.400128 0.191420 0.169680 -0.006036 0.089679 -0.044175 0.354004 -4.429943 1.983622
0.608000 0.400122 0.191507 0.169637 -0.005688 0.085276 -0.042194 0.343378 -4.372694 1.975647
0.609000 0.400116 0.191590 0.169595 -0.005350 0.080933 -0.040223 0.332896 -4.312143 1.965591
0.610000 0.400111 0.191669 0.169556 -0.005022 0.076652 -0.038263 0.322555 -4.248071 1.953317
0.611000 0.400106 0.191743 0.169519 -0.004705 0.072437 -0.036317 0.312335 -4.180284 1.938684
0.612000 0.400102 0.191814 0.169484 -0.004397 0.068292 -0.034386 0.302206 -4.108601 1.921550
0.613000 0.400097 0.191880 0.169450 -0.004100 0.064220 -0.032473 0.292145 -4.032903 1.901814
0.614000 0.400094 0.191942 0.169419 -0.003813 0.060226 -0.030582 0.282137 -3.953121 1.879406
0.615000 0.400090 0.192000 0.169389 -0.003536 0.056314 -0.028715 0.272158 -3.869150 1.854221
0.616000 0.400086 0.192055 0.169361 -0.003269 0.052487 -0.026874 0.262177 -3.780846 1.826118
0.617000 0.400083 0.192105 0.169335 -0.003012 0.048752 -0.025062 0.252173 -3.688093 1.794988
0.618000 0.400080 0.192152 0.169311 -0.002764 0.045111 -0.023284 0.242137 -3.590799 1.760755
0.619000 0.400078 0.192196 0.169289 -0.002527 0.041570 -0.021541 0.232072 -3.488795 1.723306
0.620000 0.400075 0.192235 0.169268 -0.002300 0.038134 -0.019837 0.221980 -3.381852 1.682494
0.621000 0.400073 0.192272 0.169249 -0.002083 0.034807 -0.018176 0.211860 -3.269794 1.638201
0.622000 0.400071 0.192305 0.169232 -0.001876 0.031594 -0.016561 0.201707 -3.152515 1.590346
0.623000 0.400069 0.192335 0.169216 -0.001680 0.028502 -0.014995 0.191495 -3.029879 1.538809
0.624000 0.400068 0.192362 0.169202 -0.001494 0.025534 -0.013483 0.181192 -2.901713 1.483435
0.625000 0.400066 0.192386 0.169189 -0.001317 0.022698 -0.012028 0.170774 -2.767881 1.424105
0.626000 0.400065 0.192407 0.169178 -0.001152 0.019999 -0.010635 0.160233 -2.628295 1.360738
0.627000 0.400064 0.192426 0.169168 -0.000997 0.017442 -0.009307 0.149568 -2.482838 1.293236
0.628000 0.400063 0.192442 0.169159 -0.000853 0.015033 -0.008048 0.138780 -2.331358 1.221472
0.629000 0.400062 0.192456 0.169152 -0.000719 0.012779 -0.006864 0.127869 -2.173731 1.145345
0.630000 0.400062 0.192468 0.169145 -0.000597 0.010685 -0.005758 0.116837 -2.009850 1.064782
0.631000 0.400061 0.192478 0.169140 -0.000486 0.008759 -0.004734 0.105685 -1.839538 0.979679
0.632000 0.400061 0.192485 0.169136 -0.000386 0.007006 -0.003798 0.094412 -1.662567 0.889907
0.633000 0.400060 0.192492 0.169132 -0.000297 0.005434 -0.002955 0.044373 -0.786194 0.421918
0.634000 0.400060 0.192496 0.169130 -0.000297 0.005434 -0.002955 0.044373 -0.786194 0.421918
