0.000000 0.670707 -0.195068 0.136546 0.011328 -0.010252 0.023058 -0.245909 0.145898 0.771301
0.001000 0.670719 -0.195078 0.136568 0.011328 -0.010252 0.023058 -0.245909 0.145898 0.771301
0.002000 0.670730 -0.195088 0.136592 0.010836 -0.009960 0.024601 -0.508459 0.303233 1.565446
0.003000 0.670740 -0.195098 0.136617 0.010311 -0.009646 0.026189 -0.542230 0.326379 1.611458
0.004000 0.670750 -0.195107 0.136644 0.009751 -0.009308 0.027823 -0.576988 0.350065 1.658117
0.005000 0.670760 -0.195117 0.136673 0.009157 -0.008946 0.029505 -0.612743 0.374289 1.705406
0.006000 0.670769 -0.195125 0.136703 0.008526 -0.008559 0.031234 -0.649503 0.399060 1.753299
0.007000 0.670777 -0.195134 0.136735 0.007858 -0.008147 0.033012 -0.687278 0.424385 1.801766
0.008000 0.670784 -0.195142 0.136769 0.007151 -0.007710 0.034838 -0.726078 0.450271 1.850776
0.009000 0.670791 -0.195149 0.136805 0.006405 -0.007247 0.036713 -0.765919 0.476715 1.900296
0.010000 0.670797 -0.195156 0.136843 0.005619 -0.006757 0.038638 -0.806834 0.503700 1.950291
0.011000 0.670802 -0.195163 0.136882 0.004792 -0.006240 0.040614 -0.848863 0.531199 2.000724
0.012000 0.670807 -0.195169 0.136924 0.003922 -0.005694 0.042640 -0.892036 0.559193 2.051559
0.013000 0.670810 -0.195174 0.136968 0.003008 -0.005121 0.044717 -0.936368 0.587690 2.102764
0.014000 0.670813 -0.195179 0.137013 0.002049 -0.004519 0.046845 -0.981864 0.616717 2.154324
0.015000 0.670814 -0.195183 0.137061 0.001044 -0.003888 0.049026 -1.028526 0.646314 2.206226
0.016000 0.670815 -0.195187 0.137112 -0.000008 -0.003226 0.051258 -1.076357 0.676509 2.258453
0.017000 0.670814 -0.195190 0.137164 -0.001109 -0.002535 0.053542 -1.125355 0.707317 2.310975
0.018000 0.670813 -0.195192 0.137219 -0.002259 -0.001812 0.055880 -1.175522 0.738741 2.363769
0.019000 0.670810 -0.195193 0.137276 -0.003460 -0.001057 0.058270 -1.226855 0.770784 2.416814
0.020000 0.670806 -0.195194 0.137335 -0.004713 -0.000270 0.060713 -1.279349 0.803450 2.470085
0.021000 0.670800 -0.195194 0.137397 -0.006018 0.000550 0.063210 -1.332990 0.836748 2.523553
0.022000 0.670794 -0.195193 0.137462 -0.007379 0.001403 0.065761 -1.387749 0.870705 2.577210
0.023000 0.670786 -0.195191 0.137529 -0.008794 0.002291 0.068365 -1.443583 0.905353 2.631063
0.024000 0.670776 -0.195188 0.137598 -0.010266 0.003214 0.071023 -1.500459 0.940716 2.685099
0.025000 0.670765 -0.195184 0.137671 -0.011795 0.004173 0.073735 -1.558359 0.976802 2.739292
0.026000 0.670753 -0.195180 0.137746 -0.013382 0.005168 0.076501 -1.617268 1.013608 2.793625
0.027000 0.670738 -0.195174 0.137824 -0.015029 0.006200 0.079322 -1.677178 1.051131 2.848097
0.028000 0.670722 -0.195167 0.137904 -0.016737 0.007270 0.082197 -1.738083 1.089365 2.902704
0.029000 0.670705 -0.195160 0.137988 -0.018506 0.008378 0.085127 -1.799995 1.128303 2.957438
0.030000 0.670685 -0.195151 0.138075 -0.020337 0.009526 0.088112 -1.862930 1.167937 3.012289
0.031000 0.670664 -0.195141 0.138164 -0.022231 0.010714 0.091152 -1.926893 1.208260 3.067227
0.032000 0.670641 -0.195129 0.138257 -0.024191 0.011943 0.094247 -1.991864 1.249274 3.122206
0.033000 0.670616 -0.195117 0.138353 -0.026215 0.013213 0.097396 -2.057795 1.290991 3.177188
0.034000 0.670589 -0.195103 0.138452 -0.028306 0.014525 0.100601 -2.124628 1.333435 3.232150
0.035000 0.670559 -0.195088 0.138554 -0.030464 0.015880 0.103861 -2.192313 1.376619 3.287046
0.036000 0.670528 -0.195071 0.138659 -0.032691 0.017278 0.107175 -2.260820 1.420548 3.341808
0.037000 0.670494 -0.195053 0.138768 -0.034986 0.018721 0.110544 -2.330144 1.465233 3.396362
0.038000 0.670458 -0.195034 0.138881 -0.037351 0.020209 0.113968 -2.400285 1.510691 3.450636
0.039000 0.670419 -0.195013 0.138996 -0.039787 0.021742 0.117446 -2.471234 1.556928 3.504552
0.040000 0.670378 -0.194990 0.139115 -0.042294 0.023322 0.120977 -2.542976 1.603933 3.558036
0.041000 0.670335 -0.194966 0.139238 -0.044873 0.024950 0.124562 -2.615497 1.651687 3.611052
0.042000 0.670288 -0.194940 0.139365 -0.047525 0.026626 0.128199 -2.688789 1.700165 3.663582
0.043000 0.670239 -0.194913 0.139495 -0.050250 0.028350 0.131889 -2.762832 1.749345 3.715584
0.044000 0.670188 -0.194884 0.139628 -0.053050 0.030125 0.135630 -2.837589 1.799209 3.766993
0.045000 0.670133 -0.194852 0.139766 -0.055925 0.031949 0.139423 -2.913011 1.849755 3.817759
0.046000 0.670076 -0.194820 0.139907 -0.058876 0.033824 0.143266 -2.989045 1.900986 3.867851
0.047000 0.670016 -0.194785 0.140052 -0.061903 0.035751 0.147159 -3.065639 1.952900 3.917213
0.048000 0.669952 -0.194748 0.140202 -0.065007 0.037730 0.151100 -3.142754 2.005494 3.965764
0.049000 0.669886 -0.194709 0.140355 -0.068189 0.039762 0.155090 -3.220379 2.058783 4.013440
0.050000 0.669816 -0.194669 0.140512 -0.071448 0.041847 0.159127 -3.298517 2.112798 4.060195
0.051000 0.669743 -0.194626 0.140673 -0.074786 0.043987 0.163210 -3.377154 2.167554 4.105960
0.052000 0.669666 -0.194581 0.140838 -0.078203 0.046183 0.167339 -3.456260 2.223050 4.150671
0.053000 0.669586 -0.194533 0.141008 -0.081698 0.048434 0.171512 -3.535815 2.279295 4.194325
0.054000 0.669503 -0.194484 0.141181 -0.085274 0.050741 0.175728 -3.615808 2.336313 4.236961
0.055000 0.669416 -0.194432 0.141359 -0.088930 0.053106 0.179986 -3.696209 2.394107 4.278571
0.056000 0.669325 -0.194378 0.141541 -0.092667 0.055529 0.184285 -3.776953 2.452670 4.319094
0.057000 0.669230 -0.194321 0.141728 -0.096484 0.058011 0.188624 -3.857956 2.512002 4.358490
0.058000 0.669132 -0.194262 0.141918 -0.100383 0.060553 0.193002 -3.939125 2.572117 4.396747
0.059000 0.669030 -0.194200 0.142114 -0.104362 0.063156 0.197417 -4.020367 2.633011 4.433812
0.060000 0.668923 -0.194135 0.142313 -0.108423 0.065819 0.201869 -4.101604 2.694664 4.469576
0.061000 0.668813 -0.194068 0.142517 -0.112565 0.068545 0.206357 -4.182782 2.757069 4.503930
0.062000 0.668698 -0.193998 0.142726 -0.116789 0.071334 0.210877 -4.263861 2.820227 4.536776
0.063000 0.668579 -0.193925 0.142939 -0.121093 0.074185 0.215430 -4.344790 2.884124 4.568003
0.064000 0.668456 -0.193850 0.143157 -0.125478 0.077102 0.220013 -4.425524 2.948731 4.597513
0.065000 0.668328 -0.193771 0.143379 -0.129944 0.080083 0.224625 -4.506073 3.014029 4.625304
0.066000 0.668196 -0.193690 0.143606 -0.134491 0.083130 0.229264 -4.586489 3.080011 4.651443
0.067000 0.668059 -0.193605 0.143838 -0.139117 0.086243 0.233928 -4.666800 3.146669 4.675984
0.068000 0.667918 -0.193517 0.144074 -0.143824 0.089423 0.238616 -4.747002 3.213993 4.698962
0.069000 0.667772 -0.193426 0.144315 -0.148611 0.092671 0.243326 -4.827065 3.281967 4.720398
0.070000 0.667621 -0.193332 0.144561 -0.153478 0.095987 0.248057 -4.906931 3.350562 4.740243
0.071000 0.667465 -0.193234 0.144811 -0.158425 0.099372 0.252806 -4.986523 3.419746 4.758381
0.072000 0.667304 -0.193133 0.145066 -0.163451 0.102827 0.257573 -5.065798 3.489529 4.774706
0.073000 0.667138 -0.193028 0.145326 -0.168557 0.106351 0.262356 -5.144734 3.559949 4.789141
0.074000 0.666967 -0.192920 0.145591 -0.173741 0.109946 0.267152 -5.223281 3.631013 4.801578
0.075000 0.666790 -0.192809 0.145860 -0.179003 0.113613 0.271959 -5.301376 3.702697 4.811922
0.076000 0.666609 -0.192693 0.146135 -0.184344 0.117352 0.276776 -5.379005 3.775001 4.820199
0.077000 0.666422 -0.192574 0.146414 -0.189761 0.121163 0.281599 -5.456196 3.847948 4.826516
0.078000 0.666229 -0.192451 0.146698 -0.195256 0.125048 0.286429 -5.532928 3.921529 4.830899
0.079000 0.666031 -0.192324 0.146987 -0.200827 0.129006 0.291261 -5.609126 3.995695 4.833284
0.080000 0.665827 -0.192193 0.147280 -0.206474 0.133039 0.296095 -5.684734 4.070405 4.833665
0.081000 0.665618 -0.192058 0.147579 -0.212197 0.137147 0.300929 -5.759723 4.145635 4.832095
0.082000 0.665403 -0.191918 0.147882 -0.217994 0.141330 0.305759 -5.834029 4.221338 4.828551
0.083000 0.665182 -0.191775 0.148191 -0.223865 0.145590 0.310586 -5.907565 4.297471 4.822923
0.084000 0.664955 -0.191627 0.148504 -0.229809 0.149925 0.315405 -5.980303 4.374053 4.815130
0.085000 0.664723 -0.191475 0.148821 -0.235825 0.154338 0.320216 -6.052258 4.451143 4.805139
0.086000 0.664484 -0.191319 0.149144 -0.241913 0.158828 0.325015 -6.123397 4.528756 4.792871
0.087000 0.664239 -0.191157 0.149471 -0.248072 0.163395 0.329802 -6.193652 4.606863 4.778257
0.088000 0.663988 -0.190992 0.149804 -0.254301 0.168041 0.334572 -6.263025 4.685468 4.761398
0.089000 0.663730 -0.190821 0.150140 -0.260598 0.172766 0.339324 -6.331576 4.764615 4.742516
0.090000 0.663466 -0.190646 0.150482 -0.266964 0.177571 0.344057 -6.399297 4.844298 4.721708
0.091000 0.663196 -0.190466 0.150829 -0.273397 0.182455 0.348768 -6.466093 4.924448 4.698917
0.092000 0.662920 -0.190281 0.151180 -0.279896 0.187419 0.353455 -6.531896 5.005000 4.674112
0.093000 0.662636 -0.190091 0.151536 -0.286460 0.192465 0.358116 -6.596672 5.085912 4.647327
0.094000 0.662347 -0.189896 0.151896 -0.293089 0.197591 0.362750 -6.660342 5.167111 4.618510
0.095000 0.662050 -0.189696 0.152261 -0.299781 0.202799 0.367353 -6.722797 5.248520 4.587527
0.096000 0.661747 -0.189491 0.152631 -0.306535 0.208088 0.371925 -6.784013 5.330128 4.554293
0.097000 0.661437 -0.189280 0.153005 -0.313349 0.213459 0.376462 -6.844037 5.411973 4.518789
0.098000 0.661120 -0.189064 0.153384 -0.320223 0.218912 0.380962 -6.902840 5.494042 4.480936
0.099000 0.660797 -0.188842 0.153767 -0.327155 0.224447 0.385424 -6.960339 5.576277 4.440651
0.100000 0.660466 -0.188615 0.154154 -0.334144 0.230065 0.389843 -7.016541 5.658677 4.398035
0.101000 0.660128 -0.188382 0.154546 -0.341188 0.235765 0.394220 -7.071532 5.741294 4.353324
0.102000 0.659784 -0.188143 0.154943 -0.348287 0.241547 0.398550 -7.125306 5.824114 4.306618
0.103000 0.659432 -0.187899 0.155344 -0.355439 0.247413 0.402833 -7.177751 5.907047 4.257857
0.104000 0.659073 -0.187649 0.155749 -0.362642 0.253362 0.407066 -7.228800 5.990023 4.207038
0.105000 0.658707 -0.187392 0.156158 -0.369896 0.259393 0.411247 -7.278443 6.073000 4.154243
0.106000 0.658333 -0.187130 0.156571 -0.377199 0.265508 0.415374 -7.326600 6.155899 4.099449
0.107000 0.657952 -0.186861 0.156988 -0.384549 0.271705 0.419446 -7.373140 6.238627 4.042520
0.108000 0.657564 -0.186586 0.157410 -0.391945 0.277985 0.423459 -7.418042 6.321188 3.983378
0.109000 0.657168 -0.186305 0.157835 -0.399385 0.284347 0.427413 -7.461395 6.403670 3.922056
0.110000 0.656765 -0.186018 0.158265 -0.406868 0.290792 0.431303 -7.503297 6.486157 3.858660
0.111000 0.656355 -0.185724 0.158698 -0.414392 0.297320 0.435130 -7.543870 6.568726 3.793430
0.112000 0.655936 -0.185423 0.159135 -0.421956 0.303930 0.438890 -7.583245 6.651446 3.726676
0.113000 0.655511 -0.185116 0.159576 -0.429559 0.310622 0.442583 -7.621421 6.734294 3.658537
0.114000 0.655077 -0.184802 0.160020 -0.437199 0.317398 0.446207 -7.658267 6.817153 3.588960
0.115000 0.654636 -0.184481 0.160468 -0.444875 0.324257 0.449761 -7.693718 6.899939 3.517956
0.116000 0.654187 -0.184153 0.160920 -0.452586 0.331198 0.453243 -7.727785 6.982611 3.445631
0.117000 0.653731 -0.183819 0.161375 -0.460331 0.338222 0.456652 -7.760390 7.065074 3.371978
0.118000 0.653267 -0.183477 0.161833 -0.468107 0.345328 0.459987 -7.791371 7.147206 3.296859
0.119000 0.652795 -0.183128 0.162295 -0.475913 0.352516 0.463246 -7.820683 7.228992 3.220212
0.120000 0.652315 -0.182772 0.162760 -0.483748 0.359786 0.466428 -7.848374 7.310501 3.142063
0.121000 0.651827 -0.182408 0.163227 -0.491610 0.367137 0.469530 -7.874392 7.391714 3.062352
0.122000 0.651332 -0.182038 0.163699 -0.499497 0.374570 0.472552 -7.898609 7.472530 2.980990
0.123000 0.650828 -0.181659 0.164173 -0.507407 0.382082 0.475492 -7.921050 7.552941 2.898105
0.124000 0.650317 -0.181273 0.164650 -0.515339 0.389675 0.478349 -7.941872 7.633020 2.813980
0.125000 0.649798 -0.180880 0.165129 -0.523291 0.397348 0.481120 -7.961088 7.712736 2.728743
0.126000 0.649270 -0.180479 0.165612 -0.531261 0.405101 0.483806 -7.978547 7.791932 2.642322
0.127000 0.648735 -0.180070 0.166097 -0.539248 0.412932 0.486405 -7.994176 7.870468 2.554719
0.128000 0.648192 -0.179653 0.166585 -0.547250 0.420842 0.488916 -8.007999 7.948251 2.466039
0.129000 0.647641 -0.179228 0.167075 -0.555264 0.428829 0.491337 -8.019923 8.025129 2.376266
0.130000 0.647081 -0.178795 0.167567 -0.563290 0.436892 0.493668 -8.029758 8.100935 2.285248
0.131000 0.646514 -0.178354 0.168062 -0.571324 0.445031 0.495907 -8.037446 8.175643 2.192918
0.132000 0.645939 -0.177905 0.168559 -0.579364 0.453243 0.498054 -8.043046 8.249333 2.099302
0.133000 0.645355 -0.177448 0.169058 -0.587410 0.461529 0.500106 -8.046494 8.321977 2.004337
0.134000 0.644764 -0.176982 0.169559 -0.595457 0.469887 0.502063 -8.047629 8.393446 1.907926
0.135000 0.644164 -0.176508 0.170062 -0.603505 0.478316 0.503922 -8.046466 8.463719 1.810191
0.136000 0.643557 -0.176025 0.170567 -0.611550 0.486815 0.505683 -8.043201 8.532897 1.711455
0.137000 0.642941 -0.175534 0.171074 -0.619591 0.495382 0.507345 -8.037996 8.601030 1.611995
0.138000 0.642318 -0.175035 0.171582 -0.627626 0.504017 0.508907 -8.030960 8.668082 1.512011
0.139000 0.641686 -0.174526 0.172091 -0.635653 0.512718 0.510369 -8.022169 8.733967 1.411660
0.140000 0.641046 -0.174009 0.172603 -0.643671 0.521485 0.511730 -8.011529 8.798506 1.310930
0.141000 0.640399 -0.173483 0.173115 -0.651676 0.530315 0.512991 -7.998835 8.861509 1.209671
0.142000 0.639743 -0.172949 0.173629 -0.659668 0.539208 0.514150 -7.984048 8.922994 1.107821
0.143000 0.639079 -0.172405 0.174143 -0.667645 0.548161 0.515206 -7.967279 8.983117 1.005424
0.144000 0.638408 -0.171852 0.174659 -0.675603 0.557174 0.516160 -7.948483 9.041893 0.902426
0.145000 0.637728 -0.171291 0.175176 -0.683541 0.566245 0.517011 -7.927486 9.099179 0.798722
0.146000 0.637041 -0.170720 0.175693 -0.691458 0.575372 0.517758 -7.904299 9.154947 0.694421
0.147000 0.636345 -0.170140 0.176211 -0.699350 0.584555 0.518400 -7.879142 9.209311 0.589836
0.148000 0.635642 -0.169551 0.176730 -0.707216 0.593791 0.518938 -7.852208 9.262345 0.485240
0.149000 0.634931 -0.168952 0.177249 -0.715054 0.603080 0.519371 -7.823654 9.314050 0.380847
0.150000 0.634212 -0.168345 0.177769 -0.722863 0.612419 0.519699 -7.793611 9.364385 0.276837
0.151000 0.633485 -0.167727 0.178288 -0.730642 0.621808 0.519924 -7.762004 9.413178 0.173216
0.152000 0.632751 -0.167101 0.178808 -0.738387 0.631246 0.520046 -7.728606 9.460217 0.069832
0.153000 0.632008 -0.166465 0.179328 -0.746099 0.640729 0.520064 -7.693352 9.505503 -0.033380
0.154000 0.631258 -0.165819 0.179849 -0.753774 0.650257 0.519979 -7.656333 9.549197 -0.136383
0.155000 0.630501 -0.165164 0.180368 -0.761412 0.659827 0.519791 -7.617481 9.591297 -0.239236
0.156000 0.629736 -0.164500 0.180888 -0.769009 0.669439 0.519500 -7.576597 9.631633 -0.342038
0.157000 0.628963 -0.163826 0.181407 -0.776565 0.679090 0.519107 -7.533716 9.670183 -0.444655
0.158000 0.628182 -0.163142 0.181926 -0.784077 0.688779 0.518611 -7.489114 9.707099 -0.546750
0.159000 0.627395 -0.162448 0.182445 -0.791543 0.698505 0.518014 -7.443024 9.742464 -0.648041
0.160000 0.626599 -0.161745 0.182962 -0.798963 0.708264 0.517315 -7.395611 9.776243 -0.748357
0.161000 0.625797 -0.161031 0.183479 -0.806334 0.718057 0.516517 -7.347000 9.808335 -0.847583
0.162000 0.624987 -0.160309 0.183995 -0.813657 0.727881 0.515620 -7.297092 9.838503 -0.945763
0.163000 0.624169 -0.159576 0.184511 -0.820928 0.737734 0.514625 -7.245629 9.866499 -1.043075
0.164000 0.623345 -0.158833 0.185025 -0.828148 0.747614 0.513534 -7.192544 9.892378 -1.139608
0.165000 0.622513 -0.158081 0.185538 -0.835313 0.757519 0.512346 -7.137951 9.916399 -1.235354
0.166000 0.621674 -0.157318 0.186049 -0.842424 0.767447 0.511063 -7.081784 9.938617 -1.330391
0.167000 0.620828 -0.156546 0.186560 -0.849477 0.777396 0.509685 -7.023827 9.958858 -1.424830
0.168000 0.619975 -0.155763 0.187069 -0.856471 0.787365 0.508213 -6.964116 9.977107 -1.518557
0.169000 0.619115 -0.154971 0.187576 -0.863405 0.797350 0.506648 -6.902909 9.993521 -1.611286
0.170000 0.618248 -0.154169 0.188082 -0.870277 0.807352 0.504991 -6.840231 10.008050 -1.702897
0.171000 0.617375 -0.153356 0.188586 -0.877086 0.817366 0.503242 -6.775849 10.020403 -1.793485
0.172000 0.616494 -0.152534 0.189088 -0.883829 0.827392 0.501404 -6.709679 10.030368 -1.883095
0.173000 0.615607 -0.151701 0.189589 -0.890505 0.837427 0.499476 -6.641867 10.037916 -1.971647
0.174000 0.614713 -0.150859 0.190087 -0.897113 0.847468 0.497461 -6.572568 10.043105 -2.059069
0.175000 0.613813 -0.150006 0.190584 -0.903650 0.857513 0.495358 -6.501961 10.046172 -2.145299
0.176000 0.612906 -0.149144 0.191078 -0.910117 0.867561 0.493170 -6.430236 10.047441 -2.230286
0.177000 0.611993 -0.148271 0.191570 -0.916511 0.877608 0.490897 -6.357331 10.046968 -2.314089
0.178000 0.611073 -0.147389 0.192060 -0.922831 0.887655 0.488542 -6.283011 10.044566 -2.396813
0.179000 0.610147 -0.146496 0.192547 -0.929077 0.897697 0.486104 -6.207296 10.040247 -2.478346
0.180000 0.609215 -0.145593 0.193032 -0.935246 0.907735 0.483585 -6.130440 10.034227 -2.558418
0.181000 0.608276 -0.144681 0.193514 -0.941338 0.917766 0.480987 -6.052454 10.026483 -2.636915
0.182000 0.607332 -0.143758 0.193994 -0.947351 0.927788 0.478311 -5.973086 10.016686 -2.713940
0.183000 0.606382 -0.142825 0.194471 -0.953284 0.937799 0.475559 -5.892264 10.004578 -2.789567
0.184000 0.605426 -0.141882 0.194945 -0.959135 0.947797 0.472732 -5.810116 9.990030 -2.863785
0.185000 0.604463 -0.140929 0.195417 -0.964904 0.957779 0.469832 -5.726554 9.972775 -2.936675
0.186000 0.603496 -0.139967 0.195885 -0.970588 0.967743 0.466859 -5.641285 9.952494 -3.008423
0.187000 0.602522 -0.138994 0.196350 -0.976187 0.977684 0.463815 -5.554232 9.929232 -3.079128
0.188000 0.601543 -0.138011 0.196813 -0.981697 0.987601 0.460700 -5.465597 9.903362 -3.148770
0.189000 0.600559 -0.137019 0.197272 -0.987118 0.997491 0.457517 -5.375609 9.875247 -3.217262
0.190000 0.599569 -0.136016 0.197728 -0.992448 1.007352 0.454266 -5.284552 9.845239 -3.284410
0.191000 0.598574 -0.135004 0.198180 -0.997687 1.017182 0.450948 -5.192740 9.813684 -3.349956
0.192000 0.597574 -0.133982 0.198629 -1.002834 1.026979 0.447566 -5.100176 9.780580 -3.413808
0.193000 0.596568 -0.132950 0.199075 -1.007887 1.036743 0.444121 -5.006591 9.745564 -3.476068
0.194000 0.595558 -0.131908 0.199518 -1.012847 1.046470 0.440614 -4.911906 9.708330 -3.536805
0.195000 0.594543 -0.130857 0.199957 -1.017711 1.056159 0.437047 -4.816318 9.668786 -3.595990
0.196000 0.593523 -0.129796 0.200392 -1.022479 1.065808 0.433422 -4.720024 9.626984 -3.653606
0.197000 0.592498 -0.128725 0.200823 -1.027151 1.075413 0.429740 -4.623234 9.583241 -3.709664
0.198000 0.591468 -0.127645 0.201251 -1.031726 1.084974 0.426003 -4.526161 9.538019 -3.764189
0.199000 0.590434 -0.126556 0.201675 -1.036203 1.094489 0.422212 -4.428732 9.491430 -3.817286
0.200000 0.589396 -0.125456 0.202096 -1.040583 1.103957 0.418368 -4.330663 9.443269 -3.869061
0.201000 0.588353 -0.124348 0.202512 -1.044865 1.113376 0.414473 -4.231943 9.393584 -3.919421
0.202000 0.587306 -0.123230 0.202925 -1.049047 1.122744 0.410529 -4.132815 9.342686 -3.968127
0.203000 0.586255 -0.122102 0.203333 -1.053130 1.132061 0.406537 -4.033261 9.290581 -4.015077
0.204000 0.585200 -0.120965 0.203738 -1.057114 1.141325 0.402499 -3.933003 9.236872 -4.060364
0.205000 0.584141 -0.119819 0.204138 -1.060996 1.150535 0.398416 -3.831993 9.181235 -4.104068
0.206000 0.583078 -0.118664 0.204535 -1.064778 1.159688 0.394291 -3.730422 9.123506 -4.146207
0.207000 0.582011 -0.117500 0.204927 -1.068457 1.168782 0.390124 -3.628233 9.063352 -4.186870
0.208000 0.580941 -0.116327 0.205315 -1.072034 1.177815 0.385917 -3.525108 9.000404 -4.226223
0.209000 0.579867 -0.115144 0.205699 -1.075507 1.186783 0.381672 -3.420960 8.934764 -4.264372
0.210000 0.578790 -0.113953 0.206078 -1.078876 1.195684 0.377388 -3.315996 8.866952 -4.301325
0.211000 0.577709 -0.112753 0.206453 -1.082139 1.204517 0.373069 -3.210447 8.797442 -4.337044
0.212000 0.576626 -0.111544 0.206824 -1.085297 1.213279 0.368714 -3.104585 8.726642 -4.371411
0.213000 0.575539 -0.110327 0.207191 -1.088349 1.221970 0.364326 -2.998705 8.654914 -4.404259
0.214000 0.574449 -0.109100 0.207553 -1.091294 1.230589 0.359906 -2.892781 8.582220 -4.435548
0.215000 0.573356 -0.107865 0.207911 -1.094134 1.239134 0.355455 -2.786515 8.508121 -4.465386
0.216000 0.572261 -0.106622 0.208264 -1.096867 1.247605 0.350975 -2.679849 8.432276 -4.493867
0.217000 0.571162 -0.105370 0.208613 -1.099494 1.255999 0.346467 -2.572975 8.354529 -4.521030
0.218000 0.570062 -0.104110 0.208957 -1.102013 1.264314 0.341933 -2.465824 8.274533 -4.546968
0.219000 0.568958 -0.102842 0.209296 -1.104426 1.272548 0.337373 -2.358058 8.191889 -4.571835
0.220000 0.567853 -0.101565 0.209632 -1.106730 1.280698 0.332789 -2.249556 8.106687 -4.595716
0.221000 0.566745 -0.100280 0.209962 -1.108925 1.288761 0.328182 -2.140497 8.019462 -4.618610
0.222000 0.565635 -0.098987 0.210288 -1.111011 1.296737 0.323552 -2.031080 7.930716 -4.640477
0.223000 0.564523 -0.097687 0.210609 -1.112987 1.304623 0.318901 -1.921550 7.840898 -4.661211
0.224000 0.563409 -0.096378 0.210926 -1.114854 1.312419 0.314230 -1.812174 7.750423 -4.680668
0.225000 0.562293 -0.095062 0.211238 -1.116611 1.320124 0.309540 -1.702901 7.659269 -4.698813
0.226000 0.561176 -0.093738 0.211545 -1.118259 1.327737 0.304832 -1.593431 7.566970 -4.715746
0.227000 0.560057 -0.092406 0.211847 -1.119798 1.335258 0.300108 -1.483733 7.473157 -4.731565
0.228000 0.558936 -0.091067 0.212145 -1.121227 1.342683 0.295369 -1.374042 7.377655 -4.746329
0.229000 0.557814 -0.089721 0.212438 -1.122546 1.350013 0.290615 -1.264322 7.280089 -4.760133
0.230000 0.556691 -0.088367 0.212726 -1.123756 1.357244 0.285849 -1.154243 7.180025 -4.773100
0.231000 0.555567 -0.087006 0.213010 -1.124855 1.364373 0.281069 -1.043697 7.077551 -4.785269
0.232000 0.554441 -0.085639 0.213288 -1.125843 1.371399 0.276278 -0.932873 6.973226 -4.796595
0.233000 0.553315 -0.084264 0.213562 -1.126720 1.378319 0.271476 -0.821970 6.867568 -4.807028
0.234000 0.552188 -0.082882 0.213831 -1.127487 1.385134 0.266664 -0.711201 6.761027 -4.816515
0.235000 0.551060 -0.081493 0.214096 -1.128143 1.391842 0.261843 -0.600786 6.654011 -4.824995
0.236000 0.549932 -0.080098 0.214355 -1.128688 1.398442 0.257014 -0.490638 6.546477 -4.832488
0.237000 0.548803 -0.078697 0.214610 -1.129124 1.404934 0.252178 -0.380443 6.437921 -4.839092
0.238000 0.547673 -0.077288 0.214859 -1.129449 1.411318 0.247336 -0.270182 6.327954 -4.844889
0.239000 0.546544 -0.075874 0.215104 -1.129664 1.417590 0.242488 -0.160116 6.216393 -4.849917
0.240000 0.545414 -0.074453 0.215344 -1.129770 1.423751 0.237636 -0.050224 6.102845 -4.854250
0.241000 0.544284 -0.073026 0.215580 -1.129765 1.429796 0.232780 0.059819 5.986843 -4.857988
0.242000 0.543155 -0.071594 0.215810 -1.129650 1.435724 0.227920 0.170128 5.868460 -4.861174
0.243000 0.542025 -0.070155 0.216035 -1.129425 1.441533 0.223057 0.280517 5.748257 -4.863781
0.244000 0.540896 -0.068711 0.216256 -1.129089 1.447221 0.218193 0.390792 5.626764 -4.865778
0.245000 0.539767 -0.067261 0.216472 -1.128643 1.452787 0.213326 0.500742 5.504461 -4.867131
0.246000 0.538638 -0.065805 0.216683 -1.128087 1.458230 0.208458 0.610150 5.381795 -4.867801
0.247000 0.537511 -0.064344 0.216889 -1.127423 1.463550 0.203590 0.719104 5.258735 -4.867806
0.248000 0.536384 -0.062878 0.217090 -1.126649 1.468747 0.198723 0.827928 5.134755 -4.867225
0.249000 0.535257 -0.061407 0.217286 -1.125767 1.473820 0.193856 0.936665 5.009432 -4.866114
0.250000 0.534132 -0.059930 0.217478 -1.124776 1.478766 0.188990 1.045085 4.882557 -4.864494
0.251000 0.533008 -0.058449 0.217664 -1.123677 1.483585 0.184127 1.153231 4.753705 -4.862413
0.252000 0.531885 -0.056963 0.217846 -1.122469 1.488273 0.179266 1.261445 4.622382 -4.859931
0.253000 0.530763 -0.055472 0.218023 -1.121154 1.492829 0.174407 1.369862 4.488655 -4.857037
0.254000 0.529642 -0.053977 0.218195 -1.119730 1.497251 0.169552 1.478323 4.353099 -4.853661
0.255000 0.528523 -0.052478 0.218362 -1.118197 1.501536 0.164700 1.586663 4.216261 -4.849761
0.256000 0.527406 -0.050974 0.218524 -1.116556 1.505683 0.159852 1.694696 4.078640 -4.845353
0.257000 0.526290 -0.049467 0.218681 -1.114808 1.509693 0.155009 1.802228 3.940701 -4.840481
0.258000 0.525176 -0.047955 0.218834 -1.112952 1.513565 0.150171 1.909362 3.802417 -4.835214
0.259000 0.524064 -0.046439 0.218982 -1.110989 1.517298 0.145339 2.016419 3.663253 -4.829630
0.260000 0.522954 -0.044920 0.219125 -1.108919 1.520891 0.140512 2.123427 3.522792 -4.823767
0.261000 0.521847 -0.043398 0.219263 -1.106742 1.524343 0.135691 2.230082 3.380946 -4.817614
0.262000 0.520741 -0.041872 0.219396 -1.104459 1.527653 0.130877 2.336114 3.237791 -4.811134
0.263000 0.519638 -0.040342 0.219525 -1.102070 1.530819 0.126069 2.441309 3.093704 -4.804236
0.264000 0.518537 -0.038810 0.219648 -1.099576 1.533840 0.121268 2.545486 2.949234 -4.796802
0.265000 0.517438 -0.037275 0.219767 -1.096979 1.536717 0.116475 2.648768 2.804457 -4.788774
0.266000 0.516343 -0.035737 0.219881 -1.094279 1.539449 0.111691 2.751522 2.659031 -4.780196
0.267000 0.515250 -0.034196 0.219990 -1.091476 1.542035 0.106915 2.853888 2.512958 -4.771167
0.268000 0.514160 -0.032653 0.220095 -1.088571 1.544475 0.102148 2.955710 2.366674 -4.761789
0.269000 0.513073 -0.031107 0.220195 -1.085564 1.546769 0.097391 3.056785 2.220485 -4.752133
0.270000 0.511989 -0.029559 0.220290 -1.082457 1.548916 0.092644 3.156833 2.074465 -4.742220
0.271000 0.510908 -0.028009 0.220380 -1.079251 1.550918 0.087907 3.255525 1.928560 -4.732040
0.272000 0.509830 -0.026457 0.220466 -1.075946 1.552773 0.083180 3.352863 1.782379 -4.721595
0.273000 0.508756 -0.024903 0.220546 -1.072545 1.554483 0.078464 3.449153 1.635419 -4.710876
0.274000 0.507685 -0.023348 0.220623 -1.069048 1.556044 0.073758 3.544508 1.487739 -4.699804
0.275000 0.506618 -0.021791 0.220694 -1.065456 1.557458 0.069064 3.638817 1.339829 -4.688249
0.276000 0.505554 -0.020233 0.220761 -1.061770 1.558724 0.064382 3.732198 1.191767 -4.676129
0.277000 0.504494 -0.018674 0.220823 -1.057992 1.559842 0.059712 3.825014 1.043188 -4.663459
0.278000 0.503438 -0.017114 0.220880 -1.054120 1.560810 0.055055 3.917424 0.894049 -4.650313
0.279000 0.502386 -0.015552 0.220933 -1.050157 1.561630 0.050411 4.009306 0.744739 -4.636781
0.280000 0.501338 -0.013990 0.220981 -1.046102 1.562300 0.045781 4.100481 0.595551 -4.622930
0.281000 0.500294 -0.012428 0.221024 -1.041956 1.562821 0.041165 4.190676 0.446610 -4.608790
0.282000 0.499254 -0.010865 0.221063 -1.037720 1.563193 0.036564 4.279561 0.297946 -4.594371
0.283000 0.498218 -0.009301 0.221097 -1.033397 1.563417 0.031976 4.367125 0.149232 -4.579680
0.284000 0.497187 -0.007738 0.221127 -1.028986 1.563491 0.027404 4.453653 -0.000025 -4.564699
0.285000 0.496160 -0.006174 0.221152 -1.024489 1.563417 0.022847 4.539244 -0.149798 -4.549353
0.286000 0.495138 -0.004611 0.221173 -1.019908 1.563192 0.018305 4.623725 -0.299547 -4.533537
0.287000 0.494121 -0.003048 0.221189 -1.015242 1.562817 0.013780 4.706947 -0.448766 -4.517210
0.288000 0.493108 -0.001485 0.221200 -1.010494 1.562294 0.009271 4.788799 -0.597009 -4.500450
0.289000 0.492100 0.000077 0.221207 -1.005664 1.561623 0.004779 4.869192 -0.743866 -4.483396
0.290000 0.491096 0.001638 0.221210 -1.000755 1.560807 0.000304 4.948282 -0.889407 -4.466156
0.291000 0.490098 0.003198 0.221208 -0.995768 1.559845 -0.004153 5.026375 -1.034154 -4.448762
0.292000 0.489105 0.004758 0.221202 -0.990703 1.558738 -0.008593 5.103473 -1.178413 -4.431194
0.293000 0.488117 0.006316 0.221191 -0.985561 1.557488 -0.013016 5.179267 -1.322114 -4.413407
0.294000 0.487134 0.007873 0.221176 -0.980344 1.556094 -0.017420 5.253476 -1.465082 -4.395335
0.295000 0.486156 0.009428 0.221156 -0.975054 1.554558 -0.021806 5.325875 -1.606958 -4.376876
0.296000 0.485184 0.010982 0.221132 -0.969692 1.552880 -0.026174 5.396267 -1.747278 -4.357907
0.297000 0.484217 0.012534 0.221104 -0.964261 1.551063 -0.030522 5.464737 -1.886040 -4.338338
0.298000 0.483255 0.014084 0.221071 -0.958763 1.549108 -0.034851 5.531615 -2.023644 -4.318159
0.299000 0.482299 0.015632 0.221034 -0.953198 1.547016 -0.039158 5.597069 -2.160153 -4.297463
0.300000 0.481349 0.017178 0.220993 -0.947569 1.544788 -0.043445 5.661080 -2.295276 -4.276383
0.301000 0.480404 0.018721 0.220947 -0.941876 1.542425 -0.047711 5.723801 -2.429090 -4.255010
0.302000 0.479465 0.020263 0.220897 -0.936121 1.539930 -0.051955 5.785520 -2.562102 -4.233370
0.303000 0.478532 0.021801 0.220843 -0.930305 1.537301 -0.056178 5.846239 -2.694574 -4.211475
0.304000 0.477604 0.023337 0.220785 -0.924429 1.534540 -0.060378 5.905661 -2.826385 -4.189335
0.305000 0.476683 0.024870 0.220722 -0.918494 1.531648 -0.064557 5.963515 -2.957333 -4.166926
0.306000 0.475767 0.026401 0.220656 -0.912502 1.528626 -0.068712 6.019589 -3.087078 -4.144156
0.307000 0.474858 0.027928 0.220585 -0.906454 1.525474 -0.072845 6.073698 -3.215198 -4.120895
0.308000 0.473954 0.029451 0.220510 -0.900354 1.522195 -0.076954 6.125921 -3.341718 -4.097036
0.309000 0.473057 0.030972 0.220431 -0.894203 1.518791 -0.081039 6.176576 -3.467052 -4.072569
0.310000 0.472166 0.032489 0.220348 -0.888001 1.515261 -0.085099 6.225851 -3.591289 -4.047617
0.311000 0.471281 0.034003 0.220261 -0.881751 1.511608 -0.089134 6.273708 -3.714098 -4.022373
0.312000 0.470403 0.035512 0.220170 -0.875454 1.507833 -0.093144 6.320047 -3.835195 -3.996979
0.313000 0.469530 0.037018 0.220075 -0.869111 1.503938 -0.097128 6.364654 -3.954384 -3.971476
0.314000 0.468664 0.038520 0.219975 -0.862724 1.499924 -0.101087 6.407246 -4.071515 -3.945855
0.315000 0.467805 0.040018 0.219872 -0.856296 1.495795 -0.105020 6.447808 -4.186819 -3.920067
0.316000 0.466952 0.041512 0.219765 -0.849829 1.491551 -0.108927 6.486574 -4.300789 -3.894023
0.317000 0.466105 0.043001 0.219655 -0.843323 1.487193 -0.112808 6.523634 -4.413528 -3.867596
0.318000 0.465265 0.044486 0.219540 -0.836781 1.482724 -0.116662 6.558894 -4.524787 -3.840645
0.319000 0.464432 0.045967 0.219421 -0.830205 1.478144 -0.120489 6.592447 -4.634656 -3.813050
0.320000 0.463605 0.047442 0.219299 -0.823597 1.473454 -0.124288 6.624595 -4.743568 -3.784786
0.321000 0.462784 0.048914 0.219173 -0.816956 1.468656 -0.128059 6.655510 -4.851627 -3.755988
0.322000 0.461971 0.050380 0.219043 -0.810286 1.463751 -0.131800 6.685161 -4.958523 -3.726879
0.323000 0.461164 0.051841 0.218909 -0.803586 1.458739 -0.135513 6.713459 -5.063965 -3.697629
0.324000 0.460364 0.053297 0.218772 -0.796859 1.453623 -0.139196 6.740216 -5.167706 -3.668310
0.325000 0.459570 0.054748 0.218631 -0.790105 1.448404 -0.142849 6.765187 -5.269517 -3.638942
0.326000 0.458783 0.056194 0.218486 -0.783328 1.443084 -0.146473 6.788363 -5.369562 -3.609490
0.327000 0.458003 0.057634 0.218338 -0.776529 1.437665 -0.150068 6.809960 -5.468312 -3.579853
0.328000 0.457230 0.059069 0.218186 -0.769708 1.432147 -0.153633 6.830052 -5.565918 -3.549894
0.329000 0.456464 0.060499 0.218030 -0.762869 1.426533 -0.157168 6.848509 -5.662138 -3.519483
0.330000 0.455705 0.061922 0.217872 -0.756011 1.420823 -0.160672 6.865236 -5.756723 -3.488580
0.331000 0.454952 0.063340 0.217709 -0.749138 1.415020 -0.164145 6.880209 -5.849417 -3.457313
0.332000 0.454206 0.064752 0.217543 -0.742251 1.409124 -0.167587 6.893437 -5.939961 -3.425896
0.333000 0.453468 0.066159 0.217374 -0.735351 1.403140 -0.170997 6.905095 -6.028482 -3.394456
0.334000 0.452736 0.067559 0.217201 -0.728441 1.397067 -0.174376 6.915431 -6.115422 -3.362992
0.335000 0.452011 0.068953 0.217025 -0.721520 1.390909 -0.177723 6.924464 -6.200920 -3.331482
0.336000 0.451293 0.070341 0.216846 -0.714592 1.384665 -0.181039 6.932015 -6.284805 -3.299925
0.337000 0.450581 0.071722 0.216663 -0.707656 1.378339 -0.184323 6.938082 -6.367208 -3.268275
0.338000 0.449877 0.073097 0.216477 -0.700716 1.371931 -0.187575 6.942860 -6.448579 -3.236427
0.339000 0.449180 0.074466 0.216288 -0.693771 1.365442 -0.190796 6.946403 -6.529084 -3.204259
0.340000 0.448490 0.075828 0.216096 -0.686823 1.358873 -0.193984 6.948580 -6.608523 -3.171674
0.341000 0.447806 0.077184 0.215900 -0.679874 1.352225 -0.197139 6.949304 -6.686689 -3.138659
0.342000 0.447130 0.078533 0.215701 -0.672924 1.345500 -0.200261 6.948574 -6.763367 -3.105350
0.343000 0.446461 0.079875 0.215499 -0.665976 1.338698 -0.203350 6.946431 -6.838337 -3.071964
0.344000 0.445798 0.081210 0.215295 -0.659031 1.331823 -0.206405 6.943054 -6.911737 -3.038621
0.345000 0.445142 0.082538 0.215087 -0.652090 1.324875 -0.209427 6.938669 -6.983980 -3.005305
0.346000 0.444494 0.083860 0.214876 -0.645154 1.317855 -0.212416 6.933275 -7.055165 -2.971987
0.347000 0.443852 0.085174 0.214662 -0.638224 1.310764 -0.215371 6.926655 -7.125017 -2.938668
0.348000 0.443217 0.086481 0.214445 -0.631301 1.303605 -0.218293 6.918617 -7.193287 -2.905314
0.349000 0.442590 0.087781 0.214225 -0.624386 1.296378 -0.221181 6.909026 -7.259780 -2.871826
0.350000 0.441969 0.089074 0.214003 -0.617483 1.289085 -0.224037 6.897773 -7.324329 -2.838067
0.351000 0.441355 0.090359 0.213777 -0.610591 1.281729 -0.226858 6.884928 -7.387106 -2.803894
0.352000 0.440747 0.091637 0.213549 -0.603713 1.274311 -0.229644 6.870733 -7.448546 -2.769240
0.353000 0.440147 0.092908 0.213318 -0.596849 1.266832 -0.232396 6.855362 -7.508809 -2.734217
0.354000 0.439554 0.094171 0.213084 -0.590002 1.259293 -0.235113 6.838855 -7.567700 -2.699054
0.355000 0.438967 0.095427 0.212848 -0.583172 1.251697 -0.237794 6.821195 -7.625004 -2.663926
0.356000 0.438387 0.096675 0.212609 -0.576360 1.244043 -0.240441 6.802264 -7.680464 -2.628913
0.357000 0.437814 0.097915 0.212367 -0.569567 1.236336 -0.243052 6.781889 -7.733801 -2.594043
0.358000 0.437248 0.099147 0.212122 -0.562796 1.228576 -0.245629 6.760062 -7.785090 -2.559265
0.359000 0.436689 0.100372 0.211876 -0.556047 1.220766 -0.248171 6.736949 -7.834727 -2.524452
0.360000 0.436136 0.101589 0.211626 -0.549322 1.212906 -0.250678 6.712626 -7.882889 -2.489480
0.361000 0.435590 0.102798 0.211374 -0.542622 1.205000 -0.253150 6.687052 -7.929505 -2.454239
0.362000 0.435051 0.103999 0.211120 -0.535948 1.197047 -0.255586 6.660305 -7.974748 -2.418611
0.363000 0.434518 0.105192 0.210863 -0.529301 1.189050 -0.257987 6.632604 -8.019032 -2.382519
0.364000 0.433992 0.106377 0.210604 -0.522683 1.181009 -0.260351 6.604108 -8.062514 -2.346052
0.365000 0.433473 0.107554 0.210342 -0.516093 1.172925 -0.262679 6.574857 -8.105022 -2.309412
0.366000 0.432960 0.108723 0.210078 -0.509533 1.164799 -0.264970 6.544842 -8.146341 -2.272759
0.367000 0.432454 0.109883 0.209812 -0.503003 1.156633 -0.267224 6.513971 -8.186188 -2.236171
0.368000 0.431954 0.111036 0.209544 -0.496505 1.148427 -0.269442 6.482105 -8.224237 -2.199683
0.369000 0.431461 0.112180 0.209273 -0.490039 1.140184 -0.271624 6.449245 -8.260511 -2.163244
0.370000 0.430974 0.113316 0.209001 -0.483607 1.131906 -0.273769 6.415535 -8.295369 -2.126713
0.371000 0.430494 0.114444 0.208726 -0.477208 1.123593 -0.275877 6.381038 -8.329008 -2.089941
0.372000 0.430020 0.115563 0.208449 -0.470844 1.115248 -0.277949 6.345711 -8.361405 -2.052794
0.373000 0.429552 0.116675 0.208170 -0.464517 1.106871 -0.279983 6.309614 -8.392751 -2.015127
0.374000 0.429091 0.117777 0.207889 -0.458225 1.098462 -0.281979 6.272940 -8.423447 -1.976841
0.375000 0.428636 0.118871 0.207606 -0.451971 1.090024 -0.283936 6.235830 -8.453642 -1.938002
0.376000 0.428187 0.119957 0.207321 -0.445754 1.081555 -0.285855 6.198328 -8.483184 -1.898790
0.377000 0.427744 0.121035 0.207034 -0.439574 1.073057 -0.287734 6.160429 -8.511877 -1.859351
0.378000 0.427308 0.122103 0.206746 -0.433433 1.064531 -0.289574 6.122042 -8.539454 -1.819767
0.379000 0.426877 0.123164 0.206455 -0.427330 1.055978 -0.291374 6.083032 -8.565608 -1.780086
0.380000 0.426453 0.124215 0.206163 -0.421267 1.047400 -0.293134 6.043387 -8.590350 -1.740264
0.381000 0.426035 0.125258 0.205869 -0.415243 1.038798 -0.294854 6.003226 -8.614001 -1.700169
0.382000 0.425622 0.126293 0.205573 -0.409260 1.030172 -0.296534 5.962597 -8.636724 -1.659684
0.383000 0.425216 0.127319 0.205276 -0.403318 1.021524 -0.298173 5.921461 -8.658471 -1.618723
0.384000 0.424816 0.128336 0.204977 -0.397417 1.012855 -0.299772 5.879864 -8.679401 -1.577174
0.385000 0.424421 0.129345 0.204676 -0.391558 1.004165 -0.301328 5.837962 -8.699872 -1.534937
0.386000 0.424033 0.130344 0.204374 -0.385741 0.995455 -0.302841 5.795864 -8.720024 -1.492062
0.387000 0.423650 0.131335 0.204071 -0.379967 0.986725 -0.304312 5.753584 -8.739715 -1.448711
0.388000 0.423273 0.132318 0.203766 -0.374234 0.977976 -0.305739 5.711108 -8.758743 -1.405013
0.389000 0.422901 0.133291 0.203459 -0.368544 0.969208 -0.307122 5.668371 -8.776806 -1.361031
0.390000 0.422536 0.134256 0.203151 -0.362897 0.960422 -0.308461 5.625276 -8.793542 -1.316794
0.391000 0.422176 0.135212 0.202842 -0.357294 0.951621 -0.309756 5.581829 -8.808902 -1.272243
0.392000 0.421821 0.136159 0.202532 -0.351734 0.942805 -0.311005 5.538136 -8.823166 -1.227229
0.393000 0.421472 0.137098 0.202220 -0.346218 0.933975 -0.312210 5.494240 -8.836505 -1.181618
0.394000 0.421129 0.138027 0.201907 -0.340745 0.925132 -0.313369 5.450108 -8.848915 -1.135310
0.395000 0.420791 0.138948 0.201594 -0.335317 0.916277 -0.314481 5.405781 -8.860569 -1.088174
0.396000 0.420458 0.139860 0.201278 -0.329934 0.907410 -0.315545 5.361394 -8.871812 -1.040088
0.397000 0.420131 0.140763 0.200962 -0.324595 0.898533 -0.316561 5.317049 -8.882799 -0.991061
0.398000 0.419809 0.141657 0.200645 -0.319300 0.889645 -0.317527 5.272773 -8.893436 -0.941210
0.399000 0.419492 0.142542 0.200327 -0.314049 0.880746 -0.318443 5.228552 -8.903570 -0.890634
0.400000 0.419181 0.143418 0.200008 -0.308843 0.871838 -0.319308 5.184309 -8.912946 -0.839401
0.401000 0.418874 0.144286 0.199689 -0.303680 0.862920 -0.320122 5.139924 -8.921251 -0.787560
0.402000 0.418573 0.145144 0.199368 -0.298563 0.853995 -0.320883 5.095375 -8.928446 -0.735069
0.403000 0.418277 0.145994 0.199047 -0.293490 0.845063 -0.321592 5.050742 -8.934777 -0.681797
0.404000 0.417986 0.146834 0.198725 -0.288461 0.836126 -0.322247 5.006062 -8.940378 -0.627654
0.405000 0.417700 0.147666 0.198402 -0.283478 0.827183 -0.322847 4.961302 -8.945176 -0.572618
0.406000 0.417419 0.148489 0.198079 -0.278539 0.818235 -0.323392 4.916440 -8.949088 -0.516701
0.407000 0.417143 0.149303 0.197756 -0.273645 0.809284 -0.323881 4.871480 -8.952025 -0.459976
0.408000 0.416872 0.150107 0.197432 -0.268796 0.800331 -0.324312 4.826436 -8.953887 -0.402548
0.409000 0.416606 0.150903 0.197107 -0.263992 0.791377 -0.324686 4.781379 -8.954770 -0.344424
0.410000 0.416344 0.151690 0.196782 -0.259233 0.782422 -0.325001 4.736393 -8.954889 -0.285513
0.411000 0.416087 0.152468 0.196457 -0.254519 0.773467 -0.325257 4.691467 -8.954204 -0.225774
0.412000 0.415835 0.153237 0.196132 -0.249850 0.764513 -0.325453 4.646501 -8.952416 -0.165244
0.413000 0.415588 0.153997 0.195806 -0.245226 0.755562 -0.325587 4.601412 -8.949296 -0.103954
0.414000 0.415345 0.154748 0.195481 -0.240647 0.746615 -0.325661 4.556163 -8.944745 -0.041917
0.415000 0.415106 0.155490 0.195155 -0.236114 0.737673 -0.325671 4.510734 -8.938727 0.020860
0.416000 0.414872 0.156224 0.194829 -0.231626 0.728737 -0.325619 4.465169 -8.931396 0.084443
0.417000 0.414643 0.156948 0.194504 -0.227183 0.719810 -0.325502 4.419553 -8.923025 0.148926
0.418000 0.414418 0.157663 0.194178 -0.222787 0.710891 -0.325321 4.373917 -8.913724 0.214278
0.419000 0.414197 0.158370 0.193853 -0.218435 0.701982 -0.325074 4.328244 -8.903443 0.280375
0.420000 0.413981 0.159067 0.193528 -0.214130 0.693084 -0.324760 4.282557 -8.892263 0.347183
0.421000 0.413769 0.159756 0.193203 -0.209870 0.684198 -0.324379 4.236912 -8.880364 0.414775
0.422000 0.413561 0.160436 0.192879 -0.205656 0.675324 -0.323931 4.191301 -8.867692 0.483165
0.423000 0.413358 0.161106 0.192556 -0.201488 0.666462 -0.323413 4.145645 -8.853961 0.552276
0.424000 0.413158 0.161768 0.192232 -0.197365 0.657616 -0.322826 4.099875 -8.838953 0.622042
0.425000 0.412963 0.162422 0.191910 -0.193288 0.648785 -0.322169 4.053954 -8.822580 0.692412
0.426000 0.412772 0.163066 0.191588 -0.189257 0.639971 -0.321441 4.007853 -8.804819 0.763339
0.427000 0.412585 0.163702 0.191267 -0.185272 0.631175 -0.320642 3.961597 -8.785810 0.834864
0.428000 0.412401 0.164328 0.190947 -0.181334 0.622399 -0.319772 3.915258 -8.765804 0.907073
0.429000 0.412222 0.164946 0.190628 -0.177442 0.613643 -0.318828 3.868875 -8.744924 0.979957
0.430000 0.412046 0.165556 0.190309 -0.173596 0.604909 -0.317812 3.822453 -8.723158 1.053418
0.431000 0.411875 0.166156 0.189992 -0.169797 0.596197 -0.316721 3.776026 -8.700603 1.127440
0.432000 0.411707 0.166748 0.189676 -0.166044 0.587508 -0.315557 3.729649 -8.677426 1.202088
0.433000 0.411543 0.167331 0.189361 -0.162338 0.578842 -0.314317 3.683324 -8.653586 1.277342
0.434000 0.411382 0.167906 0.189047 -0.158677 0.570201 -0.313002 3.637007 -8.628870 1.353103
0.435000 0.411225 0.168472 0.188735 -0.155064 0.561584 -0.311611 3.590693 -8.603227 1.429351
0.436000 0.411072 0.169029 0.188424 -0.151496 0.552994 -0.310143 3.544424 -8.576820 1.506156
0.437000 0.410922 0.169578 0.188114 -0.147975 0.544431 -0.308599 3.498211 -8.549770 1.583521
0.438000 0.410776 0.170118 0.187807 -0.144500 0.535895 -0.306976 3.452030 -8.522104 1.661372
0.439000 0.410633 0.170649 0.187501 -0.141071 0.527387 -0.305276 3.405889 -8.493936 1.739707
0.440000 0.410494 0.171173 0.187196 -0.137688 0.518907 -0.303497 3.359836 -8.465457 1.818579
0.441000 0.410358 0.171687 0.186894 -0.134351 0.510456 -0.301639 3.313895 -8.436719 1.897936
0.442000 0.410225 0.172193 0.186593 -0.131060 0.502033 -0.299701 3.268064 -8.407645 1.977630
0.443000 0.410096 0.172691 0.186294 -0.127815 0.493640 -0.297684 3.222362 -8.378261 2.057601
0.444000 0.409970 0.173181 0.185997 -0.124615 0.485277 -0.295586 3.176821 -8.348675 2.137888
0.445000 0.409847 0.173662 0.185703 -0.121461 0.476943 -0.293408 3.131432 -8.318825 2.218449
0.446000 0.409727 0.174135 0.185411 -0.118352 0.468639 -0.291149 3.086144 -8.288500 2.299165
0.447000 0.409610 0.174599 0.185121 -0.115289 0.460366 -0.288809 3.040942 -8.257630 2.379996
0.448000 0.409496 0.175055 0.184833 -0.112271 0.452124 -0.286389 2.995857 -8.226330 2.460990
0.449000 0.409385 0.175503 0.184548 -0.109297 0.443913 -0.283887 2.950916 -8.194679 2.542126
0.450000 0.409278 0.175943 0.184265 -0.106369 0.435735 -0.281305 2.906120 -8.162649 2.623286
0.451000 0.409173 0.176375 0.183985 -0.103485 0.427588 -0.278641 2.861466 -8.130194 2.704332
0.452000 0.409071 0.176798 0.183708 -0.100646 0.419474 -0.275896 2.816950 -8.097246 2.785094
0.453000 0.408971 0.177214 0.183433 -0.097851 0.411394 -0.273071 2.772564 -8.063718 2.865381
0.454000 0.408875 0.177621 0.183162 -0.095101 0.403347 -0.270165 2.728322 -8.029631 2.945109
0.455000 0.408781 0.178020 0.182893 -0.092394 0.395334 -0.267180 2.684246 -7.995077 3.024288
0.456000 0.408690 0.178412 0.182627 -0.089732 0.387357 -0.264117 2.640320 -7.960013 3.102851
0.457000 0.408602 0.178795 0.182365 -0.087114 0.379414 -0.260975 2.596498 -7.924276 3.180648
0.458000 0.408516 0.179171 0.182106 -0.084539 0.371508 -0.257755 2.552760 -7.887812 3.257610
0.459000 0.408433 0.179538 0.181849 -0.082008 0.363639 -0.254460 2.509130 -7.850701 3.333744
0.460000 0.408352 0.179898 0.181597 -0.079521 0.355807 -0.251088 2.465630 -7.812969 3.408973
0.461000 0.408274 0.180250 0.181347 -0.077077 0.348013 -0.247642 2.422271 -7.774557 3.483137
0.462000 0.408198 0.180594 0.181101 -0.074676 0.340258 -0.244122 2.379075 -7.735484 3.556153
0.463000 0.408124 0.180930 0.180859 -0.072319 0.332542 -0.240529 2.336076 -7.695839 3.628027
0.464000 0.408053 0.181259 0.180620 -0.070004 0.324866 -0.236866 2.293290 -7.655624 3.698694
0.465000 0.407984 0.181580 0.180385 -0.067732 0.317230 -0.233132 2.250719 -7.614751 3.768012
0.466000 0.407918 0.181893 0.180154 -0.065503 0.309636 -0.229330 2.208375 -7.573205 3.835910
0.467000 0.407853 0.182199 0.179927 -0.063316 0.302084 -0.225460 2.166283 -7.531037 3.902378
0.468000 0.407791 0.182498 0.179703 -0.061170 0.294574 -0.221525 2.124450 -7.488192 3.967314
0.469000 0.407731 0.182788 0.179484 -0.059067 0.287108 -0.217525 2.082870 -7.444520 4.030527
0.470000 0.407673 0.183072 0.179268 -0.057004 0.279685 -0.213464 2.041546 -7.399952 4.091905
0.471000 0.407617 0.183348 0.179057 -0.054984 0.272308 -0.209342 2.000495 -7.354509 4.151414
0.472000 0.407563 0.183616 0.178849 -0.053003 0.264976 -0.205161 1.959717 -7.308133 4.208932
0.473000 0.407511 0.183878 0.178646 -0.051064 0.257692 -0.200924 1.919196 -7.260678 4.264254
0.474000 0.407461 0.184132 0.178448 -0.049165 0.250455 -0.196632 1.878933 -7.212092 4.317272
0.475000 0.407412 0.184379 0.178253 -0.047306 0.243267 -0.192289 1.838956 -7.162501 4.368057
0.476000 0.407366 0.184618 0.178063 -0.045487 0.236130 -0.187896 1.799308 -7.112125 4.416777
0.477000 0.407322 0.184851 0.177877 -0.043708 0.229043 -0.183456 1.760035 -7.061197 4.463619
0.478000 0.407279 0.185076 0.177696 -0.041967 0.222007 -0.178969 1.721175 -7.009906 4.508723
0.479000 0.407238 0.185295 0.177519 -0.040265 0.215023 -0.174438 1.682739 -6.958235 4.552033
0.480000 0.407198 0.185507 0.177347 -0.038602 0.208091 -0.169865 1.644692 -6.905813 4.593133
0.481000 0.407160 0.185711 0.177180 -0.036976 0.201212 -0.165252 1.606966 -6.852047 4.631392
0.482000 0.407124 0.185909 0.177017 -0.035388 0.194387 -0.160602 1.569514 -6.796460 4.666274
0.483000 0.407090 0.186100 0.176858 -0.033837 0.187619 -0.155919 1.532313 -6.738779 4.697422
0.484000 0.407057 0.186284 0.176705 -0.032323 0.180909 -0.151207 1.495358 -6.678846 4.724579
0.485000 0.407025 0.186462 0.176556 -0.030846 0.174261 -0.146470 1.458655 -6.616595 4.747598
0.486000 0.406995 0.186633 0.176412 -0.029406 0.167676 -0.141712 1.422213 -6.552004 4.766419
0.487000 0.406966 0.186797 0.176273 -0.028002 0.161157 -0.136937 1.386036 -6.484971 4.780936
0.488000 0.406939 0.186955 0.176138 -0.026634 0.154706 -0.132150 1.350116 -6.415316 4.790978
0.489000 0.406913 0.187107 0.176008 -0.025301 0.148326 -0.127355 1.314455 -6.342920 4.796429
0.490000 0.406888 0.187252 0.175883 -0.024005 0.142020 -0.122557 1.279056 -6.267728 4.797222
0.491000 0.406865 0.187391 0.175763 -0.022743 0.135791 -0.117761 1.243916 -6.189609 4.793209
0.492000 0.406843 0.187523 0.175648 -0.021517 0.129641 -0.112971 1.209025 -6.108358 4.784167
0.493000 0.406822 0.187650 0.175537 -0.020325 0.123574 -0.108193 1.174375 -6.023834 4.769936
0.494000 0.406802 0.187770 0.175431 -0.019168 0.117593 -0.103431 1.139955 -5.935967 4.750421
0.495000 0.406783 0.187885 0.175330 -0.018045 0.111702 -0.098692 1.105733 -5.844628 4.725452
0.496000 0.406766 0.187994 0.175234 -0.016957 0.105904 -0.093980 1.071658 -5.749623 4.694789
0.497000 0.406750 0.188097 0.175142 -0.015902 0.100203 -0.089302 1.037696 -5.650813 4.658257
0.498000 0.406734 0.188194 0.175055 -0.014881 0.094603 -0.084664 1.003844 -5.548116 4.615761
0.499000 0.406720 0.188286 0.174973 -0.013894 0.089107 -0.080071 0.970113 -5.441382 4.567165
0.500000 0.406706 0.188372 0.174895 -0.012941 0.083720 -0.075529 0.936516 -5.330393 4.512278
0.501000 0.406694 0.188453 0.174822 -0.012021 0.078446 -0.071046 0.903065 -5.214989 4.450957
0.502000 0.406682 0.188529 0.174753 -0.011135 0.073290 -0.066628 0.869749 -5.095054 4.383099
0.503000 0.406672 0.188600 0.174689 -0.010282 0.068256 -0.062280 0.836531 -4.970391 4.308528
0.504000 0.406662 0.188666 0.174629 -0.009462 0.063349 -0.058010 0.803350 -4.840718 4.226988
0.505000 0.406653 0.188727 0.174573 -0.008675 0.058574 -0.053826 0.770155 -4.705761 4.138226
0.506000 0.406644 0.188783 0.174521 -0.007922 0.053938 -0.049734 0.736909 -4.565273 4.042001
0.507000 0.406637 0.188835 0.174473 -0.007201 0.049444 -0.045742 0.703583 -4.419022 3.938076
0.508000 0.406630 0.188882 0.174429 -0.006514 0.045100 -0.041858 0.670158 -4.266838 3.826282
0.509000 0.406624 0.188925 0.174390 -0.005861 0.040910 -0.038089 0.636632 -4.108593 3.706509
0.510000 0.406618 0.188964 0.174353 -0.005241 0.036882 -0.034445 0.603007 -3.944088 3.578603
0.511000 0.406613 0.188999 0.174321 -0.004655 0.033022 -0.030932 0.569290 -3.773053 3.442363
0.512000 0.406609 0.189030 0.174291 -0.004103 0.029336 -0.027560 0.535482 -3.595278 3.297629
0.513000 0.406605 0.189057 0.174265 -0.003584 0.025832 -0.024337 0.501567 -3.410610 3.144275
0.514000 0.406602 0.189081 0.174243 -0.003099 0.022515 -0.021272 0.467499 -3.218831 2.982112
0.515000 0.406599 0.189102 0.174223 -0.002649 0.019394 -0.018373 0.433211 -3.019659 2.810890
0.516000 0.406597 0.189120 0.174206 -0.002233 0.016476 -0.015650 0.398656 -2.812875 2.630412
0.517000 0.406595 0.189135 0.174192 -0.001852 0.013768 -0.013112 0.363817 -2.598331 2.440543
0.518000 0.406593 0.189148 0.174180 -0.001505 0.011279 -0.010769 0.328691 -2.375849 2.241103
0.519000 0.406591 0.189158 0.174170 -0.001194 0.009016 -0.008630 0.293280 -2.145203 2.031868
0.520000 0.406590 0.189166 0.174163 -0.000919 0.006989 -0.006705 0.137752 -1.013905 0.962387
0.521000 0.406590 0.189172 0.174157 -0.000919 0.006989 -0.006705 0.137752 -1.013905 0.962387
