0.000000 0.668545 -0.196831 0.137861 -0.002179 -0.006656 0.020282 -0.352499 0.044648 0.553428
0.001000 0.668543 -0.196838 0.137881 -0.002179 -0.006656 0.020282 -0.352499 0.044648 0.553428
0.002000 0.668540 -0.196844 0.137902 -0.002884 -0.006567 0.021389 -0.719556 0.094639 1.121204
0.003000 0.668537 -0.196851 0.137924 -0.003618 -0.006467 0.022524 -0.748965 0.105515 1.149981
0.004000 0.668533 -0.196857 0.137947 -0.004382 -0.006356 0.023689 -0.778954 0.116780 1.178904
0.005000 0.668528 -0.196864 0.137971 -0.005176 -0.006233 0.024882 -0.809519 0.128438 1.207952
0.006000 0.668523 -0.196870 0.137996 -0.006001 -0.006099 0.026105 -0.840655 0.140497 1.237114
0.007000 0.668516 -0.196876 0.138023 -0.006857 -0.005952 0.027356 -0.872358 0.152961 1.266388
0.008000 0.668509 -0.196882 0.138051 -0.007746 -0.005793 0.028637 -0.904621 0.165838 1.295785
0.009000 0.668501 -0.196887 0.138080 -0.008666 -0.005621 0.029948 -0.937436 0.179132 1.325314
0.010000 0.668492 -0.196893 0.138111 -0.009620 -0.005435 0.031288 -0.970795 0.192849 1.354981
0.011000 0.668481 -0.196898 0.138143 -0.010608 -0.005235 0.032658 -1.004691 0.206994 1.384793
0.012000 0.668470 -0.196903 0.138176 -0.011630 -0.005021 0.034058 -1.039114 0.221575 1.414746
0.013000 0.668458 -0.196908 0.138211 -0.012686 -0.004792 0.035487 -1.074064 0.236607 1.444827
0.014000 0.668445 -0.196913 0.138247 -0.013778 -0.004548 0.036947 -1.109555 0.252119 1.475029
0.015000 0.668431 -0.196917 0.138285 -0.014905 -0.004288 0.038437 -1.145607 0.268151 1.505352
0.016000 0.668415 -0.196922 0.138324 -0.016069 -0.004011 0.039958 -1.182233 0.284731 1.535786
0.017000 0.668398 -0.196925 0.138365 -0.017270 -0.003718 0.041509 -1.219428 0.301873 1.566312
0.018000 0.668381 -0.196929 0.138407 -0.018508 -0.003407 0.043090 -1.257176 0.319584 1.596918
0.019000 0.668361 -0.196932 0.138451 -0.019784 -0.003079 0.044703 -1.295462 0.337867 1.627598
0.020000 0.668341 -0.196935 0.138497 -0.021099 -0.002732 0.046346 -1.334266 0.356725 1.658335
0.021000 0.668319 -0.196938 0.138544 -0.022453 -0.002365 0.048019 -1.373581 0.376160 1.689105
0.022000 0.668296 -0.196940 0.138593 -0.023846 -0.001979 0.049724 -1.413410 0.396176 1.719890
0.023000 0.668272 -0.196942 0.138643 -0.025280 -0.001573 0.051459 -1.453764 0.416774 1.750676
0.024000 0.668246 -0.196943 0.138696 -0.026754 -0.001146 0.053225 -1.494646 0.437956 1.781441
0.025000 0.668218 -0.196944 0.138750 -0.028269 -0.000697 0.055022 -1.536040 0.459723 1.812153
0.026000 0.668189 -0.196944 0.138806 -0.029826 -0.000226 0.056850 -1.577922 0.482077 1.842788
0.027000 0.668158 -0.196944 0.138863 -0.031425 0.000267 0.058708 -1.620263 0.505017 1.873329
0.028000 0.668126 -0.196944 0.138923 -0.033066 0.000784 0.060596 -1.663046 0.528543 1.903764
0.029000 0.668092 -0.196943 0.138985 -0.034751 0.001324 0.062515 -1.706263 0.552656 1.934097
0.030000 0.668057 -0.196941 0.139048 -0.036479 0.001889 0.064464 -1.749916 0.577354 1.964338
0.031000 0.668019 -0.196939 0.139114 -0.038251 0.002479 0.066444 -1.793996 0.602636 1.994480
0.032000 0.667980 -0.196936 0.139181 -0.040067 0.003094 0.068453 -1.838488 0.628498 2.024498
0.033000 0.667939 -0.196933 0.139250 -0.041928 0.003736 0.070493 -1.883381 0.654940 2.054382
0.034000 0.667896 -0.196929 0.139322 -0.043834 0.004404 0.072562 -1.928669 0.681956 2.084133
0.035000 0.667852 -0.196924 0.139396 -0.045785 0.005100 0.074661 -1.974337 0.709544 2.113735
0.036000 0.667805 -0.196919 0.139471 -0.047782 0.005823 0.076790 -2.020362 0.737699 2.143157
0.037000 0.667756 -0.196912 0.139549 -0.049826 0.006575 0.078947 -2.066725 0.766415 2.172381
0.038000 0.667705 -0.196905 0.139629 -0.051916 0.007356 0.081134 -2.113415 0.795686 2.201401
0.039000 0.667652 -0.196898 0.139711 -0.054052 0.008166 0.083350 -2.160418 0.825506 2.230210
0.040000 0.667597 -0.196889 0.139796 -0.056236 0.009007 0.085595 -2.207717 0.855867 2.258800
0.041000 0.667540 -0.196880 0.139883 -0.058468 0.009878 0.087868 -2.255294 0.886760 2.287160
0.042000 0.667480 -0.196869 0.139972 -0.060747 0.010781 0.090169 -2.303121 0.918178 2.315260
0.043000 0.667418 -0.196858 0.140063 -0.063074 0.011715 0.092498 -2.351161 0.950121 2.343053
0.044000 0.667354 -0.196846 0.140157 -0.065449 0.012681 0.094855 -2.399380 0.982604 2.370505
0.045000 0.667287 -0.196833 0.140253 -0.067873 0.013680 0.097239 -2.447749 1.015649 2.397593
0.046000 0.667218 -0.196819 0.140351 -0.070345 0.014712 0.099650 -2.496233 1.049268 2.424276
0.047000 0.667147 -0.196803 0.140452 -0.072865 0.015778 0.102088 -2.544795 1.083459 2.450501
0.048000 0.667072 -0.196787 0.140555 -0.075434 0.016879 0.104551 -2.593418 1.118208 2.476223
0.049000 0.666996 -0.196770 0.140661 -0.078052 0.018015 0.107040 -2.642097 1.153498 2.501409
0.050000 0.666916 -0.196751 0.140769 -0.080719 0.019186 0.109554 -2.690813 1.189314 2.526012
0.051000 0.666834 -0.196731 0.140880 -0.083434 0.020393 0.112092 -2.739541 1.225636 2.549977
0.052000 0.666749 -0.196710 0.140994 -0.086198 0.021637 0.114654 -2.788280 1.262446 2.573278
0.053000 0.666662 -0.196688 0.141110 -0.089010 0.022918 0.117239 -2.837052 1.299722 2.595909
0.054000 0.666571 -0.196664 0.141228 -0.091872 0.024237 0.119846 -2.885870 1.337444 2.617866
0.055000 0.666478 -0.196639 0.141349 -0.094782 0.025593 0.122475 -2.934727 1.375589 2.639139
0.056000 0.666382 -0.196613 0.141473 -0.097741 0.026988 0.125124 -2.983604 1.414131 2.659719
0.057000 0.666283 -0.196585 0.141599 -0.100749 0.028421 0.127794 -3.032462 1.453046 2.679565
0.058000 0.666180 -0.196556 0.141729 -0.103806 0.029894 0.130483 -3.081246 1.492306 2.698616
0.059000 0.666075 -0.196526 0.141860 -0.106912 0.031406 0.133191 -3.129910 1.531883 2.716827
0.060000 0.665967 -0.196494 0.141995 -0.110066 0.032958 0.135917 -3.178418 1.571747 2.734173
0.061000 0.665855 -0.196460 0.142132 -0.113269 0.034549 0.138660 -3.226724 1.611868 2.750607
0.062000 0.665740 -0.196424 0.142272 -0.116519 0.036181 0.141418 -3.274779 1.652224 2.766076
0.063000 0.665622 -0.196387 0.142415 -0.119818 0.037854 0.144192 -3.322578 1.692806 2.780578
0.064000 0.665500 -0.196349 0.142561 -0.123165 0.039567 0.146979 -3.370143 1.733613 2.794150
0.065000 0.665376 -0.196308 0.142709 -0.126559 0.041321 0.149780 -3.417480 1.774644 2.806830
0.066000 0.665247 -0.196266 0.142860 -0.130000 0.043116 0.152593 -3.464558 1.815894 2.818652
0.067000 0.665116 -0.196222 0.143014 -0.133488 0.044953 0.155417 -3.511328 1.857358 2.829646
0.068000 0.664980 -0.196176 0.143171 -0.137022 0.046831 0.158252 -3.557717 1.899020 2.839797
0.069000 0.664841 -0.196128 0.143331 -0.140603 0.048751 0.161097 -3.603657 1.940856 2.849044
0.070000 0.664699 -0.196079 0.143493 -0.144230 0.050713 0.163950 -3.649117 1.982847 2.857341
0.071000 0.664553 -0.196027 0.143659 -0.147901 0.052717 0.166812 -3.694094 2.024977 2.864667
0.072000 0.664403 -0.195973 0.143827 -0.151618 0.054763 0.169680 -3.738558 2.067226 2.870974
0.073000 0.664250 -0.195917 0.143998 -0.155378 0.056851 0.172554 -3.782466 2.109572 2.876210
0.074000 0.664093 -0.195860 0.144172 -0.159183 0.058982 0.175432 -3.825827 2.152013 2.880395
0.075000 0.663931 -0.195799 0.144349 -0.163030 0.061155 0.178314 -3.868691 2.194560 2.883595
0.076000 0.663766 -0.195737 0.144529 -0.166920 0.063371 0.181199 -3.911062 2.237210 2.885829
0.077000 0.663598 -0.195673 0.144711 -0.170852 0.065630 0.184086 -3.952880 2.279942 2.887051
0.078000 0.663425 -0.195606 0.144897 -0.174826 0.067931 0.186974 -3.994094 2.322747 2.887251
0.079000 0.663248 -0.195537 0.145085 -0.178840 0.070275 0.189861 -4.034679 2.365633 2.886459
0.080000 0.663067 -0.195465 0.145277 -0.182895 0.072662 0.192746 -4.074616 2.408603 2.884696
0.081000 0.662882 -0.195392 0.145471 -0.186990 0.075092 0.195630 -4.113897 2.451658 2.881964
0.082000 0.662693 -0.195315 0.145668 -0.191123 0.077565 0.198510 -4.152518 2.494799 2.878254
0.083000 0.662500 -0.195236 0.145868 -0.195295 0.080082 0.201387 -4.190437 2.538006 2.873517
0.084000 0.662303 -0.195155 0.146071 -0.199504 0.082641 0.204257 -4.227597 2.581242 2.867701
0.085000 0.662101 -0.195071 0.146276 -0.203750 0.085244 0.207122 -4.264020 2.624483 2.860845
0.086000 0.661895 -0.194985 0.146485 -0.208032 0.087890 0.209979 -4.299779 2.667715 2.853056
0.087000 0.661685 -0.194895 0.146696 -0.212349 0.090580 0.212828 -4.334887 2.710907 2.844372
0.088000 0.661470 -0.194803 0.146910 -0.216702 0.093312 0.215668 -4.369272 2.754014 2.834751
0.089000 0.661251 -0.194709 0.147128 -0.221088 0.096088 0.218498 -4.402866 2.797000 2.824175
0.090000 0.661028 -0.194611 0.147347 -0.225507 0.098906 0.221316 -4.435638 2.839846 2.812686
0.091000 0.660800 -0.194511 0.147570 -0.229959 0.101767 0.224123 -4.467580 2.882538 2.800316
0.092000 0.660568 -0.194408 0.147796 -0.234443 0.104671 0.226917 -4.498726 2.925076 2.787100
0.093000 0.660332 -0.194302 0.148024 -0.238957 0.107618 0.229697 -4.529129 2.967464 2.773067
0.094000 0.660090 -0.194192 0.148255 -0.243501 0.110606 0.232463 -4.558778 3.009683 2.758192
0.095000 0.659845 -0.194080 0.148489 -0.248074 0.113637 0.235213 -4.587612 3.051696 2.742433
0.096000 0.659594 -0.193965 0.148726 -0.252676 0.116710 0.237948 -4.615632 3.093503 2.725854
0.097000 0.659339 -0.193847 0.148965 -0.257306 0.119824 0.240665 -4.642902 3.135127 2.708600
0.098000 0.659080 -0.193726 0.149207 -0.261962 0.122980 0.243365 -4.669414 3.176560 2.690731
0.099000 0.658815 -0.193601 0.149452 -0.266644 0.126177 0.246047 -4.695078 3.217754 2.672204
0.100000 0.658546 -0.193473 0.149699 -0.271352 0.129415 0.248709 -4.719831 3.258673 2.653005
0.101000 0.658273 -0.193342 0.149949 -0.276084 0.132694 0.251353 -4.743648 3.299292 2.633163
0.102000 0.657994 -0.193208 0.150202 -0.280839 0.136014 0.253976 -4.766459 3.339569 2.612654
0.103000 0.657711 -0.193070 0.150457 -0.285617 0.139374 0.256578 -4.788164 3.379455 2.591393
0.104000 0.657423 -0.192929 0.150715 -0.290416 0.142773 0.259159 -4.808756 3.418947 2.569350
0.105000 0.657130 -0.192785 0.150975 -0.295234 0.146212 0.261717 -4.828312 3.458088 2.546564
0.106000 0.656832 -0.192637 0.151238 -0.300072 0.149689 0.264252 -4.846914 3.496915 2.523097
0.107000 0.656530 -0.192485 0.151504 -0.304928 0.153205 0.266763 -4.864654 3.535463 2.499055
0.108000 0.656223 -0.192330 0.151772 -0.309802 0.156760 0.269250 -4.881627 3.573762 2.474568
0.109000 0.655910 -0.192172 0.152042 -0.314692 0.160353 0.271712 -4.897834 3.611795 2.449669
0.110000 0.655593 -0.192010 0.152315 -0.319597 0.163984 0.274149 -4.913182 3.649500 2.424298
0.111000 0.655271 -0.191844 0.152591 -0.324518 0.167652 0.276561 -4.927636 3.686829 2.398439
0.112000 0.654944 -0.191674 0.152868 -0.329453 0.171357 0.278946 -4.941223 3.723756 2.372128
0.113000 0.654612 -0.191501 0.153148 -0.334400 0.175099 0.281305 -4.953898 3.760228 2.345338
0.114000 0.654275 -0.191324 0.153431 -0.339360 0.178878 0.283637 -4.965551 3.796179 2.317969
0.115000 0.653933 -0.191143 0.153716 -0.344331 0.182692 0.285941 -4.976151 3.831595 2.289965
0.116000 0.653587 -0.190959 0.154003 -0.349313 0.186541 0.288217 -4.985739 3.866504 2.261320
0.117000 0.653235 -0.190770 0.154292 -0.354303 0.190425 0.290463 -4.994282 3.900890 2.231981
0.118000 0.652878 -0.190578 0.154584 -0.359301 0.194343 0.292681 -5.001691 3.934691 2.201880
0.119000 0.652516 -0.190381 0.154878 -0.364306 0.198294 0.294867 -5.007995 3.967884 2.171078
0.120000 0.652149 -0.190181 0.155173 -0.369317 0.202278 0.297023 -5.013336 4.000490 2.139747
0.121000 0.651778 -0.189977 0.155472 -0.374333 0.206295 0.299147 -5.017825 4.032530 2.108033
0.122000 0.651401 -0.189769 0.155772 -0.379353 0.210344 0.301239 -5.021523 4.064018 2.076032
0.123000 0.651019 -0.189556 0.156074 -0.384376 0.214423 0.303299 -5.024460 4.094964 2.043815
0.124000 0.650632 -0.189340 0.156378 -0.389402 0.218533 0.305326 -5.026567 4.125328 2.011357
0.125000 0.650240 -0.189119 0.156685 -0.394429 0.222674 0.307321 -5.027710 4.155043 1.978555
0.126000 0.649843 -0.188894 0.156993 -0.399457 0.226844 0.309284 -5.027859 4.184106 1.945358
0.127000 0.649441 -0.188665 0.157303 -0.404485 0.231042 0.311212 -5.027069 4.212572 1.911771
0.128000 0.649034 -0.188432 0.157615 -0.409511 0.235269 0.313107 -5.025308 4.240436 1.877742
0.129000 0.648622 -0.188195 0.157929 -0.414535 0.239523 0.314968 -5.022473 4.267644 1.843192
0.130000 0.648205 -0.187953 0.158245 -0.419556 0.243804 0.316793 -5.018594 4.294208 1.808162
0.131000 0.647783 -0.187707 0.158563 -0.424573 0.248111 0.318584 -5.013829 4.320213 1.772802
0.132000 0.647356 -0.187457 0.158883 -0.429584 0.252444 0.320339 -5.008308 4.345729 1.737237
0.133000 0.646924 -0.187202 0.159204 -0.434589 0.256803 0.322058 -5.002109 4.370809 1.701543
0.134000 0.646487 -0.186943 0.159527 -0.439588 0.261186 0.323742 -4.995281 4.395491 1.665769
0.135000 0.646045 -0.186680 0.159851 -0.444580 0.265594 0.325390 -4.987755 4.419745 1.629870
0.136000 0.645598 -0.186412 0.160177 -0.449564 0.270025 0.327002 -4.979385 4.443496 1.593725
0.137000 0.645146 -0.186140 0.160505 -0.454539 0.274481 0.328577 -4.970140 4.466754 1.557262
0.138000 0.644689 -0.185863 0.160835 -0.459504 0.278959 0.330116 -4.960090 4.489591 1.520468
0.139000 0.644227 -0.185582 0.161165 -0.464459 0.283460 0.331618 -4.949200 4.512011 1.483273
0.140000 0.643760 -0.185296 0.161498 -0.469402 0.287983 0.333083 -4.937347 4.533942 1.445591
0.141000 0.643288 -0.185006 0.161832 -0.474333 0.292528 0.334510 -4.924534 4.555380 1.407470
0.142000 0.642811 -0.184711 0.162167 -0.479251 0.297094 0.335898 -4.910879 4.576380 1.369061
0.143000 0.642329 -0.184412 0.162503 -0.484155 0.301681 0.337248 -4.896378 4.596925 1.330412
0.144000 0.641843 -0.184108 0.162841 -0.489044 0.306288 0.338559 -4.880898 4.616918 1.291451
0.145000 0.641351 -0.183799 0.163181 -0.493917 0.310914 0.339831 -4.864401 4.636309 1.252153
0.146000 0.640855 -0.183486 0.163521 -0.498773 0.315560 0.341063 -4.846982 4.655123 1.212578
0.147000 0.640354 -0.183168 0.163863 -0.503611 0.320225 0.342256 -4.828739 4.673407 1.172776
0.148000 0.639848 -0.182846 0.164205 -0.508430 0.324907 0.343409 -4.809778 4.691250 1.132783
0.149000 0.639337 -0.182518 0.164549 -0.513231 0.329607 0.344521 -4.790213 4.708758 1.092622
0.150000 0.638821 -0.182186 0.164895 -0.518011 0.334325 0.345594 -4.770011 4.725941 1.052237
0.151000 0.638301 -0.181850 0.165241 -0.522771 0.339059 0.346626 -4.749038 4.742719 1.011536
0.152000 0.637776 -0.181508 0.165588 -0.527509 0.343810 0.347617 -4.727299 4.759091 0.970557
0.153000 0.637246 -0.181162 0.165936 -0.532225 0.348577 0.348567 -4.704928 4.775132 0.929436
0.154000 0.636711 -0.180811 0.166285 -0.536919 0.353360 0.349476 -4.681923 4.790828 0.888213
0.155000 0.636172 -0.180455 0.166635 -0.541589 0.358159 0.350343 -4.658129 4.806074 0.846811
0.156000 0.635628 -0.180095 0.166986 -0.546235 0.362972 0.351169 -4.633488 4.820823 0.805221
0.157000 0.635079 -0.179730 0.167337 -0.550856 0.367801 0.351954 -4.608045 4.835097 0.763507
0.158000 0.634526 -0.179359 0.167690 -0.555451 0.372643 0.352696 -4.581734 4.848845 0.721650
0.159000 0.633969 -0.178984 0.168043 -0.560019 0.377498 0.353397 -4.554380 4.861961 0.679531
0.160000 0.633406 -0.178604 0.168396 -0.564560 0.382367 0.354055 -4.525955 4.874455 0.637082
0.161000 0.632839 -0.178219 0.168751 -0.569071 0.387247 0.354671 -4.496592 4.886456 0.594322
0.162000 0.632268 -0.177830 0.169106 -0.573553 0.392139 0.355244 -4.466437 4.898088 0.551315
0.163000 0.631692 -0.177435 0.169461 -0.578004 0.397043 0.355774 -4.435663 4.909473 0.508199
0.164000 0.631112 -0.177036 0.169817 -0.582424 0.401958 0.356260 -4.404455 4.920723 0.465154
0.165000 0.630527 -0.176631 0.170174 -0.586813 0.406885 0.356704 -4.372814 4.931831 0.422238
0.166000 0.629938 -0.176222 0.170531 -0.591170 0.411822 0.357105 -4.340579 4.942676 0.379377
0.167000 0.629345 -0.175808 0.170888 -0.595494 0.416770 0.357463 -4.307697 4.953215 0.336556
0.168000 0.628747 -0.175388 0.171246 -0.599785 0.421728 0.357778 -4.274234 4.963486 0.293833
0.169000 0.628146 -0.174964 0.171603 -0.604043 0.426697 0.358051 -4.240130 4.973438 0.251184
0.170000 0.627539 -0.174535 0.171962 -0.608266 0.431675 0.358280 -4.205204 4.982943 0.208484
0.171000 0.626929 -0.174101 0.172320 -0.612453 0.436663 0.358468 -4.169435 4.991986 0.165659
0.172000 0.626314 -0.173662 0.172679 -0.616605 0.441659 0.358612 -4.132980 5.000681 0.122725
0.173000 0.625696 -0.173218 0.173037 -0.620719 0.446664 0.358713 -4.096010 5.009133 0.079741
0.174000 0.625073 -0.172768 0.173396 -0.624797 0.451678 0.358771 -4.058723 5.017447 0.036842
0.175000 0.624446 -0.172314 0.173755 -0.628837 0.456699 0.358787 -4.021329 5.025720 -0.005795
0.176000 0.623815 -0.171855 0.174114 -0.632839 0.461729 0.358760 -3.983840 5.033915 -0.048117
0.177000 0.623181 -0.171391 0.174472 -0.636804 0.466767 0.358690 -3.946089 5.041882 -0.090196
0.178000 0.622542 -0.170921 0.174831 -0.640731 0.471813 0.358579 -3.908033 5.049549 -0.132053
0.179000 0.621899 -0.170447 0.175189 -0.644620 0.476866 0.358426 -3.869762 5.056935 -0.173628
0.180000 0.621252 -0.169968 0.175548 -0.648471 0.481927 0.358232 -3.831222 5.063965 -0.214947
0.181000 0.620602 -0.169483 0.175906 -0.652283 0.486994 0.357996 -3.792211 5.070498 -0.256124
0.182000 0.619948 -0.168994 0.176264 -0.656055 0.492068 0.357720 -3.752665 5.076546 -0.297206
0.183000 0.619290 -0.168499 0.176621 -0.659788 0.497147 0.357402 -3.712662 5.082243 -0.338170
0.184000 0.618628 -0.167999 0.176979 -0.663481 0.502232 0.357043 -3.672138 5.087597 -0.379056
0.185000 0.617963 -0.167495 0.177335 -0.667132 0.507322 0.356644 -3.630918 5.092488 -0.419949
0.186000 0.617294 -0.166985 0.177692 -0.670742 0.512417 0.356204 -3.589026 5.096913 -0.460795
0.187000 0.616622 -0.166470 0.178048 -0.674310 0.517516 0.355722 -3.546697 5.101014 -0.501413
0.188000 0.615945 -0.165950 0.178403 -0.677836 0.522619 0.355201 -3.504139 5.104899 -0.541655
0.189000 0.615266 -0.165425 0.178758 -0.681319 0.527726 0.354639 -3.461509 5.108629 -0.581434
0.190000 0.614583 -0.164894 0.179113 -0.684759 0.532836 0.354038 -3.418934 5.112231 -0.620697
0.191000 0.613896 -0.164359 0.179466 -0.688157 0.537950 0.353398 -3.376351 5.115604 -0.659490
0.192000 0.613207 -0.163818 0.179819 -0.691512 0.543068 0.352719 -3.333559 5.118572 -0.697946
0.193000 0.612513 -0.163273 0.180172 -0.694824 0.548188 0.352002 -3.290536 5.121119 -0.736134
0.194000 0.611817 -0.162722 0.180523 -0.698093 0.553310 0.351247 -3.247422 5.123359 -0.774058
0.195000 0.611117 -0.162166 0.180874 -0.701319 0.558434 0.350454 -3.204192 5.125272 -0.811780
0.196000 0.610414 -0.161605 0.181224 -0.704501 0.563560 0.349623 -3.160664 5.126703 -0.849387
0.197000 0.609708 -0.161039 0.181574 -0.707640 0.568688 0.348755 -3.116831 5.127624 -0.886820
0.198000 0.608999 -0.160468 0.181922 -0.710735 0.573816 0.347849 -3.072895 5.128156 -0.923892
0.199000 0.608287 -0.159891 0.182269 -0.713786 0.578944 0.346907 -3.029036 5.128401 -0.960448
0.200000 0.607571 -0.159310 0.182616 -0.716793 0.584072 0.345928 -2.985401 5.128425 -0.996392
0.201000 0.606853 -0.158723 0.182961 -0.719756 0.589201 0.344914 -2.942117 5.128270 -1.031663
0.202000 0.606132 -0.158131 0.183305 -0.722677 0.594329 0.343865 -2.899112 5.127836 -1.066302
0.203000 0.605408 -0.157535 0.183649 -0.725555 0.599457 0.342782 -2.856163 5.126943 -1.100439
0.204000 0.604681 -0.156933 0.183991 -0.728389 0.604583 0.341664 -2.813213 5.125600 -1.134162
0.205000 0.603951 -0.156325 0.184332 -0.731181 0.609708 0.340513 -2.770372 5.123969 -1.167498
0.206000 0.603218 -0.155713 0.184672 -0.733930 0.614831 0.339329 -2.727585 5.122053 -1.200526
0.207000 0.602483 -0.155096 0.185011 -0.736636 0.619952 0.338112 -2.684659 5.119695 -1.233342
0.208000 0.601745 -0.154473 0.185348 -0.739299 0.625070 0.336863 -2.641607 5.116867 -1.265904
0.209000 0.601004 -0.153846 0.185685 -0.741919 0.630186 0.335580 -2.598626 5.113674 -1.298066
0.210000 0.600261 -0.153213 0.186019 -0.744497 0.635298 0.334266 -2.555726 5.110072 -1.329780
0.211000 0.599516 -0.152575 0.186353 -0.747031 0.640406 0.332921 -2.512700 5.105842 -1.361129
0.212000 0.598767 -0.151932 0.186685 -0.749522 0.645509 0.331544 -2.469482 5.100856 -1.392158
0.213000 0.598016 -0.151284 0.187016 -0.751970 0.650607 0.330137 -2.426199 5.095143 -1.422837
0.214000 0.597263 -0.150631 0.187346 -0.754374 0.655700 0.328699 -2.382987 5.088784 -1.453141
0.215000 0.596508 -0.149973 0.187674 -0.756736 0.660785 0.327230 -2.339994 5.081965 -1.483060
0.216000 0.595750 -0.149309 0.188000 -0.759054 0.665863 0.325732 -2.297375 5.074923 -1.512591
0.217000 0.594990 -0.148641 0.188325 -0.761331 0.670935 0.324205 -2.255072 5.067692 -1.541800
0.218000 0.594227 -0.147967 0.188648 -0.763565 0.675999 0.322649 -2.212877 5.060119 -1.570780
0.219000 0.593462 -0.147289 0.188970 -0.765756 0.681055 0.321064 -2.170777 5.052203 -1.599500
0.220000 0.592696 -0.146605 0.189291 -0.767906 0.686103 0.319450 -2.128945 5.044098 -1.627830
0.221000 0.591927 -0.145917 0.189609 -0.770014 0.691143 0.317808 -2.087365 5.035782 -1.655735
0.222000 0.591156 -0.145223 0.189926 -0.772081 0.696175 0.316138 -2.045816 5.027022 -1.683291
0.223000 0.590383 -0.144524 0.190241 -0.774106 0.701197 0.314441 -2.004232 5.017669 -1.710529
0.224000 0.589607 -0.143821 0.190555 -0.776089 0.706210 0.312717 -1.962709 5.007685 -1.737417
0.225000 0.588830 -0.143112 0.190867 -0.778031 0.711213 0.310967 -1.921174 4.996916 -1.763990
0.226000 0.588051 -0.142398 0.191177 -0.779932 0.716204 0.309189 -1.879388 4.985141 -1.790370
0.227000 0.587270 -0.141679 0.191485 -0.781790 0.721183 0.307386 -1.837299 4.972383 -1.816638
0.228000 0.586488 -0.140956 0.191792 -0.783606 0.726149 0.305556 -1.795075 4.958906 -1.842802
0.229000 0.585703 -0.140227 0.192096 -0.785380 0.731101 0.303700 -1.752892 4.944957 -1.868833
0.230000 0.584917 -0.139494 0.192399 -0.787112 0.736039 0.301818 -1.710939 4.930764 -1.894642
0.231000 0.584129 -0.138755 0.192700 -0.788802 0.740962 0.299911 -1.669411 4.916542 -1.920102
0.232000 0.583339 -0.138012 0.192999 -0.790451 0.745872 0.297978 -1.628273 4.902271 -1.945186
0.233000 0.582548 -0.137263 0.193296 -0.792059 0.750767 0.296021 -1.587296 4.887704 -1.969970
0.234000 0.581755 -0.136510 0.193591 -0.793626 0.755647 0.294038 -1.546418 4.872692 -1.994493
0.235000 0.580961 -0.135752 0.193884 -0.795152 0.760512 0.292032 -1.505751 4.857215 -2.018738
0.236000 0.580165 -0.134989 0.194175 -0.796637 0.765362 0.290001 -1.465226 4.841119 -2.042747
0.237000 0.579368 -0.134221 0.194464 -0.798082 0.770194 0.287946 -1.424599 4.824171 -2.066630
0.238000 0.578569 -0.133449 0.194751 -0.799486 0.775010 0.285867 -1.383799 4.806396 -2.090449
0.239000 0.577769 -0.132671 0.195036 -0.800850 0.779807 0.283765 -1.342932 4.788029 -2.114212
0.240000 0.576967 -0.131889 0.195319 -0.802172 0.784586 0.281639 -1.301929 4.769098 -2.137971
0.241000 0.576164 -0.131102 0.195599 -0.803453 0.789345 0.279489 -1.260560 4.749422 -2.161800
0.242000 0.575360 -0.130310 0.195877 -0.804693 0.794085 0.277315 -1.218799 4.728998 -2.185651
0.243000 0.574555 -0.129514 0.196154 -0.805891 0.798803 0.275118 -1.176860 4.708046 -2.209374
0.244000 0.573748 -0.128713 0.196428 -0.807047 0.803501 0.272897 -1.134949 4.686737 -2.232852
0.245000 0.572941 -0.127907 0.196700 -0.808161 0.808177 0.270652 -1.093254 4.665163 -2.256025
0.246000 0.572132 -0.127096 0.196969 -0.809233 0.812831 0.268385 -1.051951 4.643368 -2.278865
0.247000 0.571322 -0.126281 0.197236 -0.810265 0.817464 0.266094 -1.010987 4.621201 -2.301418
0.248000 0.570512 -0.125462 0.197501 -0.811255 0.822074 0.263782 -0.970113 4.598418 -2.323781
0.249000 0.569700 -0.124637 0.197764 -0.812205 0.826661 0.261447 -0.929246 4.575050 -2.345994
0.250000 0.568887 -0.123808 0.198024 -0.813114 0.831224 0.259090 -0.888481 4.551348 -2.368042
0.251000 0.568074 -0.122975 0.198282 -0.813982 0.835763 0.256711 -0.847735 4.527342 -2.389955
0.252000 0.567259 -0.122137 0.198538 -0.814809 0.840278 0.254310 -0.806766 4.502833 -2.411790
0.253000 0.566444 -0.121294 0.198791 -0.815596 0.844769 0.251887 -0.765539 4.477796 -2.433504
0.254000 0.565628 -0.120447 0.199041 -0.816340 0.849234 0.249443 -0.724257 4.452436 -2.454956
0.255000 0.564811 -0.119596 0.199290 -0.817044 0.853674 0.246977 -0.683115 4.426912 -2.476039
0.256000 0.563994 -0.118740 0.199535 -0.817707 0.858088 0.244491 -0.642291 4.401302 -2.496705
0.257000 0.563176 -0.117880 0.199779 -0.818329 0.862476 0.241984 -0.601952 4.375638 -2.516936
0.258000 0.562357 -0.117015 0.200019 -0.818911 0.866839 0.239457 -0.562036 4.349748 -2.536779
0.259000 0.561538 -0.116146 0.200257 -0.819453 0.871176 0.236910 -0.522296 4.323371 -2.556326
0.260000 0.560718 -0.115273 0.200493 -0.819955 0.875486 0.234344 -0.482668 4.296544 -2.575618
0.261000 0.559898 -0.114395 0.200726 -0.820418 0.879769 0.231759 -0.443270 4.269536 -2.594647
0.262000 0.559078 -0.113513 0.200957 -0.820842 0.884025 0.229155 -0.404040 4.242386 -2.613444
0.263000 0.558256 -0.112627 0.201184 -0.821226 0.888254 0.226532 -0.364739 4.214888 -2.632061
0.264000 0.557435 -0.111736 0.201410 -0.821571 0.892455 0.223891 -0.325326 4.187025 -2.650452
0.265000 0.556613 -0.110842 0.201632 -0.821877 0.896628 0.221231 -0.285953 4.158983 -2.668498
0.266000 0.555791 -0.109943 0.201852 -0.822143 0.900773 0.218554 -0.246579 4.130722 -2.686148
0.267000 0.554969 -0.109040 0.202069 -0.822370 0.904889 0.215859 -0.206962 4.101939 -2.703444
0.268000 0.554147 -0.108133 0.202284 -0.822557 0.908977 0.213147 -0.167039 4.072442 -2.720401
0.269000 0.553324 -0.107222 0.202496 -0.822704 0.913034 0.210418 -0.126970 4.042256 -2.736981
0.270000 0.552501 -0.106307 0.202705 -0.822811 0.917061 0.207673 -0.086920 4.011477 -2.753151
0.271000 0.551678 -0.105388 0.202911 -0.822878 0.921057 0.204912 -0.047048 3.980336 -2.768889
0.272000 0.550855 -0.104465 0.203114 -0.822905 0.925022 0.202135 -0.007518 3.949134 -2.784181
0.273000 0.550032 -0.103538 0.203315 -0.822893 0.928955 0.199344 0.031737 3.917896 -2.799058
0.274000 0.549210 -0.102607 0.203513 -0.822842 0.932858 0.196537 0.070957 3.886402 -2.813560
0.275000 0.548387 -0.101673 0.203708 -0.822751 0.936728 0.193716 0.110186 3.854643 -2.827643
0.276000 0.547564 -0.100734 0.203901 -0.822621 0.940567 0.190882 0.149272 3.822829 -2.841190
0.277000 0.546742 -0.099791 0.204090 -0.822452 0.944374 0.188034 0.188259 3.790933 -2.854151
0.278000 0.545919 -0.098845 0.204277 -0.822245 0.948149 0.185174 0.227386 3.758637 -2.866568
0.279000 0.545097 -0.097895 0.204460 -0.821998 0.951891 0.182301 0.266720 3.725737 -2.878479
0.280000 0.544275 -0.096941 0.204641 -0.821711 0.955600 0.179417 0.306097 3.692254 -2.889885
0.281000 0.543454 -0.095984 0.204819 -0.821385 0.959276 0.176521 0.345355 3.658287 -2.900784
0.282000 0.542632 -0.095023 0.204994 -0.821021 0.962917 0.173615 0.384330 3.624086 -2.911171
0.283000 0.541812 -0.094058 0.205166 -0.820617 0.966524 0.170699 0.422860 3.589983 -2.921036
0.284000 0.540991 -0.093090 0.205336 -0.820175 0.970097 0.167773 0.461008 3.556014 -2.930410
0.285000 0.540171 -0.092118 0.205502 -0.819695 0.973636 0.164838 0.499026 3.521948 -2.939335
0.286000 0.539352 -0.091142 0.205665 -0.819177 0.977141 0.161894 0.536976 3.487766 -2.947785
0.287000 0.538533 -0.090164 0.205826 -0.818621 0.980611 0.158942 0.574740 3.453674 -2.955683
0.288000 0.537715 -0.089181 0.205983 -0.818027 0.984048 0.155983 0.612380 3.419630 -2.962998
0.289000 0.536897 -0.088196 0.206138 -0.817396 0.987451 0.153016 0.650132 3.385299 -2.969774
0.290000 0.536080 -0.087206 0.206289 -0.816727 0.990819 0.150043 0.688034 3.350467 -2.976045
0.291000 0.535263 -0.086214 0.206438 -0.816020 0.994151 0.147064 0.725930 3.315088 -2.981824
0.292000 0.534448 -0.085218 0.206583 -0.815275 0.997449 0.144080 0.763857 3.278945 -2.987145
0.293000 0.533633 -0.084219 0.206726 -0.814492 1.000709 0.141090 0.802061 3.241721 -2.992058
0.294000 0.532819 -0.083217 0.206866 -0.813671 1.003932 0.138096 0.840623 3.203432 -2.996567
0.295000 0.532006 -0.082211 0.207002 -0.812811 1.007116 0.135097 0.879408 3.164420 -3.000631
0.296000 0.531193 -0.081202 0.207136 -0.811912 1.010261 0.132094 0.918258 3.125015 -3.004203
0.297000 0.530382 -0.080191 0.207266 -0.810975 1.013366 0.129088 0.956986 3.085529 -3.007236
0.298000 0.529571 -0.079176 0.207394 -0.809998 1.016432 0.126080 0.995387 3.046264 -3.009678
0.299000 0.528762 -0.078158 0.207519 -0.808984 1.019459 0.123069 1.033490 3.007195 -3.011522
0.300000 0.527953 -0.077137 0.207640 -0.807931 1.022446 0.120057 1.071524 2.967982 -3.012807
0.301000 0.527146 -0.076113 0.207759 -0.806841 1.025395 0.117044 1.109541 2.928407 -3.013566
0.302000 0.526340 -0.075086 0.207874 -0.805712 1.028303 0.114030 1.147410 2.888423 -3.013813
0.303000 0.525534 -0.074056 0.207987 -0.804546 1.031172 0.111016 1.185184 2.847810 -3.013578
0.304000 0.524730 -0.073024 0.208096 -0.803342 1.033999 0.108003 1.223108 2.806247 -3.012898
0.305000 0.523928 -0.071988 0.208203 -0.802100 1.036784 0.104990 1.261255 2.763770 -3.011773
0.306000 0.523126 -0.070950 0.208306 -0.800819 1.039526 0.101979 1.299479 2.720759 -3.010167
0.307000 0.522326 -0.069909 0.208407 -0.799501 1.042226 0.098970 1.337621 2.677574 -3.008047
0.308000 0.521527 -0.068866 0.208504 -0.798144 1.044882 0.095963 1.375509 2.634541 -3.005394
0.309000 0.520730 -0.067819 0.208599 -0.796750 1.047495 0.092959 1.412958 2.591966 -3.002195
0.310000 0.519934 -0.066771 0.208690 -0.795318 1.050066 0.089959 1.450011 2.549825 -2.998462
0.311000 0.519139 -0.065719 0.208779 -0.793850 1.052594 0.086962 1.486882 2.507766 -2.994232
0.312000 0.518346 -0.064665 0.208864 -0.792344 1.055081 0.083970 1.523586 2.465569 -2.989536
0.313000 0.517554 -0.063609 0.208946 -0.790803 1.057525 0.080983 1.559943 2.423192 -2.984389
0.314000 0.516764 -0.062550 0.209026 -0.789224 1.059927 0.078001 1.595968 2.380412 -2.978816
0.315000 0.515976 -0.061489 0.209102 -0.787611 1.062286 0.075025 1.631891 2.336903 -2.972843
0.316000 0.515189 -0.060426 0.209176 -0.785961 1.064601 0.072056 1.667796 2.292698 -2.966464
0.317000 0.514404 -0.059360 0.209247 -0.784275 1.066872 0.069092 1.703598 2.248122 -2.959650
0.318000 0.513621 -0.058292 0.209314 -0.782554 1.069097 0.066136 1.739383 2.203220 -2.952389
0.319000 0.512839 -0.057222 0.209379 -0.780796 1.071278 0.063188 1.775393 2.157746 -2.944697
0.320000 0.512059 -0.056150 0.209441 -0.779003 1.073413 0.060247 1.811684 2.111695 -2.936579
0.321000 0.511281 -0.055075 0.209499 -0.777173 1.075502 0.057314 1.848088 2.065365 -2.928028
0.322000 0.510505 -0.053999 0.209555 -0.775307 1.077544 0.054391 1.884423 2.018983 -2.919038
0.323000 0.509730 -0.052920 0.209608 -0.773404 1.079539 0.051476 1.920494 1.972651 -2.909618
0.324000 0.508958 -0.051839 0.209658 -0.771466 1.081489 0.048572 1.956093 1.926405 -2.899783
0.325000 0.508187 -0.050757 0.209705 -0.769492 1.083392 0.045677 1.991239 1.880024 -2.889552
0.326000 0.507419 -0.049673 0.209750 -0.767483 1.085249 0.042793 2.026144 1.833179 -2.878940
0.327000 0.506652 -0.048586 0.209791 -0.765440 1.087059 0.039919 2.060846 1.785909 -2.867938
0.328000 0.505888 -0.047499 0.209829 -0.763361 1.088821 0.037057 2.095210 1.738549 -2.856519
0.329000 0.505126 -0.046409 0.209865 -0.761249 1.090536 0.034206 2.129276 1.691151 -2.844668
0.330000 0.504366 -0.045317 0.209898 -0.759103 1.092203 0.031367 2.163264 1.643468 -2.832401
0.331000 0.503608 -0.044224 0.209928 -0.756923 1.093823 0.028541 2.197236 1.595502 -2.819746
0.332000 0.502852 -0.043130 0.209955 -0.754708 1.095394 0.025728 2.231035 1.547564 -2.806731
0.333000 0.502098 -0.042034 0.209979 -0.752461 1.096918 0.022928 2.264496 1.499900 -2.793384
0.334000 0.501347 -0.040936 0.210001 -0.750179 1.098394 0.020141 2.297434 1.452628 -2.779729
0.335000 0.500598 -0.039837 0.210019 -0.747866 1.099823 0.017368 2.329656 1.405799 -2.765785
0.336000 0.499851 -0.038736 0.210035 -0.745520 1.101206 0.014609 2.361187 1.359203 -2.751570
0.337000 0.499107 -0.037634 0.210049 -0.743143 1.102541 0.011865 2.392234 1.312500 -2.737090
0.338000 0.498365 -0.036531 0.210059 -0.740736 1.103831 0.009135 2.422840 1.265716 -2.722330
0.339000 0.497625 -0.035427 0.210067 -0.738298 1.105073 0.006420 2.452879 1.219168 -2.707269
0.340000 0.496888 -0.034321 0.210072 -0.735830 1.106269 0.003721 2.482393 1.172895 -2.691888
0.341000 0.496154 -0.033214 0.210074 -0.733333 1.107419 0.001037 2.511601 1.126643 -2.676194
0.342000 0.495422 -0.032106 0.210074 -0.730807 1.108522 -0.001632 2.540564 1.080424 -2.660212
0.343000 0.494692 -0.030997 0.210071 -0.728252 1.109580 -0.004284 2.569181 1.034519 -2.643977
0.344000 0.493965 -0.029887 0.210066 -0.725668 1.110591 -0.006920 2.597505 0.988919 -2.627512
0.345000 0.493241 -0.028776 0.210057 -0.723057 1.111557 -0.009539 2.625737 0.943265 -2.610833
0.346000 0.492519 -0.027664 0.210046 -0.720417 1.112478 -0.012141 2.653877 0.897334 -2.593958
0.347000 0.491800 -0.026551 0.210033 -0.717749 1.113352 -0.014727 2.681705 0.851168 -2.576909
0.348000 0.491083 -0.025437 0.210017 -0.715053 1.114180 -0.017295 2.709013 0.804900 -2.559689
0.349000 0.490370 -0.024323 0.209998 -0.712331 1.114962 -0.019846 2.735623 0.758832 -2.542266
0.350000 0.489659 -0.023207 0.209977 -0.709582 1.115698 -0.022380 2.761371 0.713357 -2.524591
0.351000 0.488951 -0.022091 0.209954 -0.706808 1.116389 -0.024895 2.786299 0.668527 -2.506622
0.352000 0.488245 -0.020975 0.209927 -0.704010 1.117035 -0.027393 2.810630 0.624079 -2.488357
0.353000 0.487543 -0.019857 0.209899 -0.701187 1.117637 -0.029872 2.834449 0.579992 -2.469845
0.354000 0.486843 -0.018739 0.209868 -0.698341 1.118195 -0.032333 2.857692 0.536501 -2.451160
0.355000 0.486146 -0.017621 0.209834 -0.695471 1.118710 -0.034774 2.880439 0.493567 -2.432351
0.356000 0.485452 -0.016502 0.209798 -0.692580 1.119182 -0.037197 2.902889 0.450823 -2.413425
0.357000 0.484761 -0.015382 0.209760 -0.689666 1.119611 -0.039601 2.925043 0.408061 -2.394378
0.358000 0.484072 -0.014263 0.209719 -0.686730 1.119998 -0.041986 2.946725 0.365278 -2.375206
0.359000 0.483387 -0.013142 0.209676 -0.683772 1.120342 -0.044352 2.967928 0.322270 -2.355895
0.360000 0.482705 -0.012022 0.209630 -0.680794 1.120643 -0.046698 2.988833 0.278700 -2.336412
0.361000 0.482026 -0.010901 0.209582 -0.677795 1.120899 -0.049024 3.009473 0.234601 -2.316716
0.362000 0.481349 -0.009780 0.209532 -0.674775 1.121112 -0.051331 3.029695 0.190376 -2.296768
0.363000 0.480676 -0.008659 0.209480 -0.671735 1.121280 -0.053618 3.049356 0.146399 -2.276570
0.364000 0.480006 -0.007538 0.209425 -0.668676 1.121405 -0.055884 3.068342 0.103002 -2.256198
0.365000 0.479339 -0.006416 0.209368 -0.665599 1.121486 -0.058130 3.086555 0.060488 -2.235769
0.366000 0.478675 -0.005295 0.209309 -0.662503 1.121526 -0.060356 3.104067 0.018814 -2.215359
0.367000 0.478014 -0.004173 0.209247 -0.659390 1.121524 -0.062561 3.121067 -0.022377 -2.194981
0.368000 0.477356 -0.003052 0.209184 -0.656261 1.121481 -0.064746 3.137552 -0.063271 -2.174634
0.369000 0.476701 -0.001930 0.209118 -0.653115 1.121397 -0.066910 3.153347 -0.103839 -2.154326
0.370000 0.476050 -0.000809 0.209050 -0.649954 1.121273 -0.069055 3.168442 -0.144265 -2.134042
0.371000 0.475401 0.000312 0.208980 -0.646778 1.121109 -0.071178 3.183013 -0.184896 -2.113738
0.372000 0.474756 0.001433 0.208907 -0.643588 1.120903 -0.073282 3.197116 -0.225751 -2.093348
0.373000 0.474114 0.002554 0.208833 -0.640384 1.120657 -0.075365 3.210666 -0.266561 -2.072802
0.374000 0.473475 0.003675 0.208757 -0.637167 1.120370 -0.077428 3.223719 -0.307332 -2.052038
0.375000 0.472840 0.004795 0.208678 -0.633937 1.120042 -0.079469 3.236479 -0.348352 -2.031042
0.376000 0.472207 0.005915 0.208598 -0.630694 1.119674 -0.081490 3.249020 -0.389648 -2.009891
0.377000 0.471578 0.007034 0.208515 -0.627439 1.119263 -0.083489 3.261241 -0.430930 -1.988714
0.378000 0.470953 0.008153 0.208431 -0.624171 1.118812 -0.085467 3.273008 -0.471946 -1.967603
0.379000 0.470330 0.009272 0.208344 -0.620893 1.118319 -0.087424 3.284142 -0.512524 -1.946588
0.380000 0.469711 0.010390 0.208256 -0.617603 1.117787 -0.089360 3.294434 -0.552531 -1.925664
0.381000 0.469095 0.011507 0.208166 -0.614304 1.117214 -0.091276 3.303866 -0.592121 -1.904797
0.382000 0.468482 0.012624 0.208073 -0.610995 1.116602 -0.093170 3.312599 -0.631629 -1.883930
0.383000 0.467873 0.013741 0.207979 -0.607679 1.115951 -0.095043 3.320683 -0.671066 -1.863002
0.384000 0.467267 0.014856 0.207883 -0.604354 1.115260 -0.096896 3.328031 -0.710160 -1.841954
0.385000 0.466664 0.015971 0.207786 -0.601023 1.114531 -0.098727 3.334694 -0.748914 -1.820730
0.386000 0.466065 0.017085 0.207686 -0.597685 1.113762 -0.100537 3.340871 -0.787619 -1.799304
0.387000 0.465469 0.018199 0.207584 -0.594341 1.112955 -0.102326 3.346653 -0.826323 -1.777735
0.388000 0.464876 0.019311 0.207481 -0.590991 1.112110 -0.104093 3.352010 -0.864821 -1.756128
0.389000 0.464287 0.020423 0.207376 -0.587637 1.111226 -0.105838 3.357024 -0.903169 -1.734540
0.390000 0.463701 0.021534 0.207270 -0.584277 1.110303 -0.107562 3.361872 -0.941717 -1.712961
0.391000 0.463118 0.022644 0.207161 -0.580913 1.109342 -0.109264 3.366560 -0.980615 -1.691374
0.392000 0.462539 0.023752 0.207051 -0.577544 1.108342 -0.110945 3.370908 -1.019723 -1.669776
0.393000 0.461963 0.024860 0.206939 -0.574171 1.107303 -0.112604 3.374752 -1.058858 -1.648147
0.394000 0.461391 0.025967 0.206826 -0.570795 1.106224 -0.114241 3.377955 -1.097757 -1.626435
0.395000 0.460822 0.027073 0.206711 -0.567415 1.105107 -0.115856 3.380393 -1.136117 -1.604567
0.396000 0.460256 0.028177 0.206594 -0.564034 1.103952 -0.117450 3.382107 -1.173954 -1.582470
0.397000 0.459693 0.029281 0.206476 -0.560651 1.102759 -0.119021 3.383282 -1.211562 -1.560123
0.398000 0.459135 0.030383 0.206356 -0.557267 1.101529 -0.120570 3.383999 -1.248979 -1.537616
0.399000 0.458579 0.031484 0.206235 -0.553883 1.100262 -0.122097 3.384225 -1.285988 -1.515104
0.400000 0.458027 0.032583 0.206112 -0.550499 1.098957 -0.123601 3.384036 -1.322636 -1.492677
0.401000 0.457478 0.033682 0.205988 -0.547115 1.097616 -0.125082 3.383603 -1.359259 -1.470329
0.402000 0.456933 0.034779 0.205862 -0.543732 1.096239 -0.126541 3.382948 -1.395997 -1.448029
0.403000 0.456391 0.035874 0.205734 -0.540349 1.094824 -0.127978 3.381925 -1.432697 -1.425758
0.404000 0.455852 0.036968 0.205606 -0.536968 1.093373 -0.129393 3.380396 -1.469175 -1.403491
0.405000 0.455317 0.038061 0.205476 -0.533588 1.091886 -0.130785 3.378232 -1.505179 -1.381183
0.406000 0.454785 0.039152 0.205344 -0.530211 1.090363 -0.132155 3.375311 -1.540426 -1.358781
0.407000 0.454256 0.040242 0.205211 -0.526838 1.088805 -0.133503 3.371667 -1.574948 -1.336222
0.408000 0.453731 0.041330 0.205077 -0.523468 1.087213 -0.134828 3.367477 -1.609053 -1.313478
0.409000 0.453209 0.042416 0.204942 -0.520103 1.085587 -0.136130 3.362841 -1.642819 -1.290626
0.410000 0.452691 0.043501 0.204805 -0.516742 1.083927 -0.137409 3.357758 -1.676081 -1.267806
0.411000 0.452176 0.044584 0.204667 -0.513387 1.082235 -0.138665 3.352317 -1.708918 -1.245096
0.412000 0.451664 0.045665 0.204528 -0.510038 1.080510 -0.139899 3.346675 -1.741662 -1.222483
0.413000 0.451156 0.046745 0.204387 -0.506694 1.078751 -0.141110 3.340820 -1.774413 -1.199946
0.414000 0.450651 0.047823 0.204245 -0.503356 1.076961 -0.142299 3.334602 -1.807034 -1.177486
0.415000 0.450149 0.048899 0.204102 -0.500025 1.075137 -0.143465 3.328000 -1.839621 -1.155068
0.416000 0.449651 0.049973 0.203958 -0.496700 1.073281 -0.144609 3.321147 -1.872499 -1.132616
0.417000 0.449156 0.051045 0.203813 -0.493382 1.071392 -0.145730 3.314089 -1.905737 -1.110045
0.418000 0.448664 0.052116 0.203667 -0.490072 1.069470 -0.146829 3.306740 -1.939097 -1.087298
0.419000 0.448175 0.053184 0.203520 -0.486769 1.067514 -0.147905 3.299028 -1.972334 -1.064362
0.420000 0.447690 0.054251 0.203371 -0.483474 1.065525 -0.148958 3.290911 -2.005207 -1.041320
0.421000 0.447208 0.055315 0.203222 -0.480187 1.063504 -0.149988 3.282357 -2.037470 -1.018301
0.422000 0.446730 0.056378 0.203071 -0.476909 1.061450 -0.150994 3.273450 -2.069182 -0.995373
0.423000 0.446255 0.057438 0.202920 -0.473640 1.059365 -0.151978 3.264342 -2.100655 -0.972521
0.424000 0.445783 0.058497 0.202767 -0.470380 1.057249 -0.152939 3.255037 -2.131969 -0.949740
0.425000 0.445314 0.059553 0.202614 -0.467130 1.055101 -0.153878 3.245417 -2.162966 -0.927049
0.426000 0.444848 0.060607 0.202459 -0.463890 1.052923 -0.154794 3.235481 -2.193722 -0.904433
0.427000 0.444386 0.061659 0.202304 -0.460659 1.050714 -0.155687 3.225356 -2.224552 -0.881823
0.428000 0.443927 0.062708 0.202148 -0.457439 1.048474 -0.156557 3.215081 -2.255527 -0.859152
0.429000 0.443471 0.063755 0.201991 -0.454229 1.046203 -0.157405 3.204593 -2.286482 -0.836370
0.430000 0.443019 0.064801 0.201833 -0.451030 1.043901 -0.158230 3.193935 -2.317487 -0.813416
0.431000 0.442569 0.065843 0.201675 -0.447841 1.041568 -0.159032 3.183271 -2.348857 -0.790259
0.432000 0.442123 0.066884 0.201515 -0.444663 1.039203 -0.159810 3.172708 -2.380682 -0.766978
0.433000 0.441680 0.067922 0.201355 -0.441496 1.036807 -0.160566 3.162246 -2.412759 -0.743734
0.434000 0.441240 0.068957 0.201194 -0.438339 1.034378 -0.161298 3.151848 -2.444877 -0.720649
0.435000 0.440803 0.069990 0.201032 -0.435192 1.031917 -0.162007 3.141411 -2.476807 -0.697788
0.436000 0.440370 0.071021 0.200870 -0.432056 1.029424 -0.162693 3.130797 -2.508307 -0.675177
0.437000 0.439939 0.072049 0.200707 -0.428930 1.026900 -0.163357 3.119996 -2.539432 -0.652791
0.438000 0.439512 0.073075 0.200543 -0.425816 1.024345 -0.163999 3.109110 -2.570480 -0.630553
0.439000 0.439087 0.074098 0.200379 -0.422712 1.021759 -0.164619 3.098147 -2.601523 -0.608387
0.440000 0.438666 0.075118 0.200214 -0.419620 1.019142 -0.165216 3.087010 -2.632405 -0.586237
0.441000 0.438248 0.076136 0.200049 -0.416538 1.016495 -0.165791 3.075708 -2.663193 -0.564033
0.442000 0.437833 0.077151 0.199883 -0.413468 1.013816 -0.166344 3.064385 -2.694187 -0.541736
0.443000 0.437421 0.078164 0.199716 -0.410409 1.011106 -0.166874 3.053138 -2.725451 -0.519419
0.444000 0.437012 0.079174 0.199549 -0.407362 1.008365 -0.167383 3.041968 -2.756757 -0.497235
0.445000 0.436607 0.080181 0.199381 -0.404325 1.005593 -0.167869 3.030829 -2.787865 -0.475313
0.446000 0.436204 0.081185 0.199213 -0.401300 1.002789 -0.168333 3.019597 -2.818517 -0.453732
0.447000 0.435804 0.082186 0.199044 -0.398286 0.999956 -0.168776 3.008102 -2.848445 -0.432550
0.448000 0.435407 0.083185 0.198875 -0.395284 0.997092 -0.169198 2.996304 -2.877677 -0.411759
0.449000 0.435013 0.084180 0.198706 -0.392294 0.994200 -0.169600 2.984293 -2.906504 -0.391288
0.450000 0.434623 0.085173 0.198536 -0.389315 0.991279 -0.169981 2.972095 -2.935019 -0.371057
0.451000 0.434235 0.086163 0.198366 -0.386349 0.988330 -0.170342 2.959648 -2.963104 -0.351003
0.452000 0.433850 0.087150 0.198196 -0.383396 0.985353 -0.170683 2.946982 -2.990852 -0.331053
0.453000 0.433468 0.088134 0.198025 -0.380456 0.982348 -0.171004 2.934238 -3.018572 -0.311162
0.454000 0.433089 0.089115 0.197854 -0.377528 0.979316 -0.171305 2.921510 -3.046353 -0.291398
0.455000 0.432713 0.090092 0.197682 -0.374613 0.976256 -0.171587 2.908829 -3.074062 -0.271902
0.456000 0.432340 0.091067 0.197510 -0.371710 0.973168 -0.171849 2.896282 -3.101782 -0.252745
0.457000 0.431969 0.092039 0.197338 -0.368820 0.970052 -0.172092 2.883988 -3.129798 -0.233913
0.458000 0.431602 0.093007 0.197166 -0.365942 0.966908 -0.172317 2.871934 -3.158162 -0.215407
0.459000 0.431238 0.093972 0.196994 -0.363076 0.963736 -0.172523 2.859981 -3.186643 -0.197269
0.460000 0.430876 0.094935 0.196821 -0.360222 0.960535 -0.172712 2.848006 -3.215024 -0.179526
0.461000 0.430517 0.095894 0.196648 -0.357380 0.957306 -0.172882 2.835912 -3.243117 -0.162171
0.462000 0.430161 0.096849 0.196475 -0.354550 0.954049 -0.173036 2.823617 -3.270746 -0.145184
0.463000 0.429808 0.097802 0.196302 -0.351733 0.950764 -0.173173 2.811148 -3.297998 -0.128512
0.464000 0.429458 0.098751 0.196129 -0.348928 0.947453 -0.173293 2.798633 -3.325157 -0.112120
0.465000 0.429110 0.099697 0.195956 -0.346136 0.944114 -0.173397 2.786165 -3.352281 -0.096075
0.466000 0.428765 0.100639 0.195782 -0.343356 0.940748 -0.173485 2.773776 -3.379203 -0.080514
0.467000 0.428423 0.101578 0.195609 -0.340588 0.937356 -0.173558 2.761550 -3.405970 -0.065507
0.468000 0.428084 0.102514 0.195435 -0.337833 0.933936 -0.173616 2.749597 -3.432834 -0.051038
0.469000 0.427748 0.103446 0.195262 -0.335089 0.930490 -0.173660 2.737900 -3.459811 -0.037107
0.470000 0.427414 0.104375 0.195088 -0.332357 0.927017 -0.173690 2.726327 -3.486638 -0.023755
0.471000 0.427083 0.105300 0.194914 -0.329636 0.923517 -0.173708 2.714759 -3.513084 -0.011006
0.472000 0.426755 0.106222 0.194740 -0.326927 0.919991 -0.173712 2.703105 -3.538975 0.001145
0.473000 0.426429 0.107140 0.194567 -0.324230 0.916439 -0.173705 2.691290 -3.564168 0.012722
0.474000 0.426106 0.108055 0.194393 -0.321545 0.912862 -0.173687 2.679335 -3.588767 0.023777
0.475000 0.425786 0.108966 0.194219 -0.318871 0.909261 -0.173658 2.667351 -3.613073 0.034358
0.476000 0.425469 0.109873 0.194046 -0.316210 0.905636 -0.173618 2.655402 -3.637186 0.044423
0.477000 0.425154 0.110777 0.193872 -0.313560 0.901987 -0.173569 2.643491 -3.661004 0.053870
0.478000 0.424841 0.111677 0.193699 -0.310923 0.898314 -0.173510 2.631676 -3.684615 0.062655
0.479000 0.424532 0.112574 0.193525 -0.308297 0.894618 -0.173444 2.620046 -3.708285 0.070814
0.480000 0.424225 0.113466 0.193352 -0.305683 0.890897 -0.173369 2.608583 -3.732048 0.078377
0.481000 0.423920 0.114355 0.193178 -0.303080 0.887154 -0.173287 2.597178 -3.755720 0.085341
0.482000 0.423619 0.115241 0.193005 -0.300488 0.883386 -0.173198 2.585804 -3.779332 0.091741
0.483000 0.423320 0.116122 0.192832 -0.297908 0.879595 -0.173103 2.574544 -3.803154 0.097655
0.484000 0.423023 0.117000 0.192659 -0.295339 0.875780 -0.173003 2.563437 -3.827305 0.103141
0.485000 0.422729 0.117874 0.192486 -0.292781 0.871940 -0.172897 2.552469 -3.851722 0.108232
0.486000 0.422437 0.118744 0.192313 -0.290234 0.868076 -0.172786 2.541681 -3.876522 0.112980
0.487000 0.422148 0.119610 0.192140 -0.287698 0.864187 -0.172671 2.531186 -3.902003 0.117433
0.488000 0.421862 0.120472 0.191968 -0.285172 0.860272 -0.172551 2.521046 -3.928273 0.121546
0.489000 0.421578 0.121330 0.191795 -0.282656 0.856331 -0.172428 2.511248 -3.955205 0.125209
0.490000 0.421297 0.122185 0.191623 -0.280150 0.852362 -0.172301 2.501754 -3.982641 0.128334
0.491000 0.421018 0.123035 0.191451 -0.277653 0.848365 -0.172171 2.492475 -4.010372 0.130881
0.492000 0.420741 0.123881 0.191279 -0.275165 0.844341 -0.172039 2.483297 -4.038162 0.132833
0.493000 0.420467 0.124724 0.191107 -0.272686 0.840289 -0.171906 2.474193 -4.066028 0.134225
0.494000 0.420196 0.125562 0.190935 -0.270216 0.836209 -0.171771 2.465238 -4.094230 0.135131
0.495000 0.419927 0.126396 0.190763 -0.267755 0.832101 -0.171635 2.456473 -4.122897 0.135609
0.496000 0.419660 0.127226 0.190591 -0.265303 0.827963 -0.171500 2.447875 -4.151948 0.135678
0.497000 0.419396 0.128052 0.190420 -0.262860 0.823797 -0.171364 2.439418 -4.181289 0.135332
0.498000 0.419135 0.128874 0.190249 -0.260424 0.819601 -0.171229 2.431074 -4.210807 0.134518
0.499000 0.418876 0.129691 0.190078 -0.257998 0.815375 -0.171095 2.422812 -4.240377 0.133159
0.500000 0.418619 0.130505 0.189907 -0.255579 0.811120 -0.170963 2.414664 -4.270084 0.131236
0.501000 0.418364 0.131314 0.189736 -0.253168 0.806835 -0.170832 2.406697 -4.300158 0.128791
0.502000 0.418112 0.132118 0.189565 -0.250765 0.802520 -0.170705 2.398890 -4.330605 0.125853
0.503000 0.417863 0.132919 0.189394 -0.248370 0.798174 -0.170581 2.391136 -4.361185 0.122412
0.504000 0.417616 0.133715 0.189224 -0.245983 0.793797 -0.170460 2.383354 -4.391702 0.118478
0.505000 0.417371 0.134506 0.189053 -0.243604 0.789390 -0.170344 2.375502 -4.422051 0.114088
0.506000 0.417128 0.135293 0.188883 -0.241232 0.784953 -0.170232 2.367565 -4.452172 0.109298
0.507000 0.416888 0.136076 0.188713 -0.238869 0.780486 -0.170125 2.359589 -4.482207 0.104190
0.508000 0.416651 0.136854 0.188543 -0.236513 0.775989 -0.170024 2.351677 -4.512461 0.098846
0.509000 0.416415 0.137628 0.188373 -0.234165 0.771461 -0.169928 2.343895 -4.543092 0.093302
0.510000 0.416182 0.138397 0.188203 -0.231825 0.766903 -0.169837 2.336255 -4.574065 0.087545
0.511000 0.415952 0.139162 0.188033 -0.229493 0.762313 -0.169752 2.328750 -4.605312 0.081573
0.512000 0.415723 0.139922 0.187863 -0.227168 0.757692 -0.169674 2.321339 -4.636717 0.075398
0.513000 0.415497 0.140677 0.187694 -0.224850 0.753039 -0.169602 2.313952 -4.668096 0.069035
0.514000 0.415274 0.141428 0.187524 -0.222540 0.748356 -0.169536 2.306532 -4.699324 0.062519
0.515000 0.415052 0.142174 0.187355 -0.220237 0.743641 -0.169477 2.299038 -4.730316 0.055896
0.516000 0.414833 0.142915 0.187185 -0.217942 0.738895 -0.169424 2.291434 -4.761009 0.049223
0.517000 0.414616 0.143652 0.187016 -0.215654 0.734119 -0.169378 2.283744 -4.791526 0.042581
0.518000 0.414402 0.144383 0.186847 -0.213374 0.729312 -0.169339 2.276048 -4.822126 0.036053
0.519000 0.414190 0.145110 0.186677 -0.211102 0.724475 -0.169306 2.268389 -4.852897 0.029672
0.520000 0.413980 0.145832 0.186508 -0.208837 0.719606 -0.169280 2.260756 -4.883723 0.023423
0.521000 0.413772 0.146550 0.186339 -0.206581 0.714707 -0.169259 2.253121 -4.914467 0.017293
0.522000 0.413567 0.147262 0.186169 -0.204331 0.709777 -0.169245 2.245421 -4.944956 0.011269
0.523000 0.413363 0.147969 0.186000 -0.202090 0.704817 -0.169237 2.237573 -4.974995 0.005337
0.524000 0.413162 0.148671 0.185831 -0.199856 0.699827 -0.169234 2.229563 -5.004603 -0.000471
0.525000 0.412964 0.149369 0.185662 -0.197631 0.694808 -0.169238 2.221455 -5.034017 -0.006071
0.526000 0.412767 0.150061 0.185492 -0.195413 0.689759 -0.169246 2.213300 -5.063389 -0.011384
0.527000 0.412573 0.150748 0.185323 -0.193204 0.684681 -0.169260 2.205112 -5.092714 -0.016354
0.528000 0.412381 0.151430 0.185154 -0.191003 0.679574 -0.169279 2.196889 -5.121973 -0.020945
0.529000 0.412191 0.152107 0.184985 -0.188810 0.674437 -0.169302 2.188616 -5.151126 -0.025150
0.530000 0.412003 0.152779 0.184815 -0.186626 0.669272 -0.169329 2.180255 -5.180085 -0.028984
0.531000 0.411818 0.153446 0.184646 -0.184450 0.664077 -0.169360 2.171774 -5.208769 -0.032439
0.532000 0.411634 0.154107 0.184477 -0.182282 0.658854 -0.169394 2.163140 -5.237063 -0.035478
0.533000 0.411453 0.154764 0.184307 -0.180123 0.653603 -0.169431 2.154318 -5.264831 -0.038047
0.534000 0.411274 0.155415 0.184138 -0.177974 0.648324 -0.169470 2.145322 -5.292120 -0.040061
0.535000 0.411097 0.156060 0.183968 -0.175833 0.643019 -0.169511 2.136215 -5.319157 -0.041416
0.536000 0.410922 0.156701 0.183799 -0.173701 0.637686 -0.169553 2.127032 -5.346075 -0.042029
0.537000 0.410750 0.157336 0.183629 -0.171579 0.632327 -0.169595 2.117765 -5.372855 -0.041845
0.538000 0.410579 0.157965 0.183460 -0.169466 0.626940 -0.169637 2.108416 -5.399474 -0.040827
0.539000 0.410411 0.158590 0.183290 -0.167362 0.621528 -0.169677 2.098998 -5.425903 -0.038967
0.540000 0.410244 0.159208 0.183120 -0.165268 0.616089 -0.169715 2.089530 -5.452108 -0.036275
0.541000 0.410080 0.159822 0.182950 -0.163183 0.610623 -0.169750 2.080062 -5.478196 -0.032720
0.542000 0.409918 0.160430 0.182781 -0.161107 0.605132 -0.169780 2.070653 -5.504367 -0.028228
0.543000 0.409758 0.161032 0.182611 -0.159041 0.599615 -0.169806 2.061300 -5.530649 -0.022744
0.544000 0.409600 0.161629 0.182441 -0.156985 0.594071 -0.169826 2.051949 -5.556886 -0.016246
0.545000 0.409444 0.162220 0.182271 -0.154938 0.588501 -0.169839 2.042560 -5.582962 -0.008711
0.546000 0.409290 0.162806 0.182101 -0.152900 0.582905 -0.169843 2.033122 -5.608832 -0.000117
0.547000 0.409138 0.163386 0.181932 -0.150871 0.577283 -0.169839 2.023631 -5.634455 0.009550
0.548000 0.408988 0.163960 0.181762 -0.148852 0.571636 -0.169824 2.014093 -5.659806 0.020291
0.549000 0.408840 0.164529 0.181592 -0.146843 0.565964 -0.169798 2.004511 -5.684822 0.032079
0.550000 0.408695 0.165092 0.181422 -0.144843 0.560266 -0.169760 1.994886 -5.709419 0.044868
0.551000 0.408551 0.165650 0.181252 -0.142853 0.554545 -0.169708 1.985251 -5.733652 0.058662
0.552000 0.408409 0.166201 0.181083 -0.140873 0.548799 -0.169643 1.975653 -5.757677 0.073514
0.553000 0.408269 0.166747 0.180913 -0.138902 0.543029 -0.169561 1.966097 -5.781492 0.089452
0.554000 0.408131 0.167288 0.180744 -0.136941 0.537236 -0.169464 1.956542 -5.804924 0.106465
0.555000 0.407995 0.167822 0.180574 -0.134989 0.531420 -0.169348 1.946955 -5.827835 0.124549
0.556000 0.407861 0.168350 0.180405 -0.133047 0.525580 -0.169215 1.937315 -5.850160 0.143716
0.557000 0.407729 0.168873 0.180236 -0.131114 0.519719 -0.169061 1.927607 -5.871871 0.163987
0.558000 0.407599 0.169390 0.180067 -0.129192 0.513837 -0.168887 1.917852 -5.893071 0.185415
0.559000 0.407471 0.169901 0.179898 -0.127279 0.507933 -0.168690 1.908095 -5.913967 0.208075
0.560000 0.407344 0.170406 0.179729 -0.125375 0.502009 -0.168471 1.898352 -5.934675 0.231995
0.561000 0.407220 0.170905 0.179561 -0.123482 0.496064 -0.168226 1.888606 -5.955181 0.257161
0.562000 0.407097 0.171398 0.179393 -0.121598 0.490098 -0.167956 1.878845 -5.975430 0.283547
0.563000 0.406977 0.171885 0.179225 -0.119724 0.484113 -0.167659 1.869071 -5.995301 0.311113
0.564000 0.406858 0.172366 0.179058 -0.117860 0.478108 -0.167334 1.859286 -6.014611 0.339802
0.565000 0.406741 0.172841 0.178890 -0.116006 0.472084 -0.166980 1.849490 -6.033238 0.369573
0.566000 0.406626 0.173310 0.178724 -0.114161 0.466041 -0.166595 1.839662 -6.051129 0.400401
0.567000 0.406513 0.173773 0.178557 -0.112326 0.459981 -0.166179 1.829774 -6.068269 0.432266
0.568000 0.406401 0.174230 0.178391 -0.110502 0.453905 -0.165730 1.819829 -6.084755 0.465195
0.569000 0.406292 0.174681 0.178226 -0.108687 0.447812 -0.165248 1.809865 -6.100755 0.499237
0.570000 0.406184 0.175126 0.178061 -0.106882 0.441703 -0.164732 1.799905 -6.116331 0.534391
0.571000 0.406078 0.175564 0.177896 -0.105087 0.435579 -0.164180 1.789947 -6.131413 0.570605
0.572000 0.405974 0.175997 0.177732 -0.103302 0.429440 -0.163591 1.779987 -6.145907 0.607824
0.573000 0.405871 0.176423 0.177569 -0.101527 0.423287 -0.162964 1.770021 -6.159685 0.645995
0.574000 0.405771 0.176844 0.177407 -0.099762 0.417121 -0.162299 1.760036 -6.172574 0.685051
0.575000 0.405672 0.177258 0.177245 -0.098007 0.410942 -0.161594 1.750022 -6.184453 0.724938
0.576000 0.405575 0.177665 0.177083 -0.096262 0.404752 -0.160849 1.739969 -6.195258 0.765599
0.577000 0.405479 0.178067 0.176923 -0.094527 0.398552 -0.160063 1.729865 -6.204949 0.806976
0.578000 0.405386 0.178463 0.176763 -0.092802 0.392342 -0.159235 1.719721 -6.213595 0.849063
0.579000 0.405294 0.178852 0.176604 -0.091087 0.386125 -0.158364 1.709567 -6.221345 0.891892
0.580000 0.405203 0.179235 0.176446 -0.089383 0.379900 -0.157451 1.699411 -6.228279 0.935456
0.581000 0.405115 0.179612 0.176289 -0.087689 0.373668 -0.156494 1.689233 -6.234372 0.979694
0.582000 0.405028 0.179982 0.176133 -0.086005 0.367431 -0.155492 1.679014 -6.239568 1.024545
0.583000 0.404943 0.180346 0.175979 -0.084331 0.361189 -0.154444 1.668730 -6.243758 1.069947
0.584000 0.404859 0.180704 0.175825 -0.082667 0.354943 -0.153352 1.658357 -6.246804 1.115836
0.585000 0.404778 0.181056 0.175672 -0.081014 0.348695 -0.152213 1.647897 -6.248679 1.162200
0.586000 0.404697 0.181402 0.175520 -0.079371 0.342446 -0.151027 1.637379 -6.249483 1.209066
0.587000 0.404619 0.181741 0.175370 -0.077739 0.336196 -0.149795 1.626825 -6.249273 1.256417
0.588000 0.404542 0.182074 0.175221 -0.076118 0.329947 -0.148514 1.616239 -6.248024 1.304187
0.589000 0.404467 0.182401 0.175073 -0.074507 0.323700 -0.147186 1.605626 -6.245716 1.352306
0.590000 0.404393 0.182722 0.174926 -0.072906 0.317456 -0.145810 1.594988 -6.242333 1.400704
0.591000 0.404321 0.183036 0.174781 -0.071317 0.311216 -0.144385 1.584321 -6.237848 1.449299
0.592000 0.404250 0.183344 0.174637 -0.069738 0.304980 -0.142911 1.573626 -6.232225 1.498019
0.593000 0.404181 0.183646 0.174495 -0.068169 0.298751 -0.141389 1.562898 -6.225392 1.546790
0.594000 0.404114 0.183942 0.174355 -0.066612 0.292530 -0.139818 1.552134 -6.217253 1.595536
0.595000 0.404048 0.184231 0.174216 -0.065065 0.286317 -0.138198 1.541344 -6.207801 1.644231
0.596000 0.403984 0.184514 0.174078 -0.063529 0.280114 -0.136529 1.530553 -6.197115 1.692888
0.597000 0.403921 0.184791 0.173943 -0.062004 0.273922 -0.134812 1.519767 -6.185221 1.741478
0.598000 0.403860 0.185062 0.173809 -0.060490 0.267743 -0.133046 1.508976 -6.172072 1.789919
0.599000 0.403800 0.185327 0.173676 -0.058986 0.261578 -0.131232 1.498158 -6.157619 1.838127
0.600000 0.403742 0.185585 0.173546 -0.057493 0.255428 -0.129370 1.487273 -6.141825 1.886017
0.601000 0.403685 0.185838 0.173418 -0.056012 0.249295 -0.127460 1.476271 -6.124638 1.933490
0.602000 0.403630 0.186084 0.173291 -0.054541 0.243179 -0.125503 1.465108 -6.105998 1.980445
0.603000 0.403576 0.186324 0.173167 -0.053081 0.237083 -0.123499 1.453759 -6.085808 2.026768
0.604000 0.403524 0.186558 0.173044 -0.051633 0.231007 -0.121449 1.442201 -6.063949 2.072330
0.605000 0.403473 0.186786 0.172924 -0.050197 0.224955 -0.119355 1.430434 -6.040380 2.117064
0.606000 0.403423 0.187008 0.172806 -0.048772 0.218927 -0.117215 1.418477 -6.015141 2.160953
0.607000 0.403375 0.187224 0.172689 -0.047360 0.212924 -0.115033 1.406348 -5.988226 2.203948
0.608000 0.403328 0.187434 0.172575 -0.045960 0.206950 -0.112807 1.394057 -5.959562 2.245948
0.609000 0.403283 0.187638 0.172464 -0.044572 0.201005 -0.110541 1.381604 -5.929078 2.286850
0.610000 0.403239 0.187836 0.172354 -0.043197 0.195092 -0.108234 1.368971 -5.896713 2.326548
0.611000 0.403197 0.188028 0.172247 -0.041834 0.189212 -0.105888 1.356129 -5.862396 2.364923
0.612000 0.403156 0.188214 0.172143 -0.040484 0.183367 -0.103504 1.343047 -5.826065 2.401854
0.613000 0.403116 0.188395 0.172040 -0.039148 0.177560 -0.101084 1.329694 -5.787650 2.437205
0.614000 0.403077 0.188569 0.171940 -0.037825 0.171792 -0.098630 1.316038 -5.747080 2.470826
0.615000 0.403040 0.188738 0.171843 -0.036516 0.166066 -0.096142 1.302064 -5.704332 2.502627
0.616000 0.403004 0.188901 0.171748 -0.035221 0.160383 -0.093624 1.287777 -5.659430 2.532569
0.617000 0.402970 0.189059 0.171656 -0.033940 0.154747 -0.091077 1.273183 -5.612343 2.560581
0.618000 0.402936 0.189211 0.171566 -0.032674 0.149159 -0.088503 1.258279 -5.562974 2.586538
0.619000 0.402904 0.189357 0.171479 -0.031424 0.143621 -0.085904 1.243051 -5.511234 2.610313
0.620000 0.402874 0.189498 0.171394 -0.030188 0.138136 -0.083282 1.227469 -5.457041 2.631777
0.621000 0.402844 0.189634 0.171312 -0.028969 0.132707 -0.080641 1.211493 -5.400315 2.650799
0.622000 0.402816 0.189764 0.171233 -0.027765 0.127335 -0.077981 1.195100 -5.341025 2.667294
0.623000 0.402789 0.189888 0.171156 -0.026579 0.122025 -0.075306 1.178286 -5.279163 2.681219
0.624000 0.402763 0.190008 0.171082 -0.025409 0.116777 -0.072618 1.161050 -5.214664 2.692484
0.625000 0.402738 0.190122 0.171011 -0.024256 0.111595 -0.069921 1.143382 -5.147405 2.700957
0.626000 0.402714 0.190231 0.170942 -0.023122 0.106482 -0.067217 1.125278 -5.077309 2.706547
0.627000 0.402691 0.190335 0.170877 -0.022006 0.101441 -0.064508 1.106730 -5.004351 2.709196
0.628000 0.402670 0.190434 0.170813 -0.020909 0.096474 -0.061798 1.087708 -4.928466 2.708806
0.629000 0.402650 0.190528 0.170753 -0.019830 0.091584 -0.059090 1.068162 -4.849537 2.705222
0.630000 0.402630 0.190617 0.170695 -0.018772 0.086775 -0.056388 1.048052 -4.767442 2.698280
0.631000 0.402612 0.190701 0.170640 -0.017734 0.082049 -0.053694 1.027351 -4.682052 2.687795
0.632000 0.402595 0.190781 0.170588 -0.016717 0.077410 -0.051012 1.006039 -4.593236 2.673573
0.633000 0.402579 0.190856 0.170538 -0.015722 0.072862 -0.048347 0.984105 -4.500908 2.655478
0.634000 0.402563 0.190927 0.170491 -0.014749 0.068409 -0.045701 0.961533 -4.405006 2.633424
0.635000 0.402549 0.190993 0.170447 -0.013799 0.064052 -0.043080 0.938285 -4.305413 2.607292
0.636000 0.402536 0.191055 0.170405 -0.012873 0.059798 -0.040487 0.914308 -4.201954 2.576923
0.637000 0.402523 0.191112 0.170366 -0.011971 0.055649 -0.037926 0.889562 -4.094504 2.542192
0.638000 0.402512 0.191166 0.170329 -0.011094 0.051609 -0.035402 0.864027 -3.982995 2.503017
0.639000 0.402501 0.191216 0.170295 -0.010243 0.047683 -0.032920 0.837687 -3.867342 2.459270
0.640000 0.402491 0.191261 0.170263 -0.009418 0.043874 -0.030484 0.810516 -3.747412 2.410769
0.641000 0.402482 0.191303 0.170234 -0.008621 0.040188 -0.028098 0.782489 -3.623062 2.357332
0.642000 0.402474 0.191342 0.170207 -0.007853 0.036628 -0.025769 0.753578 -3.494128 2.298773
0.643000 0.402467 0.191377 0.170183 -0.007114 0.033199 -0.023501 0.723756 -3.360436 2.234904
0.644000 0.402460 0.191408 0.170160 -0.006406 0.029907 -0.021299 0.693002 -3.221856 2.165585
0.645000 0.402454 0.191437 0.170140 -0.005728 0.026756 -0.019170 0.661304 -3.078297 2.090717
0.646000 0.402448 0.191462 0.170122 -0.005083 0.023750 -0.017118 0.628639 -2.929623 2.010155
0.647000 0.402444 0.191484 0.170106 -0.004471 0.020896 -0.015149 0.594977 -2.775648 1.923703
0.648000 0.402440 0.191504 0.170092 -0.003893 0.018199 -0.013270 0.560287 -2.616201 1.831151
0.649000 0.402436 0.191520 0.170079 -0.003350 0.015664 -0.011487 0.524537 -2.451136 1.732275
0.650000 0.402433 0.191535 0.170069 -0.002844 0.013297 -0.009806 0.487696 -2.280326 1.626837
0.651000 0.402430 0.191547 0.170060 -0.002375 0.011103 -0.008233 0.449738 -2.103675 1.514660
0.652000 0.402428 0.191557 0.170052 -0.001945 0.009090 -0.006776 0.410634 -1.921113 1.395633
0.653000 0.402426 0.191565 0.170046 -0.001554 0.007261 -0.005442 0.370335 -1.732542 1.269622
0.654000 0.402425 0.191572 0.170041 -0.001204 0.005624 -0.004237 0.174939 -0.818369 0.602425
0.655000 0.402424 0.191576 0.170038 -0.001204 0.005624 -0.004237 0.174939 -0.818369 0.602425
