0.000000 0.671557 -0.196495 0.138782 0.000595 -0.013594 0.032650 -0.404008 0.004505 0.699856
0.001000 0.671558 -0.196509 0.138813 0.000595 -0.013594 0.032650 -0.404008 0.004505 0.699856
0.002000 0.671558 -0.196523 0.138847 -0.000213 -0.013585 0.034050 -0.826263 0.016071 1.414592
0.003000 0.671558 -0.196536 0.138882 -0.001057 -0.013561 0.035480 -0.863159 0.030500 1.444359
0.004000 0.671556 -0.196550 0.138918 -0.001939 -0.013524 0.036939 -0.900861 0.045554 1.474138
0.005000 0.671554 -0.196563 0.138955 -0.002859 -0.013470 0.038428 -0.939364 0.061246 1.503929
0.006000 0.671551 -0.196577 0.138995 -0.003818 -0.013401 0.039947 -0.978657 0.077589 1.533732
0.007000 0.671546 -0.196590 0.139035 -0.004817 -0.013315 0.041495 -1.018710 0.094597 1.563544
0.008000 0.671541 -0.196603 0.139078 -0.005855 -0.013212 0.043074 -1.059485 0.112281 1.593360
0.009000 0.671535 -0.196616 0.139122 -0.006935 -0.013091 0.044682 -1.100952 0.130654 1.623167
0.010000 0.671527 -0.196629 0.139167 -0.008057 -0.012951 0.046320 -1.143093 0.149718 1.652943
0.011000 0.671518 -0.196642 0.139214 -0.009222 -0.012791 0.047988 -1.185900 0.169459 1.682670
0.012000 0.671509 -0.196655 0.139263 -0.010429 -0.012612 0.049686 -1.229364 0.189858 1.712337
0.013000 0.671498 -0.196668 0.139314 -0.011680 -0.012411 0.051413 -1.273475 0.210899 1.741923
0.014000 0.671485 -0.196680 0.139366 -0.012976 -0.012190 0.053169 -1.318210 0.232586 1.771400
0.015000 0.671472 -0.196692 0.139420 -0.014317 -0.011946 0.054955 -1.363534 0.254928 1.800743
0.016000 0.671457 -0.196704 0.139476 -0.015703 -0.011680 0.056771 -1.409399 0.277936 1.829937
0.017000 0.671440 -0.196715 0.139533 -0.017136 -0.011390 0.058615 -1.455777 0.301611 1.858974
0.018000 0.671422 -0.196727 0.139593 -0.018615 -0.011077 0.060489 -1.502667 0.325939 1.887858
0.019000 0.671403 -0.196737 0.139654 -0.020141 -0.010739 0.062391 -1.550083 0.350896 1.916600
0.020000 0.671382 -0.196748 0.139718 -0.021715 -0.010375 0.064322 -1.598032 0.376467 1.945196
0.021000 0.671360 -0.196758 0.139783 -0.023337 -0.009986 0.066281 -1.646503 0.402641 1.973624
0.022000 0.671335 -0.196768 0.139850 -0.025008 -0.009570 0.068269 -1.695477 0.429402 2.001874
0.023000 0.671310 -0.196777 0.139920 -0.026728 -0.009127 0.070285 -1.744929 0.456724 2.029951
0.024000 0.671282 -0.196786 0.139991 -0.028498 -0.008656 0.072329 -1.794836 0.484589 2.057841
0.025000 0.671253 -0.196795 0.140064 -0.030318 -0.008158 0.074401 -1.845181 0.512985 2.085514
0.026000 0.671221 -0.196803 0.140140 -0.032188 -0.007630 0.076500 -1.895962 0.541894 2.112955
0.027000 0.671188 -0.196810 0.140217 -0.034110 -0.007074 0.078627 -1.947182 0.571289 2.140157
0.028000 0.671153 -0.196817 0.140297 -0.036082 -0.006488 0.080781 -1.998834 0.601151 2.167101
0.029000 0.671116 -0.196823 0.140379 -0.038107 -0.005872 0.082961 -2.050894 0.631477 2.193760
0.030000 0.671077 -0.196828 0.140463 -0.040184 -0.005225 0.085168 -2.103328 0.662271 2.220134
0.031000 0.671036 -0.196833 0.140549 -0.042314 -0.004547 0.087401 -2.156099 0.693537 2.246247
0.032000 0.670992 -0.196838 0.140638 -0.044496 -0.003838 0.089661 -2.209177 0.725270 2.272111
0.033000 0.670947 -0.196841 0.140728 -0.046732 -0.003096 0.091946 -2.262545 0.757447 2.297722
0.034000 0.670899 -0.196844 0.140822 -0.049022 -0.002323 0.094256 -2.316193 0.790040 2.323065
0.035000 0.670849 -0.196846 0.140917 -0.051365 -0.001516 0.096592 -2.370099 0.823024 2.348105
0.036000 0.670796 -0.196847 0.141015 -0.053762 -0.000677 0.098952 -2.424225 0.856392 2.372812
0.037000 0.670741 -0.196847 0.141115 -0.056213 0.000196 0.101337 -2.478520 0.890143 2.397195
0.038000 0.670684 -0.196846 0.141217 -0.058719 0.001104 0.103747 -2.532931 0.924278 2.421293
0.039000 0.670624 -0.196845 0.141322 -0.061279 0.002045 0.106180 -2.587406 0.958795 2.445110
0.040000 0.670561 -0.196842 0.141430 -0.063894 0.003021 0.108637 -2.641907 0.993693 2.468607
0.041000 0.670496 -0.196839 0.141540 -0.066563 0.004032 0.111117 -2.696424 1.028970 2.491735
0.042000 0.670428 -0.196834 0.141652 -0.069286 0.005079 0.113620 -2.750960 1.064622 2.514457
0.043000 0.670357 -0.196829 0.141767 -0.072065 0.006162 0.116146 -2.805506 1.100644 2.536720
0.044000 0.670284 -0.196822 0.141884 -0.074897 0.007280 0.118694 -2.860032 1.137032 2.558474
0.045000 0.670208 -0.196814 0.142004 -0.077785 0.008436 0.121263 -2.914521 1.173779 2.579710
0.046000 0.670128 -0.196805 0.142127 -0.080726 0.009628 0.123853 -2.968971 1.210876 2.600453
0.047000 0.670046 -0.196795 0.142252 -0.083723 0.010857 0.126464 -3.023375 1.248316 2.620727
0.048000 0.669961 -0.196783 0.142380 -0.086773 0.012125 0.129095 -3.077724 1.286088 2.640553
0.049000 0.669873 -0.196771 0.142510 -0.089878 0.013430 0.131745 -3.132007 1.324180 2.659948
0.050000 0.669781 -0.196756 0.142643 -0.093037 0.014773 0.134414 -3.186194 1.362582 2.678895
0.051000 0.669686 -0.196741 0.142779 -0.096251 0.016155 0.137103 -3.240246 1.401277 2.697346
0.052000 0.669589 -0.196724 0.142917 -0.099518 0.017575 0.139809 -3.294151 1.440253 2.715277
0.053000 0.669487 -0.196706 0.143059 -0.102839 0.019035 0.142533 -3.347916 1.479492 2.732689
0.054000 0.669383 -0.196686 0.143202 -0.106214 0.020534 0.145275 -3.401523 1.518977 2.749554
0.055000 0.669275 -0.196665 0.143349 -0.109642 0.022073 0.148032 -3.454932 1.558701 2.765824
0.056000 0.669164 -0.196642 0.143499 -0.113123 0.023652 0.150806 -3.508120 1.598667 2.781491
0.057000 0.669049 -0.196617 0.143651 -0.116658 0.025271 0.153595 -3.561085 1.638887 2.796587
0.058000 0.668930 -0.196591 0.143806 -0.120246 0.026930 0.156399 -3.613822 1.679362 2.811142
0.059000 0.668808 -0.196564 0.143964 -0.123886 0.028629 0.159218 -3.666322 1.720077 2.825184
0.060000 0.668683 -0.196534 0.144124 -0.127578 0.030370 0.162050 -3.718574 1.761007 2.838738
0.061000 0.668553 -0.196503 0.144288 -0.131323 0.032151 0.164895 -3.770538 1.802125 2.851780
0.062000 0.668420 -0.196470 0.144454 -0.135119 0.033974 0.167753 -3.822147 1.843410 2.864245
0.063000 0.668283 -0.196435 0.144623 -0.138967 0.035838 0.170624 -3.873354 1.884856 2.876079
0.064000 0.668142 -0.196398 0.144795 -0.142866 0.037744 0.173505 -3.924127 1.926462 2.887254
0.065000 0.667997 -0.196359 0.144970 -0.146815 0.039691 0.176398 -3.974416 1.968223 2.897717
0.066000 0.667848 -0.196319 0.145148 -0.150815 0.041680 0.179301 -4.024171 2.010130 2.907410
0.067000 0.667696 -0.196276 0.145329 -0.154864 0.043711 0.182213 -4.073405 2.052197 2.916344
0.068000 0.667539 -0.196231 0.145512 -0.158962 0.045785 0.185134 -4.122179 2.094452 2.924590
0.069000 0.667378 -0.196185 0.145699 -0.163108 0.047900 0.188062 -4.170535 2.136912 2.932211
0.070000 0.667212 -0.196136 0.145889 -0.167303 0.050058 0.190998 -4.218478 2.179577 2.939247
0.071000 0.667043 -0.196084 0.146081 -0.171545 0.052259 0.193941 -4.265994 2.222438 2.945731
0.072000 0.666869 -0.196031 0.146276 -0.175835 0.054503 0.196889 -4.313030 2.265474 2.951637
0.073000 0.666691 -0.195975 0.146475 -0.180171 0.056790 0.199844 -4.359519 2.308662 2.956885
0.074000 0.666509 -0.195917 0.146676 -0.184554 0.059121 0.202803 -4.405447 2.352001 2.961422
0.075000 0.666322 -0.195857 0.146880 -0.188982 0.061494 0.205767 -4.450840 2.395504 2.965219
0.076000 0.666131 -0.195794 0.147088 -0.193455 0.063912 0.208734 -4.495681 2.439164 2.968219
0.077000 0.665935 -0.195729 0.147298 -0.197973 0.066373 0.211703 -4.539917 2.482963 2.970354
0.078000 0.665735 -0.195662 0.147511 -0.202535 0.068878 0.214674 -4.583545 2.526890 2.971629
0.079000 0.665530 -0.195592 0.147727 -0.207141 0.071426 0.217646 -4.626609 2.570948 2.972111
0.080000 0.665321 -0.195519 0.147946 -0.211789 0.074019 0.220619 -4.669094 2.615124 2.971803
0.081000 0.665107 -0.195444 0.148168 -0.216479 0.076657 0.223590 -4.710920 2.659399 2.970645
0.082000 0.664888 -0.195366 0.148394 -0.221210 0.079338 0.226560 -4.752017 2.703779 2.968613
0.083000 0.664664 -0.195285 0.148622 -0.225983 0.082064 0.229527 -4.792353 2.748293 2.965734
0.084000 0.664436 -0.195201 0.148853 -0.230795 0.084835 0.232491 -4.831910 2.792960 2.962015
0.085000 0.664203 -0.195115 0.149087 -0.235647 0.087650 0.235451 -4.870695 2.837780 2.957429
0.086000 0.663965 -0.195026 0.149324 -0.240536 0.090510 0.238406 -4.908725 2.882742 2.951930
0.087000 0.663722 -0.194934 0.149563 -0.245464 0.093416 0.241355 -4.945964 2.927816 2.945433
0.088000 0.663474 -0.194839 0.149806 -0.250428 0.096366 0.244297 -4.982337 2.972963 2.937855
0.089000 0.663221 -0.194741 0.150052 -0.255429 0.099362 0.247231 -5.017844 3.018171 2.929225
0.090000 0.662963 -0.194641 0.150301 -0.260464 0.102402 0.250156 -5.052544 3.063445 2.919643
0.091000 0.662700 -0.194537 0.150552 -0.265534 0.105488 0.253070 -5.086429 3.108768 2.909135
0.092000 0.662432 -0.194430 0.150807 -0.270637 0.108620 0.255974 -5.119403 3.154102 2.897639
0.093000 0.662159 -0.194319 0.151064 -0.275773 0.111797 0.258865 -5.151401 3.199421 2.885130
0.094000 0.661880 -0.194206 0.151325 -0.280940 0.115019 0.261744 -5.182394 3.244723 2.871627
0.095000 0.661597 -0.194089 0.151588 -0.286137 0.118286 0.264609 -5.212303 3.289978 2.857094
0.096000 0.661308 -0.193969 0.151854 -0.291364 0.121599 0.267458 -5.241016 3.335145 2.841439
0.097000 0.661014 -0.193846 0.152123 -0.296619 0.124956 0.270292 -5.268493 3.380215 2.824620
0.098000 0.660715 -0.193720 0.152394 -0.301901 0.128359 0.273107 -5.294771 3.425209 2.806664
0.099000 0.660410 -0.193589 0.152669 -0.307209 0.131807 0.275905 -5.319889 3.470147 2.787625
0.100000 0.660100 -0.193456 0.152946 -0.312541 0.135299 0.278683 -5.343897 3.515046 2.767595
0.101000 0.659785 -0.193319 0.153226 -0.317897 0.138837 0.281440 -5.366848 3.559918 2.746692
0.102000 0.659464 -0.193178 0.153509 -0.323275 0.142419 0.284176 -5.388708 3.604737 2.724939
0.103000 0.659138 -0.193034 0.153795 -0.328674 0.146046 0.286890 -5.409367 3.649448 2.702263
0.104000 0.658807 -0.192886 0.154083 -0.334094 0.149718 0.289581 -5.428779 3.694020 2.678636
0.105000 0.658470 -0.192735 0.154374 -0.339532 0.153434 0.292247 -5.446980 3.738454 2.654095
0.106000 0.658128 -0.192579 0.154667 -0.344987 0.157195 0.294889 -5.463996 3.782753 2.628668
0.107000 0.657780 -0.192420 0.154964 -0.350460 0.161000 0.297505 -5.479853 3.826936 2.602365
0.108000 0.657427 -0.192257 0.155262 -0.355947 0.164849 0.300094 -5.494568 3.871024 2.575185
0.109000 0.657068 -0.192090 0.155564 -0.361449 0.168742 0.302655 -5.508074 3.914992 2.547061
0.110000 0.656704 -0.191920 0.155868 -0.366963 0.172679 0.305188 -5.520256 3.958770 2.517903
0.111000 0.656334 -0.191745 0.156174 -0.372489 0.176659 0.307691 -5.531108 4.002302 2.487734
0.112000 0.655959 -0.191566 0.156483 -0.378026 0.180683 0.310163 -5.540712 4.045553 2.456664
0.113000 0.655578 -0.191384 0.156794 -0.383571 0.184751 0.312604 -5.549051 4.088457 2.424713
0.114000 0.655192 -0.191197 0.157108 -0.389124 0.188860 0.315013 -5.556000 4.130919 2.391804
0.115000 0.654800 -0.191006 0.157424 -0.394683 0.193012 0.317388 -5.561483 4.172865 2.357906
0.116000 0.654403 -0.190811 0.157743 -0.400247 0.197206 0.319728 -5.565515 4.214256 2.323066
0.117000 0.654000 -0.190612 0.158064 -0.405814 0.201441 0.322034 -5.568108 4.255078 2.287321
0.118000 0.653591 -0.190408 0.158387 -0.411383 0.205716 0.324303 -5.569290 4.295353 2.250689
0.119000 0.653177 -0.190200 0.158712 -0.416952 0.210032 0.326535 -5.569114 4.335141 2.213201
0.120000 0.652757 -0.189988 0.159040 -0.422521 0.214387 0.328729 -5.567635 4.374488 2.174900
0.121000 0.652332 -0.189771 0.159370 -0.428088 0.218781 0.330885 -5.564950 4.413438 2.135892
0.122000 0.651901 -0.189550 0.159702 -0.433651 0.223213 0.333001 -5.561173 4.452030 2.096311
0.123000 0.651465 -0.189325 0.160036 -0.439210 0.227685 0.335078 -5.556290 4.490237 2.056184
0.124000 0.651023 -0.189095 0.160372 -0.444764 0.232194 0.337114 -5.550160 4.527972 2.015432
0.125000 0.650575 -0.188861 0.160710 -0.450310 0.236741 0.339108 -5.542711 4.565175 1.974027
0.126000 0.650122 -0.188622 0.161050 -0.455849 0.241324 0.341062 -5.533971 4.601836 1.932033
0.127000 0.649663 -0.188378 0.161392 -0.461378 0.245944 0.342973 -5.523973 4.637956 1.889500
0.128000 0.649199 -0.188130 0.161736 -0.466897 0.250600 0.344841 -5.512760 4.673562 1.846462
0.129000 0.648730 -0.187877 0.162082 -0.472404 0.255291 0.346665 -5.500377 4.708695 1.802943
0.130000 0.648254 -0.187619 0.162430 -0.477898 0.260018 0.348447 -5.486753 4.743324 1.758882
0.131000 0.647774 -0.187357 0.162779 -0.483377 0.264778 0.350183 -5.471741 4.777351 1.714175
0.132000 0.647288 -0.187090 0.163130 -0.488841 0.269572 0.351875 -5.455329 4.810712 1.668830
0.133000 0.646796 -0.186818 0.163483 -0.494288 0.274400 0.353521 -5.437649 4.843398 1.622967
0.134000 0.646299 -0.186541 0.163837 -0.499716 0.279259 0.355121 -5.418806 4.875392 1.576684
0.135000 0.645797 -0.186259 0.164193 -0.505126 0.284150 0.356674 -5.398873 4.906675 1.530050
0.136000 0.645289 -0.185972 0.164550 -0.510514 0.289072 0.358181 -5.377925 4.937240 1.483131
0.137000 0.644776 -0.185681 0.164909 -0.515881 0.294025 0.359641 -5.356014 4.967087 1.435960
0.138000 0.644257 -0.185384 0.165270 -0.521226 0.299007 0.361053 -5.333200 4.996258 1.388556
0.139000 0.643733 -0.185083 0.165631 -0.526548 0.304017 0.362418 -5.309547 5.024816 1.340925
0.140000 0.643204 -0.184776 0.165994 -0.531845 0.309056 0.363735 -5.284983 5.052740 1.292995
0.141000 0.642669 -0.184465 0.166359 -0.537118 0.314123 0.365004 -5.259340 5.079934 1.244655
0.142000 0.642130 -0.184148 0.166724 -0.542364 0.319216 0.366224 -5.232582 5.106366 1.195925
0.143000 0.641585 -0.183826 0.167091 -0.547583 0.324335 0.367395 -5.204824 5.132082 1.146945
0.144000 0.641035 -0.183499 0.167459 -0.552774 0.329480 0.368518 -5.176167 5.157104 1.097837
0.145000 0.640479 -0.183167 0.167828 -0.557935 0.334650 0.369591 -5.146692 5.181420 1.048691
0.146000 0.639919 -0.182830 0.168198 -0.563067 0.339843 0.370615 -5.116467 5.204995 0.999579
0.147000 0.639353 -0.182488 0.168570 -0.568168 0.345060 0.371590 -5.085408 5.227725 0.950466
0.148000 0.638782 -0.182140 0.168942 -0.573238 0.350299 0.372516 -5.053311 5.249480 0.901224
0.149000 0.638207 -0.181787 0.169315 -0.578275 0.355559 0.373393 -5.020080 5.270240 0.851792
0.150000 0.637626 -0.181429 0.169688 -0.583278 0.360839 0.374220 -4.985768 5.290091 0.802203
0.151000 0.637040 -0.181065 0.170063 -0.588246 0.366139 0.374997 -4.950445 5.309111 0.752517
0.152000 0.636449 -0.180697 0.170438 -0.593179 0.371457 0.375725 -4.914224 5.327376 0.702837
0.153000 0.635854 -0.180323 0.170814 -0.598075 0.376794 0.376403 -4.877268 5.344969 0.653311
0.154000 0.635253 -0.179943 0.171191 -0.602933 0.382147 0.377031 -4.839692 5.361935 0.604041
0.155000 0.634648 -0.179558 0.171569 -0.607754 0.387517 0.377611 -4.801572 5.378281 0.555085
0.156000 0.634038 -0.179168 0.171946 -0.612537 0.392904 0.378142 -4.762964 5.393993 0.506471
0.157000 0.633423 -0.178772 0.172325 -0.617280 0.398305 0.378624 -4.723767 5.408966 0.458130
0.158000 0.632803 -0.178371 0.172704 -0.621984 0.403722 0.379058 -4.683769 5.423050 0.409906
0.159000 0.632179 -0.177965 0.173083 -0.626648 0.409152 0.379444 -4.642907 5.436203 0.361705
0.160000 0.631550 -0.177553 0.173463 -0.631270 0.414594 0.379781 -4.601287 5.448493 0.313521
0.161000 0.630916 -0.177136 0.173842 -0.635850 0.420049 0.380071 -4.559021 5.459981 0.265393
0.162000 0.630278 -0.176713 0.174223 -0.640388 0.425514 0.380312 -4.516230 5.470727 0.217435
0.163000 0.629635 -0.176285 0.174603 -0.644883 0.430990 0.380506 -4.473040 5.480781 0.169803
0.164000 0.628988 -0.175851 0.174984 -0.649334 0.436476 0.380652 -4.429396 5.490078 0.122528
0.165000 0.628337 -0.175412 0.175364 -0.653741 0.441970 0.380751 -4.385083 5.498452 0.075503
0.166000 0.627681 -0.174967 0.175745 -0.658104 0.447473 0.380803 -4.340013 5.505802 0.028664
0.167000 0.627021 -0.174517 0.176126 -0.662421 0.452982 0.380808 -4.294261 5.512127 -0.017967
0.168000 0.626356 -0.174061 0.176507 -0.666693 0.458497 0.380767 -4.247898 5.517448 -0.064369
0.169000 0.625687 -0.173600 0.176888 -0.670917 0.464017 0.380679 -4.200989 5.521825 -0.110521
0.170000 0.625014 -0.173133 0.177268 -0.675095 0.469540 0.380546 -4.153635 5.525367 -0.156377
0.171000 0.624337 -0.172661 0.177649 -0.679225 0.475067 0.380366 -4.105926 5.528163 -0.201884
0.172000 0.623656 -0.172183 0.178029 -0.683307 0.480597 0.380142 -4.057991 5.530315 -0.246944
0.173000 0.622970 -0.171700 0.178409 -0.687341 0.486128 0.379873 -4.009982 5.531925 -0.291434
0.174000 0.622281 -0.171211 0.178789 -0.691327 0.491661 0.379559 -3.961853 5.532956 -0.335347
0.175000 0.621588 -0.170716 0.179168 -0.695264 0.497194 0.379202 -3.913382 5.533236 -0.378798
0.176000 0.620891 -0.170216 0.179547 -0.699153 0.502727 0.378801 -3.864467 5.532667 -0.421854
0.177000 0.620189 -0.169711 0.179926 -0.702993 0.508259 0.378358 -3.815180 5.531268 -0.464492
0.178000 0.619485 -0.169200 0.180304 -0.706784 0.513790 0.377872 -3.765598 5.529076 -0.506698
0.179000 0.618776 -0.168683 0.180681 -0.710524 0.519317 0.377345 -3.715808 5.526169 -0.548475
0.180000 0.618063 -0.168161 0.181058 -0.714215 0.524842 0.376776 -3.665944 5.522674 -0.589808
0.181000 0.617347 -0.167634 0.181435 -0.717856 0.530363 0.376165 -3.616105 5.518677 -0.630667
0.182000 0.616628 -0.167100 0.181811 -0.721447 0.535879 0.375514 -3.566406 5.514246 -0.670958
0.183000 0.615905 -0.166562 0.182186 -0.724989 0.541391 0.374823 -3.516963 5.509433 -0.710557
0.184000 0.615178 -0.166018 0.182560 -0.728481 0.546898 0.374093 -3.467697 5.504148 -0.749454
0.185000 0.614448 -0.165468 0.182934 -0.731924 0.552400 0.373324 -3.418357 5.498176 -0.787770
0.186000 0.613714 -0.164913 0.183307 -0.735318 0.557895 0.372518 -3.368832 5.491390 -0.825589
0.187000 0.612977 -0.164352 0.183679 -0.738662 0.563382 0.371673 -3.319195 5.483793 -0.862919
0.188000 0.612237 -0.163786 0.184050 -0.741956 0.568862 0.370792 -3.269522 5.475415 -0.899765
0.189000 0.611493 -0.163214 0.184421 -0.745201 0.574333 0.369874 -3.219902 5.466340 -0.936133
0.190000 0.610746 -0.162637 0.184790 -0.748396 0.579795 0.368919 -3.170431 5.456684 -0.972025
0.191000 0.609996 -0.162055 0.185159 -0.751542 0.585247 0.367930 -3.121008 5.446401 -1.007524
0.192000 0.609243 -0.161467 0.185526 -0.754638 0.590688 0.366904 -3.071381 5.435311 -1.042744
0.193000 0.608487 -0.160874 0.185892 -0.757685 0.596117 0.365844 -3.021467 5.423357 -1.077668
0.194000 0.607728 -0.160275 0.186258 -0.760681 0.601534 0.364749 -2.971385 5.410636 -1.112161
0.195000 0.606966 -0.159670 0.186622 -0.763628 0.606938 0.363620 -2.921240 5.397221 -1.146120
0.196000 0.606201 -0.159061 0.186985 -0.766524 0.612329 0.362457 -2.871122 5.383151 -1.179502
0.197000 0.605433 -0.158446 0.187347 -0.769370 0.617705 0.361261 -2.821106 5.368442 -1.212296
0.198000 0.604662 -0.157825 0.187707 -0.772166 0.623066 0.360032 -2.771073 5.352964 -1.244587
0.199000 0.603888 -0.157200 0.188067 -0.774912 0.628411 0.358772 -2.720750 5.336501 -1.276531
0.200000 0.603112 -0.156569 0.188425 -0.777607 0.633739 0.357479 -2.670035 5.319005 -1.308231
0.201000 0.602333 -0.155932 0.188782 -0.780252 0.639049 0.356155 -2.619029 5.300613 -1.339709
0.202000 0.601551 -0.155290 0.189137 -0.782846 0.644340 0.354800 -2.567839 5.281453 -1.370951
0.203000 0.600767 -0.154644 0.189491 -0.785388 0.649612 0.353413 -2.516588 5.261650 -1.401878
0.204000 0.599981 -0.153991 0.189844 -0.787879 0.654863 0.351996 -2.465442 5.241351 -1.432364
0.205000 0.599192 -0.153334 0.190195 -0.790319 0.660094 0.350549 -2.414516 5.220630 -1.462317
0.206000 0.598400 -0.152671 0.190545 -0.792708 0.665304 0.349071 -2.363909 5.199493 -1.491692
0.207000 0.597606 -0.152003 0.190894 -0.795046 0.670493 0.347565 -2.313708 5.177909 -1.520469
0.208000 0.596810 -0.151330 0.191240 -0.797335 0.675660 0.346030 -2.263791 5.155701 -1.548718
0.209000 0.596011 -0.150652 0.191586 -0.799574 0.680805 0.344468 -2.213873 5.132631 -1.576594
0.210000 0.595211 -0.149968 0.191929 -0.801763 0.685926 0.342877 -2.163828 5.108679 -1.604213
0.211000 0.594408 -0.149280 0.192271 -0.803902 0.691022 0.341259 -2.113736 5.084033 -1.631614
0.212000 0.593603 -0.148586 0.192612 -0.805990 0.696094 0.339614 -2.063692 5.058868 -1.658796
0.213000 0.592796 -0.147888 0.192951 -0.808029 0.701140 0.337942 -2.013818 5.033341 -1.685676
0.214000 0.591987 -0.147184 0.193288 -0.810018 0.706160 0.336243 -1.964295 5.007626 -1.712114
0.215000 0.591176 -0.146475 0.193623 -0.811958 0.711155 0.334517 -1.915253 4.981816 -1.738016
0.216000 0.590363 -0.145762 0.193957 -0.813848 0.716124 0.332767 -1.866803 4.955941 -1.763345
0.217000 0.589548 -0.145043 0.194289 -0.815691 0.721067 0.330991 -1.819048 4.929990 -1.788101
0.218000 0.588732 -0.144320 0.194619 -0.817487 0.725984 0.329190 -1.771873 4.903791 -1.812363
0.219000 0.587913 -0.143591 0.194947 -0.819235 0.730874 0.327366 -1.724992 4.877098 -1.836279
0.220000 0.587093 -0.142858 0.195273 -0.820937 0.735738 0.325518 -1.678288 4.849897 -1.859950
0.221000 0.586271 -0.142120 0.195598 -0.822592 0.740574 0.323646 -1.631856 4.822398 -1.883400
0.222000 0.585448 -0.141377 0.195921 -0.824200 0.745383 0.321751 -1.585797 4.794788 -1.906610
0.223000 0.584623 -0.140629 0.196242 -0.825763 0.750164 0.319833 -1.540227 4.767221 -1.929480
0.224000 0.583796 -0.139876 0.196560 -0.827281 0.754917 0.317892 -1.495268 4.739827 -1.951867
0.225000 0.582968 -0.139119 0.196877 -0.828754 0.759643 0.315929 -1.450822 4.712522 -1.973738
0.226000 0.582139 -0.138357 0.197192 -0.830182 0.764342 0.313945 -1.406612 4.685027 -1.995186
0.227000 0.581308 -0.137591 0.197505 -0.831567 0.769014 0.311939 -1.362537 4.657174 -2.016293
0.228000 0.580476 -0.136819 0.197816 -0.832907 0.773657 0.309912 -1.318713 4.628976 -2.037081
0.229000 0.579642 -0.136043 0.198125 -0.834204 0.778271 0.307865 -1.275248 4.600493 -2.057575
0.230000 0.578807 -0.135263 0.198432 -0.835458 0.782858 0.305797 -1.232232 4.571870 -2.077818
0.231000 0.577971 -0.134477 0.198737 -0.836669 0.787415 0.303709 -1.189744 4.543301 -2.097857
0.232000 0.577134 -0.133688 0.199039 -0.837837 0.791944 0.301601 -1.147654 4.514753 -2.117789
0.233000 0.576296 -0.132894 0.199340 -0.838964 0.796445 0.299473 -1.105677 4.486009 -2.137715
0.234000 0.575456 -0.132095 0.199638 -0.840049 0.800916 0.297326 -1.063725 4.457028 -2.157612
0.235000 0.574616 -0.131292 0.199935 -0.841092 0.805359 0.295158 -1.021943 4.427987 -2.177347
0.236000 0.573774 -0.130484 0.200229 -0.842093 0.809772 0.292971 -0.980465 4.399018 -2.196823
0.237000 0.572931 -0.129672 0.200520 -0.843052 0.814157 0.290765 -0.939409 4.370168 -2.216000
0.238000 0.572088 -0.128856 0.200810 -0.843971 0.818513 0.288539 -0.898883 4.341440 -2.234869
0.239000 0.571243 -0.128035 0.201098 -0.844850 0.822840 0.286295 -0.858773 4.312652 -2.253498
0.240000 0.570398 -0.127210 0.201383 -0.845689 0.827138 0.284032 -0.818788 4.283533 -2.272013
0.241000 0.569552 -0.126381 0.201666 -0.846488 0.831407 0.281751 -0.778809 4.254082 -2.290500
0.242000 0.568705 -0.125547 0.201946 -0.847247 0.835646 0.279451 -0.738943 4.224558 -2.308977
0.243000 0.567858 -0.124710 0.202224 -0.847966 0.839856 0.277133 -0.699315 4.195199 -2.327429
0.244000 0.567009 -0.123868 0.202500 -0.848645 0.844036 0.274796 -0.660076 4.166210 -2.345773
0.245000 0.566160 -0.123022 0.202774 -0.849286 0.848188 0.272441 -0.621396 4.137771 -2.363893
0.246000 0.565311 -0.122171 0.203045 -0.849888 0.852312 0.270068 -0.583206 4.109811 -2.381764
0.247000 0.564460 -0.121317 0.203314 -0.850452 0.856408 0.267678 -0.545227 4.082022 -2.399467
0.248000 0.563610 -0.120458 0.203581 -0.850979 0.860476 0.265269 -0.507343 4.054205 -2.417067
0.249000 0.562759 -0.119596 0.203845 -0.851467 0.864516 0.262844 -0.469654 4.026360 -2.434572
0.250000 0.561907 -0.118729 0.204106 -0.851918 0.868529 0.260400 -0.432268 3.998558 -2.451990
0.251000 0.561055 -0.117859 0.204366 -0.852332 0.872513 0.257940 -0.395309 3.971006 -2.469327
0.252000 0.560202 -0.116984 0.204622 -0.852708 0.876471 0.255462 -0.358909 3.943982 -2.486586
0.253000 0.559349 -0.116106 0.204876 -0.853049 0.880401 0.252966 -0.322973 3.917501 -2.503818
0.254000 0.558496 -0.115224 0.205128 -0.853354 0.884306 0.250454 -0.287230 3.891340 -2.521089
0.255000 0.557643 -0.114337 0.205377 -0.853624 0.888184 0.247924 -0.251610 3.865456 -2.538351
0.256000 0.556789 -0.113447 0.205624 -0.853858 0.892037 0.245377 -0.216231 3.840008 -2.555474
0.257000 0.555935 -0.112553 0.205868 -0.854056 0.895864 0.242813 -0.181021 3.814933 -2.572407
0.258000 0.555081 -0.111656 0.206110 -0.854220 0.899667 0.240233 -0.145710 3.789910 -2.589214
0.259000 0.554226 -0.110754 0.206349 -0.854348 0.903444 0.237635 -0.110200 3.764729 -2.605959
0.260000 0.553372 -0.109849 0.206585 -0.854440 0.907196 0.235021 -0.074624 3.739381 -2.622659
0.261000 0.552518 -0.108940 0.206819 -0.854497 0.910923 0.232390 -0.039112 3.713934 -2.639320
0.262000 0.551663 -0.108027 0.207050 -0.854518 0.914624 0.229742 -0.003796 3.688587 -2.655930
0.263000 0.550808 -0.107110 0.207278 -0.854505 0.918300 0.227078 0.031195 3.663613 -2.672466
0.264000 0.549954 -0.106190 0.207504 -0.854456 0.921951 0.224397 0.065955 3.639015 -2.688957
0.265000 0.549100 -0.105266 0.207727 -0.854373 0.925578 0.221700 0.100758 3.614559 -2.705460
0.266000 0.548245 -0.104339 0.207947 -0.854254 0.929180 0.218986 0.135676 3.590216 -2.721950
0.267000 0.547391 -0.103408 0.208165 -0.854101 0.932758 0.216256 0.170590 3.566171 -2.738338
0.268000 0.546537 -0.102474 0.208380 -0.853913 0.936313 0.213509 0.205571 3.542375 -2.754593
0.269000 0.545683 -0.101535 0.208592 -0.853690 0.939843 0.210747 0.240879 3.518498 -2.770774
0.270000 0.544830 -0.100594 0.208801 -0.853431 0.943350 0.207968 0.276587 3.494319 -2.786919
0.271000 0.543976 -0.099649 0.209008 -0.853137 0.946832 0.205173 0.312527 3.469826 -2.803018
0.272000 0.543123 -0.098700 0.209212 -0.852806 0.950289 0.202362 0.348541 3.445085 -2.819058
0.273000 0.542271 -0.097748 0.209413 -0.852440 0.953722 0.199535 0.384488 3.420291 -2.835024
0.274000 0.541419 -0.096793 0.209611 -0.852037 0.957130 0.196692 0.420232 3.395715 -2.850896
0.275000 0.540567 -0.095834 0.209806 -0.851599 0.960513 0.193833 0.455866 3.371348 -2.866703
0.276000 0.539715 -0.094872 0.209998 -0.851126 0.963873 0.190958 0.491649 3.346941 -2.882490
0.277000 0.538864 -0.093906 0.210188 -0.850616 0.967207 0.188068 0.527625 3.322453 -2.898232
0.278000 0.538014 -0.092937 0.210374 -0.850070 0.970517 0.185162 0.563639 3.298067 -2.913841
0.279000 0.537164 -0.091965 0.210558 -0.849489 0.973803 0.182240 0.599731 3.273722 -2.929285
0.280000 0.536315 -0.090990 0.210739 -0.848871 0.977065 0.179303 0.636148 3.249075 -2.944600
0.281000 0.535467 -0.090011 0.210917 -0.848217 0.980301 0.176351 0.672956 3.223892 -2.959796
0.282000 0.534619 -0.089029 0.211092 -0.847525 0.983513 0.173384 0.709983 3.198166 -2.974831
0.283000 0.533772 -0.088044 0.211264 -0.846797 0.986698 0.170401 0.747066 3.171969 -2.989662
0.284000 0.532925 -0.087056 0.211432 -0.846031 0.989857 0.167404 0.784057 3.145524 -3.004243
0.285000 0.532079 -0.086064 0.211598 -0.845228 0.992989 0.164393 0.820816 3.119137 -3.018524
0.286000 0.531235 -0.085070 0.211761 -0.844389 0.996095 0.161367 0.857431 3.092816 -3.032503
0.287000 0.530391 -0.084072 0.211921 -0.843514 0.999174 0.158328 0.894163 3.066306 -3.046218
0.288000 0.529548 -0.083071 0.212078 -0.842601 1.002227 0.155275 0.931076 3.039563 -3.059660
0.289000 0.528705 -0.082068 0.212232 -0.841651 1.005254 0.152209 0.968040 3.012768 -3.072779
0.290000 0.527864 -0.081061 0.212382 -0.840665 1.008253 0.149129 1.005113 2.985855 -3.085564
0.291000 0.527024 -0.080051 0.212530 -0.839641 1.011225 0.146038 1.042545 2.958465 -3.098060
0.292000 0.526185 -0.079038 0.212674 -0.838580 1.014170 0.142933 1.080393 2.930361 -3.110299
0.293000 0.525347 -0.078023 0.212816 -0.837480 1.017086 0.139817 1.118476 2.901536 -3.122277
0.294000 0.524510 -0.077004 0.212954 -0.836343 1.019973 0.136689 1.156622 2.872066 -3.133978
0.295000 0.523674 -0.075983 0.213089 -0.835167 1.022830 0.133549 1.194672 2.842177 -3.145370
0.296000 0.522840 -0.074959 0.213221 -0.833954 1.025657 0.130398 1.232477 2.812177 -3.156406
0.297000 0.522006 -0.073931 0.213350 -0.832702 1.028455 0.127236 1.270113 2.782072 -3.167080
0.298000 0.521174 -0.072902 0.213476 -0.831413 1.031222 0.124064 1.307832 2.751594 -3.177415
0.299000 0.520344 -0.071869 0.213598 -0.830087 1.033958 0.120881 1.345684 2.720695 -3.187398
0.300000 0.519514 -0.070834 0.213717 -0.828722 1.036663 0.117689 1.383528 2.689558 -3.196978
0.301000 0.518686 -0.069796 0.213833 -0.827319 1.039337 0.114487 1.421409 2.658115 -3.206139
0.302000 0.517860 -0.068755 0.213946 -0.825879 1.041979 0.111277 1.459564 2.625997 -3.214912
0.303000 0.517034 -0.067712 0.214056 -0.824400 1.044589 0.108058 1.498037 2.592962 -3.223322
0.304000 0.516211 -0.066666 0.214162 -0.822883 1.047165 0.104830 1.536637 2.559011 -3.231368
0.305000 0.515389 -0.065617 0.214266 -0.821327 1.049707 0.101595 1.575185 2.524225 -3.239036
0.306000 0.514568 -0.064566 0.214366 -0.819733 1.052213 0.098352 1.613537 2.488837 -3.246293
0.307000 0.513749 -0.063513 0.214462 -0.818100 1.054685 0.095102 1.651560 2.453163 -3.253097
0.308000 0.512932 -0.062457 0.214556 -0.816430 1.057120 0.091846 1.689342 2.417207 -3.259435
0.309000 0.512116 -0.061399 0.214646 -0.814721 1.059519 0.088583 1.727141 2.380705 -3.265326
0.310000 0.511302 -0.060338 0.214733 -0.812975 1.061881 0.085315 1.765019 2.343634 -3.270776
0.311000 0.510490 -0.059275 0.214817 -0.811191 1.064206 0.082042 1.802803 2.306266 -3.275762
0.312000 0.509680 -0.058210 0.214897 -0.809370 1.066494 0.078764 1.840324 2.268793 -3.280271
0.313000 0.508872 -0.057142 0.214974 -0.807511 1.068744 0.075481 1.877405 2.231268 -3.284299
0.314000 0.508065 -0.056072 0.215048 -0.805615 1.070956 0.072195 1.913872 2.193666 -3.287847
0.315000 0.507260 -0.055000 0.215119 -0.803683 1.073131 0.068906 1.949777 2.155726 -3.290933
0.316000 0.506458 -0.053926 0.215186 -0.801715 1.075268 0.065613 1.985364 2.117097 -3.293573
0.317000 0.505657 -0.052850 0.215250 -0.799712 1.077365 0.062318 2.020707 2.077798 -3.295754
0.318000 0.504858 -0.051771 0.215311 -0.797674 1.079423 0.059022 2.055703 2.038142 -3.297435
0.319000 0.504062 -0.050691 0.215368 -0.795601 1.081442 0.055724 2.090423 1.998160 -3.298598
0.320000 0.503267 -0.049608 0.215422 -0.793493 1.083420 0.052425 2.125125 1.957584 -3.299258
0.321000 0.502475 -0.048524 0.215473 -0.791351 1.085357 0.049125 2.159902 1.916370 -3.299436
0.322000 0.501684 -0.047438 0.215520 -0.789173 1.087252 0.045826 2.194629 1.874770 -3.299146
0.323000 0.500896 -0.046349 0.215564 -0.786961 1.089106 0.042527 2.229166 1.832962 -3.298400
0.324000 0.500110 -0.045259 0.215605 -0.784715 1.090918 0.039229 2.263335 1.791005 -3.297203
0.325000 0.499327 -0.044168 0.215643 -0.782435 1.092688 0.035932 2.296901 1.748951 -3.295558
0.326000 0.498546 -0.043074 0.215677 -0.780121 1.094416 0.032638 2.329683 1.706884 -3.293455
0.327000 0.497767 -0.041979 0.215708 -0.777775 1.096102 0.029345 2.361530 1.665055 -3.290866
0.328000 0.496990 -0.040882 0.215736 -0.775398 1.097746 0.026056 2.392305 1.623804 -3.287752
0.329000 0.496216 -0.039783 0.215760 -0.772991 1.099350 0.022770 2.422087 1.583148 -3.284088
0.330000 0.495444 -0.038683 0.215781 -0.770554 1.100913 0.019488 2.451130 1.542811 -3.279877
0.331000 0.494675 -0.037581 0.215799 -0.768088 1.102435 0.016210 2.479533 1.502757 -3.275138
0.332000 0.493908 -0.036478 0.215814 -0.765595 1.103918 0.012938 2.507228 1.463206 -3.269886
0.333000 0.493143 -0.035374 0.215825 -0.763074 1.105362 0.009670 2.534308 1.424101 -3.264137
0.334000 0.492382 -0.034267 0.215833 -0.760526 1.106766 0.006409 2.561007 1.385060 -3.257902
0.335000 0.491622 -0.033160 0.215838 -0.757952 1.108132 0.003155 2.587363 1.345834 -3.251187
0.336000 0.490866 -0.032051 0.215839 -0.755351 1.109458 -0.000093 2.613193 1.306434 -3.243997
0.337000 0.490112 -0.030941 0.215838 -0.752725 1.110745 -0.003333 2.638325 1.266961 -3.236323
0.338000 0.489360 -0.029830 0.215833 -0.750075 1.111992 -0.006566 2.662619 1.227686 -3.228137
0.339000 0.488612 -0.028717 0.215825 -0.747400 1.113200 -0.009790 2.685945 1.188970 -3.219401
0.340000 0.487866 -0.027603 0.215813 -0.744703 1.114370 -0.013005 2.708385 1.150839 -3.210087
0.341000 0.487122 -0.026488 0.215799 -0.741983 1.115502 -0.016210 2.730196 1.113012 -3.200204
0.342000 0.486382 -0.025372 0.215781 -0.739243 1.116596 -0.019405 2.751501 1.075442 -3.189812
0.343000 0.485644 -0.024255 0.215760 -0.736480 1.117653 -0.022589 2.772275 1.038333 -3.178997
0.344000 0.484909 -0.023137 0.215736 -0.733698 1.118673 -0.025763 2.792632 1.001619 -3.167816
0.345000 0.484176 -0.022018 0.215708 -0.730895 1.119656 -0.028925 2.812811 0.964911 -3.156286
0.346000 0.483447 -0.020898 0.215678 -0.728072 1.120602 -0.032076 2.832850 0.927976 -3.144412
0.347000 0.482720 -0.019777 0.215644 -0.725230 1.121512 -0.035214 2.852570 0.890844 -3.132196
0.348000 0.481996 -0.018655 0.215607 -0.722367 1.122384 -0.038340 2.871808 0.853619 -3.119633
0.349000 0.481275 -0.017532 0.215567 -0.719486 1.123219 -0.041453 2.890428 0.816545 -3.106695
0.350000 0.480557 -0.016408 0.215524 -0.716586 1.124017 -0.044553 2.908309 0.779940 -3.093347
0.351000 0.479842 -0.015284 0.215478 -0.713669 1.124779 -0.047640 2.925527 0.743794 -3.079552
0.352000 0.479130 -0.014159 0.215429 -0.710735 1.125505 -0.050712 2.942332 0.707805 -3.065307
0.353000 0.478421 -0.013033 0.215377 -0.707785 1.126195 -0.053770 2.958842 0.671915 -3.050665
0.354000 0.477714 -0.011906 0.215322 -0.704818 1.126849 -0.056814 2.975035 0.636317 -3.035713
0.355000 0.477011 -0.010779 0.215263 -0.701835 1.127467 -0.059842 2.991024 0.600936 -3.020502
0.356000 0.476311 -0.009651 0.215202 -0.698836 1.128050 -0.062855 3.007034 0.565377 -3.005036
0.357000 0.475613 -0.008523 0.215138 -0.695820 1.128598 -0.065852 3.023101 0.529396 -2.989312
0.358000 0.474919 -0.007394 0.215070 -0.692789 1.129109 -0.068833 3.039051 0.493014 -2.973337
0.359000 0.474228 -0.006265 0.215000 -0.689742 1.129584 -0.071799 3.054724 0.456331 -2.957096
0.360000 0.473540 -0.005135 0.214927 -0.686680 1.130022 -0.074748 3.069988 0.419581 -2.940540
0.361000 0.472855 -0.004005 0.214850 -0.683602 1.130423 -0.077680 3.084725 0.383076 -2.923602
0.362000 0.472172 -0.002874 0.214771 -0.680510 1.130788 -0.080595 3.099008 0.346798 -2.906216
0.363000 0.471493 -0.001743 0.214689 -0.677404 1.131117 -0.083492 3.113074 0.310428 -2.888369
0.364000 0.470818 -0.000612 0.214604 -0.674284 1.131409 -0.086372 3.127036 0.273878 -2.870132
0.365000 0.470145 0.000520 0.214516 -0.671150 1.131665 -0.089232 3.140873 0.237302 -2.851627
0.366000 0.469475 0.001651 0.214426 -0.668003 1.131884 -0.092075 3.154693 0.200595 -2.832926
0.367000 0.468809 0.002783 0.214332 -0.664841 1.132066 -0.094898 3.168709 0.163357 -2.814033
0.368000 0.468146 0.003916 0.214236 -0.661665 1.132210 -0.097703 3.182950 0.125365 -2.794944
0.369000 0.467486 0.005048 0.214137 -0.658475 1.132316 -0.100488 3.197246 0.086670 -2.775668
0.370000 0.466829 0.006180 0.214035 -0.655271 1.132384 -0.103254 3.211438 0.047380 -2.756195
0.371000 0.466175 0.007313 0.213930 -0.652052 1.132411 -0.106001 3.225398 0.007715 -2.736483
0.372000 0.465525 0.008445 0.213823 -0.648820 1.132399 -0.108727 3.239008 -0.032051 -2.716468
0.373000 0.464877 0.009577 0.213713 -0.645574 1.132347 -0.111434 3.252335 -0.071961 -2.696081
0.374000 0.464233 0.010710 0.213600 -0.642315 1.132255 -0.114119 3.265602 -0.112334 -2.675286
0.375000 0.463593 0.011842 0.213485 -0.639043 1.132122 -0.116784 3.278916 -0.153238 -2.654128
0.376000 0.462955 0.012974 0.213367 -0.635757 1.131949 -0.119428 3.292220 -0.194431 -2.632705
0.377000 0.462321 0.014106 0.213246 -0.632458 1.131734 -0.122049 3.305437 -0.235720 -2.611097
0.378000 0.461690 0.015237 0.213122 -0.629146 1.131477 -0.124650 3.318455 -0.277005 -2.589348
0.379000 0.461063 0.016369 0.212997 -0.625822 1.131180 -0.127228 3.331144 -0.318237 -2.567484
0.380000 0.460439 0.017500 0.212868 -0.622484 1.130841 -0.129785 3.343546 -0.359637 -2.545488
0.381000 0.459818 0.018630 0.212737 -0.619134 1.130460 -0.132319 3.355850 -0.401595 -2.523295
0.382000 0.459201 0.019761 0.212603 -0.615772 1.130038 -0.134831 3.368117 -0.444187 -2.500837
0.383000 0.458586 0.020890 0.212467 -0.612398 1.129572 -0.137321 3.380236 -0.487162 -2.478063
0.384000 0.457976 0.022020 0.212329 -0.609012 1.129063 -0.139787 3.392113 -0.530274 -2.454963
0.385000 0.457368 0.023149 0.212188 -0.605614 1.128511 -0.142231 3.403680 -0.573294 -2.431600
0.386000 0.456765 0.024277 0.212044 -0.602205 1.127917 -0.144651 3.414884 -0.615997 -2.408080
0.387000 0.456164 0.025404 0.211898 -0.598784 1.127279 -0.147047 3.425817 -0.658486 -2.384446
0.388000 0.455567 0.026531 0.211750 -0.595353 1.126600 -0.149420 3.436668 -0.701144 -2.360669
0.389000 0.454973 0.027658 0.211600 -0.591911 1.125877 -0.151768 3.447453 -0.744166 -2.336718
0.390000 0.454383 0.028783 0.211447 -0.588458 1.125111 -0.154093 3.458005 -0.787464 -2.312588
0.391000 0.453796 0.029908 0.211291 -0.584995 1.124302 -0.156393 3.468181 -0.830917 -2.288262
0.392000 0.453213 0.031032 0.211134 -0.581522 1.123449 -0.158669 3.477879 -0.874341 -2.263706
0.393000 0.452633 0.032155 0.210974 -0.578039 1.122553 -0.160921 3.487021 -0.917517 -2.238875
0.394000 0.452057 0.033277 0.210812 -0.574548 1.121614 -0.163147 3.495685 -0.960533 -2.213706
0.395000 0.451484 0.034398 0.210648 -0.571048 1.120632 -0.165348 3.504087 -1.003729 -2.188162
0.396000 0.450915 0.035518 0.210481 -0.567540 1.119607 -0.167524 3.512346 -1.047190 -2.162319
0.397000 0.450349 0.036637 0.210313 -0.564023 1.118538 -0.169673 3.520440 -1.090695 -2.136328
0.398000 0.449787 0.037755 0.210142 -0.560499 1.117426 -0.171796 3.528319 -1.134054 -2.110307
0.399000 0.449228 0.038872 0.209969 -0.556966 1.116270 -0.173894 3.535884 -1.177138 -2.084308
0.400000 0.448673 0.039988 0.209794 -0.553427 1.115071 -0.175965 3.543005 -1.219850 -2.058347
0.401000 0.448121 0.041102 0.209617 -0.549880 1.113830 -0.178010 3.549710 -1.262374 -2.032387
0.402000 0.447573 0.042215 0.209438 -0.546327 1.112547 -0.180030 3.556157 -1.305082 -2.006337
0.403000 0.447029 0.043327 0.209257 -0.542768 1.111220 -0.182023 3.562391 -1.348059 -1.980108
0.404000 0.446488 0.044438 0.209074 -0.539203 1.109850 -0.183990 3.568306 -1.391069 -1.953640
0.405000 0.445950 0.045547 0.208889 -0.535632 1.108438 -0.185930 3.573828 -1.433886 -1.926924
0.406000 0.445416 0.046655 0.208702 -0.532055 1.106983 -0.187844 3.578939 -1.476294 -1.900038
0.407000 0.444886 0.047761 0.208513 -0.528474 1.105485 -0.189730 3.583622 -1.518030 -1.873123
0.408000 0.444359 0.048866 0.208323 -0.524888 1.103947 -0.191590 3.587843 -1.558918 -1.846284
0.409000 0.443836 0.049969 0.208130 -0.521298 1.102367 -0.193423 3.591486 -1.598826 -1.819581
0.410000 0.443317 0.051070 0.207936 -0.517705 1.100749 -0.195229 3.594393 -1.637646 -1.793045
0.411000 0.442801 0.052170 0.207740 -0.514109 1.099092 -0.197009 3.596558 -1.675550 -1.766645
0.412000 0.442289 0.053269 0.207542 -0.510512 1.097398 -0.198762 3.598127 -1.712904 -1.740281
0.413000 0.441780 0.054365 0.207342 -0.506913 1.095666 -0.200489 3.599158 -1.749806 -1.713849
0.414000 0.441275 0.055460 0.207141 -0.503313 1.093898 -0.202190 3.599604 -1.786101 -1.687254
0.415000 0.440773 0.056553 0.206938 -0.499714 1.092094 -0.203864 3.599525 -1.821876 -1.660395
0.416000 0.440275 0.057644 0.206733 -0.496114 1.090254 -0.205511 3.599105 -1.857462 -1.633206
0.417000 0.439781 0.058733 0.206527 -0.492516 1.088379 -0.207130 3.598443 -1.892943 -1.605748
0.418000 0.439290 0.059821 0.206319 -0.488917 1.086469 -0.208722 3.597518 -1.928102 -1.578171
0.419000 0.438803 0.060906 0.206109 -0.485320 1.084523 -0.210287 3.596278 -1.962744 -1.550600
0.420000 0.438320 0.061990 0.205898 -0.481725 1.082543 -0.211824 3.594620 -1.996717 -1.523109
0.421000 0.437840 0.063071 0.205686 -0.478131 1.080530 -0.213333 3.592415 -2.029895 -1.495750
0.422000 0.437363 0.064151 0.205472 -0.474540 1.078483 -0.214815 3.589671 -2.062432 -1.468501
0.423000 0.436891 0.065228 0.205256 -0.470952 1.076405 -0.216270 3.586525 -2.094685 -1.441264
0.424000 0.436422 0.066304 0.205039 -0.467367 1.074294 -0.217698 3.583029 -2.126757 -1.413943
0.425000 0.435956 0.067377 0.204821 -0.463786 1.072151 -0.219098 3.579127 -2.158505 -1.386464
0.426000 0.435494 0.068448 0.204601 -0.460209 1.069977 -0.220470 3.574873 -2.190023 -1.358734
0.427000 0.435036 0.069517 0.204380 -0.456636 1.067771 -0.221815 3.570440 -2.221642 -1.330691
0.428000 0.434581 0.070584 0.204157 -0.453068 1.065534 -0.223132 3.565944 -2.253451 -1.302407
0.429000 0.434129 0.071648 0.203934 -0.449504 1.063264 -0.224420 3.561392 -2.285243 -1.274052
0.430000 0.433682 0.072710 0.203709 -0.445945 1.060963 -0.225680 3.556742 -2.316828 -1.245759
0.431000 0.433238 0.073770 0.203482 -0.442391 1.058631 -0.226912 3.551877 -2.348042 -1.217599
0.432000 0.432797 0.074827 0.203255 -0.438841 1.056267 -0.228115 3.546631 -2.378737 -1.189609
0.433000 0.432360 0.075883 0.203026 -0.435297 1.053873 -0.229291 3.540975 -2.409043 -1.161751
0.434000 0.431926 0.076935 0.202796 -0.431759 1.051449 -0.230439 3.535021 -2.439307 -1.133916
0.435000 0.431496 0.077985 0.202565 -0.428227 1.048995 -0.231559 3.528805 -2.469630 -1.105993
0.436000 0.431070 0.079033 0.202333 -0.424702 1.046510 -0.232651 3.522269 -2.499880 -1.077893
0.437000 0.430647 0.080078 0.202100 -0.421183 1.043995 -0.233714 3.515454 -2.530154 -1.049512
0.438000 0.430228 0.081121 0.201866 -0.417671 1.041449 -0.234750 3.508516 -2.560777 -1.020774
0.439000 0.429812 0.082161 0.201630 -0.414166 1.038873 -0.235756 3.501561 -2.591841 -0.991738
0.440000 0.429399 0.083199 0.201394 -0.410668 1.036266 -0.236733 3.494593 -2.623147 -0.962564
0.441000 0.428990 0.084234 0.201157 -0.407177 1.033627 -0.237681 3.487582 -2.654504 -0.933383
0.442000 0.428585 0.085266 0.200919 -0.403693 1.030957 -0.238600 3.480432 -2.685731 -0.904279
0.443000 0.428183 0.086296 0.200680 -0.400216 1.028255 -0.239490 3.473009 -2.716655 -0.875313
0.444000 0.427784 0.087323 0.200440 -0.396747 1.025523 -0.240351 3.465300 -2.747383 -0.846463
0.445000 0.427389 0.088347 0.200199 -0.393285 1.022761 -0.241183 3.457409 -2.778255 -0.817641
0.446000 0.426998 0.089368 0.199957 -0.389832 1.019967 -0.241986 3.449363 -2.809395 -0.788777
0.447000 0.426610 0.090387 0.199715 -0.386386 1.017142 -0.242760 3.441101 -2.840711 -0.759839
0.448000 0.426225 0.091402 0.199472 -0.382950 1.014286 -0.243506 3.432655 -2.872324 -0.730764
0.449000 0.425844 0.092415 0.199228 -0.379521 1.011397 -0.244222 3.424164 -2.904560 -0.701487
0.450000 0.425466 0.093425 0.198983 -0.376101 1.008476 -0.244908 3.415722 -2.937512 -0.672062
0.451000 0.425092 0.094432 0.198738 -0.372690 1.005522 -0.245566 3.407335 -2.970986 -0.642635
0.452000 0.424721 0.095436 0.198492 -0.369287 1.002534 -0.246194 3.398969 -3.004784 -0.613321
0.453000 0.424353 0.096437 0.198246 -0.365892 0.999513 -0.246792 3.390527 -3.038707 -0.584169
0.454000 0.423989 0.097435 0.197999 -0.362505 0.996457 -0.247362 3.381874 -3.072554 -0.555196
0.455000 0.423628 0.098430 0.197751 -0.359128 0.993368 -0.247903 3.372988 -3.106403 -0.526349
0.456000 0.423271 0.099422 0.197503 -0.355760 0.990244 -0.248415 3.363955 -3.140570 -0.497508
0.457000 0.422917 0.100411 0.197254 -0.352400 0.987086 -0.248898 3.354795 -3.175176 -0.468572
0.458000 0.422566 0.101396 0.197005 -0.349050 0.983894 -0.249352 3.345443 -3.210131 -0.439467
0.459000 0.422218 0.102379 0.196756 -0.345709 0.980666 -0.249777 3.335921 -3.245551 -0.410098
0.460000 0.421874 0.103358 0.196506 -0.342378 0.977403 -0.250172 3.326354 -3.281763 -0.380385
0.461000 0.421534 0.104333 0.196255 -0.339057 0.974103 -0.250538 3.316826 -3.318876 -0.350373
0.462000 0.421196 0.105306 0.196004 -0.335744 0.970765 -0.250873 3.307342 -3.356731 -0.320207
0.463000 0.420862 0.106275 0.195753 -0.332442 0.967389 -0.251178 3.297868 -3.395150 -0.290014
0.464000 0.420531 0.107241 0.195502 -0.329149 0.963975 -0.251453 3.288306 -3.433919 -0.259892
0.465000 0.420204 0.108203 0.195251 -0.325865 0.960521 -0.251698 3.278522 -3.472805 -0.229921
0.466000 0.419880 0.109162 0.194999 -0.322592 0.957029 -0.251913 3.268487 -3.511855 -0.200094
0.467000 0.419559 0.110117 0.194747 -0.319328 0.953498 -0.252098 3.258282 -3.551372 -0.170321
0.468000 0.419241 0.111069 0.194495 -0.316075 0.949926 -0.252253 3.247942 -3.591490 -0.140523
0.469000 0.418927 0.112017 0.194242 -0.312832 0.946315 -0.252379 3.237438 -3.632151 -0.110658
0.470000 0.418615 0.112961 0.193990 -0.309600 0.942662 -0.252475 3.226808 -3.673489 -0.080654
0.471000 0.418307 0.113902 0.193737 -0.306379 0.938968 -0.252540 3.216170 -3.715823 -0.050436
0.472000 0.418003 0.114839 0.193485 -0.303168 0.935230 -0.252576 3.205605 -3.759256 -0.020051
0.473000 0.417701 0.115773 0.193232 -0.299968 0.931449 -0.252580 3.195117 -3.803625 0.010362
0.474000 0.417403 0.116702 0.192980 -0.296778 0.927623 -0.252555 3.184674 -3.848750 0.040685
0.475000 0.417107 0.117628 0.192727 -0.293598 0.923752 -0.252499 3.174178 -3.894414 0.070850
0.476000 0.416815 0.118550 0.192475 -0.290429 0.919834 -0.252413 3.163496 -3.940381 0.100812
0.477000 0.416527 0.119467 0.192222 -0.287271 0.915871 -0.252297 3.152591 -3.986686 0.130602
0.478000 0.416241 0.120381 0.191970 -0.284124 0.911861 -0.252152 3.141530 -4.033610 0.160325
0.479000 0.415958 0.121291 0.191718 -0.280988 0.907804 -0.251977 3.130342 -4.081278 0.190059
0.480000 0.415679 0.122197 0.191466 -0.277863 0.903698 -0.251772 3.118996 -4.129623 0.219846
0.481000 0.415403 0.123099 0.191214 -0.274750 0.899544 -0.251537 3.107524 -4.178766 0.249761
0.482000 0.415129 0.123996 0.190963 -0.271648 0.895341 -0.251272 3.096032 -4.229016 0.279887
0.483000 0.414859 0.124889 0.190712 -0.268558 0.891086 -0.250977 3.084592 -4.280486 0.310203
0.484000 0.414592 0.125778 0.190461 -0.265479 0.886780 -0.250652 3.073212 -4.333042 0.340601
0.485000 0.414328 0.126663 0.190210 -0.262412 0.882420 -0.250296 3.061872 -4.386519 0.370988
0.486000 0.414067 0.127543 0.189960 -0.259355 0.878007 -0.249910 3.050503 -4.440704 0.401303
0.487000 0.413810 0.128419 0.189711 -0.256311 0.873539 -0.249494 3.039007 -4.495354 0.431500
0.488000 0.413555 0.129290 0.189461 -0.253277 0.869016 -0.249047 3.027367 -4.550485 0.461608
0.489000 0.413303 0.130157 0.189213 -0.250256 0.864438 -0.248570 3.015647 -4.606354 0.491729
0.490000 0.413054 0.131019 0.188964 -0.247246 0.859803 -0.248063 3.003873 -4.663067 0.521936
0.491000 0.412809 0.131876 0.188716 -0.244248 0.855112 -0.247526 2.992014 -4.720544 0.552270
0.492000 0.412566 0.132729 0.188469 -0.241262 0.850362 -0.246959 2.980096 -4.778890 0.582800
0.493000 0.412326 0.133577 0.188223 -0.238288 0.845554 -0.246361 2.968213 -4.838394 0.613604
0.494000 0.412089 0.134420 0.187976 -0.235326 0.840686 -0.245732 2.956431 -4.899174 0.644659
0.495000 0.411855 0.135259 0.187731 -0.232375 0.835756 -0.245071 2.944762 -4.961118 0.675849
0.496000 0.411625 0.136092 0.187486 -0.229436 0.830763 -0.244380 2.933190 -5.024071 0.707079
0.497000 0.411397 0.136920 0.187242 -0.226509 0.825708 -0.243657 2.921649 -5.087818 0.738280
0.498000 0.411172 0.137743 0.186999 -0.223593 0.820588 -0.242903 2.910045 -5.152100 0.769401
0.499000 0.410949 0.138561 0.186756 -0.220689 0.815403 -0.242119 2.898356 -5.216914 0.800463
0.500000 0.410730 0.139374 0.186515 -0.217796 0.810154 -0.241303 2.886635 -5.282495 0.831550
0.501000 0.410514 0.140182 0.186274 -0.214915 0.804838 -0.240455 2.874903 -5.348946 0.862706
0.502000 0.410300 0.140984 0.186034 -0.212046 0.799456 -0.239577 2.863132 -5.416206 0.893925
0.503000 0.410090 0.141780 0.185795 -0.209189 0.794006 -0.238668 2.851344 -5.484375 0.925251
0.504000 0.409882 0.142572 0.185557 -0.206344 0.788487 -0.237727 2.839622 -5.553719 0.956764
0.505000 0.409677 0.143357 0.185319 -0.203510 0.782898 -0.236754 2.828028 -5.624331 0.988479
0.506000 0.409475 0.144138 0.185083 -0.200688 0.777239 -0.235750 2.816578 -5.696077 1.020343
0.507000 0.409276 0.144912 0.184848 -0.197877 0.771506 -0.234713 2.805261 -5.768784 1.052313
0.508000 0.409079 0.145681 0.184614 -0.195077 0.765701 -0.233645 2.794014 -5.842213 1.084356
0.509000 0.408885 0.146443 0.184380 -0.192289 0.759822 -0.232545 2.782750 -5.916084 1.116450
0.510000 0.408695 0.147200 0.184148 -0.189512 0.753869 -0.231412 2.771442 -5.990360 1.148634
0.511000 0.408506 0.147951 0.183918 -0.186746 0.747841 -0.230247 2.760135 -6.065238 1.181000
0.512000 0.408321 0.148696 0.183688 -0.183991 0.741738 -0.229050 2.748844 -6.140790 1.213609
0.513000 0.408138 0.149435 0.183460 -0.181248 0.735560 -0.227820 2.737548 -6.216925 1.246480
0.514000 0.407959 0.150167 0.183232 -0.178516 0.729304 -0.226557 2.726262 -6.293709 1.279670
0.515000 0.407781 0.150893 0.183006 -0.175796 0.722972 -0.225261 2.715050 -6.371368 1.313257
0.516000 0.407607 0.151613 0.182782 -0.173086 0.716562 -0.223931 2.703947 -6.449955 1.347248
0.517000 0.407435 0.152326 0.182559 -0.170388 0.710072 -0.222566 2.692941 -6.529311 1.381574
0.518000 0.407266 0.153033 0.182337 -0.167700 0.703503 -0.221168 2.682001 -6.609244 1.416169
0.519000 0.407100 0.153733 0.182116 -0.165024 0.696854 -0.219734 2.671061 -6.689510 1.450963
0.520000 0.406936 0.154427 0.181897 -0.162358 0.690124 -0.218266 2.660037 -6.769831 1.485885
0.521000 0.406775 0.155114 0.181680 -0.159704 0.683314 -0.216762 2.648902 -6.850157 1.520934
0.522000 0.406617 0.155793 0.181464 -0.157060 0.676424 -0.215224 2.637690 -6.930660 1.556181
0.523000 0.406461 0.156466 0.181249 -0.154428 0.669453 -0.213650 2.626416 -7.011393 1.591668
0.524000 0.406308 0.157132 0.181036 -0.151807 0.662401 -0.212040 2.615061 -7.092266 1.627401
0.525000 0.406157 0.157791 0.180825 -0.149198 0.655268 -0.210395 2.603642 -7.173329 1.663421
0.526000 0.406010 0.158443 0.180616 -0.146600 0.648054 -0.208714 2.592213 -7.254775 1.699792
0.527000 0.405864 0.159087 0.180408 -0.144014 0.640759 -0.206995 2.580807 -7.336642 1.736503
0.528000 0.405721 0.159724 0.180202 -0.141439 0.633381 -0.205241 2.569430 -7.418808 1.773484
0.529000 0.405581 0.160354 0.179997 -0.138875 0.625921 -0.203449 2.558112 -7.501292 1.810721
0.530000 0.405444 0.160976 0.179795 -0.136322 0.618378 -0.201619 2.546897 -7.584228 1.848261
0.531000 0.405309 0.161591 0.179594 -0.133781 0.610753 -0.199752 2.535784 -7.667547 1.886107
0.532000 0.405176 0.162198 0.179395 -0.131251 0.603043 -0.197847 2.524728 -7.750962 1.924209
0.533000 0.405046 0.162797 0.179198 -0.128732 0.595251 -0.195904 2.513678 -7.834213 1.962531
0.534000 0.404919 0.163388 0.179003 -0.126223 0.587375 -0.193922 2.502583 -7.917094 2.001066
0.535000 0.404794 0.163972 0.178810 -0.123726 0.579417 -0.191901 2.491388 -7.999425 2.039822
0.536000 0.404671 0.164547 0.178620 -0.121241 0.571376 -0.189842 2.480080 -8.081202 2.078847
0.537000 0.404551 0.165114 0.178431 -0.118766 0.563254 -0.187744 2.468688 -8.162558 2.118192
0.538000 0.404434 0.165674 0.178244 -0.116303 0.555051 -0.185606 2.457217 -8.243476 2.157831
0.539000 0.404319 0.166224 0.178060 -0.113852 0.546767 -0.183428 2.445638 -8.323743 2.197661
0.540000 0.404206 0.166767 0.177877 -0.111412 0.538404 -0.181210 2.433911 -8.403107 2.237586
0.541000 0.404096 0.167301 0.177697 -0.108984 0.529961 -0.178953 2.421976 -8.481244 2.277524
0.542000 0.403988 0.167827 0.177519 -0.106568 0.521441 -0.176655 2.409764 -8.557789 2.317400
0.543000 0.403883 0.168344 0.177344 -0.104164 0.512845 -0.174318 2.397248 -8.632588 2.357197
0.544000 0.403780 0.168853 0.177171 -0.101774 0.504176 -0.171941 2.384450 -8.705706 2.396955
0.545000 0.403679 0.169353 0.177000 -0.099396 0.495434 -0.169524 2.371384 -8.777137 2.436677
0.546000 0.403581 0.169844 0.176832 -0.097031 0.486622 -0.167068 2.358040 -8.846723 2.476312
0.547000 0.403485 0.170326 0.176666 -0.094679 0.477741 -0.164572 2.344409 -8.914291 2.515789
0.548000 0.403392 0.170799 0.176503 -0.092342 0.468793 -0.162036 2.330476 -8.979643 2.555005
0.549000 0.403300 0.171263 0.176342 -0.090019 0.459781 -0.159462 2.316225 -9.042563 2.593836
0.550000 0.403212 0.171719 0.176184 -0.087710 0.450708 -0.156848 2.301662 -9.102983 2.632224
0.551000 0.403125 0.172165 0.176028 -0.085415 0.441575 -0.154197 2.286802 -9.160940 2.670169
0.552000 0.403041 0.172602 0.175875 -0.083136 0.432386 -0.151508 2.271623 -9.216300 2.707631
0.553000 0.402959 0.173030 0.175725 -0.080872 0.423143 -0.148782 2.256064 -9.268747 2.744512
0.554000 0.402879 0.173448 0.175578 -0.078624 0.413848 -0.146019 2.240075 -9.317988 2.780717
0.555000 0.402801 0.173857 0.175433 -0.076392 0.404507 -0.143220 2.223616 -9.363784 2.816166
0.556000 0.402726 0.174257 0.175291 -0.074177 0.395121 -0.140387 2.206652 -9.405920 2.850784
0.557000 0.402653 0.174647 0.175152 -0.071979 0.385695 -0.137519 2.189177 -9.444322 2.884543
0.558000 0.402582 0.175028 0.175016 -0.069798 0.376232 -0.134618 2.171200 -9.479026 2.917435
0.559000 0.402514 0.175400 0.174883 -0.067636 0.366737 -0.131684 2.152708 -9.509939 2.949378
0.560000 0.402447 0.175762 0.174753 -0.065493 0.357212 -0.128719 2.133662 -9.536811 2.980219
0.561000 0.402383 0.176114 0.174626 -0.063369 0.347663 -0.125724 2.114018 -9.559346 3.009809
0.562000 0.402320 0.176457 0.174501 -0.061265 0.338094 -0.122699 2.093734 -9.577180 3.038012
0.563000 0.402260 0.176791 0.174380 -0.059181 0.328509 -0.119648 2.072762 -9.589904 3.064698
0.564000 0.402202 0.177114 0.174262 -0.057119 0.318914 -0.116570 2.051081 -9.597282 3.089794
0.565000 0.402146 0.177428 0.174147 -0.055079 0.309314 -0.113468 2.028697 -9.599262 3.113273
0.566000 0.402092 0.177733 0.174035 -0.053062 0.299715 -0.110343 2.005608 -9.595732 3.135056
0.567000 0.402040 0.178028 0.173926 -0.051068 0.290123 -0.107198 1.981797 -9.586454 3.155003
0.568000 0.401990 0.178313 0.173821 -0.049098 0.280542 -0.104033 1.957242 -9.571179 3.172969
0.569000 0.401941 0.178589 0.173718 -0.047153 0.270980 -0.100852 1.931921 -9.549649 3.188808
0.570000 0.401895 0.178855 0.173619 -0.045234 0.261443 -0.097656 1.905809 -9.521599 3.202369
0.571000 0.401851 0.179112 0.173523 -0.043342 0.251937 -0.094447 1.878898 -9.486877 3.213557
0.572000 0.401809 0.179359 0.173430 -0.041477 0.242469 -0.091229 1.851189 -9.445406 3.222314
0.573000 0.401768 0.179597 0.173341 -0.039639 0.233046 -0.088003 1.822669 -9.396969 3.228513
0.574000 0.401729 0.179825 0.173254 -0.037831 0.223675 -0.084772 1.793311 -9.341219 3.231970
0.575000 0.401692 0.180044 0.173171 -0.036053 0.214364 -0.081539 1.763097 -9.277924 3.232554
0.576000 0.401657 0.180254 0.173091 -0.034305 0.205120 -0.078306 1.732035 -9.207004 3.230192
0.577000 0.401624 0.180454 0.173014 -0.032589 0.195950 -0.075078 1.700129 -9.128326 3.224771
0.578000 0.401592 0.180646 0.172941 -0.030905 0.186863 -0.071857 1.667375 -9.041658 3.216114
0.579000 0.401562 0.180828 0.172871 -0.029254 0.177867 -0.068646 1.633758 -8.946746 3.204046
0.580000 0.401534 0.181001 0.172804 -0.027637 0.168969 -0.065449 1.599247 -8.843316 3.188382
0.581000 0.401507 0.181166 0.172740 -0.026056 0.160180 -0.062269 1.563798 -8.731074 3.168940
0.582000 0.401481 0.181322 0.172679 -0.024510 0.151507 -0.059111 1.527385 -8.609822 3.145589
0.583000 0.401458 0.181469 0.172622 -0.023001 0.142960 -0.055978 1.490003 -8.479415 3.118236
0.584000 0.401435 0.181608 0.172567 -0.021530 0.134549 -0.052874 1.451645 -8.339569 3.086720
0.585000 0.401415 0.181738 0.172516 -0.020097 0.126281 -0.049805 1.412300 -8.189873 3.050823
0.586000 0.401395 0.181860 0.172467 -0.018705 0.118169 -0.046773 1.371961 -8.030029 3.010380
0.587000 0.401377 0.181974 0.172422 -0.017354 0.110221 -0.043784 1.330626 -7.859881 2.965285
0.588000 0.401360 0.182081 0.172380 -0.016044 0.102449 -0.040842 1.288286 -7.679231 2.915390
0.589000 0.401345 0.182179 0.172341 -0.014777 0.094863 -0.037953 1.244921 -7.487792 2.860486
0.590000 0.401331 0.182270 0.172304 -0.013554 0.087473 -0.035121 1.200511 -7.285267 2.800361
0.591000 0.401318 0.182354 0.172270 -0.012376 0.080292 -0.032352 1.155033 -7.071352 2.734802
0.592000 0.401306 0.182431 0.172239 -0.011244 0.073331 -0.029652 1.108466 -6.845736 2.663591
0.593000 0.401295 0.182501 0.172211 -0.010159 0.066601 -0.027025 1.060792 -6.608190 2.586567
0.594000 0.401286 0.182564 0.172185 -0.009122 0.060114 -0.024479 1.012004 -6.358528 2.503604
0.595000 0.401277 0.182621 0.172162 -0.008135 0.053884 -0.022018 0.962082 -6.096436 2.414512
0.596000 0.401270 0.182672 0.172141 -0.007198 0.047921 -0.019650 0.911001 -5.821492 2.319042
0.597000 0.401263 0.182717 0.172123 -0.006313 0.042241 -0.017380 0.858742 -5.533376 2.216997
0.598000 0.401257 0.182756 0.172106 -0.005481 0.036855 -0.015216 0.805304 -5.231896 2.108230
0.599000 0.401252 0.182791 0.172092 -0.004702 0.031777 -0.013163 0.750688 -4.916838 1.992542
0.600000 0.401248 0.182820 0.172080 -0.003979 0.027021 -0.011230 0.694899 -4.587914 1.869663
0.601000 0.401244 0.182845 0.172070 -0.003313 0.022601 -0.009424 0.637931 -4.244833 1.739340
0.602000 0.401241 0.182865 0.172061 -0.002703 0.018531 -0.007752 0.579761 -3.887297 1.601349
0.603000 0.401239 0.182882 0.172054 -0.002153 0.014826 -0.006221 0.520359 -3.515006 1.455481
0.604000 0.401237 0.182895 0.172049 -0.001663 0.011501 -0.004841 0.245173 -1.662568 0.690276
0.605000 0.401235 0.182905 0.172045 -0.001663 0.011501 -0.004841 0.245173 -1.662568 0.690276
