0.000000 0.667914 -0.192009 0.138404 -0.000242 -0.001765 0.011000 -0.329957 0.084441 0.413979
0.001000 0.667914 -0.192011 0.138414 -0.000242 -0.001765 0.011000 -0.329957 0.084441 0.413979
0.002000 0.667914 -0.192013 0.138426 -0.000902 -0.001596 0.011828 -0.674450 0.173523 0.840797
0.003000 0.667912 -0.192014 0.138438 -0.001591 -0.001418 0.012682 -0.703833 0.182928 0.866626
0.004000 0.667910 -0.192015 0.138451 -0.002310 -0.001230 0.013561 -0.733840 0.192575 0.892754
0.005000 0.667908 -0.192017 0.138465 -0.003059 -0.001033 0.014467 -0.764469 0.202466 0.919167
0.006000 0.667904 -0.192018 0.138480 -0.003839 -0.000825 0.015400 -0.795719 0.212602 0.945853
0.007000 0.667900 -0.192018 0.138496 -0.004650 -0.000608 0.016359 -0.827585 0.222984 0.972797
0.008000 0.667895 -0.192019 0.138513 -0.005494 -0.000379 0.017345 -0.860064 0.233612 0.999985
0.009000 0.667889 -0.192019 0.138530 -0.006370 -0.000141 0.018359 -0.893150 0.244488 1.027410
0.010000 0.667882 -0.192019 0.138549 -0.007280 0.000109 0.019400 -0.926838 0.255611 1.055081
0.011000 0.667875 -0.192019 0.138569 -0.008224 0.000371 0.020469 -0.961120 0.266981 1.083014
0.012000 0.667866 -0.192018 0.138590 -0.009202 0.000643 0.021566 -0.995992 0.278598 1.111218
0.013000 0.667856 -0.192017 0.138612 -0.010216 0.000928 0.022691 -1.031455 0.290462 1.139704
0.014000 0.667845 -0.192016 0.138636 -0.011265 0.001224 0.023846 -1.067525 0.302572 1.168501
0.015000 0.667834 -0.192015 0.138660 -0.012351 0.001533 0.025028 -1.104225 0.314926 1.197656
0.016000 0.667821 -0.192013 0.138686 -0.013474 0.001854 0.026241 -1.141570 0.327524 1.227198
0.017000 0.667807 -0.192011 0.138712 -0.014634 0.002188 0.027483 -1.179557 0.340364 1.257131
0.018000 0.667791 -0.192009 0.138741 -0.015833 0.002535 0.028755 -1.218175 0.353443 1.287459
0.019000 0.667775 -0.192006 0.138770 -0.017070 0.002895 0.030058 -1.257407 0.366760 1.318188
0.020000 0.667757 -0.192003 0.138801 -0.018348 0.003268 0.031391 -1.297240 0.380312 1.349318
0.021000 0.667738 -0.192000 0.138833 -0.019665 0.003656 0.032756 -1.337654 0.394096 1.380838
0.022000 0.667718 -0.191996 0.138866 -0.021023 0.004057 0.034153 -1.378632 0.408108 1.412744
0.023000 0.667696 -0.191992 0.138901 -0.022422 0.004472 0.035582 -1.420153 0.422344 1.445037
0.024000 0.667673 -0.191987 0.138937 -0.023863 0.004901 0.037043 -1.462197 0.436803 1.477710
0.025000 0.667649 -0.191982 0.138975 -0.025347 0.005345 0.038537 -1.504741 0.451490 1.510735
0.026000 0.667622 -0.191976 0.139014 -0.026873 0.005804 0.040065 -1.547761 0.466425 1.544079
0.027000 0.667595 -0.191970 0.139055 -0.028442 0.006278 0.041626 -1.591231 0.481637 1.577703
0.028000 0.667566 -0.191964 0.139098 -0.030055 0.006768 0.043220 -1.635127 0.497148 1.611569
0.029000 0.667535 -0.191957 0.139142 -0.031712 0.007273 0.044849 -1.679429 0.512971 1.645646
0.030000 0.667502 -0.191949 0.139187 -0.033414 0.007794 0.046511 -1.724133 0.529128 1.679917
0.031000 0.667468 -0.191941 0.139235 -0.035161 0.008331 0.048208 -1.769242 0.545643 1.714370
0.032000 0.667432 -0.191932 0.139284 -0.036952 0.008885 0.049940 -1.814746 0.562534 1.748987
0.033000 0.667394 -0.191923 0.139335 -0.038790 0.009456 0.051706 -1.860622 0.579805 1.783741
0.034000 0.667354 -0.191914 0.139387 -0.040674 0.010044 0.053508 -1.906833 0.597446 1.818610
0.035000 0.667313 -0.191903 0.139442 -0.042604 0.010651 0.055344 -1.953341 0.615449 1.853575
0.036000 0.667269 -0.191892 0.139498 -0.044580 0.011275 0.057215 -2.000108 0.633803 1.888611
0.037000 0.667223 -0.191881 0.139556 -0.046604 0.011918 0.059121 -2.047100 0.652499 1.923682
0.038000 0.667176 -0.191868 0.139616 -0.048675 0.012580 0.061062 -2.094299 0.671524 1.958761
0.039000 0.667126 -0.191856 0.139678 -0.050793 0.013261 0.063038 -2.141693 0.690866 1.993822
0.040000 0.667074 -0.191842 0.139742 -0.052958 0.013962 0.065050 -2.189262 0.710514 2.028834
0.041000 0.667020 -0.191828 0.139808 -0.055171 0.014682 0.067096 -2.236986 0.730453 2.063765
0.042000 0.666964 -0.191813 0.139876 -0.057432 0.015423 0.069177 -2.284866 0.750670 2.098603
0.043000 0.666905 -0.191797 0.139947 -0.059741 0.016184 0.071293 -2.332915 0.771151 2.133354
0.044000 0.666844 -0.191780 0.140019 -0.062098 0.016965 0.073444 -2.381138 0.791893 2.168019
0.045000 0.666781 -0.191763 0.140094 -0.064503 0.017768 0.075629 -2.429521 0.812903 2.202600
0.046000 0.666715 -0.191745 0.140170 -0.066957 0.018591 0.077849 -2.478041 0.834199 2.237095
0.047000 0.666647 -0.191726 0.140249 -0.069459 0.019436 0.080104 -2.526662 0.855791 2.271485
0.048000 0.666577 -0.191706 0.140330 -0.072010 0.020303 0.082392 -2.575348 0.877681 2.305732
0.049000 0.666503 -0.191685 0.140414 -0.074610 0.021191 0.084715 -2.624083 0.899876 2.339812
0.050000 0.666427 -0.191663 0.140500 -0.077258 0.022102 0.087072 -2.672864 0.922390 2.373712
0.051000 0.666349 -0.191641 0.140588 -0.079956 0.023036 0.089462 -2.721670 0.945229 2.407403
0.052000 0.666267 -0.191617 0.140679 -0.082702 0.023993 0.091887 -2.770466 0.968390 2.440840
0.053000 0.666183 -0.191593 0.140772 -0.085496 0.024973 0.094344 -2.819227 0.991880 2.473988
0.054000 0.666096 -0.191567 0.140868 -0.088340 0.025977 0.096835 -2.867938 1.015707 2.506825
0.055000 0.666007 -0.191541 0.140966 -0.091232 0.027004 0.099358 -2.916571 1.039874 2.539313
0.056000 0.665914 -0.191513 0.141066 -0.094173 0.028056 0.101913 -2.965076 1.064376 2.571409
0.057000 0.665818 -0.191485 0.141169 -0.097163 0.029133 0.104501 -3.013420 1.089213 2.603093
0.058000 0.665720 -0.191455 0.141275 -0.100200 0.030235 0.107119 -3.061577 1.114392 2.634368
0.059000 0.665618 -0.191424 0.141384 -0.103286 0.031362 0.109769 -3.109505 1.139910 2.665207
0.060000 0.665513 -0.191392 0.141495 -0.106419 0.032515 0.112450 -3.157146 1.165759 2.695547
0.061000 0.665405 -0.191359 0.141609 -0.109600 0.033693 0.115160 -3.204452 1.191933 2.725310
0.062000 0.665294 -0.191325 0.141725 -0.112828 0.034898 0.117900 -3.251386 1.218436 2.754418
0.063000 0.665179 -0.191289 0.141844 -0.116103 0.036130 0.120669 -3.297898 1.245259 2.782790
0.064000 0.665062 -0.191253 0.141966 -0.119424 0.037389 0.123466 -3.343949 1.272390 2.810361
0.065000 0.664941 -0.191215 0.142091 -0.122791 0.038675 0.126290 -3.389555 1.299819 2.837115
0.066000 0.664816 -0.191175 0.142219 -0.126203 0.039989 0.129140 -3.434767 1.327543 2.863067
0.067000 0.664688 -0.191135 0.142350 -0.129660 0.041330 0.132016 -3.479597 1.355551 2.888202
0.068000 0.664557 -0.191093 0.142483 -0.133162 0.042700 0.134917 -3.524002 1.383811 2.912473
0.069000 0.664422 -0.191049 0.142619 -0.136708 0.044098 0.137841 -3.567938 1.412286 2.935860
0.070000 0.664283 -0.191005 0.142759 -0.140298 0.045524 0.140788 -3.611376 1.440932 2.958365
0.071000 0.664141 -0.190958 0.142901 -0.143931 0.046980 0.143758 -3.654266 1.469711 2.979959
0.072000 0.663995 -0.190911 0.143046 -0.147607 0.048464 0.146748 -3.696552 1.498610 3.000576
0.073000 0.663846 -0.190861 0.143194 -0.151324 0.049977 0.149759 -3.738222 1.527656 3.020156
0.074000 0.663693 -0.190811 0.143346 -0.155083 0.051519 0.152789 -3.779303 1.556906 3.038658
0.075000 0.663536 -0.190758 0.143500 -0.158883 0.053091 0.155836 -3.819782 1.586389 3.056022
0.076000 0.663375 -0.190704 0.143657 -0.162723 0.054692 0.158901 -3.859618 1.616104 3.072200
0.077000 0.663210 -0.190649 0.143818 -0.166602 0.056323 0.161981 -3.898817 1.646057 3.087222
0.078000 0.663042 -0.190592 0.143981 -0.170520 0.057984 0.165075 -3.937430 1.676262 3.101180
0.079000 0.662869 -0.190533 0.144148 -0.174477 0.059675 0.168183 -3.975496 1.706724 3.114142
0.080000 0.662693 -0.190472 0.144318 -0.178471 0.061397 0.171303 -4.013038 1.737432 3.126145
0.081000 0.662512 -0.190410 0.144491 -0.182503 0.063150 0.174435 -4.050061 1.768366 3.137207
0.082000 0.662328 -0.190346 0.144667 -0.186571 0.064934 0.177578 -4.086530 1.799493 3.147293
0.083000 0.662139 -0.190280 0.144846 -0.190676 0.066749 0.180730 -4.122374 1.830794 3.156336
0.084000 0.661947 -0.190213 0.145028 -0.194816 0.068596 0.183890 -4.157573 1.862283 3.164295
0.085000 0.661750 -0.190143 0.145214 -0.198991 0.070474 0.187058 -4.192142 1.893994 3.171164
0.086000 0.661549 -0.190072 0.145402 -0.203200 0.072384 0.190233 -4.226056 1.925942 3.176903
0.087000 0.661343 -0.189998 0.145594 -0.207443 0.074326 0.193412 -4.259260 1.958119 3.181459
0.088000 0.661134 -0.189923 0.145789 -0.211719 0.076300 0.196596 -4.291770 1.990535 3.184860
0.089000 0.660920 -0.189846 0.145987 -0.216027 0.078307 0.199782 -4.323652 2.023217 3.187187
0.090000 0.660702 -0.189766 0.146189 -0.220366 0.080346 0.202970 -4.354915 2.056170 3.188462
0.091000 0.660479 -0.189685 0.146393 -0.224737 0.082419 0.206159 -4.385499 2.089368 3.188642
0.092000 0.660252 -0.189602 0.146601 -0.229137 0.084525 0.209347 -4.415379 2.122787 3.187721
0.093000 0.660021 -0.189516 0.146812 -0.233567 0.086665 0.212534 -4.444572 2.156415 3.185732
0.094000 0.659785 -0.189428 0.147026 -0.238026 0.088838 0.215719 -4.473044 2.190225 3.182660
0.095000 0.659545 -0.189338 0.147243 -0.242513 0.091045 0.218900 -4.500720 2.224181 3.178428
0.096000 0.659300 -0.189246 0.147464 -0.247028 0.093286 0.222076 -4.527580 2.258276 3.172989
0.097000 0.659051 -0.189152 0.147687 -0.251569 0.095562 0.225246 -4.553659 2.292521 3.166332
0.098000 0.658797 -0.189055 0.147914 -0.256135 0.097871 0.228408 -4.578933 2.326907 3.158412
0.099000 0.658538 -0.188956 0.148144 -0.260726 0.100215 0.231562 -4.603340 2.361400 3.149181
0.100000 0.658275 -0.188855 0.148377 -0.265342 0.102594 0.234707 -4.626896 2.395984 3.138705
0.101000 0.658008 -0.188751 0.148614 -0.269980 0.105007 0.237840 -4.649684 2.430664 3.127130
0.102000 0.657735 -0.188645 0.148853 -0.274641 0.107455 0.240961 -4.671714 2.465419 3.114524
0.103000 0.657458 -0.188536 0.149096 -0.279324 0.109938 0.244069 -4.692914 2.500208 3.100855
0.104000 0.657177 -0.188425 0.149341 -0.284027 0.112456 0.247163 -4.713261 2.535005 3.086136
0.105000 0.656890 -0.188311 0.149590 -0.288750 0.115008 0.250241 -4.732786 2.569805 3.070433
0.106000 0.656599 -0.188195 0.149842 -0.293492 0.117596 0.253304 -4.751457 2.604580 3.053747
0.107000 0.656303 -0.188076 0.150097 -0.298253 0.120217 0.256349 -4.769184 2.639289 3.036006
0.108000 0.656003 -0.187954 0.150354 -0.303031 0.122874 0.259376 -4.785948 2.673921 3.017180
0.109000 0.655697 -0.187830 0.150615 -0.307825 0.125565 0.262383 -4.801797 2.708496 2.997290
0.110000 0.655387 -0.187703 0.150879 -0.312634 0.128291 0.265370 -4.816709 2.743003 2.976307
0.111000 0.655072 -0.187573 0.151146 -0.317458 0.131051 0.268336 -4.830604 2.777409 2.954178
0.112000 0.654752 -0.187441 0.151416 -0.322296 0.133846 0.271278 -4.843500 2.811723 2.930961
0.113000 0.654427 -0.187306 0.151689 -0.327145 0.136675 0.274198 -4.855491 2.845985 2.906802
0.114000 0.654098 -0.187168 0.151964 -0.332007 0.139538 0.277092 -4.866587 2.880198 2.881757
0.115000 0.653763 -0.187027 0.152243 -0.336879 0.142435 0.279961 -4.876700 2.914319 2.855771
0.116000 0.653424 -0.186883 0.152524 -0.341760 0.145366 0.282804 -4.885805 2.948322 2.828823
0.117000 0.653080 -0.186736 0.152808 -0.346650 0.148332 0.285619 -4.893946 2.982200 2.800944
0.118000 0.652731 -0.186586 0.153095 -0.351548 0.151331 0.288406 -4.901088 3.015923 2.772101
0.119000 0.652377 -0.186433 0.153385 -0.356452 0.154364 0.291163 -4.907126 3.049434 2.742199
0.120000 0.652018 -0.186277 0.153678 -0.361362 0.157430 0.293890 -4.912038 3.082721 2.711200
0.121000 0.651654 -0.186118 0.153973 -0.366276 0.160529 0.296585 -4.915908 3.115809 2.679147
0.122000 0.651285 -0.185956 0.154271 -0.371194 0.163661 0.299248 -4.918828 3.148722 2.646115
0.123000 0.650912 -0.185791 0.154571 -0.376114 0.166827 0.301878 -4.920919 3.181480 2.612236
0.124000 0.650533 -0.185623 0.154875 -0.381036 0.170024 0.304473 -4.922313 3.214101 2.577675
0.125000 0.650150 -0.185451 0.155180 -0.385959 0.173255 0.307033 -4.923020 3.246558 2.542486
0.126000 0.649761 -0.185276 0.155489 -0.390882 0.176517 0.309558 -4.922942 3.278784 2.506616
0.127000 0.649368 -0.185098 0.155800 -0.395805 0.179812 0.312046 -4.922056 3.310746 2.470068
0.128000 0.648970 -0.184917 0.156113 -0.400726 0.183139 0.314498 -4.920419 3.342440 2.432912
0.129000 0.648566 -0.184732 0.156429 -0.405645 0.186497 0.316912 -4.917999 3.373826 2.395141
0.130000 0.648158 -0.184544 0.156747 -0.410562 0.189887 0.319288 -4.914666 3.404837 2.356661
0.131000 0.647745 -0.184352 0.157067 -0.415475 0.193307 0.321625 -4.910376 3.435450 2.317436
0.132000 0.647327 -0.184157 0.157390 -0.420383 0.196758 0.323923 -4.905170 3.465683 2.277493
0.133000 0.646905 -0.183958 0.157715 -0.425285 0.200238 0.326180 -4.898997 3.495510 2.236797
0.134000 0.646477 -0.183756 0.158042 -0.430181 0.203749 0.328397 -4.891743 3.524870 2.195275
0.135000 0.646044 -0.183551 0.158372 -0.435069 0.207288 0.330571 -4.883420 3.553755 2.152983
0.136000 0.645607 -0.183342 0.158703 -0.439948 0.210856 0.332703 -4.874150 3.582203 2.110076
0.137000 0.645164 -0.183129 0.159037 -0.444817 0.214452 0.334791 -4.863939 3.610201 2.066605
0.138000 0.644717 -0.182913 0.159373 -0.449675 0.218076 0.336836 -4.852662 3.637684 2.022502
0.139000 0.644265 -0.182693 0.159711 -0.454522 0.221728 0.338836 -4.840267 3.664632 1.977742
0.140000 0.643808 -0.182470 0.160051 -0.459356 0.225406 0.340791 -4.826789 3.691068 1.932371
0.141000 0.643346 -0.182242 0.160392 -0.464176 0.229110 0.342701 -4.812168 3.716967 1.886356
0.142000 0.642880 -0.182011 0.160736 -0.468980 0.232840 0.344564 -4.796259 3.742259 1.839590
0.143000 0.642408 -0.181777 0.161082 -0.473768 0.236594 0.346380 -4.779039 3.766936 1.792035
0.144000 0.641932 -0.181538 0.161429 -0.478538 0.240374 0.348148 -4.760622 3.791055 1.743754
0.145000 0.641451 -0.181296 0.161778 -0.483290 0.244176 0.349867 -4.741125 3.814668 1.694830
0.146000 0.640966 -0.181050 0.162129 -0.488021 0.248003 0.351538 -4.720677 3.837825 1.645392
0.147000 0.640475 -0.180800 0.162481 -0.492731 0.251852 0.353158 -4.699407 3.860572 1.595594
0.148000 0.639980 -0.180546 0.162835 -0.497419 0.255724 0.354729 -4.677300 3.882881 1.545468
0.149000 0.639480 -0.180288 0.163190 -0.502085 0.259618 0.356249 -4.654208 3.904658 1.494923
0.150000 0.638976 -0.180027 0.163547 -0.506728 0.263533 0.357719 -4.630083 3.925843 1.443918
0.151000 0.638467 -0.179761 0.163906 -0.511346 0.267470 0.359137 -4.604976 3.946419 1.392480
0.152000 0.637953 -0.179492 0.164266 -0.515938 0.271426 0.360504 -4.578827 3.966324 1.340555
0.153000 0.637435 -0.179218 0.164627 -0.520503 0.275402 0.361818 -4.551474 3.985467 1.288007
0.154000 0.636912 -0.178941 0.164989 -0.525041 0.279397 0.363080 -4.522872 4.003850 1.234759
0.155000 0.636385 -0.178660 0.165353 -0.529549 0.283410 0.364288 -4.493122 4.021557 1.180823
0.156000 0.635853 -0.178374 0.165718 -0.534027 0.287440 0.365441 -4.462336 4.038662 1.126251
0.157000 0.635317 -0.178085 0.166084 -0.538474 0.291487 0.366540 -4.430655 4.055217 1.071173
0.158000 0.634776 -0.177791 0.166451 -0.542888 0.295551 0.367584 -4.398232 4.071263 1.015759
0.159000 0.634231 -0.177494 0.166819 -0.547270 0.299630 0.368572 -4.365053 4.086758 0.960053
0.160000 0.633682 -0.177192 0.167188 -0.551618 0.303724 0.369504 -4.330965 4.101597 0.903973
0.161000 0.633128 -0.176886 0.167558 -0.555932 0.307833 0.370380 -4.295925 4.115729 0.847491
0.162000 0.632570 -0.176576 0.167929 -0.560210 0.311956 0.371199 -4.260034 4.129183 0.790674
0.163000 0.632007 -0.176262 0.168300 -0.564452 0.316091 0.371961 -4.223392 4.141997 0.733589
0.164000 0.631441 -0.175944 0.168673 -0.568657 0.320240 0.372666 -4.186092 4.154237 0.676303
0.165000 0.630870 -0.175622 0.169046 -0.572824 0.324400 0.373314 -4.148225 4.165984 0.618881
0.166000 0.630295 -0.175295 0.169419 -0.576954 0.328572 0.373904 -4.109730 4.177221 0.561290
0.167000 0.629716 -0.174965 0.169794 -0.581044 0.332754 0.374436 -4.070443 4.187856 0.503429
0.168000 0.629133 -0.174630 0.170168 -0.585094 0.336947 0.374911 -4.030367 4.197864 0.445313
0.169000 0.628546 -0.174291 0.170543 -0.589105 0.341150 0.375327 -3.989648 4.207294 0.387052
0.170000 0.627955 -0.173948 0.170919 -0.593074 0.345362 0.375685 -3.948280 4.216111 0.328656
0.171000 0.627360 -0.173600 0.171295 -0.597001 0.349582 0.375984 -3.906096 4.224197 0.270014
0.172000 0.626761 -0.173248 0.171671 -0.600886 0.353810 0.376225 -3.863035 4.231485 0.211064
0.173000 0.626158 -0.172893 0.172047 -0.604727 0.358045 0.376406 -3.819196 4.237994 0.151833
0.174000 0.625551 -0.172532 0.172424 -0.608524 0.362286 0.376528 -3.774677 4.243754 0.092346
0.175000 0.624941 -0.172168 0.172800 -0.612277 0.366533 0.376591 -3.729592 4.248822 0.032629
0.176000 0.624327 -0.171799 0.173177 -0.615983 0.370784 0.376594 -3.684057 4.253268 -0.027292
0.177000 0.623709 -0.171426 0.173553 -0.619645 0.375039 0.376536 -3.638021 4.257059 -0.087477
0.178000 0.623088 -0.171049 0.173930 -0.623259 0.379298 0.376419 -3.591298 4.260075 -0.148030
0.179000 0.622463 -0.170668 0.174306 -0.626827 0.383559 0.376240 -3.543853 4.262277 -0.208915
0.180000 0.621834 -0.170282 0.174682 -0.630347 0.387823 0.376001 -3.495825 4.263718 -0.269969
0.181000 0.621202 -0.169892 0.175058 -0.633819 0.392087 0.375700 -3.447339 4.264440 -0.331055
0.182000 0.620566 -0.169498 0.175434 -0.637242 0.396351 0.375339 -3.398505 4.264467 -0.392079
0.183000 0.619927 -0.169099 0.175809 -0.640616 0.400616 0.374916 -3.349419 4.263809 -0.452974
0.184000 0.619285 -0.168697 0.176184 -0.643941 0.404879 0.374433 -3.300003 4.262381 -0.513779
0.185000 0.618639 -0.168290 0.176558 -0.647216 0.409141 0.373889 -3.250051 4.260046 -0.574616
0.186000 0.617991 -0.167878 0.176931 -0.650441 0.413399 0.373284 -3.199502 4.256783 -0.635521
0.187000 0.617339 -0.167463 0.177304 -0.653615 0.417654 0.372618 -3.148477 4.252691 -0.696427
0.188000 0.616683 -0.167043 0.177677 -0.656738 0.421905 0.371891 -3.097111 4.247866 -0.757249
0.189000 0.616025 -0.166619 0.178048 -0.659809 0.426150 0.371103 -3.045566 4.242397 -0.817871
0.190000 0.615364 -0.166191 0.178419 -0.662829 0.430389 0.370255 -2.994054 4.236391 -0.878136
0.191000 0.614699 -0.165758 0.178789 -0.665797 0.434623 0.369347 -2.942743 4.229911 -0.937927
0.192000 0.614032 -0.165322 0.179158 -0.668714 0.438849 0.368379 -2.891780 4.222984 -0.997157
0.193000 0.613362 -0.164881 0.179525 -0.671581 0.443069 0.367352 -2.841302 4.215615 -1.055752
0.194000 0.612689 -0.164435 0.179892 -0.674397 0.447280 0.366268 -2.791252 4.207709 -1.113747
0.195000 0.612013 -0.163986 0.180258 -0.677163 0.451484 0.365125 -2.741414 4.199116 -1.171264
0.196000 0.611335 -0.163532 0.180623 -0.679880 0.455679 0.363925 -2.691702 4.189827 -1.228359
0.197000 0.610653 -0.163075 0.180986 -0.682547 0.459864 0.362668 -2.642208 4.179971 -1.284989
0.198000 0.609970 -0.162613 0.181348 -0.685164 0.464039 0.361355 -2.593050 4.169674 -1.341072
0.199000 0.609283 -0.162147 0.181709 -0.687733 0.468203 0.359986 -2.544387 4.159055 -1.396468
0.200000 0.608594 -0.161676 0.182068 -0.690253 0.472357 0.358562 -2.496401 4.148233 -1.451000
0.201000 0.607903 -0.161202 0.182426 -0.692726 0.476499 0.357084 -2.449070 4.137179 -1.504617
0.202000 0.607209 -0.160723 0.182782 -0.695151 0.480631 0.355553 -2.402177 4.125739 -1.557401
0.203000 0.606512 -0.160241 0.183137 -0.697530 0.484751 0.353969 -2.355622 4.113830 -1.609395
0.204000 0.605814 -0.159754 0.183490 -0.699862 0.488859 0.352334 -2.309480 4.101487 -1.660554
0.205000 0.605113 -0.159263 0.183841 -0.702149 0.492954 0.350648 -2.263827 4.088778 -1.710838
0.206000 0.604409 -0.158768 0.184191 -0.704390 0.497036 0.348912 -2.218756 4.075825 -1.760224
0.207000 0.603704 -0.158269 0.184539 -0.706586 0.501106 0.347128 -2.174408 4.062810 -1.808669
0.208000 0.602996 -0.157766 0.184885 -0.708739 0.505162 0.345295 -2.130910 4.049880 -1.856115
0.209000 0.602286 -0.157258 0.185230 -0.710848 0.509205 0.343415 -2.088435 4.037160 -1.902442
0.210000 0.601574 -0.156747 0.185572 -0.712916 0.513236 0.341490 -2.047178 4.024766 -1.947490
0.211000 0.600861 -0.156232 0.185913 -0.714943 0.517255 0.339521 -2.007123 4.012659 -1.991219
0.212000 0.600145 -0.155713 0.186251 -0.716930 0.521261 0.337508 -1.968063 4.000673 -2.033704
0.213000 0.599427 -0.155189 0.186588 -0.718879 0.525256 0.335453 -1.929929 3.988739 -2.074973
0.214000 0.598707 -0.154662 0.186922 -0.720790 0.529239 0.333358 -1.892842 3.976924 -2.114963
0.215000 0.597985 -0.154131 0.187255 -0.722664 0.533210 0.331223 -1.856922 3.965315 -2.153627
0.216000 0.597262 -0.153596 0.187585 -0.724504 0.537170 0.329051 -1.822287 3.954043 -2.190949
0.217000 0.596536 -0.153057 0.187913 -0.726309 0.541118 0.326841 -1.789053 3.943259 -2.226926
0.218000 0.595809 -0.152514 0.188238 -0.728082 0.545056 0.324597 -1.757139 3.932954 -2.261623
0.219000 0.595080 -0.151967 0.188562 -0.729823 0.548984 0.322318 -1.726317 3.922987 -2.295124
0.220000 0.594349 -0.151416 0.188883 -0.731534 0.552902 0.320006 -1.696528 3.913341 -2.327372
0.221000 0.593617 -0.150861 0.189202 -0.733216 0.556811 0.317663 -1.667874 3.904125 -2.358204
0.222000 0.592883 -0.150302 0.189518 -0.734870 0.560710 0.315290 -1.640292 3.895313 -2.387560
0.223000 0.592147 -0.149739 0.189832 -0.736497 0.564601 0.312888 -1.613547 3.886725 -2.415523
0.224000 0.591410 -0.149173 0.190144 -0.738097 0.568484 0.310459 -1.587549 3.878281 -2.442173
0.225000 0.590671 -0.148602 0.190453 -0.739672 0.572358 0.308004 -1.562362 3.870006 -2.467540
0.226000 0.589930 -0.148028 0.190760 -0.741222 0.576224 0.305524 -1.537893 3.861814 -2.491709
0.227000 0.589188 -0.147450 0.191064 -0.742748 0.580082 0.303020 -1.513899 3.853531 -2.514816
0.228000 0.588445 -0.146868 0.191366 -0.744250 0.583931 0.300494 -1.490309 3.845160 -2.536939
0.229000 0.587700 -0.146282 0.191665 -0.745728 0.587772 0.297947 -1.467257 3.836882 -2.558080
0.230000 0.586954 -0.145692 0.191962 -0.747184 0.591605 0.295378 -1.444882 3.828876 -2.578205
0.231000 0.586206 -0.145099 0.192256 -0.748618 0.595430 0.292790 -1.423341 3.821317 -2.597214
0.232000 0.585456 -0.144502 0.192548 -0.750031 0.599247 0.290184 -1.402794 3.814376 -2.614974
0.233000 0.584706 -0.143900 0.192837 -0.751424 0.603058 0.287560 -1.383189 3.808037 -2.631449
0.234000 0.583953 -0.143295 0.193123 -0.752797 0.606863 0.284921 -1.364294 3.802112 -2.646717
0.235000 0.583200 -0.142687 0.193406 -0.754152 0.610663 0.282267 -1.346031 3.796505 -2.660831
0.236000 0.582445 -0.142074 0.193687 -0.755489 0.614456 0.279599 -1.328481 3.791236 -2.673797
0.237000 0.581689 -0.141458 0.193966 -0.756809 0.618245 0.276919 -1.311562 3.786205 -2.685672
0.238000 0.580932 -0.140838 0.194241 -0.758113 0.622029 0.274228 -1.295026 3.781230 -2.696575
0.239000 0.580173 -0.140214 0.194514 -0.759399 0.625808 0.271526 -1.278787 3.776323 -2.706582
0.240000 0.579413 -0.139586 0.194784 -0.760670 0.629581 0.268815 -1.262922 3.771659 -2.715720
0.241000 0.578651 -0.138954 0.195052 -0.761925 0.633351 0.266095 -1.247347 3.767248 -2.724056
0.242000 0.577889 -0.138319 0.195316 -0.763165 0.637116 0.263367 -1.231830 3.762935 -2.731666
0.243000 0.577125 -0.137680 0.195578 -0.764389 0.640877 0.260631 -1.216330 3.758701 -2.738516
0.244000 0.576360 -0.137038 0.195838 -0.765597 0.644633 0.257889 -1.201029 3.754701 -2.744478
0.245000 0.575594 -0.136391 0.196094 -0.766791 0.648386 0.255142 -1.186088 3.751053 -2.749462
0.246000 0.574827 -0.135741 0.196348 -0.767970 0.652135 0.252391 -1.171638 3.747812 -2.753454
0.247000 0.574058 -0.135087 0.196599 -0.769134 0.655882 0.249635 -1.157791 3.744992 -2.756478
0.248000 0.573288 -0.134429 0.196847 -0.770285 0.659625 0.246878 -1.144452 3.742455 -2.758615
0.249000 0.572517 -0.133767 0.197093 -0.771423 0.663367 0.244118 -1.131371 3.739989 -2.759986
0.250000 0.571745 -0.133102 0.197335 -0.772548 0.667105 0.241358 -1.118475 3.737592 -2.760667
0.251000 0.570972 -0.132433 0.197575 -0.773660 0.670842 0.238597 -1.105862 3.735431 -2.760689
0.252000 0.570198 -0.131761 0.197813 -0.774760 0.674576 0.235836 -1.093459 3.733508 -2.760119
0.253000 0.569423 -0.131084 0.198047 -0.775847 0.678309 0.233077 -1.081034 3.731655 -2.759035
0.254000 0.568646 -0.130404 0.198279 -0.776922 0.682040 0.230318 -1.068535 3.729867 -2.757425
0.255000 0.567869 -0.129720 0.198508 -0.777984 0.685769 0.227562 -1.056089 3.728297 -2.755209
0.256000 0.567090 -0.129032 0.198734 -0.779034 0.689496 0.224808 -1.043645 3.726921 -2.752370
0.257000 0.566311 -0.128341 0.198957 -0.780071 0.693222 0.222057 -1.030963 3.725510 -2.748977
0.258000 0.565530 -0.127646 0.199178 -0.781096 0.696947 0.219310 -1.017966 3.723913 -2.745078
0.259000 0.564749 -0.126947 0.199396 -0.782107 0.700670 0.216567 -1.004785 3.722145 -2.740676
0.260000 0.563966 -0.126245 0.199611 -0.783105 0.704391 0.213828 -0.991550 3.720273 -2.735780
0.261000 0.563182 -0.125538 0.199824 -0.784090 0.708111 0.211095 -0.978391 3.718469 -2.730412
0.262000 0.562398 -0.124828 0.200033 -0.785062 0.711828 0.208368 -0.965437 3.716962 -2.724597
0.263000 0.561612 -0.124115 0.200240 -0.786021 0.715545 0.205646 -0.952607 3.715765 -2.718399
0.264000 0.560826 -0.123397 0.200445 -0.786967 0.719260 0.202931 -0.939666 3.714701 -2.711874
0.265000 0.560038 -0.122676 0.200646 -0.787901 0.722974 0.200222 -0.926577 3.713754 -2.704986
0.266000 0.559250 -0.121951 0.200845 -0.788821 0.726687 0.197521 -0.913492 3.713071 -2.697624
0.267000 0.558461 -0.121223 0.201041 -0.789728 0.730400 0.194827 -0.900375 3.712616 -2.689743
0.268000 0.557671 -0.120491 0.201235 -0.790621 0.734113 0.192141 -0.886997 3.712138 -2.681393
0.269000 0.556880 -0.119755 0.201426 -0.791502 0.737825 0.189464 -0.873297 3.711476 -2.672619
0.270000 0.556088 -0.119015 0.201614 -0.792368 0.741536 0.186796 -0.859388 3.710594 -2.663437
0.271000 0.555295 -0.118272 0.201799 -0.793220 0.745246 0.184137 -0.845205 3.709327 -2.653894
0.272000 0.554501 -0.117524 0.201982 -0.794058 0.748954 0.181488 -0.830506 3.707441 -2.644070
0.273000 0.553707 -0.116774 0.202162 -0.794881 0.752661 0.178849 -0.815224 3.704956 -2.634006
0.274000 0.552911 -0.116019 0.202340 -0.795689 0.756364 0.176220 -0.799514 3.702135 -2.623696
0.275000 0.552115 -0.115261 0.202515 -0.796480 0.760065 0.173602 -0.783541 3.699223 -2.613114
0.276000 0.551318 -0.114499 0.202687 -0.797256 0.763763 0.170994 -0.767481 3.696428 -2.602202
0.277000 0.550521 -0.113733 0.202857 -0.798015 0.767458 0.168397 -0.751521 3.693941 -2.590880
0.278000 0.549722 -0.112964 0.203024 -0.798759 0.771151 0.165812 -0.735615 3.691712 -2.579128
0.279000 0.548923 -0.112191 0.203188 -0.799487 0.774841 0.163239 -0.719526 3.689471 -2.566998
0.280000 0.548123 -0.111414 0.203350 -0.800198 0.778529 0.160678 -0.703184 3.687046 -2.554535
0.281000 0.547323 -0.110634 0.203510 -0.800893 0.782215 0.158130 -0.686693 3.684393 -2.541762
0.282000 0.546522 -0.109850 0.203666 -0.801571 0.785898 0.155595 -0.669980 3.681337 -2.528727
0.283000 0.545720 -0.109062 0.203821 -0.802233 0.789578 0.153073 -0.652795 3.677635 -2.515511
0.284000 0.544917 -0.108271 0.203973 -0.802877 0.793254 0.150564 -0.635063 3.673320 -2.502182
0.285000 0.544114 -0.107476 0.204122 -0.803503 0.796925 0.148068 -0.616886 3.668640 -2.488786
0.286000 0.543310 -0.106677 0.204269 -0.804111 0.800591 0.145586 -0.598191 3.663635 -2.475379
0.287000 0.542506 -0.105875 0.204413 -0.804699 0.804252 0.143118 -0.578746 3.658128 -2.462003
0.288000 0.541701 -0.105068 0.204555 -0.805268 0.807907 0.140662 -0.558525 3.652127 -2.448615
0.289000 0.540895 -0.104259 0.204694 -0.805816 0.811556 0.138220 -0.537695 3.645834 -2.435116
0.290000 0.540089 -0.103445 0.204831 -0.806344 0.815199 0.135792 -0.516230 3.639234 -2.421457
0.291000 0.539283 -0.102628 0.204966 -0.806849 0.818835 0.133377 -0.493907 3.632056 -2.407671
0.292000 0.538475 -0.101808 0.205098 -0.807331 0.822463 0.130977 -0.470675 3.624115 -2.393800
0.293000 0.537668 -0.100983 0.205228 -0.807790 0.826083 0.128590 -0.446711 3.615411 -2.379864
0.294000 0.536860 -0.100155 0.205355 -0.808225 0.829694 0.126217 -0.422193 3.606031 -2.365872
0.295000 0.536051 -0.099324 0.205480 -0.808635 0.833295 0.123858 -0.397296 3.596205 -2.351816
0.296000 0.535243 -0.098489 0.205603 -0.809019 0.836886 0.121513 -0.372196 3.586251 -2.337677
0.297000 0.534433 -0.097650 0.205723 -0.809379 0.840467 0.119183 -0.346841 3.576218 -2.323463
0.298000 0.533624 -0.096808 0.205841 -0.809713 0.844038 0.116866 -0.321004 3.565911 -2.309199
0.299000 0.532814 -0.095962 0.205957 -0.810021 0.847599 0.114564 -0.294655 3.555304 -2.294868
0.300000 0.532004 -0.095113 0.206070 -0.810302 0.851149 0.112277 -0.267956 3.544557 -2.280410
0.301000 0.531193 -0.094260 0.206182 -0.810557 0.854688 0.110004 -0.240878 3.533622 -2.265807
0.302000 0.530383 -0.093403 0.206290 -0.810784 0.858216 0.107745 -0.213193 3.522198 -2.251095
0.303000 0.529572 -0.092543 0.206397 -0.810983 0.861733 0.105501 -0.184845 3.510085 -2.236321
0.304000 0.528761 -0.091680 0.206501 -0.811154 0.865237 0.103272 -0.156007 3.497286 -2.221517
0.305000 0.527949 -0.090813 0.206604 -0.811295 0.868727 0.101058 -0.126842 3.483891 -2.206714
0.306000 0.527138 -0.089942 0.206704 -0.811408 0.872204 0.098859 -0.097498 3.470158 -2.191940
0.307000 0.526327 -0.089069 0.206801 -0.811490 0.875668 0.096674 -0.068113 3.456433 -2.177221
0.308000 0.525515 -0.088191 0.206897 -0.811544 0.879117 0.094505 -0.038608 3.442784 -2.162593
0.309000 0.524704 -0.087310 0.206990 -0.811568 0.882553 0.092349 -0.008755 3.429018 -2.148078
0.310000 0.523892 -0.086426 0.207082 -0.811561 0.885975 0.090208 0.021454 3.415126 -2.133635
0.311000 0.523080 -0.085538 0.207171 -0.811525 0.889383 0.088082 0.051825 3.401299 -2.119185
0.312000 0.522269 -0.084647 0.207258 -0.811458 0.892778 0.085970 0.082364 3.387504 -2.104685
0.313000 0.521458 -0.083753 0.207343 -0.811360 0.896158 0.083873 0.113288 3.373432 -2.090158
0.314000 0.520646 -0.082855 0.207426 -0.811231 0.899525 0.081790 0.144653 3.358878 -2.075654
0.315000 0.519835 -0.081954 0.207506 -0.811071 0.902876 0.079721 0.176330 3.343781 -2.061217
0.316000 0.519024 -0.081049 0.207585 -0.810878 0.906212 0.077667 0.208376 3.327936 -2.046900
0.317000 0.518213 -0.080141 0.207662 -0.810654 0.909532 0.075627 0.241031 3.311061 -2.032747
0.318000 0.517403 -0.079230 0.207736 -0.810396 0.912834 0.073602 0.274349 3.293206 -2.018780
0.319000 0.516592 -0.078316 0.207809 -0.810105 0.916118 0.071590 0.308156 3.274728 -2.004998
0.320000 0.515783 -0.077398 0.207879 -0.809780 0.919384 0.069592 0.342267 3.255966 -1.991379
0.321000 0.514973 -0.076477 0.207948 -0.809421 0.922630 0.067607 0.376482 3.237222 -1.977871
0.322000 0.514164 -0.075553 0.208015 -0.809027 0.925858 0.065636 0.410593 3.218781 -1.964399
0.323000 0.513355 -0.074625 0.208079 -0.808599 0.929068 0.063678 0.444627 3.200625 -1.950926
0.324000 0.512547 -0.073694 0.208142 -0.808138 0.932259 0.061734 0.478801 3.182443 -1.937464
0.325000 0.511739 -0.072761 0.208203 -0.807642 0.935433 0.059803 0.513141 3.164021 -1.924040
0.326000 0.510931 -0.071824 0.208262 -0.807112 0.938588 0.057886 0.547484 3.145298 -1.910682
0.327000 0.510124 -0.070883 0.208319 -0.806547 0.941723 0.055982 0.581858 3.126061 -1.897418
0.328000 0.509318 -0.069940 0.208374 -0.805948 0.944840 0.054091 0.616498 3.106014 -1.884285
0.329000 0.508512 -0.068994 0.208427 -0.805314 0.947935 0.052213 0.651480 3.085200 -1.871308
0.330000 0.507707 -0.068044 0.208478 -0.804645 0.951010 0.050349 0.686704 3.063919 -1.858506
0.331000 0.506903 -0.067092 0.208527 -0.803940 0.954063 0.048496 0.722245 3.042222 -1.845898
0.332000 0.506100 -0.066136 0.208575 -0.803200 0.957094 0.046657 0.758335 3.019895 -1.833504
0.333000 0.505297 -0.065178 0.208621 -0.802424 0.960103 0.044829 0.795000 2.996934 -1.821316
0.334000 0.504495 -0.064216 0.208665 -0.801610 0.963088 0.043014 0.832022 2.973604 -1.809311
0.335000 0.503694 -0.063251 0.208707 -0.800760 0.966050 0.041211 0.869184 2.950102 -1.797482
0.336000 0.502893 -0.062284 0.208747 -0.799872 0.968989 0.039419 0.906268 2.926496 -1.785848
0.337000 0.502094 -0.061313 0.208786 -0.798947 0.971903 0.037639 0.943053 2.902786 -1.774446
0.338000 0.501295 -0.060340 0.208822 -0.797986 0.974794 0.035870 0.979562 2.878751 -1.763309
0.339000 0.500498 -0.059364 0.208857 -0.796988 0.977661 0.034113 1.016022 2.854085 -1.752454
0.340000 0.499701 -0.058385 0.208891 -0.795954 0.980502 0.032365 1.052498 2.828824 -1.741863
0.341000 0.498906 -0.057403 0.208922 -0.794883 0.983318 0.030629 1.088884 2.803272 -1.731501
0.342000 0.498112 -0.056418 0.208952 -0.793776 0.986109 0.028902 1.125244 2.777477 -1.721346
0.343000 0.497318 -0.055431 0.208980 -0.792633 0.988873 0.027186 1.161814 2.751224 -1.711397
0.344000 0.496526 -0.054440 0.209006 -0.791452 0.991611 0.025480 1.198633 2.724530 -1.701651
0.345000 0.495735 -0.053447 0.209031 -0.790235 0.994322 0.023783 1.235556 2.697655 -1.692101
0.346000 0.494946 -0.052452 0.209054 -0.788981 0.997007 0.022095 1.272620 2.670594 -1.682744
0.347000 0.494158 -0.051453 0.209075 -0.787690 0.999664 0.020417 1.310042 2.643020 -1.673593
0.348000 0.493370 -0.050452 0.209095 -0.786361 1.002293 0.018748 1.347858 2.614709 -1.664667
0.349000 0.492585 -0.049449 0.209113 -0.784994 1.004893 0.017088 1.385871 2.585669 -1.655983
0.350000 0.491801 -0.048443 0.209129 -0.783590 1.007464 0.015436 1.423895 2.555997 -1.647549
0.351000 0.491018 -0.047434 0.209143 -0.782147 1.010005 0.013793 1.461755 2.525957 -1.639354
0.352000 0.490236 -0.046423 0.209156 -0.780666 1.012516 0.012158 1.499284 2.495903 -1.631380
0.353000 0.489456 -0.045409 0.209168 -0.779148 1.014997 0.010530 1.536538 2.465880 -1.623612
0.354000 0.488678 -0.044393 0.209177 -0.777593 1.017448 0.008910 1.573745 2.435655 -1.616052
0.355000 0.487901 -0.043374 0.209186 -0.776001 1.019868 0.007298 1.610957 2.405219 -1.608708
0.356000 0.487126 -0.042353 0.209192 -0.774371 1.022258 0.005693 1.648048 2.374804 -1.601587
0.357000 0.486352 -0.041329 0.209197 -0.772704 1.024618 0.004095 1.685064 2.344382 -1.594696
0.358000 0.485581 -0.040304 0.209200 -0.771001 1.026947 0.002504 1.722218 2.313619 -1.588039
0.359000 0.484810 -0.039276 0.209202 -0.769260 1.029245 0.000919 1.759530 2.282315 -1.581620
0.360000 0.484042 -0.038245 0.209202 -0.767482 1.031511 -0.000660 1.796791 2.250520 -1.575439
0.361000 0.483275 -0.037213 0.209201 -0.765666 1.033746 -0.002232 1.833805 2.218368 -1.569486
0.362000 0.482511 -0.036178 0.209198 -0.763814 1.035948 -0.003799 1.870407 2.186141 -1.563734
0.363000 0.481748 -0.035141 0.209193 -0.761926 1.038118 -0.005360 1.906445 2.154208 -1.558146
0.364000 0.480987 -0.034101 0.209187 -0.760001 1.040257 -0.006915 1.941985 2.122613 -1.552695
0.365000 0.480228 -0.033060 0.209179 -0.758042 1.042364 -0.008465 1.977256 2.091120 -1.547387
0.366000 0.479471 -0.032017 0.209170 -0.756047 1.044439 -0.010010 2.012320 2.059724 -1.542263
0.367000 0.478716 -0.030971 0.209159 -0.754017 1.046483 -0.011549 2.047064 2.028665 -1.537381
0.368000 0.477963 -0.029924 0.209147 -0.751953 1.048496 -0.013084 2.081541 1.997915 -1.532783
0.369000 0.477212 -0.028874 0.209133 -0.749854 1.050479 -0.014615 2.115954 1.967117 -1.528476
0.370000 0.476463 -0.027823 0.209118 -0.747721 1.052430 -0.016141 2.150305 1.936024 -1.524451
0.371000 0.475716 -0.026769 0.209101 -0.745553 1.054351 -0.017664 2.184404 1.904564 -1.520692
0.372000 0.474972 -0.025714 0.209082 -0.743352 1.056240 -0.019183 2.218251 1.872492 -1.517181
0.373000 0.474230 -0.024657 0.209062 -0.741117 1.058096 -0.020698 2.252051 1.839473 -1.513891
0.374000 0.473490 -0.023598 0.209041 -0.738848 1.059919 -0.022211 2.285869 1.805544 -1.510775
0.375000 0.472752 -0.022537 0.209018 -0.736545 1.061707 -0.023720 2.319610 1.771034 -1.507780
0.376000 0.472017 -0.021474 0.208993 -0.734209 1.063461 -0.025226 2.353342 1.735991 -1.504862
0.377000 0.471284 -0.020410 0.208967 -0.731838 1.065179 -0.026730 2.387290 1.700178 -1.502018
0.378000 0.470553 -0.019344 0.208940 -0.729434 1.066861 -0.028230 2.421516 1.663592 -1.499297
0.379000 0.469825 -0.018276 0.208911 -0.726995 1.068506 -0.029728 2.455874 1.626538 -1.496776
0.380000 0.469099 -0.017207 0.208881 -0.724522 1.070114 -0.031224 2.490194 1.589251 -1.494514
0.381000 0.468376 -0.016136 0.208849 -0.722015 1.071685 -0.032717 2.524277 1.551840 -1.492537
0.382000 0.467655 -0.015064 0.208815 -0.719474 1.073218 -0.034209 2.557903 1.514346 -1.490853
0.383000 0.466937 -0.013990 0.208780 -0.716899 1.074713 -0.035699 2.591072 1.476557 -1.489454
0.384000 0.466221 -0.012914 0.208744 -0.714292 1.076171 -0.037188 2.623986 1.438140 -1.488305
0.385000 0.465508 -0.011837 0.208706 -0.711651 1.077590 -0.038676 2.656709 1.399119 -1.487347
0.386000 0.464798 -0.010759 0.208666 -0.708978 1.078969 -0.040162 2.689157 1.359803 -1.486509
0.387000 0.464090 -0.009679 0.208625 -0.706273 1.080309 -0.041649 2.721396 1.320224 -1.485735
0.388000 0.463385 -0.008598 0.208583 -0.703535 1.081610 -0.043134 2.753658 1.280115 -1.485013
0.389000 0.462683 -0.007516 0.208539 -0.700766 1.082869 -0.044619 2.786030 1.239435 -1.484404
0.390000 0.461984 -0.006433 0.208494 -0.697963 1.084088 -0.046103 2.818405 1.198439 -1.484003
0.391000 0.461287 -0.005348 0.208447 -0.695129 1.085266 -0.047587 2.850650 1.157330 -1.483878
0.392000 0.460593 -0.004262 0.208399 -0.692262 1.086403 -0.049070 2.882580 1.116219 -1.484049
0.393000 0.459903 -0.003175 0.208349 -0.689364 1.087499 -0.050555 2.913986 1.075165 -1.484510
0.394000 0.459215 -0.002087 0.208298 -0.686434 1.088553 -0.052039 2.944864 1.033967 -1.485237
0.395000 0.458530 -0.000998 0.208245 -0.683474 1.089567 -0.053525 2.975395 0.992288 -1.486191
0.396000 0.457848 0.000092 0.208190 -0.680483 1.090538 -0.055012 3.005618 0.950140 -1.487322
0.397000 0.457169 0.001183 0.208135 -0.677463 1.091467 -0.056500 3.035414 0.907821 -1.488577
0.398000 0.456493 0.002275 0.208077 -0.674412 1.092354 -0.057989 3.064824 0.865350 -1.489908
0.399000 0.455820 0.003368 0.208019 -0.671333 1.093198 -0.059480 3.094056 0.822461 -1.491301
0.400000 0.455150 0.004461 0.207959 -0.668224 1.093999 -0.060972 3.123194 0.779123 -1.492801
0.401000 0.454483 0.005556 0.207897 -0.665087 1.094756 -0.062465 3.152175 0.735565 -1.494485
0.402000 0.453820 0.006651 0.207834 -0.661920 1.095470 -0.063961 3.181072 0.691740 -1.496398
0.403000 0.453160 0.007747 0.207769 -0.658724 1.096139 -0.065458 3.210074 0.647286 -1.498539
0.404000 0.452503 0.008843 0.207703 -0.655500 1.096764 -0.066958 3.239177 0.601988 -1.500905
0.405000 0.451849 0.009940 0.207635 -0.652246 1.097343 -0.068460 3.268169 0.555901 -1.503497
0.406000 0.451198 0.011038 0.207566 -0.648963 1.097876 -0.069965 3.296861 0.509154 -1.506301
0.407000 0.450551 0.012136 0.207495 -0.645652 1.098362 -0.071472 3.325108 0.462013 -1.509270
0.408000 0.449907 0.013234 0.207423 -0.642313 1.098800 -0.072983 3.352785 0.414819 -1.512338
0.409000 0.449266 0.014333 0.207349 -0.638947 1.099191 -0.074497 3.379952 0.367586 -1.515444
0.410000 0.448629 0.015433 0.207274 -0.635553 1.099535 -0.076014 3.406826 0.320028 -1.518566
0.411000 0.447995 0.016533 0.207197 -0.632133 1.099831 -0.077534 3.433508 0.272084 -1.521759
0.412000 0.447365 0.017632 0.207119 -0.628686 1.100079 -0.079058 3.459969 0.223941 -1.525117
0.413000 0.446738 0.018733 0.207039 -0.625213 1.100279 -0.080584 3.486300 0.175526 -1.528697
0.414000 0.446114 0.019833 0.206958 -0.621714 1.100430 -0.082115 3.512683 0.126481 -1.532504
0.415000 0.445494 0.020934 0.206875 -0.618188 1.100532 -0.083649 3.539109 0.076637 -1.536541
0.416000 0.444878 0.022034 0.206790 -0.614636 1.100584 -0.085188 3.565365 0.026110 -1.540832
0.417000 0.444265 0.023135 0.206704 -0.611057 1.100584 -0.086731 3.591261 -0.024946 -1.545369
0.418000 0.443656 0.024235 0.206617 -0.607453 1.100534 -0.088279 3.616651 -0.076297 -1.550101
0.419000 0.443050 0.025336 0.206528 -0.603824 1.100432 -0.089831 3.641409 -0.127668 -1.554946
0.420000 0.442448 0.026436 0.206437 -0.600170 1.100278 -0.091389 3.665588 -0.179099 -1.559828
0.421000 0.441850 0.027536 0.206345 -0.596493 1.100074 -0.092951 3.689395 -0.230898 -1.564720
0.422000 0.441255 0.028636 0.206251 -0.592791 1.099817 -0.094518 3.712948 -0.283130 -1.569685
0.423000 0.440664 0.029736 0.206156 -0.589067 1.099507 -0.096090 3.736246 -0.335608 -1.574836
0.424000 0.440077 0.030835 0.206059 -0.585319 1.099145 -0.097668 3.759396 -0.388403 -1.580237
0.425000 0.439493 0.031934 0.205961 -0.581548 1.098731 -0.099251 3.782572 -0.441863 -1.585874
0.426000 0.438914 0.033033 0.205861 -0.577754 1.098262 -0.100840 3.805752 -0.496127 -1.591713
0.427000 0.438338 0.034131 0.205759 -0.573936 1.097738 -0.102434 3.828722 -0.551049 -1.597724
0.428000 0.437766 0.035228 0.205656 -0.570096 1.097160 -0.104035 3.851289 -0.606454 -1.603859
0.429000 0.437198 0.036325 0.205551 -0.566234 1.096525 -0.105642 3.873300 -0.662122 -1.610038
0.430000 0.436633 0.037421 0.205444 -0.562350 1.095835 -0.107255 3.894627 -0.717806 -1.616162
0.431000 0.436073 0.038517 0.205336 -0.558445 1.095090 -0.108874 3.915308 -0.773568 -1.622140
0.432000 0.435517 0.039611 0.205227 -0.554519 1.094288 -0.110499 3.935531 -0.829720 -1.627936
0.433000 0.434964 0.040705 0.205115 -0.550574 1.093430 -0.112130 3.955399 -0.886324 -1.633624
0.434000 0.434415 0.041798 0.205002 -0.546608 1.092516 -0.113767 3.974873 -0.943130 -1.639337
0.435000 0.433871 0.042890 0.204888 -0.542624 1.091544 -0.115409 3.993874 -0.999913 -1.645173
0.436000 0.433330 0.043981 0.204772 -0.538621 1.090516 -0.117057 4.012262 -1.056492 -1.651171
0.437000 0.432794 0.045071 0.204654 -0.534599 1.089431 -0.118711 4.029854 -1.112714 -1.657329
0.438000 0.432261 0.046160 0.204534 -0.530561 1.088290 -0.120372 4.046636 -1.168711 -1.663611
0.439000 0.431732 0.047248 0.204413 -0.526506 1.087094 -0.122038 4.062749 -1.224831 -1.669942
0.440000 0.431208 0.048334 0.204290 -0.522435 1.085841 -0.123712 4.078241 -1.281158 -1.676235
0.441000 0.430688 0.049420 0.204166 -0.518350 1.084531 -0.125391 4.093045 -1.337528 -1.682403
0.442000 0.430171 0.050504 0.204039 -0.514249 1.083166 -0.127076 4.107211 -1.394019 -1.688362
0.443000 0.429659 0.051586 0.203911 -0.510135 1.081743 -0.128768 4.120926 -1.450952 -1.694072
0.444000 0.429151 0.052667 0.203782 -0.506007 1.080264 -0.130464 4.134303 -1.508404 -1.699588
0.445000 0.428647 0.053747 0.203650 -0.501867 1.078726 -0.132167 4.147330 -1.566146 -1.705027
0.446000 0.428147 0.054824 0.203517 -0.497713 1.077131 -0.133875 4.159947 -1.623967 -1.710482
0.447000 0.427652 0.055901 0.203383 -0.493547 1.075479 -0.135588 4.172013 -1.681682 -1.715996
0.448000 0.427160 0.056975 0.203246 -0.489369 1.073768 -0.137307 4.183341 -1.739123 -1.721586
0.449000 0.426673 0.058048 0.203108 -0.485180 1.072000 -0.139031 4.193900 -1.796410 -1.727222
0.450000 0.426190 0.059119 0.202968 -0.480981 1.070175 -0.140761 4.203806 -1.853874 -1.732821
0.451000 0.425711 0.060189 0.202827 -0.476772 1.068293 -0.142497 4.213091 -1.911584 -1.738279
0.452000 0.425236 0.061256 0.202683 -0.472555 1.066352 -0.144238 4.221657 -1.969298 -1.743505
0.453000 0.424766 0.062321 0.202538 -0.468329 1.064354 -0.145984 4.229436 -2.026781 -1.748467
0.454000 0.424300 0.063385 0.202391 -0.464096 1.062299 -0.147734 4.236417 -2.083813 -1.753236
0.455000 0.423838 0.064446 0.202243 -0.459856 1.060186 -0.149490 4.242621 -2.140178 -1.757944
0.456000 0.423380 0.065505 0.202092 -0.455611 1.058018 -0.151250 4.248161 -2.195961 -1.762657
0.457000 0.422926 0.066562 0.201940 -0.451360 1.055794 -0.153015 4.253190 -2.251490 -1.767350
0.458000 0.422477 0.067617 0.201786 -0.447104 1.053515 -0.154785 4.257694 -2.306869 -1.771991
0.459000 0.422032 0.068669 0.201631 -0.442844 1.051181 -0.156559 4.261534 -2.361969 -1.776566
0.460000 0.421591 0.069719 0.201473 -0.438581 1.048791 -0.158338 4.264685 -2.416892 -1.781026
0.461000 0.421155 0.070767 0.201314 -0.434315 1.046347 -0.160121 4.267262 -2.471968 -1.785271
0.462000 0.420723 0.071812 0.201153 -0.430047 1.043847 -0.161909 4.269304 -2.527292 -1.789176
0.463000 0.420295 0.072854 0.200990 -0.425776 1.041292 -0.163700 4.270737 -2.582671 -1.792636
0.464000 0.419871 0.073894 0.200825 -0.421505 1.038682 -0.165494 4.271510 -2.637918 -1.795619
0.465000 0.419452 0.074932 0.200659 -0.417233 1.036016 -0.167291 4.271613 -2.692859 -1.798230
0.466000 0.419037 0.075966 0.200491 -0.412962 1.033296 -0.169090 4.271056 -2.747324 -1.800648
0.467000 0.418626 0.076998 0.200321 -0.408691 1.030522 -0.170892 4.269937 -2.801423 -1.802973
0.468000 0.418219 0.078027 0.200149 -0.404422 1.027693 -0.172696 4.268393 -2.855478 -1.805181
0.469000 0.417817 0.079054 0.199976 -0.400155 1.024811 -0.174503 4.266418 -2.909569 -1.807223
0.470000 0.417419 0.080077 0.199800 -0.395889 1.021874 -0.176311 4.263874 -2.963484 -1.809071
0.471000 0.417025 0.081097 0.199623 -0.391627 1.018884 -0.178121 4.260645 -3.017017 -1.810687
0.472000 0.416636 0.082115 0.199444 -0.387368 1.015840 -0.179932 4.256654 -3.069975 -1.812015
0.473000 0.416251 0.083129 0.199263 -0.383114 1.012744 -0.181745 4.251848 -3.122170 -1.812989
0.474000 0.415870 0.084140 0.199080 -0.378864 1.009596 -0.183558 4.246281 -3.173692 -1.813526
0.475000 0.415493 0.085148 0.198896 -0.374621 1.006397 -0.185372 4.240110 -3.224854 -1.813570
0.476000 0.415120 0.086153 0.198710 -0.370384 1.003146 -0.187185 4.233453 -3.275740 -1.813174
0.477000 0.414752 0.087155 0.198522 -0.366154 0.999845 -0.188998 4.226342 -3.326150 -1.812475
0.478000 0.414388 0.088153 0.198332 -0.361931 0.996494 -0.190810 4.218764 -3.375873 -1.811578
0.479000 0.414028 0.089148 0.198140 -0.357717 0.993093 -0.192621 4.210625 -3.424677 -1.810543
0.480000 0.413673 0.090139 0.197946 -0.353510 0.989645 -0.194431 4.201785 -3.472321 -1.809404
0.481000 0.413321 0.091127 0.197751 -0.349313 0.986149 -0.196240 4.192215 -3.518850 -1.808129
0.482000 0.412974 0.092111 0.197554 -0.345126 0.982607 -0.198048 4.182002 -3.564564 -1.806620
0.483000 0.412631 0.093092 0.197355 -0.340949 0.979020 -0.199853 4.171181 -3.609576 -1.804772
0.484000 0.412292 0.094069 0.197154 -0.336783 0.975388 -0.201657 4.159699 -3.653733 -1.802509
0.485000 0.411957 0.095043 0.196952 -0.332630 0.971712 -0.203458 4.147523 -3.696882 -1.799815
0.486000 0.411627 0.096013 0.196747 -0.328488 0.967994 -0.205257 4.134664 -3.738865 -1.796778
0.487000 0.411300 0.096979 0.196541 -0.324360 0.964234 -0.207052 4.121153 -3.779521 -1.793543
0.488000 0.410978 0.097941 0.196333 -0.320246 0.960435 -0.208844 4.107084 -3.818943 -1.790175
0.489000 0.410660 0.098900 0.196123 -0.316146 0.956596 -0.210632 4.092566 -3.857406 -1.786634
0.490000 0.410346 0.099854 0.195912 -0.312061 0.952720 -0.212417 4.077592 -3.894925 -1.782886
0.491000 0.410036 0.100805 0.195699 -0.307991 0.948807 -0.214198 4.062058 -3.931274 -1.778929
0.492000 0.409730 0.101752 0.195484 -0.303937 0.944858 -0.215975 4.045947 -3.966462 -1.774716
0.493000 0.409428 0.102695 0.195267 -0.299899 0.940874 -0.217748 4.029341 -4.000772 -1.770150
0.494000 0.409130 0.103634 0.195048 -0.295878 0.936856 -0.219515 4.012286 -4.034323 -1.765158
0.495000 0.408836 0.104569 0.194828 -0.291874 0.932805 -0.221278 3.994766 -4.067045 -1.759696
0.496000 0.408546 0.105499 0.194605 -0.287889 0.928722 -0.223035 3.976825 -4.099059 -1.753693
0.497000 0.408260 0.106426 0.194382 -0.283921 0.924607 -0.224785 3.958583 -4.130671 -1.747087
0.498000 0.407979 0.107349 0.194156 -0.279971 0.920461 -0.226529 3.940124 -4.161969 -1.739923
0.499000 0.407701 0.108267 0.193928 -0.276041 0.916283 -0.228265 3.921487 -4.192832 -1.732320
0.500000 0.407426 0.109181 0.193699 -0.272128 0.912075 -0.229994 3.902744 -4.223335 -1.724323
0.501000 0.407156 0.110091 0.193469 -0.268235 0.907836 -0.231714 3.883979 -4.253727 -1.715884
0.502000 0.406890 0.110997 0.193236 -0.264360 0.903567 -0.233425 3.865163 -4.284001 -1.706972
0.503000 0.406628 0.111898 0.193002 -0.260505 0.899268 -0.235128 3.846168 -4.313871 -1.697607
0.504000 0.406369 0.112795 0.192766 -0.256668 0.894940 -0.236820 3.826888 -4.343088 -1.687791
0.505000 0.406114 0.113688 0.192528 -0.252851 0.890582 -0.238503 3.807258 -4.371477 -1.677493
0.506000 0.405863 0.114576 0.192289 -0.249054 0.886197 -0.240175 3.787237 -4.398898 -1.666663
0.507000 0.405616 0.115460 0.192048 -0.245276 0.881784 -0.241837 3.766854 -4.425456 -1.655211
0.508000 0.405373 0.116340 0.191805 -0.241520 0.877346 -0.243486 3.746208 -4.451430 -1.643057
0.509000 0.405133 0.117215 0.191561 -0.237784 0.872882 -0.245123 3.725369 -4.476891 -1.630228
0.510000 0.404897 0.118086 0.191315 -0.234069 0.868392 -0.246746 3.704367 -4.501705 -1.616824
0.511000 0.404665 0.118952 0.191067 -0.230375 0.863878 -0.248356 3.683261 -4.525929 -1.602875
0.512000 0.404436 0.119814 0.190818 -0.226703 0.859340 -0.249952 3.662116 -4.549796 -1.588322
0.513000 0.404212 0.120671 0.190567 -0.223051 0.854779 -0.251533 3.640888 -4.573304 -1.573146
0.514000 0.403990 0.121523 0.190315 -0.219421 0.850194 -0.253098 3.619444 -4.596194 -1.557382
0.515000 0.403773 0.122371 0.190061 -0.215812 0.845586 -0.254648 3.597675 -4.618250 -1.541050
0.516000 0.403559 0.123214 0.189806 -0.212225 0.840957 -0.256181 3.575512 -4.639346 -1.524138
0.517000 0.403348 0.124053 0.189549 -0.208661 0.836307 -0.257696 3.552908 -4.659400 -1.506614
0.518000 0.403141 0.124887 0.189290 -0.205120 0.831638 -0.259194 3.529883 -4.678549 -1.488400
0.519000 0.402938 0.125716 0.189030 -0.201601 0.826950 -0.260673 3.506514 -4.697084 -1.469417
0.520000 0.402738 0.126541 0.188769 -0.198107 0.822244 -0.262133 3.482861 -4.715109 -1.449703
0.521000 0.402542 0.127361 0.188506 -0.194636 0.817520 -0.263572 3.458949 -4.732543 -1.429375
0.522000 0.402349 0.128176 0.188242 -0.191189 0.812779 -0.264991 3.434828 -4.749470 -1.408474
0.523000 0.402159 0.128986 0.187976 -0.187766 0.808021 -0.266389 3.410565 -4.766103 -1.386946
0.524000 0.401973 0.129792 0.187709 -0.184368 0.803247 -0.267765 3.386158 -4.782398 -1.364780
0.525000 0.401791 0.130593 0.187441 -0.180994 0.798456 -0.269119 3.361549 -4.798085 -1.342023
0.526000 0.401611 0.131389 0.187171 -0.177644 0.793651 -0.270449 3.336729 -4.813113 -1.318653
0.527000 0.401435 0.132180 0.186900 -0.174320 0.788830 -0.271756 3.311739 -4.827699 -1.294571
0.528000 0.401263 0.132966 0.186627 -0.171021 0.783995 -0.273038 3.286587 -4.841948 -1.269707
0.529000 0.401093 0.133748 0.186354 -0.167747 0.779146 -0.274295 3.261227 -4.855769 -1.244052
0.530000 0.400927 0.134525 0.186079 -0.164499 0.774284 -0.275527 3.235621 -4.869056 -1.217630
0.531000 0.400764 0.135297 0.185803 -0.161276 0.769408 -0.276731 3.209743 -4.881683 -1.190524
0.532000 0.400605 0.136064 0.185525 -0.158079 0.764520 -0.277908 3.183570 -4.893513 -1.162852
0.533000 0.400448 0.136826 0.185247 -0.154909 0.759621 -0.279056 3.157121 -4.904608 -1.134639
0.534000 0.400295 0.137583 0.184967 -0.151765 0.754711 -0.280177 3.130436 -4.915169 -1.105817
0.535000 0.400145 0.138335 0.184686 -0.148648 0.749791 -0.281268 3.103504 -4.925179 -1.076363
0.536000 0.399998 0.139082 0.184405 -0.145558 0.744861 -0.282330 3.076266 -4.934419 -1.046308
0.537000 0.399854 0.139825 0.184122 -0.142495 0.739922 -0.283361 3.048708 -4.942865 -1.015622
0.538000 0.399713 0.140562 0.183838 -0.139460 0.734975 -0.284361 3.020866 -4.950733 -0.984202
0.539000 0.399575 0.141295 0.183553 -0.136454 0.730020 -0.285329 2.992767 -4.958130 -0.951991
0.540000 0.399440 0.142022 0.183267 -0.133475 0.725059 -0.286265 2.964409 -4.965025 -0.918983
0.541000 0.399308 0.142745 0.182980 -0.130525 0.720090 -0.287167 2.935815 -4.971524 -0.885124
0.542000 0.399179 0.143462 0.182693 -0.127603 0.715116 -0.288035 2.907044 -4.977875 -0.850339
0.543000 0.399052 0.144175 0.182404 -0.124711 0.710135 -0.288868 2.878137 -4.984151 -0.814667
0.544000 0.398929 0.144883 0.182115 -0.121847 0.705147 -0.289664 2.849108 -4.990221 -0.778251
0.545000 0.398809 0.145585 0.181825 -0.119012 0.700154 -0.290424 2.819948 -4.995912 -0.741217
0.546000 0.398691 0.146283 0.181534 -0.116207 0.695156 -0.291147 2.790617 -5.000986 -0.703661
0.547000 0.398576 0.146976 0.181243 -0.113431 0.690152 -0.291832 2.761055 -5.005165 -0.665658
0.548000 0.398464 0.147663 0.180951 -0.110685 0.685145 -0.292478 2.731239 -5.008404 -0.627197
0.549000 0.398355 0.148346 0.180658 -0.107969 0.680135 -0.293086 2.701187 -5.010891 -0.588197
0.550000 0.398248 0.149024 0.180364 -0.105283 0.675123 -0.293655 2.670895 -5.012737 -0.548645
0.551000 0.398144 0.149696 0.180071 -0.102627 0.670110 -0.294183 2.640331 -5.013923 -0.508594
0.552000 0.398043 0.150364 0.179776 -0.100002 0.665096 -0.294672 2.609491 -5.014558 -0.468034
0.553000 0.397944 0.151026 0.179481 -0.097408 0.660081 -0.295119 2.578413 -5.014875 -0.426890
0.554000 0.397848 0.151684 0.179186 -0.094845 0.655066 -0.295525 2.547135 -5.014950 -0.385174
0.555000 0.397755 0.152337 0.178890 -0.092314 0.650051 -0.295890 2.515682 -5.014711 -0.342970
0.556000 0.397664 0.152984 0.178594 -0.089814 0.645036 -0.296211 2.484088 -5.014215 -0.300291
0.557000 0.397575 0.153627 0.178298 -0.087345 0.640023 -0.296490 2.452380 -5.013624 -0.257072
0.558000 0.397489 0.154264 0.178001 -0.084909 0.635009 -0.296726 2.420540 -5.012892 -0.213323
0.559000 0.397405 0.154897 0.177704 -0.082504 0.629997 -0.296917 2.388511 -5.011756 -0.169146
0.560000 0.397324 0.155524 0.177407 -0.080132 0.624986 -0.297064 2.356254 -5.010003 -0.124634
0.561000 0.397245 0.156147 0.177110 -0.077792 0.619977 -0.297166 2.323756 -5.007505 -0.079864
0.562000 0.397168 0.156764 0.176813 -0.075484 0.614971 -0.297224 2.291018 -5.004179 -0.034906
0.563000 0.397094 0.157377 0.176516 -0.073210 0.609968 -0.297236 2.258065 -5.000111 0.010255
0.564000 0.397022 0.157984 0.176218 -0.070968 0.604970 -0.297203 2.224936 -4.995510 0.055696
0.565000 0.396952 0.158587 0.175921 -0.068760 0.599977 -0.297125 2.191673 -4.990451 0.101408
0.566000 0.396884 0.159184 0.175624 -0.066585 0.594990 -0.297000 2.158311 -4.984877 0.147307
0.567000 0.396819 0.159776 0.175327 -0.064443 0.590008 -0.296830 2.124885 -4.978847 0.193385
0.568000 0.396756 0.160364 0.175031 -0.062335 0.585032 -0.296613 2.091417 -4.972522 0.239706
0.569000 0.396694 0.160947 0.174734 -0.060261 0.580063 -0.296351 2.057892 -4.965880 0.286260
0.570000 0.396635 0.161524 0.174438 -0.058219 0.575100 -0.296041 2.024267 -4.958740 0.332962
0.571000 0.396578 0.162097 0.174142 -0.056212 0.570145 -0.295685 1.990521 -4.951078 0.379801
0.572000 0.396523 0.162664 0.173846 -0.054238 0.565198 -0.295281 1.956670 -4.943051 0.426842
0.573000 0.396469 0.163227 0.173551 -0.052299 0.560259 -0.294831 1.922736 -4.934743 0.474073
0.574000 0.396418 0.163785 0.173257 -0.050393 0.555328 -0.294333 1.888737 -4.926095 0.521388
0.575000 0.396369 0.164338 0.172963 -0.048521 0.550407 -0.293788 1.854687 -4.917044 0.568684
0.576000 0.396321 0.164886 0.172669 -0.046684 0.545494 -0.293196 1.820598 -4.907523 0.615852
0.577000 0.396275 0.165429 0.172376 -0.044880 0.540592 -0.292556 1.786482 -4.897457 0.662787
0.578000 0.396231 0.165967 0.172084 -0.043111 0.535699 -0.291870 1.752352 -4.886911 0.709475
0.579000 0.396189 0.166500 0.171793 -0.041375 0.530818 -0.291138 1.718223 -4.876029 0.755976
0.580000 0.396148 0.167029 0.171502 -0.039674 0.525947 -0.290358 1.684082 -4.864794 0.802274
0.581000 0.396110 0.167552 0.171212 -0.038007 0.521088 -0.289533 1.649901 -4.853040 0.848281
0.582000 0.396072 0.168071 0.170923 -0.036374 0.516241 -0.288662 1.615667 -4.840742 0.893979
0.583000 0.396037 0.168585 0.170635 -0.034776 0.511407 -0.287745 1.581395 -4.828048 0.939438
0.584000 0.396003 0.169094 0.170347 -0.033212 0.506585 -0.286783 1.547118 -4.815043 0.984664
0.585000 0.395970 0.169598 0.170061 -0.031682 0.501777 -0.285776 1.512868 -4.801712 1.029597
0.586000 0.395940 0.170097 0.169776 -0.030186 0.496982 -0.284724 1.478677 -4.788141 1.074245
0.587000 0.395910 0.170592 0.169492 -0.028724 0.492200 -0.283627 1.444575 -4.774508 1.118681
0.588000 0.395882 0.171082 0.169208 -0.027297 0.487433 -0.282486 1.410591 -4.760889 1.162911
0.589000 0.395855 0.171567 0.168927 -0.025903 0.482679 -0.281301 1.376752 -4.747250 1.206870
0.590000 0.395830 0.172047 0.168646 -0.024543 0.477938 -0.280073 1.343082 -4.733652 1.250559
0.591000 0.395806 0.172522 0.168366 -0.023217 0.473211 -0.278800 1.309596 -4.720227 1.294038
0.592000 0.395784 0.172993 0.168088 -0.021924 0.468498 -0.277485 1.276291 -4.706953 1.337282
0.593000 0.395763 0.173459 0.167811 -0.020664 0.463798 -0.276126 1.243156 -4.693677 1.380188
0.594000 0.395742 0.173921 0.167536 -0.019438 0.459110 -0.274724 1.210185 -4.680371 1.422727
0.595000 0.395724 0.174378 0.167262 -0.018244 0.454437 -0.273280 1.177387 -4.667159 1.464955
0.596000 0.395706 0.174830 0.166989 -0.017083 0.449776 -0.271794 1.144781 -4.654098 1.506865
0.597000 0.395689 0.175277 0.166718 -0.015954 0.445129 -0.270266 1.112381 -4.641152 1.548382
0.598000 0.395674 0.175720 0.166449 -0.014858 0.440494 -0.268697 1.080206 -4.628377 1.589500
0.599000 0.395660 0.176158 0.166181 -0.013794 0.435872 -0.267087 1.048270 -4.615918 1.630288
0.600000 0.395647 0.176592 0.165915 -0.012762 0.431262 -0.265437 1.016586 -4.603823 1.670761
0.601000 0.395634 0.177021 0.165650 -0.011761 0.426664 -0.263746 0.985168 -4.592010 1.710854
0.602000 0.395623 0.177445 0.165387 -0.010791 0.422078 -0.262015 0.954028 -4.580377 1.750495
0.603000 0.395613 0.177865 0.165126 -0.009853 0.417503 -0.260245 0.923176 -4.568787 1.789593
0.604000 0.395603 0.178280 0.164867 -0.008945 0.412940 -0.258436 0.892623 -4.557081 1.828047
0.605000 0.395595 0.178691 0.164609 -0.008067 0.408389 -0.256589 0.862379 -4.545237 1.865838
0.606000 0.395587 0.179097 0.164354 -0.007220 0.403850 -0.254704 0.832450 -4.533367 1.903013
0.607000 0.395580 0.179498 0.164100 -0.006403 0.399323 -0.252783 0.802845 -4.521536 1.939549
0.608000 0.395574 0.179896 0.163848 -0.005614 0.394807 -0.250825 0.773571 -4.509727 1.975353
0.609000 0.395569 0.180288 0.163598 -0.004855 0.390303 -0.248832 0.744634 -4.498000 2.010405
0.610000 0.395565 0.180676 0.163350 -0.004125 0.385811 -0.246804 0.716051 -4.486494 2.044774
0.611000 0.395561 0.181060 0.163105 -0.003423 0.381330 -0.244743 0.687851 -4.475259 2.078505
0.612000 0.395558 0.181439 0.162861 -0.002749 0.376860 -0.242647 0.660073 -4.464262 2.111601
0.613000 0.395555 0.181813 0.162619 -0.002103 0.372402 -0.240519 0.632744 -4.453543 2.144105
0.614000 0.395554 0.182184 0.162380 -0.001484 0.367953 -0.238359 0.605877 -4.443201 2.176090
0.615000 0.395552 0.182549 0.162143 -0.000891 0.363515 -0.236167 0.579476 -4.433220 2.207546
0.616000 0.395552 0.182911 0.161907 -0.000325 0.359087 -0.233944 0.553541 -4.423480 2.238400
0.617000 0.395552 0.183268 0.161675 0.000216 0.354668 -0.231690 0.528075 -4.413959 2.268637
0.618000 0.395552 0.183620 0.161444 0.000731 0.350259 -0.229407 0.503075 -4.404748 2.298299
0.619000 0.395553 0.183968 0.161216 0.001222 0.345859 -0.227094 0.478543 -4.395888 2.327366
0.620000 0.395555 0.184312 0.160990 0.001688 0.341467 -0.224752 0.454478 -4.387344 2.355755
0.621000 0.395557 0.184651 0.160766 0.002131 0.337084 -0.222382 0.430878 -4.379151 2.383444
0.622000 0.395559 0.184986 0.160545 0.002550 0.332709 -0.219985 0.407754 -4.371415 2.410489
0.623000 0.395562 0.185316 0.160326 0.002946 0.328341 -0.217561 0.385127 -4.364164 2.436910
0.624000 0.395565 0.185643 0.160110 0.003320 0.323981 -0.215111 0.363029 -4.357324 2.462670
0.625000 0.395568 0.185964 0.159896 0.003672 0.319627 -0.212636 0.341483 -4.350800 2.487719
0.626000 0.395572 0.186282 0.159685 0.004003 0.315279 -0.210136 0.320494 -4.344461 2.511991
0.627000 0.395576 0.186595 0.159476 0.004313 0.310938 -0.207612 0.300062 -4.338157 2.535408
0.628000 0.395581 0.186904 0.159270 0.004603 0.306603 -0.205065 0.280181 -4.331843 2.557956
0.629000 0.395586 0.187208 0.159066 0.004874 0.302274 -0.202496 0.260849 -4.325588 2.579672
0.630000 0.395591 0.187508 0.158865 0.005125 0.297951 -0.199906 0.242059 -4.319409 2.600538
0.631000 0.395596 0.187804 0.158666 0.005358 0.293635 -0.197295 0.223807 -4.313260 2.620478
0.632000 0.395601 0.188095 0.158470 0.005573 0.289325 -0.194665 0.206088 -4.307158 2.639472
0.633000 0.395607 0.188383 0.158277 0.005770 0.285021 -0.192016 0.188897 -4.301181 2.657580
0.634000 0.395613 0.188666 0.158086 0.005950 0.280723 -0.189350 0.172229 -4.295339 2.674849
0.635000 0.395619 0.188944 0.157898 0.006114 0.276430 -0.186666 0.156076 -4.289566 2.691294
0.636000 0.395625 0.189218 0.157713 0.006263 0.272143 -0.183967 0.140435 -4.283860 2.706961
0.637000 0.395631 0.189488 0.157530 0.006395 0.267862 -0.181252 0.125298 -4.278274 2.721918
0.638000 0.395638 0.189754 0.157350 0.006513 0.263587 -0.178523 0.110659 -4.272775 2.736183
0.639000 0.395644 0.190016 0.157173 0.006617 0.259317 -0.175780 0.096513 -4.267247 2.749725
0.640000 0.395651 0.190273 0.156999 0.006706 0.255052 -0.173024 0.082853 -4.261650 2.762552
0.641000 0.395658 0.190526 0.156827 0.006782 0.250794 -0.170255 0.069671 -4.256030 2.774690
0.642000 0.395665 0.190774 0.156658 0.006846 0.246540 -0.167474 0.056963 -4.250385 2.786092
0.643000 0.395671 0.191019 0.156492 0.006896 0.242293 -0.164683 0.044720 -4.244653 2.796652
0.644000 0.395678 0.191259 0.156329 0.006935 0.238051 -0.161881 0.032937 -4.238828 2.806319
0.645000 0.395685 0.191495 0.156168 0.006962 0.233815 -0.159070 0.021607 -4.232970 2.815131
0.646000 0.395692 0.191727 0.156011 0.006978 0.229585 -0.156251 0.010723 -4.227090 2.823129
0.647000 0.395699 0.191954 0.155856 0.006984 0.225361 -0.153424 0.000277 -4.221126 2.830321
0.648000 0.395706 0.192177 0.155704 0.006979 0.221143 -0.150590 -0.009735 -4.214993 2.836693
0.649000 0.395713 0.192396 0.155554 0.006964 0.216931 -0.147751 -0.019323 -4.208571 2.842202
0.650000 0.395720 0.192611 0.155408 0.006940 0.212726 -0.144906 -0.028492 -4.201722 2.846780
0.651000 0.395727 0.192822 0.155265 0.006907 0.208527 -0.142057 -0.037248 -4.194385 2.850408
0.652000 0.395734 0.193028 0.155124 0.006866 0.204337 -0.139205 -0.045600 -4.186583 2.853102
0.653000 0.395741 0.193230 0.154986 0.006816 0.200154 -0.136351 -0.053553 -4.178296 2.854838
0.654000 0.395748 0.193428 0.154851 0.006759 0.195980 -0.133495 -0.061114 -4.169449 2.855544
0.655000 0.395754 0.193622 0.154719 0.006694 0.191815 -0.130640 -0.068289 -4.160019 2.855194
0.656000 0.395761 0.193812 0.154590 0.006622 0.187660 -0.127785 -0.075087 -4.150042 2.853826
0.657000 0.395768 0.193998 0.154464 0.006544 0.183515 -0.124932 -0.081511 -4.139511 2.851478
0.658000 0.395774 0.194179 0.154340 0.006459 0.179381 -0.122082 -0.087570 -4.128370 2.848172
0.659000 0.395781 0.194356 0.154220 0.006368 0.175259 -0.119236 -0.093270 -4.116600 2.843942
0.660000 0.395787 0.194530 0.154102 0.006272 0.171148 -0.116394 -0.098616 -4.104213 2.838825
0.661000 0.395793 0.194699 0.153987 0.006171 0.167050 -0.113558 -0.103616 -4.091135 2.832804
0.662000 0.395799 0.194864 0.153875 0.006065 0.162966 -0.110728 -0.108274 -4.077224 2.825819
0.663000 0.395805 0.195025 0.153765 0.005955 0.158896 -0.107906 -0.112597 -4.062403 2.817845
0.664000 0.395811 0.195182 0.153659 0.005840 0.154841 -0.105093 -0.116591 -4.046675 2.808886
0.665000 0.395817 0.195334 0.153555 0.005721 0.150802 -0.102289 -0.120262 -4.030024 2.798911
0.666000 0.395823 0.195483 0.153454 0.005599 0.146781 -0.099495 -0.123616 -4.012387 2.787845
0.667000 0.395828 0.195628 0.153356 0.005474 0.142778 -0.096713 -0.126670 -3.993705 2.775642
0.668000 0.395834 0.195769 0.153261 0.005346 0.138794 -0.093944 -0.129454 -3.973931 2.762293
0.669000 0.395839 0.195906 0.153168 0.005215 0.134830 -0.091188 -0.132008 -3.953020 2.747815
0.670000 0.395844 0.196038 0.153078 0.005082 0.130887 -0.088448 -0.134359 -3.930968 2.732241
0.671000 0.395849 0.196167 0.152991 0.004947 0.126968 -0.085724 -0.136514 -3.907782 2.715598
0.672000 0.395854 0.196292 0.152907 0.004809 0.123072 -0.083017 -0.138453 -3.883400 2.697864
0.673000 0.395859 0.196413 0.152825 0.004670 0.119201 -0.080328 -0.140148 -3.857706 2.678986
0.674000 0.395863 0.196531 0.152746 0.004529 0.115356 -0.077659 -0.141577 -3.830632 2.658934
0.675000 0.395868 0.196644 0.152670 0.004387 0.111540 -0.075010 -0.142735 -3.802169 2.637704
0.676000 0.395872 0.196754 0.152596 0.004243 0.107752 -0.072383 -0.143625 -3.772289 2.615262
0.677000 0.395876 0.196860 0.152525 0.004099 0.103995 -0.069780 -0.144250 -3.740921 2.591540
0.678000 0.395880 0.196962 0.152457 0.003955 0.100270 -0.067200 -0.144615 -3.708002 2.566485
0.679000 0.395884 0.197060 0.152391 0.003810 0.096579 -0.064647 -0.144724 -3.673477 2.540072
0.680000 0.395888 0.197155 0.152327 0.003665 0.092923 -0.062120 -0.144581 -3.637297 2.512291
0.681000 0.395891 0.197246 0.152267 0.003521 0.089305 -0.059622 -0.144189 -3.599443 2.483148
0.682000 0.395895 0.197334 0.152208 0.003377 0.085724 -0.057154 -0.143552 -3.559901 2.452651
0.683000 0.395898 0.197418 0.152152 0.003234 0.082185 -0.054717 -0.142672 -3.518597 2.420777
0.684000 0.395901 0.197498 0.152099 0.003092 0.078687 -0.052312 -0.141554 -3.475409 2.387478
0.685000 0.395904 0.197575 0.152048 0.002951 0.075234 -0.049942 -0.140200 -3.430255 2.352725
0.686000 0.395907 0.197648 0.151999 0.002811 0.071827 -0.047607 -0.138614 -3.383109 2.316507
0.687000 0.395910 0.197719 0.151952 0.002673 0.068468 -0.045309 -0.136798 -3.333929 2.278789
0.688000 0.395913 0.197785 0.151908 0.002538 0.065159 -0.043049 -0.134754 -3.282649 2.239516
0.689000 0.395915 0.197849 0.151866 0.002404 0.061902 -0.040830 -0.132488 -3.229227 2.198653
0.690000 0.395917 0.197909 0.151827 0.002273 0.058700 -0.038652 -0.130011 -3.173652 2.156210
0.691000 0.395920 0.197966 0.151789 0.002144 0.055555 -0.036517 -0.127351 -3.115902 2.112222
0.692000 0.395922 0.198020 0.151754 0.002018 0.052469 -0.034428 -0.124545 -3.055929 2.066725
0.693000 0.395924 0.198071 0.151720 0.001895 0.049443 -0.032384 -0.121619 -2.993703 2.019752
0.694000 0.395925 0.198119 0.151689 0.001775 0.046481 -0.030388 -0.118585 -2.929202 1.971325
0.695000 0.395927 0.198164 0.151659 0.001658 0.043585 -0.028441 -0.115448 -2.862366 1.921449
0.696000 0.395929 0.198206 0.151632 0.001544 0.040757 -0.026545 -0.112208 -2.793099 1.870116
0.697000 0.395930 0.198246 0.151606 0.001433 0.037999 -0.024701 -0.108868 -2.721321 1.817306
0.698000 0.395932 0.198282 0.151583 0.001326 0.035314 -0.022911 -0.105429 -2.646978 1.762983
0.699000 0.395933 0.198316 0.151560 0.001222 0.032705 -0.021175 -0.101891 -2.570031 1.707101
0.700000 0.395934 0.198348 0.151540 0.001122 0.030174 -0.019496 -0.098257 -2.490458 1.649630
0.701000 0.395935 0.198377 0.151521 0.001026 0.027724 -0.017876 -0.094528 -2.408249 1.590570
0.702000 0.395936 0.198403 0.151504 0.000933 0.025357 -0.016315 -0.090704 -2.323378 1.529936
0.703000 0.395937 0.198427 0.151489 0.000844 0.023077 -0.014816 -0.086786 -2.235803 1.467744
0.704000 0.395938 0.198449 0.151475 0.000760 0.020886 -0.013380 -0.082776 -2.145492 1.404009
0.705000 0.395939 0.198469 0.151462 0.000679 0.018786 -0.012008 -0.078674 -2.052415 1.338746
0.706000 0.395939 0.198487 0.151451 0.000602 0.016781 -0.010702 -0.074480 -1.956512 1.271967
0.707000 0.395940 0.198503 0.151441 0.000530 0.014873 -0.009464 -0.070197 -1.857698 1.203682
0.708000 0.395940 0.198517 0.151432 0.000462 0.013065 -0.008295 -0.065823 -1.755908 1.133901
0.709000 0.395941 0.198529 0.151424 0.000398 0.011361 -0.007196 -0.061360 -1.651106 1.062621
0.710000 0.395941 0.198539 0.151417 0.000339 0.009763 -0.006170 -0.056807 -1.543247 0.989824
0.711000 0.395941 0.198548 0.151412 0.000285 0.008275 -0.005217 -0.052166 -1.432274 0.915484
0.712000 0.395942 0.198556 0.151407 0.000235 0.006899 -0.004339 -0.047439 -1.318142 0.839583
0.713000 0.395942 0.198562 0.151403 0.000190 0.005638 -0.003537 -0.042635 -1.200829 0.762125
0.714000 0.395942 0.198567 0.151400 0.000150 0.004497 -0.002814 -0.037781 -1.080312 0.683137
0.715000 0.395942 0.198571 0.151397 0.000114 0.003478 -0.002171 -0.017673 -0.509624 0.321633
0.716000 0.395942 0.198574 0.151396 0.000114 0.003478 -0.002171 -0.017673 -0.509624 0.321633
