0 0.84568 0.5117 0.064611 -0.13716 0.020292 0.018163 0.111 10.376 -5.6543 -1.8232
0.002381 0.84568 0.51171 0.0647 -0.13706 0.044997 0.0047005 0.10666 2.2422 4.8492 3.4397
0.0047619 0.84567 0.51175 0.064777 -0.13695 0.050336 0.016246 0.11485 1.8904 -13.223 -2.5344
0.0071429 0.84566 0.51178 0.064872 -0.13684 0.054837 -0.015238 0.10882 6.2363 4.9989 5.0666
0.0095238 0.84565 0.51183 0.064932 -0.13672 0.069685 -0.0033363 0.12088 -1.2321 4.1688 -1.5492
0.011905 0.84562 0.5119 0.065013 -0.13659 0.066751 0.0065895 0.11719 -5.9047 7.8549 3.6317
0.014286 0.8456 0.51195 0.065102 -0.13647 0.052692 0.025292 0.12584 -4.6484 -2.1592 6.2516
0.016667 0.84559 0.51199 0.065213 -0.13635 0.041625 0.020151 0.14072 7.3455 1.1141 7.4023
0.019048 0.84558 0.51202 0.065326 -0.13622 0.059114 0.022803 0.15835 8.2569 -3.3551 3.9773
0.021429 0.84557 0.51206 0.065455 -0.13607 0.078773 0.014815 0.16782 15.145 -9.1848 2.0264
0.02381 0.84555 0.51213 0.065585 -0.1359 0.11483 -0.0070534 0.17264 -6.605 7.6345 -0.69823
0.02619 0.84551 0.51223 0.065702 -0.13572 0.099107 0.011124 0.17098 6.4815 -5.6742 6.7055
0.028571 0.84547 0.51231 0.065833 -0.13554 0.11454 -0.002386 0.18694 -19.279 5.8577 16.377
0.030952 0.84544 0.51242 0.065963 -0.13535 0.068636 0.011561 0.22594 8.9875 -5.1509 16.882
0.033333 0.84543 0.51246 0.066124 -0.13512 0.090035 -0.00070308 0.26613 7.4332 -2.5212 19.737
0.035714 0.84542 0.51253 0.0663 -0.13484 0.10773 -0.0067059 0.31312 7.1711 -3.4608 10.129
0.038095 0.8454 0.51262 0.066501 -0.13452 0.12481 -0.014946 0.33724 5.506 -0.69151 15.262
0.040476 0.84538 0.51272 0.066712 -0.13416 0.13792 -0.016592 0.37358 5.9926 1.29 14.582
0.042857 0.84536 0.51283 0.066945 -0.13376 0.15219 -0.013521 0.4083 -2.0024 11.134 14.812
0.045238 0.84533 0.51295 0.067205 -0.13333 0.14742 0.012989 0.44356 8.6485 0.78537 10.897
0.047619 0.84531 0.51307 0.067513 -0.13288 0.16801 0.014859 0.46951 9.8113 -3.6809 8.4437
0.05 0.84528 0.51319 0.067841 -0.1324 0.19137 0.0060946 0.48961 -24.405 51.038 19.901
0.052381 0.84524 0.51335 0.068176 -0.1319 0.13326 0.12761 0.537 11.451 -15.646 10.449
0.054762 0.84523 0.51342 0.068654 -0.13143 0.16053 0.090362 0.56187 -5.1433 6.4118 11.98
0.057143 0.84521 0.51352 0.069113 -0.1309 0.14828 0.10563 0.5904 1.1993 2.2483 8.607
0.059524 0.84521 0.5136 0.069604 -0.13036 0.15114 0.11098 0.61089 0.68072 -0.028581 9.8006
0.061905 0.8452 0.51369 0.070112 -0.1298 0.15276 0.11091 0.63423 -9.1715 12.676 12.869
0.064286 0.84519 0.51377 0.070635 -0.12922 0.13092 0.14109 0.66487 -11.588 10.021 15.902
0.066667 0.8452 0.51382 0.071204 -0.12862 0.10333 0.16495 0.70273 -0.0078782 -1.5312 17.842
0.069048 0.84523 0.51384 0.071816 -0.12801 0.10331 0.16131 0.74521 18.308 -14.447 -2.1976
0.071429 0.84527 0.51386 0.07245 -0.12735 0.1469 0.12691 0.73998 14.62 -6.7388 6.3592
0.07381 0.84528 0.51392 0.073052 -0.12667 0.18171 0.11087 0.75512 -7.5358 4.5678 6.9707
0.07619 0.84527 0.51402 0.073653 -0.12596 0.16377 0.12174 0.77172 11.02 -12.673 -2.2366
0.078571 0.84528 0.5141 0.074272 -0.12525 0.19001 0.091569 0.76639 5.2188 -15.1 -1.6452
0.080952 0.84527 0.51421 0.074862 -0.12451 0.20243 0.055616 0.76247 0.30118 2.785 2.826
0.083333 0.84525 0.51434 0.075415 -0.12376 0.20315 0.062247 0.7692 -1.5277 4.7849 19.125
0.085714 0.84524 0.51446 0.075978 -0.12301 0.19951 0.07364 0.81474 -10.968 5.6279 10.512
0.088095 0.84523 0.51458 0.07658 -0.12221 0.1734 0.08704 0.83977 -5.8511 9.5052 2.319
0.090476 0.84523 0.51467 0.077208 -0.12141 0.15946 0.10967 0.84529 -0.49713 8.1135 7.104
0.092857 0.84525 0.51473 0.077859 -0.12061 0.15828 0.12899 0.8622 2.4588 3.9245 0.4377
0.095238 0.84526 0.51479 0.07854 -0.11981 0.16414 0.13833 0.86324 -2.6849 4.1956 2.618
0.097619 0.84527 0.51486 0.079231 -0.11901 0.15774 0.14832 0.86948 -7.1702 9.6626 1.5237
0.1 0.84528 0.51491 0.079936 -0.11821 0.14067 0.17133 0.87311 8.7958 -9.355 -3.0581
0.10238 0.8453 0.51495 0.080663 -0.11742 0.16161 0.14906 0.86582 -0.81545 -2.4517 1.4765
0.10476 0.84531 0.515 0.081366 -0.11663 0.15967 0.14322 0.86934 16.467 -10.339 -3.3439
0.10714 0.84532 0.51506 0.082066 -0.11582 0.19888 0.1186 0.86138 12.061 -5.5885 -8.9775
0.10952 0.8453 0.51516 0.08274 -0.11501 0.2276 0.10529 0.84 -5.4345 7.2857 -5.0988
0.1119 0.84527 0.51529 0.083393 -0.11421 0.21466 0.12264 0.82786 7.3952 1.1889 -5.0837
0.11429 0.84524 0.51541 0.084053 -0.11343 0.23226 0.12547 0.81576 10.171 -9.5548 -9.4856
0.11667 0.84519 0.51554 0.084711 -0.11266 0.25648 0.10272 0.79317 -4.5079 9.7811 0.49409
0.11905 0.84513 0.51571 0.085336 -0.1119 0.24575 0.12601 0.79435 -1.0794 14.511 7.2812
0.12143 0.84507 0.51586 0.085983 -0.11115 0.24318 0.16056 0.81169 -3.4266 6.1242 -3.3812
0.12381 0.84501 0.516 0.086675 -0.11041 0.23502 0.17514 0.80364 -5.7287 -5.8773 5.1233
0.12619 0.84495 0.51613 0.087376 -0.10968 0.22138 0.16115 0.81584 -15.357 14.595 -2.8126
0.12857 0.84491 0.51624 0.088068 -0.10894 0.18482 0.1959 0.80914 5.5668 2.9221 -4.5014
0.13095 0.84488 0.51632 0.088786 -0.10823 0.19807 0.20286 0.79842 -7.2933 6.1051 -2.7164
0.13333 0.84484 0.51641 0.089506 -0.10753 0.1807 0.21739 0.79195 -2.4904 4.199 -1.0429
0.13571 0.8448 0.51648 0.090235 -0.10684 0.17477 0.22739 0.78947 -6.3782 1.8136 -2.9959
0.1381 0.84477 0.51654 0.090971 -0.10617 0.15959 0.23171 0.78234 -1.4985 -6.6448 -4.1141
0.14048 0.84475 0.51659 0.091706 -0.10551 0.15602 0.21589 0.77254 -0.51467 6.0513 -1.4604
0.14286 0.84472 0.51663 0.092417 -0.10485 0.1548 0.2303 0.76906 -4.5016 -2.8215 -6.6461
0.14524 0.8447 0.51667 0.093141 -0.1042 0.14408 0.22358 0.75324 -11.695 9.0291 -4.1547
0.14762 0.84468 0.51671 0.093847 -0.10356 0.11623 0.24508 0.74335 3.7644 -9.7148 -11.356
0.15 0.84467 0.51671 0.094565 -0.10295 0.12519 0.22195 0.71631 5.1858 -7.7512 -19.155
0.15238 0.84466 0.51673 0.095244 -0.10236 0.13754 0.20349 0.6707 7.3848 -8.4319 -8.6896
0.15476 0.84463 0.51676 0.095878 -0.10179 0.15512 0.18341 0.65001 6.8284 -8.4034 -7.7967
0.15714 0.84459 0.51682 0.096481 -0.10123 0.17138 0.16341 0.63145 2.9385 -5.9043 -10.704
0.15952 0.84454 0.5169 0.097055 -0.10068 0.17838 0.14935 0.60597 6.3109 -7.0348 -15.959
0.1619 0.84449 0.51699 0.097599 -0.10014 0.19341 0.1326 0.56797 -8.7825 6.6623 -6.8247
0.16429 0.84442 0.51711 0.098105 -0.099629 0.17249 0.14846 0.55172 -12.203 2.1861 -13.707
0.16667 0.84436 0.5172 0.098614 -0.099145 0.14344 0.15367 0.51908 -3.0983 -4.2894 -7.762
0.16905 0.84432 0.51726 0.099105 -0.098701 0.13606 0.14345 0.5006 -15.844 6.3279 -1.3992
0.17143 0.84428 0.51732 0.099574 -0.09827 0.098337 0.15852 0.49727 1.8254 -5.479 -10.28
0.17381 0.84426 0.51735 0.10005 -0.097857 0.10268 0.14547 0.4728 -1.6483 16.15 -24.042
0.17619 0.84423 0.51738 0.1005 -0.097459 0.098758 0.18393 0.41555 -4.6949 2.987 -20.3
0.17857 0.8442 0.5174 0.10095 -0.097143 0.08758 0.19104 0.36722 0.29832 -8.4715 -9.5972
0.18095 0.84416 0.51743 0.10138 -0.096881 0.08829 0.17087 0.34437 8.8394 -23.162 -12.046
0.18333 0.84413 0.51745 0.10177 -0.096629 0.10934 0.11572 0.31569 -7.2383 3.9107 -10.522
0.18571 0.84408 0.51751 0.1021 -0.09637 0.092102 0.12503 0.29064 -7.8913 2.1999 -15.832
0.1881 0.84404 0.51755 0.10241 -0.096144 0.073313 0.13027 0.25294 1.0935 -7.2217 -16.155
0.19048 0.84401 0.51758 0.10271 -0.095961 0.075917 0.11308 0.21448 -0.37605 -5.2666 -16.437
0.19286 0.84397 0.51762 0.10296 -0.095806 0.075022 0.10054 0.17534 10.099 -18.71 -3.6676
0.19524 0.84393 0.51766 0.10318 -0.095682 0.099067 0.055991 0.16661 4.1819 -12.495 -16.097
0.19762 0.84389 0.51773 0.10335 -0.095537 0.10902 0.026241 0.12828 -4.6165 1.6046 -20.942
0.2 0.84383 0.51782 0.10347 -0.095411 0.098033 0.030061 0.078422 0.38289 -9.219 -0.61297
0.20238 0.84377 0.51791 0.10356 -0.095339 0.098944 0.0081115 0.076962 -9.4367 -0.45273 -7.2791
0.20476 0.84372 0.518 0.10363 -0.095254 0.076476 0.0070336 0.059631 -7.1652 6.6733 -9.7689
0.20714 0.84368 0.51807 0.10368 -0.095189 0.059416 0.022922 0.036372 -16.257 14.781 -0.93835
0.20952 0.84364 0.51812 0.10373 -0.09516 0.020708 0.058115 0.034137 -13.162 -1.3778 -9.128
0.2119 0.84363 0.51813 0.10381 -0.095159 -0.010629 0.054834 0.012404 -3.865 -5.189 -20.644
0.21429 0.84363 0.51811 0.10387 -0.095181 -0.019831 0.04248 -0.036748 -2.2568 -7.8109 -21.301
0.21667 0.84363 0.51809 0.10389 -0.095247 -0.025204 0.023882 -0.087465 2.5083 -8.405 -21.598
0.21905 0.84364 0.51807 0.10386 -0.095353 -0.019232 0.0038704 -0.13889 1.2509 -8.3747 -25.257
0.22143 0.84363 0.51807 0.10377 -0.095497 -0.016254 -0.01607 -0.19903 4.24 -6.7801 -22.193
0.22381 0.84362 0.51808 0.10363 -0.095689 -0.0061587 -0.032213 -0.25187 -5.8349 -2.3795 -14.446
0.22619 0.8436 0.51811 0.10344 -0.095923 -0.020051 -0.037878 -0.28626 -10.14 2.6098 -15.304
0.22857 0.84358 0.51813 0.10323 -0.096189 -0.044195 -0.031664 -0.3227 10.369 -13.481 -24.535
0.23095 0.84358 0.51813 0.10299 -0.096499 -0.019506 -0.063761 -0.38112 -4.0089 -8.8354 3.7222
0.23333 0.84355 0.51816 0.10269 -0.096845 -0.029051 -0.084797 -0.37225 -9.1807 0.28618 -4.963
0.23571 0.84354 0.51819 0.10237 -0.09717 -0.05091 -0.084116 -0.38407 -1.5939 -2.613 -19.945
0.2381 0.84354 0.51819 0.10205 -0.09751 -0.054705 -0.090337 -0.43156 0.57895 -3.5763 -14.841
0.24048 0.84353 0.5182 0.10168 -0.097894 -0.053326 -0.098852 -0.46689 -20.439 18.44 -14.602
0.24286 0.84352 0.51822 0.10129 -0.098309 -0.10199 -0.054947 -0.50166 -7.1403 12.647 -17.417
0.24524 0.84353 0.51818 0.10091 -0.098791 -0.11899 -0.024835 -0.54313 13.331 -10.537 -19.95
0.24762 0.84354 0.51813 0.10054 -0.099335 -0.08725 -0.049922 -0.59063 4.1272 -13.918 -20.93
0.25 0.84353 0.51812 0.10011 -0.099908 -0.077424 -0.08306 -0.64046 7.5018 -12.769 -13.22
0.25238 0.84351 0.51813 0.099625 -0.10051 -0.059562 -0.11346 -0.67194 0.63129 0.46268 -15.58
0.25476 0.84348 0.51816 0.09909 -0.10112 -0.058059 -0.11236 -0.70904 -0.16815 1.0941 -14.415
0.25714 0.84345 0.5182 0.098532 -0.10177 -0.05846 -0.10976 -0.74336 18.421 -17.995 -27.801
0.25952 0.84341 0.51824 0.097957 -0.10246 -0.014599 -0.1526 -0.80955 13.503 -14.165 -17.79
0.2619 0.84333 0.51834 0.097302 -0.10318 0.017552 -0.18633 -0.85191 5.7524 -7.4027 -16.449
0.26429 0.84324 0.51848 0.096591 -0.10391 0.031248 -0.20395 -0.89107 8.333 -7.0723 -15.3
0.26667 0.84313 0.51864 0.09584 -0.10468 0.051088 -0.22079 -0.9275 -0.3609 -3.2676 -18.996
0.26905 0.84301 0.51882 0.095053 -0.10547 0.050229 -0.22857 -0.97273 -0.08418 -7.8519 -4.7986
0.27143 0.84288 0.51901 0.094229 -0.1063 0.050029 -0.24727 -0.98415 5.2111 -5.1371 -2.4164
0.27381 0.84275 0.5192 0.093379 -0.10713 0.062436 -0.2595 -0.98991 -6.2982 0.98674 -9.2025
0.27619 0.84262 0.51941 0.092514 -0.10795 0.04744 -0.25715 -1.0118 -8.6463 0.91788 -16.772
0.27857 0.84249 0.5196 0.091637 -0.1088 0.026854 -0.25496 -1.0518 8.4291 -10.153 -16.583
0.28095 0.84236 0.51977 0.090734 -0.1097 0.046923 -0.27914 -1.0912 -2.3421 -8.8427 -10.134
0.28333 0.84222 0.51997 0.089785 -0.11061 0.041347 -0.30019 -1.1154 5.8236 -10.416 -7.3153
0.28571 0.84208 0.52017 0.088799 -0.11154 0.055212 -0.32499 -1.1328 -0.40689 -5.8741 -10.177
0.2881 0.84193 0.52039 0.087779 -0.11247 0.054244 -0.33898 -1.157 1.9436 -11.473 -10.63
0.29048 0.84177 0.52061 0.086729 -0.11341 0.058871 -0.36629 -1.1823 -2.8129 -6.5203 -1.8221
0.29286 0.84161 0.52084 0.085637 -0.11437 0.052174 -0.38182 -1.1867 -16.728 3.5304 -3.0883
0.29524 0.84146 0.52107 0.084526 -0.11531 0.012344 -0.37341 -1.194 -6.3469 -2.7432 0.012327
0.29762 0.84132 0.52125 0.083413 -0.11627 -0.0027673 -0.37994 -1.194 -7.5449 2.1768 0.68854
0.3 0.8412 0.52142 0.082291 -0.11724 -0.020731 -0.37476 -1.1923 -5.2348 -10.168 1.941
0.30238 0.84108 0.52156 0.081173 -0.1182 -0.033195 -0.39897 -1.1877 -12.309 1.6679 6.2552
0.30476 0.84097 0.5217 0.080031 -0.11914 -0.062503 -0.395 -1.1728 1.4739 -9.2283 -6.1877
0.30714 0.84088 0.52181 0.078898 -0.12008 -0.058994 -0.41697 -1.1876 3.3054 -4.9046 -7.6433
0.30952 0.84078 0.52192 0.077734 -0.12101 -0.051124 -0.42865 -1.2058 -14.835 2.2963 -1.4973
0.3119 0.84068 0.52204 0.076549 -0.12196 -0.086446 -0.42318 -1.2093 -9.3655 -2.2692 21.388
0.31429 0.8406 0.52212 0.075361 -0.12291 -0.10875 -0.42858 -1.1584 -2.8865 -0.24951 9.6587
0.31667 0.84053 0.52218 0.074196 -0.12382 -0.11562 -0.42918 -1.1354 -14.108 5.8728 4.0085
0.31905 0.84047 0.52223 0.073044 -0.1247 -0.14921 -0.41519 -1.1259 1.283 -17.757 3.3944
0.32143 0.84043 0.52224 0.071906 -0.12558 -0.14615 -0.45747 -1.1178 4.8016 -19.134 -5.6083
0.32381 0.8404 0.52225 0.070732 -0.12642 -0.13472 -0.50303 -1.1311 -7.136 4.8095 -3.6023
0.32619 0.84035 0.52229 0.069505 -0.12725 -0.15171 -0.49158 -1.1397 -14.9 8.3289 4.1365
0.32857 0.84031 0.52231 0.068281 -0.1281 -0.18719 -0.47175 -1.1299 -8.0239 -2.7126 5.4766
0.33095 0.84029 0.52228 0.067078 -0.12895 -0.20629 -0.47821 -1.1168 6.7062 -17.324 -1.5931
0.33333 0.84029 0.52224 0.065874 -0.12979 -0.19033 -0.51945 -1.1206 -4.4186 -8.5604 3.7003
0.33571 0.84027 0.52222 0.064628 -0.1306 -0.20085 -0.53984 -1.1118 -6.3819 -4.1437 6.1228
0.3381 0.84026 0.52218 0.063365 -0.13139 -0.21604 -0.5497 -1.0972 0.45308 -9.727 10.322
0.34048 0.84027 0.52214 0.062099 -0.13216 -0.21496 -0.57286 -1.0726 1.5697 8.9394 -0.53853
0.34286 0.84027 0.52209 0.060826 -0.1329 -0.21123 -0.55158 -1.0739 -2.5561 -2.4079 -5.014
0.34524 0.84027 0.52204 0.059573 -0.13364 -0.21731 -0.55731 -1.0859 -5.2997 -2.5851 8.376
0.34762 0.84028 0.52199 0.058306 -0.1344 -0.22993 -0.56347 -1.0659 9.3632 -13.617 10.576
0.35 0.84029 0.52192 0.057043 -0.13513 -0.20764 -0.59589 -1.0407 16.433 -12.181 10.04
0.35238 0.84029 0.52188 0.055767 -0.13582 -0.16851 -0.62489 -1.0168 0.69181 -6.1385 6.6109
0.35476 0.84027 0.52188 0.054483 -0.13646 -0.16686 -0.6395 -1.0011 -13.704 8.5458 9.7369
0.35714 0.84025 0.52188 0.053194 -0.13707 -0.19949 -0.61916 -0.97792 0.78301 1.7862 9.2993
0.35952 0.84025 0.52185 0.051934 -0.13768 -0.19763 -0.6149 -0.95577 1.3927 -6.0538 7.5677
0.3619 0.84026 0.52181 0.050693 -0.13826 -0.19431 -0.62932 -0.93776 -12.992 9.6254 10.567
0.36429 0.84026 0.52177 0.049449 -0.13882 -0.22525 -0.6064 -0.9126 -1.4768 -12.445 12.52
0.36667 0.84028 0.5217 0.048238 -0.13937 -0.22876 -0.63603 -0.88279 -2.8063 3.3369 15.453
0.36905 0.84032 0.52163 0.047016 -0.13987 -0.23544 -0.62809 -0.84599 3.5334 7.0423 9.9061
0.37143 0.84035 0.52154 0.045823 -0.14034 -0.22703 -0.61132 -0.82241 -6.6671 4.0095 14.993
0.37381 0.84039 0.52146 0.044663 -0.1408 -0.24291 -0.60177 -0.78671 -7.2412 17.958 16.333
0.37619 0.84044 0.52136 0.043532 -0.14122 -0.26015 -0.55902 -0.74782 4.2656 0.42242 15.786
0.37857 0.84051 0.52124 0.042464 -0.14164 -0.24999 -0.55801 -0.71024 1.5567 8.0879 4.852
0.38095 0.84057 0.52111 0.041423 -0.14201 -0.24628 -0.53875 -0.69868 0.87895 7.7543 9.134
0.38333 0.84063 0.52099 0.040409 -0.14239 -0.24419 -0.52029 -0.67694 -9.4851 2.6395 7.5525
0.38571 0.84069 0.52087 0.039427 -0.14276 -0.26677 -0.51401 -0.65895 -1.67 14.244 25.988
0.3881 0.84077 0.52072 0.038459 -0.14311 -0.27075 -0.48009 -0.59708 -4.5296 13.382 7.5457
0.39048 0.84086 0.52056 0.037562 -0.14342 -0.28154 -0.44823 -0.57911 -3.9492 12.606 9.4926
0.39286 0.84095 0.52038 0.036706 -0.14374 -0.29094 -0.41821 -0.55651 3.4628 3.1655 3.9751
0.39524 0.84105 0.52018 0.035893 -0.14405 -0.28269 -0.41068 -0.54705 -9.0608 1.1398 12.595
0.39762 0.84115 0.51999 0.035094 -0.14435 -0.30427 -0.40796 -0.51706 -7.3858 1.5065 14.684
0.4 0.84127 0.51978 0.034313 -0.14463 -0.32185 -0.40438 -0.4821 -0.52405 7.581 16.41
0.40238 0.8414 0.51955 0.033555 -0.14488 -0.3231 -0.38633 -0.44303 -5.7819 3.6925 10.513
0.40476 0.84154 0.51931 0.032838 -0.1451 -0.33687 -0.37753 -0.418 -3.9228 -6.8028 9.7956
0.40714 0.84169 0.51905 0.032143 -0.14529 -0.34621 -0.39373 -0.39467 -21.837 28.114 18.303
0.40952 0.84185 0.51879 0.031445 -0.14546 -0.3982 -0.32679 -0.35109 -23.134 32.596 28.808
0.4119 0.84205 0.51846 0.030832 -0.14562 -0.45328 -0.24918 -0.2825 7.103 -6.7621 22.606
0.41429 0.84229 0.51806 0.030329 -0.14577 -0.43637 -0.26528 -0.22868 1.3307 -7.3086 12.652
0.41667 0.84253 0.51767 0.029846 -0.14585 -0.4332 -0.28268 -0.19855 10.937 -9.6292 16.584
0.41905 0.84277 0.5173 0.029365 -0.14589 -0.40716 -0.30561 -0.15907 13.407 -9.78 1.1293
0.42143 0.843 0.51695 0.02889 -0.14588 -0.37524 -0.3289 -0.15638 -9.4383 12.332 19.006
0.42381 0.84322 0.51663 0.028398 -0.14584 -0.39771 -0.29953 -0.11113 -9.473 22.58 26.599
0.42619 0.84345 0.51629 0.02796 -0.14579 -0.42027 -0.24577 -0.047797 -3.6734 3.3107 12.605
0.42857 0.84371 0.51591 0.027611 -0.1457 -0.42901 -0.23789 -0.017785 -1.6695 -2.7001 15.007
0.43095 0.84398 0.51552 0.027287 -0.14558 -0.43299 -0.24432 0.017947 -14.489 19.934 16.569
0.43333 0.84425 0.51513 0.026977 -0.14543 -0.46748 -0.19686 0.057397 -22.059 6.0441 20.959
0.43571 0.84456 0.51469 0.026734 -0.14526 -0.52001 -0.18246 0.1073 -16.765 4.8469 30.553
0.4381 0.8449 0.5142 0.026526 -0.14506 -0.55992 -0.17092 0.18005 -2.1458 -1.6869 4.8998
0.44048 0.84528 0.51366 0.026368 -0.14479 -0.56503 -0.17494 0.19171 5.8679 -8.3437 13.101
0.44286 0.84566 0.51311 0.026211 -0.14451 -0.55106 -0.19481 0.22291 -10.505 11.002 17.931
0.44524 0.84604 0.51258 0.026057 -0.14419 -0.57607 -0.16861 0.2656 -13.607 4.3796 13.923
0.44762 0.84645 0.51202 0.02595 -0.14383 -0.60847 -0.15818 0.29875 -9.1569 18.65 13.327
0.45 0.84687 0.51143 0.025868 -0.14345 -0.63027 -0.11378 0.33048 7.4856 -17.813 5.7379
0.45238 0.84732 0.5108 0.025847 -0.14307 -0.61245 -0.15619 0.34414 13.48 -15.789 5.8258
0.45476 0.84775 0.5102 0.025795 -0.14265 -0.58035 -0.19378 0.35801 7.9105 -5.5133 6.5626
0.45714 0.84817 0.50964 0.025718 -0.14219 -0.56152 -0.20691 0.37364 3.7419 -5.5532 11.567
0.45952 0.84858 0.50909 0.025641 -0.1417 -0.55261 -0.22013 0.40118 2.7795 -1.5076 16.646
0.4619 0.84899 0.50856 0.025568 -0.14118 -0.54599 -0.22372 0.44081 -15.313 21.669 23.375
0.46429 0.8494 0.50803 0.025517 -0.14061 -0.58245 -0.17213 0.49646 -31.801 32.617 21.472
0.46667 0.84984 0.50745 0.025546 -0.14003 -0.65817 -0.094468 0.54759 -10.308 6.2215 23.83
0.46905 0.85033 0.50679 0.025671 -0.13943 -0.68271 -0.079655 0.60433 -11.51 12.679 30.224
0.47143 0.85085 0.50609 0.025842 -0.1388 -0.71011 -0.049467 0.67629 -6.9439 13.399 10.984
0.47381 0.85139 0.50536 0.026082 -0.1381 -0.72665 -0.017565 0.70244 -9.0894 12.973 15.256
0.47619 0.85194 0.5046 0.026367 -0.1374 -0.74829 0.013324 0.73876 -5.5852 6.6364 20.929
0.47857 0.85251 0.50382 0.026702 -0.13668 -0.76159 0.029125 0.78859 -15.549 6.8836 17.015
0.48095 0.85309 0.50302 0.027081 -0.13593 -0.79861 0.045514 0.82911 -12.627 10.041 8.6281
0.48333 0.8537 0.50217 0.027494 -0.13514 -0.82867 0.069422 0.84965 3.7552 3.6231 1.2242
0.48571 0.85433 0.50129 0.027939 -0.13434 -0.81973 0.078048 0.85257 3.2471 10.676 6.2079
0.4881 0.85495 0.50041 0.028396 -0.13355 -0.812 0.10347 0.86735 1.743 2.1866 6.6799
0.49048 0.85557 0.49954 0.028889 -0.13275 -0.80785 0.10867 0.88325 -2.3156 2.5166 3.5863
0.49286 0.85619 0.49867 0.029398 -0.13195 -0.81336 0.11466 0.89179 -6.577 24.497 10.907
0.49524 0.8568 0.49779 0.029916 -0.13113 -0.82902 0.17299 0.91776 -21.666 18.005 10.124
0.49762 0.85743 0.49688 0.030507 -0.13033 -0.88061 0.21586 0.94186 -0.16646 7.4399 9.9852
0.5 0.85809 0.49592 0.031148 -0.12953 -0.881 0.23358 0.96564 5.6265 0.56966 3.8425
0.50238 0.85875 0.49494 0.031821 -0.12871 -0.86761 0.23493 0.97479 -3.4687 3.5135 5.5184
0.50476 0.8594 0.49398 0.032502 -0.12789 -0.87587 0.2433 0.98792 -5.0964 -2.7859 14.895
0.50714 0.86005 0.49301 0.033199 -0.12705 -0.888 0.23666 1.0234 0.27762 -2.4402 -4.8752
0.50952 0.86072 0.49203 0.033907 -0.12618 -0.88734 0.23085 1.0118 -20.293 18.389 3.8859
0.5119 0.86138 0.49104 0.034603 -0.12531 -0.93566 0.27464 1.021 6.0005 3.7745 -1.8727
0.51429 0.86207 0.49 0.035342 -0.12447 -0.92137 0.28362 1.0166 5.9917 2.3502 -9.1001
0.51667 0.86274 0.48897 0.036089 -0.12363 -0.9071 0.28922 0.99491 2.0503 2.4102 -7.8764
0.51905 0.8634 0.48795 0.036832 -0.12281 -0.90222 0.29496 0.97616 -7.0459 17.813 9.314
0.52143 0.86406 0.48694 0.03757 -0.12202 -0.919 0.33737 0.99833 -2.956 6.9548 0.32697
0.52381 0.86472 0.4859 0.038363 -0.12123 -0.92603 0.35393 0.99911 1.2877 3.8164 7.1269
0.52619 0.86538 0.48484 0.039171 -0.12045 -0.92297 0.36302 1.0161 -4.3307 2.0174 -1.2584
0.52857 0.86604 0.48379 0.039999 -0.11965 -0.93328 0.36782 1.0131 9.9846 -10.123 -12.275
0.53095 0.8667 0.48273 0.040829 -0.11886 -0.90951 0.34372 0.98386 -0.85771 -10.951 -14.335
0.53333 0.86735 0.48169 0.04162 -0.11809 -0.91155 0.31764 0.94973 -6.8931 12.096 1.2157
0.53571 0.86799 0.48066 0.042365 -0.11734 -0.92796 0.34644 0.95262 -6.4777 15.997 14.243
0.5381 0.86863 0.47961 0.043138 -0.1166 -0.94338 0.38453 0.98653 0.72665 13.123 -22.551
0.54048 0.86929 0.47853 0.043968 -0.11584 -0.94165 0.41578 0.93284 -7.372 11.561 -10.874
0.54286 0.86993 0.47744 0.0448 -0.11517 -0.95921 0.4433 0.90695 -2.6629 16.817 -4.893
0.54524 0.87057 0.47634 0.045643 -0.11453 -0.96555 0.48334 0.8953 4.2124 -1.3628 -17.081
0.54762 0.87122 0.47522 0.04652 -0.11393 -0.95552 0.4801 0.85463 -12.777 -0.15841 -12.377
0.55 0.87185 0.47412 0.047371 -0.11337 -0.98594 0.47972 0.82516 9.2847 -10.683 -20.06
0.55238 0.87248 0.47299 0.048202 -0.11284 -0.96383 0.45428 0.77739 -20.468 10.728 5.3457
0.55476 0.8731 0.47188 0.048982 -0.11234 -1.0126 0.47983 0.79012 -26.192 0.37428 1.9106
0.55714 0.87375 0.47071 0.049789 -0.11185 -1.0749 0.48072 0.79467 -11.443 -7.6403 9.0572
0.55952 0.87443 0.46948 0.050591 -0.11135 -1.1022 0.46253 0.81624 -7.662 -6.5116 2.14
0.5619 0.87512 0.46823 0.051383 -0.11083 -1.1204 0.44702 0.82133 1.9123 -13.468 1.7285
0.56429 0.87583 0.46695 0.052158 -0.11029 -1.1159 0.41496 0.82545 -17.188 4.8451 4.6532
0.56667 0.87653 0.46568 0.052903 -0.10973 -1.1568 0.42649 0.83653 0.028772 -24.245 2.3734
0.56905 0.87725 0.46436 0.053661 -0.10916 -1.1567 0.36877 0.84218 -8.0467 -19.41 0.23105
0.57143 0.87798 0.46305 0.054361 -0.10856 -1.1759 0.32255 0.84273 3.849 -19.625 0.58963
0.57381 0.87871 0.46173 0.055011 -0.10794 -1.1667 0.27582 0.84413 16.673 -34.301 -19.841
0.57619 0.87944 0.46041 0.055613 -0.10728 -1.127 0.19416 0.79689 -2.4753 -6.4267 -5.3574
0.57857 0.88015 0.45916 0.056109 -0.10663 -1.1329 0.17885 0.78413 -18.613 -14.723 -6.4534
0.58095 0.88085 0.45789 0.056581 -0.10598 -1.1772 0.1438 0.76877 3.6441 -16.031 -1.1319
0.58333 0.88158 0.45659 0.057003 -0.10533 -1.1686 0.10563 0.76607 12.284 -27.924 -9.8076
0.58571 0.8823 0.4553 0.057383 -0.10466 -1.1393 0.039145 0.74272 -19.706 -14.29 4.7624
0.5881 0.88301 0.45404 0.057685 -0.10398 -1.1862 0.0051209 0.75406 -12.149 -2.6354 -10.13
0.59048 0.88374 0.45274 0.057951 -0.10327 -1.2151 -0.0011539 0.72994 -10.934 -13.071 -0.76797
0.59286 0.88449 0.45141 0.058194 -0.10259 -1.2412 -0.032275 0.72811 -10.346 -8.6482 2.3183
0.59524 0.88524 0.45006 0.058399 -0.10189 -1.2658 -0.052866 0.73363 -10.209 -20.805 -4.3252
0.59762 0.88601 0.44868 0.058583 -0.10118 -1.2901 -0.1024 0.72333 4.0517 -20.619 -10.605
0.6 0.88679 0.44728 0.058706 -0.10045 -1.2805 -0.15149 0.69808 -4.4581 -10.1 -3.6745
0.60238 0.88757 0.4459 0.058765 -0.09972 -1.2911 -0.17554 0.68934 -13.097 -13.548 1.2808
0.60476 0.88835 0.44451 0.058792 -0.098989 -1.3223 -0.2078 0.69238 -15.121 -31.532 -11.076
0.60714 0.88914 0.44308 0.058782 -0.098239 -1.3583 -0.28288 0.66601 -7.8477 -11.319 4.0588
0.60952 0.88995 0.44163 0.058675 -0.09748 -1.377 -0.30983 0.67568 13.304 -26.5 -5.4176
0.6119 0.89078 0.44016 0.058542 -0.096697 -1.3453 -0.37292 0.66278 -36.607 -3.6114 6.088
0.61429 0.89158 0.43873 0.058339 -0.095892 -1.4324 -0.38152 0.67727 -9.2107 -1.9981 -10.929
0.61667 0.89243 0.4372 0.058124 -0.095073 -1.4544 -0.38628 0.65125 -25.093 -2.7336 -6.9831
0.61905 0.89329 0.43566 0.057888 -0.094281 -1.5141 -0.39279 0.63462 -27.999 3.6542 -10.465
0.62143 0.89417 0.43405 0.05763 -0.093506 -1.5808 -0.38409 0.60971 -24.285 2.0781 -6.3165
0.62381 0.89508 0.43236 0.05736 -0.092767 -1.6386 -0.37914 0.59467 -20.508 -14.782 4.3571
0.62619 0.89601 0.43062 0.057081 -0.09205 -1.6874 -0.41433 0.60504 -13.861 -5.6155 -11.664
0.62857 0.89697 0.42882 0.056764 -0.091307 -1.7204 -0.4277 0.57727 -5.6708 -32.152 -19.087
0.63095 0.89794 0.42699 0.056415 -0.090588 -1.7339 -0.50426 0.53182 12.127 -30.129 -13.724
0.63333 0.89891 0.42515 0.055959 -0.089879 -1.7051 -0.57599 0.49915 -6.3544 -15.227 -9.9466
0.63571 0.89986 0.42336 0.055413 -0.089167 -1.7202 -0.61225 0.47547 -17.532 -12.787 -13.872
0.6381 0.90082 0.42155 0.054814 -0.088462 -1.7619 -0.64269 0.44244 -15.04 -12.827 -18.196
0.64048 0.90179 0.4197 0.054161 -0.08778 -1.7977 -0.67323 0.39911 -25.467 -13.105 -3.4466
0.64286 0.90277 0.41781 0.053449 -0.087131 -1.8584 -0.70444 0.39091 -22.913 -4.3357 -7.0047
0.64524 0.90377 0.41586 0.052694 -0.086479 -1.9129 -0.71476 0.37423 -19.833 -9.3751 14.2
0.64762 0.9048 0.41385 0.051913 -0.085842 -1.9602 -0.73708 0.40804 -24.796 -6.4265 -21.954
0.65 0.90585 0.41179 0.05112 -0.08516 -2.0192 -0.75238 0.35576 -20.434 -23.862 -25.107
0.65238 0.90692 0.40966 0.050278 -0.08453 -2.0678 -0.8092 0.29599 -11.126 -9.7682 -2.0558
0.65476 0.908 0.40749 0.04934 -0.083939 -2.0943 -0.83245 0.29109 -3.8006 -18.09 -3.4271
0.65714 0.90909 0.40529 0.048372 -0.083344 -2.1034 -0.87552 0.28293 -19.715 -9.2796 -2.6517
0.65952 0.91018 0.40309 0.047352 -0.082736 -2.1503 -0.89762 0.27662 -48.841 27.379 2.517
0.6619 0.91129 0.40083 0.0463 -0.082126 -2.2666 -0.83243 0.28261 2.5031 -38.845 -8.9868
0.66429 0.91244 0.39843 0.04531 -0.081547 -2.2607 -0.92492 0.26121 5.1564 -23.287 -2.6405
0.66667 0.91358 0.39605 0.04421 -0.080946 -2.2484 -0.98036 0.25493 -19.727 5.0434 7.2997
0.66905 0.91472 0.39368 0.043047 -0.080325 -2.2953 -0.96836 0.27231 -4.918 -18.455 -12.178
0.67143 0.91586 0.39126 0.0419 -0.079692 -2.3071 -1.0123 0.24331 11.486 -27.142 -1.2941
0.67381 0.91701 0.38883 0.040691 -0.079069 -2.2797 -1.0769 0.24023 -16.16 -1.1453 0.21139
0.67619 0.91813 0.38643 0.039412 -0.078419 -2.3182 -1.0796 0.24073 -13.907 -8.6766 -1.6705
0.67857 0.91927 0.38398 0.038126 -0.077767 -2.3513 -1.1003 0.23676 -12.79 -18.85 -11.646
0.68095 0.92041 0.3815 0.036812 -0.077112 -2.3818 -1.1452 0.20903 -18.101 -1.0797 3.8585
0.68333 0.92156 0.37898 0.035433 -0.076467 -2.4248 -1.1478 0.21822 -20.942 2.4516 5.471
0.68571 0.92272 0.37641 0.034052 -0.075811 -2.4747 -1.1419 0.23124 -8.531 -12.539 20.167
0.6881 0.92389 0.37379 0.032677 -0.075145 -2.495 -1.1718 0.27926 -1.885 -20.498 8.2207
0.69048 0.92506 0.37114 0.03129 -0.074413 -2.4995 -1.2206 0.29883 5.6859 -23.848 10.24
0.69286 0.92623 0.36848 0.029856 -0.073638 -2.486 -1.2774 0.32321 -8.0815 -12.532 20.08
0.69524 0.92739 0.36584 0.028371 -0.072809 -2.5052 -1.3072 0.37102 -11.825 -6.0477 16.307
0.69762 0.92856 0.36317 0.026872 -0.071914 -2.5334 -1.3216 0.40985 -0.55006 -8.1897 16.248
0.7 0.92972 0.36047 0.025371 -0.07097 -2.5347 -1.3411 0.44853 -4.9231 -9.1743 12.045
0.70238 0.93088 0.35776 0.023865 -0.069975 -2.5464 -1.3629 0.47721 2.8548 -9.8159 16.188
0.70476 0.93204 0.35503 0.022346 -0.068937 -2.5396 -1.3863 0.51575 3.8475 -14.589 12.903
0.70714 0.93319 0.35231 0.020817 -0.067846 -2.5304 -1.421 0.54647 -5.5853 14.985 14.169
0.70952 0.93432 0.3496 0.019263 -0.066705 -2.5437 -1.3854 0.58021 1.883 -19.587 11.786
0.7119 0.93545 0.34687 0.017761 -0.065541 -2.5393 -1.432 0.60827 13.95 -3.5162 23.024
0.71429 0.93657 0.34414 0.01622 -0.064326 -2.506 -1.4404 0.66309 11.413 -0.33856 14.774
0.71667 0.93767 0.34144 0.014693 -0.063044 -2.4789 -1.4412 0.69827 -1.1417 8.7765 7.4931
0.71905 0.93875 0.33876 0.013182 -0.061722 -2.4816 -1.4203 0.71611 -10.753 15.001 9.1713
0.72143 0.93982 0.33608 0.011701 -0.060388 -2.5072 -1.3846 0.73794 -5.2338 10.301 23.731
0.72381 0.94089 0.33336 0.010267 -0.059043 -2.5197 -1.36 0.79445 -2.0004 10.126 19.539
0.72619 0.94196 0.33063 0.0088818 -0.057643 -2.5244 -1.3359 0.84097 2.4423 -4.4854 21.965
0.72857 0.94302 0.32788 0.0075415 -0.056201 -2.5186 -1.3466 0.89326 -6.4955 18.9 17.586
0.73095 0.94407 0.32513 0.0062098 -0.054695 -2.5341 -1.3016 0.93514 -8.2763 11.634 11.463
0.73333 0.94511 0.32236 0.0049439 -0.053158 -2.5538 -1.2739 0.96243 12.594 -21.343 1.224
0.73571 0.94615 0.31955 0.0037182 -0.051601 -2.5238 -1.3247 0.96534 -1.4049 9.682 13.24
0.7381 0.94717 0.31679 0.0024383 -0.050021 -2.5271 -1.3017 0.99687 22.458 -8.4647 8.4224
0.74048 0.94818 0.31401 0.001196 -0.048413 -2.4737 -1.3218 1.0169 5.0247 6.2163 7.4909
0.74286 0.94916 0.31129 -5.8528e-05 -0.046774 -2.4617 -1.307 1.0348 -4.3469 11.834 12.132
0.74524 0.95013 0.30858 -0.001289 -0.04512 -2.472 -1.2789 1.0636 3.6826 20.016 9.3484
0.74762 0.95108 0.30585 -0.0024776 -0.043443 -2.4633 -1.2312 1.0859 6.0856 -6.0989 11.816
0.75 0.95203 0.30313 -0.0036036 -0.041758 -2.4488 -1.2457 1.114 -4.9947 3.2937 14.467
0.75238 0.95296 0.30042 -0.0047351 -0.040035 -2.4607 -1.2379 1.1485 0.10563 14.249 2.7013
0.75476 0.95388 0.29769 -0.005846 -0.038275 -2.4604 -1.204 1.1549 4.8099 5.347 22.882
0.75714 0.95479 0.29496 -0.0069159 -0.03652 -2.449 -1.1912 1.2094 -3.855 13.695 4.708
0.75952 0.95568 0.29223 -0.0079517 -0.034706 -2.4582 -1.1586 1.2206 19.589 -9.4062 23.239
0.7619 0.95657 0.28949 -0.0089467 -0.032891 -2.4115 -1.181 1.2759 12.843 6.0118 9.6211
0.76429 0.95744 0.28681 -0.0099463 -0.031005 -2.3809 -1.1667 1.2988 13.799 16.628 16.962
0.76667 0.95828 0.28415 -0.01092 -0.029098 -2.3481 -1.1271 1.3392 -3.7321 22.405 6.4598
0.76905 0.9591 0.28152 -0.011834 -0.027158 -2.357 -1.0738 1.3546 14.114 -0.084459 8.5533
0.77143 0.95991 0.27889 -0.012683 -0.025218 -2.3234 -1.074 1.375 0.33706 29.939 19.906
0.77381 0.9607 0.27628 -0.013523 -0.023255 -2.3226 -1.0027 1.4224 2.8195 -2.505 8.768
0.77619 0.96148 0.27367 -0.014266 -0.021261 -2.3158 -1.0086 1.4432 16.415 14.124 5.1038
0.77857 0.96225 0.27107 -0.015009 -0.019241 -2.2768 -0.97501 1.4554 9.8279 23.624 6.489
0.78095 0.96299 0.26851 -0.015708 -0.017219 -2.2534 -0.91877 1.4708 -13.502 46.578 -1.5763
0.78333 0.96372 0.26597 -0.016338 -0.015196 -2.2855 -0.80786 1.4671 3.3678 26.538 0.40015
0.78571 0.96445 0.26339 -0.016841 -0.013213 -2.2775 -0.74468 1.468 4.4759 12.439 -3.5956
0.7881 0.96517 0.26082 -0.017272 -0.011248 -2.2668 -0.71506 1.4595 0.34612 13.039 9.8186
0.79048 0.96587 0.25825 -0.01767 -0.0093025 -2.266 -0.68402 1.4829 8.8011 20.24 1.6805
0.79286 0.96656 0.25568 -0.018026 -0.0073394 -2.2451 -0.63583 1.4869 2.1012 19.186 2.9713
0.79524 0.96724 0.25313 -0.018324 -0.0053868 -2.2401 -0.59014 1.4939 21.803 37.847 -3.9656
0.79762 0.96791 0.25059 -0.018568 -0.0034398 -2.1881 -0.50003 1.4845 11.264 13.054 -18.499
0.8 0.96855 0.2481 -0.01871 -0.0015317 -2.1613 -0.46895 1.4404 8.1071 22.673 -5.0191
0.80238 0.96918 0.24564 -0.018829 0.00031582 -2.142 -0.41497 1.4285 28.915 30.417 -17.155
0.80476 0.96979 0.2432 -0.01889 0.0021333 -2.0732 -0.34255 1.3876 24.388 6.2215 -10.501
0.80714 0.97037 0.24084 -0.018878 0.0038812 -2.0151 -0.32773 1.3626 19.856 9.0888 -12.492
0.80952 0.97093 0.23854 -0.018856 0.0055946 -1.9678 -0.30609 1.3329 -13.008 39.113 -0.02609
0.8119 0.97147 0.23629 -0.018819 0.0072663 -1.9988 -0.21297 1.3328 6.965 26.757 -10.382
0.81429 0.97202 0.23401 -0.018673 0.0089124 -1.9822 -0.14926 1.3081 8.7852 9.886 -3.6108
0.81667 0.97255 0.23174 -0.01846 0.010512 -1.9613 -0.12572 1.2995 -1.9585 16.641 2.2731
0.81905 0.97306 0.22949 -0.018222 0.012094 -1.966 -0.0861 1.3049 1.528 12.433 13.53
0.82143 0.97358 0.22724 -0.017937 0.013672 -1.9623 -0.056497 1.3372 10.613 24.845 -8.153
0.82381 0.97408 0.22499 -0.017609 0.015279 -1.9371 0.0026573 1.3177 1.5149 17.276 -10.917
0.82619 0.97457 0.22278 -0.017217 0.016847 -1.9335 0.04379 1.2917 13.336 23.957 -5.1878
0.82857 0.97506 0.22056 -0.016785 0.018373 -1.9017 0.10083 1.2794 1.1307 23.155 3.6109
0.83095 0.97553 0.21838 -0.016291 0.01987 -1.899 0.15596 1.288 18.155 19.124 -16.445
0.83333 0.97599 0.2162 -0.01573 0.021362 -1.8558 0.2015 1.2488 10.853 9.7807 -1.5862
0.83571 0.97643 0.21407 -0.015127 0.022796 -1.8299 0.22478 1.2451 34.028 -0.61517 7.4259
0.8381 0.97687 0.21197 -0.014498 0.024219 -1.7489 0.22332 1.2627 8.8852 15.389 -10.175
0.84048 0.97727 0.20997 -0.01387 0.025661 -1.7278 0.25996 1.2385 4.7071 14.183 10.026
0.84286 0.97767 0.20798 -0.013205 0.027065 -1.7166 0.29373 1.2624 -7.4307 28.115 1.5646
0.84524 0.97805 0.20601 -0.012495 0.028489 -1.7342 0.36067 1.2661 8.8209 3.5409 -8.8834
0.84762 0.97844 0.20403 -0.011706 0.0299 -1.7132 0.3691 1.245 17.216 2.0665 2.2663
0.85 0.97881 0.20206 -0.010912 0.031284 -1.6723 0.37402 1.2504 34.206 3.2161 6.9372
0.85238 0.97917 0.20014 -0.010113 0.032673 -1.5908 0.38168 1.2669 17.28 13.723 -10.478
0.85476 0.9795 0.19832 -0.0093048 0.034078 -1.5497 0.41435 1.2419 3.2765 8.6991 6.3127
0.85714 0.97982 0.19654 -0.0084655 0.035445 -1.5419 0.43506 1.257 5.4198 2.3285 -4.8471
0.85952 0.98013 0.19477 -0.0075989 0.036825 -1.529 0.44061 1.2454 4.4088 11.185 -13.981
0.8619 0.98043 0.19302 -0.006729 0.03819 -1.5185 0.46724 1.2121 15.752 -3.3548 4.3608
0.86429 0.98072 0.19127 -0.005836 0.039509 -1.481 0.45925 1.2225 10.663 10.368 1.7636
0.86667 0.981 0.18958 -0.0049518 0.040842 -1.4556 0.48394 1.2267 14.313 9.1866 4.0236
0.86905 0.98127 0.18791 -0.004039 0.042174 -1.4215 0.50581 1.2363 5.4639 0.20595 -0.74042
0.87143 0.98153 0.18628 -0.0031002 0.043512 -1.4085 0.5063 1.2345 15.362 -1.7867 3.2863
0.87381 0.98178 0.18466 -0.0021618 0.044847 -1.3719 0.50204 1.2423 -1.5965 8.1947 -4.8167
0.87619 0.98201 0.18309 -0.0012287 0.046192 -1.3757 0.52156 1.2309 4.7278 5.9465 -5.3747
0.87857 0.98224 0.18151 -0.00027503 0.047519 -1.3645 0.53571 1.2181 -10.733 8.3839 -9.5589
0.88095 0.98246 0.17994 0.00069179 0.048828 -1.39 0.55568 1.1953 13.394 -0.83893 -6.0991
0.88333 0.98269 0.17835 0.0016786 0.050106 -1.3581 0.55368 1.1808 14.47 -7.7579 -11.021
0.88571 0.9829 0.17679 0.002658 0.051367 -1.3237 0.53521 1.1546 -5.2487 10.942 -1.8797
0.8881 0.98311 0.17527 0.0036082 0.052601 -1.3362 0.56126 1.1501 9.6874 7.383 8.4293
0.89048 0.98331 0.17374 0.0045887 0.053824 -1.3131 0.57884 1.1702 -0.41478 2.9857 -6.4869
0.89286 0.9835 0.17223 0.0055925 0.055067 -1.3141 0.58595 1.1547 9.799 5.8461 6.2144
0.89524 0.98369 0.17072 0.0066014 0.05629 -1.2908 0.59987 1.1695 16.205 7.6068 4.2144
0.89762 0.98387 0.16924 0.007628 0.057527 -1.2522 0.61798 1.1795 -5.7477 14.222 -6.4911
0.9 0.98403 0.1678 0.0086752 0.058773 -1.2659 0.65184 1.1641 20.409 -8.2418 -3.4296
0.90238 0.98419 0.16635 0.0097599 0.059993 -1.2173 0.63222 1.1559 9.7778 4.5728 -9.0675
0.90476 0.98434 0.16496 0.010817 0.061208 -1.194 0.64311 1.1343 6.9686 -3.5573 6.481
0.90714 0.98448 0.16359 0.01188 0.062395 -1.1774 0.63464 1.1498 9.0174 -16.408 11.755
0.90952 0.98461 0.16224 0.012935 0.063602 -1.1559 0.59557 1.1778 -4.1909 2.8114 2.8976
0.9119 0.98474 0.16091 0.013948 0.06485 -1.1659 0.60226 1.1846 21.833 -13.979 -0.74214
0.91429 0.98486 0.15957 0.014971 0.066104 -1.1139 0.56898 1.1829 15.453 -17.778 0.46685
0.91667 0.98496 0.15829 0.01595 0.067363 -1.0771 0.52665 1.184 11.974 -8.1587 1.0151
0.91905 0.98506 0.15705 0.016877 0.068631 -1.0486 0.50722 1.1864 -3.4139 -3.8888 12.655
0.92143 0.98515 0.15584 0.01778 0.069906 -1.0567 0.49797 1.2165 -3.4206 -0.2291 -5.4348
0.92381 0.98523 0.15461 0.018677 0.071218 -1.0649 0.49742 1.2036 -5.0054 5.415 0.084064
0.92619 0.98531 0.15338 0.019573 0.072515 -1.0768 0.51031 1.2038 2.4002 -3.7498 0.068267
0.92857 0.98539 0.15213 0.020484 0.073808 -1.0711 0.50139 1.204 8.0392 -11.501 16.145
0.93095 0.98546 0.15089 0.021384 0.075103 -1.052 0.474 1.2424 6.5294 -7.3313 5.5706
0.93333 0.98553 0.14966 0.022257 0.076449 -1.0364 0.45655 1.2557 -0.43617 -7.8386 -15.182
0.93571 0.98558 0.14846 0.023111 0.077813 -1.0374 0.43788 1.2195 0.71118 1.2825 -13.199
0.9381 0.98564 0.14725 0.023936 0.079138 -1.0358 0.44094 1.1881 1.22 -1.4505 -6.1126
0.94048 0.98569 0.14604 0.02476 0.080425 -1.0328 0.43748 1.1735 -4.9004 -8.4797 -4.3761
0.94286 0.98575 0.14483 0.025576 0.081696 -1.0445 0.41729 1.1631 -3.6292 -18.554 0.27447
0.94524 0.9858 0.14361 0.026368 0.082957 -1.0532 0.37312 1.1638 1.4733 -8.4289 -7.7245
0.94762 0.98585 0.14238 0.027108 0.084225 -1.0496 0.35305 1.1454 4.2744 -11.429 -7.2802
0.95 0.9859 0.14114 0.027822 0.085476 -1.0395 0.32584 1.128 6.9746 -17.835 -4.589
0.95238 0.98595 0.13992 0.0285 0.08671 -1.0229 0.28337 1.1171 -10.898 3.9148 -0.39534
0.95476 0.98599 0.13871 0.029124 0.08794 -1.0488 0.2927 1.1162 -16.116 3.5193 10.362
0.95714 0.98604 0.13747 0.029762 0.089165 -1.0872 0.30107 1.1409 -2.0788 7.2196 14.663
0.95952 0.98608 0.13618 0.030417 0.090416 -1.0921 0.31826 1.1758 -4.0231 -1.873 -2.6576
0.9619 0.98612 0.13489 0.031099 0.091705 -1.1017 0.31381 1.1694 13.315 -9.849 8.9267
0.96429 0.98615 0.13359 0.031775 0.092986 -1.07 0.29036 1.1907 17.669 -9.0625 6.8223
0.96667 0.98618 0.13232 0.032424 0.094298 -1.0279 0.26878 1.2069 15.615 -16.239 5.6762
0.96905 0.98619 0.1311 0.033045 0.095632 -0.99076 0.23011 1.2204 14.934 4.0051 17.924
0.97143 0.9862 0.12991 0.033618 0.09699 -0.95521 0.23965 1.2631 -3.2273 6.874 21.587
0.97381 0.98619 0.12877 0.034205 0.098398 -0.96289 0.25602 1.3145 -10.828 -4.53 2.4453
0.97619 0.98617 0.12761 0.03482 0.099862 -0.98867 0.24523 1.3203 -7.6129 -14.354 -6.199
0.97857 0.98615 0.12643 0.035426 0.10133 -1.0068 0.21105 1.3056 4.679 -21.849 -1.2084
0.98095 0.98613 0.12522 0.035992 0.10279 -0.99566 0.15903 1.3027 -1.6794 0.91671 4.8814
0.98333 0.98611 0.12401 0.036494 0.10425 -0.99966 0.16121 1.3143 21.259 -7.0737 -1.9799
0.98571 0.98609 0.1228 0.037002 0.10573 -0.94904 0.14437 1.3096 29.725 -15.687 13.086
0.9881 0.98606 0.12165 0.037482 0.1072 -0.87826 0.10702 1.3408 10.91 -9.6169 12.662
0.99048 0.986 0.12057 0.037914 0.10872 -0.85229 0.084125 1.3709 -1.3543 -4.1345 8.3164
0.99286 0.98594 0.11952 0.038319 0.11028 -0.85551 0.07428 1.3907 -4.853 9.2475 4.5031
0.99524 0.98588 0.11846 0.038717 0.11186 -0.86707 0.096298 1.4014 8.0189 -2.0034 -2.1691
0.99762 0.98581 0.11739 0.039143 0.11346 -0.84798 0.091528 1.3963 11.878 -21.704 7.2118
1 0.98573 0.11634 0.03956 0.11504 -0.81969 0.039851 1.4134 -0.55752 5.2306 3.2425
1.0024 0.98565 0.11532 0.039915 0.11666 -0.82102 0.052305 1.4212 1.7068 12.187 3.1539
1.0048 0.98556 0.11429 0.040285 0.11828 -0.81696 0.081322 1.4287 0.50555 6.8833 5.3875
1.0071 0.98546 0.11328 0.04069 0.1199 -0.81575 0.097711 1.4415 -3.6387 -3.118 7.117
1.0095 0.98536 0.11226 0.041115 0.12154 -0.82442 0.090287 1.4585 -7.0881 19.267 17.473
1.0119 0.98525 0.11124 0.041535 0.1232 -0.84129 0.13616 1.5001 3.4758 3.8702 6.2235
1.0143 0.98514 0.1102 0.042017 0.1249 -0.83302 0.14537 1.5149 19.401 7.6573 7.1091
1.0167 0.98501 0.10917 0.04251 0.12661 -0.78682 0.16361 1.5318 21.332 7.4401 17.893
1.019 0.98487 0.10819 0.043019 0.12835 -0.73603 0.18132 1.5744 20.117 -7.5492 0.13685
1.0214 0.98471 0.10727 0.043547 0.13013 -0.68814 0.16335 1.5747 32.221 -14.747 0.94799
1.0238 0.98455 0.10641 0.044046 0.13192 -0.61142 0.12824 1.577 9.6439 -1.3599 4.0471
1.0262 0.98437 0.10563 0.044492 0.13372 -0.58846 0.125 1.5866 17.019 3.3591 1.7273
1.0286 0.98418 0.10488 0.044932 0.13554 -0.54794 0.133 1.5907 22.092 4.4785 9.3352
1.031 0.98398 0.10417 0.045374 0.13735 -0.49534 0.14366 1.613 13.01 -12.57 -7.0417
1.0333 0.98377 0.10353 0.045824 0.1392 -0.46436 0.11373 1.5962 5.8555 32.004 -4.8453
1.0357 0.98356 0.10292 0.04623 0.14103 -0.45042 0.18993 1.5847 -12.457 36.23 -1.9814
1.0381 0.98333 0.10233 0.046723 0.14283 -0.48008 0.27619 1.5799 -3.5648 -1.3321 6.9184
1.0405 0.98311 0.10173 0.04732 0.14462 -0.48857 0.27302 1.5964 1.9197 17.809 13.302
1.0429 0.98287 0.10111 0.047917 0.14643 -0.484 0.31542 1.6281 8.7417 4.2471 -11.073
1.0452 0.98263 0.10051 0.048566 0.14827 -0.46318 0.32553 1.6017 13.147 -9.4186 -3.9145
1.0476 0.98238 0.099933 0.04922 0.15008 -0.43188 0.30311 1.5924 10.828 0.92994 -3.546
1.05 0.98213 0.099389 0.049841 0.15188 -0.4061 0.30532 1.584 1.2072 1.1816 -5.5081
1.0524 0.98187 0.098875 0.050459 0.15367 -0.40323 0.30814 1.5708 3.666 5.995 -7.7096
1.0548 0.98161 0.098365 0.051078 0.15544 -0.3945 0.32241 1.5525 14.151 22.637 16.592
1.0571 0.98134 0.09787 0.051709 0.1572 -0.3608 0.37631 1.592 5.3885 19.796 7.9689
1.0595 0.98106 0.09742 0.052402 0.15899 -0.34797 0.42344 1.611 14.389 7.093 -3.2346
1.0619 0.98077 0.096993 0.053149 0.1608 -0.31372 0.44033 1.6033 19.543 7.7784 7.5266
1.0643 0.98047 0.09661 0.053908 0.1626 -0.26718 0.45885 1.6212 28.174 20.331 4.6845
1.0667 0.98016 0.096282 0.054682 0.16442 -0.2001 0.50726 1.6323 15.838 21.744 -19.379
1.069 0.97982 0.096042 0.0555 0.16626 -0.16239 0.55903 1.5862 4.0908 19.957 -24.211
1.0714 0.97949 0.095858 0.056365 0.16803 -0.15265 0.60654 1.5286 8.7838 26.634 5.0941
1.0738 0.97916 0.095698 0.057277 0.16973 -0.13174 0.66996 1.5407 6.2365 27.883 0.19647
1.0762 0.97881 0.095575 0.05826 0.17145 -0.11689 0.73635 1.5411 23.331 6.8793 0.023898
1.0786 0.97846 0.095482 0.059317 0.17315 -0.061342 0.75272 1.5412 4.9272 11.871 -8.0695
1.081 0.97809 0.095457 0.060382 0.17485 -0.049611 0.78099 1.522 3.0361 6.1517 -17.941
1.0833 0.97772 0.095452 0.061474 0.17653 -0.042382 0.79564 1.4793 9.8307 -6.3879 -8.0042
1.0857 0.97736 0.095461 0.062577 0.17816 -0.018975 0.78043 1.4602 23.261 6.2267 -12.866
1.0881 0.97699 0.095496 0.063655 0.17977 0.036408 0.79525 1.4296 11.341 15.829 -7.5685
1.0905 0.97662 0.0956 0.064735 0.18134 0.06341 0.83294 1.4116 15.177 9.7571 -8.7012
1.0929 0.97624 0.095744 0.06585 0.1829 0.099546 0.85617 1.3908 -2.1145 33.002 1.4591
1.0952 0.97586 0.095937 0.066982 0.18442 0.094511 0.93475 1.3943 1.8878 30.784 -0.43065
1.0976 0.97546 0.096141 0.068206 0.18594 0.099006 1.008 1.3933 0.75989 19.571 -27.462
1.1 0.97506 0.096366 0.069514 0.18745 0.10082 1.0546 1.3279 0.49118 11.445 -18.042
1.1024 0.97466 0.096608 0.070868 0.18888 0.10198 1.0819 1.285 27.349 0.252 -29.56
1.1048 0.97427 0.096861 0.072248 0.19026 0.1671 1.0825 1.2146 18 22.195 -5.5392
1.1071 0.97388 0.097195 0.073606 0.19155 0.20996 1.1353 1.2014 23.288 15.229 -12.046
1.1095 0.97348 0.097592 0.075013 0.19283 0.26541 1.1716 1.1727 13.858 9.4295 -3.9908
1.1119 0.97307 0.098064 0.076446 0.19408 0.2984 1.194 1.1632 3.7469 22.866 -9.6904
1.1143 0.97266 0.098579 0.077896 0.19531 0.30732 1.2485 1.1401 19.367 11.181 -17.833
1.1167 0.97224 0.09912 0.079404 0.19652 0.35343 1.2751 1.0977 33.626 6.2742 -14.713
1.119 0.97182 0.099723 0.080926 0.19767 0.4335 1.2901 1.0626 19.402 10.78 -27.867
1.1214 0.97139 0.10043 0.082443 0.19879 0.47969 1.3157 0.99629 24.774 7.2809 -5.2224
1.1238 0.97097 0.10119 0.08397 0.19983 0.53868 1.3331 0.98386 9.7128 33.396 -4.3386
1.1262 0.97053 0.10203 0.085501 0.20086 0.5618 1.4126 0.97353 -2.5114 19.924 -25.748
1.1286 0.97009 0.10292 0.087116 0.20187 0.55582 1.46 0.91222 -13.453 9.8112 -34.136
1.131 0.96965 0.10382 0.088781 0.2028 0.52379 1.4834 0.83095 16.6 14.464 -3.7942
1.1333 0.96922 0.10469 0.090469 0.20363 0.56332 1.5178 0.82191 12.587 7.9493 -14.273
1.1357 0.96879 0.10562 0.092186 0.20445 0.59329 1.5367 0.78793 21.362 3.8489 -20.131
1.1381 0.96835 0.1066 0.093913 0.20523 0.64415 1.5459 0.74 0.55926 4.5697 -13.721
1.1405 0.96791 0.10763 0.095631 0.20596 0.64548 1.5568 0.70733 13.651 21.384 -13.026
1.1429 0.96747 0.10868 0.097357 0.20665 0.67798 1.6077 0.67631 9.0794 5.9825 -12.97
1.1452 0.96703 0.10978 0.099129 0.2073 0.6996 1.6219 0.64543 -5.7331 13.545 -14.984
1.1476 0.96659 0.1109 0.10091 0.20791 0.68595 1.6542 0.60976 29.078 -7.2236 -10.074
1.15 0.96614 0.11203 0.10272 0.20847 0.75518 1.637 0.58577 20.133 8.3168 -17.721
1.1524 0.9657 0.11323 0.10449 0.20902 0.80312 1.6568 0.54358 11.36 11.771 -8.8802
1.1548 0.96524 0.1145 0.10627 0.20952 0.83016 1.6848 0.52244 11.534 19.49 -24.714
1.1571 0.96478 0.11581 0.10807 0.21 0.85763 1.7312 0.46359 20.734 4.8404 -28.911
1.1595 0.96433 0.11717 0.10991 0.2104 0.90699 1.7427 0.39476 -2.9564 12.52 -28.38
1.1619 0.96387 0.11859 0.11174 0.21073 0.89995 1.7725 0.32719 0.46816 20.573 -20.814
1.1643 0.96342 0.12003 0.11359 0.21097 0.90107 1.8215 0.27763 19.226 3.6505 -23.14
1.1667 0.96297 0.12148 0.11549 0.21115 0.94684 1.8302 0.22253 2.5153 19.445 -9.8829
1.169 0.96253 0.12299 0.11739 0.21127 0.95283 1.8765 0.199 -7.1869 8.42 -20.415
1.1714 0.96207 0.12453 0.11933 0.21136 0.93572 1.8966 0.1504 0.27002 9.928 -5.8012
1.1738 0.96162 0.12606 0.12128 0.21138 0.93636 1.9202 0.13659 0.19186 12.729 -20.95
1.1762 0.96117 0.12759 0.12327 0.21138 0.93682 1.9505 0.086705 -15.378 11.022 -21.894
1.1786 0.96071 0.12914 0.12528 0.21132 0.90021 1.9768 0.034576 -12.615 34.614 -15.482
1.181 0.96027 0.13066 0.12732 0.21119 0.87017 2.0592 -0.0022866 9.5957 3.8785 -13.086
1.1833 0.95982 0.13217 0.12945 0.211 0.89302 2.0684 -0.033443 5.0353 6.2856 -6.788
1.1857 0.95936 0.13372 0.13158 0.21077 0.90501 2.0834 -0.049605 11.065 -2.6106 -5.005
1.1881 0.9589 0.13528 0.13373 0.21053 0.93135 2.0772 -0.061522 5.2745 0.60468 -1.9454
1.1905 0.95843 0.13688 0.13585 0.21027 0.94391 2.0786 -0.066154 -7.9136 5.4227 -8.8419
1.1929 0.95796 0.13848 0.13798 0.21001 0.92507 2.0915 -0.087206 10.182 1.5109 -3.1098
1.1952 0.95748 0.14007 0.14012 0.20971 0.94931 2.0951 -0.09461 8.759 4.4608 -4.5698
1.1976 0.95699 0.14169 0.14225 0.20942 0.97017 2.1057 -0.10549 -1.1219 0.25597 -1.0628
1.2 0.95649 0.14334 0.14439 0.2091 0.96749 2.1063 -0.10802 -6.0522 2.9723 -7.0106
1.2024 0.95599 0.14499 0.14653 0.20879 0.95308 2.1134 -0.12471 20.449 -2.3526 0.54686
1.2048 0.95548 0.14662 0.14868 0.20845 1.0018 2.1078 -0.12341 33.99 -4.2546 -2.1712
1.2071 0.95496 0.1483 0.1508 0.20811 1.0827 2.0977 -0.12858 15.7 -6.2268 -11.372
1.2095 0.95442 0.15007 0.1529 0.20779 1.1201 2.0829 -0.15566 -7.0228 9.012 0.24632
1.2119 0.95388 0.15189 0.15496 0.20744 1.1034 2.1043 -0.15507 -0.32783 4.0895 -12.246
1.2143 0.95333 0.15369 0.15705 0.20709 1.1026 2.114 -0.18423 29.382 -22.355 -19.51
1.2167 0.95277 0.1555 0.15914 0.2067 1.1725 2.0608 -0.23068 5.9027 -13.304 -17.988
1.219 0.95222 0.15738 0.16114 0.20628 1.1866 2.0291 -0.27351 1.7006 -18.206 -20.423
1.2214 0.95167 0.15927 0.1631 0.20581 1.1906 1.9858 -0.32213 -18.312 -0.21314 -14.527
1.2238 0.95113 0.16117 0.165 0.2053 1.147 1.9853 -0.35672 32.38 -8.7779 -26.005
1.2262 0.9506 0.16302 0.1669 0.20474 1.2241 1.9644 -0.41864 7.5369 -18.486 -24.459
1.2286 0.95008 0.16497 0.16874 0.20413 1.2421 1.9204 -0.47687 -8.263 -8.3725 -24.807
1.231 0.94956 0.16694 0.17052 0.20346 1.2224 1.9004 -0.53594 -5.772 7.2538 -7.4612
1.2333 0.94906 0.16889 0.17226 0.20273 1.2087 1.9177 -0.5537 7.2224 3.4015 -6.9185
1.2357 0.94855 0.17083 0.17402 0.20196 1.2259 1.9258 -0.57018 -21.742 16.114 -11.501
1.2381 0.94803 0.17279 0.17579 0.20118 1.1741 1.9642 -0.59756 -6.1547 -15.406 -12.73
1.2405 0.94752 0.17471 0.1776 0.20035 1.1594 1.9275 -0.62787 1.4296 -13.139 -0.23962
1.2429 0.94702 0.17661 0.17936 0.19948 1.1628 1.8962 -0.62844 8.5806 -12.263 11.98
1.2452 0.94651 0.17851 0.18109 0.19862 1.1833 1.867 -0.59992 -11.517 -11.884 2.9327
1.2476 0.946 0.18041 0.18279 0.1978 1.1559 1.8387 -0.59294 2.847 -13.213 -3.1118
1.25 0.94549 0.18227 0.18446 0.19699 1.1626 1.8073 -0.60034 -9.3193 -14.044 -14.61
1.2524 0.94497 0.18414 0.18609 0.19618 1.1404 1.7738 -0.63513 -6.5676 -8.7405 -11.012
1.2548 0.94448 0.18597 0.18768 0.19533 1.1248 1.753 -0.66135 15.86 -25.2 -8.6557
1.2571 0.94399 0.18779 0.18924 0.19445 1.1626 1.693 -0.68196 10.436 -18.498 -17.229
1.2595 0.9435 0.18965 0.19072 0.19356 1.1874 1.649 -0.72298 2.1859 -18.95 -3.527
1.2619 0.94302 0.19152 0.19214 0.19265 1.1926 1.6039 -0.73138 20.157 -6.6801 7.592
1.2643 0.94255 0.1934 0.1935 0.19173 1.2406 1.5879 -0.7133 -13.384 -1.0602 7.4742
1.2667 0.94206 0.19531 0.19483 0.19085 1.2087 1.5854 -0.69551 22.858 -27.615 -4.0664
1.269 0.94156 0.19719 0.19617 0.18998 1.2632 1.5197 -0.70519 11.642 -20.664 -4.936
1.2714 0.94107 0.19911 0.19742 0.18913 1.2909 1.4705 -0.71694 -23.309 -15.466 1.4677
1.2738 0.94057 0.20106 0.19861 0.18828 1.2354 1.4337 -0.71345 -19.237 -13.428 -1.6728
1.2762 0.9401 0.20293 0.19977 0.18743 1.1896 1.4017 -0.71743 -26.438 -11.904 -4.9992
1.2786 0.93963 0.20475 0.2009 0.18657 1.1266 1.3733 -0.72933 1.5078 -27.719 6.1045
1.281 0.93919 0.20649 0.202 0.18569 1.1302 1.3073 -0.7148 -13.134 -39.57 -8.6604
1.2833 0.93875 0.20821 0.20304 0.18484 1.099 1.2131 -0.73542 4.3962 -39.719 -13.837
1.2857 0.93835 0.20988 0.20397 0.18398 1.1094 1.1186 -0.76836 4.191 -36.112 -2.1613
1.2881 0.93796 0.21155 0.20478 0.18311 1.1194 1.0326 -0.77351 -11.961 -32.734 -5.6563
1.2905 0.9376 0.21322 0.2055 0.18226 1.0909 0.95464 -0.78698 9.7085 -35.619 -4.3896
1.2929 0.93726 0.21483 0.20613 0.18141 1.114 0.86983 -0.79743 13.013 -44.417 25.833
1.2952 0.93693 0.21646 0.20665 0.18057 1.145 0.76408 -0.73592 6.8408 -26.19 -13.175
1.2976 0.9366 0.21808 0.20707 0.17983 1.1613 0.70172 -0.76729 -19.127 -30.367 6.6029
1.3 0.93629 0.21972 0.2074 0.17908 1.1158 0.62942 -0.75157 -18.566 -23.561 -3.3976
1.3024 0.936 0.22128 0.20767 0.17836 1.0716 0.57332 -0.75966 -8.8751 -24.774 11.547
1.3048 0.93574 0.22278 0.20788 0.17762 1.0504 0.51433 -0.73216 -5.4259 -17.341 -1.9002
1.3071 0.93549 0.22424 0.20804 0.17693 1.0375 0.47304 -0.73669 -17.807 -4.9159 8.5315
1.3095 0.93524 0.22568 0.20815 0.17624 0.99512 0.46134 -0.71638 -18.657 -15.995 -1.3364
1.3119 0.93501 0.22706 0.20826 0.17556 0.9507 0.42326 -0.71956 -1.1054 -15.288 1.1541
1.3143 0.9348 0.22839 0.20834 0.17488 0.94807 0.38685 -0.71681 -25.736 -6.8933 -0.26184
1.3167 0.93459 0.2297 0.20838 0.17422 0.88679 0.37044 -0.71743 -6.4367 -17.694 -2.9697
1.319 0.93441 0.23094 0.20841 0.17354 0.87147 0.32831 -0.7245 11.13 -32.819 -14.498
1.3214 0.93424 0.23216 0.20839 0.17286 0.89797 0.25017 -0.75902 -2.9919 -28.468 2.3552
1.3238 0.93408 0.23339 0.20828 0.17217 0.89084 0.18239 -0.75342 -31.854 -16.013 12.104
1.3262 0.93394 0.23461 0.20809 0.1715 0.815 0.14427 -0.7246 -30.105 -11.454 4.5381
1.3286 0.93382 0.23572 0.20788 0.17085 0.74332 0.117 -0.71379 -16.955 -25.903 -2.5676
1.331 0.93373 0.23675 0.20766 0.17021 0.70296 0.055322 -0.71991 -27.789 -17.509 5.0408
1.3333 0.93367 0.23772 0.20737 0.16957 0.63679 0.013633 -0.7079 -59.182 -37.306 0.09344
1.3357 0.93362 0.23861 0.20706 0.16894 0.49588 -0.075189 -0.70768 -13.772 -5.3967 -7.5584
1.3381 0.93364 0.23932 0.20668 0.16829 0.46309 -0.088039 -0.72568 2.3307 -27.388 -16.044
1.3405 0.93368 0.23999 0.20628 0.16763 0.46864 -0.15325 -0.76388 -2.3761 -15.585 7.0354
1.3429 0.93373 0.24067 0.2058 0.16694 0.46298 -0.19036 -0.74713 6 -26.057 -10.08
1.3452 0.9338 0.24133 0.20528 0.16627 0.47727 -0.2524 -0.77113 8.8452 -29.101 -9.2425
1.3476 0.93387 0.242 0.20468 0.1656 0.49833 -0.32168 -0.79313 -20.567 -14.607 6.0297
1.35 0.93396 0.24268 0.204 0.16494 0.44936 -0.35646 -0.77878 -7.1044 -14.915 -3.34
1.3524 0.93407 0.2433 0.20329 0.16428 0.43245 -0.39198 -0.78673 -26.7 -10.271 1.6237
1.3548 0.93419 0.2439 0.20254 0.16363 0.36888 -0.41643 -0.78286 -7.2885 -24.726 -1.1021
1.3571 0.93434 0.24441 0.20178 0.16296 0.35152 -0.4753 -0.78549 -26.362 -15.09 19.01
1.3595 0.9345 0.2449 0.20095 0.16231 0.28876 -0.51123 -0.74022 -22.262 -15.728 10.761
1.3619 0.93468 0.2453 0.20011 0.16171 0.23575 -0.54868 -0.7146 -35.889 0.093729 5.9834
1.3643 0.93488 0.24563 0.19925 0.16113 0.1503 -0.54846 -0.70036 -31.086 2.5625 -2.94
1.3667 0.9351 0.24585 0.1984 0.16055 0.076286 -0.54235 -0.70736 -37.755 14.536 30.125
1.369 0.93534 0.246 0.19758 0.15994 -0.013606 -0.50774 -0.63563 -12.195 -24.18 -6.4583
1.3714 0.93559 0.24604 0.19683 0.15937 -0.042642 -0.56532 -0.65101 12.296 -25.373 -16.521
1.3738 0.93586 0.24604 0.19601 0.1588 -0.013366 -0.62573 -0.69034 -8.8079 -20.787 -16.098
1.3762 0.93614 0.24607 0.19512 0.15821 -0.034337 -0.67522 -0.72867 6.9111 -24.813 -19.468
1.3786 0.93644 0.24607 0.19416 0.15759 -0.017882 -0.7343 -0.77502 -14.703 -15.606 -5.683
1.381 0.93676 0.24609 0.19312 0.15694 -0.05289 -0.77146 -0.78855 -18.876 -6.9697 -12.651
1.3833 0.9371 0.24607 0.19203 0.15627 -0.097833 -0.78805 -0.81868 -17.675 -14.862 -1.3294
1.3857 0.93746 0.246 0.19093 0.15557 -0.13992 -0.82344 -0.82184 -9.3712 -11.711 -14.858
1.3881 0.93784 0.24588 0.1898 0.15486 -0.16223 -0.85132 -0.85722 -4.9325 -19.633 -13.92
1.3905 0.93823 0.24573 0.18863 0.15412 -0.17397 -0.89807 -0.89036 -15.496 -3.8518 -1.5109
1.3929 0.93865 0.24557 0.1874 0.15334 -0.21087 -0.90724 -0.89396 -26.493 -13.4 2.8663
1.3952 0.93908 0.24537 0.18616 0.15256 -0.27395 -0.93914 -0.88713 -18.463 3.4351 -8.0243
1.3976 0.93952 0.24509 0.1849 0.15179 -0.31791 -0.93096 -0.90624 -58.784 14.946 13.966
1.4 0.93998 0.24477 0.18365 0.15097 -0.45787 -0.89538 -0.87299 -5.58 -8.457 -16.539
1.4024 0.94047 0.24428 0.18248 0.15016 -0.47115 -0.91551 -0.91236 -15.919 0.25858 -7.3108
1.4048 0.94097 0.24379 0.18127 0.1493 -0.50906 -0.9149 -0.92977 -1.5681 -2.0011 -12.981
1.4071 0.94148 0.24326 0.18007 0.14841 -0.51279 -0.91966 -0.96068 5.8306 -16.768 -2.6934
1.4095 0.94199 0.24273 0.17885 0.14749 -0.49891 -0.95958 -0.96709 7.5526 -5.9642 -6.5402
1.4119 0.94251 0.2422 0.17758 0.14658 -0.48092 -0.97378 -0.98266 -5.4594 -0.73923 -14.728
1.4143 0.94302 0.2417 0.17629 0.14565 -0.49392 -0.97555 -1.0177 10.884 -11.495 -3.2403
1.4167 0.94354 0.24119 0.17498 0.14469 -0.46801 -1.0029 -1.0254 -16.783 -0.29347 -8.9961
1.419 0.94406 0.24071 0.17364 0.14373 -0.50797 -1.0036 -1.0469 -11.866 1.3996 -4.3222
1.4214 0.94459 0.24018 0.1723 0.14273 -0.53622 -1.0003 -1.0572 -45.802 -6.8477 -24.503
1.4238 0.94513 0.23962 0.17097 0.14172 -0.64527 -1.0166 -1.1155 -16.396 3.342 -6.401
1.4262 0.94571 0.23895 0.16961 0.14062 -0.68431 -1.0086 -1.1307 2.6478 1.6277 7.8821
1.4286 0.94629 0.23824 0.16827 0.1395 -0.678 -1.0048 -1.112 -27.272 -3.8459 10.923
1.431 0.94687 0.23753 0.16693 0.1384 -0.74294 -1.0139 -1.086 -20.731 15.633 30.183
1.4333 0.94746 0.23674 0.16561 0.13731 -0.7923 -0.97669 -1.0141 -29.37 14.926 -8.685
1.4357 0.94804 0.23589 0.16435 0.13629 -0.86223 -0.94115 -1.0348 -12.17 -15.405 -2.1969
1.4381 0.94863 0.23497 0.16313 0.13521 -0.8912 -0.97783 -1.04 -10.608 10.69 -26.22
1.4405 0.94923 0.234 0.16188 0.13414 -0.91646 -0.95238 -1.1024 -5.2543 3.5836 -3.6796
1.4429 0.94985 0.23303 0.16065 0.13298 -0.92897 -0.94384 -1.1112 -2.1986 -16.329 -14.491
1.4452 0.95046 0.23204 0.15942 0.13181 -0.9342 -0.98272 -1.1457 -4.1124 -4.0323 -10.801
1.4476 0.95108 0.23105 0.15813 0.13061 -0.944 -0.99232 -1.1714 -5.51 -18.511 -7.0491
1.45 0.95171 0.23004 0.15684 0.12937 -0.95711 -1.0364 -1.1882 9.6778 -19.23 -13.3
1.4524 0.95234 0.22902 0.15548 0.12813 -0.93407 -1.0822 -1.2199 1.715 -16.48 0.55188
1.4548 0.95298 0.22802 0.15407 0.12687 -0.92999 -1.1214 -1.2186 -5.2089 -9.8872 -13.882
1.4571 0.95362 0.22702 0.1526 0.12562 -0.94239 -1.145 -1.2516 -12.797 -2.2473 -3.074
1.4595 0.95427 0.226 0.1511 0.12434 -0.97286 -1.1503 -1.2589 -25.662 15.675 -5.5397
1.4619 0.95492 0.22495 0.1496 0.12304 -1.034 -1.113 -1.2721 -14.382 10.9 -4.2028
1.4643 0.95558 0.22384 0.14815 0.12171 -1.0682 -1.087 -1.2821 -14.436 -7.7949 -13.352
1.4667 0.95624 0.2227 0.14672 0.12035 -1.1026 -1.1056 -1.3139 -15.773 -2.1562 -13.891
1.469 0.95691 0.22151 0.14527 0.11896 -1.1401 -1.1107 -1.347 -16.943 -5.0649 -11.028
1.4714 0.95759 0.22029 0.14381 0.11752 -1.1805 -1.1228 -1.3732 -24.788 -0.24394 -15.473
1.4738 0.95828 0.21902 0.14234 0.11605 -1.2395 -1.1234 -1.4101 -9.9872 -5.9218 1.4899
1.4762 0.95899 0.21769 0.14086 0.11452 -1.2633 -1.1375 -1.4065 -6.3206 -12.805 -0.8244
1.4786 0.95969 0.21633 0.13937 0.113 -1.2783 -1.168 -1.4085 20.994 -11.161 -0.34956
1.481 0.9604 0.21494 0.13784 0.11148 -1.2283 -1.1945 -1.4093 4.2535 -12.306 -6.8903
1.4833 0.9611 0.21361 0.13628 0.10997 -1.2182 -1.2238 -1.4257 2.1819 -6.9403 1.3563
1.4857 0.96179 0.21228 0.13468 0.10845 -1.213 -1.2404 -1.4225 -21.616 8.1033 2.0295
1.4881 0.96247 0.21096 0.13305 0.10694 -1.2645 -1.2211 -1.4177 1.8282 -11.816 -0.71676
1.4905 0.96316 0.20958 0.13146 0.10542 -1.2601 -1.2492 -1.4194 -14.266 8.1021 6.6336
1.4929 0.96385 0.2082 0.12983 0.10391 -1.2941 -1.2299 -1.4036 -35.276 22.374 -0.71078
1.4952 0.96453 0.20678 0.12823 0.1024 -1.3781 -1.1766 -1.4053 -19.456 1.4936 1.2413
1.4976 0.96521 0.20527 0.1267 0.10087 -1.4244 -1.1731 -1.4023 -15.356 12.385 0.86461
1.5 0.9659 0.2037 0.12518 0.099327 -1.461 -1.1436 -1.4003 -14.163 11.64 -0.86243
1.5024 0.96659 0.20209 0.1237 0.097776 -1.4947 -1.1159 -1.4023 -20.81 7.3222 -1.0649
1.5048 0.96727 0.20045 0.12225 0.09621 -1.5442 -1.0984 -1.4049 -28.748 6.0146 13.648
1.5071 0.96796 0.19875 0.12083 0.094629 -1.6127 -1.0841 -1.3724 -32.811 19.153 6.3341
1.5095 0.96865 0.19697 0.11943 0.093072 -1.6908 -1.0385 -1.3573 -5.642 9.7273 19.366
1.5119 0.96934 0.19509 0.1181 0.09151 -1.7042 -1.0154 -1.3112 -34.907 30.616 -0.40023
1.5143 0.97002 0.1932 0.11681 0.089993 -1.7873 -0.94247 -1.3121 -25.363 -4.5728 11.098
1.5167 0.97069 0.19122 0.11561 0.088445 -1.8477 -0.95335 -1.2857 -12.393 6.6243 9.588
1.519 0.97138 0.18916 0.11441 0.086922 -1.8772 -0.93758 -1.2629 -1.7487 9.7844 -3.3976
1.5214 0.97205 0.18706 0.11324 0.085417 -1.8814 -0.91429 -1.271 -6.1146 -8.6659 -5.9019
1.5238 0.97272 0.18496 0.11209 0.083895 -1.896 -0.93492 -1.285 -25.694 21.441 6.873
1.5262 0.97339 0.18284 0.11091 0.08236 -1.9571 -0.88387 -1.2686 -12.564 9.7731 6.3748
1.5286 0.97405 0.18066 0.1098 0.080823 -1.987 -0.8606 -1.2535 0.32251 6.9396 2.9987
1.531 0.97471 0.17843 0.10873 0.079295 -1.9863 -0.84408 -1.2463 3.1168 4.1107 5.6293
1.5333 0.97535 0.17621 0.10767 0.077771 -1.9789 -0.83429 -1.2329 -2.3948 6.7583 8.8101
1.5357 0.97598 0.17399 0.10662 0.07626 -1.9846 -0.8182 -1.2119 -11.605 22.962 2.2867
1.5381 0.9766 0.17176 0.1056 0.074769 -2.0122 -0.76353 -1.2065 -5.673 -0.66381 14.478
1.5405 0.97721 0.16951 0.10465 0.073269 -2.0257 -0.76511 -1.172 1.0028 15.781 18.219
1.5429 0.97782 0.16723 0.1037 0.071807 -2.0233 -0.72753 -1.1287 27.6 13.362 -3.4219
1.5452 0.9784 0.16495 0.1028 0.070388 -1.9576 -0.69572 -1.1368 -20.59 37.253 -2.5115
1.5476 0.97896 0.16275 0.10193 0.068961 -2.0066 -0.60702 -1.1428 -5.6314 1.3435 1.0569
1.55 0.97951 0.1605 0.10116 0.067503 -2.02 -0.60382 -1.1403 21.758 -8.3994 10.829
1.5524 0.98006 0.15823 0.1004 0.066045 -1.9682 -0.62382 -1.1145 -11.367 10.262 0.9502
1.5548 0.98059 0.15602 0.09962 0.064627 -1.9953 -0.59939 -1.1122 1.5698 10.135 15.521
1.5571 0.98111 0.15377 0.098867 0.063203 -1.9916 -0.57526 -1.0753 11.307 6.7895 24.977
1.5595 0.98162 0.15153 0.098147 0.061818 -1.9646 -0.55909 -1.0158 9.887 5.7417 12.038
1.5619 0.98211 0.14931 0.097455 0.060502 -1.9411 -0.54542 -0.98714 21.826 3.0997 8.8737
1.5643 0.98259 0.14712 0.096781 0.059219 -1.8891 -0.53804 -0.96601 -16.382 29.382 14.4
1.5667 0.98305 0.14498 0.096116 0.057966 -1.9281 -0.46808 -0.93172 5.5692 26.355 12.24
1.569 0.98349 0.1428 0.09554 0.056735 -1.9149 -0.40533 -0.90258 6.7568 8.7219 17.707
1.5714 0.98392 0.14063 0.095041 0.055529 -1.8988 -0.38457 -0.86042 -18.975 32.627 12.875
1.5738 0.98434 0.13848 0.094571 0.054371 -1.944 -0.30688 -0.82976 -22.788 30.519 22.539
1.5762 0.98474 0.13627 0.0942 0.05323 -1.9982 -0.23422 -0.7761 -33.186 25.463 18.739
1.5786 0.98514 0.134 0.093926 0.052134 -2.0772 -0.17359 -0.73148 -23.538 49.63 3.5927
1.581 0.98553 0.13164 0.093735 0.051071 -2.1333 -0.055426 -0.72293 2.2981 21.51 12.075
1.5833 0.98591 0.12921 0.093686 0.049994 -2.1278 -0.0042119 -0.69418 23.924 -0.73843 13.548
1.5857 0.98628 0.12679 0.0937 0.048942 -2.0708 -0.00597 -0.66192 3.0574 22.672 31.32
1.5881 0.98663 0.12443 0.093714 0.047934 -2.0636 0.048011 -0.58735 1.1754 31.726 19.979
1.5905 0.98696 0.12208 0.0938 0.047007 -2.0608 0.12355 -0.53978 -7.2951 32.55 9.6531
1.5929 0.98727 0.11972 0.093982 0.046125 -2.0781 0.20105 -0.5168 -5.8758 28.431 8.5568
1.5952 0.98757 0.11735 0.094259 0.045256 -2.0921 0.26874 -0.49642 -11.73 29.289 3.248
1.5976 0.98786 0.11496 0.094618 0.0444 -2.1201 0.33848 -0.48869 -11.978 15.792 2.2642
1.6 0.98813 0.11254 0.095061 0.04354 -2.1486 0.37608 -0.4833 9.2024 16.58 -1.5627
1.6024 0.9884 0.11008 0.095549 0.042678 -2.1267 0.41555 -0.48702 25.532 -3.7235 -4.7535
1.6048 0.98865 0.10766 0.096082 0.041808 -2.0659 0.40669 -0.49834 5.7712 14.63 5.2858
1.6071 0.98889 0.1053 0.096599 0.040933 -2.0521 0.44152 -0.48575 14.457 21.423 11.14
1.6095 0.98912 0.10296 0.097158 0.04007 -2.0177 0.49253 -0.45923 0.58429 9.0209 5.8718
1.6119 0.98933 0.10066 0.097778 0.039235 -2.0163 0.51401 -0.44525 19.363 0.64722 12.396
1.6143 0.98953 0.098365 0.098423 0.038414 -1.9702 0.51555 -0.41573 10.946 14.316 3.5641
1.6167 0.98971 0.096116 0.099072 0.037633 -1.9442 0.54963 -0.40725 -5.1443 31.455 -1.0538
1.619 0.98989 0.093897 0.09976 0.036861 -1.9564 0.62453 -0.40976 10.184 -2.4772 -6.7394
1.6214 0.99004 0.091668 0.10054 0.036076 -1.9322 0.61863 -0.4258 3.8494 6.2505 -1.4638
1.6238 0.9902 0.089468 0.1013 0.035275 -1.923 0.63351 -0.42929 -21.052 51.105 7.2937
1.6262 0.99034 0.087279 0.10208 0.03447 -1.9731 0.75519 -0.41192 7.8915 14.65 3.4085
1.6286 0.99047 0.085034 0.10301 0.033666 -1.9543 0.79007 -0.40381 0.60277 14.642 8.525
1.631 0.99058 0.08281 0.10398 0.03287 -1.9529 0.82493 -0.38351 -2.8912 15.226 11.206
1.6333 0.99068 0.080587 0.10499 0.032094 -1.9598 0.86118 -0.35683 11.111 12.557 26.23
1.6357 0.99077 0.078352 0.10605 0.031346 -1.9333 0.89108 -0.29438 4.1316 12.829 4.9562
1.6381 0.99085 0.076142 0.10714 0.030671 -1.9235 0.92163 -0.28258 29.699 3.1312 2.6708
1.6405 0.99091 0.073943 0.10827 0.030009 -1.8528 0.92908 -0.27622 13.712 20.071 8.7607
1.6429 0.99096 0.071826 0.10941 0.029362 -1.8201 0.97687 -0.25536 4.955 29.698 17.341
1.6452 0.991 0.069746 0.1106 0.02874 -1.8083 1.0476 -0.21407 22.594 10.285 7.1757
1.6476 0.99101 0.067676 0.11188 0.028163 -1.7545 1.0721 -0.19699 23.378 11.122 3.5907
1.65 0.99102 0.065668 0.11319 0.02761 -1.6989 1.0985 -0.18844 24.611 3.3928 1.2021
1.6524 0.991 0.063725 0.11453 0.027073 -1.6403 1.1066 -0.18557 7.7199 9.5956 1.0491
1.6548 0.99098 0.061851 0.11587 0.026546 -1.6219 1.1295 -0.18308 13.916 11.728 4.7021
1.6571 0.99095 0.059998 0.11724 0.026023 -1.5888 1.1574 -0.17188 12.495 8.8354 5.8588
1.6595 0.9909 0.058184 0.11864 0.025516 -1.559 1.1784 -0.15793 -3.8933 21.393 15.69
1.6619 0.99085 0.056403 0.12007 0.025028 -1.5683 1.2294 -0.12057 5.1429 7.7609 15.579
1.6643 0.99078 0.054606 0.12156 0.024579 -1.556 1.2478 -0.083479 -20.42 38.496 2.7328
1.6667 0.9907 0.052819 0.12307 0.024174 -1.6046 1.3395 -0.076973 1.8402 21.801 6.6547
1.669 0.9906 0.050977 0.12469 0.023764 -1.6003 1.3914 -0.061128 19.037 -5.9604 12.521
1.6714 0.99049 0.049138 0.12637 0.02337 -1.5549 1.3772 -0.031317 -28.505 10.383 -10.762
1.6738 0.99037 0.047347 0.12804 0.023018 -1.6228 1.4019 -0.056942 -7.4417 -0.71175 -7.7746
1.6762 0.99025 0.045481 0.12973 0.022625 -1.6405 1.4002 -0.075453 21.872 13.78 29.177
1.6786 0.99012 0.043596 0.13142 0.022207 -1.5884 1.4331 -0.0059833 15.231 3.9997 22.512
1.681 0.98997 0.041762 0.13315 0.021877 -1.5522 1.4426 0.047616 23.859 -5.9751 -0.60427
1.6833 0.98982 0.039963 0.1349 0.021615 -1.4954 1.4283 0.046178 17.154 -5.706 -12.456
1.6857 0.98966 0.03823 0.13662 0.021361 -1.4545 1.4148 0.016521 24.461 -0.60304 17.315
1.6881 0.98949 0.03655 0.13832 0.02108 -1.3963 1.4133 0.057747 14.702 4.1377 -9.8667
1.6905 0.98931 0.034931 0.14002 0.020856 -1.3613 1.4232 0.034255 3.973 3.5691 -18.617
1.6929 0.98913 0.033357 0.14174 0.02061 -1.3518 1.4317 -0.010071 13.13 5.1064 10.065
1.6952 0.98894 0.031802 0.14345 0.020313 -1.3206 1.4438 0.013892 5.7698 7.9559 -1.6212
1.6976 0.98874 0.03028 0.14519 0.020049 -1.3068 1.4628 0.010032 8.6242 -5.8251 3.5878
1.7 0.98853 0.028774 0.14694 0.019783 -1.2863 1.4489 0.018575 2.9996 -5.3048 2.0374
1.7024 0.98832 0.027291 0.14867 0.01953 -1.2792 1.4363 0.023426 -2.3442 6.6583 8.094
1.7048 0.9881 0.025816 0.15039 0.019284 -1.2847 1.4521 0.042697 -4.008 -3.5339 5.225
1.7071 0.98788 0.02433 0.15213 0.01906 -1.2943 1.4437 0.055138 -9.5921 1.5136 11.003
1.7095 0.98765 0.022831 0.15386 0.018848 -1.3171 1.4473 0.081335 3.0472 4.8236 8.4796
1.7119 0.98741 0.0213 0.15559 0.018663 -1.3099 1.4588 0.10152 -7.356 0.31932 1.7927
1.7143 0.98717 0.019773 0.15734 0.018503 -1.3274 1.4596 0.10579 -7.4138 1.3396 16.516
1.7167 0.98693 0.018226 0.15909 0.018344 -1.345 1.4628 0.14512 3.3857 -14.761 4.3118
1.719 0.98667 0.01665 0.16084 0.018228 -1.337 1.4276 0.15538 0.43916 -0.45684 7.4692
1.7214 0.98642 0.015081 0.16255 0.018126 -1.3359 1.4265 0.17317 1.7729 -9.4315 13.244
1.7238 0.98616 0.013509 0.16425 0.018046 -1.3317 1.4041 0.2047 -4.132 -12.012 -7.6241
1.7262 0.9859 0.011936 0.16593 0.018003 -1.3415 1.3755 0.18655 -12.955 2.5322 -2.8975
1.7286 0.98564 0.010354 0.16758 0.017937 -1.3724 1.3815 0.17965 -4.562 -4.4974 17.844
1.731 0.98538 0.008737 0.16923 0.017857 -1.3832 1.3708 0.22214 -0.11767 -5.0592 14.113
1.7333 0.98511 0.0070988 0.17087 0.017825 -1.3835 1.3587 0.25574 7.4907 -13.722 -1.0608
1.7357 0.98483 0.005453 0.17249 0.017832 -1.3657 1.3261 0.25321 12.549 -20.358 4.8531
1.7381 0.98456 0.003828 0.17408 0.01784 -1.3358 1.2776 0.26477 18.63 -26.751 5.5112
1.7405 0.9843 0.0022346 0.17561 0.017867 -1.2915 1.2139 0.27789 6.1382 -11.405 -0.39574
1.7429 0.98404 0.00068897 0.17706 0.01792 -1.2768 1.1868 0.27695 -1.9296 -11.032 17.095
1.7452 0.98378 -0.00083987 0.17847 0.017974 -1.2814 1.1605 0.31765 -0.42968 -7.2699 11.84
1.7476 0.98352 -0.0023833 0.17986 0.018075 -1.2825 1.1432 0.34584 12.67 -20.596 4.3336
1.75 0.98327 -0.0039343 0.18122 0.018208 -1.2523 1.0941 0.35616 -7.7469 -1.9971 0.014896
1.7524 0.98301 -0.0054533 0.18253 0.01836 -1.2707 1.0894 0.35619 -23.621 19.847 -7.8074
1.7548 0.98276 -0.006994 0.18383 0.018508 -1.327 1.1366 0.33761 7.67 -11.267 -0.66344
1.7571 0.98249 -0.0085953 0.18519 0.018622 -1.3087 1.1098 0.33603 3.2787 -9.7501 -0.28496
1.7595 0.98222 -0.010175 0.18651 0.018738 -1.3009 1.0866 0.33535 -5.8339 -1.2436 11.895
1.7619 0.98196 -0.011747 0.1878 0.018854 -1.3148 1.0836 0.36367 12.276 -21.233 13.824
1.7643 0.98168 -0.013341 0.18909 0.019 -1.2856 1.0331 0.39658 -2.9972 -6.1983 0.4335
1.7667 0.98142 -0.014909 0.19032 0.019191 -1.2927 1.0183 0.39761 3.8756 -6.3031 3.9092
1.769 0.98116 -0.016486 0.19154 0.01938 -1.2835 1.0033 0.40692 29.469 -25.514 -3.6376
1.7714 0.98089 -0.018055 0.19273 0.019583 -1.2133 0.94257 0.39826 17.014 -16.488 3.1862
1.7738 0.98064 -0.019541 0.19385 0.01979 -1.1728 0.90331 0.40585 1.8159 -5.2167 5.5607
1.7762 0.98039 -0.020983 0.19492 0.020014 -1.1685 0.89089 0.41909 -3.9021 13.105 -2.4677
1.7786 0.98014 -0.022422 0.19598 0.020254 -1.1778 0.92209 0.41321 14.959 -8.6674 15.842
1.781 0.97988 -0.023871 0.19707 0.020486 -1.1422 0.90146 0.45093 7.319 -13.201 7.723
1.7833 0.97963 -0.025287 0.19814 0.02077 -1.1247 0.87003 0.46932 2.0268 -8.4153 1.0904
1.7857 0.97938 -0.026688 0.19917 0.021078 -1.1199 0.84999 0.47192 7.604 0.061788 -11.406
1.7881 0.97913 -0.028084 0.20017 0.021389 -1.1018 0.85014 0.44476 24.633 -8.3866 -17.015
1.7905 0.97887 -0.029453 0.20117 0.021674 -1.0431 0.83017 0.40425 -4.2648 1.4459 11.796
1.7929 0.97863 -0.030744 0.20215 0.021924 -1.0533 0.83361 0.43233 0.073678 -2.4709 20.521
1.7952 0.97837 -0.032053 0.20314 0.022205 -1.0531 0.82773 0.48119 10.506 -9.9761 14.039
1.7976 0.97812 -0.033374 0.20411 0.022542 -1.0281 0.80398 0.51462 4.6797 -23.96 16.206
1.8 0.97787 -0.034675 0.20505 0.022923 -1.017 0.74693 0.5532 9.593 -28.078 16.156
1.8024 0.97763 -0.035973 0.20593 0.02335 -0.99413 0.68007 0.59167 18.408 -14.392 -6.1754
1.8048 0.9774 -0.037256 0.20672 0.023824 -0.9503 0.64581 0.57697 26.828 -22.904 -7.2609
1.8071 0.97718 -0.038486 0.20747 0.02429 -0.88643 0.59127 0.55968 17.437 -9.6055 -1.8912
1.8095 0.97698 -0.039638 0.20816 0.024749 -0.84491 0.5684 0.55518 26.794 -24.154 2.5583
1.8119 0.97678 -0.040741 0.20882 0.025212 -0.78111 0.5109 0.56127 1.7002 -2.5334 -0.57208
1.8143 0.9766 -0.041774 0.20941 0.025696 -0.77706 0.50486 0.55991 -7.2915 3.0096 14.569
1.8167 0.97641 -0.042801 0.20999 0.026178 -0.79443 0.51203 0.59459 0.91845 -4.8676 15.519
1.819 0.97623 -0.043857 0.21058 0.026696 -0.79224 0.50044 0.63154 8.0854 -11.861 6.6156
1.8214 0.97604 -0.04492 0.21116 0.027258 -0.77299 0.4722 0.6473 25.432 -24.54 -1.6229
1.8238 0.97586 -0.045966 0.21169 0.027841 -0.71244 0.41377 0.64343 9.5432 -6.4644 -1.4134
1.8262 0.97569 -0.046942 0.21216 0.028432 -0.68971 0.39838 0.64007 7.4818 0.83651 -3.2326
1.8286 0.97553 -0.047891 0.21261 0.029023 -0.6719 0.40037 0.63237 12.832 -13.734 8.2894
1.831 0.97537 -0.048818 0.21307 0.02961 -0.64135 0.36767 0.65211 7.2486 -17.9 4.2724
1.8333 0.97521 -0.049715 0.21348 0.030226 -0.62409 0.32505 0.66228 7.646 -17.36 -4.8357
1.8357 0.97507 -0.050596 0.21384 0.030856 -0.60588 0.28372 0.65077 8.0035 -16.451 3.6735
1.8381 0.97494 -0.051455 0.21415 0.031474 -0.58683 0.24455 0.65951 4.9705 -12.868 3.8157
1.8405 0.97481 -0.052295 0.21442 0.032105 -0.57499 0.21391 0.6686 9.0584 -15.669 -4.1818
1.8429 0.9747 -0.053124 0.21464 0.032747 -0.55343 0.17661 0.65864 4.1147 -5.6838 -5.3562
1.8452 0.97459 -0.053928 0.21483 0.033381 -0.54363 0.16307 0.64589 18.022 -20.825 -2.127
1.8476 0.97449 -0.054717 0.215 0.034002 -0.50072 0.11349 0.64082 -0.11593 -7.4466 5.8819
1.85 0.9744 -0.055458 0.21511 0.034624 -0.501 0.095762 0.65483 -2.6603 -1.5996 -2.4884
1.8524 0.97431 -0.056202 0.2152 0.035262 -0.50733 0.091954 0.6489 7.1989 -12.817 4.0951
1.8548 0.97423 -0.056953 0.21528 0.035891 -0.49019 0.061436 0.65865 27.977 -27.895 3.8939
1.8571 0.97415 -0.057688 0.21533 0.036533 -0.42358 -0.0049809 0.66792 6.1038 -4.5737 2.0742
1.8595 0.97409 -0.058351 0.21529 0.037199 -0.40904 -0.015871 0.67286 5.2919 -5.9837 12.133
1.8619 0.97404 -0.058998 0.21525 0.037873 -0.39644 -0.030117 0.70175 19.111 -10.538 8.3418
1.8643 0.97399 -0.059639 0.21518 0.038583 -0.35094 -0.055208 0.72161 2.816 4.4346 2.4049
1.8667 0.97394 -0.060233 0.21508 0.039326 -0.34424 -0.044649 0.72734 -58.922 29.132 -2.7037
1.869 0.9739 -0.060821 0.21499 0.040078 -0.48453 0.024712 0.7209 31.819 -34.424 8
1.8714 0.97382 -0.061566 0.21499 0.040792 -0.40877 -0.057251 0.73995 17.298 -24.925 10.049
1.8738 0.97377 -0.062232 0.21489 0.041541 -0.36758 -0.1166 0.76387 20.053 -21.829 15.699
1.8762 0.97373 -0.062859 0.21472 0.042324 -0.31984 -0.16857 0.80125 3.7786 -9.5159 8.9149
1.8786 0.97371 -0.063443 0.21448 0.043158 -0.31084 -0.19123 0.82248 -13.658 10.483 -2.8302
1.881 0.97369 -0.064023 0.21421 0.044017 -0.34336 -0.16627 0.81574 18.049 -15.84 2.0876
1.8833 0.97367 -0.064638 0.21397 0.044863 -0.30039 -0.20398 0.82071 9.4354 -12.482 15.046
1.8857 0.97365 -0.065206 0.21369 0.045722 -0.27792 -0.2337 0.85654 -1.789 -5.9007 0.82256
1.8881 0.97364 -0.065759 0.21337 0.046626 -0.28218 -0.24775 0.85849 5.0784 -13.841 0.66261
1.8905 0.97363 -0.066318 0.21303 0.04753 -0.27009 -0.2807 0.86007 22.703 -27.195 -0.015004
1.8929 0.97363 -0.066865 0.21265 0.048436 -0.21603 -0.34546 0.86004 8.1816 -7.8053 -8.4967
1.8952 0.97365 -0.067353 0.21219 0.049351 -0.19655 -0.36404 0.83981 7.4928 -2.9424 -8.5208
1.8976 0.97368 -0.067814 0.21172 0.050245 -0.17871 -0.37105 0.81952 15.829 -10.965 -3.2709
1.9 0.97371 -0.06825 0.21123 0.05112 -0.14103 -0.39715 0.81173 1.8066 -6.5976 1.0949
1.9024 0.97375 -0.068641 0.21071 0.051993 -0.13673 -0.41286 0.81434 6.3763 -4.6568 -2.1021
1.9048 0.97379 -0.06903 0.21018 0.052869 -0.12154 -0.42395 0.80933 2.6219 2.921 -1.9858
1.9071 0.97383 -0.0694 0.20963 0.053742 -0.1153 -0.41699 0.8046 1.0037 -2.1235 10.774
1.9095 0.97388 -0.069761 0.20908 0.054612 -0.11291 -0.42205 0.83026 -15.418 18.074 8.1448
1.9119 0.97392 -0.070126 0.20853 0.055511 -0.14962 -0.37902 0.84965 4.2045 4.2983 2.2562
1.9143 0.97394 -0.070535 0.20803 0.056427 -0.13961 -0.36878 0.85502 -44.063 30.364 -12.293
1.9167 0.97396 -0.070934 0.20754 0.057353 -0.24452 -0.29649 0.82575 7.1786 9.6268 7.2294
1.919 0.97396 -0.071441 0.20714 0.058225 -0.22743 -0.27357 0.84297 7.1809 10.498 1.4444
1.9214 0.97395 -0.071932 0.20677 0.059123 -0.21033 -0.24857 0.8464 5.9861 7.0804 -5.4081
1.9238 0.97393 -0.072401 0.20643 0.060031 -0.19608 -0.23171 0.83353 -11.393 24.123 -5.9266
1.9262 0.97391 -0.07285 0.2061 0.06093 -0.2232 -0.17428 0.81942 -19.206 30.034 -3.5424
1.9286 0.97387 -0.073323 0.20584 0.06181 -0.26893 -0.10277 0.81098 -0.98068 13.998 -2.0592
1.931 0.97382 -0.073841 0.20567 0.062675 -0.27127 -0.06944 0.80608 11.652 0.80745 5.7137
1.9333 0.97375 -0.074358 0.20554 0.063537 -0.24353 -0.067517 0.81968 16.838 -3.1511 4.5035
1.9357 0.97368 -0.074846 0.20541 0.064422 -0.20343 -0.07502 0.83041 -8.3212 23.684 -2.8954
1.9381 0.97362 -0.07529 0.20526 0.065328 -0.22325 -0.018629 0.82351 -17.446 31.519 -6.2178
1.9405 0.97354 -0.075752 0.20518 0.066226 -0.26479 0.056416 0.80871 1.7557 18.606 2.4526
1.9429 0.97344 -0.076252 0.2052 0.067104 -0.26061 0.10072 0.81455 3.6332 11.53 -0.26441
1.9452 0.97332 -0.076744 0.20526 0.067993 -0.25196 0.12817 0.81392 14.471 44.109 -12.084
1.9476 0.9732 -0.077225 0.20536 0.068886 -0.2175 0.23319 0.78515 -10.634 23.39 -1.6758
1.95 0.97306 -0.07765 0.20557 0.069764 -0.24282 0.28888 0.78116 14.486 20.104 -0.83955
1.9524 0.9729 -0.078098 0.20585 0.070636 -0.20833 0.33675 0.77916 -7.6647 31.608 9.2243
1.9548 0.97273 -0.078502 0.20619 0.071519 -0.22658 0.412 0.80112 -7.7181 7.5049 -1.7856
1.9571 0.97254 -0.078926 0.20661 0.072429 -0.24496 0.42987 0.79687 -22.362 32.316 -8.3665
1.9595 0.97234 -0.079368 0.20705 0.073332 -0.2982 0.50681 0.77695 17.715 -0.61238 -0.22283
1.9619 0.97212 -0.079861 0.20759 0.074206 -0.25602 0.50536 0.77642 9.7618 -0.72919 -5.3935
1.9643 0.9719 -0.080304 0.20813 0.075089 -0.23278 0.50362 0.76358 17.586 4.993 -1.8346
1.9667 0.97169 -0.080718 0.20866 0.075963 -0.19091 0.51551 0.75921 2.8619 17.411 -7.3984
1.969 0.97147 -0.08108 0.2092 0.076843 -0.18409 0.55696 0.7416 3.7201 6.3717 -7.6457
1.9714 0.97125 -0.081427 0.20979 0.077709 -0.17524 0.57213 0.72339 8.1407 5.1326 -11.122
1.9738 0.97102 -0.081757 0.21039 0.078557 -0.15585 0.58435 0.69691 -22.101 30.317 -13.503
1.9762 0.97079 -0.082057 0.21102 0.07938 -0.20848 0.65654 0.66476 -28.389 28.349 -23.532
1.9786 0.97054 -0.082403 0.21173 0.08016 -0.27607 0.72404 0.60873 -22.832 28.035 -5.5217
1.981 0.97028 -0.082806 0.21253 0.080865 -0.33043 0.79079 0.59558 -1.49 18.834 -6.2315
1.9833 0.96998 -0.083263 0.21342 0.081547 -0.33398 0.83563 0.58075 -10.812 24.181 -16.138
1.9857 0.96968 -0.083715 0.21436 0.082216 -0.35972 0.8932 0.54232 -18.862 30.516 -0.90344
1.9881 0.96936 -0.084181 0.21537 0.082839 -0.40463 0.96586 0.54017 -20.859 29.176 -22.594
1.9905 0.96902 -0.084691 0.21647 0.083455 -0.4543 1.0353 0.48638 5.374 3.3982 -9.7741
1.9929 0.96866 -0.085237 0.21766 0.084004 -0.4415 1.0434 0.46311 -5.0786 13.82 0.37023
1.9952 0.9683 -0.085762 0.21886 0.084529 -0.45359 1.0763 0.46399 4.0518 -0.12115 -6.3559
1.9976 0.96792 -0.086297 0.2201 0.085056 -0.44395 1.076 0.44885 -6.8084 20.265 -7.5839
2 0.96755 -0.086818 0.22134 0.085567 -0.46016 1.1243 0.4308 -8.3511 23.545 -2.0505
2.0024 0.96716 -0.087346 0.22264 0.086058 -0.48004 1.1803 0.42592 -2.1261 3.2556 -9.2048
2.0048 0.96675 -0.087891 0.224 0.086544 -0.4851 1.1881 0.404 3.6743 8.2646 -8.1893
