0 0.84568 0.5117 0.064611 -0.13716 0.016669 0.01492 0.091183 7.0017 -3.8155 -1.2303
0.002381 0.84568 0.51171 0.064684 -0.13708 0.03334 0.0058358 0.088254 2.1584 5.4244 3.0981
0.0047619 0.84568 0.51173 0.064749 -0.13699 0.038479 0.018751 0.09563 0.59647 -6.6674 -1.2056
0.0071429 0.84567 0.51176 0.064833 -0.1369 0.039899 0.0028761 0.09276 3.1401 -4.3445 0.65505
0.0095238 0.84566 0.51179 0.064899 -0.13681 0.047376 -0.0074681 0.09432 3.4903 4.4645 2.676
0.011905 0.84565 0.51184 0.064956 -0.1367 0.055686 0.0031617 0.10069 -1.3862 2.9904 -1.0445
0.014286 0.84563 0.51188 0.06503 -0.1366 0.052385 0.010282 0.098204 -3.9408 5.4128 2.0008
0.016667 0.84561 0.51193 0.065109 -0.1365 0.043003 0.023169 0.10297 -4.1854 -0.056583 4.1409
0.019048 0.8456 0.51196 0.065202 -0.13641 0.033038 0.023035 0.11283 1.8565 -0.68901 5.0332
0.021429 0.8456 0.51198 0.065299 -0.13631 0.037458 0.021394 0.12481 5.2871 0.72871 4.0823
0.02381 0.84559 0.512 0.065403 -0.13619 0.050046 0.023129 0.13453 7.0912 -3.8376 2.2864
0.02619 0.84558 0.51204 0.065516 -0.13607 0.06693 0.013992 0.13997 9.8363 -6.1102 1.498
0.028571 0.84556 0.51209 0.065626 -0.13593 0.09035 -0.00055578 0.14354 -3.3256 4.3379 0.048142
0.030952 0.84553 0.51217 0.065728 -0.13578 0.082431 0.0097726 0.14366 2.6716 -1.282 2.5018
0.033333 0.8455 0.51224 0.065839 -0.13563 0.088792 0.0067202 0.14961 -4.5229 -0.77458 8.5083
0.035714 0.84547 0.51232 0.065951 -0.13548 0.078024 0.004876 0.16987 -10.162 3.2974 11.539
0.038095 0.84545 0.51239 0.066072 -0.1353 0.053828 0.012727 0.19734 7.8151 -3.9089 11.597
0.040476 0.84545 0.51242 0.066214 -0.13511 0.072436 0.0034202 0.22496 5.6504 -1.2718 13.566
0.042857 0.84544 0.51248 0.066366 -0.13488 0.085889 0.00039205 0.25726 5.1438 -2.28 8.2216
0.045238 0.84543 0.51254 0.066537 -0.13461 0.098136 -0.0050365 0.27683 4.4291 -2.2649 8.5281
0.047619 0.84542 0.51262 0.066717 -0.13432 0.10868 -0.010429 0.29714 4.4956 -0.33171 10.159
0.05 0.8454 0.51271 0.066905 -0.13401 0.11939 -0.011219 0.32133 3.1911 2.7952 9.7524
0.052381 0.84538 0.5128 0.067109 -0.13367 0.12698 -0.0045639 0.34455 -1.877 7.8528 9.7707
0.054762 0.84535 0.5129 0.067335 -0.13331 0.12251 0.014133 0.36781 3.9631 2.2146 8.4392
0.057143 0.84534 0.513 0.067593 -0.13294 0.13195 0.019406 0.3879 9.642 -5.2815 5.9254
0.059524 0.84532 0.51309 0.067871 -0.13255 0.15491 0.006831 0.40201 -7.7254 21.74 10.204
0.061905 0.84528 0.51322 0.068147 -0.13214 0.13651 0.058593 0.42631 -11.358 24.639 11.981
0.064286 0.84526 0.51331 0.068488 -0.13173 0.10947 0.11726 0.45483 8.4622 -13.997 6.1756
0.066667 0.84526 0.51336 0.068901 -0.13134 0.12962 0.083933 0.46954 -4.6058 4.8894 8.5214
0.069048 0.84524 0.51344 0.069293 -0.13091 0.11865 0.095574 0.48982 -0.50448 3.5145 5.8964
0.071429 0.84524 0.51351 0.069707 -0.13046 0.11745 0.10394 0.50386 1.5815 -1.0511 5.6233
0.07381 0.84524 0.51357 0.070138 -0.13001 0.12122 0.10144 0.51725 -3.0237 3.5401 7.2161
0.07619 0.84523 0.51363 0.070575 -0.12954 0.11402 0.10987 0.53443 -7.872 8.6505 9.5327
0.078571 0.84524 0.51368 0.07103 -0.12906 0.095274 0.13046 0.55713 -6.5076 6.0302 11.269
0.080952 0.84525 0.51371 0.071517 -0.12857 0.079779 0.14482 0.58396 -0.90856 -0.55694 11.983
0.083333 0.84528 0.51372 0.072032 -0.12806 0.077616 0.1435 0.61249 9.4763 -7.9625 2.9571
0.085714 0.84532 0.51372 0.072562 -0.12753 0.10018 0.12454 0.61953 13.345 -9.6533 0.86612
0.088095 0.84534 0.51375 0.073082 -0.12697 0.13195 0.10155 0.62159 4.1284 -0.62347 6.5379
0.090476 0.84534 0.51382 0.073584 -0.1264 0.14178 0.10007 0.63716 -5.3064 2.5571 3.4596
0.092857 0.84534 0.51389 0.074096 -0.12581 0.12915 0.10616 0.6454 8.8594 -8.2254 -2.9504
0.095238 0.84535 0.51394 0.074617 -0.12521 0.15024 0.086574 0.63837 6.2186 -12.26 -0.6223
0.097619 0.84535 0.51403 0.075117 -0.12461 0.16505 0.057385 0.63689 0.94463 -2.5049 1.3494
0.1 0.84533 0.51413 0.075589 -0.12399 0.1673 0.051421 0.6401 0.55057 3.0484 8.3626
0.10238 0.84532 0.51423 0.076057 -0.12336 0.16861 0.058679 0.66001 -1.9853 3.1555 13.307
0.10476 0.84531 0.51433 0.076545 -0.12272 0.16388 0.066192 0.6917 -6.8908 4.2008 5.2014
0.10714 0.8453 0.51442 0.077059 -0.12204 0.14747 0.076194 0.70408 -4.0521 5.7323 1.2688
0.10952 0.84531 0.51449 0.077588 -0.12137 0.13783 0.089842 0.7071 -0.57987 5.2911 3.1848
0.1119 0.84532 0.51455 0.078132 -0.1207 0.13645 0.10244 0.71469 0.79866 2.8868 2.7464
0.11429 0.84533 0.51461 0.078692 -0.12003 0.13835 0.10931 0.72122 -0.098134 2.4926 0.33734
0.11667 0.84533 0.51467 0.079264 -0.11936 0.13811 0.11525 0.72203 -2.8641 4.2837 0.8578
0.11905 0.84534 0.51472 0.079842 -0.11869 0.13129 0.12545 0.72407 -3.7902 4.6793 0.69711
0.12143 0.84535 0.51477 0.08043 -0.11803 0.12227 0.13659 0.72573 5.4973 -4.5244 -3.0137
0.12381 0.84536 0.5148 0.081029 -0.11737 0.13536 0.12582 0.71855 2.2477 -4.4743 0.95695
0.12619 0.84537 0.51485 0.081615 -0.11671 0.14071 0.11516 0.72083 3.5423 -2.7021 0.7607
0.12857 0.84537 0.5149 0.082193 -0.11604 0.14914 0.10873 0.72264 11.81 -10.802 -4.3813
0.13095 0.84537 0.51497 0.082765 -0.11536 0.17726 0.08301 0.71221 5.5766 -2.0113 -5.7597
0.13333 0.84535 0.51507 0.08331 -0.11468 0.19054 0.078222 0.6985 -3.1498 3.741 -1.9911
0.13571 0.84532 0.51518 0.083843 -0.11401 0.18304 0.087129 0.69376 4.6397 0.62393 -3.3415
0.1381 0.84529 0.51528 0.084381 -0.11334 0.19409 0.088614 0.6858 10.22 -4.4014 -7.4711
0.14048 0.84526 0.51539 0.084917 -0.11269 0.21842 0.078135 0.66801 3.244 -0.91669 -4.6405
0.14286 0.8452 0.51554 0.085435 -0.11204 0.22615 0.075952 0.65697 -6.0912 8.893 1.2558
0.14524 0.84514 0.51569 0.085944 -0.1114 0.21165 0.097126 0.65996 0.19102 10.151 2.8674
0.14762 0.84509 0.51582 0.086475 -0.11078 0.2121 0.12129 0.66678 -0.56865 3.5988 -1.5401
0.15 0.84504 0.51595 0.087035 -0.11016 0.21075 0.12986 0.66312 -1.1875 -1.2144 0.82686
0.15238 0.84498 0.51607 0.0876 -0.10955 0.20792 0.12697 0.66508 -8.0994 1.4585 1.0374
0.15476 0.84493 0.5162 0.088164 -0.10894 0.18863 0.13044 0.66755 -6.8109 8.5221 -4.0041
0.15714 0.84488 0.5163 0.08873 -0.10833 0.17242 0.15074 0.65802 5.3746 -0.62531 -2.6178
0.15952 0.84485 0.51638 0.089308 -0.10774 0.18521 0.14925 0.65179 -4.9414 4.0795 -0.37774
0.1619 0.8448 0.51648 0.089882 -0.10716 0.17345 0.15896 0.65089 -3.7447 5.1151 -1.0056
0.16429 0.84476 0.51657 0.090465 -0.10658 0.16453 0.17114 0.64849 -3.1299 -0.055827 -3.0347
0.16667 0.84472 0.51664 0.091056 -0.10602 0.15708 0.17101 0.64127 -5.8777 -0.60688 -4.5439
0.16905 0.84469 0.51671 0.091643 -0.10546 0.14309 0.16956 0.63045 1.1948 -1.0808 -3.1061
0.17143 0.84466 0.51676 0.092219 -0.10491 0.14593 0.16699 0.62305 -0.6542 3.9161 -1.3174
0.17381 0.84463 0.51682 0.092788 -0.10437 0.14437 0.17631 0.61992 -1.5324 -1.8559 -3.4868
0.17619 0.8446 0.51687 0.093365 -0.10384 0.14073 0.17189 0.61162 -6.5959 4.3873 -3.745
0.17857 0.84457 0.51692 0.093931 -0.10332 0.12502 0.18234 0.6027 -3.0723 1.1667 -5.6768
0.18095 0.84454 0.51696 0.094501 -0.10281 0.11771 0.18512 0.58918 7.0055 -8.8717 -12.084
0.18333 0.84452 0.51699 0.095064 -0.10232 0.13439 0.16399 0.56041 1.3169 -2.8379 -9.8661
0.18571 0.84449 0.51704 0.09559 -0.10184 0.13752 0.15724 0.53692 3.6807 -5.6251 -7.1778
0.1881 0.84445 0.5171 0.096095 -0.10138 0.14628 0.14384 0.51983 3.5579 -5.8266 -6.1033
0.19048 0.84441 0.51717 0.096578 -0.10093 0.15476 0.12997 0.5053 3.8 -3.3007 -5.7064
0.19286 0.84436 0.51725 0.097038 -0.10049 0.1638 0.12211 0.49171 3.1181 -3.7899 -6.1796
0.19524 0.8443 0.51734 0.097483 -0.10005 0.17123 0.11309 0.477 0.96495 -2.3741 -8.5222
0.19762 0.84424 0.51745 0.097911 -0.099619 0.17352 0.10744 0.45671 -9.004 6.1653 -3.5191
0.2 0.84417 0.51755 0.098321 -0.099206 0.15209 0.12212 0.44833 -5.5779 2.647 -8.2395
0.20238 0.84412 0.51764 0.098738 -0.098812 0.13881 0.12842 0.42871 -3.6057 -3.3452 -5.4269
0.20476 0.84407 0.51771 0.099147 -0.098444 0.13022 0.12045 0.41579 -6.693 1.0594 -3.0586
0.20714 0.84402 0.51778 0.09954 -0.098086 0.11429 0.12298 0.40851 -7.4639 4.0915 -4.2759
0.20952 0.84398 0.51783 0.099928 -0.097737 0.096514 0.13272 0.39833 2.6777 -5.5022 -7.9332
0.2119 0.84396 0.51787 0.10032 -0.097407 0.10289 0.11962 0.37944 -4.6341 12.114 -18.862
0.21429 0.84392 0.51791 0.10068 -0.097088 0.091856 0.14846 0.33453 -3.2169 3.554 -13.548
0.21667 0.84389 0.51795 0.10105 -0.096832 0.084197 0.15692 0.30227 -1.5164 -8.1206 -6.2755
0.21905 0.84385 0.51798 0.1014 -0.096615 0.080586 0.13759 0.28733 3.1408 -12.271 -8.8386
0.22143 0.84382 0.51801 0.10173 -0.096401 0.088065 0.10837 0.26629 5.2727 -9.5206 -5.7746
0.22381 0.84378 0.51805 0.10201 -0.09619 0.10062 0.085701 0.25254 -7.4817 9.5168 -4.6825
0.22619 0.84374 0.51811 0.10227 -0.095977 0.082805 0.10836 0.24139 -3.1552 1.4286 -10.687
0.22857 0.8437 0.51815 0.10253 -0.095791 0.075292 0.11176 0.21595 0.371 -6.0595 -11.389
0.23095 0.84366 0.51819 0.10279 -0.095634 0.076176 0.097334 0.18883 -2.0974 -1.8871 -11.405
0.23333 0.84363 0.51823 0.10301 -0.095495 0.071182 0.092841 0.16167 2.4546 -4.4305 -11.028
0.23571 0.84359 0.51827 0.10321 -0.095381 0.077026 0.082292 0.13542 7.3763 -14.621 -2.7482
0.2381 0.84355 0.51832 0.10339 -0.095287 0.094589 0.047481 0.12887 2.3834 -3.5096 -11.322
0.24048 0.8435 0.5184 0.10352 -0.095175 0.10026 0.039125 0.10192 -3.7674 0.64849 -11.255
0.24286 0.84344 0.51848 0.10364 -0.095084 0.091294 0.040669 0.075118 -2.2911 -4.421 -1.9951
0.24524 0.84339 0.51856 0.10373 -0.095023 0.085839 0.030143 0.070368 -6.6124 -2.1877 -1.6248
0.24762 0.84334 0.51863 0.10382 -0.09496 0.070095 0.024934 0.0665 -8.7213 5.9775 -7.4895
0.25 0.8433 0.51869 0.10389 -0.0949 0.04933 0.039166 0.048668 -4.1361 5.1469 -5.3993
0.25238 0.84327 0.51873 0.10397 -0.094869 0.039482 0.051421 0.035812 -11.461 11.179 0.75131
0.25476 0.84325 0.51876 0.10405 -0.09486 0.012194 0.078037 0.037601 -8.2049 -0.41811 -5.7152
0.25714 0.84323 0.51876 0.10415 -0.094869 -0.0073416 0.077041 0.023993 -2.297 -6.1714 -12.166
0.25952 0.84323 0.51874 0.10424 -0.094894 -0.012811 0.062347 -0.0049736 -3.5065 -2.2783 -15.281
0.2619 0.84323 0.51872 0.1043 -0.094939 -0.021159 0.056923 -0.041356 2.0144 -10.731 -14.088
0.26429 0.84323 0.5187 0.10433 -0.095018 -0.016363 0.031372 -0.0749 -0.29371 -4.8442 -14.014
0.26667 0.84323 0.51869 0.10431 -0.095115 -0.017062 0.019838 -0.10827 2.4314 -4.9206 -19.336
0.26905 0.84322 0.51868 0.10426 -0.095238 -0.011273 0.0081224 -0.1543 0.20785 -7.9348 -14.153
0.27143 0.84321 0.51869 0.10417 -0.095399 -0.010778 -0.01077 -0.188 -1.2841 -3.024 -8.9415
0.27381 0.8432 0.5187 0.10404 -0.095582 -0.013836 -0.01797 -0.20929 -8.2011 -0.49937 -7.5244
0.27619 0.84319 0.51872 0.1039 -0.095783 -0.033362 -0.019159 -0.22721 -6.8263 1.3083 -11.395
0.27857 0.84318 0.51871 0.10373 -0.096003 -0.049615 -0.016044 -0.25434 7.5701 -10.278 -18.065
0.28095 0.84319 0.5187 0.10355 -0.096255 -0.031591 -0.040515 -0.29735 -2.7158 -5.315 0.47471
0.28333 0.84318 0.51871 0.10333 -0.096532 -0.038057 -0.05317 -0.29622 -11.09 -0.28179 3.2948
0.28571 0.84317 0.51871 0.10309 -0.096801 -0.064462 -0.053841 -0.28837 -2.382 -0.10438 -13.275
0.2881 0.84319 0.51869 0.10285 -0.097066 -0.070133 -0.05409 -0.31998 -1.609 -2.0241 -10.19
0.29048 0.8432 0.51866 0.10259 -0.097362 -0.073964 -0.058909 -0.34424 2.6543 -1.1665 -10.865
0.29286 0.84321 0.51864 0.10231 -0.09768 -0.067645 -0.061686 -0.37011 -13.01 9.6245 -7.9785
0.29524 0.84322 0.51862 0.10201 -0.098022 -0.098621 -0.038771 -0.38911 -6.6207 7.1885 -10.191
0.29762 0.84324 0.51858 0.10172 -0.0984 -0.11438 -0.021655 -0.41337 6.9067 -4.4526 -14.481
0.3 0.84326 0.51851 0.10143 -0.098816 -0.09794 -0.032257 -0.44785 5.7338 -8.4518 -18.331
0.30238 0.84327 0.51847 0.10111 -0.099257 -0.084288 -0.05238 -0.4915 0.72761 -6.4516 -11.873
0.30476 0.84327 0.51845 0.10074 -0.099729 -0.082555 -0.067741 -0.51977 5.4438 -5.8222 -10.578
0.30714 0.84327 0.51844 0.10034 -0.10022 -0.069594 -0.081603 -0.54495 0.83435 1.3305 -9.0691
0.30952 0.84326 0.51845 0.099915 -0.10072 -0.067607 -0.078436 -0.56655 0.57699 2.1244 -5.5616
0.3119 0.84324 0.51845 0.099478 -0.10125 -0.066234 -0.073377 -0.57979 5.2801 -4.4309 -11.286
0.31429 0.84322 0.51846 0.099038 -0.1018 -0.053662 -0.083927 -0.60666 12.404 -10.926 -17.346
0.31667 0.84319 0.51849 0.098573 -0.10236 -0.024127 -0.10994 -0.64796 3.5339 -6.5033 -12.697
0.31905 0.84314 0.51856 0.09806 -0.10295 -0.015713 -0.12543 -0.67819 5.6589 -2.8928 -9.0515
0.32143 0.84308 0.51864 0.097513 -0.10355 -0.0022398 -0.13231 -0.69974 7.4022 -0.57116 -10.347
0.32381 0.84301 0.51873 0.096948 -0.10417 0.015385 -0.13367 -0.72437 3.2556 -2.7942 -9.4864
0.32619 0.84293 0.51885 0.096369 -0.10481 0.023136 -0.14033 -0.74696 -0.11096 -4.2457 -10.639
0.32857 0.84283 0.51897 0.095769 -0.10547 0.022872 -0.15043 -0.77229 0.53808 -6.14 -0.55953
0.33095 0.84274 0.5191 0.095144 -0.10615 0.024153 -0.16505 -0.77362 -1.5382 1.7804 -4.0453
0.33333 0.84265 0.51924 0.094503 -0.10682 0.02049 -0.16082 -0.78326 -7.7926 4.3461 -7.4304
0.33571 0.84255 0.51936 0.09386 -0.10751 0.0019366 -0.15047 -0.80095 -7.3702 2.2593 -6.285
0.3381 0.84246 0.51947 0.093215 -0.10822 -0.015611 -0.14509 -0.81591 5.4271 -8.4495 -13.012
0.34048 0.84238 0.51957 0.092562 -0.10895 -0.0026898 -0.16521 -0.84689 2.5879 -7.2375 -10.385
0.34286 0.84229 0.51968 0.091872 -0.1097 0.003472 -0.18244 -0.87162 -4.4092 -2.8335 -5.7035
0.34524 0.8422 0.5198 0.091151 -0.11046 -0.0070261 -0.18918 -0.8852 2.7428 -6.4016 -7.3812
0.34762 0.84211 0.51992 0.090412 -0.11123 -0.00049568 -0.20443 -0.90277 0.19224 -10.028 -6.335
0.35 0.84201 0.52004 0.089648 -0.11201 -3.7957e-05 -0.2283 -0.91786 3.575 -2.4396 -4.8028
0.35238 0.84191 0.52017 0.088851 -0.11279 0.0084739 -0.23411 -0.92929 6.1318 -7.5845 -6.7039
0.35476 0.8418 0.5203 0.088042 -0.11357 0.023073 -0.25217 -0.94525 -10.877 0.96602 -1.2343
0.35714 0.84169 0.52046 0.087207 -0.11436 -0.0028231 -0.24987 -0.94819 -6.6679 -1.0798 -6.0136
0.35952 0.84159 0.52059 0.086369 -0.11515 -0.018699 -0.25244 -0.96251 -2.6635 0.8918 -2.3481
0.3619 0.84149 0.5207 0.085517 -0.11596 -0.025041 -0.25032 -0.9681 -5.3021 -1.6825 -2.3602
0.36429 0.8414 0.52081 0.084662 -0.11678 -0.037665 -0.25432 -0.97372 -8.2819 -4.7299 3.1472
0.36667 0.84131 0.52091 0.083799 -0.1176 -0.057383 -0.26559 -0.96623 -5.0077 -7.0665 2.9171
0.36905 0.84124 0.52098 0.082925 -0.11841 -0.069307 -0.28241 -0.95928 -6.2055 3.5912 -2.4239
0.37143 0.84117 0.52105 0.082038 -0.1192 -0.084082 -0.27386 -0.96505 1.4517 -5.8946 -1.6818
0.37381 0.84111 0.5211 0.081153 -0.12001 -0.080625 -0.28789 -0.96906 3.0782 -5.9832 -1.783
0.37619 0.84105 0.52115 0.080252 -0.12081 -0.073296 -0.30214 -0.9733 -9.828 1.2992 0.11046
0.37857 0.84099 0.52121 0.079335 -0.1216 -0.096696 -0.29905 -0.97304 -9.5096 -0.23649 3.452
0.38095 0.84093 0.52125 0.078418 -0.1224 -0.11934 -0.29961 -0.96482 -3.4643 -0.83336 20.062
0.38333 0.84089 0.52126 0.077502 -0.12319 -0.12759 -0.30159 -0.91705 -5.6243 -1.4707 1.1693
0.38571 0.84086 0.52127 0.076612 -0.12393 -0.14098 -0.3051 -0.91427 -6.8356 0.93291 1.9684
0.3881 0.84084 0.52125 0.075718 -0.12467 -0.15725 -0.30287 -0.90958 -0.10448 -7.9865 1.873
0.39048 0.84083 0.52122 0.074827 -0.12541 -0.1575 -0.32189 -0.90512 7.2857 -16.062 -2.7123
0.39286 0.84082 0.52119 0.07392 -0.12613 -0.14015 -0.36013 -0.91158 -0.057872 -4.5826 -0.039155
0.39524 0.84081 0.52119 0.072973 -0.12683 -0.14029 -0.37105 -0.91168 -5.0209 4.8079 3.1892
0.39762 0.84079 0.52118 0.072014 -0.12752 -0.15225 -0.3596 -0.90408 -9.6311 4.0152 5.5372
0.4 0.84077 0.52116 0.07107 -0.12822 -0.17518 -0.35004 -0.8909 -4.6441 -5.4815 -2.1941
0.40238 0.84078 0.52111 0.07014 -0.12891 -0.18624 -0.36309 -0.89612 3.8102 -7.5268 -2.4809
0.40476 0.84078 0.52106 0.069192 -0.1296 -0.17716 -0.38101 -0.90203 -3.6722 -3.5607 1.4735
0.40714 0.84079 0.52101 0.068224 -0.13028 -0.18591 -0.38949 -0.89852 -3.5083 -1.6302 1.2486
0.40952 0.84079 0.52096 0.067248 -0.13095 -0.19426 -0.39337 -0.89555 -1.5517 -4.8902 -0.44159
0.4119 0.8408 0.5209 0.066269 -0.13162 -0.19795 -0.40501 -0.8966 3.3007 -3.1179 3.787
0.41429 0.84082 0.52083 0.065276 -0.13228 -0.1901 -0.41244 -0.88758 -3.9263 2.7247 1.3492
0.41667 0.84083 0.52078 0.064283 -0.13293 -0.19944 -0.40595 -0.88437 0.18797 3.5529 -8.4573
0.41905 0.84084 0.52071 0.063297 -0.13358 -0.199 -0.39749 -0.90451 2.0188 -4.9037 5.241
0.42143 0.84085 0.52064 0.062306 -0.13425 -0.19419 -0.40916 -0.89203 -3.9686 -1.2599 11.007
0.42381 0.84086 0.52058 0.061313 -0.1349 -0.20364 -0.41216 -0.86582 7.3999 -12.671 9.4636
0.42619 0.84087 0.5205 0.060331 -0.13553 -0.18602 -0.44233 -0.84329 9.7193 -9.0207 7.2528
0.42857 0.84088 0.52045 0.059336 -0.13611 -0.16288 -0.46381 -0.82602 -0.64073 -0.72456 3.3569
0.43095 0.84088 0.52042 0.058333 -0.13666 -0.1644 -0.46554 -0.81803 -6.1265 -4.5284 6.2759
0.43333 0.84088 0.52038 0.057333 -0.13721 -0.17899 -0.47632 -0.80309 -10.168 3.2318 7.5696
0.43571 0.8409 0.52034 0.05633 -0.13773 -0.2032 -0.46862 -0.78506 10.942 -4.9161 3.3325
0.4381 0.84092 0.52026 0.055341 -0.13824 -0.17715 -0.48033 -0.77713 2.6163 -4.9404 7.0062
0.44048 0.84094 0.52022 0.05435 -0.13873 -0.17092 -0.49209 -0.76045 -10.489 8.4427 9.202
0.44286 0.84095 0.52018 0.053358 -0.13919 -0.19589 -0.47199 -0.73854 -5.1929 -0.76298 9.2503
0.44524 0.84098 0.5201 0.052396 -0.13965 -0.20826 -0.47381 -0.71651 -1.0512 -9.431 14.125
0.44762 0.84102 0.52002 0.051443 -0.14009 -0.21076 -0.49626 -0.68288 -4.8029 10.984 7.9238
0.45 0.84106 0.51993 0.050488 -0.14048 -0.22219 -0.47011 -0.66402 1.4804 -1.4805 3.7727
0.45238 0.84112 0.51983 0.049569 -0.14087 -0.21867 -0.47363 -0.65503 -3.6861 3.1245 3.63
0.45476 0.84117 0.51973 0.048653 -0.14124 -0.22745 -0.46619 -0.64639 -5.4926 11.428 10.688
0.45714 0.84123 0.51961 0.047748 -0.14162 -0.24052 -0.43898 -0.62094 1.6871 2.2674 10.277
0.45952 0.8413 0.51948 0.046883 -0.14198 -0.23651 -0.43359 -0.59648 2.5979 -3.1393 2.6584
0.4619 0.84137 0.51935 0.04604 -0.14232 -0.23032 -0.44106 -0.59015 -0.63555 6.6077 6.6089
0.46429 0.84143 0.51923 0.045195 -0.14265 -0.23183 -0.42533 -0.57441 -2.7541 3.9414 3.3444
0.46667 0.8415 0.5191 0.044374 -0.14298 -0.23839 -0.41594 -0.56645 -5.0766 9.375 10.738
0.46905 0.84157 0.51896 0.043567 -0.1433 -0.25048 -0.39362 -0.54088 -5.8609 13.722 11.909
0.47143 0.84166 0.5188 0.042796 -0.14361 -0.26443 -0.36095 -0.51253 -4.9486 0.63735 4.2376
0.47381 0.84175 0.51863 0.042072 -0.14392 -0.27622 -0.35943 -0.50244 -9.4782 9.5052 9.8495
0.47619 0.84185 0.51844 0.041354 -0.14421 -0.29878 -0.3368 -0.47899 -2.3087 1.3065 5.1947
0.47857 0.84197 0.51822 0.04067 -0.1445 -0.30428 -0.33369 -0.46662 -0.16922 0.332 9.0849
0.48095 0.84209 0.51799 0.039995 -0.14477 -0.30468 -0.3329 -0.44499 -4.6129 5.6549 11.595
0.48333 0.84222 0.51777 0.039335 -0.14503 -0.31567 -0.31944 -0.41738 -6.6036 7.125 14.204
0.48571 0.84236 0.51753 0.038703 -0.14527 -0.33139 -0.30247 -0.38356 -2.8844 1.0266 9.9079
0.4881 0.84251 0.51726 0.038106 -0.14548 -0.33826 -0.30003 -0.35997 -8.0796 6.0295 16.536
0.49048 0.84267 0.51699 0.037524 -0.14567 -0.35749 -0.28567 -0.3206 -4.8879 -4.3333 5.4192
0.49286 0.84285 0.5167 0.036978 -0.14583 -0.36913 -0.29599 -0.3077 -4.3124 -6.2939 6.9642
0.49524 0.84303 0.51639 0.036428 -0.14598 -0.3794 -0.31098 -0.29112 -15.311 14.515 17.819
0.49762 0.84323 0.51608 0.035871 -0.14609 -0.41585 -0.27642 -0.24869 -18.376 30.626 15.891
0.5 0.84345 0.51572 0.035368 -0.14619 -0.45961 -0.2035 -0.21085 -4.3651 10.974 22.288
0.50238 0.84371 0.5153 0.034955 -0.1463 -0.47 -0.17737 -0.15779 0.74853 -3.5528 16.36
0.50476 0.84397 0.51487 0.034598 -0.14637 -0.46822 -0.18583 -0.11884 -5.6167 -5.0346 6.6006
0.50714 0.84425 0.51443 0.034257 -0.14639 -0.48159 -0.19782 -0.10312 5.4439 -2.8444 13.9
0.50952 0.84453 0.51399 0.033911 -0.14639 -0.46863 -0.20459 -0.070025 8.374 -5.8524 4.871
0.5119 0.84482 0.51355 0.033581 -0.14636 -0.44869 -0.21852 -0.058427 -3.5361 5.1038 5.7909
0.51429 0.84509 0.51314 0.033247 -0.1463 -0.45711 -0.20637 -0.04464 -8.3011 10.863 13.591
0.51667 0.84537 0.51272 0.032932 -0.14624 -0.47688 -0.18051 -0.012281 -9.7139 6.5403 14.161
0.51905 0.84566 0.51227 0.03266 -0.14616 -0.5 -0.16494 0.021435 -2.2784 3.7382 11.821
0.52143 0.84598 0.5118 0.03242 -0.14606 -0.50543 -0.15604 0.04958 2.7813 -2.0174 4.9331
0.52381 0.8463 0.51131 0.032205 -0.14593 -0.49881 -0.16084 0.061326 -11.933 10.035 14.783
0.52619 0.84662 0.51084 0.031994 -0.14579 -0.52722 -0.13695 0.096523 -10.613 3.994 12.23
0.52857 0.84696 0.51033 0.031823 -0.14563 -0.55249 -0.12744 0.12564 -12.3 2.2005 22.976
0.53095 0.84733 0.50979 0.031675 -0.14545 -0.58177 -0.1222 0.18035 -9.381 2.1062 17.969
0.53333 0.84771 0.50921 0.031561 -0.14521 -0.60411 -0.11718 0.22313 4.0512 -5.1134 9.4872
0.53571 0.84812 0.50861 0.031473 -0.14494 -0.59446 -0.12936 0.24572 6.5656 -7.4437 10.712
0.5381 0.84853 0.50803 0.031389 -0.14463 -0.57883 -0.14708 0.27122 -8.337 9.3146 10.554
0.54048 0.84893 0.50746 0.031305 -0.14429 -0.59868 -0.1249 0.29635 -2.219 -1.5748 9.1486
0.54286 0.84935 0.50686 0.031255 -0.14394 -0.60396 -0.12865 0.31813 -11.443 9.5057 10.794
0.54524 0.84977 0.50626 0.031213 -0.14356 -0.63121 -0.10602 0.34384 -4.8031 9.364 10.513
0.54762 0.85022 0.50563 0.031205 -0.14317 -0.64265 -0.083726 0.36887 8.5187 -4.4064 7.3401
0.55 0.85067 0.50498 0.031233 -0.14277 -0.62236 -0.094217 0.38634 9.8963 -10.897 6.4798
0.55238 0.85111 0.50435 0.031264 -0.14235 -0.5988 -0.12016 0.40177 8.9583 -8.2381 9.6136
0.55476 0.85154 0.50375 0.031282 -0.14189 -0.57747 -0.13978 0.42466 2.6903 -4.956 6.2852
0.55714 0.85197 0.50317 0.031297 -0.1414 -0.57107 -0.15158 0.43963 2.8819 -1.0038 6.8298
0.55952 0.85239 0.5026 0.031311 -0.14088 -0.5642 -0.15397 0.45589 3.5304 4.2824 13.179
0.5619 0.85281 0.50204 0.031333 -0.14035 -0.5558 -0.14377 0.48726 -10.228 8.3859 9.719
0.56429 0.85323 0.50148 0.031385 -0.13979 -0.58015 -0.1238 0.51041 -22.325 24.631 12.226
0.56667 0.85366 0.50089 0.031467 -0.13922 -0.63331 -0.065158 0.53951 -10.261 15.199 11.018
0.56905 0.85413 0.50024 0.031618 -0.13866 -0.65774 -0.028969 0.56575 -11.873 7.9485 15.125
0.57143 0.85462 0.49955 0.031817 -0.13809 -0.68601 -0.010044 0.60176 -7.4257 11.36 16.335
0.57381 0.85512 0.49883 0.032052 -0.1375 -0.70369 0.017004 0.64065 -6.2669 7.8344 8.8422
0.57619 0.85564 0.49809 0.032334 -0.13688 -0.71861 0.035657 0.6617 -10.466 10.996 13.188
0.57857 0.85618 0.49732 0.032646 -0.13626 -0.74353 0.061838 0.6931 -6.0079 5.1332 12.253
0.58095 0.85673 0.49653 0.032999 -0.13561 -0.75783 0.07406 0.72228 -6.1516 5.0628 12.513
0.58333 0.85729 0.49572 0.033379 -0.13495 -0.77248 0.086115 0.75207 -11.057 8.7042 8.3168
0.58571 0.85786 0.49488 0.033786 -0.13427 -0.79881 0.10684 0.77187 -7.4908 5.3868 2.6268
0.5881 0.85845 0.49402 0.034222 -0.13357 -0.81664 0.11966 0.77813 -0.75713 5.2541 -5.0578
0.59048 0.85905 0.49313 0.034672 -0.13288 -0.81844 0.13217 0.76608 4.6082 5.3854 1.1034
0.59286 0.85964 0.49224 0.035128 -0.13221 -0.80747 0.145 0.76871 -0.35449 6.8592 7.0441
0.59524 0.86023 0.49136 0.0356 -0.13154 -0.80832 0.16133 0.78548 4.4399 0.90166 7.0742
0.59762 0.86082 0.49047 0.036098 -0.13086 -0.79774 0.16348 0.80233 0.17152 5.6021 0.70014
0.6 0.8614 0.4896 0.036609 -0.13017 -0.79734 0.17681 0.80399 -10.845 19.63 4.3106
0.60238 0.86198 0.48872 0.037136 -0.12948 -0.82316 0.22355 0.81426 -8.1084 12.06 7.0535
0.60476 0.86257 0.4878 0.037712 -0.12882 -0.84246 0.25227 0.83105 -4.2166 6.8239 5.1731
0.60714 0.86318 0.48686 0.038324 -0.12815 -0.8525 0.26851 0.84337 0.52778 2.1625 2.4203
0.60952 0.86379 0.4859 0.038959 -0.12747 -0.85125 0.27366 0.84913 1.4429 1.6077 -2.6091
0.6119 0.8644 0.48495 0.039602 -0.1268 -0.84781 0.27749 0.84292 -1.3789 3.8081 6.0621
0.61429 0.865 0.48399 0.040246 -0.12613 -0.85109 0.28656 0.85735 -6.4688 5.34 13.015
0.61667 0.8656 0.48303 0.040908 -0.12545 -0.8665 0.29927 0.88834 1.1069 -2.9408 -1.3961
0.61905 0.86622 0.48205 0.041597 -0.12475 -0.86386 0.29227 0.88502 -13.71 13.559 2.5361
0.62143 0.86683 0.48107 0.042278 -0.12405 -0.89651 0.32455 0.89106 -7.3525 4.813 7.3602
0.62381 0.86746 0.48005 0.042991 -0.12336 -0.91401 0.33601 0.90858 0.21746 -0.057474 0.093853
0.62619 0.8681 0.47901 0.043723 -0.12266 -0.91349 0.33588 0.9088 -2.1532 0.19365 -3.5586
0.62857 0.86873 0.47797 0.044455 -0.12196 -0.91862 0.33634 0.90033 9.4826 0.605 1.1744
0.63095 0.86937 0.47692 0.045182 -0.12127 -0.89604 0.33778 0.90313 -6.7419 6.0671 5.8622
0.63333 0.86999 0.4759 0.045915 -0.12058 -0.91209 0.35222 0.91708 -3.567 3.1064 0.26444
0.63571 0.87061 0.47485 0.046668 -0.11988 -0.92059 0.35962 0.91771 -2.6435 4.9025 -1.196
0.6381 0.87124 0.47379 0.047428 -0.11918 -0.92688 0.37129 0.91487 1.1166 0.27452 3.2258
0.64048 0.87187 0.47273 0.048198 -0.11849 -0.92422 0.37195 0.92255 -0.22056 2.4982 -6.4711
0.64286 0.8725 0.47166 0.048972 -0.1178 -0.92475 0.37789 0.90714 1.845 0.67041 -6.426
0.64524 0.87313 0.4706 0.049745 -0.11712 -0.92036 0.37949 0.89184 5.9732 -7.5348 -3.6432
0.64762 0.87374 0.46953 0.05051 -0.11646 -0.90613 0.36155 0.88317 -1.2435 4.1477 -7.7599
0.65 0.87435 0.46849 0.051254 -0.1158 -0.90909 0.37143 0.86469 -8.2636 16.003 6.4025
0.65238 0.87495 0.46744 0.051998 -0.11516 -0.92877 0.40953 0.87993 -2.4751 3.2905 9.1457
0.65476 0.87556 0.46636 0.052787 -0.11453 -0.93466 0.41736 0.90171 -0.82248 7.3742 -18.278
0.65714 0.87618 0.46527 0.053595 -0.11388 -0.93662 0.43492 0.85819 -3.3863 2.8972 -7.3959
0.65952 0.87678 0.46418 0.054397 -0.11328 -0.94468 0.44182 0.84058 -15.781 12.241 -4.4351
0.6619 0.87739 0.46308 0.055195 -0.11271 -0.98226 0.47096 0.83002 6.0954 3.1295 -9.4072
0.66429 0.87801 0.46193 0.056013 -0.11217 -0.96774 0.47841 0.80762 5.2234 -1.7498 -13.772
0.66667 0.87862 0.4608 0.056827 -0.11165 -0.95531 0.47425 0.77483 0.56938 0.50556 -9.2345
0.66905 0.87921 0.45969 0.057622 -0.11117 -0.95395 0.47545 0.75285 10.533 -5.6637 -15
0.67143 0.8798 0.45857 0.058405 -0.1107 -0.92887 0.46197 0.71713 -1.793 2.9142 -8.5219
0.67381 0.88037 0.45749 0.059158 -0.11027 -0.93314 0.4689 0.69684 -15.816 7.9233 -0.12606
0.67619 0.88093 0.4564 0.059906 -0.10986 -0.9708 0.48777 0.69654 -11.385 -3.4415 5.2048
0.67857 0.88151 0.45527 0.060669 -0.10946 -0.99791 0.47958 0.70893 -7.0748 -9.1922 0.64877
0.68095 0.88211 0.45411 0.061426 -0.10905 -1.0148 0.45769 0.71048 -3.7106 2.4203 1.5225
0.68333 0.88272 0.45293 0.062159 -0.10863 -1.0236 0.46345 0.7141 0.36668 -18.7 -1.036
0.68571 0.88333 0.45174 0.062899 -0.1082 -1.0227 0.41893 0.71164 -8.8653 7.2708 0.90968
0.6881 0.88394 0.45056 0.06359 -0.10776 -1.0438 0.43624 0.7138 -7.7236 -8.3996 3.8377
0.69048 0.88455 0.44935 0.064298 -0.10732 -1.0622 0.41624 0.72294 -4.9965 -17.641 -2.5059
0.69286 0.88518 0.44812 0.064988 -0.10686 -1.0741 0.37424 0.71697 -8.1667 -6.9054 -0.75716
0.69524 0.88582 0.44689 0.065628 -0.10639 -1.0936 0.3578 0.71517 -6.9193 -11.975 2.5537
0.69762 0.88646 0.44563 0.066247 -0.10591 -1.11 0.32928 0.72125 4.2037 -24.971 -4.5212
0.7 0.88711 0.44436 0.066837 -0.10541 -1.1 0.26983 0.71049 11.915 -8.3316 -7.1225
0.70238 0.88776 0.44311 0.06736 -0.10489 -1.0716 0.24999 0.69353 -7.4334 -9.7323 0.24229
0.70476 0.88839 0.44189 0.067856 -0.10437 -1.0893 0.22682 0.6941 -3.0931 -5.0142 -3.2403
0.70714 0.88903 0.44065 0.068325 -0.10385 -1.0967 0.21488 0.68639 -6.0597 -4.3797 -3.11
0.70952 0.88967 0.43941 0.068777 -0.10332 -1.1111 0.20445 0.67899 9.0789 -22.432 -7.4188
0.7119 0.89032 0.43815 0.069212 -0.1028 -1.0895 0.15104 0.66132 -7.9177 -12.224 -2.6818
0.71429 0.89095 0.43692 0.069584 -0.10227 -1.1084 0.12194 0.65494 -8.7686 -5.0711 1.3578
0.71667 0.8916 0.43568 0.069919 -0.10173 -1.1293 0.10986 0.65817 -12.286 -3.0946 -0.30337
0.71905 0.89225 0.43441 0.07024 -0.10118 -1.1585 0.10249 0.65745 -13.191 -1.177 1.0105
0.72143 0.89292 0.43311 0.070549 -0.10063 -1.1899 0.099692 0.65985 -9.6575 -3.8319 1.0037
0.72381 0.89361 0.43178 0.070853 -0.10008 -1.2129 0.090569 0.66224 -5.05 -15.158 -2.4596
0.72619 0.8943 0.43042 0.071145 -0.099526 -1.2249 0.054479 0.65639 1.7201 -12.062 -11.22
0.72857 0.895 0.42905 0.071394 -0.098959 -1.2208 0.025761 0.62967 2.7516 -16.218 -3.9573
0.73095 0.89569 0.42769 0.071599 -0.098405 -1.2143 -0.012853 0.62025 -9.3573 -3.894 -5.9825
0.73333 0.89638 0.42635 0.071759 -0.097841 -1.2366 -0.022125 0.60601 -8.4689 -14.498 -0.85995
0.73571 0.89708 0.42498 0.071899 -0.097288 -1.2567 -0.056645 0.60396 -7.0048 -23.213 -7.4361
0.7381 0.89779 0.42359 0.071998 -0.096722 -1.2734 -0.11191 0.58625 -12.386 -14.36 -6.335
0.74048 0.89851 0.42219 0.072027 -0.096148 -1.3029 -0.1461 0.57117 -1.2259 -13.636 -8.0287
0.74286 0.89924 0.42077 0.072009 -0.095575 -1.3058 -0.17857 0.55205 -8.9474 -15.723 -7.0116
0.74524 0.89997 0.41934 0.071946 -0.095006 -1.3271 -0.21601 0.53536 -19.409 -8.2923 2.0129
0.74762 0.90071 0.4179 0.071831 -0.094439 -1.3733 -0.23575 0.54015 -7.8588 -5.6992 1.0417
0.75 0.90148 0.4164 0.071693 -0.093859 -1.392 -0.24932 0.54263 -7.224 -3.445 -4.0165
0.75238 0.90225 0.41489 0.071539 -0.093272 -1.4092 -0.25752 0.53307 -20.484 3.3752 -4.4575
0.75476 0.90302 0.41336 0.071369 -0.092692 -1.458 -0.24949 0.52246 -19.863 0.39861 -5.1585
0.75714 0.90382 0.41177 0.071196 -0.092131 -1.5053 -0.24854 0.51017 -11.771 -1.1752 -8.6279
0.75952 0.90463 0.41014 0.071014 -0.091588 -1.5333 -0.25134 0.48963 -14.262 0.34974 3.7576
0.7619 0.90545 0.40847 0.070815 -0.091068 -1.5673 -0.2505 0.49858 -12.333 -5.1584 2.1088
0.76429 0.90629 0.40677 0.070617 -0.09054 -1.5966 -0.26278 0.5036 -11.307 -10.519 -9.1503
0.76667 0.90714 0.40503 0.070405 -0.090004 -1.6236 -0.28783 0.48181 1.2025 -30.998 -11.011
0.76905 0.90799 0.40326 0.070153 -0.08948 -1.6207 -0.36163 0.4556 3.982 -23.08 -14.169
0.77143 0.90885 0.40151 0.069808 -0.08895 -1.6112 -0.41659 0.42186 -3.7162 -15.835 -3.0373
0.77381 0.90969 0.39978 0.069388 -0.088428 -1.6201 -0.45429 0.41463 -13.452 -5.0427 -8.7611
0.77619 0.91054 0.39804 0.068923 -0.087896 -1.6521 -0.46629 0.39377 -7.494 -7.9044 -9.6217
0.77857 0.9114 0.39626 0.068431 -0.087384 -1.6699 -0.48511 0.37086 -7.7186 -3.1089 -5.4441
0.78095 0.91227 0.39447 0.067906 -0.086888 -1.6883 -0.49252 0.3579 -12.049 -3.1853 -8.9758
0.78333 0.91314 0.39266 0.067364 -0.086405 -1.717 -0.5001 0.33653 -9.8548 -6.2699 -1.8338
0.78571 0.91401 0.39081 0.066801 -0.085942 -1.7405 -0.51503 0.33216 -12.644 5.5129 5.2607
0.7881 0.91489 0.38894 0.066217 -0.08548 -1.7706 -0.5019 0.34469 -13.408 -5.7325 -12.759
0.79048 0.91579 0.38704 0.065649 -0.085011 -1.8025 -0.51555 0.31431 -10.707 -19.614 -15.361
0.79286 0.91669 0.3851 0.065049 -0.084572 -1.828 -0.56225 0.27773 -8.8867 -7.0513 -9.9739
0.79524 0.91759 0.38314 0.064379 -0.084152 -1.8492 -0.57904 0.25399 -5.5645 -7.1612 -4.8992
0.79762 0.9185 0.38116 0.063677 -0.083752 -1.8624 -0.59609 0.24232 -9.1024 -9.6429 -0.55002
0.8 0.91942 0.37916 0.062949 -0.083358 -1.8841 -0.61905 0.24101 -11.085 -1.2709 -3.0963
0.80238 0.92033 0.37714 0.062193 -0.082955 -1.9105 -0.62208 0.23364 -42.011 22.311 2.6968
0.80476 0.92126 0.37509 0.061428 -0.082561 -2.0105 -0.56896 0.24006 -7.0157 -8.6496 0.38998
0.80714 0.92222 0.37292 0.060713 -0.082191 -2.0272 -0.58955 0.24099 6.9623 -34.287 -6.1029
0.80952 0.92318 0.37074 0.059974 -0.081811 -2.0106 -0.67119 0.22646 -8.2978 -9.6743 3.3282
0.8119 0.92414 0.36857 0.059141 -0.081409 -2.0304 -0.69422 0.23438 -9.091 -1.6603 3.6334
0.81429 0.9251 0.36639 0.058283 -0.080989 -2.052 -0.69817 0.24303 -6.0684 -12.056 -0.55666
0.81667 0.92606 0.36418 0.057422 -0.080559 -2.0665 -0.72688 0.24171 5.5731 -28.186 0.028012
0.81905 0.92703 0.36195 0.056527 -0.080118 -2.0532 -0.79399 0.24177 -6.836 -6.9795 -3.6236
0.82143 0.92798 0.35975 0.055559 -0.079647 -2.0695 -0.8106 0.23315 -12.083 -3.2576 3.1222
0.82381 0.92894 0.35752 0.054567 -0.079179 -2.0982 -0.81836 0.24058 -6.5628 -8.0883 2.1192
0.82619 0.92991 0.35526 0.053566 -0.078701 -2.1139 -0.83762 0.24563 -8.2786 -6.2478 0.9211
0.82857 0.93087 0.35298 0.052544 -0.078209 -2.1336 -0.85249 0.24782 -13.174 0.29042 1.2888
0.83095 0.93184 0.35068 0.051505 -0.077709 -2.1649 -0.8518 0.25089 -14.999 0.24374 9.0384
0.83333 0.93282 0.34834 0.050464 -0.077208 -2.2007 -0.85122 0.27241 -7.791 2.2506 14.86
0.83571 0.9338 0.34596 0.04943 -0.076684 -2.2192 -0.84586 0.30779 0.32779 -4.5286 17.929
0.8381 0.93479 0.34355 0.048413 -0.076124 -2.2184 -0.85665 0.35048 -0.44 -12.649 8.8361
0.84048 0.93578 0.34113 0.047402 -0.075511 -2.2195 -0.88676 0.37152 2.7934 -11.072 6.5491
0.84286 0.93676 0.33872 0.046365 -0.074862 -2.2128 -0.91313 0.38711 -0.49324 -10.464 15.343
0.84524 0.93773 0.33631 0.045306 -0.074184 -2.214 -0.93804 0.42364 -11.332 -13.182 10.398
0.84762 0.9387 0.3339 0.044232 -0.073455 -2.241 -0.96943 0.4484 -9.8332 -7.2323 10.586
0.85 0.93968 0.33145 0.043131 -0.072686 -2.2644 -0.98665 0.4736 -3.2051 -8.0962 10.803
0.85238 0.94066 0.32898 0.042018 -0.071883 -2.272 -1.0059 0.49932 -4.5704 -12.155 14.127
0.85476 0.94164 0.32649 0.040893 -0.071043 -2.2829 -1.0349 0.53296 0.48271 -8.2061 12.135
0.85714 0.94262 0.32399 0.039746 -0.070154 -2.2818 -1.0544 0.56185 4.0469 -11.435 11.472
0.85952 0.94359 0.32149 0.038589 -0.069225 -2.2721 -1.0816 0.58917 1.8072 1.3296 9.0488
0.8619 0.94455 0.319 0.037412 -0.068253 -2.2678 -1.0785 0.61071 -12.212 -2.3286 12.869
0.86429 0.94551 0.31651 0.036247 -0.067257 -2.2969 -1.084 0.64135 4.506 -20.849 11.749
0.86667 0.94647 0.31398 0.035084 -0.066226 -2.2862 -1.1336 0.66932 4.9085 -6.5727 6.9417
0.86905 0.94742 0.31147 0.033877 -0.065143 -2.2745 -1.1493 0.68585 4.6993 -2.8536 4.6484
0.87143 0.94835 0.30896 0.032658 -0.064035 -2.2633 -1.1561 0.69692 -1.3116 -2.0211 3.787
0.87381 0.94928 0.30647 0.031437 -0.06291 -2.2664 -1.1609 0.70594 -2.0603 5.3472 0.30215
0.87619 0.9502 0.30396 0.030213 -0.061773 -2.2713 -1.1482 0.70666 -5.6281 10.523 10.571
0.87857 0.95111 0.30145 0.029002 -0.06064 -2.2847 -1.1231 0.73182 2.2486 0.95897 11.539
0.88095 0.95202 0.29892 0.027828 -0.059487 -2.2794 -1.1208 0.7593 -5.9054 6.2699 10.269
0.88333 0.95291 0.29639 0.026667 -0.058303 -2.2934 -1.1059 0.78375 2.5057 2.2641 10.686
0.88571 0.95381 0.29384 0.025529 -0.057096 -2.2875 -1.1005 0.80919 0.22645 8.1787 19.861
0.8881 0.95469 0.29129 0.024407 -0.055861 -2.2869 -1.081 0.85648 -4.3519 11.978 3.3913
0.89048 0.95557 0.28874 0.023323 -0.054579 -2.2973 -1.0525 0.86455 6.4701 9.205 4.5649
0.89286 0.95644 0.28616 0.022274 -0.053297 -2.2819 -1.0306 0.87542 16.497 -14.369 6.8971
0.89524 0.95729 0.28361 0.021254 -0.05201 -2.2426 -1.0648 0.89185 5.5044 3.0406 10.117
0.89762 0.95813 0.28109 0.020202 -0.05069 -2.2295 -1.0576 0.91593 -0.012171 -1.9764 12.875
0.9 0.95895 0.27859 0.019168 -0.049345 -2.2295 -1.0623 0.94659 9.2242 -7.3717 5.9684
0.90238 0.95976 0.27609 0.018138 -0.047963 -2.2076 -1.0798 0.9608 0.39648 8.4318 1.777
0.90476 0.96056 0.2736 0.017094 -0.046558 -2.2066 -1.0598 0.96503 1.1813 8.3635 0.82791
0.90714 0.96135 0.27112 0.016074 -0.045154 -2.2038 -1.0398 0.967 -3.6814 5.5112 3.7836
0.90952 0.96213 0.26863 0.015077 -0.043753 -2.2126 -1.0267 0.97601 1.9103 -0.14015 2.2178
0.9119 0.9629 0.26613 0.014098 -0.042346 -2.208 -1.0271 0.98129 -3.7825 2.5575 8.859
0.91429 0.96366 0.26363 0.01312 -0.040933 -2.217 -1.021 1.0024 -9.447 3.8171 10.049
0.91667 0.96442 0.26112 0.012156 -0.039497 -2.2395 -1.0119 1.0263 -6.0807 7.2707 11.387
0.91905 0.96517 0.25858 0.011207 -0.038036 -2.254 -0.99457 1.0534 5.4552 1.7521 10.376
0.92143 0.96592 0.25602 0.010287 -0.03655 -2.241 -0.9904 1.0781 -3.9942 7.2528 4.9435
0.92381 0.96666 0.25348 0.009379 -0.035035 -2.2505 -0.97313 1.0899 8.4355 -3.1449 11.148
0.92619 0.96739 0.25091 0.0084942 -0.033512 -2.2304 -0.98062 1.1164 12.362 -0.20323 12.998
0.92857 0.96811 0.24837 0.0076093 -0.031956 -2.201 -0.9811 1.1474 9.6775 2.2864 7.9477
0.93095 0.96881 0.24586 0.006734 -0.030363 -2.178 -0.97566 1.1663 9.0234 6.3002 1.7775
0.93333 0.96949 0.24337 0.0058714 -0.02875 -2.1565 -0.96065 1.1705 4.3481 13.904 1.4011
0.93571 0.97016 0.24091 0.0050279 -0.027136 -2.1461 -0.92755 1.1739 7.7388 7.9461 2.8631
0.9381 0.97081 0.23845 0.004224 -0.025527 -2.1277 -0.90863 1.1807 3.0657 14.345 9.814
0.94048 0.97145 0.23601 0.0034443 -0.023915 -2.1204 -0.87448 1.2041 5.6568 13.723 13.332
0.94286 0.97208 0.23358 0.0027109 -0.022285 -2.1069 -0.8418 1.2358 7.5186 -1.2229 10.528
0.94524 0.9727 0.23116 0.0020245 -0.020628 -2.089 -0.84472 1.2609 1.9298 7.7885 4.3599
0.94762 0.9733 0.22875 0.001342 -0.01894 -2.0844 -0.82617 1.2713 4.9169 13.985 0.58658
0.95 0.97389 0.22635 0.00068393 -0.017245 -2.0727 -0.79287 1.2726 -10.616 25.928 -1.375
0.95238 0.97447 0.22397 6.5056e-05 -0.015558 -2.098 -0.73114 1.2694 -10.301 25.286 -4.0556
0.95476 0.97505 0.22154 -0.00048354 -0.01389 -2.1225 -0.67094 1.2597 1.6553 9.4304 4.7198
0.95714 0.97563 0.21909 -0.0009652 -0.01225 -2.1186 -0.64848 1.271 5.9024 5.4398 6.4074
0.95952 0.97619 0.21664 -0.0014178 -0.010602 -2.1045 -0.63553 1.2862 -5.8327 9.4833 5.8849
0.9619 0.97675 0.2142 -0.0018512 -0.0089398 -2.1184 -0.61295 1.3002 1.5454 16.014 -6.3137
0.96429 0.97729 0.21175 -0.0022549 -0.0072668 -2.1147 -0.57482 1.2852 1.9665 14.144 -6.2933
0.96667 0.97783 0.2093 -0.002618 -0.005621 -2.1101 -0.54115 1.2702 13.182 13.516 -9.2839
0.96905 0.97836 0.20685 -0.0029455 -0.0040009 -2.0787 -0.50897 1.2481 7.7016 16.946 -7.3509
0.97143 0.97887 0.20443 -0.0032409 -0.0024146 -2.0603 -0.46862 1.2306 2.7827 9.3323 -9.4872
0.97381 0.97937 0.20204 -0.0034934 -0.00085854 -2.0537 -0.4464 1.208 3.8096 6.9305 -7.1921
0.97619 0.97986 0.19965 -0.0037254 0.00066581 -2.0446 -0.4299 1.1909 19.062 21.307 -3.6999
0.97857 0.98034 0.19726 -0.0039422 0.0021662 -1.9993 -0.37917 1.1821 21.409 14.375 -13.081
0.98095 0.9808 0.19494 -0.0041019 0.0036442 -1.9483 -0.34494 1.1509 13.585 6.7518 -8.8407
0.98333 0.98124 0.19266 -0.0042291 0.0050776 -1.9159 -0.32887 1.1299 -0.16407 13.331 -3.0076
0.98571 0.98167 0.19043 -0.0043426 0.0064825 -1.9163 -0.29712 1.1227 -2.8065 27.802 -0.93695
0.9881 0.98209 0.18819 -0.0044205 0.0078719 -1.923 -0.23093 1.1205 6.2778 14.457 -5.1714
0.99048 0.98251 0.18595 -0.0044214 0.0092437 -1.9081 -0.19651 1.1082 13.276 9.7338 -3.2305
0.99286 0.98291 0.18372 -0.0043849 0.010593 -1.8765 -0.17333 1.1005 1.0257 13.45 -1.5007
0.99524 0.9833 0.18153 -0.0043234 0.011929 -1.874 -0.14131 1.0969 -0.96937 13.156 4.5992
0.99762 0.98369 0.17933 -0.0042251 0.013253 -1.8763 -0.10998 1.1079 9.894 11.451 6.6437
1 0.98407 0.17714 -0.0040878 0.014583 -1.8528 -0.08272 1.1237 4.7614 16.608 -6.323
1.0024 0.98444 0.17497 -0.0039155 0.015926 -1.8414 -0.043179 1.1086 1.8676 14.812 -6.0209
1.0048 0.9848 0.17282 -0.0037003 0.017243 -1.837 -0.0079123 1.0943 8.1035 8.0069 0.92494
1.0071 0.98515 0.17067 -0.0034467 0.018535 -1.8177 0.011152 1.0965 3.594 16.875 -3.4783
1.0095 0.98549 0.16854 -0.0031707 0.019827 -1.8091 0.05133 1.0882 2.5785 21.776 -0.30746
1.0119 0.98582 0.16642 -0.0028494 0.0211 -1.803 0.10318 1.0875 15.8 3.8555 -0.76402
1.0143 0.98615 0.16431 -0.0024676 0.022362 -1.7654 0.11236 1.0857 10.698 12.579 0.20264
1.0167 0.98647 0.16225 -0.0020763 0.023619 -1.7399 0.14231 1.0861 17.851 2.1858 1.922
1.019 0.98677 0.16021 -0.0016505 0.024872 -1.6974 0.14751 1.0907 13.759 7.2138 -5.2029
1.0214 0.98706 0.15822 -0.0012189 0.026128 -1.6646 0.16469 1.0783 0.98425 5.7192 -3.9055
1.0238 0.98733 0.15627 -0.00077047 0.027366 -1.6623 0.17831 1.069 4.7914 5.3365 5.5977
1.0262 0.98761 0.15433 -0.00030785 0.028591 -1.6509 0.19101 1.0824 -4.3962 20.443 -4.268
1.0286 0.98787 0.15239 0.00017177 0.029829 -1.6613 0.23969 1.0722 -3.8626 6.8435 -0.081706
1.031 0.98813 0.15044 0.00070717 0.031046 -1.6705 0.25598 1.072 9.1028 0.31789 11.964
1.0333 0.98839 0.14849 0.001262 0.03226 -1.6489 0.25674 1.1005 18.756 7.9313 -3.7166
1.0357 0.98863 0.14656 0.001822 0.033507 -1.6042 0.27562 1.0916 18.046 -4.4046 -4.0954
1.0381 0.98887 0.14468 0.0024008 0.03474 -1.5612 0.26513 1.0819 6.5946 9.3888 -10.403
1.0405 0.98909 0.14285 0.0029638 0.035963 -1.5455 0.28749 1.0571 5.1358 3.2656 -0.76002
1.0429 0.9893 0.14103 0.0035483 0.037154 -1.5333 0.29526 1.0553 11.986 2.1988 -0.29768
1.0452 0.98951 0.13924 0.004141 0.038341 -1.5048 0.3005 1.0546 5.3688 9.5202 -2.452
1.0476 0.98971 0.13747 0.0047385 0.039526 -1.492 0.32317 1.0488 -3.7868 5.5337 -3.7423
1.05 0.9899 0.13572 0.0053611 0.0407 -1.501 0.33634 1.0399 13.51 -2.0477 10
1.0524 0.99008 0.13396 0.0059982 0.041861 -1.4688 0.33147 1.0637 3.4389 17.483 -0.15071
1.0548 0.99026 0.13224 0.0066317 0.043051 -1.4607 0.37309 1.0633 -1.3272 -0.26253 5.6002
1.0571 0.99043 0.13053 0.0073137 0.044235 -1.4638 0.37247 1.0766 8.2599 9.7323 3.4149
1.0595 0.9906 0.12881 0.0079973 0.045433 -1.4442 0.39564 1.0848 6.1775 6.2004 1.1636
1.0619 0.99075 0.12712 0.0087083 0.046638 -1.4294 0.4104 1.0875 -3.8512 5.6043 -8.2463
1.0643 0.9909 0.12545 0.0094363 0.047844 -1.4386 0.42375 1.0679 3.746 -3.5229 -5.0882
1.0667 0.99105 0.12376 0.010178 0.049024 -1.4297 0.41536 1.0558 -2.9957 6.2274 -7.8965
1.069 0.99119 0.12208 0.010907 0.050191 -1.4368 0.43019 1.037 -4.3701 4.6054 -4.0012
1.0714 0.99133 0.1204 0.011651 0.051333 -1.4472 0.44115 1.0275 3.0802 -0.0277 -9.9829
1.0738 0.99146 0.11871 0.012407 0.052462 -1.4399 0.44108 1.0037 10.998 -5.6903 -5.8436
1.0762 0.9916 0.11702 0.013159 0.053563 -1.4137 0.42754 0.98979 7.1794 -0.31527 -5.3984
1.0786 0.99172 0.11536 0.013892 0.05465 -1.3966 0.42679 0.97693 -1.7968 10.346 -1.0951
1.081 0.99184 0.11372 0.014621 0.055722 -1.4009 0.45142 0.97433 2.3647 10.902 -1.3604
1.0833 0.99196 0.11208 0.015379 0.056786 -1.3953 0.47738 0.97109 7.8297 5.0492 2.8373
1.0857 0.99207 0.11045 0.016166 0.057844 -1.3766 0.4894 0.97784 -2.9849 2.211 -4.8157
1.0881 0.99217 0.10884 0.016968 0.058908 -1.3837 0.49466 0.96638 5.6125 -2.7612 2.4614
1.0905 0.99227 0.10722 0.017774 0.059957 -1.3704 0.48809 0.97224 10.446 1.9817 -9.3465
1.0929 0.99236 0.10561 0.018573 0.061014 -1.3455 0.49281 0.94998 -10.115 3.7485 -2.4288
1.0952 0.99245 0.10404 0.019372 0.062044 -1.3696 0.50173 0.9442 6.0099 -9.9229 0.82249
1.0976 0.99253 0.10244 0.020183 0.063066 -1.3553 0.4781 0.94616 15.642 -7.7123 -1.5736
1.1 0.99261 0.10085 0.020965 0.064093 -1.318 0.45974 0.94241 0.43926 -2.6461 0.63051
1.1024 0.99269 0.099301 0.021722 0.065118 -1.317 0.45344 0.94391 12.93 -7.6448 2.7474
1.1048 0.99276 0.097755 0.022471 0.066146 -1.2862 0.43524 0.95045 9.2923 -7.2592 0.41152
1.1071 0.99282 0.096244 0.023197 0.067184 -1.2641 0.41796 0.95143 -1.5061 -2.8931 7.038
1.1095 0.99287 0.094757 0.023902 0.068226 -1.2677 0.41107 0.96819 1.4426 -6.5365 4.7388
1.1119 0.99292 0.093264 0.0246 0.069288 -1.2642 0.3955 0.97947 14.559 -14.555 2.4509
1.1143 0.99297 0.091773 0.02528 0.070364 -1.2296 0.36085 0.98531 8.1464 -7.4899 0.36443
1.1167 0.99301 0.09032 0.025917 0.071453 -1.2102 0.34302 0.98618 6.2904 -15.529 2.5327
1.119 0.99304 0.088888 0.026532 0.072544 -1.1952 0.30604 0.99221 1.4765 -2.5877 2.3126
1.1214 0.99307 0.08747 0.027102 0.073647 -1.1917 0.29988 0.99771 -1.3991 -1.0138 -4.0054
1.1238 0.9931 0.086055 0.027664 0.074756 -1.195 0.29747 0.98818 -1.3777 1.1602 -1.6209
1.1262 0.99312 0.084636 0.028224 0.075855 -1.1983 0.30023 0.98432 -1.015 4.4481 4.3475
1.1286 0.99314 0.083214 0.028786 0.076948 -1.2007 0.31082 0.99467 -1.2614 0.043882 -0.49411
1.131 0.99315 0.081788 0.029362 0.078052 -1.2037 0.31093 0.99349 9.4027 -5.4428 3.6124
1.1333 0.99317 0.080359 0.029938 0.079154 -1.1813 0.29797 1.0021 4.0918 -7.7331 5.2781
1.1357 0.99317 0.078955 0.030497 0.080268 -1.1716 0.27955 1.0147 1.7844 -7.3094 -7.5438
1.1381 0.99317 0.077559 0.031035 0.081399 -1.1673 0.26215 0.9967 -4.9798 -3.3205 -5.437
1.1405 0.99317 0.076167 0.03155 0.08251 -1.1792 0.25424 0.98375 6.3351 -3.4325 1.7789
1.1429 0.99317 0.074761 0.032056 0.083605 -1.1641 0.24607 0.98799 2.0775 -1.934 -1.8941
1.1452 0.99317 0.073371 0.032551 0.084707 -1.1591 0.24147 0.98348 1.9851 -6.3509 -6.6125
1.1476 0.99316 0.071987 0.033039 0.085804 -1.1544 0.22635 0.96774 -3.6521 -5.7431 2.0573
1.15 0.99315 0.070607 0.033507 0.086883 -1.1631 0.21267 0.97263 5.2044 -7.6288 4.6316
1.1524 0.99314 0.069215 0.033961 0.087969 -1.1507 0.19451 0.98366 7.1393 -5.6393 -6.9996
1.1548 0.99312 0.067835 0.034392 0.089069 -1.1337 0.18108 0.967 8.7593 -5.0098 -0.17917
1.1571 0.9931 0.066474 0.034805 0.090151 -1.1129 0.16915 0.96657 10.719 -12.706 -3.0291
1.1595 0.99307 0.065136 0.0352 0.091234 -1.0874 0.1389 0.95936 -3.9408 -2.4465 -3.4118
1.1619 0.99305 0.063826 0.035557 0.092312 -1.0967 0.13308 0.95123 -11.95 3.445 4.6164
1.1643 0.99302 0.062503 0.035907 0.09338 -1.1252 0.14128 0.96223 -3.1787 5.9236 11.311
1.1667 0.99299 0.061148 0.036271 0.094458 -1.1328 0.15538 0.98916 0.83847 3.952 -1.2566
1.169 0.99295 0.059783 0.036654 0.095567 -1.1308 0.16479 0.98617 1.4453 0.35388 -4.1387
1.1714 0.99291 0.058422 0.037047 0.096672 -1.1273 0.16564 0.97631 15.575 -14.475 0.22641
1.1738 0.99287 0.057066 0.037441 0.097764 -1.0902 0.13117 0.97685 11.597 -12.137 0.71574
1.1762 0.99282 0.055749 0.037789 0.098861 -1.0626 0.10227 0.97855 8.9448 -3.5673 0.66477
1.1786 0.99277 0.054461 0.0381 0.099963 -1.0413 0.09378 0.98014 8.0482 -6.9943 7.3071
1.181 0.99271 0.053197 0.038398 0.10107 -1.0222 0.077127 0.99754 6.9777 9.1176 19.101
1.1833 0.99265 0.051952 0.038675 0.1022 -1.0055 0.098836 1.043 -7.3173 8.0335 9.7046
1.1857 0.99258 0.050728 0.038979 0.10338 -1.023 0.11796 1.0661 -18.094 2.791 0.46626
1.1881 0.99251 0.049484 0.039308 0.10458 -1.0661 0.12461 1.0672 -4.0343 -1.0257 -7.9217
1.1905 0.99243 0.04819 0.039651 0.10578 -1.0757 0.12217 1.0484 4.1626 -14.865 -3.8619
1.1929 0.99235 0.046885 0.039991 0.10696 -1.0657 0.086772 1.0392 3.3206 -8.0441 5.9661
1.1952 0.99227 0.045587 0.040287 0.10814 -1.0578 0.06762 1.0534 -6.5895 8.4825 7.2201
1.1976 0.99219 0.044296 0.04056 0.10933 -1.0735 0.087816 1.0706 21.478 -3.8277 2.9387
1.2 0.9921 0.042987 0.04086 0.11053 -1.0224 0.078703 1.0776 20.021 -19.868 3.5185
1.2024 0.99201 0.041738 0.041143 0.11175 -0.97472 0.031398 1.0859 5.2398 -5.3232 0.10286
1.2048 0.99191 0.040538 0.041363 0.11299 -0.96225 0.018724 1.0862 5.23 -4.5239 4.7876
1.2071 0.99181 0.03935 0.041567 0.11422 -0.94979 0.007953 1.0976 -8.2441 1.3984 4.2753
1.2095 0.9917 0.038176 0.041757 0.11547 -0.96942 0.011283 1.1078 -2.8852 3.1559 4.9538
1.2119 0.99159 0.036978 0.041954 0.11673 -0.97629 0.018797 1.1196 9.1808 -3.0687 4.5814
1.2143 0.99147 0.035772 0.042161 0.118 -0.95443 0.01149 1.1305 5.2815 -9.8693 10.342
1.2167 0.99135 0.03459 0.042357 0.11928 -0.94186 -0.012008 1.1551 0.59651 -7.8697 0.14411
1.219 0.99123 0.033418 0.042524 0.1206 -0.94044 -0.030745 1.1554 -3.8181 9.0599 -1.1587
1.2214 0.9911 0.032246 0.042669 0.12192 -0.94953 -0.0091742 1.1527 7.8704 8.7288 8.2766
1.2238 0.99097 0.031065 0.04284 0.12323 -0.93079 0.011609 1.1724 1.879 -0.49737 -2.3
1.2262 0.99083 0.029909 0.043033 0.12456 -0.92632 0.010424 1.1669 3.6156 -3.9388 6.9885
1.2286 0.99068 0.028758 0.043224 0.12589 -0.91771 0.0010464 1.1835 1.3355 1.5155 -0.19469
1.231 0.99054 0.027615 0.043404 0.12724 -0.91453 0.0046547 1.1831 6.6999 11.757 -0.74691
1.2333 0.99039 0.026476 0.043587 0.12859 -0.89858 0.032646 1.1813 12.817 -1.3242 3.9159
1.2357 0.99023 0.02536 0.0438 0.12993 -0.86806 0.029494 1.1906 14.529 7.48 5.2248
1.2381 0.99007 0.02428 0.044005 0.13129 -0.83347 0.047303 1.2031 21.321 6.355 9.2147
1.2405 0.9899 0.023242 0.044225 0.13266 -0.7827 0.062434 1.225 14.692 -2.2148 3.4512
1.2429 0.98972 0.022265 0.044456 0.13406 -0.74772 0.057161 1.2332 22.37 -2.8358 -1.4621
1.2452 0.98954 0.021327 0.044676 0.13548 -0.69446 0.050409 1.2297 14.495 1.3116 -4.4544
1.2476 0.98936 0.020452 0.044878 0.13689 -0.65995 0.053532 1.2191 11.348 11.793 2.7909
1.25 0.98917 0.019618 0.045078 0.13829 -0.63293 0.081609 1.2258 9.1598 0.42835 2.3417
1.2524 0.98898 0.018821 0.045307 0.13969 -0.61112 0.082629 1.2314 12.964 5.2928 2.6314
1.2548 0.98878 0.018048 0.045534 0.14111 -0.58025 0.095231 1.2376 20.571 -2.3012 1.1221
1.2571 0.98858 0.017314 0.04577 0.14253 -0.53127 0.089752 1.2403 6.8803 8.5057 0.51173
1.2595 0.98837 0.016637 0.045991 0.14396 -0.51489 0.11 1.2415 -9.7726 32.987 -4.2852
1.2619 0.98816 0.015982 0.046233 0.14539 -0.53816 0.18855 1.2313 -4.3937 9.9424 -0.86217
1.2643 0.98795 0.015313 0.046572 0.14681 -0.54862 0.21222 1.2293 -1.4002 -9.0744 7.2112
1.2667 0.98773 0.014637 0.04694 0.14822 -0.55195 0.19061 1.2464 -0.18667 4.8897 9.954
1.269 0.98751 0.013952 0.047283 0.14965 -0.5524 0.20225 1.2701 -1.849 11.747 -1.9802
1.2714 0.98728 0.013267 0.04764 0.15111 -0.5568 0.23022 1.2654 5.1492 0.87299 -8.6653
1.2738 0.98705 0.012582 0.048031 0.15256 -0.54454 0.2323 1.2448 12.828 -4.7413 1.7125
1.2762 0.98681 0.011913 0.048421 0.15399 -0.514 0.22101 1.2489 8.5714 5.3679 7.6048
1.2786 0.98658 0.011278 0.048793 0.15542 -0.49359 0.23379 1.267 -2.9122 7.8676 -14.937
1.281 0.98634 0.010668 0.049175 0.15688 -0.50052 0.25252 1.2314 2.0766 0.56295 -9.5635
1.2833 0.9861 0.010055 0.049581 0.15829 -0.49558 0.25387 1.2086 15.652 -0.98136 6.0199
1.2857 0.98586 0.0094501 0.049987 0.15968 -0.45831 0.25153 1.223 2.7908 5.9509 11.607
1.2881 0.98561 0.0088872 0.050383 0.16108 -0.45167 0.2657 1.2506 4.5101 9.7535 1.7044
1.2905 0.98536 0.0083332 0.050794 0.16252 -0.44093 0.28892 1.2547 9.8429 8.2244 -8.3022
1.2929 0.9851 0.007796 0.051231 0.16396 -0.41749 0.3085 1.2349 9.2189 7.5689 0.85626
1.2952 0.98485 0.0072913 0.051686 0.16538 -0.39554 0.32652 1.2369 17.877 12.867 -0.27081
1.2976 0.98459 0.0068157 0.052157 0.1668 -0.35298 0.35716 1.2363 17.214 9.0869 -7.5109
1.3 0.98432 0.0063961 0.052656 0.16823 -0.31199 0.37879 1.2184 7.0046 20.421 -16.954
1.3024 0.98405 0.00603 0.053171 0.16963 -0.29531 0.42742 1.178 12.001 4.3456 -5.366
1.3048 0.98379 0.0056958 0.05374 0.17099 -0.26674 0.43776 1.1653 15.722 14.184 1.3752
1.3071 0.98353 0.0053979 0.054315 0.17233 -0.22931 0.47153 1.1685 12.378 8.2687 -5.4491
1.3095 0.98326 0.0051506 0.054921 0.17368 -0.19983 0.49122 1.1556 16.274 8.0924 0.8341
1.3119 0.98298 0.0049427 0.055545 0.17502 -0.16109 0.51049 1.1575 3.5785 20.24 -1.8785
1.3143 0.98271 0.004784 0.056182 0.17636 -0.15257 0.55868 1.1531 3.4218 8.9034 -13.776
1.3167 0.98243 0.0046457 0.056875 0.1777 -0.14442 0.57988 1.1203 10.769 4.3691 -11.033
1.319 0.98215 0.0045236 0.057589 0.17899 -0.11878 0.59028 1.094 9.5247 2.2753 -12.492
1.3214 0.98188 0.0044355 0.058311 0.18026 -0.096101 0.5957 1.0643 8.7115 2.1345 -7.201
1.3238 0.98161 0.0043771 0.059033 0.1815 -0.075359 0.60078 1.0471 8.4112 10.282 -0.48625
1.3262 0.98134 0.0043453 0.059757 0.18271 -0.055332 0.62526 1.046 9.3682 8.6796 -0.90026
1.3286 0.98107 0.0043422 0.060505 0.18393 -0.033027 0.64592 1.0438 13.421 6.4644 1.3317
1.331 0.98079 0.0043699 0.061272 0.18514 -0.0010732 0.66132 1.047 -3.7517 26.348 8.0271
1.3333 0.98051 0.004438 0.06205 0.18636 -0.010006 0.72405 1.0661 -7.4001 24.651 -10.908
1.3357 0.98022 0.0045082 0.062903 0.1876 -0.027625 0.78274 1.0401 7.1332 -0.49621 -8.7051
1.3381 0.97993 0.0045729 0.063828 0.1888 -0.010641 0.78156 1.0194 -1.8787 10.245 -15.297
1.3405 0.97964 0.0046587 0.064747 0.18999 -0.015114 0.80595 0.98298 16.162 -3.9844 -20.762
1.3429 0.97935 0.0047476 0.065696 0.19113 0.023367 0.79647 0.93355 12.109 6.855 -13.706
1.3452 0.97908 0.004883 0.066624 0.19221 0.052198 0.81279 0.90091 7.6704 17.914 -4.3003
1.3476 0.9788 0.0050584 0.067565 0.19326 0.07046 0.85544 0.89067 11.593 14.187 -5.2826
1.35 0.97853 0.0052657 0.068551 0.1943 0.098063 0.88922 0.8781 19.771 5.1606 -10.919
1.3524 0.97825 0.0055139 0.06957 0.19533 0.14514 0.90151 0.8521 5.993 13.791 -6.3822
1.3548 0.97798 0.005822 0.070591 0.19632 0.15941 0.93434 0.8369 6.5389 14.419 -3.9324
1.3571 0.9777 0.0061556 0.071647 0.19731 0.17497 0.96867 0.82754 13.667 6.3931 -8.531
1.3595 0.97742 0.0065162 0.07274 0.19828 0.20752 0.9839 0.80723 19.669 5.0125 -12.55
1.3619 0.97714 0.00692 0.073842 0.19923 0.25435 0.99583 0.77735 15.042 5.3586 -11.501
1.3643 0.97687 0.0073837 0.074946 0.20014 0.29016 1.0086 0.74996 18.105 5.1472 -6.0295
1.3667 0.9766 0.0078946 0.076057 0.20103 0.33327 1.0208 0.73561 10.282 9.6471 -9.7287
1.369 0.97632 0.0084597 0.07717 0.20191 0.35775 1.0438 0.71244 -1.4568 18.139 -3.3106
1.3714 0.97605 0.009061 0.078305 0.20276 0.35428 1.087 0.70456 -12.247 11.809 -19.458
1.3738 0.97577 0.0096693 0.07949 0.2036 0.32512 1.1151 0.65823 1.1177 13.628 -25.69
1.3762 0.9755 0.010255 0.080714 0.20438 0.32778 1.1476 0.59707 -0.9659 6.2889 -2.6284
1.3786 0.97524 0.010857 0.081974 0.20509 0.32548 1.1625 0.59081 8.9927 8.3544 -15.796
1.381 0.97498 0.011462 0.083252 0.20579 0.34689 1.1824 0.5532 9.1793 12.761 -6.1284
1.3833 0.97472 0.012099 0.084547 0.20645 0.36875 1.2128 0.53861 13.114 3.1376 -16.662
1.3857 0.97446 0.012771 0.085871 0.2071 0.39997 1.2203 0.49894 0.70557 9.2811 -11.164
1.3881 0.97421 0.013485 0.087195 0.2077 0.40165 1.2424 0.47235 0.40472 6.9905 -11.308
1.3905 0.97395 0.014209 0.088544 0.20827 0.40262 1.259 0.44543 2.6394 4.3628 -3.4292
1.3929 0.9737 0.014941 0.089912 0.20881 0.4089 1.2694 0.43727 -8.1617 21.26 -12.552
1.3952 0.97345 0.015683 0.091289 0.20933 0.38947 1.32 0.40738 12.321 -2.922 -14.027
1.3976 0.97319 0.016419 0.092729 0.20982 0.4188 1.3131 0.37398 20.187 -3.8884 -11.669
1.4 0.97295 0.017191 0.094153 0.21028 0.46687 1.3038 0.3462 14.155 -5.1172 -15.748
1.4024 0.9727 0.018019 0.095554 0.2107 0.50057 1.2916 0.3087 16.905 1.5206 -9.7765
1.4048 0.97247 0.018888 0.09693 0.21109 0.54082 1.2953 0.28543 9.1453 8.369 -16.551
1.4071 0.97223 0.019807 0.0983 0.21145 0.56259 1.3152 0.24602 11.307 13.725 -15.417
1.4095 0.972 0.02076 0.099686 0.21177 0.58952 1.3479 0.20931 5.3464 -0.63888 -18.165
1.4119 0.97177 0.021757 0.1011 0.21205 0.60225 1.3463 0.16606 -1.6172 11.141 -19.438
1.4143 0.97155 0.022774 0.10251 0.21228 0.5984 1.3729 0.11978 -0.50504 16.242 -23.287
1.4167 0.97133 0.023798 0.10395 0.21245 0.59719 1.4115 0.064335 8.4732 3.1525 -18.516
1.419 0.97113 0.024838 0.10543 0.21256 0.61737 1.419 0.02025 4.9555 5.1555 -15.023
1.4214 0.97092 0.025908 0.10692 0.21262 0.62917 1.4313 -0.015519 -2.2806 9.6501 -17.582
1.4238 0.97072 0.026999 0.10841 0.21264 0.62374 1.4543 -0.057381 0.96542 7.9937 -6.4724
1.4262 0.97053 0.028096 0.10993 0.21261 0.62604 1.4733 -0.072791 0.67046 7.4737 -9.128
1.4286 0.97033 0.029201 0.11148 0.21255 0.62763 1.4911 -0.094524 7.3154 10.009 -10.391
1.431 0.97013 0.030316 0.11304 0.21248 0.64505 1.5149 -0.11926 -12.266 9.1841 -3.3776
1.4333 0.96993 0.03146 0.11462 0.21237 0.61584 1.5368 -0.12731 -15.539 22.343 -11.15
1.4357 0.96973 0.032577 0.11623 0.21225 0.57885 1.59 -0.15385 -3.9359 9.2147 -9.0086
1.4381 0.96953 0.033668 0.11791 0.21209 0.56948 1.6119 -0.1753 6.4239 1.9859 -10.225
1.4405 0.96932 0.034757 0.11962 0.2119 0.58477 1.6167 -0.19965 1.8622 2.5936 -4.316
1.4429 0.96911 0.035868 0.12133 0.21169 0.5892 1.6229 -0.20992 8.3245 4.5634 -2.4514
1.4452 0.9689 0.036987 0.12305 0.21146 0.60903 1.6337 -0.21576 12.249 0.22219 4.2325
1.4476 0.96869 0.038133 0.12477 0.21123 0.63819 1.6342 -0.20568 3.9913 6.6652 -1.3438
1.45 0.96847 0.03931 0.12648 0.21101 0.64769 1.6501 -0.20888 0.39235 10.558 -4.7736
1.4524 0.96824 0.040503 0.12821 0.21079 0.64863 1.6753 -0.22025 2.0054 0.20262 -0.92966
1.4548 0.96801 0.041704 0.12997 0.21055 0.6534 1.6757 -0.22246 4.7539 5.81 2.6098
1.4571 0.96777 0.042911 0.13173 0.21031 0.66472 1.6896 -0.21625 -6.7027 6.5987 -2.0253
1.4595 0.96752 0.044134 0.1335 0.21008 0.64876 1.7053 -0.22107 -7.8085 11.08 -4.017
1.4619 0.96727 0.045343 0.13529 0.20984 0.63017 1.7317 -0.23063 2.7172 -1.2456 -0.69991
1.4643 0.96701 0.046538 0.13711 0.20958 0.63664 1.7287 -0.2323 14.04 3.595 5.6407
1.4667 0.96675 0.04774 0.13893 0.20932 0.67007 1.7373 -0.21887 19.656 0.7396 3.7481
1.469 0.96648 0.04898 0.14075 0.20908 0.71687 1.739 -0.20995 9.5651 -8.0919 -11.885
1.4714 0.96619 0.050273 0.14256 0.20886 0.73964 1.7198 -0.23824 2.0879 4.3815 -0.93632
1.4738 0.96591 0.051592 0.14434 0.20861 0.74461 1.7302 -0.24047 -19.089 10.583 -5.5281
1.4762 0.96563 0.052919 0.14613 0.20835 0.69916 1.7554 -0.25364 -1.6917 -3.318 -7.423
1.4786 0.96534 0.054202 0.14795 0.20807 0.69514 1.7475 -0.27131 8.196 -17.872 -13.832
1.481 0.96505 0.055481 0.14977 0.20777 0.71465 1.7049 -0.30424 4.512 -15.516 -12.675
1.4833 0.96477 0.056778 0.15153 0.20743 0.72539 1.668 -0.33442 4.8197 -4.6539 -14.161
1.4857 0.9645 0.058083 0.15325 0.20707 0.73687 1.6569 -0.36814 -7.988 3.6836 -4.7786
1.4881 0.96424 0.059405 0.15494 0.20666 0.71785 1.6657 -0.37952 3.0168 0.38525 -9.1566
1.4905 0.96397 0.060709 0.15665 0.20624 0.72503 1.6666 -0.40132 18.768 -7.216 -15.649
1.4929 0.9637 0.062025 0.15836 0.2058 0.76972 1.6494 -0.43858 6.5691 -14.208 -10.015
1.4952 0.96344 0.063394 0.16003 0.20532 0.78536 1.6156 -0.46242 -3.8224 -4.9463 -18.158
1.4976 0.96318 0.064778 0.16165 0.20481 0.77626 1.6038 -0.50566 -5.6549 1.434 -7.9258
1.5 0.96294 0.066156 0.16326 0.20426 0.76279 1.6072 -0.52453 -0.88626 6.7073 -6.7505
1.5024 0.96269 0.067523 0.16488 0.20368 0.76068 1.6232 -0.5406 -6.8525 11.05 -5.0879
1.5048 0.96244 0.068894 0.16651 0.20308 0.74437 1.6495 -0.55271 -4.6419 11.694 -5.5338
1.5071 0.96218 0.070255 0.16817 0.20245 0.73331 1.6773 -0.56589 -7.8021 -2.05 -7.3515
1.5095 0.96192 0.071613 0.16987 0.20181 0.71474 1.6725 -0.58339 -3.6909 -4.4965 0.90914
1.5119 0.96166 0.072951 0.17156 0.20115 0.70595 1.6618 -0.58123 4.9371 -0.52076 5.1669
1.5143 0.96139 0.074276 0.17325 0.20048 0.71771 1.6605 -0.56893 2.2279 -12.803 8.9322
1.5167 0.96112 0.07561 0.17493 0.19983 0.72301 1.63 -0.54766 -2.9203 -19.018 -1.0067
1.519 0.96084 0.076939 0.17657 0.19921 0.71606 1.5847 -0.55006 4.1003 -1.7312 -7.8068
1.5214 0.96057 0.07825 0.17816 0.19858 0.72582 1.5806 -0.56864 -1.1605 -7.0071 -7.5144
1.5238 0.9603 0.079574 0.17974 0.19794 0.72306 1.5639 -0.58653 -13.352 -11.085 -13.141
1.5262 0.96004 0.080894 0.18131 0.19727 0.69127 1.5376 -0.61782 5.0886 -6.5873 -8.6275
1.5286 0.95978 0.082179 0.18284 0.19657 0.70338 1.5219 -0.63836 10.876 -7.3417 -13.868
1.531 0.95953 0.083477 0.18435 0.19584 0.72928 1.5044 -0.67138 10.243 -12.843 -5.7615
1.5333 0.95928 0.084808 0.18583 0.19509 0.75367 1.4738 -0.6851 6.1734 -9.7137 -2.9185
1.5357 0.95903 0.086162 0.18727 0.19432 0.76837 1.4507 -0.69205 9.8814 -10.071 5.5534
1.5381 0.95879 0.087529 0.18868 0.19355 0.79189 1.4267 -0.67883 -6.3194 -2.6717 1.1209
1.5405 0.95854 0.088914 0.19005 0.19281 0.77685 1.4203 -0.67616 0.60983 -7.3369 2.3959
1.5429 0.95829 0.090279 0.19142 0.19206 0.7783 1.4029 -0.67045 11.625 -29.049 -3.4813
1.5452 0.95804 0.091641 0.19277 0.19132 0.80598 1.3337 -0.67874 4.8651 -23.966 -4.8046
1.5476 0.9578 0.093019 0.19404 0.19059 0.81756 1.2766 -0.69018 -9.2878 -13.544 -3.6969
1.55 0.95757 0.0944 0.19523 0.18985 0.79545 1.2444 -0.69898 -12.962 -7.934 -3.7784
1.5524 0.95734 0.095751 0.19639 0.18909 0.76458 1.2255 -0.70798 -18.823 -6.2561 -2.2672
1.5548 0.95713 0.097063 0.19753 0.18833 0.71977 1.2106 -0.71338 -8.2232 -10.741 -9.444
1.5571 0.95692 0.098322 0.19867 0.18754 0.70019 1.185 -0.73586 2.6334 -22.814 5.2753
1.5595 0.95672 0.099559 0.19978 0.18673 0.70646 1.1307 -0.7233 -6.725 -18.329 -6.9477
1.5619 0.95652 0.10079 0.20082 0.18594 0.69045 1.0871 -0.73985 2.0977 -31.578 -2.255
1.5643 0.95634 0.10199 0.20182 0.18513 0.69544 1.0119 -0.74522 -1.592 -21.326 -6.3588
1.5667 0.95618 0.10318 0.20272 0.18433 0.69165 0.96112 -0.76036 -5.3573 -20.867 -6.8602
1.569 0.95603 0.10437 0.20357 0.18351 0.67889 0.91143 -0.77669 3.2644 -22.63 2.2004
1.5714 0.95589 0.10553 0.20437 0.18268 0.68667 0.85755 -0.77145 1.0269 -21.721 6.2625
1.5738 0.95576 0.10668 0.20509 0.18186 0.68911 0.80583 -0.75654 10.976 -21.643 7.1839
1.5762 0.95564 0.10782 0.20577 0.18106 0.71525 0.7543 -0.73943 7.7965 -24.445 3.1068
1.5786 0.95552 0.10898 0.20637 0.1803 0.73381 0.6961 -0.73204 -7.6843 -13.263 11.531
1.581 0.95541 0.11014 0.20691 0.17956 0.71551 0.66452 -0.70458 -12.385 -15.856 7.7431
1.5833 0.9553 0.11127 0.20742 0.17885 0.68603 0.62677 -0.68615 -2.8891 -14.429 -4.4943
1.5857 0.9552 0.11236 0.2079 0.17815 0.67915 0.59241 -0.69685 -5.9211 -20.468 7.0262
1.5881 0.95511 0.11343 0.20834 0.17745 0.66505 0.54368 -0.68012 -7.8836 -7.2842 2.6268
1.5905 0.95503 0.11447 0.20872 0.17677 0.64628 0.52634 -0.67386 -17.427 -4.2107 3.5895
1.5929 0.95495 0.11548 0.20909 0.17609 0.60479 0.51631 -0.66532 -13.905 -6.6789 4.2793
1.5952 0.95488 0.11644 0.20946 0.17541 0.57168 0.50041 -0.65513 1.6636 -14.415 4.9649
1.5976 0.95481 0.11736 0.20982 0.17474 0.57564 0.46609 -0.64331 -6.8376 -11.674 1.4984
1.6 0.95475 0.11827 0.21014 0.17409 0.55936 0.43829 -0.63974 -17.511 -5.4216 9.4511
1.6024 0.95469 0.11916 0.21043 0.17344 0.51767 0.42539 -0.61724 -15.107 -15.312 3.0483
1.6048 0.95464 0.11999 0.21072 0.17281 0.4817 0.38893 -0.60998 2.5012 -28.72 -5.1201
1.6071 0.9546 0.12077 0.21098 0.17218 0.48765 0.32055 -0.62217 11.165 -25.88 -2.2914
1.6095 0.95458 0.12154 0.21115 0.17155 0.51424 0.25893 -0.62763 -14.939 -17.613 7.3107
1.6119 0.95456 0.12234 0.21125 0.17093 0.47867 0.21699 -0.61022 -30.779 -7.0859 9.3554
1.6143 0.95456 0.12308 0.21131 0.17032 0.40539 0.20012 -0.58795 -14.399 -6.7877 6.7339
1.6167 0.95457 0.12373 0.21137 0.16973 0.3711 0.18396 -0.57191 -14.095 -21.205 -0.81987
1.619 0.95459 0.12433 0.21142 0.16914 0.33754 0.13347 -0.57386 -16.046 -11.705 1.9031
1.6214 0.95462 0.12489 0.21142 0.16855 0.29934 0.1056 -0.56933 -33.285 -15.215 0.79545
1.6238 0.95466 0.12539 0.21139 0.16797 0.22009 0.069378 -0.56744 -34.902 -15.724 2.9688
1.6262 0.95472 0.1258 0.21134 0.16737 0.13699 0.031941 -0.56037 -7.0686 -2.8752 -2.882
1.6286 0.95481 0.1261 0.21127 0.16676 0.12016 0.025095 -0.56723 5.3727 -17.34 -6.3174
1.631 0.95489 0.12639 0.21119 0.16614 0.13295 -0.01619 -0.58227 -1.9602 -14.449 -3.7256
1.6333 0.95499 0.12668 0.21105 0.16552 0.12828 -0.050593 -0.59114 -9.4491 -15.91 -3.0694
1.6357 0.9551 0.12697 0.21088 0.16488 0.10578 -0.088473 -0.59845 6.4178 -20.308 -2.666
1.6381 0.95523 0.12722 0.21067 0.16424 0.12106 -0.13683 -0.6048 -0.83939 -15.129 4.0752
1.6405 0.95536 0.12748 0.2104 0.16361 0.11906 -0.17285 -0.5951 -13.662 -9.9353 3.2886
1.6429 0.9555 0.12773 0.21009 0.16299 0.086535 -0.1965 -0.58727 -14.248 -13.159 -4.1599
1.6452 0.95565 0.12794 0.20976 0.16237 0.052612 -0.22783 -0.59717 -19.557 -13.492 -0.078455
1.6476 0.95582 0.1281 0.2094 0.16174 0.0060473 -0.25996 -0.59736 -10.675 -11.053 -4.341
1.65 0.95599 0.12821 0.20901 0.1611 -0.019369 -0.28627 -0.60769 -6.032 -20.828 1.2024
1.6524 0.95618 0.12828 0.2086 0.16045 -0.033731 -0.33586 -0.60483 -19.273 -14.031 8.7792
1.6548 0.95639 0.12833 0.20813 0.1598 -0.079619 -0.36927 -0.58393 -14.099 -15.008 8.6824
1.6571 0.9566 0.12831 0.20763 0.15917 -0.11319 -0.405 -0.56326 -15.883 -2.1403 8.1257
1.6595 0.95683 0.12825 0.20711 0.15856 -0.15101 -0.4101 -0.54391 -21.764 -7.1456 -6.2573
1.6619 0.95705 0.12813 0.20659 0.15797 -0.20282 -0.42711 -0.55881 -22.507 2.1219 6.8407
1.6643 0.95729 0.12796 0.20605 0.15735 -0.25641 -0.42206 -0.54252 -32.071 11.68 12.018
1.6667 0.95754 0.12772 0.20554 0.15673 -0.33277 -0.39425 -0.51391 -3.9837 -15.682 -8.2091
1.669 0.95778 0.12739 0.20507 0.15612 -0.34226 -0.43159 -0.53345 9.7412 -19.531 -12.543
1.6714 0.95804 0.12705 0.20456 0.1555 -0.31906 -0.47809 -0.56331 0.93534 -18.242 -12.529
1.6738 0.9583 0.12674 0.20399 0.15485 -0.31684 -0.52152 -0.59315 -0.24345 -13.41 -12.586
1.6762 0.95859 0.12642 0.20336 0.15417 -0.31742 -0.55345 -0.62311 -3.8527 -21.767 -5.8009
1.6786 0.95888 0.12611 0.2027 0.15347 -0.32659 -0.60528 -0.63692 -8.175 -12.488 -2.6992
1.681 0.95919 0.12578 0.20197 0.15276 -0.34605 -0.63501 -0.64335 -9.3897 -11.406 -10.348
1.6833 0.95951 0.12543 0.20121 0.15203 -0.36841 -0.66217 -0.66799 -18.701 -4.544 -4.1177
1.6857 0.95985 0.12504 0.20042 0.15128 -0.41294 -0.67299 -0.67779 -17.035 -13.211 -1.1676
1.6881 0.96019 0.12461 0.19963 0.15051 -0.45349 -0.70444 -0.68057 -4.7394 -21.984 -9.4462
1.6905 0.96055 0.12413 0.1988 0.14973 -0.46478 -0.75678 -0.70306 -11.37 -17.334 -1.1812
1.6929 0.96092 0.12363 0.19791 0.14892 -0.49185 -0.79805 -0.70588 -11.675 -2.0072 2.7209
1.6952 0.9613 0.12309 0.19698 0.14812 -0.51965 -0.80283 -0.6994 -15.22 2.5133 3.6561
1.6976 0.96169 0.12252 0.19605 0.14731 -0.55589 -0.79685 -0.69069 -14.492 4.4865 -5.0725
1.7 0.96208 0.1219 0.19514 0.14651 -0.59039 -0.78617 -0.70277 -32.847 1.8439 1.5749
1.7024 0.96247 0.12125 0.19424 0.14568 -0.6686 -0.78178 -0.69902 -32.973 4.6604 12.14
1.7048 0.96287 0.12051 0.19336 0.14484 -0.7471 -0.77068 -0.67012 4.392 -6.0813 -5.7724
1.7071 0.96327 0.11968 0.19251 0.14401 -0.73665 -0.78516 -0.68386 -7.0482 -0.92147 -2.703
1.7095 0.96367 0.11886 0.19163 0.14317 -0.75343 -0.78735 -0.6903 -9.4139 -0.00096555 -11.836
1.7119 0.96407 0.11802 0.19076 0.14231 -0.77584 -0.78736 -0.71848 -8.5833 -5.3799 -10.043
1.7143 0.96448 0.11715 0.18989 0.14142 -0.79628 -0.80016 -0.74239 1.17 -7.6021 -6.8229
1.7167 0.96489 0.11627 0.189 0.1405 -0.79349 -0.81827 -0.75863 -2.8869 -3.9419 -15.434
1.719 0.96531 0.1154 0.18809 0.13957 -0.80037 -0.82765 -0.79538 -3.5742 -3.9183 -10.53
1.7214 0.96574 0.11452 0.18716 0.13859 -0.80888 -0.83698 -0.82045 -2.6973 -2.4914 -2.3585
1.7238 0.96617 0.11363 0.18622 0.13758 -0.8153 -0.84291 -0.82607 -3.89 2.5717 -3.3283
1.7262 0.9666 0.11274 0.18527 0.13656 -0.82456 -0.83679 -0.83399 -1.1777 -0.62845 -3.8723
1.7286 0.96703 0.11184 0.18433 0.13553 -0.82737 -0.83828 -0.84321 -7.5256 3.401 -11.502
1.731 0.96746 0.11093 0.18339 0.13449 -0.84528 -0.83019 -0.8706 -27.285 2.0257 -11.999
1.7333 0.96789 0.11002 0.18245 0.13341 -0.91025 -0.82536 -0.89917 -13.665 6.3999 -11.04
1.7357 0.96833 0.10903 0.18153 0.13228 -0.94278 -0.81013 -0.92545 2.5328 2.5821 -0.22484
1.7381 0.96877 0.10802 0.18062 0.13112 -0.93675 -0.80398 -0.92599 -7.2158 -0.84169 2.7294
1.7405 0.96921 0.10701 0.17972 0.12995 -0.95393 -0.80598 -0.91949 -15.518 2.703 10.898
1.7429 0.96964 0.10598 0.17882 0.12879 -0.99088 -0.79955 -0.89354 -5.0088 10.187 14.811
1.7452 0.97007 0.10491 0.17794 0.12765 -1.0028 -0.77529 -0.85828 -6.6525 6.0043 -8.0869
1.7476 0.97049 0.10381 0.17708 0.12654 -1.0186 -0.761 -0.87753 -4.8404 -11.685 -2.8908
1.75 0.97091 0.1027 0.17625 0.12541 -1.0302 -0.78882 -0.88441 -4.0346 -2.8255 -11.975
1.7524 0.97133 0.10158 0.17538 0.12426 -1.0398 -0.79554 -0.91293 -12.205 11.518 -9.1685
1.7548 0.97175 0.10045 0.17451 0.12309 -1.0688 -0.76812 -0.93476 -5.8031 -8.9085 -1.0383
1.7571 0.97218 0.099297 0.17366 0.12188 -1.0827 -0.78933 -0.93723 -1.6264 -7.1468 -5.514
1.7595 0.9726 0.098123 0.1728 0.12066 -1.0865 -0.80635 -0.95036 -11.799 -7.5296 -2.3463
1.7619 0.97303 0.096945 0.17191 0.11943 -1.1146 -0.82428 -0.95594 0.678 -8.9186 -4.5591
1.7643 0.97346 0.095732 0.171 0.11819 -1.113 -0.84551 -0.9668 3.2528 -11.811 -6.799
1.7667 0.97389 0.09452 0.17007 0.11694 -1.1053 -0.87363 -0.98299 3.7449 -14.285 -3.0524
1.769 0.97433 0.093315 0.1691 0.11567 -1.0963 -0.90764 -0.99025 6.0932 -13.994 -10.363
1.7714 0.97477 0.092118 0.16808 0.11441 -1.0818 -0.94096 -1.0149 -4.7703 -7.2113 -11.965
1.7738 0.97521 0.090937 0.16703 0.11311 -1.0932 -0.95813 -1.0434 -5.5012 0.54026 -4.6719
1.7762 0.97566 0.089746 0.16595 0.11179 -1.1063 -0.95684 -1.0545 -15.286 9.7729 -2.8026
1.7786 0.9761 0.088542 0.16487 0.11045 -1.1427 -0.93358 -1.0612 -13.392 8.6434 -1.1239
1.781 0.97654 0.0873 0.16382 0.10909 -1.1746 -0.913 -1.0639 -6.7601 -3.3765 -4.7924
1.7833 0.97698 0.086023 0.16281 0.10772 -1.1907 -0.92104 -1.0753 -8.1352 -2.0468 -10.521
1.7857 0.97742 0.084728 0.16178 0.10633 -1.21 -0.92591 -1.1003 -6.4877 -12.669 -7.1729
1.7881 0.97785 0.083415 0.16074 0.10491 -1.2255 -0.95607 -1.1174 -4.8011 1.5526 0.046095
1.7905 0.9783 0.082082 0.15967 0.10347 -1.2369 -0.95238 -1.1173 -5.7703 3.014 -5.4924
1.7929 0.97873 0.080737 0.1586 0.10202 -1.2507 -0.9452 -1.1304 -12.47 -3.7468 -5.5905
1.7952 0.97917 0.079378 0.15754 0.10056 -1.2803 -0.95412 -1.1437 -12.21 -1.8129 -2.1816
1.7976 0.9796 0.077985 0.15648 0.099079 -1.3094 -0.95844 -1.1489 1.7037 -3.7827 1.628
1.8 0.98003 0.076559 0.15541 0.097584 -1.3054 -0.96744 -1.145 6.0057 -10.25 -1.5011
1.8024 0.98046 0.075135 0.15432 0.096094 -1.2911 -0.99185 -1.1486 4.6428 -5.7827 -13.065
1.8048 0.98089 0.073726 0.15321 0.094605 -1.28 -1.0056 -1.1797 4.7477 -3.8634 0.50888
1.8071 0.98131 0.072333 0.15208 0.093082 -1.2687 -1.0148 -1.1785 -4.3921 -0.37954 1.1167
1.8095 0.98173 0.070951 0.15093 0.091562 -1.2792 -1.0157 -1.1758 -11.19 2.0263 2.1537
1.8119 0.98215 0.069557 0.14978 0.090044 -1.3058 -1.0109 -1.1707 3.3908 -4.4859 -2.9952
1.8143 0.98256 0.06813 0.14864 0.088526 -1.2977 -1.0216 -1.1778 -9.2282 4.2846 -0.20439
1.8167 0.98297 0.066713 0.14749 0.087001 -1.3197 -1.0114 -1.1783 -25.774 13.614 4.0626
1.819 0.98337 0.06527 0.14635 0.08547 -1.3811 -0.97896 -1.1687 -18.816 12.684 -3.4237
1.8214 0.98376 0.063757 0.14525 0.083937 -1.4259 -0.94876 -1.1768 -6.3006 -4.1254 -1.2889
1.8238 0.98415 0.062196 0.14419 0.082384 -1.4409 -0.95858 -1.1799 -6.5258 -0.15267 3.2027
1.8262 0.98453 0.060616 0.14312 0.080825 -1.4564 -0.95895 -1.1722 -7.4759 3.4521 2.0639
1.8286 0.98491 0.059016 0.14205 0.079272 -1.4742 -0.95073 -1.1673 -10.919 9.8028 -0.81275
1.831 0.98528 0.057395 0.141 0.077721 -1.5002 -0.92739 -1.1693 -20.036 4.6667 7.2775
1.8333 0.98565 0.055746 0.13997 0.076161 -1.5479 -0.91628 -1.1519 -22.064 12.253 11.188
1.8357 0.986 0.054038 0.13896 0.074612 -1.6004 -0.8871 -1.1253 -18.042 9.872 11.774
1.8381 0.98635 0.052267 0.13798 0.073083 -1.6434 -0.8636 -1.0973 -8.4249 6.4695 5.9665
1.8405 0.98669 0.050442 0.13704 0.071578 -1.6635 -0.84819 -1.0831 -20.993 20.492 2.1852
1.8429 0.98701 0.048592 0.13612 0.070085 -1.7134 -0.7994 -1.0779 -15.646 10.512 4.1557
1.8452 0.98733 0.046687 0.13526 0.068587 -1.7507 -0.77438 -1.068 -7.8788 0.71122 5.8524
1.8476 0.98764 0.044738 0.13444 0.067092 -1.7695 -0.77268 -1.054 -3.174 12.471 2.6615
1.85 0.98793 0.042764 0.13361 0.065611 -1.777 -0.74299 -1.0477 3.6572 0.7799 1.7946
1.8524 0.98822 0.040783 0.13283 0.064134 -1.7683 -0.74113 -1.0434 2.4177 -4.7753 -3.8433
1.8548 0.9885 0.038811 0.13204 0.062662 -1.7625 -0.7525 -1.0526 -10.8 12.974 5.2548
1.8571 0.98878 0.036846 0.13123 0.061181 -1.7883 -0.72161 -1.0401 -11.469 14.312 7.8888
1.8595 0.98904 0.034851 0.13047 0.059709 -1.8156 -0.68754 -1.0213 -2.4863 -0.35732 6.907
1.8619 0.98929 0.032822 0.12975 0.058253 -1.8215 -0.68839 -1.0048 -1.8966 8.764 3.3065
1.8643 0.98953 0.030785 0.12902 0.056815 -1.826 -0.66752 -0.99696 3.6712 -4.9043 -0.64756
1.8667 0.98977 0.028741 0.12832 0.055384 -1.8173 -0.6792 -0.9985 2.4683 4.3644 0.69011
1.869 0.99 0.026708 0.12761 0.053953 -1.8114 -0.66881 -0.99686 -8.0239 11.685 4.6513
1.8714 0.99022 0.024681 0.1269 0.052524 -1.8305 -0.64099 -0.98579 -2.3278 6.204 10.99
1.8738 0.99042 0.022632 0.12623 0.051104 -1.836 -0.62622 -0.95962 -0.409 -0.28641 11.959
1.8762 0.99062 0.020573 0.12558 0.049713 -1.837 -0.6269 -0.93115 8.5143 13.22 6.5072
1.8786 0.99081 0.018509 0.12493 0.048356 -1.8167 -0.59542 -0.91565 21.857 11.207 -9.127
1.881 0.99099 0.016468 0.12431 0.047018 -1.7647 -0.56874 -0.93738 -10.916 22.084 -4.256
1.8833 0.99116 0.014493 0.12372 0.045662 -1.7907 -0.51616 -0.94752 -14.65 10.79 2.3759
1.8857 0.99132 0.012492 0.12319 0.044289 -1.8256 -0.49047 -0.94186 14.195 -9.0175 11.113
1.8881 0.99146 0.010449 0.12269 0.042917 -1.7918 -0.51194 -0.9154 8.3728 -0.19687 9.4156
1.8905 0.9916 0.008442 0.12217 0.041581 -1.7718 -0.51241 -0.89298 -14.223 4.0097 -2.458
1.8929 0.99174 0.0064549 0.12164 0.040275 -1.8057 -0.50286 -0.89883 1.3129 5.5794 9.4432
1.8952 0.99186 0.004429 0.12113 0.038956 -1.8026 -0.48957 -0.87635 7.7638 6.3537 21.377
1.8976 0.99198 0.0024042 0.12063 0.037663 -1.7841 -0.47445 -0.82545 4.3562 6.6635 13.21
1.9 0.99209 0.00039463 0.12014 0.036434 -1.7737 -0.45858 -0.794 13.483 3.0605 8.807
1.9024 0.99219 -0.0016065 0.11968 0.035242 -1.7416 -0.45129 -0.77303 6.0714 3.5521 7.9527
1.9048 0.99228 -0.0035725 0.11922 0.03408 -1.7272 -0.44284 -0.7541 -14.915 24.273 12.051
1.9071 0.99236 -0.0055237 0.11877 0.032942 -1.7627 -0.38504 -0.7254 5.0758 15.343 9.6668
1.9095 0.99243 -0.0075186 0.11839 0.031833 -1.7506 -0.34851 -0.70239 13.242 4.5327 6.7865
1.9119 0.99249 -0.009501 0.11805 0.030754 -1.7191 -0.33772 -0.68623 -14.476 16.627 10.023
1.9143 0.99254 -0.011448 0.11772 0.029697 -1.7535 -0.29813 -0.66236 -16.822 23.095 9.6014
1.9167 0.99258 -0.013438 0.11744 0.028665 -1.7936 -0.24314 -0.6395 -15.801 14.99 17.227
1.919 0.9926 -0.015476 0.11722 0.027655 -1.8312 -0.20745 -0.59849 -12.39 23.295 12.72
1.9214 0.99261 -0.017563 0.11705 0.026688 -1.8607 -0.15199 -0.5682 -20.853 27.722 4.4857
1.9238 0.99261 -0.019687 0.11694 0.025754 -1.9103 -0.085986 -0.55752 -5.8198 19.943 8.8292
1.9262 0.99259 -0.02187 0.11691 0.024827 -1.9242 -0.038503 -0.5365 8.58 5.1059 7.5935
1.9286 0.99256 -0.02407 0.11693 0.023924 -1.9038 -0.026346 -0.51842 12.921 6.898 12.8
1.931 0.99252 -0.026248 0.11697 0.023046 -1.873 -0.0099222 -0.48794 -6.3513 15.431 27.875
1.9333 0.99247 -0.028393 0.11703 0.022208 -1.8881 0.026818 -0.42157 1.4732 11.698 19.995
1.9357 0.99242 -0.030565 0.11712 0.021448 -1.8846 0.054671 -0.37397 -3.023 13.104 5.786
1.9381 0.99235 -0.032738 0.11725 0.020745 -1.8918 0.08587 -0.36019 -6.745 18.469 8.4513
1.9405 0.99227 -0.03492 0.11741 0.020059 -1.9079 0.12985 -0.34007 -5.6374 13.186 0.68853
1.9429 0.99217 -0.037123 0.11762 0.019396 -1.9213 0.16124 -0.33843 -8.9246 18.546 4.6203
1.9452 0.99207 -0.039341 0.11787 0.018734 -1.9425 0.2054 -0.32743 -4.2664 13.49 0.58123
1.9476 0.99196 -0.041585 0.11817 0.018084 -1.9527 0.23751 -0.32604 3.8633 11.002 -4.3806
1.95 0.99183 -0.04384 0.11851 0.017436 -1.9435 0.26371 -0.33647 14.682 -2.5427 0.48647
1.9524 0.9917 -0.046081 0.11888 0.016779 -1.9085 0.25766 -0.33532 12.914 -1.9092 2.5361
1.9548 0.99156 -0.048282 0.11924 0.016127 -1.8778 0.25311 -0.32928 2.0276 17.118 2.2723
1.9571 0.99142 -0.050447 0.11959 0.015486 -1.873 0.29387 -0.32387 13.867 6.8755 2.9941
1.9595 0.99127 -0.052606 0.11999 0.014855 -1.84 0.31024 -0.31674 3.856 8.9831 5.2214
1.9619 0.99111 -0.054726 0.12041 0.014237 -1.8308 0.33163 -0.30431 12.041 6.4395 6.798
1.9643 0.99095 -0.056837 0.12085 0.013638 -1.8021 0.34696 -0.28812 14.469 3.4261 4.9673
1.9667 0.99078 -0.058915 0.12131 0.013062 -1.7677 0.35512 -0.27629 -1.3349 18.397 -1.5199
1.969 0.99061 -0.060955 0.12178 0.012506 -1.7708 0.39892 -0.27991 -3.1616 16.278 -3.3995
1.9714 0.99042 -0.062997 0.12229 0.011948 -1.7784 0.43767 -0.28801 8.2244 1.3374 -5.101
1.9738 0.99023 -0.065045 0.12286 0.011382 -1.7588 0.44086 -0.30015 3.8575 5.461 2.2136
1.9762 0.99003 -0.067068 0.12342 0.010805 -1.7496 0.45386 -0.29488 -11.523 30.226 -2.1453
1.9786 0.98982 -0.069081 0.124 0.010237 -1.777 0.52583 -0.29999 -9.6063 22.755 1.8288
1.981 0.9896 -0.071124 0.12467 0.009664 -1.7999 0.58001 -0.29564 19.286 -1.6775 6.2638
1.9833 0.98936 -0.073194 0.1254 0.0090976 -1.754 0.57601 -0.28072 -0.80223 14.624 2.3262
1.9857 0.98912 -0.075211 0.12612 0.0085553 -1.7559 0.61083 -0.27518 0.83107 11.893 10.049
1.9881 0.98887 -0.077231 0.12688 0.0080223 -1.7539 0.63915 -0.25126 12.038 5.2356 15.164
1.9905 0.98862 -0.079252 0.12767 0.0075203 -1.7253 0.65161 -0.21515 6.6141 9.1762 7.6396
1.9929 0.98835 -0.081244 0.12847 0.0070664 -1.7095 0.67346 -0.19696 12.918 2.2838 -4.7922
1.9952 0.98808 -0.083219 0.1293 0.0066383 -1.6787 0.6789 -0.20837 20.932 2.068 4.8523
1.9976 0.98781 -0.085156 0.13013 0.006202 -1.6289 0.68382 -0.19682 6.8671 21.484 11.988
2 0.98754 -0.087036 0.13097 0.0057875 -1.6126 0.73498 -0.16828 4.4331 20.431 10.271
2.0024 0.98726 -0.0889 0.13186 0.0054144 -1.602 0.78362 -0.14382 12.467 12.475 3.7075
2.0048 0.98697 -0.090755 0.13281 0.0050768 -1.5723 0.81332 -0.13499 22.473 3.0373 2.1054
2.0071 0.98667 -0.092576 0.13379 0.0047575 -1.5188 0.82055 -0.12998 12.679 6.303 6.4318
2.0095 0.98637 -0.094335 0.13477 0.0044533 -1.4886 0.83556 -0.11467 17.247 0.93733 -1.7909
2.0119 0.98606 -0.09606 0.13577 0.0041736 -1.4476 0.83779 -0.11893 4.1909 11.738 5.7199
2.0143 0.98576 -0.097735 0.13678 0.0038959 -1.4376 0.86574 -0.10531 11.188 11.121 1.7739
2.0167 0.98545 -0.099401 0.13781 0.0036389 -1.4109 0.89222 -0.10109 9.591 2.1633 1.868
2.019 0.98514 -0.10104 0.13888 0.0033944 -1.3881 0.89737 -0.096641 -5.9591 11.508 6.7967
2.0214 0.98482 -0.10264 0.13995 0.0031595 -1.4023 0.92477 -0.080458 -1.4162 10.88 16.02
2.0238 0.98449 -0.10427 0.14105 0.0029445 -1.4057 0.95067 -0.042316 5.1325 4.0557 10.415
2.0262 0.98416 -0.10591 0.14217 0.0027769 -1.3935 0.96033 -0.017519 -15.077 26.994 2.1951
2.0286 0.98382 -0.10753 0.1433 0.0026416 -1.4293 1.0246 -0.012293 -4.7249 17.383 2.9463
2.031 0.98346 -0.1092 0.14451 0.0025145 -1.4406 1.066 -0.0052778 17.585 -9.0551 7.3059
2.0333 0.98308 -0.11088 0.14576 0.0023991 -1.3987 1.0444 0.012117 -4.526 8.9791 5.9242
2.0357 0.98272 -0.11252 0.14698 0.0023084 -1.4095 1.0658 0.026222 -19.557 -0.49165 -10.009
2.0381 0.98234 -0.11417 0.14823 0.0022352 -1.4561 1.0646 0.0023913 2.3308 3.7104 5.1786
2.0405 0.98195 -0.11587 0.14948 0.0021258 -1.4505 1.0735 0.014721 12.815 8.8647 15.923
2.0429 0.98156 -0.11757 0.15074 0.0020329 -1.42 1.0946 0.052633 12.056 5.2608 14.01
2.0452 0.98116 -0.11923 0.15201 0.0019928 -1.3913 1.1071 0.085989 17.885 -4.0421 7.4511
2.0476 0.98076 -0.12087 0.15329 0.0019986 -1.3487 1.0975 0.10373 10.764 -5.7511 -9.4598
2.05 0.98036 -0.12246 0.15456 0.0020315 -1.3231 1.0838 0.081207 13.053 -4.6282 -4.9081
2.0524 0.97997 -0.12402 0.15582 0.0020408 -1.292 1.0728 0.069521 17.473 -0.22378 9.388
2.0548 0.97958 -0.12553 0.15706 0.0020407 -1.2504 1.0722 0.091873 11.172 -0.063685 -3.2586
2.0571 0.97919 -0.12701 0.1583 0.0020742 -1.2238 1.0721 0.084115 -0.27264 -0.10369 -20.814
2.0595 0.9788 -0.12845 0.15954 0.0021037 -1.2245 1.0718 0.034558 2.1085 12.573 2.1632
2.0619 0.9784 -0.12988 0.16079 0.0020753 -1.2194 1.1018 0.039709 7.605 0.36222 4.0661
2.0643 0.978 -0.1313 0.16207 0.0020585 -1.2013 1.1026 0.04939 4.4375 7.9865 -1.9293
2.0667 0.9776 -0.13271 0.16335 0.0020566 -1.1908 1.1217 0.044797 2.0746 -0.40484 4.5542
2.069 0.97719 -0.1341 0.16465 0.0020544 -1.1858 1.1207 0.05564 4.4326 -9.2924 2.65
2.0714 0.97678 -0.13549 0.16595 0.0020656 -1.1753 1.0986 0.061949 -7.3165 6.9865 5.4614
2.0738 0.97637 -0.13686 0.16722 0.0020826 -1.1927 1.1152 0.074953 4.0746 3.9471 3.0846
2.0762 0.97595 -0.13826 0.1685 0.002114 -1.183 1.1246 0.082297 -7.0791 -4.1067 6.6623
2.0786 0.97553 -0.13965 0.1698 0.0021574 -1.1998 1.1148 0.098159 -2.9048 1.8399 8.1065
2.081 0.9751 -0.14106 0.17108 0.0022142 -1.2068 1.1192 0.11746 -0.62489 3.5323 3.6875
2.0833 0.97467 -0.14248 0.17236 0.0022927 -1.2083 1.1276 0.12624 -1.0563 0.38574 1.9339
2.0857 0.97423 -0.1439 0.17365 0.0023825 -1.2108 1.1285 0.13084 -6.7212 4.3455 10.284
2.0881 0.97379 -0.14533 0.17494 0.0024773 -1.2268 1.1389 0.15533 1.1072 -5.9541 9.8955
2.0905 0.97334 -0.14678 0.17624 0.0025989 -1.2241 1.1247 0.17889 2.5242 -9.1424 0.34949
2.0929 0.97289 -0.14823 0.17751 0.0027459 -1.2181 1.1029 0.17972 -4.2242 -3.4971 3.0678
2.0952 0.97244 -0.14968 0.17876 0.0028913 -1.2282 1.0946 0.18703 2.1707 -2.0914 9.8117
2.0976 0.97198 -0.15114 0.18 0.0030414 -1.223 1.0896 0.21039 6.0907 -11.225 -4.51
2.1 0.97153 -0.15259 0.18123 0.0032188 -1.2085 1.0629 0.19965 -8.5259 -1.8278 -1.3188
2.1024 0.97107 -0.15403 0.18243 0.0033821 -1.2288 1.0585 0.19651 -6.6312 1.3559 3.0208
2.1048 0.97062 -0.15549 0.18362 0.0035365 -1.2446 1.0618 0.2037 -2.6316 -3.5799 13.008
2.1071 0.97015 -0.15697 0.18481 0.0036964 -1.2509 1.0532 0.23467 0.96879 -6.2406 13.328
2.1095 0.96968 -0.15846 0.18599 0.003889 -1.2486 1.0384 0.26641 7.8487 -5.1632 -0.63605
2.1119 0.96921 -0.15995 0.18714 0.0041159 -1.2299 1.0261 0.26489 5.8887 -10.854 0.38892
2.1143 0.96875 -0.16143 0.18828 0.004343 -1.2158 1.0003 0.26582 9.9921 -17.659 4.0366
2.1167 0.96829 -0.16288 0.18939 0.0045692 -1.1921 0.95821 0.27543 10.721 -14.638 2.0718
2.119 0.96784 -0.16431 0.19045 0.0048037 -1.1665 0.92336 0.28036 4.0108 -5.7184 3.8104
2.1214 0.9674 -0.16571 0.19146 0.0050429 -1.157 0.90974 0.28943 -0.49072 -6.1559 10.889
2.1238 0.96696 -0.16711 0.19246 0.005292 -1.1582 0.89508 0.31536 -5.2613 -6.8951 12.512
2.1262 0.96652 -0.16851 0.19344 0.0055677 -1.1707 0.87867 0.34515 4.3046 -8.2463 2.3572
2.1286 0.96608 -0.16993 0.19438 0.0058715 -1.1604 0.85903 0.35076 7.0913 -12.689 2.8307
2.131 0.96564 -0.17134 0.19531 0.0061801 -1.1435 0.82882 0.3575 -11.022 2.3885 -0.12709
2.1333 0.96521 -0.17273 0.1962 0.0064943 -1.1698 0.83451 0.3572 -18.948 8.6832 -6.6253
2.1357 0.96477 -0.17415 0.19709 0.0068031 -1.2149 0.85518 0.34142 2.647 -1.8879 1.2436
2.1381 0.96431 -0.17562 0.19801 0.0070875 -1.2086 0.85069 0.34439 8.8218 -10.884 0.19148
2.1405 0.96386 -0.17708 0.19893 0.0073757 -1.1876 0.82477 0.34484 -7.0216 1.7338 2.9722
2.1429 0.9634 -0.17852 0.19981 0.007664 -1.2043 0.8289 0.35192 2.6558 -6.0899 9.4058
2.1452 0.96295 -0.17997 0.2007 0.0079573 -1.198 0.8144 0.37431 8.5017 -15.595 8.5778
2.1476 0.96249 -0.18143 0.20156 0.0082747 -1.1777 0.77727 0.39474 -2.4433 -6.3641 0.15878
2.15 0.96204 -0.18286 0.20238 0.0086122 -1.1836 0.76212 0.39511 -4.0192 1.186 3.4138
2.1524 0.9616 -0.18431 0.20318 0.0089455 -1.1931 0.76494 0.40324 18.761 -16.483 -0.74057
2.1548 0.96115 -0.18576 0.20398 0.0092864 -1.1485 0.7257 0.40148 12.531 -13.276 -3.3297
2.1571 0.96071 -0.18716 0.20473 0.0096273 -1.1186 0.69409 0.39355 13.515 -13.449 4.5223
2.1595 0.96028 -0.18853 0.20545 0.0099594 -1.0864 0.66207 0.40432 1.0902 -1.5913 2.7151
2.1619 0.95987 -0.18986 0.20613 0.010304 -1.0839 0.65828 0.41078 -2.3489 11.569 -3.2032
2.1643 0.95946 -0.1912 0.2068 0.010657 -1.0894 0.68582 0.40316 10.174 -3.2617 8.0369
2.1667 0.95904 -0.19253 0.20751 0.011005 -1.0652 0.67806 0.42229 4.4801 -2.9106 6.8307
2.169 0.95862 -0.19384 0.2082 0.011379 -1.0546 0.67113 0.43856 5.8955 -11.589 1.4711
2.1714 0.9582 -0.19514 0.20888 0.011773 -1.0405 0.64353 0.44206 1.2389 -5.9446 0.77759
2.1738 0.95779 -0.19643 0.20952 0.012168 -1.0376 0.62938 0.44391 4.4019 4.3382 -3.7247
2.1762 0.95739 -0.19772 0.21015 0.012563 -1.0271 0.63971 0.43504 21.002 -4.7076 -12.971
2.1786 0.95698 -0.19899 0.21079 0.012952 -0.97708 0.6285 0.40416 0.48693 -1.3881 3.1351
2.181 0.95658 -0.20019 0.21143 0.013317 -0.97592 0.6252 0.41162 -5.4567 4.4883 13.948
2.1833 0.95618 -0.2014 0.21206 0.013689 -0.98892 0.63588 0.44483 6.5315 -5.2096 12.291
2.1857 0.95578 -0.20262 0.21269 0.014098 -0.97336 0.62348 0.47409 4.5413 -6.108 8.8445
2.1881 0.95537 -0.20384 0.2133 0.014541 -0.96255 0.60894 0.49515 2.4014 -11.945 8.5833
2.1905 0.95498 -0.20505 0.21389 0.015008 -0.95683 0.58049 0.51559 7.5746 -23.863 16.372
2.1929 0.95459 -0.20626 0.21444 0.015492 -0.9388 0.52368 0.55457 8.6066 -9.8075 0.085763
2.1952 0.95421 -0.20746 0.21492 0.016011 -0.91831 0.50033 0.55477 21.732 -15.723 -4.3482
2.1976 0.95384 -0.20863 0.21536 0.01653 -0.86656 0.46289 0.54442 14.948 -12.731 -4.5769
2.2 0.9535 -0.20975 0.21577 0.017041 -0.83097 0.43258 0.53352 10.502 -8.5107 -2.3503
2.2024 0.95317 -0.21082 0.21615 0.017541 -0.80597 0.41232 0.52793 19.192 -15.57 0.61385
2.2048 0.95285 -0.21186 0.2165 0.018036 -0.76027 0.37525 0.52939 5.9056 -3.6748 -0.26788
2.2071 0.95255 -0.21285 0.21681 0.018535 -0.74621 0.3665 0.52875 -4.1573 0.63919 7.0478
2.2095 0.95225 -0.21382 0.2171 0.019035 -0.75611 0.36802 0.54553 -1.4414 0.18897 9.5444
2.2119 0.95195 -0.21481 0.2174 0.019552 -0.75954 0.36847 0.56826 -0.026407 -2.9343 10.794
2.2143 0.95165 -0.21581 0.21769 0.020093 -0.7596 0.36148 0.59396 4.6379 -4.9751 7.2266
2.2167 0.95134 -0.21682 0.21796 0.020662 -0.74856 0.34964 0.61116 14.278 -15.666 -2.1115
2.219 0.95104 -0.21782 0.21822 0.02125 -0.71457 0.31234 0.60614 13.825 -9.2686 -2.6622
2.2214 0.95076 -0.21877 0.21844 0.021832 -0.68165 0.29027 0.5998 2.5363 -0.75579 -3.0064
2.2238 0.95049 -0.21969 0.21863 0.022409 -0.67561 0.28847 0.59264 4.9982 -2.3432 3.2432
2.2262 0.95022 -0.22061 0.21881 0.022979 -0.66371 0.28289 0.60036 9.2187 -10.486 7.9043
2.2286 0.94996 -0.2215 0.219 0.02356 -0.64176 0.25792 0.61918 7.113 -11.008 2.7762
2.231 0.9497 -0.22238 0.21914 0.024161 -0.62482 0.23171 0.62579 2.7456 -10.579 -3.418
2.2333 0.94946 -0.22325 0.21926 0.024767 -0.61829 0.20653 0.61765 4.8048 -12.716 -2.1697
2.2357 0.94922 -0.2241 0.21934 0.025358 -0.60685 0.17625 0.61249 6.3767 -7.2061 4.5271
2.2381 0.949 -0.22494 0.2194 0.025939 -0.59166 0.15909 0.62327 7.0712 -10.344 -0.077238
2.2405 0.94878 -0.22577 0.21943 0.026531 -0.57483 0.13447 0.62308 7.422 -8.9811 -5.5519
2.2429 0.94857 -0.22658 0.21943 0.027121 -0.55716 0.11308 0.60986 -2.0446 -2.0824 -3.7922
2.2452 0.94837 -0.22736 0.21941 0.027695 -0.56202 0.10812 0.60083 9.9197 -12.031 -3.6758
2.2476 0.94817 -0.22815 0.21939 0.028255 -0.53841 0.07948 0.59208 5.5227 -10.269 0.29069
2.25 0.94798 -0.22891 0.21934 0.028805 -0.52526 0.055028 0.59277 0.31303 -4.1916 3.143
2.2524 0.9478 -0.22965 0.21925 0.029351 -0.52451 0.045048 0.60026 -1.7291 -0.19716 -1.4794
2.2548 0.94762 -0.2304 0.21916 0.029904 -0.52863 0.044579 0.59673 5.7498 -7.7117 1.2617
2.2571 0.94745 -0.23115 0.21906 0.030452 -0.51494 0.026218 0.59974 19.581 -20.442 4.9805
2.2595 0.94727 -0.23189 0.21895 0.031001 -0.46832 -0.022454 0.6116 9.9501 -9.6655 -0.60949
2.2619 0.94713 -0.23257 0.21877 0.031562 -0.44463 -0.045467 0.61015 5.0837 -0.65954 3.9626
2.2643 0.94699 -0.23324 0.21857 0.032122 -0.43252 -0.047037 0.61958 3.5762 -2.2928 7.1755
2.2667 0.94686 -0.23389 0.21836 0.032695 -0.42401 -0.052496 0.63667 13.16 -7.2673 5.3803
2.269 0.94673 -0.23453 0.21814 0.033288 -0.39267 -0.069799 0.64948 9.8965 -1.1251 3.9314
2.2714 0.94661 -0.23515 0.21789 0.033898 -0.36911 -0.072478 0.65884 -42.146 24.873 -2.1431
2.2738 0.9465 -0.23574 0.21764 0.034525 -0.46946 -0.013257 0.65373 -2.6578 -4.8056 4.4601
2.2762 0.94635 -0.23643 0.21746 0.035136 -0.47579 -0.024699 0.66435 21.731 -23.553 4.5677
2.2786 0.94619 -0.23714 0.21727 0.035754 -0.42405 -0.080778 0.67523 11.628 -17.155 4.8562
2.281 0.94606 -0.2378 0.21701 0.036382 -0.39636 -0.12162 0.68679 14.077 -14.205 10.18
2.2833 0.94595 -0.23843 0.21669 0.037019 -0.36284 -0.15544 0.71103 8.3433 -9.8273 8.7724
2.2857 0.94586 -0.23903 0.21633 0.037682 -0.34298 -0.17884 0.73191 -10.681 7.1688 0.65802
2.2881 0.94577 -0.23961 0.21594 0.038367 -0.36841 -0.16177 0.73348 0.5429 -1.0877 -3.5018
2.2905 0.94568 -0.24022 0.21556 0.039052 -0.36712 -0.16436 0.72514 12.495 -11.697 5.0752
2.2929 0.94558 -0.24083 0.21519 0.039727 -0.33737 -0.19221 0.73723 6.8905 -7.503 8.213
2.2952 0.9455 -0.24141 0.21477 0.040415 -0.32096 -0.21008 0.75678 -0.76957 -3.8215 0.047865
2.2976 0.94542 -0.24197 0.21433 0.041125 -0.32279 -0.21918 0.7569 0.76414 -6.8106 1.2984
2.3 0.94535 -0.24254 0.21389 0.041831 -0.32097 -0.23539 0.75999 12.472 -15.787 0.54297
2.3024 0.94527 -0.2431 0.21342 0.042537 -0.29128 -0.27298 0.76128 12.778 -14.386 -2.3218
2.3048 0.94522 -0.24364 0.2129 0.04324 -0.26085 -0.30724 0.75575 5.1998 -4.7254 -5.2526
2.3071 0.94518 -0.24414 0.21235 0.043935 -0.24847 -0.31849 0.74325 5.0643 -2.8568 -5.9031
2.3095 0.94515 -0.24462 0.21179 0.044616 -0.23642 -0.32529 0.72919 9.8955 -7.2996 -3.5077
2.3119 0.94513 -0.24509 0.21123 0.045282 -0.21286 -0.34267 0.72084 1.7222 -4.2928 -0.30299
2.3143 0.94511 -0.24553 0.21064 0.04594 -0.20875 -0.35289 0.72012 4.6179 -4.1503 1.6253
2.3167 0.9451 -0.24596 0.21004 0.046595 -0.19776 -0.36277 0.72399 4.4879 0.28277 -2.0312
2.319 0.94509 -0.24639 0.20944 0.047254 -0.18707 -0.3621 0.71915 1.9928 1.9561 0.11547
2.3214 0.94509 -0.2468 0.20883 0.04791 -0.18233 -0.35744 0.71943 3.2843 -3.0751 7.5667
2.3238 0.94508 -0.2472 0.20822 0.048569 -0.17451 -0.36476 0.73744 -14.348 10.894 6.3227
2.3262 0.94508 -0.2476 0.20761 0.049248 -0.20867 -0.33882 0.7525 6.3042 3.5602 5.6393
2.3286 0.94505 -0.24804 0.20702 0.049943 -0.19366 -0.33035 0.76592 -13.718 11.978 -4.3941
2.331 0.94503 -0.24847 0.20643 0.050659 -0.22632 -0.30183 0.75546 -25.232 17.901 -6.8182
2.3333 0.94499 -0.24893 0.20588 0.051364 -0.2864 -0.25921 0.73923 4.8478 6.5418 4.4323
2.3357 0.94493 -0.24945 0.20539 0.052049 -0.27486 -0.24363 0.74978 5.644 8.0715 3.0783
2.3381 0.94486 -0.24995 0.20491 0.052753 -0.26142 -0.22441 0.75711 4.8145 5.1701 -1.5095
2.3405 0.94479 -0.25045 0.20445 0.053474 -0.24996 -0.2121 0.75352 -0.85994 9.3588 -3.6834
2.3429 0.94471 -0.25092 0.204 0.054197 -0.252 -0.18982 0.74475 -11.663 18.514 -3.6775
2.3452 0.94464 -0.2514 0.20358 0.054917 -0.27977 -0.14574 0.73599 -10.887 18.705 -1.829
2.3476 0.94454 -0.2519 0.20321 0.055633 -0.30569 -0.1012 0.73164 -1.0698 9.498 -0.39188
2.35 0.94442 -0.25243 0.2029 0.056352 -0.30824 -0.078589 0.7307 6.4227 1.7831 3.3599
2.3524 0.9443 -0.25296 0.20261 0.057075 -0.29295 -0.074344 0.7387 12.522 -3.9094 3.2013
2.3548 0.94418 -0.25347 0.20233 0.057812 -0.26313 -0.083652 0.74632 6.4192 5.5852 -0.51479
2.3571 0.94407 -0.25395 0.20202 0.058563 -0.24785 -0.070354 0.7451 -8.5462 19.338 -3.5303
2.3595 0.94396 -0.25441 0.20174 0.059319 -0.2682 -0.024312 0.73669 -11.144 22.069 -3.7252
2.3619 0.94383 -0.25489 0.20151 0.060075 -0.29473 0.028233 0.72782 0.038888 14.591 0.24394
2.3643 0.94368 -0.2554 0.20134 0.060831 -0.29464 0.062973 0.7284 1.0653 4.5988 2.3841
2.3667 0.94352 -0.2559 0.20121 0.061598 -0.2921 0.073923 0.73408 10.041 21.714 -5.4052
2.369 0.94336 -0.2564 0.20109 0.062375 -0.2682 0.12562 0.72121 1.9483 28.009 -5.4211
2.3714 0.9432 -0.25686 0.20103 0.063159 -0.26356 0.19231 0.7083 -3.8561 14.104 -0.67431
2.3738 0.94302 -0.25731 0.20105 0.06395 -0.27274 0.22589 0.7067 9.9132 13.592 -0.65391
2.3762 0.94282 -0.25777 0.20111 0.064747 -0.24914 0.25825 0.70514 -3.489 22.745 6.299
2.3786 0.94263 -0.2582 0.2012 0.065558 -0.25744 0.31241 0.72014 -4.6729 6.1932 1.5724
2.381 0.94242 -0.25864 0.20135 0.066401 -0.26857 0.32715 0.72388 -12.902 13.645 -5.1383
2.3833 0.9422 -0.25908 0.20151 0.067249 -0.29929 0.35964 0.71165 -7.2534 17.789 -3.5364
2.3857 0.94197 -0.25956 0.20172 0.068086 -0.31656 0.402 0.70323 13.103 -1.4568 0.049607
2.3881 0.94171 -0.26005 0.20198 0.068923 -0.28536 0.39853 0.70335 6.98 -0.28879 -3.9261
2.3905 0.94147 -0.26051 0.20223 0.069766 -0.26874 0.39784 0.694 11.641 1.1161 -1.4985
2.3929 0.94123 -0.26094 0.20249 0.070603 -0.24103 0.4005 0.69043 6.3169 9.9138 -3.3466
2.3952 0.941 -0.26135 0.20274 0.071443 -0.22599 0.4241 0.68246 -0.36802 10.047 -6.0304
2.3976 0.94077 -0.26173 0.20302 0.072285 -0.22686 0.44802 0.66811 4.1791 2.155 -5.2486
2.4 0.94054 -0.26211 0.20334 0.073118 -0.21691 0.45315 0.65561 4.6536 4.3163 -7.8744
2.4024 0.9403 -0.26247 0.20366 0.073941 -0.20583 0.46343 0.63686 -12.554 19.193 -8.4047
2.4048 0.94007 -0.26281 0.20399 0.074748 -0.23572 0.50913 0.61685 -19.353 19.856 -15.198
2.4071 0.93982 -0.26318 0.20439 0.075541 -0.2818 0.5564 0.58066 -19.342 18.917 -9.9643
2.4095 0.93954 -0.26359 0.20486 0.076296 -0.32785 0.60144 0.55694 -10.351 16.943 -1.8347
2.4119 0.93924 -0.26403 0.20539 0.077028 -0.3525 0.64178 0.55257 -0.79562 12.631 -5.6107
2.4143 0.93892 -0.2645 0.20596 0.077761 -0.35439 0.67186 0.53921 -7.3041 16.293 -11.261
2.4167 0.93859 -0.26497 0.20658 0.078488 -0.37178 0.71065 0.5124 -11.595 19.59 -1.1225
2.419 0.93825 -0.26545 0.20724 0.079194 -0.39939 0.75729 0.50973 -16.292 22.751 -9.561
2.4214 0.93789 -0.26595 0.20796 0.079904 -0.43818 0.81146 0.48696 -5.7013 11.151 -14.12
2.4238 0.9375 -0.26648 0.20876 0.080596 -0.45175 0.83801 0.45334 3.0662 3.1561 -3.6918
2.4262 0.93711 -0.26701 0.20959 0.081255 -0.44445 0.84552 0.44455 -3.3437 9.0145 0.01426
2.4286 0.93671 -0.26754 0.21044 0.081909 -0.45242 0.86699 0.44459 2.5124 0.21498 -3.7
2.431 0.93631 -0.26807 0.21131 0.082568 -0.44643 0.8675 0.43578 -1.9843 9.1425 -5.6999
2.4333 0.9359 -0.26859 0.21218 0.083218 -0.45116 0.88927 0.42221 -6.3642 17.696 -2.6541
2.4357 0.93549 -0.26911 0.21308 0.083858 -0.46631 0.9314 0.41589 -4.3275 11.426 -2.3879
2.4381 0.93506 -0.26964 0.21403 0.084502 -0.47661 0.95861 0.4102 -0.61541 0.42293 -7.1566
2.4405 0.93462 -0.27018 0.21501 0.085145 -0.47808 0.95961 0.39316 2.4794 5.577 -5.5261
