0 0.84568 0.5117 0.064611 -0.13716 0.019285 0.017261 0.10549 9.371 -5.1066 -1.6466
0.002381 0.84568 0.51171 0.064696 -0.13706 0.041597 0.0051025 0.10157 2.2885 5.3039 3.4454
0.0047619 0.84568 0.51174 0.06477 -0.13696 0.047046 0.017731 0.10977 1.3499 -11.822 -2.3749
0.0071429 0.84566 0.51178 0.064862 -0.13686 0.05026 -0.010416 0.10412 5.6878 2.1359 4.0177
0.0095238 0.84565 0.51182 0.064923 -0.13674 0.063802 -0.0053304 0.11368 0.4993 4.3595 -0.25494
0.011905 0.84563 0.51188 0.064997 -0.13662 0.064991 0.0050493 0.11308 -4.8108 7.2762 1.5145
0.014286 0.84561 0.51193 0.065082 -0.1365 0.053536 0.022374 0.11668 -5.7075 0.5411 5.3369
0.016667 0.84559 0.51198 0.065184 -0.1364 0.039947 0.023662 0.12939 3.3218 -0.60268 6.5755
0.019048 0.84559 0.512 0.065293 -0.13628 0.047856 0.022227 0.14504 6.883 0.27968 4.7197
0.021429 0.84558 0.51204 0.065412 -0.13614 0.064244 0.022893 0.15628 13.277 -8.4598 2.745
0.02381 0.84557 0.51208 0.065541 -0.13599 0.095856 0.0027505 0.16282 2.9296 0.10681 0.68353
0.02619 0.84553 0.51217 0.065658 -0.13582 0.10283 0.0030048 0.16444 -1.1096 2.5646 1.4932
0.028571 0.8455 0.51226 0.065778 -0.13565 0.10019 0.009111 0.168 -2.6887 -2.3106 10.031
0.030952 0.84546 0.51234 0.065906 -0.13548 0.093788 0.0036095 0.19188 -13.254 3.4877 15.315
0.033333 0.84544 0.51242 0.066042 -0.13528 0.062232 0.011914 0.22835 11.721 -5.235 16.347
0.035714 0.84543 0.51247 0.066203 -0.13505 0.090139 -0.00055068 0.26727 5.8402 -1.0769 16.607
0.038095 0.84542 0.51253 0.06638 -0.13478 0.10404 -0.0031148 0.30681 6.9896 -2.8382 9.0536
0.040476 0.84541 0.51262 0.066581 -0.13446 0.12069 -0.0098723 0.32836 5.3961 -0.05426 13.754
0.042857 0.84539 0.51271 0.066791 -0.13411 0.13353 -0.010002 0.36111 5.967 2.874 12.906
0.045238 0.84536 0.51282 0.067022 -0.13373 0.14774 -0.0031587 0.39184 -2.1871 10.858 13.388
0.047619 0.84534 0.51294 0.067282 -0.13332 0.14253 0.022694 0.42372 7.9073 0.6928 9.7848
0.05 0.84531 0.51304 0.067586 -0.1329 0.16136 0.024344 0.44702 9.1704 -3.8185 6.8827
0.052381 0.84528 0.51317 0.067909 -0.13245 0.18319 0.015252 0.4634 -20.986 46.383 17.826
0.054762 0.84524 0.51331 0.068236 -0.13198 0.13323 0.12569 0.50584 5.9625 -5.7371 11.406
0.057143 0.84523 0.51338 0.068693 -0.13154 0.14742 0.11203 0.533 -1.3258 -2.2166 9.7214
0.059524 0.84522 0.51347 0.069154 -0.13106 0.14427 0.10675 0.55615 -2.8149 6.1492 9.4848
0.061905 0.84521 0.51355 0.069624 -0.13055 0.13757 0.12139 0.57873 3.2425 -2.7004 7.2879
0.064286 0.8452 0.51362 0.070122 -0.13003 0.14529 0.11496 0.59608 -6.7748 7.831 10.749
0.066667 0.84519 0.5137 0.070624 -0.12949 0.12915 0.13361 0.62168 -10.457 11.671 13.438
0.069048 0.8452 0.51376 0.071159 -0.12894 0.10426 0.1614 0.65367 -6.8583 3.9556 16.634
0.071429 0.84522 0.51378 0.071737 -0.12837 0.087928 0.17081 0.69327 8.8878 -9.301 7.5213
0.07381 0.84526 0.51379 0.072346 -0.12777 0.10909 0.14867 0.71118 18.756 -12.954 -0.086062
0.07619 0.84529 0.51381 0.072947 -0.12713 0.15375 0.11782 0.71098 4.5403 0.22976 9.816
0.078571 0.84529 0.51389 0.073524 -0.12648 0.16456 0.11837 0.73435 -4.5244 1.1175 1.5643
0.080952 0.84529 0.51397 0.074117 -0.12579 0.15379 0.12103 0.73807 12.859 -15.879 -3.1674
0.083333 0.8453 0.51404 0.074714 -0.12511 0.1844 0.083224 0.73053 3.4614 -11.657 0.38639
0.085714 0.84528 0.51415 0.075272 -0.12441 0.19264 0.055471 0.73145 0.19283 3.1866 5.6697
0.088095 0.84527 0.51427 0.075804 -0.12369 0.1931 0.063058 0.74495 -1.5148 3.5088 18.636
0.090476 0.84525 0.51439 0.076352 -0.12296 0.1895 0.071412 0.78932 -10 6.0376 8.7262
0.092857 0.84525 0.5145 0.076935 -0.1222 0.16569 0.085788 0.8101 -5.3477 7.0949 0.4157
0.095238 0.84526 0.51458 0.077541 -0.12142 0.15295 0.10268 0.81109 -0.020639 7.9421 6.5935
0.097619 0.84527 0.51464 0.078164 -0.12065 0.1529 0.12159 0.82679 1.4855 2.5953 0.28277
0.1 0.84528 0.5147 0.078814 -0.11988 0.15644 0.12777 0.82746 -1.5743 3.364 1.2363
0.10238 0.84529 0.51476 0.079472 -0.11911 0.15269 0.13578 0.83041 -6.3157 8.3376 1.818
0.10476 0.8453 0.51482 0.080139 -0.11834 0.13766 0.15563 0.83473 5.9131 -5.3894 -3.1775
0.10714 0.84532 0.51485 0.080827 -0.11759 0.15173 0.1428 0.82717 2.5883 -3.3664 2.1824
0.10952 0.84533 0.51491 0.081499 -0.11683 0.1579 0.13478 0.83236 6.6061 -7.0305 -2.1326
0.1119 0.84533 0.51497 0.082167 -0.11606 0.17363 0.11804 0.82729 17.85 -10.09 -6.9683
0.11429 0.84533 0.51504 0.082817 -0.11528 0.21612 0.09402 0.8107 -1.008 3.4237 -4.5691
0.11667 0.8453 0.51517 0.083438 -0.1145 0.21372 0.10217 0.79982 -0.66043 5.7395 -4.1369
0.11905 0.84527 0.51529 0.08406 -0.11373 0.21215 0.11584 0.78997 12.427 -5.6777 -6.9127
0.12143 0.84523 0.51541 0.08469 -0.11299 0.24174 0.10232 0.77351 4.9452 -1.2594 -4.4738
0.12381 0.84518 0.51556 0.0853 -0.11225 0.25351 0.099321 0.76286 -6.8618 14.131 3.6388
0.12619 0.84511 0.51572 0.085902 -0.11152 0.23718 0.13297 0.77152 0.48818 10.881 2.8242
0.12857 0.84506 0.51586 0.086541 -0.1108 0.23834 0.15887 0.77824 -4.1771 1.2047 -3.9309
0.13095 0.84499 0.516 0.08721 -0.11009 0.22839 0.16174 0.76889 -5.0658 -0.9629 6.8578
0.13333 0.84494 0.51613 0.087875 -0.10939 0.21633 0.15945 0.78521 -13.24 14.033 -2.4906
0.13571 0.84489 0.51625 0.088546 -0.10868 0.18481 0.19286 0.77928 7.5751 -3.5793 -4.6124
0.1381 0.84486 0.51632 0.089243 -0.10799 0.20284 0.18434 0.7683 -9.235 7.5377 -0.077048
0.14048 0.84481 0.51642 0.089927 -0.10731 0.18085 0.20229 0.76812 -1.2702 3.6281 -1.71
0.14286 0.84478 0.5165 0.090625 -0.10664 0.17783 0.21093 0.76405 -8.2009 -0.67204 -4.6986
0.14524 0.84474 0.51657 0.09133 -0.10598 0.1583 0.20933 0.75286 -1.0073 -1.2496 -4.4643
0.14762 0.84472 0.51662 0.092023 -0.10534 0.15591 0.20635 0.74223 2.8939 2.1004 -2.8493
0.15 0.84469 0.51667 0.092707 -0.1047 0.1628 0.21135 0.73545 0.37192 -4.0212 -5.1814
0.15238 0.84466 0.51672 0.093392 -0.10407 0.16368 0.20178 0.72311 -8.1951 3.9026 -3.7522
0.15476 0.84462 0.51678 0.09406 -0.10345 0.14417 0.21107 0.71418 1.2151 -6.3008 -7.2784
0.15714 0.8446 0.51682 0.094729 -0.10285 0.14706 0.19607 0.69685 7.4925 -13.553 -14.861
0.15952 0.84457 0.51686 0.095373 -0.10225 0.1649 0.1638 0.66146 4.1452 -7.0058 -12.488
0.1619 0.84453 0.51693 0.095965 -0.10167 0.17477 0.14712 0.63173 8.1006 -9.4538 -10.066
0.16429 0.84448 0.51702 0.096523 -0.1011 0.19406 0.12461 0.60776 5.1427 -1.761 -7.6542
0.16667 0.84442 0.51713 0.097045 -0.10055 0.2063 0.12042 0.58954 3.8459 -6.3832 -10.77
0.16905 0.84435 0.51726 0.097554 -0.10001 0.21546 0.10522 0.5639 1.5516 -0.13892 -9.894
0.17143 0.84427 0.51739 0.098032 -0.099479 0.21915 0.10489 0.54034 -11.883 9.0927 -6.102
0.17381 0.84419 0.51754 0.098497 -0.098975 0.19086 0.12654 0.52581 -7.1741 -1.3246 -11.502
0.17619 0.84412 0.51765 0.09897 -0.098502 0.17378 0.12338 0.49842 -4.4207 -1.9646 -2.4578
0.17857 0.84406 0.51775 0.099422 -0.098057 0.16326 0.1187 0.49257 -9.2987 6.0731 -4.4564
0.18095 0.844 0.51785 0.099864 -0.097615 0.14112 0.13316 0.48196 1.0011 -4.7555 -9.6188
0.18333 0.84395 0.51792 0.10031 -0.097196 0.1435 0.12184 0.45906 -7.2948 17.861 -24.148
0.18571 0.8439 0.51799 0.10073 -0.096793 0.12613 0.16437 0.40156 -3.8422 -0.77426 -15.352
0.1881 0.84385 0.51805 0.10116 -0.096476 0.11698 0.16252 0.36501 2.6912 -8.6439 -11.318
0.19048 0.8438 0.5181 0.10156 -0.096195 0.12339 0.14194 0.33806 6.1456 -20.326 -7.0256
0.19286 0.84375 0.51817 0.10193 -0.095928 0.13802 0.093549 0.32134 -3.9213 5.9687 -6.371
0.19524 0.84369 0.51826 0.10224 -0.095647 0.12869 0.10776 0.30617 -3.8784 4.8753 -14.065
0.19762 0.84363 0.51834 0.10255 -0.09539 0.11945 0.11937 0.27268 3.1651 -7.649 -14.184
0.2 0.84357 0.51841 0.10285 -0.095175 0.12699 0.10116 0.23891 -0.15502 -3.2869 -15.969
0.20238 0.84351 0.5185 0.10311 -0.094982 0.12662 0.09333 0.20089 3.1616 -9.9179 -10.615
0.20476 0.84344 0.51859 0.10334 -0.094822 0.13415 0.069716 0.17561 8.8022 -12.428 -8.9736
0.20714 0.84337 0.5187 0.10354 -0.094673 0.1551 0.040126 0.15425 -4.0988 -1.4795 -18.195
0.20952 0.84329 0.51883 0.10369 -0.094523 0.14535 0.036603 0.11092 -3.8537 -1.7197 -9.2431
0.2119 0.8432 0.51896 0.10381 -0.094417 0.13617 0.032509 0.088917 -1.8036 -4.3902 -0.94714
0.21429 0.84313 0.51908 0.10392 -0.094331 0.13188 0.022056 0.086662 -8.7633 10.452 -11.553
0.21667 0.84305 0.5192 0.10401 -0.094241 0.11101 0.046942 0.059154 -4.2824 8.3301 -6.1652
0.21905 0.84298 0.5193 0.1041 -0.094197 0.10081 0.066776 0.044475 -17.466 14.8 -2.7641
0.22143 0.84292 0.51939 0.10421 -0.094181 0.059228 0.10201 0.037894 -3.6275 -9.1788 -11.525
0.22381 0.84287 0.51943 0.10434 -0.094199 0.050591 0.08016 0.010453 -4.1255 -3.3807 -16.746
0.22619 0.84283 0.51947 0.10443 -0.094232 0.040769 0.072111 -0.029418 4.9797 -11.654 -19.794
0.22857 0.84279 0.51951 0.10449 -0.094301 0.052625 0.044365 -0.076546 3.4652 -5.3348 -16.391
0.23095 0.84275 0.51956 0.10449 -0.094398 0.060875 0.031663 -0.11557 3.1178 -6.7626 -22.844
0.23333 0.84269 0.51964 0.10446 -0.094526 0.068299 0.015561 -0.16996 -1.1062 -5.63 -15.796
0.23571 0.84263 0.51972 0.10438 -0.094698 0.065665 0.0021564 -0.20757 -9.2276 -2.8998 -10.75
0.2381 0.84257 0.51981 0.10426 -0.094899 0.043695 -0.0047478 -0.23317 -10.801 -1.4965 -14.946
0.24048 0.84251 0.51989 0.10412 -0.095125 0.017977 -0.0083108 -0.26876 10.663 -10.046 -18.408
0.24286 0.84247 0.51994 0.10394 -0.095387 0.043366 -0.032229 -0.31258 -6.4974 -10.156 0.64523
0.24524 0.84241 0.52003 0.10372 -0.095675 0.027896 -0.056411 -0.31105 -10.464 2.5158 -1.14
0.24762 0.84237 0.5201 0.10348 -0.095949 0.0029822 -0.05042 -0.31376 -2.6416 0.9059 -16.825
0.25 0.84234 0.52015 0.10323 -0.096232 -0.0033073 -0.048264 -0.35382 -0.27519 -3.1616 -14.168
0.25238 0.8423 0.52019 0.10296 -0.096557 -0.0039625 -0.055791 -0.38755 -9.5459 9.2059 -13.513
0.25476 0.84227 0.52024 0.10267 -0.096912 -0.026691 -0.033872 -0.41973 -19.999 14.958 -14.642
0.25714 0.84224 0.52027 0.10237 -0.097315 -0.074307 0.0017417 -0.45459 7.8401 -3.1446 -15.553
0.25952 0.84223 0.52025 0.10208 -0.097781 -0.05564 -0.0057455 -0.49162 3.9255 -11.849 -19.315
0.2619 0.84221 0.52025 0.10177 -0.098277 -0.046293 -0.033957 -0.53761 2.362 -2.6282 -20.638
0.26429 0.84218 0.52028 0.10139 -0.0988 -0.04067 -0.040214 -0.58675 9.6696 -5.8796 -11.272
0.26667 0.84214 0.52031 0.10099 -0.099369 -0.017647 -0.054213 -0.61359 -9.5348 5.6805 -12.699
0.26905 0.84209 0.52037 0.10055 -0.099952 -0.040349 -0.040688 -0.64382 5.9984 -4.8839 -14.266
0.27143 0.84204 0.52042 0.1001 -0.10058 -0.026067 -0.052316 -0.67779 14.834 -16.371 -22.752
0.27381 0.84198 0.52048 0.099629 -0.10123 0.0092522 -0.091295 -0.73196 5.6664 -7.9624 -18.78
0.27619 0.8419 0.52058 0.099085 -0.1019 0.022744 -0.11025 -0.77667 7.556 -12.292 -10.773
0.27857 0.8418 0.52071 0.098496 -0.10261 0.040734 -0.13952 -0.80232 7.8811 -2.867 -13.971
0.28095 0.84169 0.52086 0.097863 -0.10332 0.059499 -0.14635 -0.83559 -2.0591 -8.5352 -12.831
0.28333 0.84157 0.52104 0.097206 -0.10406 0.054596 -0.16667 -0.86614 -3.019 -8.4639 -4.1583
0.28571 0.84145 0.52121 0.096508 -0.10482 0.047408 -0.18682 -0.87604 4.102 -3.5152 -1.9553
0.2881 0.84133 0.52138 0.095784 -0.10558 0.057175 -0.19519 -0.88069 -7.0506 8.8364 -7.6277
0.29048 0.84121 0.52157 0.095049 -0.10633 0.040387 -0.17415 -0.89885 -5.3456 -0.86773 -11.868
0.29286 0.84109 0.52173 0.094321 -0.10712 0.02766 -0.17622 -0.92711 1.1545 -8.3428 -14.194
0.29524 0.84097 0.52188 0.093572 -0.10793 0.030409 -0.19608 -0.96091 0.5603 -5.274 -15.152
0.29762 0.84085 0.52205 0.092783 -0.10877 0.031743 -0.20864 -0.99699 0.13662 -6.7146 -10.412
0.3 0.84072 0.52221 0.091958 -0.10964 0.032068 -0.22463 -1.0218 4.441 -8.8287 -8.1887
0.30238 0.84059 0.52239 0.091102 -0.11052 0.042642 -0.24565 -1.0413 1.2019 -4.4915 -11.462
0.30476 0.84046 0.52257 0.090215 -0.1114 0.045504 -0.25634 -1.0686 5.7358 -10.458 -5.3001
0.30714 0.84031 0.52277 0.089299 -0.1123 0.05916 -0.28124 -1.0812 -14.954 4.9099 -0.5799
0.30952 0.84016 0.52298 0.088353 -0.1132 0.023557 -0.26955 -1.0826 -7.1931 -6.3792 -4.0328
0.3119 0.84003 0.52315 0.087412 -0.11412 0.0064303 -0.28474 -1.0922 0.51469 1.303 -6.7527
0.31429 0.8399 0.52331 0.086448 -0.11503 0.0076558 -0.28164 -1.1082 -11.003 -6.0593 3.5367
0.31667 0.83978 0.52347 0.085477 -0.11596 -0.018541 -0.29606 -1.0998 -6.2945 -5.1355 -2.4282
0.31905 0.83967 0.52361 0.084493 -0.11688 -0.033528 -0.30829 -1.1056 -10.415 1.634 0.40439
0.32143 0.83956 0.52373 0.083491 -0.1178 -0.058325 -0.3044 -1.1046 3.7601 -13.006 -6.4678
0.32381 0.83947 0.52382 0.08249 -0.11872 -0.049373 -0.33537 -1.12 -3.1957 -7.163 -0.41299
0.32619 0.83938 0.52393 0.081449 -0.11963 -0.056982 -0.35242 -1.121 -16.158 -1.6141 0.73919
0.32857 0.83929 0.52403 0.08039 -0.12054 -0.095454 -0.35626 -1.1193 -5.8903 0.50168 24.463
0.33095 0.83922 0.52409 0.079322 -0.12144 -0.10948 -0.35507 -1.061 -5.4114 0.20109 4.2895
0.33333 0.83917 0.52413 0.078289 -0.12229 -0.12236 -0.35459 -1.0508 -9.5764 -0.21812 -0.71513
0.33571 0.83912 0.52416 0.077261 -0.12313 -0.14516 -0.35511 -1.0525 -5.6951 -17.019 -0.69459
0.3381 0.83909 0.52416 0.076228 -0.12397 -0.15872 -0.39563 -1.0542 3.8454 -21.085 -3.8916
0.34048 0.83907 0.52416 0.075152 -0.12479 -0.14957 -0.44584 -1.0634 -10.558 1.2431 -0.61602
0.34286 0.83904 0.52417 0.074021 -0.12559 -0.1747 -0.44288 -1.0649 -8.9375 8.7224 6.2354
0.34524 0.83903 0.52415 0.072888 -0.12639 -0.19598 -0.42211 -1.05 -14.101 1.3883 7.596
0.34762 0.83903 0.52411 0.071781 -0.1272 -0.22956 -0.4188 -1.032 5.6006 -9.73 0.60886
0.35 0.83905 0.52403 0.070684 -0.12799 -0.21622 -0.44197 -1.0305 -2.5665 -9.4448 0.74065
0.35238 0.83907 0.52397 0.069567 -0.12876 -0.22233 -0.46446 -1.0287 -3.239 -2.8771 4.9914
0.35476 0.83909 0.52391 0.068427 -0.12951 -0.23004 -0.47131 -1.0169 -2.3505 -11.437 -4.3955
0.35714 0.83911 0.52383 0.067287 -0.13025 -0.23564 -0.49854 -1.0273 -2.2748 2.7541 6.0183
0.35952 0.83914 0.52375 0.066111 -0.13099 -0.24106 -0.49198 -1.013 -5.7163 1.9152 -10.429
0.3619 0.83917 0.52367 0.064951 -0.13171 -0.25467 -0.48742 -1.0378 0.060424 -6.1781 13.219
0.36429 0.8392 0.52357 0.063777 -0.13246 -0.25452 -0.50213 -1.0064 1.2053 -2.645 10.236
0.36667 0.83924 0.52347 0.062607 -0.13318 -0.25165 -0.50843 -0.98199 15.817 -23.665 14.173
0.36905 0.83928 0.52337 0.061448 -0.13386 -0.21399 -0.56477 -0.94824 9.3836 -5.7873 2.6324
0.37143 0.8393 0.52332 0.060258 -0.13447 -0.19165 -0.57855 -0.94197 -3.3763 -3.5971 8.2936
0.37381 0.83931 0.52329 0.059063 -0.13506 -0.19969 -0.58712 -0.92223 -12.984 5.4502 9.3215
0.37619 0.83933 0.52325 0.057869 -0.13563 -0.2306 -0.57414 -0.90003 0.73977 -0.003412 10.604
0.37857 0.83936 0.52317 0.056698 -0.13619 -0.22884 -0.57415 -0.87479 -6.4513 2.1342 10
0.38095 0.8394 0.52309 0.055542 -0.13672 -0.2442 -0.56907 -0.85098 -14.239 7.8095 9.0112
0.38333 0.83945 0.523 0.054404 -0.13724 -0.2781 -0.55047 -0.82952 1.3074 -8.883 13.634
0.38571 0.83952 0.52286 0.053292 -0.13774 -0.27499 -0.57162 -0.79706 -6.2218 3.55 18.69
0.3881 0.8396 0.52273 0.052179 -0.1382 -0.28981 -0.56317 -0.75256 0.72432 7.616 8.7584
0.39048 0.83969 0.52258 0.0511 -0.13862 -0.28808 -0.54504 -0.7317 -0.70127 -2.932 11.348
0.39286 0.83978 0.52243 0.050053 -0.13903 -0.28975 -0.55202 -0.70469 -8.4532 19.038 15.875
0.39524 0.83988 0.52227 0.049014 -0.13941 -0.30988 -0.50669 -0.66689 2.0348 5.3426 15.678
0.39762 0.83999 0.52208 0.048042 -0.13978 -0.30503 -0.49397 -0.62956 9.8433 2.5077 5.6961
0.4 0.8401 0.5219 0.047106 -0.14011 -0.2816 -0.488 -0.616 -1.1268 3.476 7.9599
0.40238 0.8402 0.52173 0.046188 -0.14044 -0.28428 -0.47972 -0.59705 5.469 1.3883 8.4614
0.40476 0.8403 0.52156 0.04529 -0.14076 -0.27126 -0.47642 -0.5769 -11.103 11.635 16.265
0.40714 0.8404 0.5214 0.044409 -0.14105 -0.29769 -0.44871 -0.53817 -10.166 7.2612 6.9399
0.40952 0.84052 0.5212 0.043576 -0.14133 -0.3219 -0.43143 -0.52165 -10.84 12.555 14.634
0.4119 0.84065 0.52098 0.042767 -0.1416 -0.34771 -0.40153 -0.48681 1.1658 -0.26308 9.4486
0.41429 0.84081 0.52073 0.042004 -0.14186 -0.34493 -0.40216 -0.46431 -0.23968 -4.8484 12.684
0.41667 0.84096 0.52047 0.041256 -0.14209 -0.3455 -0.4137 -0.43411 -8.401 6.2999 16.587
0.41905 0.84112 0.52022 0.040514 -0.14228 -0.3655 -0.3987 -0.39462 -2.214 4.3029 11.634
0.42143 0.8413 0.51994 0.039809 -0.14245 -0.37077 -0.38846 -0.36692 4.6559 5.0296 16.7
0.42381 0.84149 0.51965 0.03913 -0.14259 -0.35969 -0.37648 -0.32716 -13.211 -3.3548 9.359
0.42619 0.84167 0.51937 0.038489 -0.14271 -0.39114 -0.38447 -0.30488 -7.1716 -1.3341 9.3661
0.42857 0.84188 0.51905 0.037849 -0.14279 -0.40822 -0.38765 -0.28258 -22.065 22.293 26.516
0.43095 0.8421 0.51872 0.037216 -0.14285 -0.46075 -0.33457 -0.21944 -15.928 29.343 26.215
0.43333 0.84236 0.51833 0.036667 -0.14289 -0.49868 -0.2647 -0.15703 -0.13582 -1.3346 25.927
0.43571 0.84265 0.51788 0.03622 -0.1429 -0.499 -0.26788 -0.095296 1.6319 -6.5432 10.799
0.4381 0.84296 0.51743 0.035807 -0.14286 -0.49512 -0.28346 -0.069585 6.5315 2.2916 15.433
0.44048 0.84326 0.51698 0.035396 -0.14277 -0.47957 -0.27801 -0.032839 13.212 -7.9819 9.5151
0.44286 0.84356 0.51655 0.035015 -0.14265 -0.44811 -0.29701 -0.010184 -1.7011 7.7446 19.397
0.44524 0.84385 0.51615 0.034634 -0.1425 -0.45216 -0.27857 0.035998 -7.8287 13.355 16.308
0.44762 0.84414 0.51574 0.0343 -0.14231 -0.4708 -0.24677 0.074827 -13.572 8.0244 20.108
0.45 0.84446 0.51531 0.034018 -0.1421 -0.50311 -0.22767 0.1227 6.2869 -5.595 14.57
0.45238 0.84479 0.51484 0.033779 -0.14186 -0.48814 -0.24099 0.15739 -10.017 11.909 17.302
0.45476 0.84513 0.51438 0.033551 -0.14157 -0.51199 -0.21264 0.19859 -8.0074 11.747 12.729
0.45714 0.84549 0.51389 0.033372 -0.14127 -0.53106 -0.18467 0.2289 -17.094 -0.46004 34.77
0.45952 0.84586 0.51338 0.033237 -0.14094 -0.57176 -0.18576 0.31168 -7.5012 10.275 25.562
0.4619 0.84626 0.51282 0.033145 -0.14054 -0.58962 -0.1613 0.37254 5.8884 -11.894 6.9042
0.46429 0.84669 0.51224 0.033111 -0.14009 -0.5756 -0.18962 0.38898 -6.2383 9.7344 19.976
0.46667 0.84712 0.51168 0.033061 -0.1396 -0.59045 -0.16644 0.43654 -6.2041 11.545 15.317
0.46905 0.84755 0.51109 0.033061 -0.13908 -0.60523 -0.13895 0.47301 -9.846 8.248 11.574
0.47143 0.84801 0.51048 0.033108 -0.13855 -0.62867 -0.11931 0.50057 -8.0949 14.372 17.189
0.47381 0.84847 0.50985 0.033188 -0.13799 -0.64794 -0.085095 0.5415 15.421 -16.478 7.6389
0.47619 0.84896 0.50919 0.033325 -0.13742 -0.61122 -0.12433 0.55968 12.48 -11.439 4.7678
0.47857 0.84943 0.50857 0.033438 -0.1368 -0.58151 -0.15156 0.57104 4.1199 -8.5517 6.1997
0.48095 0.84988 0.50798 0.033536 -0.13616 -0.5717 -0.17192 0.5858 9.6366 -6.446 15.2
0.48333 0.85032 0.50741 0.033624 -0.13548 -0.54876 -0.18727 0.62199 3.4742 -0.78128 7.6138
0.48571 0.85076 0.50686 0.033721 -0.13476 -0.54049 -0.18913 0.64011 -4.3474 11.33 16.384
0.4881 0.8512 0.50631 0.033829 -0.13402 -0.55084 -0.16215 0.67913 -24.252 28.684 21.163
0.49048 0.85165 0.50575 0.033986 -0.13326 -0.60858 -0.093858 0.72951 -8.3815 11.563 17.872
0.49286 0.85213 0.50512 0.034234 -0.13249 -0.62854 -0.066326 0.77207 -19.2 11.558 27.115
0.49524 0.85263 0.50446 0.034532 -0.13169 -0.67425 -0.038807 0.83663 -1.1014 10.833 17.584
0.49762 0.85317 0.50375 0.034889 -0.13084 -0.67687 -0.013013 0.87849 -15.568 9.6416 16.114
0.5 0.85371 0.50303 0.035297 -0.12997 -0.71394 0.0099429 0.91686 -7.535 7.0969 9.779
0.50238 0.85428 0.50226 0.035746 -0.12908 -0.73188 0.02684 0.94014 -8.0205 6.4447 15.801
0.50476 0.85486 0.50147 0.036223 -0.12817 -0.75098 0.042185 0.97776 -17.591 13.333 10.647
0.50714 0.85546 0.50066 0.036735 -0.12723 -0.79286 0.073931 1.0031 -4.7914 4.6539 2.4486
0.50952 0.85608 0.4998 0.037288 -0.12629 -0.80427 0.085011 1.0089 -1.7916 0.35969 -3.3173
0.5119 0.8567 0.49892 0.037854 -0.12534 -0.80853 0.085868 1.001 -0.94938 6.3334 0.21892
0.51429 0.85733 0.49803 0.038415 -0.12441 -0.81079 0.10095 1.0016 3.5267 -5.1998 4.4603
0.51667 0.85795 0.49715 0.038992 -0.12348 -0.8024 0.088567 1.0122 -7.6737 6.2247 2.0889
0.51905 0.85857 0.49627 0.039564 -0.12254 -0.82067 0.10339 1.0172 -9.3985 18.541 3.1202
0.52143 0.8592 0.49536 0.04015 -0.1216 -0.84304 0.14753 1.0246 -9.1756 21.737 2.6173
0.52381 0.85983 0.49443 0.040783 -0.12068 -0.86489 0.19929 1.0308 -1.2976 17.244 12.101
0.52619 0.86048 0.49347 0.04147 -0.11978 -0.86798 0.24034 1.0596 4.9523 -0.65383 0.16023
0.52857 0.86113 0.49249 0.042215 -0.11888 -0.85619 0.23879 1.06 -1.7156 6.3421 11.006
0.53095 0.86177 0.49152 0.04296 -0.11798 -0.86027 0.25389 1.0862 -4.0583 7.85 16.044
0.53333 0.86241 0.49055 0.043735 -0.11706 -0.86994 0.27258 1.1244 -0.57944 1.7047 1.4029
0.53571 0.86306 0.48956 0.04455 -0.11611 -0.87132 0.27664 1.1278 -12.259 16.228 8.0396
0.5381 0.8637 0.48856 0.045371 -0.11515 -0.9005 0.31527 1.1469 0.4064 2.6293 -0.73056
0.54048 0.86437 0.48753 0.046239 -0.11421 -0.89954 0.32153 1.1452 3.6344 -2.7749 -4.459
0.54286 0.86503 0.4865 0.047112 -0.11326 -0.89088 0.31493 1.1345 5.3841 -0.77358 -0.66769
0.54524 0.86568 0.48548 0.047973 -0.11233 -0.87806 0.31308 1.133 -8.601 13.796 9.7001
0.54762 0.86632 0.48446 0.048833 -0.11139 -0.89854 0.34593 1.1561 -5.1215 13.291 1.542
0.55 0.86697 0.48342 0.049737 -0.11045 -0.91074 0.37758 1.1597 0.43676 3.3389 7.7893
0.55238 0.86762 0.48236 0.050675 -0.10952 -0.9097 0.38553 1.1783 -2.4412 6.0749 1.3407
0.55476 0.86827 0.4813 0.051631 -0.10858 -0.91551 0.39999 1.1815 3.8029 0.93987 -7.1124
0.55714 0.86892 0.48023 0.052603 -0.10765 -0.90646 0.40223 1.1645 2.1604 -11.202 -5.4363
0.55952 0.86956 0.47917 0.053568 -0.10673 -0.90131 0.37556 1.1516 -2.7224 -6.1466 -12.797
0.5619 0.8702 0.47811 0.054499 -0.10581 -0.90779 0.36092 1.1211 -7.3688 23.6 11.069
0.56429 0.87083 0.47705 0.055397 -0.10491 -0.92534 0.41711 1.1475 1.7454 12.175 3.6602
0.56667 0.87147 0.47597 0.056365 -0.10402 -0.92118 0.4461 1.1562 -10.114 6.887 -18.494
0.56905 0.8721 0.47488 0.057369 -0.10314 -0.94526 0.4625 1.1121 -10.214 14.243 -8.6957
0.57143 0.87274 0.47376 0.058362 -0.10231 -0.96958 0.49641 1.0914 -7.4403 8.0697 -14.59
0.57381 0.87339 0.47262 0.059375 -0.10152 -0.9873 0.51562 1.0567 6.4036 -0.70317 -10.371
0.57619 0.87403 0.47145 0.060386 -0.10078 -0.97205 0.51395 1.032 -1.7712 -1.2795 -13.833
0.57857 0.87466 0.4703 0.061384 -0.10006 -0.97627 0.5109 0.99908 12.941 -17.037 -13.15
0.58095 0.87529 0.46915 0.062359 -0.099382 -0.94546 0.47034 0.96777 -14.882 9.1816 -0.91988
0.58333 0.87589 0.46804 0.063277 -0.098706 -0.98089 0.4922 0.96558 -18.348 9.6078 4.8369
0.58571 0.87652 0.46689 0.064213 -0.098047 -1.0246 0.51507 0.97709 -13.838 -15.155 10.47
0.5881 0.87716 0.46568 0.065174 -0.097392 -1.0575 0.47899 1.002 -5.4045 -6.5563 2.5393
0.59048 0.87782 0.46444 0.066107 -0.096693 -1.0704 0.46338 1.0081 2.4626 -16.986 -3.9201
0.59286 0.87849 0.46319 0.067025 -0.09598 -1.0645 0.42294 0.99873 -12.023 4.3185 7.234
0.59524 0.87916 0.46195 0.067897 -0.095254 -1.0932 0.43322 1.016 -9.4922 -12.24 -5.7134
0.59762 0.87984 0.46067 0.068785 -0.094517 -1.1158 0.40408 1.0024 -4.5228 -19.047 0.01765
0.6 0.88053 0.45938 0.069632 -0.09378 -1.1265 0.35873 1.0024 -10.985 -10.386 4.0807
0.60238 0.88123 0.45807 0.07043 -0.093018 -1.1527 0.334 1.0121 6.2824 -28.147 -2.701
0.60476 0.88194 0.45674 0.071205 -0.092235 -1.1377 0.26698 1.0057 8.9549 -22.645 -12.681
0.60714 0.88264 0.45543 0.071907 -0.091421 -1.1164 0.21306 0.97549 -5.9457 -6.6881 -3.8375
0.60952 0.88333 0.45415 0.072538 -0.090607 -1.1306 0.19714 0.96635 -9.0659 -11.103 -7.4836
0.6119 0.88403 0.45285 0.073146 -0.089794 -1.1521 0.1707 0.94853 2.1124 -14.512 -10.32
0.61429 0.88474 0.45154 0.073713 -0.088988 -1.1471 0.13615 0.92396 5.8461 -28.03 -6.0721
0.61667 0.88544 0.45024 0.074232 -0.088189 -1.1332 0.069415 0.9095 -10.379 -13.846 9.8825
0.61905 0.88613 0.44895 0.074673 -0.087367 -1.1579 0.036448 0.93303 -11.388 -4.0208 -14.108
0.62143 0.88684 0.44764 0.07509 -0.086505 -1.185 0.026874 0.89944 -21.621 -9.201 -8.6006
0.62381 0.88757 0.44631 0.075476 -0.085676 -1.2365 0.0049672 0.87897 -3.3121 -10.354 1.3118
0.62619 0.88831 0.44492 0.075822 -0.084861 -1.2444 -0.019686 0.88209 0.24618 -6.4324 -7.1945
0.62857 0.88906 0.44353 0.076142 -0.08403 -1.2438 -0.035001 0.86496 0.11003 -20.707 -13.803
0.63095 0.8898 0.44214 0.076437 -0.083208 -1.2435 -0.084304 0.8321 -5.4878 -19.592 -7.6163
0.63333 0.89055 0.44075 0.076663 -0.082396 -1.2566 -0.13095 0.81396 -8.7107 -11.233 -6.5011
0.63571 0.8913 0.43936 0.076827 -0.081579 -1.2773 -0.1577 0.79848 -1.0072 -23.853 -10.775
0.6381 0.89205 0.43794 0.076954 -0.080766 -1.2797 -0.21449 0.77283 -11.463 -13.084 1.5539
0.64048 0.89281 0.43653 0.077006 -0.07995 -1.307 -0.24564 0.77653 -2.0214 -25.273 -9.168
0.64286 0.89359 0.43509 0.077024 -0.079117 -1.3118 -0.30582 0.7547 -13.731 -20.47 -0.311
0.64524 0.89437 0.43366 0.076965 -0.078276 -1.3445 -0.35456 0.75396 -23.797 -15.943 4.9633
0.64762 0.89516 0.43219 0.076852 -0.077413 -1.4012 -0.39252 0.76578 -11.773 -10.189 -11.13
0.65 0.89599 0.43066 0.076698 -0.076523 -1.4292 -0.41678 0.73928 -17.797 -2.2585 -6.7671
0.65238 0.89682 0.42911 0.076502 -0.075651 -1.4716 -0.42215 0.72316 -37.324 16.575 -4.5769
0.65476 0.89768 0.42751 0.076288 -0.074797 -1.5605 -0.38269 0.71227 -16.931 1.8619 -0.75554
0.65714 0.89857 0.42581 0.076103 -0.073983 -1.6008 -0.37826 0.71047 -14.67 -13.777 1.8911
0.65952 0.89947 0.42406 0.075917 -0.073176 -1.6357 -0.41106 0.71497 -11.258 -11.651 -7.5611
0.6619 0.9004 0.42228 0.075695 -0.072351 -1.6625 -0.4388 0.69697 -4.1304 -28.943 -14.855
0.66429 0.90133 0.42047 0.075432 -0.071532 -1.6723 -0.50771 0.6616 8.0378 -30.627 -18.685
0.66667 0.90227 0.41866 0.075076 -0.070718 -1.6532 -0.58063 0.61711 -8.643 -14.922 -10.488
0.66905 0.90319 0.41688 0.07462 -0.069914 -1.6738 -0.61616 0.59214 -10.047 -7.6459 -10.73
0.67143 0.90412 0.41508 0.074112 -0.06912 -1.6977 -0.63437 0.56659 -10.732 -11.927 -16.972
0.67381 0.90506 0.41325 0.073569 -0.068346 -1.7233 -0.66276 0.52618 -16.178 -4.0702 -3.9195
0.67619 0.90601 0.4114 0.072974 -0.067604 -1.7618 -0.67246 0.51685 -14.113 -2.3906 -14.858
0.67857 0.90697 0.40951 0.07236 -0.06687 -1.7954 -0.67815 0.48148 -12.371 -1.0019 6.4844
0.68095 0.90794 0.40758 0.071719 -0.066174 -1.8248 -0.68053 0.49691 -19.317 -1.758 -14.676
0.68333 0.90892 0.40562 0.07108 -0.065462 -1.8708 -0.68472 0.46197 -12.655 -26.962 -23.364
0.68571 0.90991 0.40361 0.070417 -0.06479 -1.901 -0.74891 0.40634 -3.2588 -16.148 -11.534
0.6881 0.91092 0.40157 0.069654 -0.064149 -1.9087 -0.78736 0.37888 -9.3597 -10.842 3.105
0.69048 0.91192 0.39953 0.068835 -0.06352 -1.931 -0.81318 0.38627 -6.2398 -17.109 -11.839
0.69286 0.91293 0.39746 0.06799 -0.062872 -1.9459 -0.85391 0.35809 -40.465 35.541 2.6705
0.69524 0.91395 0.39538 0.067085 -0.062236 -2.0422 -0.76929 0.36444 -25.635 -2.1084 7.3474
0.69762 0.91499 0.39318 0.066268 -0.06164 -2.1032 -0.77431 0.38194 15.256 -41.181 -11.357
0.7 0.91606 0.39092 0.065449 -0.061027 -2.0669 -0.87236 0.3549 -11.298 -10.154 1.7531
0.70238 0.91712 0.3887 0.064512 -0.060395 -2.0938 -0.89654 0.35907 -11.648 -4.0892 5.1984
0.70476 0.91818 0.38645 0.063549 -0.059749 -2.1216 -0.90627 0.37145 -3.2489 -29.017 -0.70935
0.70714 0.91924 0.38416 0.062578 -0.059086 -2.1293 -0.97536 0.36976 2.9655 -31.175 0.29469
0.70952 0.92031 0.38187 0.06153 -0.058394 -2.1222 -1.0496 0.37046 -13.327 6.4623 2.3939
0.7119 0.92138 0.37959 0.0604 -0.057666 -2.154 -1.0342 0.37616 -12.937 0.78346 -5.4991
0.71429 0.92245 0.37727 0.059288 -0.056941 -2.1848 -1.0323 0.36307 -7.5099 -10.854 3.0413
0.71667 0.92352 0.37492 0.058169 -0.056232 -2.2026 -1.0582 0.37031 -14.943 -8.5533 -0.66874
0.71905 0.9246 0.37254 0.057023 -0.055505 -2.2382 -1.0785 0.36872 -19.875 -3.7201 4.9881
0.72143 0.92569 0.37012 0.055851 -0.054773 -2.2855 -1.0874 0.3806 -11.354 -19.2 16.9
0.72381 0.92678 0.36764 0.054672 -0.054026 -2.3126 -1.1331 0.42083 -8.1637 -22.901 18.893
0.72619 0.92789 0.36514 0.053457 -0.053216 -2.332 -1.1876 0.46582 5.904 -29.728 10.578
0.72857 0.92901 0.3626 0.052199 -0.052333 -2.318 -1.2584 0.491 -7.5564 -11.863 14.991
0.73095 0.93011 0.36009 0.050875 -0.051391 -2.336 -1.2867 0.52669 -8.7399 -3.3824 19.336
0.73333 0.93122 0.35754 0.049533 -0.050397 -2.3568 -1.2947 0.57273 -5.3146 -2.226 18.572
0.73571 0.93233 0.35497 0.048199 -0.04935 -2.3694 -1.3 0.61695 -2.9751 -6.1379 16.314
0.7381 0.93343 0.35238 0.046878 -0.048251 -2.3765 -1.3146 0.65579 -0.33954 -8.2279 24.028
0.74048 0.93454 0.34978 0.045555 -0.047103 -2.3773 -1.3342 0.713 8.5063 -16.84 13.76
0.74286 0.93563 0.34717 0.044234 -0.045883 -2.3571 -1.3743 0.74576 -5.3361 -11.181 14.313
0.74524 0.93672 0.34458 0.042883 -0.044608 -2.3698 -1.4009 0.77984 -9.6379 -3.6101 12.933
0.74762 0.9378 0.34197 0.041514 -0.043285 -2.3927 -1.4095 0.81064 18.859 -19.632 4.7411
0.75 0.93888 0.33933 0.040147 -0.041924 -2.3478 -1.4563 0.82192 14.247 -0.10871 16.283
0.75238 0.93993 0.33673 0.038734 -0.040529 -2.3139 -1.4565 0.86069 -0.41231 3.4792 11.41
0.75476 0.94096 0.33417 0.037337 -0.039089 -2.3149 -1.4483 0.88786 -5.9522 -5.033 5.1912
0.75714 0.94198 0.33161 0.03596 -0.03762 -2.329 -1.4602 0.90022 -9.5869 12.111 9.4078
0.75952 0.943 0.32902 0.034573 -0.036134 -2.3519 -1.4314 0.92262 -8.3874 7.3094 15.448
0.7619 0.94401 0.3264 0.033227 -0.034634 -2.3718 -1.414 0.9594 -5.9717 2.6596 18.751
0.76429 0.94502 0.32375 0.031912 -0.0331 -2.3861 -1.4077 1.004 -2.9766 -11.211 16.499
0.76667 0.94603 0.32108 0.030621 -0.031518 -2.3931 -1.4344 1.0433 -5.9408 17.668 21.495
0.76905 0.94703 0.3184 0.029315 -0.029882 -2.4073 -1.3923 1.0945 1.4393 5.3338 3.0592
0.77143 0.94802 0.3157 0.028074 -0.028204 -2.4039 -1.3796 1.1018 10.639 -6.7436 4.3478
0.77381 0.94901 0.31299 0.02685 -0.026522 -2.3785 -1.3956 1.1121 -2.4144 11.353 10.31
0.77619 0.94997 0.31031 0.025613 -0.024822 -2.3843 -1.3686 1.1367 10.77 -5.5934 8.7786
0.77857 0.95092 0.30762 0.024414 -0.023103 -2.3586 -1.3819 1.1576 8.389 4.1132 10.767
0.78095 0.95185 0.30495 0.023209 -0.021355 -2.3387 -1.3721 1.1832 -5.1859 11.089 -2.6676
0.78333 0.95276 0.3023 0.022024 -0.019581 -2.351 -1.3457 1.1769 9.5861 11.479 13.952
0.78571 0.95366 0.29963 0.020866 -0.017823 -2.3282 -1.3184 1.2101 7.485 -1.9427 6.1693
0.7881 0.95454 0.29699 0.019751 -0.016037 -2.3104 -1.323 1.2248 4.6353 2.6851 -4.055
0.79048 0.95541 0.29436 0.018637 -0.014231 -2.2993 -1.3166 1.2151 1.1473 11.183 5.413
0.79286 0.95626 0.29173 0.017526 -0.012439 -2.2966 -1.29 1.228 -1.6643 12.687 4.2709
0.79524 0.95709 0.28911 0.01645 -0.010641 -2.3006 -1.2598 1.2382 -1.575 10.91 8.591
0.79762 0.95792 0.28648 0.015411 -0.0088413 -2.3043 -1.2338 1.2586 5.8574 3.1907 1.4447
0.8 0.95874 0.28384 0.014409 -0.0070274 -2.2904 -1.2262 1.2621 13.34 -12.56 11.836
0.80238 0.95954 0.28121 0.013417 -0.0052118 -2.2586 -1.2561 1.2903 18.046 7.8956 6.2971
0.80476 0.96032 0.27862 0.0124 -0.0033535 -2.2156 -1.2373 1.3053 12.159 8.5159 7.2853
0.80714 0.96107 0.27607 0.011409 -0.0014836 -2.1867 -1.2171 1.3226 -3.8084 18.3 7.1481
0.80952 0.9618 0.27355 0.010448 0.00039998 -2.1957 -1.1735 1.3396 9.4792 6.7751 6.3595
0.8119 0.96252 0.27102 0.0095411 0.0022887 -2.1732 -1.1574 1.3548 2.0307 38.35 7.3218
0.81429 0.96323 0.26851 0.0086579 0.0041898 -2.1683 -1.0661 1.3722 8.8615 0.07934 14.303
0.81667 0.96392 0.266 0.0078848 0.0060817 -2.1472 -1.0659 1.4062 10.584 10.097 2.612
0.81905 0.9646 0.26351 0.0071226 0.0080127 -2.122 -1.0418 1.4125 6.7881 14.616 7.175
0.82143 0.96525 0.26105 0.0063895 0.0099435 -2.1059 -1.007 1.4296 -4.5294 35.657 6.6516
0.82381 0.96589 0.25861 0.0057015 0.011883 -2.1167 -0.92212 1.4454 -1.5968 33.841 -3.5594
0.82619 0.96652 0.25615 0.0051161 0.013815 -2.1205 -0.84155 1.4369 4.7447 19.68 3.5928
0.82857 0.96715 0.25369 0.0046208 0.015712 -2.1092 -0.79469 1.4455 12.275 17.267 -2.7318
0.83095 0.96776 0.25124 0.0041818 0.017604 -2.0799 -0.75358 1.439 -0.13037 16.217 3.6718
0.83333 0.96835 0.24882 0.0037875 0.019477 -2.0803 -0.71497 1.4477 4.5849 15.069 -10.787
0.83571 0.96893 0.24639 0.0034404 0.021348 -2.0693 -0.67909 1.422 9.8555 18.005 -4.6052
0.8381 0.9695 0.24398 0.0031267 0.023179 -2.0459 -0.63622 1.4111 16.667 16.866 -9.2365
0.84048 0.97005 0.2416 0.0028587 0.024985 -2.0062 -0.59607 1.3891 11.55 10.994 -7.6084
0.84286 0.97058 0.23926 0.0026295 0.026753 -1.9787 -0.56989 1.371 19.07 21.501 -11.158
0.84524 0.9711 0.23695 0.0024246 0.028493 -1.9333 -0.5187 1.3444 25.526 18.449 -21.659
0.84762 0.9716 0.23469 0.0022697 0.030188 -1.8725 -0.47477 1.2928 20.662 5.664 -9.9042
0.85 0.97207 0.2325 0.002149 0.031811 -1.8233 -0.46129 1.2692 -2.5009 22.577 -12.761
0.85238 0.97253 0.23037 0.0020356 0.033403 -1.8293 -0.40753 1.2389 -7.1947 41.465 -0.065758
0.85476 0.97298 0.22823 0.0019762 0.034944 -1.8464 -0.30881 1.2387 4.4537 21.976 -4.9412
0.85714 0.97342 0.22608 0.0020319 0.036458 -1.8358 -0.25648 1.2269 8.3924 20.69 -7.364
0.85952 0.97386 0.22393 0.0021446 0.037945 -1.8158 -0.20722 1.2094 -3.9121 26.376 1.9014
0.8619 0.97429 0.22182 0.0023087 0.039397 -1.8251 -0.14442 1.2139 12.475 11.393 6.4857
0.86429 0.97471 0.21969 0.0025474 0.040838 -1.7954 -0.1173 1.2294 19.523 18.826 3.8137
0.86667 0.97512 0.21759 0.0028201 0.04229 -1.7489 -0.072472 1.2384 2.0082 18.545 -6.566
0.86905 0.97551 0.21556 0.0031448 0.04374 -1.7442 -0.028317 1.2228 13.35 18.737 -0.89918
0.87143 0.97589 0.21352 0.0035165 0.045161 -1.7124 0.016296 1.2207 1.9063 22.516 -1.9145
0.87381 0.97625 0.21153 0.0039378 0.046568 -1.7078 0.069906 1.2161 13.866 20.762 -12.687
0.87619 0.97661 0.20954 0.0044199 0.047955 -1.6748 0.11934 1.1859 18.972 10.793 -5.0987
0.87857 0.97696 0.20759 0.0049501 0.049295 -1.6296 0.14504 1.1738 17.525 3.1322 5.6324
0.88095 0.97729 0.2057 0.0055045 0.050615 -1.5879 0.15249 1.1872 12.591 -0.022421 -1.6669
0.88333 0.9776 0.20385 0.0060683 0.051948 -1.5579 0.15244 1.1832 -1.9315 13.753 -6.5151
0.88571 0.9779 0.20204 0.0066292 0.053277 -1.5625 0.18519 1.1677 -0.13868 15.543 6.0965
0.8881 0.9782 0.20022 0.0072247 0.054579 -1.5629 0.22219 1.1822 -3.9097 14.629 -9.1722
0.89048 0.97849 0.19841 0.0078668 0.055889 -1.5722 0.25702 1.1604 11.564 -3.8512 -1.1683
0.89286 0.97878 0.19658 0.0085449 0.057165 -1.5446 0.24785 1.1576 24.456 5.8803 -1.5479
0.89524 0.97906 0.19479 0.0092097 0.05844 -1.4864 0.26185 1.1539 25.769 4.2305 -15.037
0.89762 0.97932 0.19306 0.0098858 0.059708 -1.4251 0.27193 1.1181 18.751 11.093 -3.2155
0.9 0.97956 0.1914 0.010561 0.060932 -1.3804 0.29834 1.1104 8.9099 4.3496 2.1639
0.90238 0.97979 0.1898 0.011262 0.062142 -1.3592 0.30869 1.1156 5.7773 8.5028 9.3465
0.90476 0.98001 0.18822 0.011975 0.063355 -1.3455 0.32894 1.1379 4.2917 15.038 -9.8533
0.90714 0.98022 0.18666 0.012715 0.064589 -1.3352 0.36474 1.1144 18.878 4.7858 6.4784
0.90952 0.98042 0.18511 0.013491 0.065788 -1.2903 0.37614 1.1298 -0.89031 10.679 2.9284
0.9119 0.98061 0.18362 0.01428 0.067003 -1.2924 0.40157 1.1368 -0.92505 10.901 10.762
0.91429 0.98079 0.18212 0.0151 0.068221 -1.2946 0.42752 1.1624 1.467 4.7929 -6.0956
0.91667 0.98097 0.18062 0.015957 0.069462 -1.2911 0.43893 1.1479 1.145 4.7382 1.339
0.91905 0.98114 0.17913 0.016823 0.070683 -1.2884 0.45021 1.1511 8.3464 -2.1873 4.4972
0.92143 0.98131 0.17764 0.017702 0.071906 -1.2685 0.445 1.1618 6.0112 6.0557 -2.2969
0.92381 0.98146 0.17617 0.018577 0.073142 -1.2542 0.45942 1.1563 -10.444 10.593 -4.8026
0.92619 0.98161 0.17472 0.019465 0.074369 -1.2791 0.48464 1.1449 -2.365 3.0407 -5.3901
0.92857 0.98176 0.17324 0.020383 0.075576 -1.2847 0.49188 1.1321 14.331 -10.332 -10.892
0.93095 0.98191 0.17176 0.021307 0.076766 -1.2506 0.46728 1.1061 4.0233 2.959 2.5501
0.93333 0.98205 0.17031 0.022193 0.077932 -1.241 0.47433 1.1122 2.8298 13.053 -3.73
0.93571 0.98219 0.16887 0.023088 0.079103 -1.2343 0.50541 1.1033 5.9159 9.8813 -3.262
0.9381 0.98232 0.16745 0.024017 0.080257 -1.2202 0.52893 1.0955 5.8074 5.4873 -5.3201
0.94048 0.98244 0.16604 0.024971 0.081398 -1.2063 0.542 1.0829 7.215 -6.4149 10.713
0.94286 0.98255 0.16465 0.025936 0.082521 -1.1892 0.52673 1.1084 8.4254 -5.0817 -1.2348
0.94524 0.98266 0.16327 0.026886 0.083678 -1.1691 0.51463 1.1055 6.6342 10.587 0.81279
0.94762 0.98276 0.16192 0.027819 0.084833 -1.1533 0.53983 1.1074 14.556 -17.367 -4.4948
0.95 0.98285 0.16059 0.02878 0.085986 -1.1187 0.49848 1.0967 0.71175 8.0568 -1.5746
0.95238 0.98293 0.15929 0.029688 0.087136 -1.117 0.51767 1.0929 14.075 -5.7732 8.8306
0.95476 0.98301 0.158 0.030617 0.088277 -1.0835 0.50392 1.114 3.6839 1.1072 2.9019
0.95714 0.98307 0.15675 0.03153 0.089446 -1.0747 0.50656 1.1209 1.3542 4.1513 2.1118
0.95952 0.98314 0.1555 0.032446 0.090623 -1.0715 0.51644 1.1259 8.1477 -5.1321 9.3068
0.9619 0.98319 0.15426 0.033374 0.091803 -1.0521 0.50422 1.1481 18.168 -8.7302 8.7562
0.96429 0.98324 0.15304 0.03429 0.093013 -1.0088 0.48344 1.1689 17.403 -10.786 0.95553
0.96667 0.98327 0.15186 0.035181 0.094251 -0.96736 0.45775 1.1712 -2.9788 -0.95127 5.4359
0.96905 0.98329 0.15073 0.036037 0.095499 -0.97446 0.45549 1.1841 -10.473 7.7344 -4.1615
0.97143 0.98331 0.14959 0.036893 0.096761 -0.99939 0.47391 1.1742 -6.0817 2.6749 -4.6928
0.97381 0.98333 0.14842 0.037772 0.098007 -1.0139 0.48027 1.163 -10.785 1.29 1.2894
0.97619 0.98335 0.14724 0.038658 0.099238 -1.0396 0.48335 1.1661 -2.8896 5.8311 9.0734
0.97857 0.98337 0.14603 0.039551 0.10047 -1.0464 0.49723 1.1877 2.0368 0.57033 6.9992
0.98095 0.98339 0.1448 0.040465 0.10173 -1.0416 0.49859 1.2044 -0.95873 -3.4645 -4.6717
0.98333 0.98339 0.14359 0.041382 0.103 -1.0439 0.49034 1.1933 -7.0301 3.8866 -15.542
0.98571 0.9834 0.14237 0.042288 0.10426 -1.0606 0.49959 1.1563 4.9068 -9.0978 3.4999
0.9881 0.98341 0.14113 0.0432 0.10548 -1.0489 0.47793 1.1646 -0.20823 -2.2626 -3.0459
0.99048 0.98341 0.1399 0.044087 0.1067 -1.0494 0.47254 1.1573 -3.6272 -4.2189 -5.2133
0.99286 0.98341 0.13867 0.044966 0.10793 -1.0581 0.4625 1.1449 6.8852 -13.719 -7.2678
0.99524 0.98341 0.13743 0.045833 0.10913 -1.0417 0.42983 1.1276 6.1799 -17.711 0.92046
0.99762 0.98341 0.1362 0.046656 0.11033 -1.0269 0.38766 1.1298 18.644 -6.2495 1.424
1 0.98341 0.13499 0.047428 0.11153 -0.98255 0.37278 1.1332 7.3473 -19.773 7.5034
1.0024 0.98339 0.13382 0.048176 0.11274 -0.96506 0.32571 1.1511 -3.8483 0.7892 -0.99533
1.0048 0.98337 0.13267 0.048871 0.11398 -0.97422 0.32759 1.1487 -12.81 2.0127 5.6541
1.0071 0.98335 0.13151 0.049568 0.11522 -1.0047 0.33238 1.1622 -1.2282 4.676 12.984
1.0095 0.98332 0.13031 0.050276 0.11646 -1.0076 0.34351 1.1931 2.5423 3.9746 -6.191
1.0119 0.98329 0.12911 0.051003 0.11775 -1.0016 0.35297 1.1783 13.963 -9.8675 -2.2013
1.0143 0.98326 0.12791 0.051738 0.11901 -0.96835 0.32948 1.1731 16.308 -11.71 10.634
1.0167 0.98322 0.12675 0.052439 0.12027 -0.92952 0.3016 1.1984 12.096 -13.416 -2.0105
1.019 0.98317 0.12563 0.053106 0.12157 -0.90072 0.26966 1.1936 14.512 -2.803 7.4787
1.0214 0.98311 0.12454 0.053731 0.12287 -0.86617 0.26298 1.2114 -0.6328 11.263 27.193
1.0238 0.98304 0.12349 0.054345 0.1242 -0.86767 0.2898 1.2762 -15.281 4.4423 0.8176
1.0262 0.98296 0.12243 0.054999 0.12559 -0.90406 0.30038 1.2781 -12.332 -5.3566 -4.7411
1.0286 0.98288 0.12134 0.055672 0.12698 -0.93342 0.28762 1.2668 1.1264 -13.539 -10.945
1.031 0.9828 0.1202 0.056333 0.12836 -0.93074 0.25539 1.2408 -3.7 -13.377 4.3676
1.0333 0.98273 0.11907 0.056951 0.12971 -0.93955 0.22354 1.2512 -4.9957 2.4235 7.4145
1.0357 0.98265 0.11792 0.057535 0.13108 -0.95144 0.22931 1.2688 22.531 -24.784 12.606
1.0381 0.98257 0.11676 0.05813 0.13247 -0.8978 0.1703 1.2988 8.5863 -7.6795 16.267
1.0405 0.98248 0.11564 0.058651 0.1339 -0.87735 0.15201 1.3376 13.326 -11.823 9.9045
1.0429 0.98237 0.11455 0.059153 0.13538 -0.84562 0.12386 1.3611 3.1839 0.15407 9.8651
1.0452 0.98226 0.11348 0.059619 0.1369 -0.83804 0.12423 1.3846 -6.8902 6.3131 1.4725
1.0476 0.98213 0.11242 0.060088 0.13844 -0.85445 0.13926 1.3881 8.0423 -9.6643 3.954
1.05 0.98201 0.11135 0.060578 0.13999 -0.8353 0.11625 1.3976 0.85895 -14.69 7.971
1.0524 0.98187 0.11029 0.061038 0.14154 -0.83325 0.081273 1.4165 4.9048 -10.443 10.827
1.0548 0.98174 0.10923 0.061459 0.14313 -0.82158 0.05641 1.4423 -7.8247 8.6237 5.4446
1.0571 0.98159 0.10817 0.061852 0.14475 -0.84021 0.076942 1.4553 9.9389 9.4466 0.60661
1.0595 0.98144 0.10709 0.062274 0.14637 -0.81654 0.099434 1.4567 3.1209 -7.8236 20.664
1.0619 0.98128 0.10605 0.062718 0.148 -0.80911 0.080807 1.5059 0.32105 0.68678 9.6303
1.0643 0.98111 0.105 0.063145 0.14969 -0.80835 0.082442 1.5288 0.24788 13.098 5.8288
1.0667 0.98093 0.10396 0.063577 0.15141 -0.80776 0.11363 1.5427 19.155 0.098609 13.805
1.069 0.98074 0.10292 0.064046 0.15313 -0.76215 0.11386 1.5756 17.666 11.239 3.6501
1.0714 0.98054 0.10193 0.064511 0.1549 -0.72009 0.14062 1.5843 18.982 -1.9763 9.1837
1.0738 0.98032 0.10099 0.065 0.15667 -0.67489 0.13592 1.6062 22.107 2.1739 2.2326
1.0762 0.98009 0.10011 0.065477 0.15848 -0.62226 0.14109 1.6115 20.383 1.3342 3.6507
1.0786 0.97985 0.099282 0.065951 0.1603 -0.57372 0.14427 1.6202 10.902 3.5037 1.4387
1.081 0.97959 0.098513 0.06642 0.16212 -0.54777 0.15261 1.6236 7.3421 -0.57736 12.601
1.0833 0.97933 0.097775 0.066894 0.16395 -0.53029 0.15124 1.6536 14.625 -1.3605 3.9454
1.0857 0.97905 0.097055 0.067366 0.16582 -0.49546 0.148 1.663 15.316 -4.8116 0.68435
1.0881 0.97877 0.096373 0.067829 0.1677 -0.459 0.13654 1.6646 1.2064 39.742 -0.48431
1.0905 0.97848 0.095731 0.06827 0.16959 -0.45613 0.23116 1.6635 -2.4154 3.3877 -2.2789
1.0929 0.97817 0.095111 0.068821 0.17146 -0.46188 0.23923 1.658 2.9603 0.5018 16.504
1.0952 0.97786 0.094486 0.069381 0.17333 -0.45483 0.24043 1.6973 1.4023 11.166 6.8701
1.0976 0.97754 0.093865 0.069946 0.17524 -0.45149 0.26701 1.7137 4.8396 4.8511 1.9602
1.1 0.97721 0.093253 0.070542 0.17717 -0.43997 0.27856 1.7184 7.1557 8.3222 7.4943
1.1024 0.97687 0.092655 0.07115 0.1791 -0.42293 0.29838 1.7362 16.945 4.0716 -0.40199
1.1048 0.97652 0.09208 0.071778 0.18105 -0.38258 0.30807 1.7352 -9.0843 11.635 -21.624
1.1071 0.97616 0.091553 0.072409 0.183 -0.40421 0.33577 1.6838 7.9641 -0.18781 -22.013
1.1095 0.97581 0.091011 0.07307 0.18488 -0.38525 0.33533 1.6313 11.1 4.6935 7.8692
1.1119 0.97546 0.090495 0.073721 0.18671 -0.35882 0.3465 1.6501 3.6044 5.4424 13.596
1.1143 0.9751 0.09001 0.074381 0.18855 -0.35024 0.35946 1.6824 15.744 2.8642 -4.7999
1.1167 0.97472 0.089535 0.075057 0.19044 -0.31276 0.36628 1.671 8.1065 1.6928 -8.4178
1.119 0.97434 0.089106 0.075731 0.19231 -0.29346 0.37031 1.651 16.397 10.509 -2.6149
1.1214 0.97396 0.088701 0.076403 0.19416 -0.25441 0.39533 1.6448 16.149 8.6957 -2.0638
1.1238 0.97357 0.088348 0.077093 0.196 -0.21596 0.41604 1.6398 2.9354 23.154 -23.604
1.1262 0.97317 0.088044 0.077798 0.19784 -0.20898 0.47116 1.5836 12.559 9.6658 -6.9257
1.1286 0.97277 0.087766 0.078559 0.1996 -0.17907 0.49418 1.5671 2.3924 25.973 4.7975
1.131 0.97237 0.087529 0.079338 0.20135 -0.17338 0.55602 1.5786 16.966 6.8172 1.1359
1.1333 0.97196 0.087313 0.080187 0.2031 -0.13298 0.57225 1.5813 10.036 13.847 -2.7993
1.1357 0.97153 0.087146 0.081046 0.20486 -0.10908 0.60522 1.5746 1.0098 16.377 -15.051
1.1381 0.9711 0.087015 0.081935 0.2066 -0.10668 0.64421 1.5388 5.4762 3.5794 -10.817
1.1405 0.97066 0.0869 0.082866 0.20831 -0.093641 0.65273 1.513 13.686 2.8882 -6.5009
1.1429 0.97023 0.086804 0.083799 0.20998 -0.061056 0.65961 1.4975 11.088 11.836 -6.433
1.1452 0.9698 0.086749 0.084731 0.21163 -0.034655 0.68779 1.4822 2.5525 19.601 -4.5744
1.1476 0.96936 0.086733 0.085687 0.21327 -0.028578 0.73446 1.4713 16.608 7.156 -2.8902
1.15 0.96891 0.086736 0.086694 0.21489 0.010965 0.7515 1.4645 4.2158 29.453 -1.0272
1.1524 0.96845 0.08679 0.087709 0.2165 0.021003 0.82163 1.462 -3.0381 25.937 -11.375
1.1548 0.96799 0.086873 0.088801 0.2181 0.013769 0.88338 1.4349 8.4497 12.314 -19.646
1.1571 0.96752 0.086966 0.089964 0.21967 0.033888 0.9127 1.3881 2.9685 18.225 -30.933
1.1595 0.96705 0.087095 0.09115 0.22117 0.040956 0.95609 1.3145 30.225 -5.7845 -33.44
1.1619 0.9666 0.087251 0.092376 0.22259 0.11292 0.94232 1.2349 10.734 21.847 -10.912
1.1643 0.96615 0.087495 0.093558 0.22393 0.13848 0.99433 1.2089 12.037 20.873 -11.88
1.1667 0.9657 0.087784 0.094791 0.22523 0.16713 1.044 1.1806 15.226 3.6447 -4.4613
1.169 0.96525 0.088123 0.09607 0.22649 0.20339 1.0527 1.17 -2.2447 23.295 -15.265
1.1714 0.96479 0.088507 0.097347 0.22775 0.19804 1.1082 1.1336 6.8681 23.592 -11.782
1.1738 0.96433 0.088903 0.098685 0.22896 0.21439 1.1643 1.1056 22.083 -3.2911 -7.288
1.1762 0.96387 0.089336 0.10008 0.23013 0.26697 1.1565 1.0882 23.477 12.802 -11.72
1.1786 0.9634 0.08983 0.10145 0.23129 0.32287 1.187 1.0603 17.828 1.1066 -8.9722
1.181 0.96293 0.090399 0.10284 0.23242 0.36532 1.1896 1.039 9.1658 16.42 4.5517
1.1833 0.96246 0.091019 0.10421 0.23352 0.38714 1.2287 1.0498 -3.8151 28.879 -0.27881
1.1857 0.96197 0.091674 0.10562 0.23464 0.37806 1.2975 1.0491 -11.854 24.993 -35.441
1.1881 0.96147 0.092337 0.10712 0.23575 0.34984 1.357 0.96476 -2.4606 8.2558 -24.557
1.1905 0.96098 0.092995 0.10868 0.23675 0.34398 1.3766 0.90629 1.6402 9.7334 -10.342
1.1929 0.96051 0.093659 0.11026 0.23767 0.34788 1.3998 0.88167 17.634 6.3107 -13.893
1.1952 0.96004 0.094337 0.11186 0.23857 0.38987 1.4148 0.84859 26.327 5.2831 -13.825
1.1976 0.95956 0.095072 0.11346 0.23943 0.45255 1.4274 0.81567 4.8956 1.3762 -13.223
1.2 0.95908 0.095885 0.11505 0.24026 0.46421 1.4307 0.78419 5.2916 8.3999 -11.75
1.2024 0.95861 0.096717 0.11664 0.24106 0.47681 1.4507 0.75621 9.5934 18.003 -8.8395
1.2048 0.95813 0.097572 0.11825 0.24182 0.49965 1.4936 0.73517 -2.5586 10.376 -12.118
1.2071 0.95765 0.098468 0.11989 0.24256 0.49356 1.5183 0.70631 25.936 -11.98 -13.321
1.2095 0.95717 0.099368 0.12156 0.24325 0.55531 1.4897 0.6746 18.01 -3.944 -9.2244
1.2119 0.95669 0.10033 0.12318 0.24393 0.59819 1.4804 0.65263 12.283 -0.62947 -22.805
1.2143 0.95621 0.10135 0.12477 0.24458 0.62744 1.4789 0.59834 11.785 17.024 -15.666
1.2167 0.95574 0.10241 0.12634 0.24518 0.6555 1.5194 0.56104 16.095 1.3075 -15.624
1.219 0.95527 0.10351 0.12795 0.24573 0.69382 1.5225 0.52384 15.008 -5.9933 -17.045
1.2214 0.95479 0.10466 0.12954 0.24624 0.72955 1.5082 0.48325 -8.2942 10.558 -30.254
1.2238 0.95433 0.10586 0.1311 0.24671 0.7098 1.5334 0.41122 9.9146 9.1666 -27.818
1.2262 0.95387 0.10705 0.13269 0.2471 0.73341 1.5552 0.34499 3.8145 16.254 -18.992
1.2286 0.95343 0.10829 0.13428 0.24741 0.74249 1.5939 0.29977 5.5855 14.149 -22.375
1.231 0.95299 0.10955 0.13591 0.24766 0.75579 1.6276 0.24649 -0.33687 8.9492 -3.7256
1.2333 0.95255 0.11085 0.13756 0.24785 0.75499 1.6489 0.23762 -4.8255 8.7921 -6.2967
1.2357 0.95211 0.11215 0.13924 0.24802 0.7435 1.6698 0.22263 0.16969 0.25964 -18.56
1.2381 0.95167 0.11345 0.14095 0.24817 0.7439 1.6704 0.17844 -9.0625 16.516 -15.008
1.2405 0.95123 0.11476 0.14264 0.24828 0.72233 1.7098 0.14271 -3.0349 17.565 -10.245
1.2429 0.9508 0.11606 0.14438 0.24833 0.7151 1.7516 0.11831 11.391 8.1034 -15.31
1.2452 0.95036 0.11736 0.14617 0.24834 0.74222 1.7709 0.08186 1.2396 12.355 -10.95
1.2476 0.94992 0.11871 0.14797 0.24831 0.74517 1.8003 0.055788 11.383 1.617 -16.071
1.25 0.94948 0.12008 0.14979 0.24825 0.77228 1.8041 0.017523 5.5843 -1.1431 1.6116
1.2524 0.94904 0.12148 0.1516 0.24815 0.78557 1.8014 0.02136 -6.6841 7.3884 -0.38563
1.2548 0.94859 0.1229 0.15341 0.24806 0.76966 1.819 0.020442 10.583 2.2602 -5.6878
1.2571 0.94814 0.1243 0.15524 0.24795 0.79485 1.8244 0.0068992 3.5353 -2.0864 -1.5539
1.2595 0.94768 0.12573 0.15706 0.24784 0.80327 1.8194 0.0031994 -8.7242 7.262 6.4545
1.2619 0.94722 0.12717 0.15888 0.24772 0.7825 1.8367 0.018567 -2.1612 15.651 -4.0273
1.2643 0.94674 0.12859 0.16072 0.24761 0.77735 1.874 0.0089784 5.4748 5.4453 -11.086
1.2667 0.94626 0.13002 0.16261 0.24748 0.79039 1.8869 -0.017416 30.664 1.3728 -0.086584
1.269 0.94577 0.13147 0.16449 0.24732 0.8634 1.8902 -0.017622 21.959 -7.2729 -9.7543
1.2714 0.94527 0.133 0.16637 0.24717 0.91568 1.8729 -0.040847 6.1092 -7.2837 2.4866
1.2738 0.94476 0.13459 0.1682 0.24701 0.93023 1.8556 -0.034927 -22.194 3.6519 -7.7959
1.2762 0.94425 0.13619 0.17 0.24686 0.87739 1.8643 -0.053488 -3.3764 -2.0783 -14.689
1.2786 0.94375 0.13773 0.17183 0.24667 0.86935 1.8593 -0.088462 22.918 -21.381 -19.973
1.281 0.94325 0.13927 0.17365 0.24645 0.92391 1.8084 -0.13602 10.228 -20.472 -15.413
1.2833 0.94276 0.14087 0.17539 0.24618 0.94827 1.7597 -0.17272 -3.2048 -7.8424 -12.486
1.2857 0.94228 0.14249 0.17706 0.24589 0.94064 1.741 -0.20244 1.9894 -3.2281 -4.7789
1.2881 0.94181 0.14409 0.1787 0.24557 0.94537 1.7333 -0.21382 22.934 -20.659 -26.071
1.2905 0.94134 0.1457 0.18033 0.24523 0.99998 1.6841 -0.2759 7.6478 -10.464 -21.947
1.2929 0.94088 0.14738 0.18188 0.24484 1.0182 1.6592 -0.32815 -0.76569 -6.7369 -12.22
1.2952 0.94043 0.14907 0.18338 0.24441 1.0164 1.6432 -0.35725 -3.8884 5.5264 -4.84
1.2976 0.94 0.15076 0.18486 0.24394 1.0071 1.6563 -0.36877 1.657 7.7125 -3.0829
1.3 0.93956 0.15245 0.18635 0.24345 1.011 1.6747 -0.37611 -16.495 15.941 -12.066
1.3024 0.93911 0.15415 0.18786 0.24295 0.97178 1.7126 -0.40484 -7.281 -5.3093 -5.6838
1.3048 0.93866 0.15582 0.18942 0.24239 0.95444 1.7 -0.41837 -2.7074 -6.3013 -4.6635
1.3071 0.93822 0.15747 0.19097 0.24183 0.94799 1.685 -0.42948 6.6577 -11.213 7.1961
1.3095 0.93778 0.15912 0.1925 0.24125 0.96385 1.6583 -0.41234 -9.3143 -19.327 14.65
1.3119 0.93733 0.16076 0.19399 0.24069 0.94167 1.6123 -0.37746 7.7834 -14.174 3.4652
1.3143 0.93688 0.16236 0.19545 0.24018 0.9602 1.5785 -0.36921 1.3301 -13.632 -16.403
1.3167 0.93643 0.16397 0.19686 0.23968 0.96337 1.5461 -0.40827 -7.5359 -9.0875 -15.946
1.319 0.936 0.16558 0.19823 0.23915 0.94542 1.5244 -0.44623 8.5901 -23.47 -13.162
1.3214 0.93558 0.16717 0.19957 0.23858 0.96588 1.4686 -0.47757 21.562 -16.557 -14.213
1.3238 0.93517 0.16878 0.20084 0.23798 1.0172 1.4291 -0.51141 12.508 -20.429 -11.038
1.3262 0.93477 0.17044 0.20204 0.23737 1.047 1.3805 -0.53769 8.7724 -17.762 5.6815
1.3286 0.93437 0.17212 0.20317 0.23674 1.0679 1.3382 -0.52416 2.2384 0.41771 -4.1209
1.331 0.93397 0.17381 0.20425 0.23614 1.0732 1.3392 -0.53398 -17.201 -11.645 1.2155
1.3333 0.93357 0.17551 0.20533 0.23553 1.0323 1.3115 -0.53108 21.271 -32.438 -13.159
1.3357 0.93319 0.17716 0.20638 0.23492 1.0829 1.2342 -0.56241 0.08769 -15.722 -7.1809
1.3381 0.93281 0.17884 0.20733 0.2343 1.0831 1.1968 -0.57951 -12.432 -14.074 -6.5216
1.3405 0.93244 0.18052 0.20823 0.23367 1.0535 1.1633 -0.59504 -21.421 -15.875 5.1941
1.3429 0.93209 0.18216 0.2091 0.23302 1.0025 1.1255 -0.58267 -19.165 -8.7281 2.7821
1.3452 0.93175 0.18373 0.20995 0.23238 0.95688 1.1047 -0.57605 5.287 -29.247 8.8996
1.3476 0.93143 0.18524 0.21078 0.23173 0.96947 1.0351 -0.55486 -6.8807 -33.983 -9.2026
1.35 0.9311 0.18674 0.21154 0.23113 0.95308 0.95417 -0.57677 6.4089 -43.16 -17.777
1.3524 0.93081 0.18821 0.21221 0.23052 0.96834 0.8514 -0.6191 2.3308 -32.885 0.91434
1.3548 0.93055 0.18967 0.21275 0.22989 0.97389 0.77311 -0.61692 -3.9987 -22.925 1.5733
1.3571 0.9303 0.19111 0.2132 0.22928 0.96437 0.71852 -0.61317 -1.3499 -28.17 -6.3504
1.3595 0.93006 0.19253 0.21359 0.22868 0.96116 0.65145 -0.62829 10.432 -32.107 20.076
1.3619 0.92985 0.19394 0.2139 0.22808 0.986 0.57501 -0.58049 1.9599 -31.302 3.3531
1.3643 0.92963 0.19533 0.21414 0.22755 0.99066 0.50048 -0.57251 -15.484 -21.097 1.3671
1.3667 0.92942 0.19671 0.21429 0.22706 0.9538 0.45025 -0.56926 -10.591 -21.622 11.719
1.369 0.92924 0.19803 0.2144 0.22656 0.92858 0.39877 -0.54135 -5.1642 -26.225 7.0922
1.3714 0.92906 0.1993 0.21446 0.22611 0.91628 0.33633 -0.52447 -4.8352 -28.274 10.815
1.3738 0.9289 0.20054 0.21446 0.22568 0.90477 0.26901 -0.49872 -12.548 -7.1008 3.6442
1.3762 0.92875 0.20174 0.2144 0.2253 0.8749 0.2521 -0.49004 -11.675 -6.9873 11.777
1.3786 0.92861 0.2029 0.21432 0.22492 0.8471 0.23546 -0.462 -8.3271 -18.11 1.9054
1.381 0.92846 0.20402 0.21424 0.22457 0.82727 0.19234 -0.45746 -9.6525 -18.386 6.3194
1.3833 0.92834 0.2051 0.21412 0.22423 0.80429 0.14857 -0.44242 -20.027 -6.4576 10.464
1.3857 0.92822 0.20614 0.21397 0.22391 0.75661 0.13319 -0.4175 -2.3438 -24.074 -3.933
1.3881 0.92811 0.20712 0.21381 0.2236 0.75103 0.075871 -0.42687 5.5345 -28.279 10.314
1.3905 0.92802 0.20808 0.21359 0.2233 0.7642 0.0085395 -0.40231 3.8447 -33.429 -4.3153
1.3929 0.92793 0.20903 0.21329 0.22305 0.77336 -0.071054 -0.41258 -32.275 -5.2372 16.227
1.3952 0.92787 0.20997 0.21291 0.22281 0.69651 -0.083523 -0.37395 -32.333 -10.509 8.7314
1.3976 0.92781 0.21081 0.21254 0.22259 0.61953 -0.10854 -0.35316 -18.256 -26.473 6.4659
1.4 0.92778 0.21155 0.21216 0.22239 0.57606 -0.17158 -0.33776 -24.202 -16.925 0.45869
1.4024 0.92777 0.21223 0.21174 0.2222 0.51844 -0.21187 -0.33667 -54.732 -28.508 -3.0671
1.4048 0.92778 0.21283 0.21128 0.22202 0.38813 -0.27975 -0.34397 -31.902 -8.4336 2.4243
1.4071 0.92784 0.21327 0.21078 0.2218 0.31217 -0.29983 -0.3382 -1.8821 -16.116 -3.3741
1.4095 0.92793 0.21362 0.21028 0.22159 0.30769 -0.3382 -0.34624 -4.8976 -21.644 -1.796
1.4119 0.92802 0.21396 0.20974 0.22137 0.29603 -0.38973 -0.35051 -7.2218 -21.176 -12.082
1.4143 0.92814 0.21427 0.20914 0.22115 0.27883 -0.44015 -0.37928 0.0041191 -23.983 -5.6615
1.4167 0.92828 0.21456 0.20849 0.22091 0.27884 -0.49725 -0.39276 -6.0662 -17.199 3.5491
1.419 0.92843 0.21483 0.20776 0.22068 0.2644 -0.5382 -0.38431 -15.243 -9.249 1.7914
1.4214 0.9286 0.21508 0.207 0.22045 0.22811 -0.56022 -0.38004 -7.765 -24.114 3.1942
1.4238 0.92878 0.21528 0.20622 0.22023 0.20962 -0.61764 -0.37244 -13.223 -10.898 -0.15673
1.4262 0.92897 0.21544 0.20539 0.22003 0.17813 -0.64359 -0.37281 -9.2948 -21.97 -2.3953
1.4286 0.92918 0.21556 0.20454 0.21983 0.156 -0.6959 -0.37851 -19.021 -14.218 20.359
1.431 0.92941 0.21564 0.20363 0.21963 0.11071 -0.72975 -0.33004 -17.618 -27.155 16.131
1.4333 0.92964 0.21565 0.20271 0.21947 0.068766 -0.79441 -0.29163 -34.061 -9.0077 6.3886
1.4357 0.92989 0.21559 0.20173 0.21937 -0.012333 -0.81585 -0.27642 -32.526 -4.179 -1.2909
1.4381 0.93016 0.21543 0.20076 0.21927 -0.089776 -0.8258 -0.27949 -41.978 11.96 25.162
1.4405 0.93046 0.21518 0.1998 0.21915 -0.18972 -0.79733 -0.21958 -11.498 -13.845 -5.4416
1.4429 0.93075 0.21482 0.19891 0.21907 -0.2171 -0.83029 -0.23254 12.149 -30.554 -24.647
1.4452 0.93106 0.21441 0.19799 0.21897 -0.18817 -0.90304 -0.29122 -1.2251 -25.153 -14.019
1.4476 0.9314 0.21404 0.19696 0.21884 -0.19109 -0.96293 -0.3246 -1.9444 -24.936 -13.854
1.45 0.93176 0.21365 0.19586 0.21868 -0.19572 -1.0223 -0.35759 -15.102 -19.014 -2.7661
1.4524 0.93214 0.21325 0.19469 0.21849 -0.23168 -1.0676 -0.36417 -19.984 -24.376 -16.638
1.4548 0.93254 0.2128 0.19347 0.21831 -0.27926 -1.1256 -0.40379 -18.103 -9.5563 -7.0101
1.4571 0.93297 0.21229 0.19219 0.21808 -0.32236 -1.1484 -0.42048 -13.627 -14.195 -2.9584
1.4595 0.93342 0.21173 0.19089 0.21783 -0.35481 -1.1822 -0.42752 0.54166 -19.444 -16.014
1.4619 0.93389 0.21113 0.18956 0.21757 -0.35352 -1.2285 -0.46565 -10.262 -13.388 -2.0263
1.4643 0.93438 0.21052 0.18817 0.21728 -0.37795 -1.2603 -0.47048 -24.958 -6.6165 -6.5882
1.4667 0.93488 0.20988 0.18675 0.21699 -0.43737 -1.2761 -0.48616 -16.72 -1.5179 -8.7421
1.469 0.93539 0.20917 0.18532 0.21667 -0.47718 -1.2797 -0.50698 -35.194 2.9098 0.25563
1.4714 0.93592 0.20842 0.18389 0.21632 -0.56098 -1.2728 -0.50637 -49.832 7.4809 5.5175
1.4738 0.93647 0.20758 0.18249 0.21595 -0.67962 -1.255 -0.49323 3.2884 -1.3263 -12.688
1.4762 0.93704 0.20661 0.18114 0.21556 -0.6718 -1.2581 -0.52344 -18.094 -2.1136 -6.0624
1.4786 0.9376 0.20565 0.17978 0.21514 -0.71488 -1.2631 -0.53787 -0.11775 -2.964 -12.78
1.481 0.93819 0.20464 0.17843 0.21469 -0.71516 -1.2702 -0.5683 -6.1876 -16.41 -2.0251
1.4833 0.93877 0.20364 0.17705 0.21422 -0.72989 -1.3093 -0.57312 -8.209 -16.622 -8.7922
1.4857 0.93937 0.20261 0.17563 0.21374 -0.74943 -1.3489 -0.59406 -2.6222 0.35972 -11.15
1.4881 0.93998 0.20155 0.17417 0.21324 -0.75568 -1.348 -0.6206 1.7916 -9.2176 -4.1238
1.4905 0.9406 0.20049 0.17271 0.21272 -0.75141 -1.3699 -0.63042 -0.57142 3.1425 -0.044699
1.4929 0.94122 0.19943 0.17121 0.21218 -0.75277 -1.3625 -0.63053 -5.4371 -5.1331 -3.8773
1.4952 0.94183 0.19837 0.16973 0.21164 -0.76572 -1.3747 -0.63976 -23.137 -3.9611 -20.533
1.4976 0.94245 0.19729 0.16823 0.2111 -0.8208 -1.3841 -0.68865 -24.935 5.1576 -13.139
1.5 0.94309 0.19616 0.16672 0.21048 -0.88017 -1.3718 -0.71993 1.4888 -9.2508 -2.1293
1.5024 0.94375 0.19497 0.16523 0.20982 -0.87663 -1.3939 -0.725 -10.003 -2.0364 -1.0657
1.5048 0.9444 0.19378 0.16371 0.20916 -0.90044 -1.3987 -0.72754 -17.275 17.355 16.393
1.5071 0.94506 0.19256 0.1622 0.20849 -0.94158 -1.3574 -0.68851 -14.876 18.59 18.637
1.5095 0.94571 0.1913 0.16075 0.20784 -0.977 -1.3131 -0.64413 -11.468 1.4654 -8.7436
1.5119 0.94634 0.19 0.15936 0.20723 -1.0043 -1.3096 -0.66495 -7.7806 -12.871 -3.1883
1.5143 0.94698 0.18867 0.15798 0.20658 -1.0228 -1.3403 -0.67254 -10.244 11.346 -16.946
1.5167 0.94762 0.18731 0.15657 0.20593 -1.0472 -1.3133 -0.71289 -16.115 -7.9679 -6.8584
1.519 0.94827 0.18594 0.15519 0.20523 -1.0856 -1.3322 -0.72922 -5.6649 -10.52 -6.3958
1.5214 0.94894 0.18453 0.15379 0.2045 -1.0991 -1.3573 -0.74445 -7.3494 -9.5559 -5.5165
1.5238 0.94961 0.18309 0.15236 0.20375 -1.1166 -1.38 -0.75758 -5.208 -14.068 -6.7186
1.5262 0.95028 0.18163 0.1509 0.20299 -1.129 -1.4135 -0.77358 3.0453 -11.894 -4.1701
1.5286 0.95096 0.18015 0.14941 0.20222 -1.1217 -1.4419 -0.78351 -3.7387 -13.204 -6.1751
1.531 0.95165 0.17867 0.14788 0.20144 -1.1306 -1.4733 -0.79821 3.2191 -12.303 -13.746
1.5333 0.95233 0.17718 0.14631 0.20065 -1.123 -1.5026 -0.83094 -7.6132 -3.7538 -4.4418
1.5357 0.95303 0.17569 0.1447 0.19983 -1.1411 -1.5115 -0.84151 -20.515 13.369 -0.88034
1.5381 0.95372 0.17418 0.14308 0.19899 -1.1899 -1.4797 -0.84361 -10.666 10.382 -0.84014
1.5405 0.95442 0.17262 0.14151 0.19814 -1.2153 -1.455 -0.84561 -10.003 -0.55084 -3.1662
1.5429 0.95511 0.17104 0.13997 0.19727 -1.2391 -1.4563 -0.85315 -9.3729 -1.3435 -16.731
1.5452 0.9558 0.16943 0.13843 0.19639 -1.2615 -1.4595 -0.89298 -9.3581 -5.4474 -10.433
1.5476 0.95651 0.1678 0.13688 0.19546 -1.2837 -1.4725 -0.91782 -9.9234 -0.92157 -8.1238
1.55 0.95721 0.16614 0.13532 0.1945 -1.3074 -1.4746 -0.93717 -13.181 -4.4206 -3.4309
1.5524 0.95792 0.16446 0.13375 0.19351 -1.3388 -1.4852 -0.94534 -5.5602 -9.278 2.962
1.5548 0.95863 0.16274 0.13218 0.19251 -1.352 -1.5073 -0.93828 8.698 -15.951 -0.84037
1.5571 0.95935 0.161 0.13059 0.19152 -1.3313 -1.5452 -0.94028 13.895 -17.696 -14.831
1.5595 0.96005 0.15928 0.12895 0.19054 -1.2982 -1.5874 -0.9756 5.1312 -6.6692 -9.1932
1.5619 0.96076 0.15758 0.12724 0.18952 -1.286 -1.6033 -0.99748 -2.1158 -7.4902 4.0365
1.5643 0.96147 0.1559 0.12551 0.18849 -1.291 -1.6211 -0.98787 -15.908 7.5358 -4.9901
1.5667 0.96217 0.1542 0.12376 0.18746 -1.3289 -1.6031 -0.99975 5.1252 -2.9919 -7.0464
1.569 0.96286 0.15247 0.12204 0.18641 -1.3167 -1.6103 -1.0165 -22.649 12.305 -0.4872
1.5714 0.96356 0.15075 0.1203 0.18535 -1.3706 -1.581 -1.0177 -30.23 24.924 -6.5775
1.5738 0.96425 0.14898 0.11861 0.18427 -1.4426 -1.5216 -1.0334 -19.682 2.7272 0.9283
1.5762 0.96495 0.14713 0.11699 0.18315 -1.4895 -1.5151 -1.0311 -14.173 7.3919 7.1252
1.5786 0.96564 0.14523 0.1154 0.18202 -1.5232 -1.4975 -1.0142 -11.156 5.6009 5.1005
1.581 0.96632 0.1433 0.11383 0.1809 -1.5498 -1.4842 -1.002 -21.166 8.6873 -2.0252
1.5833 0.967 0.14133 0.11228 0.17979 -1.6002 -1.4635 -1.0069 -32.526 13.428 7.5412
1.5857 0.96768 0.13931 0.11077 0.17867 -1.6776 -1.4315 -0.9889 -21.966 20.547 14.587
1.5881 0.96835 0.1372 0.10931 0.17754 -1.7299 -1.3826 -0.95417 -7.5476 13.682 16.004
1.5905 0.96901 0.13504 0.10793 0.17644 -1.7479 -1.35 -0.91606 -27.346 23.259 2.7872
1.5929 0.96965 0.13285 0.10659 0.17538 -1.813 -1.2947 -0.90943 -27.547 11.947 -1.0432
1.5952 0.97029 0.13061 0.10533 0.1743 -1.8786 -1.2662 -0.91191 -11.19 -4.401 11.911
1.5976 0.97093 0.12829 0.10412 0.17321 -1.9052 -1.2767 -0.88355 -7.6979 11.182 2.1569
1.6 0.97155 0.12593 0.1029 0.17215 -1.9235 -1.2501 -0.87842 1.1829 -8.5484 -5.6134
1.6024 0.97217 0.12356 0.10171 0.17108 -1.9207 -1.2704 -0.89178 -8.7032 3.0204 2.1111
1.6048 0.97279 0.12118 0.1005 0.17 -1.9414 -1.2632 -0.88675 -17.868 23.909 5.7165
1.6071 0.97339 0.11878 0.099306 0.16892 -1.984 -1.2063 -0.87314 -3.3101 -1.7042 7.4472
1.6095 0.97399 0.11635 0.098183 0.16785 -1.9919 -1.2104 -0.85541 -6.5662 7.6491 2.5657
1.6119 0.97457 0.11389 0.097059 0.16679 -2.0075 -1.1922 -0.8493 2.2755 4.4152 0.93358
1.6143 0.97515 0.11143 0.095959 0.16573 -2.0021 -1.1816 -0.84708 -9.3955 6.7422 1.4909
1.6167 0.97571 0.10896 0.094869 0.16468 -2.0245 -1.1656 -0.84353 -12.605 25.106 5.7882
1.619 0.97626 0.10648 0.093802 0.16362 -2.0545 -1.1058 -0.82975 -2.6344 0.94555 14.886
1.6214 0.97681 0.10397 0.092812 0.16257 -2.0607 -1.1036 -0.79431 4.3439 13.057 14.286
1.6238 0.97733 0.10145 0.091828 0.16155 -2.0504 -1.0725 -0.76029 31.852 12.998 -10.917
1.6262 0.97784 0.098936 0.090883 0.16057 -1.9746 -1.0415 -0.78628 -18.418 27.581 2.8395
1.6286 0.97833 0.096523 0.089955 0.15956 -2.0184 -0.97586 -0.77952 -7.6262 5.2952 2.854
1.631 0.97881 0.09407 0.089112 0.15855 -2.0366 -0.96325 -0.77273 19.281 -13.464 8.2363
1.6333 0.97928 0.091597 0.088287 0.15754 -1.9907 -0.99531 -0.75312 -15.319 0.80131 -2.4573
1.6357 0.97974 0.089168 0.087417 0.15656 -2.0271 -0.9934 -0.75897 -7.7338 3.2487 5.4854
1.6381 0.9802 0.086697 0.086556 0.15557 -2.0455 -0.98567 -0.74591 14.457 9.463 34.448
1.6405 0.98065 0.084204 0.085707 0.15459 -2.0111 -0.96314 -0.66389 3.9603 9.4956 14.838
1.6429 0.98106 0.081747 0.084886 0.15371 -2.0017 -0.94053 -0.62856 14.402 4.7872 8.2348
1.6452 0.98146 0.0793 0.084092 0.15286 -1.9674 -0.92913 -0.60895 -4.0628 21.085 10.733
1.6476 0.98185 0.076893 0.083307 0.15204 -1.9771 -0.87893 -0.5834 -8.879 30.477 10.48
1.65 0.98222 0.07448 0.082583 0.15124 -1.9982 -0.80636 -0.55845 19.256 1.5331 9.4493
1.6524 0.98257 0.072053 0.081951 0.15046 -1.9524 -0.80271 -0.53595 -11.748 15.078 16.332
1.6548 0.98291 0.069678 0.081315 0.14971 -1.9803 -0.76681 -0.49706 -16.517 36.118 19.897
1.6571 0.98324 0.067272 0.080729 0.149 -2.0197 -0.68082 -0.44969 -23.927 12.654 18.617
1.6595 0.98354 0.06483 0.080254 0.14834 -2.0766 -0.65069 -0.40536 -27.518 26.129 12.438
1.6619 0.98383 0.062322 0.079828 0.14771 -2.1422 -0.58848 -0.37575 -17.975 34.853 11.6
1.6643 0.98411 0.059745 0.079487 0.14711 -2.185 -0.50549 -0.34813 9.1985 15.146 15.786
1.6667 0.98437 0.057129 0.079252 0.14653 -2.1631 -0.46943 -0.31054 21.58 5.1576 17.528
1.669 0.98461 0.054542 0.079058 0.146 -2.1117 -0.45715 -0.26881 4.0088 18.83 35.218
1.6714 0.98483 0.052012 0.078872 0.14551 -2.1021 -0.41232 -0.18496 7.6753 23.305 15.581
1.6738 0.98503 0.049493 0.078741 0.14512 -2.0839 -0.35683 -0.14786 -8.5002 27.229 12.38
1.6762 0.98521 0.047002 0.078673 0.14478 -2.1041 -0.292 -0.11838 -8.1988 22.545 8.5515
1.6786 0.98537 0.044495 0.078687 0.14446 -2.1236 -0.23832 -0.098021 -8.0735 21.812 1.9808
1.681 0.98552 0.041972 0.078767 0.14415 -2.1428 -0.18638 -0.093305 -10.288 23.379 6.3294
1.6833 0.98566 0.039434 0.078911 0.14385 -2.1673 -0.13072 -0.078235 -4.2559 10.656 -0.51008
1.6857 0.98578 0.036876 0.079125 0.14356 -2.1775 -0.10535 -0.079449 17.48 -3.2802 -1.4015
1.6881 0.9859 0.03431 0.079369 0.14327 -2.1358 -0.11316 -0.082786 12.875 3.4686 6.7308
1.6905 0.98601 0.031791 0.079597 0.14297 -2.1052 -0.1049 -0.06676 5.1914 21.38 6.371
1.6929 0.98611 0.029309 0.07983 0.1427 -2.0928 -0.053996 -0.051591 7.2478 6.1319 1.9972
1.6952 0.98619 0.026847 0.08012 0.14244 -2.0756 -0.039396 -0.046836 5.5835 10.419 6.9568
1.6976 0.98626 0.024408 0.080424 0.14219 -2.0623 -0.01459 -0.030272 25.195 -0.66292 8.5558
1.7 0.98633 0.021987 0.080755 0.14196 -2.0023 -0.016168 -0.0099013 5.914 22.801 -6.1387
1.7024 0.98638 0.019634 0.081073 0.14175 -1.9882 0.03812 -0.024517 1.4154 25.208 -3.167
1.7048 0.98643 0.017308 0.081453 0.14153 -1.9848 0.09814 -0.032058 12.534 -7.7687 -4.8257
1.7071 0.98646 0.014997 0.081902 0.1413 -1.955 0.079643 -0.043548 -9.3999 25.299 -0.3598
1.7095 0.98649 0.012719 0.082323 0.14105 -1.9774 0.13988 -0.044404 -23.265 37.208 4.3241
1.7119 0.98651 0.010425 0.082819 0.14081 -2.0328 0.22847 -0.034109 22.198 -0.22894 8.6812
1.7143 0.98652 0.0080789 0.083427 0.14056 -1.9799 0.22792 -0.013439 -0.12853 21.502 5.715
1.7167 0.98651 0.0057931 0.084026 0.14035 -1.9802 0.27912 0.00016793 3.1879 13.147 12.292
1.719 0.9865 0.0035141 0.084684 0.14015 -1.9726 0.31042 0.029435 9.7252 13.717 21.572
1.7214 0.98647 0.0012462 0.085378 0.13998 -1.9495 0.34308 0.080796 5.9567 9.3334 -0.28847
1.7238 0.98642 -0.00099421 0.086105 0.13988 -1.9353 0.3653 0.080109 22.898 2.0784 1.4995
1.7262 0.98636 -0.0032142 0.086856 0.13977 -1.8808 0.37025 0.08368 15.162 16.679 17.38
1.7286 0.9863 -0.0053697 0.087603 0.13968 -1.8447 0.40996 0.12506 5.4461 22.709 15.125
1.731 0.98622 -0.0074805 0.08839 0.13963 -1.8317 0.46403 0.16107 24.458 8.8865 5.6811
1.7333 0.98613 -0.0095709 0.089238 0.13963 -1.7735 0.48519 0.1746 31.032 4.6069 0.018534
1.7357 0.98602 -0.011591 0.0901 0.13966 -1.6996 0.49616 0.17464 20.246 14.122 -1.5792
1.7381 0.98592 -0.013522 0.090963 0.13969 -1.6514 0.52978 0.17088 15.542 3.5914 -4.282
1.7405 0.9858 -0.015391 0.091856 0.13972 -1.6144 0.53834 0.16069 11.595 18.014 4.107
1.7429 0.98568 -0.017213 0.092753 0.13974 -1.5868 0.58123 0.17047 18.478 8.3645 -0.2366
1.7452 0.98556 -0.018997 0.093695 0.13977 -1.5428 0.60114 0.1699 -6.5722 21.863 13.33
1.7476 0.98543 -0.020726 0.094653 0.13981 -1.5584 0.6532 0.20164 7.0489 12.618 18.219
1.75 0.98528 -0.022468 0.095674 0.13989 -1.5416 0.68324 0.24502 0.31876 10.496 10.077
1.7524 0.98512 -0.024191 0.096725 0.14002 -1.5409 0.70823 0.26902 -23.527 50.045 6.3351
1.7548 0.98494 -0.025911 0.097805 0.14018 -1.5969 0.82738 0.2841 19.856 -7.7626 8.7548
1.7571 0.98475 -0.027678 0.099033 0.14035 -1.5496 0.8089 0.30495 -0.37148 7.0431 8.1346
1.7595 0.98455 -0.029396 0.10023 0.14055 -1.5505 0.82567 0.32431 -31.142 2.9935 -14.346
1.7619 0.98434 -0.031113 0.10145 0.14078 -1.6247 0.8328 0.29016 8.5074 1.2636 8.2091
1.7643 0.98413 -0.032913 0.10268 0.14095 -1.6044 0.83581 0.3097 17.73 11.895 22.661
1.7667 0.98391 -0.03469 0.10392 0.14115 -1.5622 0.86413 0.36366 19.688 6.1592 17.909
1.769 0.98367 -0.036419 0.10518 0.14142 -1.5153 0.87879 0.4063 22.397 -2.748 0.36653
1.7714 0.98343 -0.038097 0.10644 0.14174 -1.462 0.87225 0.40717 18.467 -8.4907 -12.267
1.7738 0.98318 -0.039713 0.10769 0.14207 -1.418 0.85203 0.37796 22.413 -2.7627 11.992
1.7762 0.98294 -0.041277 0.10891 0.14237 -1.3647 0.84545 0.40652 10.331 -1.7139 -2.6325
1.7786 0.98269 -0.042783 0.11011 0.14271 -1.3401 0.84137 0.40025 -1.6192 -0.44361 -21.901
1.781 0.98244 -0.04426 0.1113 0.14305 -1.3439 0.84032 0.3481 6.902 6.4852 5.775
1.7833 0.9822 -0.045735 0.1125 0.14332 -1.3275 0.85576 0.36185 7.1723 -0.017298 7.0914
1.7857 0.98195 -0.047189 0.1137 0.14361 -1.3104 0.85572 0.37874 4.7437 4.4725 6.0398
1.7881 0.98169 -0.048626 0.11491 0.14393 -1.2991 0.86637 0.39312 7.8179 -6.8163 5.5499
1.7905 0.98143 -0.050049 0.11612 0.14426 -1.2805 0.85014 0.40633 -5.2716 9.5954 6.2225
1.7929 0.98116 -0.051456 0.11731 0.14461 -1.293 0.87298 0.42115 2.6513 1.433 4.4567
1.7952 0.98089 -0.052874 0.11852 0.14497 -1.2867 0.8764 0.43176 -10.895 -4.4403 8.3573
1.7976 0.98061 -0.054286 0.11974 0.14535 -1.3127 0.86582 0.45166 2.4623 4.065 10.717
1.8 0.98032 -0.055733 0.12095 0.14574 -1.3068 0.8755 0.47717 -0.95951 1.7845 -0.38208
1.8024 0.98002 -0.057175 0.12217 0.14617 -1.3091 0.87975 0.47626 -5.5715 5.5083 8.4513
1.8048 0.97972 -0.058618 0.12339 0.14659 -1.3224 0.89287 0.49639 0.19901 -1.8574 17.91
1.8071 0.97941 -0.060078 0.12463 0.14704 -1.3219 0.88844 0.53903 4.5841 -9.7077 -1.8492
1.8095 0.97908 -0.061543 0.12585 0.14754 -1.311 0.86533 0.53463 -3.5545 0.19 16.178
1.8119 0.97876 -0.062999 0.12705 0.14803 -1.3194 0.86578 0.57315 5.8999 -7.7939 7.5419
1.8143 0.97843 -0.064471 0.12825 0.14856 -1.3054 0.84722 0.5911 -2.6354 -8.4165 -7.3985
1.8167 0.97809 -0.065932 0.12942 0.14911 -1.3117 0.82719 0.57349 -8.4412 8.9647 4.2029
1.819 0.97776 -0.0674 0.13058 0.14964 -1.3318 0.84853 0.58349 0.77483 -4.7495 11.734
1.8214 0.97742 -0.06889 0.13175 0.15018 -1.3299 0.83722 0.61143 0.76421 -9.6763 12.69
1.8238 0.97706 -0.070383 0.13291 0.15075 -1.3281 0.81418 0.64165 11.782 -10.004 1.6974
1.8262 0.97671 -0.071883 0.13405 0.15136 -1.3 0.79036 0.64569 13.455 -15.939 0.14759
1.8286 0.97635 -0.073356 0.13514 0.15197 -1.268 0.75241 0.64604 16.32 -23.382 1.8621
1.831 0.976 -0.074797 0.13619 0.15258 -1.2291 0.69674 0.65047 7.7871 -12.028 -0.45199
1.8333 0.97566 -0.076204 0.13717 0.1532 -1.2106 0.6681 0.6494 -4.9646 -6.912 9.1445
1.8357 0.97532 -0.077594 0.1381 0.15382 -1.2224 0.65165 0.67117 -1.6964 -5.5766 9.9039
1.8381 0.97497 -0.079004 0.13902 0.15446 -1.2265 0.63837 0.69475 6.7498 -10.521 0.41785
1.8405 0.97462 -0.080425 0.13992 0.15512 -1.2104 0.61332 0.69575 7.2771 -13.452 3.474
1.8429 0.97428 -0.081832 0.14079 0.15578 -1.1931 0.58129 0.70402 -25.462 11.114 -4.5424
1.8452 0.97393 -0.083226 0.14162 0.15646 -1.2537 0.60775 0.6932 -13.203 7.009 -6.5012
1.8476 0.97357 -0.084683 0.14249 0.15711 -1.2851 0.62444 0.67772 7.6082 -12.062 3.2919
1.85 0.97321 -0.086171 0.14338 0.15774 -1.267 0.59572 0.68556 -6.1066 2.9885 1.885
1.8524 0.97285 -0.087644 0.14424 0.15838 -1.2816 0.60284 0.69005 3.4433 -10.367 12.776
1.8548 0.97248 -0.089133 0.14511 0.15902 -1.2734 0.57815 0.72047 12.236 -19.427 4.5491
1.8571 0.9721 -0.090622 0.14594 0.15969 -1.2442 0.5319 0.7313 -4.49 -3.0404 5.6535
1.8595 0.97174 -0.092087 0.14671 0.16038 -1.2549 0.52466 0.74476 11.071 -14.239 -1.2186
1.8619 0.97136 -0.093569 0.14748 0.16108 -1.2286 0.49076 0.74186 23.425 -23.552 -4.201
1.8643 0.971 -0.095025 0.1482 0.16178 -1.1728 0.43468 0.73186 16.143 -18.507 4.8278
1.8667 0.97065 -0.096426 0.14884 0.16247 -1.1343 0.39062 0.74335 6.8639 -1.2168 3.4268
1.869 0.9703 -0.097793 0.14943 0.16317 -1.118 0.38772 0.75151 -2.6477 10.148 -0.63652
1.8714 0.96995 -0.099143 0.15001 0.16388 -1.1243 0.41189 0.74999 14.67 -5.8254 13.991
1.8738 0.9696 -0.10049 0.15061 0.1646 -1.0894 0.39802 0.7833 6.4337 -7.208 6.1691
1.8762 0.96924 -0.10181 0.15119 0.16535 -1.0741 0.38085 0.79799 5.3499 -11.171 -2.0979
1.8786 0.96889 -0.10312 0.15175 0.16613 -1.0613 0.35426 0.793 1.2682 0.6952 0.46478
1.881 0.96853 -0.10442 0.15227 0.16689 -1.0583 0.35591 0.7941 28.631 -5.2389 -15.776
1.8833 0.96818 -0.10571 0.15279 0.16766 -0.99013 0.34344 0.75654 0.43087 -2.1034 6.0582
1.8857 0.96784 -0.10692 0.15329 0.16839 -0.98911 0.33843 0.77097 -7.5634 0.86481 18.011
1.8881 0.9675 -0.10814 0.15378 0.16914 -1.0071 0.34049 0.81385 8.9465 -8.7798 15.462
1.8905 0.96714 -0.10938 0.15427 0.16994 -0.98581 0.31958 0.85066 4.8916 -13.952 11.252
1.8929 0.96678 -0.1106 0.15472 0.17078 -0.97417 0.28637 0.87745 10.177 -29.45 21.181
1.8952 0.96642 -0.11183 0.15513 0.17165 -0.94993 0.21625 0.92788 12.182 -14.764 3.8053
1.8976 0.96606 -0.11305 0.15545 0.17257 -0.92093 0.18109 0.93694 23.161 -22.768 -6.8625
1.9 0.96571 -0.11424 0.15573 0.1735 -0.86578 0.12688 0.9206 16.724 -15.255 -5.2046
1.9024 0.96538 -0.11538 0.15592 0.17442 -0.82596 0.090563 0.90821 17.494 -17.44 1.5745
1.9048 0.96506 -0.11648 0.15608 0.17532 -0.78431 0.049038 0.91196 18.384 -15.853 0.31802
1.9071 0.96475 -0.11754 0.15617 0.17623 -0.74054 0.011293 0.91272 -0.40793 3.197 5.897
1.9095 0.96445 -0.11856 0.15621 0.17714 -0.74151 0.018905 0.92676 -3.3281 1.8567 12.199
1.9119 0.96415 -0.11958 0.15626 0.17807 -0.74943 0.023326 0.9558 0.46923 -2.0256 14.399
1.9143 0.96383 -0.12061 0.15631 0.17903 -0.74832 0.018503 0.99009 5.783 -8.0928 7.5015
1.9167 0.96351 -0.12165 0.15634 0.18003 -0.73455 -0.00076571 1.0079 20.471 -24.445 -2.8208
1.919 0.96318 -0.12268 0.15635 0.18105 -0.68581 -0.058968 1.0012 10.197 -7.5117 -3.4516
1.9214 0.96288 -0.12366 0.15629 0.18206 -0.66153 -0.076853 0.99301 -0.43914 -0.48443 0.75513
1.9238 0.96258 -0.12462 0.1562 0.18306 -0.66257 -0.078007 0.99481 12.555 -12.309 12.18
1.9262 0.96228 -0.12559 0.1561 0.18407 -0.63268 -0.10731 1.0238 7.3903 -13.103 3.5809
1.9286 0.96198 -0.12652 0.15597 0.18511 -0.61508 -0.13851 1.0323 7.3502 -14.545 -4.0158
1.931 0.96168 -0.12745 0.15579 0.18615 -0.59758 -0.17314 1.0228 5.588 -14.452 3.5142
1.9333 0.9614 -0.12836 0.15557 0.18719 -0.58428 -0.20755 1.0311 3.3068 -10.45 4.1186
1.9357 0.96111 -0.12927 0.1553 0.18823 -0.57641 -0.23243 1.041 10.756 -14.602 -1.1879
1.9381 0.96083 -0.13017 0.155 0.18928 -0.5508 -0.2672 1.0381 0.023106 -5.2355 -4.4545
1.9405 0.96056 -0.13105 0.15466 0.19032 -0.55074 -0.27966 1.0275 12.846 -17.071 -4.3875
1.9429 0.9603 -0.13194 0.15431 0.19135 -0.52016 -0.32031 1.0171 6.1696 -11.912 1.8691
1.9452 0.96004 -0.13279 0.1539 0.19237 -0.50547 -0.34867 1.0215 -1.5856 -3.7218 2.7654
1.9476 0.95979 -0.13363 0.15345 0.19339 -0.50924 -0.35753 1.0281 -2.8953 0.034835 -1.8738
1.95 0.95954 -0.13449 0.153 0.19441 -0.51614 -0.35745 1.0236 14.845 -21.738 4.2394
1.9524 0.95928 -0.13535 0.15255 0.19543 -0.48079 -0.40921 1.0337 19.283 -18.299 0.08344
1.9548 0.95904 -0.13618 0.15202 0.19646 -0.43488 -0.45277 1.0339 6.2944 -2.102 4.6807
1.9571 0.9588 -0.13697 0.15144 0.19748 -0.41989 -0.45778 1.0451 4.7155 -1.9936 11.664
1.9595 0.95857 -0.13774 0.15085 0.19853 -0.40866 -0.46252 1.0729 17.714 -11.534 4.6941
1.9619 0.95833 -0.13851 0.15024 0.1996 -0.36649 -0.48999 1.084 -6.3152 8.3487 2.1477
1.9643 0.9581 -0.13924 0.14959 0.20069 -0.38152 -0.47011 1.0891 -49.689 23.448 -1.5874
1.9667 0.95786 -0.13998 0.14896 0.20179 -0.49983 -0.41428 1.0854 29.186 -28.694 9.3081
1.969 0.95759 -0.14084 0.14843 0.20287 -0.43034 -0.4826 1.1075 14.78 -23.47 5.7746
1.9714 0.95733 -0.14164 0.1478 0.20397 -0.39515 -0.53848 1.1213 18.338 -20.25 13.761
1.9738 0.95709 -0.14242 0.14709 0.20509 -0.35149 -0.58669 1.154 7.6858 -11.126 9.5165
1.9762 0.95685 -0.14317 0.14631 0.20624 -0.33319 -0.61318 1.1767 -12.125 8.0439 -0.89792
1.9786 0.95661 -0.1439 0.14549 0.20742 -0.36206 -0.59403 1.1746 10.655 -9.5224 -1.8445
1.981 0.95636 -0.14466 0.14471 0.20859 -0.33669 -0.6167 1.1702 13.18 -15.584 11.522
1.9833 0.95611 -0.1454 0.14389 0.20976 -0.30531 -0.65381 1.1976 0.37713 -7.051 5.6924
1.9857 0.95587 -0.14612 0.14301 0.21096 -0.30441 -0.6706 1.2112 -0.29068 -7.9487 -0.29763
1.9881 0.95563 -0.14684 0.14211 0.21217 -0.3051 -0.68952 1.2104 15.758 -22.935 0.72109
1.9905 0.95539 -0.14757 0.14119 0.21337 -0.26758 -0.74413 1.2122 16.418 -16.347 -4.678
1.9929 0.95515 -0.14826 0.1402 0.21458 -0.22849 -0.78305 1.201 4.2042 -3.0992 -7.5736
1.9952 0.95494 -0.14892 0.13916 0.21576 -0.21848 -0.79043 1.183 11.752 -8.185 -5.3923
1.9976 0.95472 -0.14957 0.13811 0.21693 -0.1905 -0.80992 1.1701 9.2675 -8.7797 -0.87658
2 0.95452 -0.15019 0.13703 0.21809 -0.16844 -0.83082 1.1681 5.8639 -6.9861 1.9857
2.0024 0.95432 -0.15078 0.13592 0.21924 -0.15448 -0.84746 1.1728 3.0026 0.15912 -2.7596
2.0048 0.95412 -0.15137 0.13478 0.22039 -0.14733 -0.84708 1.1662 3.2549 1.9023 2.1792
2.0071 0.95392 -0.15195 0.13365 0.22154 -0.13958 -0.84255 1.1714 -1.7601 1.3263 9.4263
2.0095 0.95372 -0.15251 0.13252 0.2227 -0.14377 -0.83939 1.1939 -11.288 15.337 7.7935
2.0119 0.95351 -0.15309 0.13139 0.22388 -0.17064 -0.80287 1.2124 2.5794 4.2701 1.3551
2.0143 0.95328 -0.15369 0.1303 0.22508 -0.1645 -0.79271 1.2156 -41.013 26.075 -10.529
2.0167 0.95305 -0.15427 0.12922 0.22629 -0.26215 -0.73062 1.1906 4.7877 8.4272 6.0727
2.019 0.95279 -0.15495 0.12824 0.22746 -0.25075 -0.71056 1.205 7.3153 11.969 5.0864
2.0214 0.95252 -0.15561 0.12728 0.22866 -0.23334 -0.68206 1.2171 5.7151 5.8503 -3.5732
2.0238 0.95225 -0.15624 0.12635 0.22988 -0.21973 -0.66813 1.2086 -7.2422 17.152 -6.2552
2.0262 0.95198 -0.15686 0.12542 0.23109 -0.23697 -0.62729 1.1937 -19.534 30.376 -3.3459
2.0286 0.9517 -0.15748 0.12456 0.23229 -0.28348 -0.55497 1.1858 -6.045 18.431 -1.7569
2.031 0.9514 -0.15813 0.12378 0.23349 -0.29788 -0.51109 1.1816 6.8271 4.3533 3.5853
2.0333 0.95109 -0.15878 0.12306 0.23469 -0.28162 -0.50072 1.1901 16.688 -5.751 4.395
2.0357 0.95077 -0.15941 0.12235 0.2359 -0.24189 -0.51442 1.2006 6.2284 10.593 0.39659
2.0381 0.95046 -0.16001 0.12161 0.23712 -0.22706 -0.48919 1.2015 -15.657 28.57 -4.791
2.0405 0.95015 -0.16058 0.12089 0.23836 -0.26434 -0.42117 1.1901 -8.3687 26.543 -4.0464
2.0429 0.94982 -0.16117 0.12026 0.23958 -0.28426 -0.35797 1.1805 1.551 8.8564 2.503
2.0452 0.94948 -0.16176 0.11971 0.24081 -0.28057 -0.33689 1.1864 10.394 21.52 -4.4326
2.0476 0.94913 -0.16234 0.11918 0.24205 -0.25582 -0.28565 1.1759 4.4389 39.177 -9.0975
2.05 0.94879 -0.16288 0.11871 0.24328 -0.24525 -0.19237 1.1542 -4.5304 17.952 -1.1557
2.0524 0.94843 -0.16337 0.11834 0.24451 -0.25604 -0.14962 1.1515 11.814 21.846 0.93685
2.0548 0.94806 -0.16387 0.11802 0.24575 -0.22791 -0.097611 1.1537 -6.3955 25.01 8.2267
2.0571 0.9477 -0.16432 0.11775 0.247 -0.24314 -0.038063 1.1733 -8.7051 7.1634 -2.9048
2.0595 0.94731 -0.16477 0.11755 0.24828 -0.26387 -0.021007 1.1664 -18.339 29.104 -7.7221
2.0619 0.94691 -0.16523 0.11737 0.24956 -0.30753 0.048288 1.148 16.37 0.96094 -0.42326
2.0643 0.9465 -0.16573 0.11729 0.25082 -0.26855 0.050576 1.147 10.14 -1.2054 -5.6324
2.0667 0.9461 -0.16617 0.1172 0.25208 -0.24441 0.047706 1.1336 16.552 2.9836 -1.3871
2.069 0.9457 -0.16659 0.11711 0.25333 -0.205 0.05481 1.1303 4.1431 15.358 -6.9093
2.0714 0.94531 -0.16696 0.11701 0.25459 -0.19514 0.091375 1.1138 1.7517 8.3703 -6.3137
2.0738 0.94492 -0.16731 0.11695 0.25583 -0.19097 0.1113 1.0988 9.3875 2.2323 -9.5537
2.0762 0.94453 -0.16764 0.11691 0.25706 -0.16862 0.11662 1.076 -11.953 22.431 -10.951
2.0786 0.94416 -0.16795 0.11688 0.25827 -0.19708 0.17003 1.05 -25.834 27.041 -19.623
2.081 0.94377 -0.16826 0.11692 0.25946 -0.25859 0.23441 1.0033 -24.918 25.746 -12.131
2.0833 0.94337 -0.16862 0.11706 0.2606 -0.31792 0.29571 0.97437 -8.7721 20.607 -2
2.0857 0.94297 -0.16902 0.1173 0.26171 -0.3388 0.34477 0.96961 -3.7013 18.242 -12.373
2.0881 0.94255 -0.16943 0.11759 0.26282 -0.34761 0.38821 0.94015 -13.288 24.488 -6.8083
2.0905 0.94213 -0.16983 0.11795 0.2639 -0.37925 0.44651 0.92394 -20.93 29.996 -7.7631
2.0929 0.9417 -0.17024 0.11838 0.26497 -0.42909 0.51793 0.90545 -10.064 17.521 -19.934
2.0952 0.94125 -0.17069 0.11891 0.26603 -0.45305 0.55965 0.85799 3.7781 4.4919 -4.4896
2.0976 0.94081 -0.17114 0.11951 0.26704 -0.44405 0.57034 0.8473 -3.6862 10.14 -0.72545
2.1 0.94036 -0.17158 0.12012 0.26804 -0.45283 0.59448 0.84557 3.3778 1.3645 -6.796
2.1024 0.93992 -0.17202 0.12075 0.26905 -0.44479 0.59773 0.82939 -7.3044 20.766 -6.0066
2.1048 0.93947 -0.17244 0.1214 0.27003 -0.46218 0.64718 0.81509 -7.0832 19.753 -1.9067
2.1071 0.93902 -0.17287 0.1221 0.27101 -0.47904 0.69421 0.81055 -1.6367 2.1921 -8.7288
2.1095 0.93856 -0.1733 0.12286 0.27199 -0.48294 0.69942 0.78977 3.3184 7.4641 -7.3961
