0 0.84568 0.5117 0.064611 -0.13716 0.026126 0.023384 0.14291 17.199 -9.3723 -3.022
0.002381 0.84569 0.51171 0.064726 -0.13703 0.067075 0.0010693 0.13571 1.9871 -3.1794 1.7329
0.0047619 0.84567 0.51177 0.064821 -0.13689 0.071806 -0.0065005 0.13984 8.8027 -6.455 3.5162
0.0071429 0.84565 0.51183 0.064911 -0.13674 0.092765 -0.02187 0.14821 -0.10768 7.6279 -1.2966
0.0095238 0.84562 0.51192 0.064994 -0.13657 0.092509 -0.0037079 0.14513 -11.173 11.809 7.2061
0.011905 0.84558 0.512 0.065094 -0.13641 0.065906 0.024408 0.16228 0.85411 -3.1287 12.123
0.014286 0.84557 0.51205 0.065228 -0.13626 0.067939 0.016959 0.19115 12.841 -1.5542 8.0543
0.016667 0.84556 0.5121 0.065373 -0.13607 0.098513 0.013259 0.21032 25.011 -14.954 4.4259
0.019048 0.84553 0.51218 0.06553 -0.13586 0.15806 -0.022347 0.22086 -7.3041 8.9615 1.5883
0.021429 0.84547 0.51233 0.065668 -0.13561 0.14067 -0.0010102 0.22464 -16.212 0.37785 22.469
0.02381 0.84542 0.51245 0.065827 -0.13537 0.10207 -0.00011054 0.27814 8.331 -5.8488 27.125
0.02619 0.8454 0.51253 0.066013 -0.13509 0.12191 -0.014036 0.34273 10.45 -1.5267 31.615
0.028571 0.84538 0.51263 0.066227 -0.13472 0.14679 -0.017671 0.418 11.322 -3.7552 18.549
0.030952 0.84536 0.51275 0.066488 -0.13428 0.17375 -0.026612 0.46216 10.158 0.10096 24.535
0.033333 0.84533 0.51289 0.066771 -0.13378 0.19793 -0.026372 0.52058 -3.5875 19.39 24.52
0.035714 0.8453 0.51305 0.067094 -0.13323 0.18939 0.019796 0.57896 20.349 -9.8146 16.244
0.038095 0.84527 0.51319 0.067498 -0.13264 0.23784 -0.0035724 0.61764 -23.275 59.809 27.464
0.040476 0.84522 0.51338 0.067909 -0.132 0.18242 0.13883 0.68303 11.343 -14.826 19.925
0.042857 0.84521 0.51349 0.068495 -0.13138 0.20943 0.10353 0.73047 -13.986 17.302 20.382
0.045238 0.84519 0.51362 0.069078 -0.13069 0.17613 0.14473 0.779 7.2861 -4.233 14.127
0.047619 0.84519 0.51371 0.069728 -0.12998 0.19347 0.13465 0.81263 -13.357 14.478 19.504
0.05 0.84518 0.51382 0.07039 -0.12923 0.16167 0.16912 0.85907 -17.736 14.052 29.24
0.052381 0.8452 0.51388 0.07111 -0.12846 0.11944 0.20258 0.92869 10.856 -10.327 18.753
0.054762 0.84525 0.51389 0.071901 -0.12764 0.14529 0.17799 0.97334 34.216 -21.039 0.74026
0.057143 0.8453 0.51393 0.072697 -0.12675 0.22676 0.12789 0.9751 -11.082 6.6929 13.532
0.059524 0.84529 0.51405 0.073457 -0.12583 0.20037 0.14383 1.0073 25.287 -26.792 -7.9941
0.061905 0.84531 0.51415 0.074248 -0.12489 0.26058 0.080039 0.98829 1.8132 -12.61 -0.017979
0.064286 0.84529 0.51431 0.074972 -0.12392 0.2649 0.050016 0.98825 -0.89319 12.807 25.607
0.066667 0.84527 0.51448 0.075666 -0.12293 0.26277 0.080508 1.0492 -17.48 11.375 17.314
0.069048 0.84525 0.51464 0.076428 -0.1219 0.22115 0.10759 1.0904 -5.2722 16.635 3.5233
0.071429 0.84526 0.51474 0.077237 -0.12085 0.2086 0.1472 1.0988 1.042 9.8737 8.8296
0.07381 0.84528 0.51483 0.078088 -0.11982 0.21108 0.17071 1.1198 -4.9109 6.2089 2.6546
0.07619 0.84529 0.51491 0.078976 -0.11877 0.19939 0.18549 1.1262 -7.9017 10.964 0.71963
0.078571 0.84531 0.51498 0.079881 -0.11773 0.18057 0.2116 1.1279 9.4061 -13.255 -0.53637
0.080952 0.84534 0.51503 0.080811 -0.11671 0.20297 0.18004 1.1266 19.159 -13.763 -2.588
0.083333 0.84535 0.5151 0.081711 -0.11567 0.24859 0.14727 1.1204 17.017 -6.7054 -9.76
0.085714 0.84534 0.51522 0.082581 -0.11461 0.2891 0.1313 1.0972 -7.8944 12.007 -6.6428
0.088095 0.8453 0.51538 0.083425 -0.11356 0.27031 0.15989 1.0814 23.766 -14.63 -17.803
0.090476 0.84526 0.51552 0.084286 -0.11254 0.32689 0.12506 1.039 -7.0642 14.499 1.7839
0.092857 0.84519 0.51573 0.085093 -0.11154 0.31007 0.15958 1.0433 0.080113 20.342 6.3765
0.095238 0.84512 0.51592 0.085935 -0.11055 0.31026 0.20801 1.0584 -6.1669 -0.41358 -2.228
0.097619 0.84504 0.51609 0.086835 -0.10958 0.29558 0.20703 1.0531 -23.625 16.475 2.4958
0.1 0.84498 0.51625 0.087729 -0.10862 0.23933 0.24626 1.0591 10.819 0.27148 -11.138
0.10238 0.84494 0.51635 0.088659 -0.10768 0.26509 0.2469 1.0326 -18.244 15.108 2.7509
0.10476 0.84488 0.51648 0.089576 -0.10677 0.22165 0.28287 1.0391 -4.9529 0.73988 -7.6124
0.10714 0.84485 0.51655 0.090527 -0.10587 0.20986 0.28464 1.021 -2.4181 -4.0291 -6.0899
0.10952 0.84482 0.51662 0.091468 -0.105 0.2041 0.27504 1.0065 0.21986 13.735 -4.0925
0.1119 0.84479 0.51668 0.092389 -0.10413 0.20462 0.30775 0.99673 -7.0378 2.4792 -11.357
0.11429 0.84475 0.51674 0.093337 -0.1033 0.18787 0.31365 0.96969 1.7386 -7.5307 -20.255
0.11667 0.84472 0.51678 0.094272 -0.10249 0.19201 0.29572 0.92147 4.964 -12.971 -27.937
0.11905 0.84468 0.51683 0.095159 -0.10173 0.20383 0.26484 0.85495 14.848 -12.921 -12.838
0.12143 0.84463 0.51691 0.095976 -0.10101 0.23918 0.23407 0.82438 5.6507 -9.5352 -16.585
0.12381 0.84455 0.51703 0.096748 -0.1003 0.25263 0.21137 0.78489 10.082 -17.365 -20.738
0.12619 0.84446 0.51716 0.097473 -0.099607 0.27664 0.17002 0.73552 -19.394 11.878 -8.7216
0.12857 0.84436 0.51734 0.09813 -0.09894 0.23046 0.1983 0.71475 -8.6841 -5.2381 -19.764
0.13095 0.84428 0.51746 0.098796 -0.098317 0.20979 0.18583 0.66769 -19.74 8.8536 -3.8408
0.13333 0.84421 0.51757 0.099419 -0.097736 0.16279 0.20691 0.65855 4.9164 -14.161 -11.472
0.13571 0.84416 0.51763 0.10005 -0.097182 0.17449 0.17319 0.63124 -11.635 32.009 -46.447
0.1381 0.8441 0.51771 0.10063 -0.096634 0.14679 0.24941 0.52065 2.8561 -17.049 -18.918
0.14048 0.84404 0.51777 0.10122 -0.096247 0.15359 0.20881 0.47561 17.686 -36.148 -19.958
0.14286 0.84398 0.51784 0.10174 -0.095879 0.1957 0.12274 0.42809 -22.912 26.046 -15.499
0.14524 0.84389 0.51797 0.10215 -0.095501 0.14115 0.18476 0.39119 1.8924 -9.2906 -29.704
0.14762 0.84382 0.51805 0.1026 -0.095205 0.14565 0.16264 0.32046 -4.4624 -10.722 -25.152
0.15 0.84375 0.51813 0.10297 -0.094965 0.13503 0.13711 0.26057 12.601 -32.405 -10.102
0.15238 0.84368 0.51822 0.10329 -0.094771 0.16503 0.059956 0.23652 -2.0781 -0.94641 -32.347
0.15476 0.8436 0.51835 0.10351 -0.094551 0.16008 0.057702 0.1595 0.67968 -10.351 -11.99
0.15714 0.84351 0.51849 0.10369 -0.094406 0.1617 0.033056 0.13096 -15.941 -1.7082 -9.3058
0.15952 0.84342 0.51863 0.10382 -0.094275 0.12375 0.028989 0.1088 -5.8327 10.911 -15.96
0.1619 0.84335 0.51874 0.10393 -0.094169 0.10986 0.054967 0.0708 -30.011 21.214 -9.9641
0.16429 0.84329 0.51883 0.10404 -0.094118 0.038404 0.10548 0.047076 -10.209 -8.5204 -29.416
0.16667 0.84325 0.51885 0.10418 -0.094131 0.014097 0.085188 -0.022963 3.3041 -21.104 -36.354
0.16905 0.84323 0.51886 0.10425 -0.094205 0.021964 0.034942 -0.10952 5.4858 -7.7886 -30.799
0.17143 0.8432 0.51889 0.10422 -0.094334 0.035026 0.016398 -0.18285 -1.2081 -16.796 -42.586
0.17381 0.84316 0.51895 0.10413 -0.094523 0.032149 -0.023592 -0.28425 -6.1018 -6.6593 -25.219
0.17619 0.84311 0.51902 0.10393 -0.09479 0.017621 -0.039448 -0.34429 -10.182 0.7898 -28.235
0.17857 0.84306 0.51908 0.10368 -0.095109 -0.006622 -0.037567 -0.41152 10.387 -29.295 -25.044
0.18095 0.84303 0.51913 0.10339 -0.095499 0.01811 -0.10732 -0.47115 -16.886 -2.6244 -1.5349
0.18333 0.84297 0.51922 0.10299 -0.095904 -0.022095 -0.11357 -0.4748 -2.1066 0.97965 -31.611
0.18571 0.84295 0.51927 0.10258 -0.096313 -0.02711 -0.11123 -0.55007 0.95087 1.6944 -28.751
0.1881 0.84291 0.51932 0.10213 -0.096799 -0.024846 -0.1072 -0.61852 -31.972 25.442 -27.183
0.19048 0.84287 0.51938 0.10164 -0.097356 -0.10097 -0.046623 -0.68324 16.855 -19.506 -44.435
0.19286 0.84286 0.51937 0.10116 -0.098025 -0.060841 -0.093065 -0.78904 8.9604 -9.6948 -31.625
0.19524 0.84282 0.51941 0.10057 -0.098767 -0.039507 -0.11615 -0.86434 10.931 -15.761 -21.033
0.19762 0.84275 0.51949 0.099911 -0.099567 -0.013482 -0.15367 -0.91442 -3.4507 7.9399 -21.13
0.2 0.84267 0.5196 0.09919 -0.10039 -0.021698 -0.13477 -0.96473 33.481 -29.223 -41.994
0.20238 0.84258 0.51971 0.098455 -0.10128 0.05802 -0.20435 -1.0647 14.658 -14.779 -27.38
0.20476 0.84244 0.51992 0.097599 -0.10221 0.092919 -0.23953 -1.1299 13.462 -11.958 -24.61
0.20714 0.84228 0.52017 0.09667 -0.10319 0.12497 -0.26801 -1.1885 5.2768 -5.9811 -26.152
0.20952 0.84208 0.52047 0.095681 -0.1042 0.13754 -0.28225 -1.2508 -0.15729 -18.587 -6.2963
0.2119 0.84187 0.52078 0.09464 -0.10526 0.13716 -0.3265 -1.2658 5.2301 7.5777 -4.7083
0.21429 0.84166 0.5211 0.093545 -0.10631 0.14961 -0.30846 -1.277 -13.707 -0.55196 -21.568
0.21667 0.84144 0.52143 0.092462 -0.10738 0.11698 -0.30978 -1.3283 11.023 -24.767 -26.85
0.21905 0.84123 0.52174 0.091342 -0.10851 0.14322 -0.36875 -1.3922 -4.9786 -5.9833 -18.749
0.22143 0.841 0.52208 0.090127 -0.10966 0.13137 -0.38299 -1.4369 7.4152 -18.939 -9.9212
0.22381 0.84077 0.52241 0.088867 -0.11084 0.14902 -0.42808 -1.4605 8.0588 -10.675 -20.043
0.22619 0.84053 0.52277 0.08755 -0.11202 0.16821 -0.4535 -1.5082 -7.3063 7.227 -1.8203
0.22857 0.84027 0.52316 0.08618 -0.11323 0.15082 -0.43629 -1.5126 -9.8966 -3.4684 -6.6925
0.23095 0.84002 0.52352 0.084821 -0.11446 0.12725 -0.44455 -1.5285 -9.7639 2.6031 -0.41479
0.23333 0.83977 0.52386 0.083441 -0.1157 0.10401 -0.43835 -1.5295 -10.903 -16.913 -3.4029
0.23571 0.83954 0.52418 0.082064 -0.11694 0.078045 -0.47862 -1.5376 -10.957 -1.6256 2.1684
0.2381 0.83932 0.52447 0.080636 -0.11817 0.051958 -0.48249 -1.5324 14.845 -18.257 -10.359
0.24048 0.83912 0.52474 0.079205 -0.1194 0.087302 -0.52596 -1.5571 -26.411 4.1184 -1.2999
0.24286 0.83889 0.52504 0.077719 -0.12062 0.024417 -0.51616 -1.5602 -10.394 -1.9721 49.384
0.24524 0.8387 0.52529 0.076232 -0.12185 -0.00032984 -0.52085 -1.4426 -29.796 0.57524 -16.531
0.24762 0.83854 0.52549 0.074809 -0.12296 -0.071273 -0.51948 -1.482 -2.7133 -19.833 8.4413
0.25 0.83841 0.52563 0.073353 -0.12412 -0.077734 -0.5667 -1.4619 -1.6874 -22.642 -3.1817
0.25238 0.83829 0.52576 0.071861 -0.12523 -0.081751 -0.62061 -1.4694 -17.586 21.679 2.1226
0.25476 0.83817 0.5259 0.07031 -0.12632 -0.12362 -0.569 -1.4644 -20.171 3.9212 10.423
0.25714 0.83808 0.52598 0.068806 -0.12743 -0.17165 -0.55966 -1.4396 6.4545 -28.007 -2.6791
0.25952 0.83801 0.52601 0.06732 -0.12853 -0.15628 -0.62634 -1.4459 -15.01 -2.6661 12.782
0.2619 0.83793 0.52607 0.065766 -0.1296 -0.19202 -0.63269 -1.4155 -1.4268 -17.486 4.3728
0.26429 0.83788 0.52608 0.064219 -0.13063 -0.19542 -0.67432 -1.4051 -12.656 12.681 3.3531
0.26667 0.83784 0.5261 0.062636 -0.13162 -0.22555 -0.64413 -1.3971 3.3463 -19.672 -3.244
0.26905 0.83781 0.52608 0.061083 -0.13263 -0.21758 -0.69097 -1.4048 -10.38 -6.9028 22.063
0.27143 0.83777 0.52607 0.059479 -0.13361 -0.2423 -0.70741 -1.3523 31.036 -27.742 11.603
0.27381 0.83776 0.52604 0.057888 -0.13453 -0.1684 -0.77346 -1.3247 -13.624 -11.97 11.912
0.27619 0.8377 0.52608 0.05626 -0.13538 -0.20084 -0.80196 -1.2963 -19.196 19.671 26.147
0.27857 0.83767 0.5261 0.054616 -0.13619 -0.24654 -0.75512 -1.2341 5.6589 -12.651 9.2706
0.28095 0.83767 0.52605 0.05305 -0.13696 -0.23307 -0.78524 -1.212 -20.379 11.866 16.163
0.28333 0.83767 0.52602 0.05147 -0.13769 -0.28159 -0.75699 -1.1735 -8.6755 -11.726 27.574
0.28571 0.8377 0.52594 0.049934 -0.1384 -0.30225 -0.78491 -1.1079 7.1039 28.493 17.102
0.2881 0.83775 0.52583 0.048407 -0.13904 -0.28533 -0.71707 -1.0671 -5.8582 -6.8506 18.309
0.29048 0.83779 0.52573 0.046977 -0.13967 -0.29928 -0.73338 -1.0235 -18.977 21.638 33.337
0.29286 0.83785 0.52561 0.045555 -0.14025 -0.34446 -0.68186 -0.94418 6.754 3.1081 12.098
0.29524 0.83794 0.52543 0.044227 -0.14078 -0.32838 -0.67446 -0.91537 -0.021511 16.598 8.3479
0.29762 0.83803 0.52526 0.042926 -0.14129 -0.32843 -0.63494 -0.89549 4.0144 12.84 20.871
0.3 0.83812 0.52509 0.041677 -0.1418 -0.31888 -0.60437 -0.8458 -10.308 13.336 19.233
0.30238 0.8382 0.52491 0.040492 -0.14228 -0.34342 -0.57262 -0.80001 -5.7953 25.44 25.417
0.30476 0.83831 0.5247 0.039362 -0.14274 -0.35722 -0.51205 -0.73949 4.7339 0.55364 12.834
0.30714 0.83843 0.52447 0.038329 -0.14317 -0.34595 -0.51073 -0.70893 -21.133 12.448 36.84
0.30952 0.83855 0.52424 0.037317 -0.14358 -0.39626 -0.48109 -0.62122 -8.9702 -1.8558 31.251
0.3119 0.83871 0.52396 0.036382 -0.14392 -0.41762 -0.48551 -0.54681 -15.507 11.649 31.742
0.31429 0.8389 0.52365 0.035484 -0.14418 -0.45455 -0.45778 -0.47124 -10.908 -14.781 10.477
0.31667 0.83912 0.52329 0.034655 -0.14438 -0.48052 -0.49297 -0.44629 -43.977 65.562 44.497
0.31905 0.83936 0.52291 0.033802 -0.14454 -0.58522 -0.33687 -0.34035 -0.25076 14.813 52.718
0.32143 0.83968 0.5224 0.033153 -0.14469 -0.58582 -0.3016 -0.21483 -0.022672 -16.723 20.94
0.32381 0.84002 0.52187 0.032617 -0.14474 -0.58588 -0.34142 -0.16497 21.81 -15.103 7.695
0.32619 0.84037 0.52135 0.032072 -0.14472 -0.53395 -0.37738 -0.14665 3.6096 -3.6676 28.241
0.32857 0.84069 0.52089 0.031511 -0.14465 -0.52535 -0.38611 -0.079411 -15.207 27.704 32.435
0.33095 0.84101 0.52043 0.030985 -0.14451 -0.56156 -0.32015 -0.0021842 -14.023 6.3351 33.05
0.33333 0.84137 0.51993 0.030567 -0.14434 -0.59495 -0.30506 0.076506 -8.2472 13.305 24.885
0.33571 0.84177 0.51938 0.030206 -0.14409 -0.61458 -0.27339 0.13576 -23.205 15.881 28.766
0.3381 0.84218 0.51881 0.029911 -0.14381 -0.66983 -0.23557 0.20425 -36.223 7.0658 57.364
0.34048 0.84264 0.51817 0.029686 -0.14348 -0.75608 -0.21875 0.34083 6.6391 -14.22 4.1181
0.34286 0.84317 0.51743 0.029548 -0.14303 -0.74027 -0.25261 0.35063 -12.966 31.319 37.724
0.34524 0.84369 0.51672 0.029384 -0.14255 -0.77114 -0.17804 0.44045 -4.0184 -7.0358 19.154
0.34762 0.84425 0.51596 0.029345 -0.14203 -0.78071 -0.19479 0.48606 -21.526 39.337 28.048
0.35 0.84481 0.51519 0.029316 -0.14145 -0.83196 -0.10113 0.55284 14.64 -26.824 16.016
0.35238 0.84542 0.51435 0.029413 -0.14086 -0.7971 -0.165 0.59097 22.716 -12.506 9.1753
0.35476 0.84601 0.51356 0.029476 -0.14019 -0.74302 -0.19478 0.61281 7.5952 -9.3452 30.32
0.35714 0.84658 0.51282 0.02953 -0.13948 -0.72493 -0.21703 0.685 4.9128 -2.7829 9.8336
0.35952 0.84714 0.5121 0.029609 -0.13868 -0.71324 -0.22365 0.70842 -52.918 48.244 32.372
0.3619 0.8477 0.51139 0.029698 -0.13786 -0.83923 -0.10879 0.78549 -18.431 26.775 20.135
0.36429 0.84834 0.51053 0.029928 -0.13703 -0.88311 -0.045037 0.83343 -17.558 16.598 48
0.36667 0.84901 0.50962 0.030245 -0.13619 -0.92492 -0.0055186 0.94772 -21.527 27.523 24.361
0.36905 0.84973 0.50865 0.030665 -0.13526 -0.97617 0.060012 1.0057 -7.1235 34.197 27.533
0.37143 0.85048 0.50762 0.031177 -0.13431 -0.99313 0.14143 1.0713 -1.9185 -4.1604 32.889
0.37381 0.85124 0.50655 0.031809 -0.13335 -0.9977 0.13153 1.1496 -27.575 11.989 13.848
0.37619 0.85202 0.50547 0.032477 -0.1323 -1.0634 0.16007 1.1826 12.159 -2.9368 8.1278
0.37857 0.85284 0.50432 0.033183 -0.13124 -1.0344 0.15308 1.2019 -4.678 22.995 5.7201
0.38095 0.85364 0.5032 0.033899 -0.13015 -1.0455 0.20783 1.2155 -1.3953 0.84277 8.6894
0.38333 0.85444 0.50205 0.034676 -0.12909 -1.0489 0.20984 1.2362 -20.314 34.227 6.9152
0.38571 0.85525 0.5009 0.035467 -0.128 -1.0972 0.29133 1.2527 -25.312 25.99 20.772
0.3881 0.85608 0.49969 0.036343 -0.12694 -1.1575 0.35321 1.3021 5.3245 -0.35449 14.511
0.39048 0.85695 0.4984 0.037303 -0.12587 -1.1448 0.35237 1.3367 -17.548 18.416 23.207
0.39286 0.85781 0.49712 0.038284 -0.12477 -1.1866 0.39622 1.3919 11.307 -10.69 16.592
0.39524 0.8587 0.49578 0.039336 -0.12364 -1.1597 0.37076 1.4314 -29.045 32.641 22.175
0.39762 0.85958 0.49447 0.040389 -0.12245 -1.2288 0.44848 1.4842 -0.076478 -6.3955 8.0609
0.4 0.86049 0.49308 0.041542 -0.12125 -1.229 0.43325 1.5034 -3.7111 -9.5914 -23.261
0.40238 0.86141 0.49168 0.042691 -0.12002 -1.2379 0.41042 1.4481 -12.419 20.712 19.114
0.40476 0.86232 0.49028 0.043783 -0.11884 -1.2674 0.45973 1.4936 6.2802 4.3138 4.5319
0.40714 0.86324 0.48883 0.044947 -0.11764 -1.2525 0.47 1.5044 -3.8233 -4.1002 2.2856
0.40952 0.86415 0.4874 0.04613 -0.11644 -1.2616 0.46024 1.5098 5.8757 3.5632 -7.3578
0.4119 0.86507 0.48595 0.047304 -0.11522 -1.2476 0.46872 1.4923 21.953 -17.301 5.0898
0.41429 0.86596 0.48452 0.048479 -0.11402 -1.1953 0.42753 1.5044 -10.849 36.537 -2.2389
0.41667 0.86683 0.48314 0.049625 -0.11279 -1.2211 0.51452 1.4991 5.6527 23.574 3.7978
0.41905 0.8677 0.48172 0.050854 -0.11161 -1.2077 0.57065 1.5081 -8.122 8.8238 -42.071
0.42143 0.86856 0.4803 0.052148 -0.11045 -1.227 0.59166 1.4079 -22.742 20.869 -27.097
0.42381 0.8694 0.47887 0.053403 -0.10941 -1.2812 0.64135 1.3434 20.786 -0.35845 -20.024
0.42619 0.87027 0.47737 0.054666 -0.10847 -1.2317 0.6405 1.2957 7.6227 -7.2316 -21.577
0.42857 0.87109 0.47593 0.055907 -0.10757 -1.2135 0.62328 1.2444 -34.369 15.32 -1.9619
0.43095 0.87189 0.4745 0.057103 -0.10671 -1.2954 0.65975 1.2397 -31.379 7.2966 1.3068
0.43333 0.87274 0.47299 0.058323 -0.10588 -1.3701 0.67713 1.2428 -2.1505 -13.762 4.8339
0.43571 0.87361 0.47139 0.059553 -0.10507 -1.3752 0.64436 1.2543 5.8334 -38.948 -11.038
0.4381 0.87449 0.46979 0.060755 -0.10422 -1.3613 0.55163 1.228 -35.378 15.408 3.1984
0.44048 0.87537 0.46822 0.061847 -0.10335 -1.4455 0.58831 1.2357 0.27983 -40.014 -7.6842
0.44286 0.87628 0.46655 0.062971 -0.1025 -1.4449 0.49304 1.2174 -20.446 -24.107 6.3993
0.44524 0.87719 0.46489 0.063985 -0.10161 -1.4936 0.43564 1.2326 30.248 -63.942 -12.714
0.44762 0.87813 0.46318 0.064941 -0.10068 -1.4215 0.2834 1.2023 -11.161 -43.117 -0.64768
0.45 0.87903 0.46156 0.06573 -0.099687 -1.4481 0.18074 1.2008 -14.823 -16.741 -24.136
0.45238 0.87996 0.45993 0.066407 -0.098643 -1.4834 0.14088 1.1433 27.79 -32.597 -21.103
0.45476 0.88089 0.45827 0.067006 -0.097639 -1.4172 0.063268 1.0931 -30.777 -21.889 4.5358
0.45714 0.88178 0.45669 0.067504 -0.09664 -1.4905 0.01115 1.1039 -8.4343 -4.1671 -7.7694
0.45952 0.88272 0.45503 0.067944 -0.095607 -1.5106 0.0012284 1.0854 -28.437 -7.8137 11.152
0.4619 0.88366 0.45336 0.068361 -0.094589 -1.5783 -0.017376 1.1119 -3.8902 -19.448 -10.938
0.46429 0.88463 0.45161 0.068765 -0.093538 -1.5876 -0.06368 1.0859 -3.9823 -39.302 -20.42
0.46667 0.88561 0.44985 0.069105 -0.09249 -1.597 -0.15726 1.0373 -30.152 -14.084 -7.0355
0.46905 0.88659 0.4481 0.069319 -0.091443 -1.6688 -0.19079 1.0205 -19.462 -27.659 -7.8843
0.47143 0.8876 0.44627 0.06948 -0.090402 -1.7152 -0.25664 1.0017 -33.993 -19.347 1.5932
0.47381 0.88864 0.4444 0.069556 -0.089349 -1.7961 -0.30271 1.0055 -3.8887 -42.579 1.0671
0.47619 0.88972 0.44245 0.069577 -0.088273 -1.8054 -0.40409 1.0081 -45.533 -11.432 -1.2163
0.47857 0.89081 0.4405 0.06949 -0.087142 -1.9138 -0.43131 1.0052 -20.588 -19.821 -26.208
0.48095 0.89195 0.43843 0.069361 -0.086008 -1.9628 -0.4785 0.94278 -66.174 12.657 -12.436
0.48333 0.89311 0.43631 0.069143 -0.084919 -2.1204 -0.44836 0.91317 -28.43 -7.5237 -3.3513
0.48571 0.89433 0.43403 0.068926 -0.083889 -2.188 -0.46628 0.90519 -31.703 -11.574 6.205
0.4881 0.89559 0.43167 0.068679 -0.082864 -2.2635 -0.49383 0.91996 -14.281 -34.1 -40.877
0.49048 0.89688 0.42923 0.068401 -0.081814 -2.2975 -0.57502 0.82263 2.562 -66.222 -12.803
0.49286 0.89818 0.42676 0.067984 -0.080828 -2.2914 -0.7327 0.79215 -25.062 -19.305 -31.798
0.49524 0.89947 0.42431 0.067382 -0.079794 -2.3511 -0.77866 0.71644 -26.938 -16.342 -36.158
0.49762 0.90079 0.42181 0.066686 -0.078822 -2.4152 -0.81757 0.63035 -36.537 -7.1184 -25.818
0.5 0.90212 0.41925 0.065899 -0.077927 -2.5022 -0.83452 0.56888 -24.312 -3.5183 -3.944
0.50238 0.90348 0.41659 0.065054 -0.077095 -2.5601 -0.84289 0.55949 -34.872 -5.0252 -22.32
0.50476 0.90486 0.41387 0.06419 -0.076273 -2.6432 -0.85486 0.50635 -10.631 -34.343 -36.996
0.50714 0.90627 0.41106 0.063278 -0.075508 -2.6685 -0.93663 0.41826 -27.788 -11.66 -5.3054
0.50952 0.90768 0.40823 0.062232 -0.074799 -2.7346 -0.96439 0.40563 -14.124 -31.594 -5.6859
0.5119 0.90911 0.40533 0.061143 -0.074094 -2.7683 -1.0396 0.39209 -96.598 55.791 6.8018
0.51429 0.91055 0.40239 0.059963 -0.073369 -2.9983 -0.90678 0.40829 25.503 -85.381 -16.69
0.51667 0.91208 0.39919 0.058913 -0.072706 -2.9375 -1.1101 0.36855 -29.698 -22.309 -12.672
0.51905 0.91358 0.39607 0.057628 -0.071984 -3.0082 -1.1632 0.33838 -10.564 -2.5227 0.99538
0.52143 0.9151 0.39287 0.056265 -0.071273 -3.0334 -1.1692 0.34075 9.1883 -57.235 -11.377
0.52381 0.91662 0.38964 0.054892 -0.070558 -3.0115 -1.3055 0.31366 -21.183 4.8167 2.2254
0.52619 0.91812 0.38644 0.05336 -0.069806 -3.0619 -1.294 0.31896 -22.632 -29.857 4.1964
0.52857 0.91963 0.38317 0.051838 -0.069056 -3.1158 -1.3651 0.32895 -48.994 -17.053 3.6932
0.53095 0.92116 0.37985 0.050237 -0.068265 -3.2325 -1.4057 0.33774 -34.612 5.0131 -4.4465
0.53333 0.92272 0.3764 0.048585 -0.067452 -3.3149 -1.3938 0.32716 -9.5701 -18.849 38.074
0.53571 0.92431 0.37285 0.046934 -0.066659 -3.3377 -1.4386 0.41781 9.9129 -41.617 10.123
0.5381 0.92589 0.36926 0.045271 -0.065747 -3.3141 -1.5377 0.44191 -7.3485 -24.616 32.539
0.54048 0.92746 0.3657 0.04351 -0.064761 -3.3316 -1.5963 0.51938 -5.7539 9.8931 30.807
0.54286 0.92902 0.36211 0.041716 -0.063665 -3.3453 -1.5728 0.59273 -7.5132 -10.904 25.76
0.54524 0.93058 0.3585 0.039979 -0.062497 -3.3632 -1.5987 0.65407 7.9516 -3.0195 26.568
0.54762 0.93213 0.35486 0.038236 -0.061249 -3.3442 -1.6059 0.71732 -0.071039 -11.708 41.038
0.55 0.93366 0.35123 0.036513 -0.059927 -3.3444 -1.6338 0.81503 -5.2976 -7.5618 24.587
0.55238 0.93517 0.34759 0.034799 -0.058482 -3.357 -1.6518 0.87357 11.049 -22.804 42.253
0.55476 0.93668 0.34393 0.033087 -0.056965 -3.3307 -1.7061 0.97418 14.006 -7.4491 25.699
0.55714 0.93817 0.34029 0.031357 -0.055311 -3.2974 -1.7238 1.0354 -6.4175 6.3253 0.91389
0.55952 0.93963 0.33667 0.029634 -0.053578 -3.3126 -1.7088 1.0375 -6.8835 22.278 21.865
0.5619 0.94107 0.33304 0.027927 -0.051849 -3.329 -1.6557 1.0896 -14.594 17.075 30.782
0.56429 0.9425 0.32937 0.026298 -0.050082 -3.3638 -1.6151 1.1629 -10.905 -7.0925 27.987
0.56667 0.94393 0.32565 0.024741 -0.048249 -3.3897 -1.632 1.2295 -3.0965 38.071 11.039
0.56905 0.94536 0.3219 0.023189 -0.046334 -3.3971 -1.5413 1.2558 14.955 -23.716 11.951
0.57143 0.94676 0.31812 0.021748 -0.044423 -3.3615 -1.5978 1.2843 -14.088 11.352 20.605
0.57381 0.94813 0.31438 0.020255 -0.042457 -3.395 -1.5708 1.3333 28.273 -11.599 -0.79306
0.57619 0.9495 0.31059 0.018809 -0.040446 -3.3277 -1.5984 1.3314 -11.028 23.8 7.2525
0.57857 0.95082 0.30687 0.017335 -0.038424 -3.354 -1.5417 1.3487 18.687 21.852 11.542
0.58095 0.95212 0.30312 0.015929 -0.036403 -3.3095 -1.4897 1.3762 8.7562 5.2419 2.5355
0.58333 0.9534 0.2994 0.014593 -0.034368 -3.2886 -1.4772 1.3822 -1.428 27.073 23.28
0.58571 0.95464 0.2957 0.013274 -0.032329 -3.292 -1.4127 1.4376 15.401 19.055 37.085
0.5881 0.95587 0.29199 0.012048 -0.03025 -3.2554 -1.3674 1.5259 -0.13517 25.304 3.0337
0.59048 0.95706 0.28831 0.010905 -0.028084 -3.2557 -1.3071 1.5332 28.474 -10.722 33.748
0.59286 0.95824 0.28462 0.0098333 -0.025931 -3.1879 -1.3327 1.6135 18.415 15.052 1.4583
0.59524 0.95937 0.281 0.0087612 -0.023676 -3.1441 -1.2968 1.617 20.66 40.282 2.415
0.59762 0.96048 0.27743 0.0077323 -0.021428 -3.0949 -1.2009 1.6227 13.57 11.829 20.556
0.6 0.96154 0.2739 0.0068161 -0.019204 -3.0626 -1.1727 1.6717 15.42 27.807 22.756
0.60238 0.96258 0.27041 0.0059487 -0.016932 -3.0258 -1.1065 1.7259 14.915 7.1059 17.95
0.60476 0.96359 0.26695 0.0051752 -0.01462 -2.9903 -1.0896 1.7686 20.059 34.519 12.873
0.60714 0.96456 0.26352 0.0044353 -0.012263 -2.9426 -1.0074 1.7993 -27.456 71.984 -2.1277
0.60952 0.96551 0.26015 0.0037999 -0.0098963 -3.0079 -0.83604 1.7942 17.078 26.184 -15.1
0.6119 0.96646 0.25669 0.0033592 -0.0075886 -2.9673 -0.77369 1.7582 -3.0479 18.366 -10.578
0.61429 0.96738 0.25327 0.0029794 -0.005341 -2.9745 -0.72997 1.7331 12.638 32.457 -13.406
0.61667 0.96828 0.24984 0.0026424 -0.0031356 -2.9445 -0.65269 1.7011 24.343 41.57 -24.517
0.61905 0.96915 0.24644 0.002385 -0.00098981 -2.8865 -0.55371 1.6428 24.787 24.584 -16.371
0.62143 0.97 0.24311 0.0022247 0.0010598 -2.8275 -0.49518 1.6038 24.97 33.21 -7.0559
0.62381 0.97081 0.23984 0.0021206 0.0030476 -2.768 -0.41611 1.587 49.18 28.907 -30.21
0.62619 0.97158 0.23663 0.0021028 0.0049935 -2.6509 -0.34728 1.5151 23.156 6.5769 -20.643
0.62857 0.97232 0.23356 0.0021437 0.006837 -2.5958 -0.33162 1.4659 -6.8433 60.49 -10.25
0.63095 0.97302 0.23054 0.0021885 0.0086194 -2.6121 -0.1876 1.4415 29.927 40.516 -2.154
0.63333 0.97372 0.22751 0.0023937 0.010334 -2.5408 -0.09113 1.4364 -5.1824 43.465 -10.397
0.63571 0.97438 0.22456 0.0027083 0.012016 -2.5532 0.012358 1.4116 18.681 20.729 9.028
0.6381 0.97504 0.22159 0.0031365 0.013642 -2.5087 0.061712 1.4331 28.388 32.882 5.8431
0.64048 0.97567 0.21867 0.0036269 0.01528 -2.4411 0.14 1.447 10.05 26.88 -4.4869
0.64286 0.97627 0.21583 0.0042106 0.016913 -2.4172 0.204 1.4363 15.119 54.984 7.703
0.64524 0.97686 0.21302 0.0048654 0.018518 -2.3812 0.33492 1.4547 28.971 25.741 -16.595
0.64762 0.97742 0.21025 0.0056763 0.020111 -2.3122 0.3962 1.4152 36.353 31.773 -7.9546
0.65 0.97796 0.20756 0.0065468 0.021643 -2.2256 0.47185 1.3962 32.264 0.3686 3.8839
0.65238 0.97847 0.20497 0.0074985 0.023134 -2.1488 0.47273 1.4055 9.6846 40.408 11.999
0.65476 0.97894 0.20246 0.0084512 0.024637 -2.1258 0.56894 1.434 -15.526 41.331 4.276
0.65714 0.9794 0.19999 0.0095222 0.026149 -2.1627 0.66735 1.4442 33.207 -22.198 3.7468
0.65952 0.97986 0.19747 0.010711 0.02765 -2.0837 0.61449 1.4531 46.083 14.313 -5.7487
0.6619 0.98029 0.19504 0.011838 0.029174 -1.9739 0.64857 1.4395 35.108 27.445 -15.642
0.66429 0.98068 0.19274 0.012998 0.030675 -1.8904 0.71392 1.4022 17.175 0.7447 14.233
0.66667 0.98105 0.19053 0.014222 0.032119 -1.8495 0.71569 1.4361 6.6246 14.873 2.8379
0.66905 0.9814 0.18838 0.015454 0.033602 -1.8337 0.7511 1.4429 29.023 1.5957 -8.7123
0.67143 0.98174 0.18624 0.016729 0.035086 -1.7646 0.7549 1.4221 16.177 24.97 3.9817
0.67381 0.98205 0.18418 0.018 0.036545 -1.7261 0.81435 1.4316 40.105 12.646 14.374
0.67619 0.98234 0.18216 0.019341 0.038003 -1.6306 0.84446 1.4658 -5.497 21.052 -1.5179
0.67857 0.98261 0.18026 0.02072 0.039497 -1.6437 0.89459 1.4622 21.5 -20.293 -16.078
0.68095 0.98287 0.17834 0.022158 0.040974 -1.5925 0.84627 1.4239 -14.371 6.9881 -1.8241
0.68333 0.98311 0.17648 0.023528 0.042419 -1.6267 0.86291 1.4196 13.824 5.8037 -11.092
0.68571 0.98335 0.17458 0.024918 0.043853 -1.5938 0.87673 1.3932 13.321 -16.111 -17.848
0.6881 0.98358 0.17272 0.026317 0.045254 -1.5621 0.83837 1.3507 -6.2644 21.97 -2.2514
0.69048 0.9838 0.17089 0.02766 0.046614 -1.577 0.89068 1.3453 29.4 7.8475 -0.46069
0.69286 0.98401 0.16905 0.029065 0.047957 -1.507 0.90936 1.3442 -8.9362 11.863 6.1303
0.69524 0.9842 0.16729 0.030486 0.049296 -1.5283 0.93761 1.3588 23.568 -7.7943 2.6505
0.69762 0.98439 0.1655 0.031945 0.050646 -1.4721 0.91905 1.3651 -2.847 15.487 -12.085
0.7 0.98456 0.16378 0.03338 0.052008 -1.4789 0.95592 1.3364 31.567 -31.434 -13.828
0.70238 0.98472 0.16205 0.034852 0.053329 -1.4038 0.88108 1.3034 -3.8109 -7.6156 -5.4339
0.70476 0.98487 0.16041 0.036226 0.054629 -1.4128 0.86295 1.2905 23.183 -24.283 12.444
0.70714 0.98502 0.15875 0.037576 0.055916 -1.3576 0.80513 1.3201 -5.3557 -7.0147 14.705
0.70952 0.98515 0.15715 0.038859 0.057251 -1.3704 0.78843 1.3551 26.18 -33.006 9.8743
0.7119 0.98527 0.15554 0.040131 0.058629 -1.3081 0.70984 1.3786 0.35435 -30.865 20.686
0.71429 0.98538 0.15399 0.04131 0.060052 -1.3072 0.63635 1.4279 -12.815 28.767 0.18312
0.71667 0.98548 0.15243 0.042412 0.061546 -1.3377 0.70485 1.4283 -3.3611 4.528 -3.3809
0.71905 0.98558 0.15084 0.043596 0.063026 -1.3457 0.71563 1.4203 3.5281 2.3371 3.9414
0.72143 0.98568 0.14924 0.044791 0.064494 -1.3373 0.72119 1.4297 -4.8721 -9.4304 17.061
0.72381 0.98576 0.14765 0.045994 0.065972 -1.3489 0.69874 1.4703 8.3228 -2.7743 8.8257
0.72619 0.98585 0.14604 0.047178 0.067501 -1.3291 0.69213 1.4913 -15.286 -0.012257 -37.979
0.72857 0.98591 0.14445 0.048356 0.069056 -1.3655 0.6921 1.4009 10.517 5.0009 8.6581
0.73095 0.98599 0.14282 0.049522 0.070502 -1.3405 0.70401 1.4215 -15.373 -6.2842 -6.9868
0.73333 0.98606 0.14122 0.050702 0.071972 -1.3771 0.68905 1.4049 7.4756 -14.126 6.2107
0.73571 0.98612 0.13958 0.051865 0.073422 -1.3593 0.65541 1.4196 6.0822 -11.478 -3.9706
0.7381 0.98618 0.13795 0.052989 0.074895 -1.3448 0.62809 1.4102 20.488 -30.757 1.3494
0.74048 0.98623 0.13634 0.054078 0.076363 -1.296 0.55486 1.4134 -19.143 7.9202 -8.7282
0.74286 0.98628 0.13478 0.055076 0.077848 -1.3416 0.57371 1.3926 22.724 10.792 12.797
0.74524 0.98632 0.13317 0.056097 0.079303 -1.2875 0.59941 1.4231 3.4049 3.4919 -8.6675
0.74762 0.98635 0.13162 0.057148 0.080793 -1.2794 0.60772 1.4025 32.072 -43.398 20.726
0.75 0.98637 0.13008 0.058205 0.082257 -1.203 0.50439 1.4518 17.85 -22.171 -5.8856
0.75238 0.98638 0.12861 0.059139 0.0838 -1.1605 0.45161 1.4378 33.435 -12.647 30.616
0.75476 0.98638 0.12719 0.060005 0.085338 -1.0809 0.42149 1.5107 -2.7116 10.853 24.185
0.75714 0.98635 0.12586 0.060839 0.08697 -1.0874 0.44733 1.5683 -23.941 -9.033 -4.0068
0.75952 0.98632 0.12451 0.061711 0.088666 -1.1444 0.42583 1.5587 12.479 -30.12 -10.279
0.7619 0.98629 0.1231 0.062563 0.090349 -1.1147 0.35411 1.5343 -3.4579 9.0566 3.7142
0.76429 0.98626 0.12171 0.063323 0.092015 -1.1229 0.37568 1.5431 37.484 -22.481 0.69698
0.76667 0.98622 0.12032 0.064111 0.093687 -1.0336 0.32215 1.5448 12.179 -19.156 26.782
0.76905 0.98617 0.11903 0.064826 0.095376 -1.0046 0.27654 1.6085 18.893 -21.722 18.932
0.77143 0.98611 0.11775 0.065492 0.097147 -0.95966 0.22482 1.6536 -3.1785 12.06 21.633
0.77381 0.98603 0.11652 0.066099 0.098982 -0.96723 0.25354 1.7051 16.816 -15.629 -3.0853
0.77619 0.98594 0.11528 0.066746 0.10087 -0.9272 0.21633 1.6978 -8.0508 -21.062 -0.14534
0.77857 0.98584 0.11409 0.067345 0.10276 -0.94636 0.16618 1.6974 6.2956 25.628 17.726
0.78095 0.98575 0.11286 0.067886 0.10465 -0.93137 0.2272 1.7396 23.459 4.3981 22.397
0.78333 0.98564 0.11165 0.068502 0.10659 -0.87552 0.23767 1.7929 3.0063 -7.4024 24.948
0.78571 0.9855 0.11051 0.06913 0.10859 -0.86836 0.22004 1.8523 12.282 18.58 3.8817
0.7881 0.98536 0.10937 0.069744 0.11066 -0.83912 0.26428 1.8616 26.1 22.11 8.9986
0.79048 0.9852 0.10826 0.070407 0.11274 -0.77698 0.31692 1.883 43.958 0.29699 15.787
0.79286 0.98501 0.10723 0.071125 0.11484 -0.67232 0.31763 1.9206 32.982 9.7194 -1.8933
0.79524 0.98481 0.10633 0.071834 0.117 -0.59379 0.34077 1.9161 34.198 2.468 -2.2786
0.79762 0.98458 0.10551 0.072559 0.11915 -0.51236 0.34665 1.9107 19.014 -14.101 5.3376
0.8 0.98434 0.1048 0.073278 0.1213 -0.46709 0.31307 1.9234 35.198 -3.4594 15.199
0.80238 0.98409 0.10413 0.073952 0.12348 -0.38328 0.30484 1.9596 14.183 30.813 -3.1239
0.80476 0.98382 0.10355 0.074608 0.1257 -0.34952 0.3782 1.9521 -25.794 41.673 -16.383
0.80714 0.98354 0.10302 0.075344 0.12791 -0.41093 0.47742 1.9131 15.179 4.6386 24.022
0.80952 0.98325 0.10244 0.0762 0.13005 -0.37479 0.48847 1.9703 -20.635 13.634 -22.254
0.8119 0.98295 0.1019 0.07707 0.13226 -0.42392 0.52093 1.9173 30.689 -9.9575 -0.34931
0.81429 0.98264 0.10131 0.077978 0.13441 -0.35085 0.49722 1.9165 24.826 2.3796 0.47506
0.81667 0.98233 0.1008 0.078847 0.13655 -0.29174 0.50289 1.9176 -4.4179 11.118 -53.16
0.81905 0.982 0.10036 0.079712 0.13871 -0.30226 0.52936 1.7911 27.568 5.666 36.584
0.82143 0.98169 0.099926 0.080595 0.14071 -0.23662 0.54285 1.8782 -2.8527 7.6835 -4.6937
0.82381 0.98135 0.09956 0.081492 0.14282 -0.24341 0.56114 1.867 27.939 4.8715 -18.156
0.82619 0.98101 0.09919 0.08241 0.14491 -0.17689 0.57274 1.8238 50.522 25.55 11.875
0.82857 0.98065 0.098903 0.083325 0.14695 -0.056601 0.63358 1.852 13.151 27.005 -25.681
0.83095 0.98027 0.098763 0.084292 0.14903 -0.02529 0.69787 1.7909 26.482 -0.62384 -15.752
0.83333 0.97988 0.098678 0.085321 0.15104 0.037762 0.69639 1.7534 -4.7078 60.041 -2.3161
0.83571 0.97949 0.098669 0.086333 0.15301 0.026553 0.83934 1.7479 35.7 18.372 -4.3306
0.8381 0.97908 0.098673 0.087512 0.15495 0.11155 0.88309 1.7376 7.6011 17.993 -30.583
0.84048 0.97865 0.098784 0.088724 0.15688 0.12965 0.92593 1.6647 37.434 2.3043 -35.716
0.84286 0.97822 0.098932 0.089974 0.15873 0.21878 0.93141 1.5797 32.314 15.468 -24.642
0.84524 0.9778 0.099193 0.091204 0.16048 0.29572 0.96824 1.521 5.8331 20.023 3.8848
0.84762 0.97737 0.099557 0.092454 0.16217 0.30961 1.0159 1.5303 22.688 37.307 -21.965
0.85 0.97692 0.099945 0.093757 0.16386 0.36362 1.1047 1.478 -20.195 87.837 5.1107
0.85238 0.97646 0.10042 0.095146 0.16549 0.31554 1.3139 1.4901 3.6092 12.905 -34.62
0.85476 0.97598 0.10087 0.096789 0.1671 0.32413 1.3446 1.4077 16.359 14.071 -36.524
0.85714 0.9755 0.10136 0.098456 0.16861 0.36308 1.3781 1.3208 20.744 28.032 -33.476
0.85952 0.97503 0.1019 0.10014 0.17002 0.41247 1.4448 1.2411 29.228 30.781 -10.479
0.8619 0.97455 0.10252 0.10189 0.17133 0.48207 1.5181 1.2161 20.628 39.061 -23.813
0.86429 0.97406 0.10324 0.1037 0.17262 0.53118 1.6111 1.1594 13.226 54.951 -25.114
0.86667 0.97355 0.10405 0.1056 0.17383 0.56267 1.742 1.0996 60.685 -15.996 -34.035
0.86905 0.97303 0.10492 0.10764 0.17496 0.70716 1.7039 1.0186 27.173 3.8545 -16.882
0.87143 0.97251 0.10596 0.10959 0.17601 0.77186 1.7131 0.97838 42.74 30.492 -32.032
0.87381 0.97198 0.10709 0.11154 0.17703 0.87362 1.7857 0.90211 -2.6231 62.677 -14.28
0.87619 0.97144 0.10836 0.11353 0.17796 0.86737 1.9349 0.86811 -15.935 11.155 -51.337
0.87857 0.97088 0.10965 0.1157 0.17883 0.82943 1.9615 0.74588 1.5727 13.059 -15.87
0.88095 0.97034 0.11092 0.11788 0.17955 0.83318 1.9925 0.70809 33.067 12.028 -15.026
0.88333 0.9698 0.11221 0.1201 0.18022 0.91191 2.0212 0.67232 10.866 2.4162 -39.368
0.88571 0.96924 0.1136 0.12233 0.18086 0.93778 2.0269 0.57858 4.3692 29.159 -30.377
0.8881 0.96869 0.11504 0.12454 0.18139 0.94818 2.0964 0.50626 -22.981 46.942 -27.561
0.89048 0.96813 0.11651 0.12683 0.18183 0.89347 2.2081 0.44064 54.637 -12.782 -24.178
0.89286 0.96758 0.11795 0.12924 0.18216 1.0236 2.1777 0.38307 19.859 -5.2384 -32.605
0.89524 0.96701 0.11954 0.13158 0.18245 1.0708 2.1652 0.30544 18.438 12.208 -33.92
0.89762 0.96645 0.12119 0.13388 0.18266 1.1147 2.1943 0.22467 24.943 27.153 -45.731
0.9 0.96588 0.12292 0.13619 0.18278 1.1741 2.2589 0.11579 8.7767 6.3292 -49.298
0.90238 0.96532 0.12474 0.13855 0.18277 1.195 2.274 -0.0015856 -4.7851 26.611 -38.514
0.90476 0.96476 0.12661 0.1409 0.18263 1.1836 2.3374 -0.093285 7.4588 5.4637 -59.1
0.90714 0.96421 0.12849 0.14332 0.18237 1.2014 2.3504 -0.234 -2.251 7.2048 -46.813
0.90952 0.96367 0.13042 0.14572 0.18195 1.196 2.3675 -0.34546 1.8587 21.282 -16.243
0.9119 0.96314 0.13236 0.14812 0.18139 1.2005 2.4182 -0.38413 14.708 1.6595 -48.761
0.91429 0.9626 0.13433 0.15057 0.18078 1.2355 2.4222 -0.50023 -23.826 40.013 -23.56
0.91667 0.96207 0.13636 0.153 0.18004 1.1787 2.5174 -0.55633 16.365 9.1619 -29.178
0.91905 0.96154 0.13835 0.15554 0.17921 1.2177 2.5392 -0.6258 -7.076 12.329 -4.1285
0.92143 0.96099 0.1404 0.15808 0.1783 1.2009 2.5686 -0.63563 -2.2807 -0.29255 -17.409
0.92381 0.96044 0.14243 0.16066 0.17736 1.1954 2.5679 -0.67708 -3.0916 9.2607 5.6488
0.92619 0.95988 0.14447 0.16323 0.17638 1.1881 2.5899 -0.66363 13.648 8.2698 1.5068
0.92857 0.95931 0.1465 0.16582 0.17541 1.2206 2.6096 -0.66004 11.14 -11.931 4.6027
0.93095 0.95871 0.14857 0.16843 0.17444 1.2471 2.5812 -0.64908 -2.2036 12.66 -3.4577
0.93333 0.9581 0.15066 0.171 0.17349 1.2418 2.6114 -0.65731 -5.5221 -0.60098 -7.6775
0.93571 0.95748 0.15275 0.17361 0.17252 1.2287 2.6099 -0.67559 50.216 -3.9086 8.5087
0.9381 0.95685 0.15482 0.17621 0.17153 1.3483 2.6006 -0.65533 16.323 -14.952 -9.7489
0.94048 0.95618 0.15703 0.17877 0.17059 1.3871 2.565 -0.67854 -31.287 21.077 -14.923
0.94286 0.95551 0.15927 0.18128 0.16963 1.3126 2.6152 -0.71408 30.419 -27.731 -29.247
0.94524 0.95483 0.16144 0.18385 0.1686 1.3851 2.5492 -0.78371 26.351 -21.635 -39.856
0.94762 0.95416 0.1637 0.18632 0.16753 1.4478 2.4977 -0.87861 -20.723 7.148 -15.578
0.95 0.95349 0.16604 0.1887 0.16636 1.3985 2.5147 -0.9157 38.752 -25.644 -18.722
0.95238 0.95283 0.16833 0.19109 0.16514 1.4907 2.4536 -0.96027 -12.492 -21.07 -37.37
0.95476 0.95215 0.17072 0.19339 0.16389 1.461 2.4035 -1.0493 -6.0881 -13.249 -36.804
0.95714 0.9515 0.17308 0.19561 0.16255 1.4465 2.3719 -1.1369 -8.1026 -5.2292 -16.689
0.95952 0.95086 0.17544 0.19779 0.16111 1.4272 2.3595 -1.1766 -24.705 8.2229 -8.7628
0.9619 0.95023 0.17779 0.19994 0.15962 1.3684 2.3791 -1.1975 -10.058 -8.1529 -3.9718
0.96429 0.9496 0.18007 0.20211 0.15809 1.3444 2.3596 -1.2069 13.459 -16.338 18.382
0.96667 0.94896 0.18232 0.20427 0.15654 1.3765 2.3207 -1.1632 -4.5473 -16.273 13.811
0.96905 0.94831 0.18459 0.20638 0.15506 1.3656 2.282 -1.1303 11.227 -22.668 -24.737
0.97143 0.94765 0.18683 0.20845 0.15361 1.3924 2.228 -1.1892 -25.905 -16.225 -25.201
0.97381 0.947 0.18911 0.21045 0.15212 1.3307 2.1894 -1.2492 18.486 -19.886 -11.469
0.97619 0.94637 0.19131 0.21239 0.15055 1.3747 2.1421 -1.2765 39.698 -36.872 -14.596
0.97857 0.94574 0.19357 0.21427 0.14897 1.4692 2.0543 -1.3112 25.086 -28.922 6.9058
0.98095 0.94511 0.19592 0.21601 0.1474 1.529 1.9854 -1.2948 6.5263 12.753 2.4133
0.98333 0.94446 0.19832 0.21768 0.14587 1.5445 2.0158 -1.2891 14.088 -31.195 -13.057
0.98571 0.94379 0.20074 0.21937 0.14434 1.578 1.9415 -1.3201 -8.9862 -46.482 -11.034
0.9881 0.94313 0.20319 0.22096 0.14281 1.5566 1.8308 -1.3464 -39.006 -31.004 -7.3587
0.99048 0.9425 0.2056 0.22243 0.14126 1.4638 1.757 -1.3639 -39.065 -13.702 -4.0486
0.99286 0.9419 0.2079 0.22382 0.13969 1.3708 1.7244 -1.3736 20.333 -56.557 11.455
0.99524 0.94132 0.21009 0.22518 0.13809 1.4192 1.5897 -1.3463 -24.665 -61.422 -29.189
0.99762 0.94076 0.2123 0.22639 0.13656 1.3604 1.4435 -1.4158 10.099 -67.404 -24.501
1 0.94025 0.21444 0.22743 0.13498 1.3845 1.283 -1.4741 -30.066 -46.051 -14.799
1.0024 0.93978 0.21659 0.22827 0.13337 1.3129 1.1733 -1.5094 1.7339 -49.818 5.4634
1.0048 0.93936 0.21866 0.22898 0.13174 1.317 1.0547 -1.4964 13.497 -61.038 21.164
1.0071 0.93896 0.2207 0.22956 0.13015 1.3492 0.9094 -1.446 -21.653 -37.959 -10.372
1.0095 0.93858 0.22275 0.22999 0.12866 1.2976 0.81902 -1.4707 -21.434 -32.784 6.5401
1.0119 0.93824 0.22472 0.23031 0.12716 1.2466 0.74096 -1.4551 -7.785 -54.085 15.476
1.0143 0.93792 0.22663 0.23056 0.12567 1.228 0.61219 -1.4183 -27.873 -13.485 0.53703
1.0167 0.93763 0.22848 0.23068 0.12426 1.1617 0.58008 -1.417 -34.061 -27.124 20.057
1.019 0.93736 0.23025 0.23077 0.12284 1.0806 0.5155 -1.3692 -15.363 -16.779 15.148
1.0214 0.93712 0.23191 0.23081 0.12147 1.044 0.47555 -1.3332 -28.972 -18.626 -2.5589
1.0238 0.93689 0.23351 0.23082 0.12014 0.97503 0.43121 -1.3392 20.795 -53.593 3.9342
1.0262 0.93669 0.23502 0.23079 0.11879 1.0245 0.3036 -1.3299 12.431 -50.604 -2.1273
1.0286 0.93651 0.23657 0.23061 0.1175 1.0541 0.18312 -1.3349 -71.916 -3.2769 27.514
1.031 0.93634 0.23814 0.23029 0.11625 0.88291 0.17531 -1.2694 -41.964 -32.181 -3.7345
1.0333 0.93622 0.2395 0.23001 0.11503 0.78299 0.098695 -1.2783 -22.595 -22.417 15.817
1.0357 0.93614 0.24073 0.22964 0.11379 0.7292 0.04532 -1.2407 -85.74 -19.151 10.302
1.0381 0.93609 0.24189 0.22924 0.11259 0.52505 -0.00027784 -1.2161 -3.4308 -19.719 -11.468
1.0405 0.9361 0.24281 0.22882 0.11138 0.51689 -0.047228 -1.2434 -12.206 -32.486 -6.522
1.0429 0.93613 0.24371 0.22834 0.11015 0.48782 -0.12458 -1.259 0.030534 -61.889 -14.759
1.0452 0.93618 0.24458 0.22777 0.10892 0.4879 -0.27193 -1.2941 -10.383 -47.946 2.8046
1.0476 0.93628 0.24544 0.22703 0.10769 0.46318 -0.38609 -1.2874 -18.991 -30.581 7.1251
1.05 0.93641 0.24626 0.22616 0.10649 0.41796 -0.4589 -1.2705 -36.551 -14.299 19.949
1.0524 0.93657 0.24701 0.22522 0.10532 0.33093 -0.49295 -1.223 -5.2705 -36.866 4.7022
1.0548 0.93676 0.24764 0.22427 0.10419 0.31838 -0.58072 -1.2118 -54.31 -36.424 26.995
1.0571 0.93697 0.24825 0.22323 0.10309 0.18907 -0.66745 -1.1475 -48.466 -6.4121 19.061
1.0595 0.93723 0.24868 0.22212 0.10206 0.07368 -0.68271 -1.1021 -45.658 -2.4508 3.1662
1.0619 0.93752 0.24897 0.22102 0.10105 -0.035031 -0.68855 -1.0946 -67.224 29.918 41.872
1.0643 0.93785 0.24914 0.21993 0.10003 -0.19509 -0.61732 -0.99488 19.266 -50.711 -40.88
1.0667 0.93818 0.24911 0.21897 0.099047 -0.14922 -0.73806 -1.0922 10.743 -35.979 -33.732
1.069 0.93855 0.24914 0.21784 0.098007 -0.12364 -0.82372 -1.1725 -7.7445 -38.711 -18.002
1.0714 0.93893 0.24921 0.21659 0.096909 -0.14208 -0.91589 -1.2154 -24.643 -19.536 -24.789
1.0738 0.93935 0.24925 0.21522 0.095785 -0.20075 -0.9624 -1.2744 -50.945 -28.357 -8.5876
1.0762 0.9398 0.24925 0.21379 0.094594 -0.32205 -1.0299 -1.2949 -14.516 -21.896 6.5784
1.0786 0.9403 0.2491 0.21229 0.093369 -0.35662 -1.0821 -1.2792 -24.49 -21.821 -7.2367
1.081 0.94082 0.2489 0.21073 0.092168 -0.41492 -1.134 -1.2964 -43.848 -7.9116 6.6254
1.0833 0.94137 0.24864 0.20913 0.090947 -0.51933 -1.1528 -1.2807 -22.225 -4.3645 -1.4541
1.0857 0.94195 0.24825 0.20751 0.089724 -0.57224 -1.1632 -1.2841 -99.017 11.068 23.951
1.0881 0.94254 0.2478 0.20589 0.088486 -0.808 -1.1369 -1.2271 7.2838 -17.019 -14.133
1.0905 0.94318 0.24707 0.20433 0.087246 -0.79065 -1.1774 -1.2607 -18.847 -0.40148 -26.165
1.0929 0.94383 0.24637 0.20272 0.085985 -0.83553 -1.1784 -1.323 -3.2339 -34.76 1.5001
1.0952 0.94449 0.24563 0.2011 0.084642 -0.84323 -1.2611 -1.3195 15.007 -27.563 -19.019
1.0976 0.94517 0.24487 0.19938 0.083325 -0.8075 -1.3268 -1.3647 -3.0164 -6.6349 -16.288
1.1 0.94585 0.24415 0.19756 0.081984 -0.81468 -1.3425 -1.4035 -20.573 0.48351 -5.2101
1.1024 0.94654 0.24343 0.19572 0.080602 -0.86366 -1.3414 -1.4159 -15.281 -6.2603 2.3427
1.1048 0.94723 0.24266 0.19388 0.079194 -0.90005 -1.3563 -1.4104 -61.399 -9.7201 -35.692
1.1071 0.94794 0.24184 0.19203 0.077787 -1.0462 -1.3794 -1.4953 -1.02 2.3372 -11.523
1.1095 0.94869 0.24087 0.19014 0.076257 -1.0487 -1.3739 -1.5228 -34.71 18.501 6.0773
1.1119 0.94944 0.23991 0.18825 0.074694 -1.1313 -1.3298 -1.5083 -27.636 23.809 36.728
1.1143 0.95019 0.23885 0.18641 0.073115 -1.1971 -1.2731 -1.4209 -32.408 -5.5042 -14.596
1.1167 0.95093 0.2377 0.18467 0.071604 -1.2743 -1.2862 -1.4556 -16.12 4.5981 -27.806
1.119 0.95169 0.23647 0.18291 0.07004 -1.3126 -1.2753 -1.5218 -21.974 4.4142 -9.6183
1.1214 0.95246 0.2352 0.18115 0.068388 -1.365 -1.2648 -1.5447 -2.4775 -23.796 -24.147
1.1238 0.95324 0.23388 0.17939 0.066696 -1.3709 -1.3214 -1.6022 -15.883 -11.831 -27.114
1.1262 0.95403 0.23257 0.17755 0.064953 -1.4087 -1.3496 -1.6668 2.6728 -40.015 -10.474
1.1286 0.95483 0.23121 0.17567 0.063136 -1.4023 -1.4449 -1.6917 -15.66 -31.633 -12.855
1.131 0.95564 0.22986 0.17366 0.061317 -1.4396 -1.5202 -1.7223 -15.644 -15.192 -22.773
1.1333 0.95647 0.22847 0.17157 0.059475 -1.4768 -1.5564 -1.7765 -40.879 22.739 -8.8072
1.1357 0.95731 0.22704 0.16942 0.057574 -1.5742 -1.5022 -1.7975 -30.487 15.958 -7.1565
1.1381 0.95815 0.2255 0.16732 0.055614 -1.6468 -1.4642 -1.8145 -17.961 -23.949 -5.2243
1.1405 0.959 0.22389 0.16528 0.053609 -1.6895 -1.5213 -1.827 -19.646 -2.7538 -9.0511
1.1429 0.95986 0.22222 0.16316 0.051595 -1.7363 -1.5278 -1.8485 -21.691 5.2757 -1.3372
1.1452 0.96073 0.2205 0.16103 0.04955 -1.788 -1.5153 -1.8517 -17.812 -13.765 9.4827
1.1476 0.96159 0.21872 0.15891 0.047487 -1.8304 -1.548 -1.8291 10.339 -27.426 -3.1731
1.15 0.96246 0.21688 0.15677 0.045449 -1.8057 -1.6133 -1.8367 13.77 -17.879 -19.806
1.1524 0.96332 0.21507 0.15454 0.043424 -1.773 -1.6559 -1.8838 7.2364 -7.8725 0.74017
1.1548 0.96417 0.21329 0.15225 0.041361 -1.7557 -1.6746 -1.8821 -21.355 20.062 2.6841
1.1571 0.965 0.21153 0.14994 0.039308 -1.8066 -1.6269 -1.8757 1.7354 -6.2616 -15.24
1.1595 0.96583 0.20972 0.14768 0.03724 -1.8024 -1.6418 -1.912 -57.38 50.32 5.1382
1.1619 0.96664 0.2079 0.14539 0.035134 -1.9391 -1.522 -1.8997 -12.18 12.358 -8.3532
1.1643 0.96746 0.20594 0.14325 0.032989 -1.9681 -1.4926 -1.9196 -18.031 20.78 5.22
1.1667 0.96827 0.20394 0.14114 0.030808 -2.011 -1.4431 -1.9072 -36.69 20.315 -9.7197
1.169 0.96906 0.20189 0.13908 0.028622 -2.0984 -1.3947 -1.9303 -47.602 20.443 17.349
1.1714 0.96985 0.19974 0.13708 0.026382 -2.2117 -1.346 -1.889 -40.317 27.185 19.561
1.1738 0.97065 0.19745 0.13515 0.02416 -2.3077 -1.2813 -1.8425 -45.904 30.065 8.3433
1.1762 0.97145 0.19504 0.1333 0.021961 -2.417 -1.2097 -1.8226 -20.33 6.0068 27.608
1.1786 0.97224 0.1925 0.13154 0.01975 -2.4654 -1.1954 -1.7569 -24.992 31.039 13.876
1.181 0.97303 0.18989 0.12981 0.017605 -2.5249 -1.1215 -1.7238 7.4799 -9.4183 -14.284
1.1833 0.9738 0.18721 0.12817 0.015471 -2.5071 -1.1439 -1.7578 -36.064 35.501 -2.0497
1.1857 0.97456 0.18455 0.1265 0.013305 -2.5929 -1.0594 -1.7627 -20.346 18.133 10.198
1.1881 0.97531 0.18179 0.12492 0.011103 -2.6414 -1.0162 -1.7384 -3.2364 22.585 5.7159
1.1905 0.97605 0.17896 0.1234 0.0089111 -2.6491 -0.96247 -1.7248 14.518 7.3488 18.747
1.1929 0.97676 0.17613 0.12194 0.0067228 -2.6145 -0.94497 -1.6802 -13.902 31.71 7.6956
1.1952 0.97745 0.17332 0.12051 0.0045876 -2.6476 -0.86947 -1.6619 -5.7843 -1.0239 27.452
1.1976 0.97813 0.17047 0.11917 0.0024533 -2.6614 -0.87191 -1.5965 39.324 39.082 14.07
1.2 0.97879 0.1676 0.11784 0.00039361 -2.5678 -0.77886 -1.563 -21.178 53.6 -0.14756
1.2024 0.9794 0.16482 0.11662 -0.0016325 -2.6182 -0.65124 -1.5634 13.79 7.0702 9.6063
1.2048 0.98 0.16199 0.11555 -0.003691 -2.5854 -0.6344 -1.5405 14.884 2.6191 19.175
1.2071 0.98057 0.15918 0.1145 -0.0057215 -2.5499 -0.62817 -1.4948 -12.976 5.743 8.6702
1.2095 0.98112 0.15641 0.11346 -0.0076949 -2.5808 -0.61449 -1.4742 13.895 16.175 44.38
1.2119 0.98167 0.1536 0.11245 -0.0096509 -2.5477 -0.57598 -1.3685 23.169 6.2088 14.674
1.2143 0.98219 0.15082 0.11149 -0.011486 -2.4926 -0.5612 -1.3336 1.8344 32.131 26.945
1.2167 0.98269 0.14808 0.11056 -0.013275 -2.4882 -0.4847 -1.2694 -8.8507 41.691 20.752
1.219 0.98316 0.14535 0.10973 -0.015002 -2.5093 -0.38543 -1.22 -9.5747 14.577 24.168
1.2214 0.98362 0.14258 0.10902 -0.016691 -2.5321 -0.35073 -1.1625 -34.014 69.957 37.925
1.2238 0.98407 0.13977 0.10837 -0.018322 -2.6131 -0.18416 -1.0722 -39.948 36.265 34.161
1.2262 0.9845 0.13685 0.10791 -0.019884 -2.7082 -0.097816 -0.99085 -35.782 70.499 6.9153
1.2286 0.98492 0.1338 0.10757 -0.021377 -2.7934 0.070039 -0.97438 8.2697 19.6 29.982
1.231 0.98533 0.13065 0.10743 -0.022888 -2.7737 0.11671 -0.90299 26.146 25.329 37.976
1.2333 0.98571 0.12751 0.10735 -0.02432 -2.7114 0.17701 -0.81258 -4.9125 46.039 46.863
1.2357 0.98607 0.12442 0.10735 -0.025647 -2.7231 0.28663 -0.701 -24.438 49.409 22.706
1.2381 0.98641 0.12131 0.1075 -0.02686 -2.7813 0.40427 -0.64694 -10.073 40.2 9.6051
1.2405 0.98673 0.11811 0.10779 -0.028034 -2.8053 0.49999 -0.62407 -11.196 39.836 14.575
1.2429 0.98704 0.11488 0.1082 -0.029197 -2.832 0.59483 -0.58936 1.791 20.94 -4.4153
1.2452 0.98732 0.11161 0.10872 -0.030336 -2.8277 0.64469 -0.59988 44.954 -11.219 2.5561
1.2476 0.98759 0.10834 0.10929 -0.031492 -2.7207 0.61798 -0.59379 6.1332 48.778 0.37667
1.25 0.98783 0.10519 0.10984 -0.032624 -2.706 0.73412 -0.59289 22.913 19.039 8.087
1.2524 0.98804 0.10206 0.11053 -0.033767 -2.6515 0.77945 -0.57364 50.416 1.1576 23.881
1.2548 0.98823 0.098981 0.11126 -0.034885 -2.5315 0.7822 -0.51678 -0.72545 41.35 -12.294
1.2571 0.9884 0.096038 0.11202 -0.03592 -2.5332 0.88066 -0.54605 12.854 21.345 -11.895
1.2595 0.98855 0.093092 0.11288 -0.037001 -2.5026 0.93148 -0.57437 14.266 15.715 2.5351
1.2619 0.98867 0.090183 0.11381 -0.038116 -2.4686 0.9689 -0.56834 -42.601 69.677 5.5717
1.2643 0.98877 0.08731 0.11477 -0.039224 -2.57 1.1348 -0.55507 50.741 -3.2128 17.849
1.2667 0.98885 0.084307 0.11593 -0.040346 -2.4492 1.1271 -0.51257 -9.3939 30.353 22.33
1.269 0.98891 0.08144 0.11709 -0.0414 -2.4716 1.1994 -0.45941 12.881 14.624 33.091
1.2714 0.98896 0.078535 0.11833 -0.042402 -2.4409 1.2342 -0.38062 22.996 18.847 -7.4505
1.2738 0.98898 0.075652 0.11963 -0.043309 -2.3862 1.2791 -0.39836 42.375 17.837 21.964
1.2762 0.98899 0.072833 0.12097 -0.044232 -2.2853 1.3216 -0.34606 15.009 39.425 30.807
1.2786 0.98898 0.070122 0.12238 -0.045083 -2.2495 1.4154 -0.27271 56.09 13.427 -3.9248
1.281 0.98894 0.067437 0.1239 -0.04585 -2.116 1.4474 -0.28206 34.45 16.394 8.1246
1.2833 0.98887 0.064908 0.12546 -0.04661 -2.034 1.4864 -0.26271 32.704 17.753 6.456
1.2857 0.98879 0.06247 0.12708 -0.047338 -1.9561 1.5287 -0.24734 32.971 4.0844 7.9317
1.2881 0.98869 0.060119 0.12875 -0.048039 -1.8776 1.5384 -0.22846 -8.7648 41.705 16.673
1.2905 0.98857 0.057855 0.13044 -0.048705 -1.8985 1.6377 -0.18876 -1.5115 13.458 29.968
1.2929 0.98843 0.055555 0.13224 -0.049335 -1.9021 1.6698 -0.11741 -39.556 71.993 7.6034
1.2952 0.98828 0.053237 0.13409 -0.049882 -1.9963 1.8412 -0.099304 25.868 -21.207 18.843
1.2976 0.9881 0.050795 0.13613 -0.050434 -1.9347 1.7907 -0.054439 -21.296 18.207 10.042
1.3 0.98792 0.04842 0.13811 -0.05092 -1.9854 1.834 -0.03053 -16.335 2.1511 -17.79
1.3024 0.98773 0.045979 0.14015 -0.051388 -2.0243 1.8392 -0.072886 34.829 28.288 49.653
1.3048 0.98752 0.043498 0.14218 -0.051912 -1.9413 1.9065 0.045335 42.506 -8.4386 14.725
1.3071 0.9873 0.04109 0.1443 -0.052285 -1.8401 1.8864 0.080394 21.731 -13.644 -11.253
1.3095 0.98706 0.038796 0.14641 -0.052599 -1.7884 1.8539 0.053601 41.098 5.4974 21.158
1.3119 0.98682 0.036569 0.14848 -0.052933 -1.6905 1.867 0.10398 3.6179 8.2948 -44.433
1.3143 0.98657 0.034446 0.15057 -0.053191 -1.6819 1.8868 -0.0018136 11.865 20.217 2.2446
1.3167 0.98629 0.032352 0.15268 -0.053572 -1.6537 1.9349 0.0035307 7.1687 8.422 4.5966
1.319 0.986 0.030286 0.15484 -0.053942 -1.6366 1.955 0.014475 21.484 -8.8511 1.2114
1.3214 0.9857 0.028236 0.15703 -0.054297 -1.5855 1.9339 0.017359 -12.561 14.506 4.9221
1.3238 0.98538 0.026248 0.1592 -0.054638 -1.6154 1.9684 0.029079 -2.2053 -0.99941 14.795
1.3262 0.98506 0.024219 0.1614 -0.054971 -1.6206 1.9661 0.064306 -8.3755 8.3276 17.114
1.3286 0.98473 0.022177 0.1636 -0.055264 -1.6406 1.9859 0.10505 1.3101 0.61239 5.2048
1.331 0.98439 0.020103 0.16583 -0.055512 -1.6374 1.9873 0.11745 -19.244 1.2991 22.871
1.3333 0.98404 0.018029 0.16805 -0.055745 -1.6833 1.9904 0.1719 10.972 -20.021 10.501
1.3357 0.98368 0.015891 0.17027 -0.055923 -1.6571 1.9428 0.1969 -6.4338 -4.8451 21.91
1.3381 0.98333 0.013781 0.17244 -0.056065 -1.6725 1.9312 0.24907 11.994 -27.171 -6.6096
1.3405 0.98297 0.011643 0.17459 -0.056148 -1.6439 1.8665 0.23333 -24.337 1.3498 -7.2114
1.3429 0.98262 0.0095461 0.17667 -0.056242 -1.7018 1.8697 0.21616 -6.9062 -5.961 33.88
1.3452 0.98225 0.0073847 0.17874 -0.056368 -1.7183 1.8556 0.29683 13.793 -19.914 16.004
1.3476 0.98189 0.0051877 0.1808 -0.056403 -1.6854 1.8081 0.33494 15.183 -24.347 3.9055
1.35 0.98153 0.003024 0.1828 -0.056385 -1.6493 1.7502 0.34423 29.15 -43.416 14.116
1.3524 0.98117 0.00090445 0.18474 -0.056348 -1.5799 1.6468 0.37784 5.0769 -19.014 19.012
1.3548 0.98083 -0.0011345 0.18655 -0.056256 -1.5678 1.6015 0.42311 -10.187 -7.1628 29.499
1.3571 0.9805 -0.0031664 0.18832 -0.056107 -1.5921 1.5845 0.49335 24.371 -32.557 4.424
1.3595 0.98017 -0.0052412 0.19006 -0.055882 -1.534 1.507 0.50388 -25.77 8.3946 6.0235
1.3619 0.97985 -0.0072454 0.19171 -0.055632 -1.5954 1.5269 0.51822 -28.167 11.111 -4.7211
1.3643 0.97952 -0.0093258 0.19338 -0.055378 -1.6624 1.5534 0.50698 16.219 -20.093 1.6811
1.3667 0.97917 -0.011483 0.19508 -0.055152 -1.6238 1.5056 0.51098 -6.2124 6.7469 15.121
1.369 0.97883 -0.013594 0.19672 -0.054913 -1.6386 1.5216 0.54698 19.399 -33.13 13.931
1.3714 0.97848 -0.015731 0.19837 -0.054634 -1.5924 1.4427 0.58015 -13.041 6.7806 12.187
1.3738 0.97814 -0.017816 0.19994 -0.054307 -1.6235 1.4589 0.60917 53.849 -47.369 -0.19977
1.3762 0.97779 -0.019946 0.20152 -0.053953 -1.4953 1.3461 0.6087 30.578 -32.219 5.4664
1.3786 0.97747 -0.021919 0.20298 -0.053571 -1.4225 1.2694 0.62171 -7.4495 19.029 -4.7769
1.381 0.97716 -0.023806 0.20434 -0.053158 -1.4402 1.3147 0.61034 27.11 -5.6103 17.084
1.3833 0.97684 -0.025712 0.20577 -0.052761 -1.3757 1.3013 0.65101 10.203 -13.774 10.668
1.3857 0.97652 -0.027553 0.20717 -0.052301 -1.3514 1.2685 0.67642 -2.2884 -6.4778 -4.7982
1.3881 0.9762 -0.02937 0.20854 -0.051806 -1.3568 1.2531 0.66499 46.191 -10.44 -30.785
1.3905 0.97588 -0.031189 0.20989 -0.051326 -1.2468 1.2283 0.59169 -3.0604 4.2335 16.538
1.3929 0.97556 -0.032861 0.21122 -0.050905 -1.2541 1.2383 0.63107 10.564 -2.7957 33.227
1.3952 0.97523 -0.034551 0.21255 -0.050439 -1.229 1.2317 0.71018 8.6892 -14.69 19.303
1.3976 0.97491 -0.036231 0.21388 -0.049874 -1.2083 1.1967 0.75614 17.401 -58.763 38.879
1.4 0.9746 -0.037897 0.21516 -0.049253 -1.1669 1.0568 0.84871 35.444 -32.27 -12.462
1.4024 0.97432 -0.03953 0.21628 -0.048519 -1.0825 0.97997 0.81904 29.232 -25.674 -2.5089
1.4048 0.97406 -0.041053 0.21732 -0.047802 -1.0129 0.91884 0.81306 38.365 -40.754 10.114
1.4071 0.97382 -0.04249 0.21829 -0.047076 -0.92151 0.8218 0.83715 4.5417 -7.7393 5.3971
1.4095 0.97361 -0.043822 0.21914 -0.046303 -0.9107 0.80338 0.85 -5.0652 3.5507 25.212
1.4119 0.9734 -0.045143 0.21998 -0.045513 -0.92276 0.81183 0.91002 2.9426 -6.6887 21.848
1.4143 0.97318 -0.046495 0.22082 -0.044657 -0.91575 0.79591 0.96204 32.17 -37.506 -3.1486
1.4167 0.97297 -0.047851 0.22164 -0.043739 -0.83916 0.70661 0.95455 16.692 -11.385 -5.4789
1.419 0.97278 -0.049112 0.22236 -0.042814 -0.79942 0.6795 0.9415 12.324 -7.9199 10.256
1.4214 0.9726 -0.050321 0.22305 -0.041896 -0.77008 0.66064 0.96592 18.527 -24.856 12.945
1.4238 0.97243 -0.051502 0.22372 -0.040942 -0.72596 0.60146 0.99674 7.6675 -25.236 -5.4762
1.4262 0.97227 -0.052637 0.22432 -0.039945 -0.70771 0.54138 0.98371 10.604 -26.61 12.011
1.4286 0.97213 -0.053745 0.22485 -0.038961 -0.68246 0.47802 1.0123 23.768 -26.651 -2.933
1.431 0.972 -0.054828 0.22531 -0.037942 -0.62587 0.41456 1.0053 -1.8745 -4.9095 -6.6972
1.4333 0.9719 -0.05584 0.22569 -0.036919 -0.63033 0.40288 0.98937 23.016 -33.491 -7.7189
1.4357 0.97179 -0.056853 0.22607 -0.035917 -0.57553 0.32313 0.971 -1.7992 -3.2098 7.2077
1.4381 0.9717 -0.057794 0.22635 -0.034927 -0.57982 0.31549 0.98816 -6.5473 -6.3717 -2.7016
1.4405 0.97162 -0.058744 0.22662 -0.033918 -0.59541 0.30032 0.98172 44.325 -51.021 7.8179
1.4429 0.97153 -0.05971 0.22688 -0.032922 -0.48987 0.17884 1.0003 10.705 -5.1276 7.8286
1.4452 0.97149 -0.060553 0.22699 -0.031885 -0.46438 0.16663 1.019 10.069 -12.893 9.4528
1.4476 0.97145 -0.061372 0.22709 -0.03082 -0.44041 0.13594 1.0415 35.342 -11.226 9.0611
1.45 0.97142 -0.062168 0.22716 -0.029724 -0.35626 0.10921 1.0631 -88.658 39.43 -0.6207
1.4524 0.9714 -0.062871 0.22719 -0.028583 -0.56735 0.20309 1.0616 49.302 -59.162 16.161
1.4548 0.97134 -0.063821 0.22733 -0.027494 -0.44996 0.062229 1.1001 30.327 -35.882 24.958
1.4571 0.97132 -0.064641 0.2273 -0.026339 -0.37776 -0.023204 1.1595 11.062 -17.931 16.116
1.4595 0.97133 -0.065391 0.22717 -0.025102 -0.35142 -0.065898 1.1979 -10.047 6.6803 -5.5593
1.4619 0.97136 -0.066119 0.22699 -0.023817 -0.37534 -0.049992 1.1846 31.202 -26.911 19.613
1.4643 0.97137 -0.066872 0.22683 -0.022552 -0.30105 -0.11407 1.2313 0.89908 -12.443 3.2474
1.4667 0.97141 -0.067549 0.22659 -0.021219 -0.29891 -0.14369 1.239 11.017 -27.051 0.38262
1.469 0.97146 -0.068226 0.22632 -0.019878 -0.27268 -0.2081 1.24 31.926 -35.132 -7.3619
1.4714 0.97152 -0.06887 0.22597 -0.018535 -0.19667 -0.29175 1.2224 9.0731 -4.0289 -11.825
1.4738 0.97161 -0.06942 0.22553 -0.017198 -0.17506 -0.30134 1.1943 24.611 -17.711 -3.7408
1.4762 0.9717 -0.069937 0.22508 -0.015888 -0.11647 -0.34351 1.1854 8.4044 -12.471 4.1352
1.4786 0.9718 -0.070383 0.22458 -0.014577 -0.096457 -0.3732 1.1952 -0.52786 2.4878 -7.9583
1.481 0.97191 -0.070807 0.22405 -0.013251 -0.097714 -0.36727 1.1763 10.851 -6.8447 15.163
1.4833 0.97202 -0.071228 0.22352 -0.011947 -0.071878 -0.38357 1.2124 -23.952 28.088 14.134
1.4857 0.97213 -0.071628 0.22297 -0.010596 -0.12891 -0.3167 1.246 -33.709 26.966 -12.089
1.4881 0.97222 -0.072104 0.2225 -0.0092148 -0.20917 -0.25249 1.2172 -13.517 25.444 1.775
1.4905 0.97228 -0.072666 0.2221 -0.0078831 -0.24135 -0.19191 1.2215 14.151 19.801 4.2743
1.4929 0.97232 -0.073266 0.22177 -0.0065497 -0.20765 -0.14476 1.2316 3.8723 16.942 -9.2053
1.4952 0.97235 -0.073831 0.22149 -0.0051914 -0.19844 -0.10442 1.2097 -31.533 51.392 -6.9133
1.4976 0.97237 -0.074379 0.22126 -0.0038526 -0.27351 0.017936 1.1933 -4.3033 29.365 -3.8373
1.5 0.97234 -0.07501 0.22118 -0.0025418 -0.28376 0.087853 1.1841 22.129 -1.2066 11.324
1.5024 0.9723 -0.07565 0.22117 -0.0012379 -0.23107 0.08498 1.2111 16.796 9.5283 1.6711
1.5048 0.97225 -0.076236 0.22116 0.0001107 -0.19108 0.10767 1.2151 -31.911 53.632 -12.351
1.5071 0.97221 -0.076777 0.22117 0.0014765 -0.26706 0.23536 1.1857 0.19584 33.978 1.667
1.5095 0.97212 -0.077398 0.22134 0.0028 -0.26659 0.31626 1.1896 15.661 34.594 -5.0352
1.5119 0.972 -0.078019 0.2216 0.0041356 -0.22931 0.39863 1.1776 -6.845 61.046 -10.124
1.5143 0.97187 -0.078593 0.22195 0.0054748 -0.2456 0.54398 1.1535 25.001 31.421 -2.0601
1.5167 0.97169 -0.079178 0.22247 0.0067955 -0.18608 0.61879 1.1486 -13.103 46.943 14.522
1.519 0.9715 -0.079693 0.22308 0.0081332 -0.21727 0.73056 1.1832 -28.916 30.261 -11.63
1.5214 0.97128 -0.080251 0.22381 0.0095133 -0.28612 0.80261 1.1555 12.244 16.115 -3.3074
1.5238 0.97102 -0.08088 0.22464 0.01085 -0.25697 0.84098 1.1476 17.236 -0.64411 -10.636
1.5262 0.97075 -0.081473 0.2255 0.012189 -0.21593 0.83944 1.1223 24.783 14.142 -4.8183
1.5286 0.97049 -0.082012 0.22636 0.013509 -0.15692 0.87312 1.1108 0.014438 21.74 -12.184
1.531 0.97022 -0.082478 0.22727 0.014835 -0.15689 0.92488 1.0818 15.596 4.2055 -18.152
1.5333 0.96993 -0.082936 0.22823 0.016133 -0.11975 0.93489 1.0386 -41.351 52.383 -25.537
1.5357 0.96965 -0.083338 0.22921 0.017392 -0.21821 1.0596 0.97781 -47.069 46.843 -28.126
1.5381 0.96931 -0.083835 0.23034 0.018567 -0.33028 1.1711 0.91085 -9.5336 35.026 -4.3517
1.5405 0.96894 -0.08444 0.23161 0.019644 -0.35298 1.2545 0.90049 -17.206 39.946 -27.931
1.5429 0.96853 -0.085066 0.23297 0.020711 -0.39395 1.3496 0.83398 -36.155 54.657 -8.2918
1.5452 0.9681 -0.085718 0.23445 0.0217 -0.48003 1.4798 0.81424 -6.7519 20.395 -30.644
1.5476 0.96761 -0.08646 0.23609 0.022656 -0.49611 1.5283 0.74128 -6.7749 22.408 -0.10664
1.55 0.96711 -0.087198 0.23778 0.023528 -0.51224 1.5817 0.74103 6.3048 1.1066 -12.356
1.5524 0.96659 -0.087953 0.23954 0.0244 -0.49722 1.5843 0.71161 -15.391 42.8 -7.841
1.5548 0.96606 -0.088682 0.2413 0.025243 -0.53387 1.6862 0.69294 -6.8518 14.853 -10.923
1.5571 0.9655 -0.089444 0.24319 0.026064 -0.55018 1.7216 0.66693 6.0904 13.699 -13.574
