0.03771196305751800537
0.02973880618810653687
-0.05757526680827140808
-0.05614659190177917480
-0.05471511930227279663
-0.04331565648317337036
-0.03794686496257781982
0.06223625689744949341
0.10627860575914382935
-0.13314649462699890137
0.20579382777214050293
0.20547175407409667969
0.28224501013755798340
0.40202617645263671875
0.43159803748130798340
0.56969684362411499023
0.61310416460037231445
0.59014558792114257812
0.63025367259979248047
0.55348563194274902344
0.68706792593002319336
0.71568012237548828125
-0.80588668584823608398
0.80331510305404663086
0.90504002571105957031
