0.06826264411211013794 0.40022879838943481445 -0.38948354125022888184 0.36461713910102844238 0.16492630541324615479 0.56220412254333496094 -0.35682666301727294922 0.08005902916193008423 -0.12555900216102600098 -0.07547098398208618164 -0.23848600685596466064 -0.12028276920318603516 -0.25048640370368957520 -0.44303306937217712402 0.30916616320610046387 0.05160452052950859070 -0.16440072655677795410 -0.43419909477233886719 0.02848467603325843811 -0.12161281704902648926 0.00725869508460164070 0.04607120901346206665 0.10533133894205093384 0.00713220937177538872 -0.05257449299097061157
0.30128270387649536133 -0.19896616041660308838 0.21153780817985534668 -0.36710879206657409668 -0.25098964571952819824 0.30023172497749328613 -0.32249781489372253418 0.14996750652790069580 0.23091113567352294922 -0.03561228513717651367 0.03415665030479431152 -0.02285071089863777161 0.13017660379409790039 0.20086517930030822754 -0.05642199888825416565 0.01494670193642377853 0.36127975583076477051 0.14634743332862854004 0.35800004005432128906 -0.03570364788174629211 -0.12495584040880203247 0.29622775316238403320 -0.24736839532852172852 0.06669407337903976440 0.11258690804243087769
0.83147257566452026367 -0.33086839318275451660 0.11638580262660980225 -0.22841976583003997803 0.49682122468948364258 -0.14956930279731750488 0.41102740168571472168 -0.26255804300308227539 -0.24680671095848083496 -0.26235041022300720215 -0.27101051807403564453 0.09207717329263687134 0.15632133185863494873 -0.66462063789367675781 -0.09707634150981903076 -0.10591755062341690063 -0.21258389949798583984 0.25025293231010437012 -0.57932096719741821289 -0.27299407124519348145 -0.04867386817932128906 0.00703318603336811066 -0.06123540550470352173 -0.06992021948099136353 0.01171723194420337677
0.05515101924538612366 -0.23364630341529846191 0.43073996901512145996 -0.16362260282039642334 0.20772027969360351562 -0.42837166786193847656 0.39445033669471740723 -0.39854627847671508789 -0.15552543103694915771 -0.15153886377811431885 0.11298287659883499146 0.14146704971790313721 0.04720956459641456604 -0.09527313709259033203 0.12429412454366683960 0.06563830375671386719 0.00289070559665560722 0.09798406064510345459 -0.21236063539981842041 -0.02068851888179779053 0.05144415423274040222 0.34119969606399536133 0.04969738796353340149 -0.01958517357707023621 0.02413510158658027649
-0.69850337505340576172 0.21666425466537475586 -0.29817855358123779297 0.09738489240407943726 0.13476832211017608643 -0.15119589865207672119 0.52330613136291503906 -0.13035681843757629395 -0.33143422007560729980 0.14294654130935668945 0.17823751270771026611 0.16298659145832061768 0.03831626847386360168 -0.93978792428970336914 0.41925919055938720703 -0.31176939606666564941 0.32924696803092956543 -0.53627073764801025391 0.04792758449912071228 0.00387643533758819103 0.09250004589557647705 -0.06272295862436294556 -0.07190848886966705322 0.06496424973011016846 0.00208055251277983189
0.56086409091949462891 -0.53649747371673583984 0.06236960366368293762 -0.30127692222595214844 -0.19675146043300628662 0.44212180376052856445 -0.47006595134735107422 0.25178956985473632812 0.66103529930114746094 0.05830373242497444153 0.52987891435623168945 0.06826601922512054443 0.28690728545188903809 0.48372814059257507324 -0.00617682095617055893 -0.03609873726963996887 0.13368108868598937988 0.08651723712682723999 -0.18677555024623870850 0.19663374125957489014 -0.05794323235750198364 -0.35773035883903503418 -0.08847858756780624390 0.11964637786149978638 -0.02112179808318614960
0.21243156492710113525 -0.33023062348365783691 0.11487943679094314575 -0.23420310020446777344 -0.35326635837554931641 -0.37714463472366333008 -0.14037269353866577148 -0.25029626488685607910 0.25516387820243835449 -0.15158572793006896973 -0.18127839267253875732 -0.13043607771396636963 -0.16480174660682678223 0.64232993125915527344 0.06595247983932495117 0.12033494561910629272 0.04845289140939712524 0.46268832683563232422 0.03905282542109489441 0.02891195379197597504 0.00164511776529252529 -0.05178243666887283325 -0.04478473216295242310 -0.05159544572234153748 0.00649241497740149498
-0.29341816902160644531 -0.37455937266349792480 -0.41173207759857177734 0.14997556805610656738 -0.31024068593978881836 0.21309344470500946045 -0.30019101500511169434 0.16391415894031524658 -0.03570657968521118164 0.03008737787604331970 -0.04371279478073120117 -0.03517228364944458008 -0.17913973331451416016 -0.05367384850978851318 0.28530699014663696289 0.02117814868688583374 0.19029636681079864502 0.07020604610443115234 0.25845238566398620605 -0.03318661451339721680 -0.03715246915817260742 -0.40139311552047729492 0.06140812858939170837 -0.04975471273064613342 -0.04101699590682983398
-0.16997013986110687256 -0.07568770647048950195 0.24900647997856140137 -0.08241642266511917114 0.42337891459465026855 -0.06671458482742309570 0.36041405797004699707 0.02115865983068943024 0.02776549942791461945 -0.34277856349945068359 0.17150394618511199951 0.21183048188686370850 0.04414441064000129700 -0.18879665434360504150 0.14912003278732299805 -0.06448820978403091431 -0.01274132076650857925 -0.24302373826503753662 -0.15846663713455200195 0.80747252702713012695 -0.14521275460720062256 0.29795649647712707520 -0.09381026029586791992 0.21465043723583221436 -0.22500531375408172607
-0.39962759613990783691 0.10027132183313369751 0.46391549706459045410 -0.21283726394176483154 0.22957639396190643311 -0.13373093307018280029 0.24269026517868041992 -0.32088536024093627930 -0.02547172829508781433 -0.05011259391903877258 0.25738248229026794434 -0.01674387231469154358 0.12029507011175155640 0.10500690340995788574 -0.01712911203503608704 0.06625226140022277832 -0.15172679722309112549 -0.56521528959274291992 0.11452955752611160278 -0.19064204394817352295 -0.08860357105731964111 0.19766303896903991699 0.13167755305767059326 0.03156518563628196716 0.08652730286121368408
-0.35588976740837097168 0.22169578075408935547 0.43084082007408142090 -0.24001204967498779297 0.57125371694564819336 -0.04652610793709754944 0.51922649145126342773 0.03419834002852439880 -0.16770948469638824463 0.00463910493999719620 0.09801934659481048584 0.08598374575376510620 0.18137064576148986816 -0.18894951045513153076 -0.05861133709549903870 0.06467899680137634277 -0.09339620918035507202 -0.03527335822582244873 -0.18579688668251037598 -0.07357341796159744263 0.02387600019574165344 0.19867770373821258545 -0.22548992931842803955 -0.11753048747777938843 0.06165606901049613953
-0.06744112819433212280 0.53111678361892700195 0.42280703783035278320 0.35218352079391479492 0.22370731830596923828 -0.43151551485061645508 0.48702198266983032227 -0.05348814651370048523 0.01697872951626777649 0.24263018369674682617 -0.13162510097026824951 -0.41495987772941589355 0.10584632307291030884 0.48346158862113952637 0.02461477555334568024 0.02140175364911556244 -0.08078325539827346802 0.03830008581280708313 0.03825242072343826294 -0.09670928865671157837 0.01822928525507450104 0.02343307808041572571 0.20373383164405822754 0.01152352709323167801 0.00443184468895196915
-0.89198303222656250000 0.36329087615013122559 -0.01223991904407739639 0.21419209241867065430 0.39421746134757995605 -0.15391774475574493408 0.49937906861305236816 0.13226661086082458496 -0.14971935749053955078 -0.11128104478120803833 -0.15666201710700988770 0.06825417280197143555 -0.10675793886184692383 0.00155575363896787167 -0.01267252489924430847 0.25235316157341003418 0.09208097308874130249 0.25706765055656433105 0.10620456188917160034 0.25170859694480895996 -0.18221646547317504883 -0.52351963520050048828 0.19273090362548828125 -0.06480305641889572144 0.03073524869978427887
-0.84054005146026611328 0.27261632680892944336 -0.14202602207660675049 0.32583117485046386719 0.14168448746204376221 -0.08738286048173904419 0.40652981400489807129 0.47118577361106872559 0.08532903343439102173 0.20392993092536926270 0.26655197143554687500 0.27416688203811645508 0.31179267168045043945 -0.81561887264251708984 0.07511656731367111206 0.04108997061848640442 0.13619914650917053223 -0.39076179265975952148 -0.26584589481353759766 -0.01204080972820520401 -0.27112063765525817871 -0.51604294776916503906 -0.14530643820762634277 0.13963380455970764160 0.03623213246464729309
0.15548996627330780029 -0.01605802401900291443 -0.34938272833824157715 -0.38533443212509155273 -0.56149673461914062500 -0.52032351493835449219 -0.43550011515617370605 -0.56514549255371093750 0.13070985674858093262 0.06981131434440612793 0.09124890714883804321 -0.05088740959763526917 0.31976062059402465820 0.04101108759641647339 -0.30166375637054443359 -0.25884336233139038086 -0.06020308285951614380 -0.73049437999725341797 0.05231682956218719482 -0.01401836238801479340 0.07756858319044113159 0.01485759392380714417 -0.12992691993713378906 0.09165040403604507446 0.05699848756194114685
-0.58215260505676269531 0.62596142292022705078 0.19613727927207946777 -0.30982252955436706543 0.20909041166305541992 0.11576803028583526611 0.24708952009677886963 -0.11251230537891387939 0.16247612237930297852 -0.15192916989326477051 0.58860331773757934570 0.30013382434844970703 0.64027947187423706055 -0.38996100425720214844 0.04466278478503227234 -0.34568989276885986328 0.19703885912895202637 -0.25174248218536376953 -0.10657658427953720093 0.32961788773536682129 -0.06490993499755859375 -0.71355432271957397461 0.17899256944656372070 0.12659643590450286865 0.00502287875860929489
-0.31177762150764465332 0.48096776008605957031 0.05966652557253837585 0.18148313462734222412 0.38821494579315185547 -0.00880758464336395264 0.41260668635368347168 0.14258207380771636963 -0.40510404109954833984 0.19045241177082061768 -0.12436185777187347412 0.15332114696502685547 -0.01718141138553619385 -0.45294645428657531738 0.12277485430240631104 -0.05176973342895507812 -0.02679178491234779358 -0.41564136743545532227 0.13696286082267761230 0.39378064870834350586 0.05409113690257072449 -0.22125549614429473877 0.10936120897531509399 0.02431168779730796814 0.01675304211676120758
-0.24282480776309967041 0.07240133732557296753 -0.37787467241287231445 0.19021363556385040283 -0.31388825178146362305 0.36545869708061218262 -0.31048506498336791992 0.18026086688041687012 0.11466481536626815796 0.26921960711479187012 -0.03563923016190528870 -0.15366995334625244141 -0.17459304630756378174 -0.00475363526493310928 0.28718942403793334961 -0.05814168602228164673 0.31479036808013916016 0.13087944686412811279 0.18829591572284698486 -0.34093284606933593750 0.06869253516197204590 -0.35804164409637451172 -0.12961663305759429932 0.02415300533175468445 0.12673103809356689453
0.09669565409421920776 0.42765900492668151855 0.41290473937988281250 -0.16620923578739166260 0.35762664675712585449 -0.14249676465988159180 0.30924549698829650879 0.04154758527874946594 0.01744915172457695007 -0.00553938327357172966 0.08574236929416656494 0.02791789732873439789 0.20576757192611694336 0.08770603686571121216 -0.17371414601802825928 -0.01916987076401710510 -0.25322785973548889160 0.26056680083274841309 -0.24327553808689117432 -0.16724932193756103516 0.17008300125598907471 0.29239633679389953613 -0.08554043620824813843 -0.00504500977694988251 0.03938064351677894592
-0.10984168946743011475 -0.26345402002334594727 -0.07185883820056915283 0.23026704788208007812 -0.39397537708282470703 0.33947563171386718750 0.03319759666919708252 0.84803956747055053711 -0.38151100277900695801 0.03020622581243515015 -0.36818975210189819336 -0.09971278905868530273 -0.17436349391937255859 0.61839872598648071289 -0.52373313903808593750 0.15428671240806579590 -0.55364149808883666992 0.49826505780220031738 0.08406590670347213745 0.38727983832359313965 -0.15107545256614685059 0.20224687457084655762 -0.07816633582115173340 0.04357375949621200562 0.06427423655986785889
0.51357477903366088867 -0.42067107558250427246 -0.40786615014076232910 0.01689253002405166626 -0.45104047656059265137 0.25787106156349182129 -0.49456024169921875000 0.50945597887039184570 -0.00144372100476175547 0.21550118923187255859 0.25155711174011230469 0.05115088447928428650 -0.22300669550895690918 -0.76265347003936767578 0.15460401773452758789 -0.15677334368228912354 -0.66000366210937500000 -0.53378832340240478516 0.04616666585206985474 -0.14839756488800048828 -0.04136067628860473633 0.17019644379615783691 0.18052990734577178955 0.04658851027488708496 0.07386733591556549072
0.83752036094665527344 -0.19738711416721343994 -0.41834485530853271484 -0.35763019323348999023 -0.37436807155609130859 -0.68459677696228027344 -0.45575818419456481934 -0.54898273944854736328 -0.05316522344946861267 0.06238654628396034241 -0.25215229392051696777 -0.53584194183349609375 -0.08062754571437835693 1.10898423194885253906 -0.59330821037292480469 0.12132375687360763550 -0.55749177932739257812 -0.66297012567520141602 0.00741019099950790405 -0.07689384371042251587 0.11286774277687072754 -0.14982043206691741943 -0.16637821495532989502 0.04294258356094360352 -0.01618412323296070099
-0.03050474636256694794 -0.49438175559043884277 -0.17403337359428405762 -0.35491472482681274414 -0.32006520032882690430 -0.34801819920539855957 -0.18356642127037048340 -0.20217819511890411377 0.04859890416264533997 -0.04176735132932662964 -0.04883202537894248962 -0.25885728001594543457 -0.18528512120246887207 0.22343508899211883545 -0.06227476522326469421 0.16598522663116455078 -0.21490350365638732910 0.28858143091201782227 0.05503815412521362305 0.02937193773686885834 -0.01196999382227659225 0.14193224906921386719 0.08732730895280838013 -0.02526211179792881012 0.11337031424045562744
-0.02728359214961528778 0.09740528464317321777 -0.04590972140431404114 -0.30236804485321044922 -0.28974646329879760742 0.27010801434516906738 -0.10854063928127288818 0.24828536808490753174 0.21928077936172485352 -0.02356247976422309875 0.27667537331581115723 -0.01074259635061025620 0.32390514016151428223 0.42590394616127014160 -0.51940762996673583984 0.08618765324354171753 -0.32715743780136108398 0.00748907448723912239 0.05801830068230628967 0.39354702830314636230 0.03050330281257629395 0.06058259680867195129 -0.01298114098608493805 0.03470516949892044067 0.03397588804364204407
-0.49686670303344726562 0.35206213593482971191 0.09584788233041763306 0.30680766701698303223 0.31331193447113037109 0.08924791216850280762 0.02081860229372978210 0.12097823619842529297 0.09628730267286300659 -0.02468916960060596466 -0.06193093582987785339 0.22250048816204071045 -0.19982500374317169189 -0.55969744920730590820 0.26676043868064880371 -0.25361239910125732422 0.35198169946670532227 -0.31169381737709045410 -0.02040410973131656647 0.51823329925537109375 -0.09515990316867828369 -0.14972396194934844971 0.14346526563167572021 -0.08611629903316497803 -0.07002288848161697388
-0.41583481431007385254 -0.21062187850475311279 -0.28325307369232177734 -0.50657874345779418945 0.09936382621526718140 -0.53103321790695190430 0.41265854239463806152 -0.23120842874050140381 -0.06924835592508316040 -0.15066896378993988037 0.21864415705204010010 0.02767403237521648407 0.00638983212411403656 0.09304297715425491333 -0.02666212245821952820 -0.04042424634099006653 -0.09682972729206085205 -0.63183391094207763672 -0.01464775390923023224 -0.16044068336486816406 -0.06151231378316879272 -0.14621457457542419434 0.00649394886568188667 0.05799916014075279236 0.13677003979682922363
-0.08250515908002853394 0.31099086999893188477 -0.21840414404869079590 0.16198578476905822754 0.41686281561851501465 0.07524539530277252197 0.47586736083030700684 0.01388431061059236526 -0.42785796523094177246 -0.19220533967018127441 -0.37771859765052795410 0.00564742879942059517 -0.41130298376083374023 0.32356706261634826660 -0.71812516450881958008 0.06047268211841583252 -0.82393789291381835938 0.41999334096908569336 -0.01617269963026046753 0.18853150308132171631 0.03165053203701972961 -0.21783120930194854736 0.05753230676054954529 -0.10568799078464508057 -0.01682117208838462830
-0.15533904731273651123 -0.22208772599697113037 -0.43320471048355102539 -0.32342508435249328613 0.10559082031250000000 -0.53735864162445068359 0.24096289277076721191 -0.36420238018035888672 0.23461525142192840576 0.15320959687232971191 0.26356276869773864746 0.22836078703403472900 -0.20581439137458801270 -0.75860738754272460938 0.72890883684158325195 -0.04683356732130050659 0.12841202318668365479 -0.67711079120635986328 0.02626534178853034973 -0.07972976565361022949 0.05454984307289123535 -0.36230793595314025879 -0.09689593315124511719 0.10797628760337829590 0.01470796298235654831
-0.24374906718730926514 0.35815811157226562500 0.16924701631069183350 -0.52881520986557006836 0.33867439627647399902 0.10532357543706893921 0.88775908946990966797 -0.00680953497067093849 0.02291675470769405365 -0.07200979441404342651 -0.04350738227367401123 0.20107333362102508545 0.05492488294839859009 0.26240292191505432129 -0.36853072047233581543 -0.10590551793575286865 0.08850482106208801270 0.22034426033496856689 -0.12282418459653854370 0.16164138913154602051 0.09747787564992904663 -0.15109702944755554199 -0.09614411741495132446 -0.02764421328902244568 -0.12369655817747116089
-0.10427209734916687012 0.02282406762242317200 -0.01985945925116539001 -0.06564413756132125854 0.42530152201652526855 -0.28476142883300781250 0.31222584843635559082 -0.07007652521133422852 0.25294506549835205078 -0.55733144283294677734 0.47118595242500305176 0.00312280468642711639 -0.26378491520881652832 -0.16491535305976867676 0.29395258426666259766 -0.12334037572145462036 -0.19535037875175476074 -0.33598399162292480469 -0.60815030336380004883 -0.00779511546716094017 0.11458060890436172485 0.46759527921676635742 0.12085074186325073242 0.03500761464238166809 0.07138409465551376343
0.31167459487915039062 -0.18731068074703216553 -0.62821197509765625000 -0.14108535647392272949 -0.50870311260223388672 -0.06012471020221710205 -0.66695380210876464844 0.05733914673328399658 0.25688436627388000488 -0.11545475572347640991 -0.21403345465660095215 0.00602041883394122124 -0.46602925658226013184 -0.02176912501454353333 0.48027405142784118652 -0.02694967947900295258 0.20954622328281402588 -0.09479934722185134888 -0.13212075829505920410 -0.50667995214462280273 0.10845141857862472534 0.55771857500076293945 -0.13881500065326690674 -0.00096405576914548874 0.02937193959951400757
0.16457518935203552246 -0.12621934711933135986 -0.16044579446315765381 -0.07997247576713562012 -0.51989364624023437500 0.03233991190791130066 -0.14607800543308258057 0.00963928736746311188 -0.18400895595550537109 0.22342231869697570801 -0.12890160083770751953 -0.15711972117424011230 0.09435369074344635010 0.09542334079742431641 -0.17846775054931640625 0.02868816815316677094 0.10529135167598724365 0.30338501930236816406 0.21109393239021301270 -0.60758703947067260742 -0.06243203580379486084 0.24354755878448486328 0.27987071871757507324 -0.14379909634590148926 -0.05528175085783004761
0.24635069072246551514 -0.21182273328304290771 -0.31878000497817993164 -0.14975784718990325928 -0.22867092490196228027 0.04614604637026786804 -0.14408996701240539551 0.19031961262226104736 -0.06958005577325820923 0.37781882286071777344 0.19042637944221496582 0.02445436641573905945 0.02620370313525199890 -0.28015273809432983398 0.08515215665102005005 0.07632005959749221802 0.05463780090212821960 0.56854820251464843750 0.22598789632320404053 -0.22093845903873443604 -0.10362971574068069458 -0.65218657255172729492 0.20309521257877349854 0.02642288990318775177 -0.05267852917313575745
-0.06962793320417404175 0.04549696668982505798 0.22439393401145935059 -0.28234562277793884277 -0.46524536609649658203 0.30060538649559020996 -0.56076961755752563477 0.59558171033859252930 0.24430489540100097656 0.92087107896804809570 0.03471642732620239258 -0.07134890556335449219 -0.13900773227214813232 0.08973036706447601318 -0.09331354498863220215 -0.15713869035243988037 0.03040442243218421936 -0.18454281985759735107 0.18862384557723999023 0.09918216615915298462 0.00668716430664062500 0.09445480257272720337 0.09076525270938873291 0.14033834636211395264 0.06623788177967071533
-0.13874179124832153320 0.06912662088871002197 -0.13767503201961517334 0.44428631663322448730 0.00811134930700063705 0.64773923158645629883 -0.45501828193664550781 -0.04849291220307350159 0.50654280185699462891 0.12017798423767089844 0.32623735070228576660 0.12275323271751403809 -0.01514714024960994720 -0.30920740962028503418 -0.15611179172992706299 0.06244352459907531738 -0.11606165766716003418 -0.31703042984008789062 -0.14120523631572723389 -0.21846957504749298096 -0.00279204850085079670 -0.27636432647705078125 0.00934320874512195587 -0.05014912784099578857 -0.06223776191473007202
-0.64550286531448364258 0.34524711966514587402 0.05203955993056297302 0.41355735063552856445 0.03450458496809005737 0.10160920768976211548 -0.19407059252262115479 -0.22633181512355804443 0.60371911525726318359 -0.02535388246178627014 -0.06346797943115234375 -0.03214580938220024109 -0.08568391948938369751 0.01443797908723354340 -0.08999963104724884033 -0.01674152910709381104 0.39202779531478881836 -0.51213419437408447266 0.05232192575931549072 -0.13888876140117645264 0.04558490589261054993 -0.32253673672676086426 -0.07977207750082015991 -0.00359094166196882725 -0.08635555952787399292
0.20054750144481658936 -0.10234685242176055908 -0.24377451837062835693 0.57022649049758911133 0.21399809420108795166 0.16763953864574432373 -0.12765939533710479736 -0.37047645449638366699 0.07263433933258056641 -0.34425774216651916504 0.50594222545623779297 0.01396362483501434326 0.30997189879417419434 0.04984337091445922852 0.20016905665397644043 0.14884085953235626221 0.48356401920318603516 0.76229339838027954102 0.00187683245167136192 0.03902091085910797119 0.08522690087556838989 -0.16586685180664062500 -0.02723669819533824921 0.09982497990131378174 0.00314793642610311508
-0.19827060401439666748 0.09400624781847000122 -0.08097313344478607178 0.17031441628932952881 -0.51913011074066162109 -0.64740180969238281250 -0.59298062324523925781 -0.51843512058258056641 0.03389118984341621399 -0.45265480875968933105 0.16045077145099639893 -0.14761149883270263672 0.37225207686424255371 -0.03238651901483535767 -0.23811754584312438965 -0.31730008125305175781 0.02034760266542434692 -0.78052538633346557617 -0.24234792590141296387 -0.10492702573537826538 0.00110097683500498533 -0.01759507693350315094 -0.05439983680844306946 0.10764659196138381958 0.03714362904429435730
-0.57243847846984863281 -0.29212608933448791504 -0.15265138447284698486 -0.61373001337051391602 -0.00056625716388225555 -0.40367472171783447266 0.21004889905452728271 0.24452787637710571289 0.13250945508480072021 -0.29194790124893188477 -0.28359150886535644531 -0.01938180252909660339 -0.52881789207458496094 0.90139621496200561523 -0.16683664917945861816 0.41788116097450256348 -0.31831237673759460449 0.14924591779708862305 0.00164919742383062840 -0.03613629192113876343 -0.17230844497680664062 -0.43903470039367675781 0.36593309044837951660 -0.10108269751071929932 -0.17503298819065093994
0.49684718251228332520 -0.52260893583297729492 -0.18559232354164123535 -0.28626275062561035156 -0.40975904464721679688 -0.12618832290172576904 -0.58542025089263916016 -0.20452940464019775391 0.19867876172065734863 0.03583610802888870239 -0.05848706513643264771 -0.09023164212703704834 -0.11181364953517913818 -0.00088161393068730831 -0.15692648291587829590 -0.13395635783672332764 -0.12587738037109375000 -0.51446372270584106445 0.21953663229942321777 -0.22839176654815673828 -0.10966062545776367188 -0.23275479674339294434 -0.14085042476654052734 0.06743405759334564209 0.01796342246234416962
0.15101066231727600098 0.53512275218963623047 0.11922839283943176270 -0.15804973244667053223 0.44236060976982116699 -0.25398182868957519531 0.09505765140056610107 -0.01701644621789455414 -0.26611179113388061523 0.24810992181301116943 0.16717062890529632568 0.00197081151418387890 -0.18286195397377014160 -0.48768380284309387207 0.49381655454635620117 0.03786281123757362366 0.40365821123123168945 -0.46896672248840332031 0.17411024868488311768 -0.16934914886951446533 -0.15678808093070983887 0.09200091660022735596 -0.02119179628789424896 -0.06074525415897369385 0.13956208527088165283
-0.70892471075057983398 0.24294432997703552246 0.26164001226425170898 0.09623008221387863159 0.67911332845687866211 -0.10537524521350860596 0.53092300891876220703 -0.02569614350795745850 -0.11864893883466720581 -0.61759871244430541992 -0.14334551990032196045 0.31553351879119873047 -0.08820309489965438843 -0.57825422286987304688 -0.05720997974276542664 -0.20427578687667846680 -0.00948297046124935150 -0.01496304571628570557 0.25895115733146667480 0.06851179152727127075 0.08252395689487457275 -0.12363790720701217651 -0.03546273335814476013 -0.03041279688477516174 -0.04685148596763610840
-0.32215344905853271484 -0.11772625893354415894 0.29151794314384460449 -0.35016885399818420410 0.01419540680944919586 -0.04054896906018257141 0.16895890235900878906 -0.03351129963994026184 -0.06706836819648742676 0.17564876377582550049 -0.04947998374700546265 -0.04671168699860572815 -0.26296377182006835938 0.01690916530787944794 0.62850594520568847656 -0.24391233921051025391 0.04247419908642768860 0.46688085794448852539 -0.21401266753673553467 0.27220895886421203613 0.06123901531100273132 0.17800107598304748535 -0.20561814308166503906 -0.13122731447219848633 0.08789012581110000610
0.81888717412948608398 -0.50238436460494995117 -0.76309484243392944336 0.19928252696990966797 -0.21903067827224731445 -0.24440783262252807617 -0.33549928665161132812 -0.19388957321643829346 0.56104844808578491211 -0.14259986579418182373 0.02959837391972541809 -0.09892290085554122925 0.03078548051416873932 0.49956932663917541504 0.44853088259696960449 -0.15233270823955535889 0.40879896283149719238 0.10544106364250183105 0.03403797000646591187 0.06349450349807739258 0.10041371732950210571 0.33224782347679138184 0.03863098844885826111 0.02323998510837554932 -0.05679258331656455994
-0.21142016351222991943 0.43897563219070434570 -0.00302542652934789658 0.36136007308959960938 0.21868799626827239990 0.18421928584575653076 -0.50728571414947509766 0.13542275130748748779 0.13388414680957794189 0.02714155800640583038 0.02832233160734176636 0.13225212693214416504 0.26692280173301696777 -0.56976312398910522461 0.06249871477484703064 -0.07696459442377090454 0.09127692878246307373 -0.03543281555175781250 -0.20387923717498779297 0.13646802306175231934 0.35227891802787780762 0.33981239795684814453 -0.20213027298450469971 0.05185292288661003113 -0.07265385240316390991
-0.40303575992584228516 0.87039440870285034180 -0.23248994350433349609 0.29541525244712829590 0.27958202362060546875 0.10506577789783477783 -0.10667201131582260132 0.18179729580879211426 0.31939810514450073242 -0.01785461232066154480 0.08640415966510772705 0.31524470448493957520 -0.20716755092144012451 -0.61738383769989013672 0.22895693778991699219 -0.02558216266334056854 0.21215544641017913818 -0.11569152027368545532 -0.10499831289052963257 0.06473625451326370239 0.00993671175092458725 -0.29748332500457763672 -0.14920149743556976318 0.06253009289503097534 0.02100913785398006439
-0.57456254959106445312 0.40929076075553894043 -0.11275898665189743042 -0.00758094200864434242 0.47207811474800109863 -0.63740813732147216797 1.06397676467895507812 -0.03477792069315910339 -0.43529862165451049805 0.00751210097223520279 -0.09260582178831100464 0.09477311372756958008 0.06300021708011627197 -0.11377669125795364380 -0.20776112377643585205 0.13297639787197113037 -0.22653816640377044678 -0.00239206640981137753 0.09651249647140502930 -0.06792161613702774048 0.07483770698308944702 0.39303827285766601562 0.01596569642424583435 -0.17869670689105987549 -0.00485349679365754128
-0.08316537737846374512 -0.06704080849885940552 -0.55783224105834960938 0.16342547535896301270 -0.24968616664409637451 0.21677306294441223145 -0.35087227821350097656 0.24363254010677337646 0.04450032487511634827 0.06751491874456405640 0.07076148688793182373 0.01540626864880323410 0.05408691242337226868 -0.27914166450500488281 0.10496856272220611572 -0.16256254911422729492 0.33531656861305236816 -0.13806551694869995117 0.15406505763530731201 0.12004296481609344482 -0.08967529982328414917 -0.15240408480167388916 0.08785385638475418091 -0.01672161556780338287 0.01058503054082393646
0.29302260279655456543 -0.02892315573990345001 -0.13790827989578247070 -0.24022547900676727295 -0.18193976581096649170 -0.40657463669776916504 -0.01181072276085615158 -0.20504646003246307373 0.13903316855430603027 -0.01348644681274890900 -0.09435542672872543335 0.08031971752643585205 -0.35833171010017395020 -0.02243286743760108948 0.22168229520320892334 -0.47608283162117004395 -0.43706345558166503906 -0.58361375331878662109 -0.12174826860427856445 0.65588217973709106445 -0.25195789337158203125 -0.08751514554023742676 -0.03411138057708740234 0.10031839460134506226 0.06940451264381408691
-0.20223547518253326416 -0.58642458915710449219 -0.31755527853965759277 0.11861305683851242065 -0.19646264612674713135 0.32458057999610900879 -0.22518695890903472900 0.34550687670707702637 -0.04953313246369361877 0.27708914875984191895 -0.03640742599964141846 0.02970581874251365662 -0.08413061499595642090 -0.14293186366558074951 0.18527793884277343750 -0.00159894290845841169 0.18240031599998474121 0.09471232444047927856 0.26913207769393920898 0.10709732770919799805 0.03342162445187568665 0.15961638092994689941 0.07582941651344299316 -0.03001883812248706818 -0.05605809390544891357
0.29686364531517028809 -0.33529111742973327637 0.07697267830371856689 0.08033959567546844482 -0.41515314579010009766 0.49054345488548278809 -0.30813848972320556641 0.23476968705654144287 -0.17578528821468353271 0.02468560636043548584 -0.20659416913986206055 -0.14604265987873077393 0.03446187451481819153 0.75824552774429321289 -0.17325913906097412109 0.21837605535984039307 -0.15679827332496643066 0.36098086833953857422 -0.42522314190864562988 -0.12190054357051849365 -0.00811869651079177856 -0.64371532201766967773 -0.25499534606933593750 0.00803359504789113998 -0.00156848016194999218
0.48438695073127746582 -0.49029135704040527344 -0.19614969193935394287 -0.29796436429023742676 -0.31527590751647949219 0.11974106729030609131 -0.03618089854717254639 0.14847853779792785645 -0.14449661970138549805 0.29710981249809265137 -0.04291274398565292358 -0.10876674205064773560 -0.00418514991179108620 0.00327044958248734474 -0.25825718045234680176 -0.03767075017094612122 -0.07883961498737335205 0.10474814474582672119 0.14320518076419830322 0.01557443104684352875 -0.04678773880004882812 0.06107784807682037354 -0.38441658020019531250 0.08421121537685394287 -0.08009298890829086304
0.10675970464944839478 0.02862932533025741577 -0.40287753939628601074 -0.14542250335216522217 -0.33188012242317199707 0.18841315805912017822 -0.57282006740570068359 0.22992227971553802490 0.20908524096012115479 0.23089405894279479980 0.08379422873258590698 0.01439110934734344482 0.05686081573367118835 0.06958507746458053589 0.15474346280097961426 -0.03842338547110557556 0.23342695832252502441 0.12377858161926269531 0.33337861299514770508 -0.13896924257278442383 0.06424037367105484009 -0.07480215281248092651 0.35648474097251892090 0.00363791547715663910 0.09689693897962570190
0.24317535758018493652 -0.16948147118091583252 -0.50822949409484863281 0.21868292987346649170 0.07350385934114456177 -0.11288328468799591064 -0.02803429588675498962 -0.17383474111557006836 -0.19798164069652557373 -0.21370992064476013184 -0.07049104571342468262 -0.01417458988726139069 -0.14893843233585357666 -0.11195883154869079590 0.13937810063362121582 0.03741511330008506775 0.32646179199218750000 0.42936778068542480469 0.19822010397911071777 -0.01589330844581127167 0.21446497738361358643 -0.11193610727787017822 0.17885349690914154053 -0.28086423873901367188 0.10982712358236312866
0.14217591285705566406 -0.65121692419052124023 -0.30918881297111511230 -0.01716319099068641663 -0.35476514697074890137 0.17294245958328247070 -0.52757388353347778320 -0.04825626313686370850 0.24802155792713165283 -0.00306601822376251221 -0.12840089201927185059 -0.13047018647193908691 0.19101718068122863770 -0.07742028683423995972 -0.10480839759111404419 0.24432292580604553223 0.18251183629035949707 -0.21812029182910919189 -0.02111647091805934906 -0.21498382091522216797 -0.03225250914692878723 0.35448324680328369141 0.01530414633452892303 0.03607107326388359070 -0.03747672215104103088
-0.09079650044441223145 0.10965763777494430542 -0.32660812139511108398 0.27505284547805786133 -0.50789356231689453125 0.34438723325729370117 -0.39036184549331665039 0.22849892079830169678 0.25000360608100891113 0.19429776072502136230 0.10287991166114807129 -0.12100240588188171387 -0.16209939122200012207 -0.00626574270427227020 0.15155880153179168701 -0.00591693306341767311 0.19817775487899780273 -0.20424750447273254395 0.07065124064683914185 -0.40484327077865600586 0.07804764807224273682 -0.53198796510696411133 -0.12103753536939620972 0.04351660609245300293 -0.00761717045679688454
-0.27044928073883056641 0.01944432035088539124 -0.08583997189998626709 0.04709661006927490234 0.48782026767730712891 0.17408129572868347168 0.26745215058326721191 0.17374995350837707520 -0.33762919902801513672 -0.02826196514070034027 0.01310547441244125366 0.20541001856327056885 0.28706139326095581055 -0.95928645133972167969 -0.18857391178607940674 -0.31478402018547058105 -0.23584397137165069580 -0.33396193385124206543 -0.07382682710886001587 0.09522308409214019775 0.10577061027288436890 0.42503309249877929688 -0.40875634551048278809 0.14819866418838500977 0.02025139704346656799
-0.30274730920791625977 0.63920587301254272461 0.86801284551620483398 -0.22062189877033233643 0.20357148349285125732 0.58343625068664550781 -0.15248388051986694336 0.48950389027595520020 -0.18395100533962249756 0.34053573012351989746 -0.10777867585420608521 0.03460087627172470093 0.05294480919837951660 -0.43220683932304382324 -0.13601520657539367676 0.05589260533452033997 0.12696830928325653076 0.21512481570243835449 0.27750355005264282227 -0.02405173145234584808 0.03718908131122589111 0.42231112718582153320 -0.06946796178817749023 -0.03871431574225425720 -0.01180602051317691803
0.55669963359832763672 -0.45428273081779479980 0.01779008097946643829 -0.39211720228195190430 -0.19544024765491485596 -0.02817910164594650269 -0.45986863970756530762 -0.23191805183887481689 0.03481790050864219666 -0.26932933926582336426 -0.45149844884872436523 -0.18729448318481445312 -0.70335048437118530273 0.63853806257247924805 -0.34224009513854980469 0.03416922315955162048 -0.31244882941246032715 0.32970440387725830078 0.14416213333606719971 0.11567085981369018555 0.18703719973564147949 0.93159407377243041992 0.05978787317872047424 -0.03957485407590866089 0.08059318363666534424
-0.77704077959060668945 0.24550271034240722656 -0.31442749500274658203 0.08638698607683181763 0.45253360271453857422 -0.07547529041767120361 0.52928721904754638672 -0.04946310818195343018 -0.15449807047843933105 -0.01818364672362804413 0.18721832334995269775 0.02971701510250568390 0.03667860105633735657 -0.22983483970165252686 -0.05791629478335380554 -0.00222153938375413418 -0.20279628038406372070 -0.29046389460563659668 -0.11651992797851562500 0.05275985226035118103 -0.01370298117399215698 0.11625887453556060791 0.04132691025733947754 0.06649137288331985474 0.07161612808704376221
0.09490675479173660278 0.21216502785682678223 -0.06385103613138198853 -0.13590624928474426270 0.46880924701690673828 -0.13603326678276062012 0.50022321939468383789 0.31863263249397277832 0.58136063814163208008 0.16010159254074096680 0.14484287798404693604 -0.35608768463134765625 -0.08757259696722030640 0.30074149370193481445 0.19648271799087524414 0.05141060426831245422 -0.37376356124877929688 -0.23758773505687713623 -0.68302887678146362305 -0.17785163223743438721 -0.04052634537220001221 -0.03246390819549560547 0.19315226376056671143 0.03126615658402442932 0.06427500396966934204
-0.47587421536445617676 0.17252680659294128418 0.13747364282608032227 0.16752308607101440430 0.23648855090141296387 0.05344007164239883423 0.50129550695419311523 0.19247929751873016357 -0.31913715600967407227 0.23699359595775604248 0.00467929057776927948 0.34055405855178833008 -0.05574829503893852234 -0.73353630304336547852 0.14968951046466827393 -0.26612928509712219238 0.38924172520637512207 -0.41354522109031677246 0.07211235910654067993 -0.15795905888080596924 0.00756033835932612419 -0.11440220475196838379 -0.04024667292833328247 -0.00332271540537476540 -0.04746529087424278259
0.45344245433807373047 0.58259648084640502930 -0.38041576743125915527 0.17193202674388885498 0.33566814661026000977 -0.38223037123680114746 0.15957786142826080322 0.20955316722393035889 0.16540436446666717529 0.05326971039175987244 0.58985608816146850586 0.18933565914630889893 -0.29588583111763000488 -0.60482954978942871094 0.22308652102947235107 -0.00681513082236051559 0.58899247646331787109 0.68666505813598632812 -0.09439441561698913574 0.13190546631813049316 -0.00856262911111116409 -0.30296775698661804199 -0.27525496482849121094 -0.02037474140524864197 -0.14870141446590423584
0.59236937761306762695 -0.22890265285968780518 -0.21830314397811889648 -0.36564281582832336426 -0.24761548638343811035 -0.18664520978927612305 -0.30098566412925720215 0.25089028477668762207 0.36710977554321289062 0.14775754511356353760 0.18355746567249298096 -0.03485677391290664673 0.00427916925400495529 0.25561025738716125488 -0.05839577317237854004 0.10502235591411590576 0.21408903598785400391 0.15652649104595184326 0.20968736708164215088 -0.03170539438724517822 0.15000608563423156738 0.43237745761871337891 0.01602168567478656769 -0.10404952615499496460 0.05378661677241325378
-0.42425417900085449219 -0.62845021486282348633 -0.46998849511146545410 0.11006023734807968140 -0.17032621800899505615 0.24977724254131317139 -0.10574025660753250122 0.36808830499649047852 -0.16589157283306121826 0.36596068739891052246 -0.00410233670845627785 0.03792130574584007263 -0.00704141147434711456 -0.03003117255866527557 0.04454119503498077393 0.07364263385534286499 0.12442157417535781860 0.43085619807243347168 0.08809053152799606323 -0.16495822370052337646 -0.05444052442908287048 -0.26622539758682250977 0.15231926739215850830 -0.00719379214569926262 -0.05497865751385688782
0.26702943444252014160 -0.16458269953727722168 0.12512858211994171143 -0.08340543508529663086 -0.25755453109741210938 0.01306039374321699142 -0.44264003634452819824 0.22830285131931304932 0.26521563529968261719 0.54444926977157592773 0.17914614081382751465 0.09719727933406829834 0.35802835226058959961 -0.10448394715785980225 0.27123332023620605469 -0.08844885230064392090 0.11439304053783416748 0.37476566433906555176 0.24350111186504364014 0.08521610498428344727 -0.08944234997034072876 -0.54018956422805786133 0.32163545489311218262 -0.01818863302469253540 0.02152892388403415680
-0.12959556281566619873 -0.10303261131048202515 0.27331876754760742188 -0.17091652750968933105 0.33378234505653381348 -0.28087595105171203613 0.50948607921600341797 -0.37512376904487609863 -0.66478717327117919922 -0.47014716267585754395 -0.49054729938507080078 0.15156477689743041992 -0.33178782463073730469 0.21660280227661132812 -0.11712458729743957520 0.19820573925971984863 0.14409036934375762939 0.50275272130966186523 0.16827298700809478760 0.05267934873700141907 -0.07227469235658645630 -0.04119588434696197510 0.06765826046466827393 -0.03833628445863723755 -0.08879791945219039917
0.53462505340576171875 -0.68066638708114624023 -0.37586909532546997070 -0.26792433857917785645 -0.22312940657138824463 0.02610343322157859802 -0.33050069212913513184 0.12222616374492645264 -0.00503619154915213585 0.64591151475906372070 -0.05568441748619079590 -0.29486733675003051758 0.05358036607503890991 0.38958612084388732910 -0.45177745819091796875 0.09809032082557678223 -0.19340577721595764160 0.29613867402076721191 -0.37702560424804687500 -0.08083922415971755981 0.33220794796943664551 0.34338188171386718750 0.09861218929290771484 0.09355430305004119873 -0.07874151319265365601
-0.47246396541595458984 0.26791965961456298828 0.34568718075752258301 -0.18402804434299468994 0.05665038898587226868 -0.51023489236831665039 0.43074223399162292480 -0.34683597087860107422 -0.02034082449972629547 -0.40222465991973876953 -0.12088330835103988647 0.06966543942689895630 -0.16190084815025329590 0.11183641850948333740 -0.02487665787339210510 -0.03582697734236717224 -0.07561936974525451660 -0.15819919109344482422 -0.44385528564453125000 0.02266006357967853546 -0.15740121901035308838 0.08382592350244522095 0.44913548231124877930 -0.12643079459667205811 0.12879914045333862305
-0.11691468209028244019 0.47407966852188110352 -0.32360449433326721191 0.32302963733673095703 0.13539041578769683838 0.08011317253112792969 -0.48351380228996276855 0.09662783145904541016 -0.04970889165997505188 -0.28829082846641540527 -0.10553783923387527466 0.22964987158775329590 -0.38311168551445007324 -0.46829786896705627441 0.33596709370613098145 -0.05642312392592430115 0.22607468068599700928 -0.21138808131217956543 0.03473445773124694824 0.10857561975717544556 0.07570050656795501709 0.44484555721282958984 -0.30807974934577941895 0.05875263735651969910 0.03890667855739593506
-0.61337023973464965820 0.22614680230617523193 0.31977176666259765625 0.21929831802845001221 0.44543132185935974121 -0.08954881876707077026 0.31211373209953308105 0.13606140017509460449 -0.12418378144502639771 -0.14846386015415191650 0.23260542750358581543 0.20768655836582183838 0.15979151427745819092 -0.45885589718818664551 0.37938883900642395020 0.07489196956157684326 -0.03561091795563697815 -0.07478751242160797119 -0.11829843372106552124 -0.08033670485019683838 -0.10400357842445373535 0.09733784943819046021 0.11738526076078414917 -0.05007496476173400879 0.07760941237211227417
0.46604835987091064453 -0.14239621162414550781 0.00977585371583700180 -0.28956121206283569336 0.02174527384340763092 -0.09761353582143783569 0.21962569653987884521 0.04345219582319259644 0.55339664220809936523 0.77226036787033081055 0.80056059360504150391 -0.15424074232578277588 0.08322584629058837891 -0.43110525608062744141 0.49000242352485656738 -0.38786289095878601074 0.22944591939449310303 -0.44683092832565307617 -0.11098565161228179932 0.10495176911354064941 -0.01636183634400367737 -0.03274545073509216309 -0.12017200142145156860 0.06455742567777633667 0.02123194932937622070
-0.12474465370178222656 -0.41788092255592346191 0.10665785521268844604 -0.14785426855087280273 0.52597564458847045898 0.46373111009597778320 0.65394115447998046875 0.13999237120151519775 -0.40713077783584594727 0.15869958698749542236 -0.00256943469867110252 0.21940717101097106934 0.05647865682840347290 -0.92608004808425903320 -0.30780848860740661621 -0.33844548463821411133 -0.07218875735998153687 0.35214057564735412598 -0.30658149719238281250 0.12463440746068954468 -0.11493881046772003174 0.17293249070644378662 0.18162570893764495850 0.00250912364572286606 0.03915813937783241272
-0.61666768789291381836 -0.47838652133941650391 -0.34594148397445678711 0.17117440700531005859 -0.29917585849761962891 0.17154528200626373291 -0.32513552904129028320 0.09265031665563583374 -0.07309905439615249634 0.27351123094558715820 -0.11243668198585510254 -0.00795525684952735901 -0.20652791857719421387 -0.09425686299800872803 0.21600931882858276367 -0.04827447608113288879 0.28882607817649841309 0.17228925228118896484 0.01784189604222774506 -0.29081284999847412109 -0.06653153896331787109 -0.22691100835800170898 0.07318243384361267090 0.04513667896389961243 -0.01780380122363567352
0.20283126831054687500 -0.14335809648036956787 0.25964713096618652344 -0.28374838829040527344 0.27547624707221984863 0.03344268724322319031 0.73400413990020751953 0.17120106518268585205 -0.53598046302795410156 -0.11708232760429382324 0.00437280070036649704 0.05535584688186645508 -0.16741871833801269531 -0.17307239770889282227 0.25008296966552734375 -0.15568450093269348145 0.27209392189979553223 -0.28751093149185180664 -0.60742563009262084961 0.16984932124614715576 0.06835711002349853516 -0.17814575135707855225 -0.10834340006113052368 -0.03193845972418785095 0.17415979504585266113
-0.37739592790603637695 0.01805626973509788513 -0.01265244558453559875 -0.17955149710178375244 0.32500335574150085449 -0.01459714490920305252 0.80029881000518798828 0.01075412612408399582 -0.38935342431068420410 -0.05944984033703804016 0.08083078265190124512 -0.15176953375339508057 0.11188954114913940430 0.51650512218475341797 -0.50005328655242919922 -0.00253170984797179699 -0.56766265630722045898 -0.51111513376235961914 -0.59022271633148193359 0.10203061997890472412 0.07490418106317520142 0.16097788512706756592 0.09849333018064498901 -0.03269924223423004150 0.06801559776067733765
0.10459998995065689087 -0.15410706400871276855 0.02431323565542697906 -0.15590716898441314697 -0.24665437638759613037 -0.07125281542539596558 -0.52133154869079589844 0.08557622879743576050 0.12039354443550109863 -0.06789328157901763916 -0.34184664487838745117 0.29815465211868286133 -0.39053881168365478516 -0.65698713064193725586 0.19909648597240447998 -0.05597091093659400940 0.10879833996295928955 0.62147212028503417969 0.14566904306411743164 0.07947041094303131104 -0.00438024196773767471 0.34434753656387329102 0.05508179962635040283 -0.06216014921665191650 0.01121750287711620331
-0.51396352052688598633 -0.61029607057571411133 0.33727347850799560547 -0.40748021006584167480 -0.18152862787246704102 0.07950208336114883423 0.17291654646396636963 -0.06413251161575317383 -0.21133118867874145508 -0.50147610902786254883 -0.19123494625091552734 0.18456482887268066406 -0.08876837044954299927 0.32572999596595764160 -0.27063259482383728027 0.05965605750679969788 -0.01303754933178424835 0.09228379279375076294 -0.01524233445525169373 -0.01188360340893268585 0.03803756088018417358 0.32110691070556640625 -0.08162295818328857422 0.01065361406654119492 -0.05312590301036834717
1.02714347839355468750 0.23199246823787689209 -0.01625077240169048309 0.33243569731712341309 0.24534504115581512451 -0.03452434390783309937 0.47518467903137207031 0.02706902287900447845 -0.15220512449741363525 0.12059910595417022705 -0.05752863362431526184 0.11713221669197082520 -0.09619028121232986450 -0.45074489712715148926 0.42326590418815612793 -0.04133149981498718262 0.09070369601249694824 -0.36105716228485107422 0.17945890128612518311 -0.01865624077618122101 -0.09424114227294921875 -0.01836502179503440857 -0.02410692721605300903 0.07509917020797729492 0.01738920062780380249
0.02008202672004699707 -0.19837559759616851807 -0.53268796205520629883 -0.41950890421867370605 -0.15254046022891998291 -0.37599143385887145996 0.23385749757289886475 0.19884549081325531006 -0.28422173857688903809 0.09326410293579101562 0.41745242476463317871 0.00481817917898297310 -0.01273758802562952042 -1.17140626907348632812 0.63233774900436401367 -0.30524316430091857910 0.45946878194808959961 -0.07385244965553283691 -0.10003010183572769165 0.00470176013186573982 0.04693033918738365173 -0.02863573096692562103 -0.11415458470582962036 0.04098124429583549500 0.02571681700646877289
1.06417274475097656250 -0.23488028347492218018 0.04396471753716468811 -0.38872677087783813477 -0.08067177236080169678 -0.19300475716590881348 -0.26780822873115539551 0.12350095063447952271 0.46357280015945434570 0.03425005450844764709 0.00957109872251749039 -0.13700625300407409668 0.09762357175350189209 0.24452938139438629150 -0.00805415958166122437 -0.08004673570394515991 -0.02409105561673641205 0.26071888208389282227 -0.36266559362411499023 -0.46483021974563598633 0.04113389924168586731 -0.60793852806091308594 -0.10904832184314727783 -0.04213441535830497742 -0.04490983486175537109
-0.33809053897857666016 0.13158850371837615967 -0.16022661328315734863 0.45553809404373168945 -0.31311726570129394531 0.32938322424888610840 -0.33855500817298889160 0.01438113953918218613 -0.10050088912248611450 -0.00572286918759346008 -0.48606881499290466309 -0.19725850224494934082 -0.54465949535369873047 0.35470050573348999023 -0.31367784738540649414 -0.09275466203689575195 -0.10557508468627929688 0.47106683254241943359 -0.01900492422282695770 0.14312757551670074463 -0.08585084974765777588 0.07162963598966598511 0.13214370608329772949 -0.12074729800224304199 -0.06074934452772140503
0.06443966925144195557 -0.14843666553497314453 -0.41334009170532226562 0.22582539916038513184 -0.07395306974649429321 -0.28661224246025085449 0.05385780334472656250 -0.00883254967629909515 -0.10232644528150558472 -0.32920730113983154297 -0.00701929256319999695 0.03613470122218132019 0.18207228183746337891 0.09045407176017761230 -0.80889379978179931641 0.24702359735965728760 -0.10319233685731887817 -0.49669593572616577148 0.16615551710128784180 -0.10709179937839508057 -0.13269290328025817871 -0.02844944968819618225 0.26010200381278991699 0.04374385997653007507 0.00532414251938462257
0.47778183221817016602 -0.09577360004186630249 0.13667881488800048828 -0.21633574366569519043 -0.22706702351570129395 0.25171765685081481934 -0.33676072955131530762 -0.10316164046525955200 0.28708890080451965332 -0.06783050298690795898 0.12527994811534881592 0.40842905640602111816 -0.40364816784858703613 -0.59075963497161865234 0.10307938605546951294 -0.48193266987800598145 -0.35397633910179138184 -0.85298722982406616211 0.15607047080993652344 0.35637727379798889160 -0.01439356151968240738 0.20789051055908203125 0.03297784924507141113 0.13263425230979919434 -0.09172929823398590088
-0.61410522460937500000 0.26318585872650146484 0.16714772582054138184 0.20167462527751922607 0.60359907150268554688 -0.06243149563670158386 0.68991124629974365234 -0.00833644438534975052 -0.43981161713600158691 -0.53958076238632202148 -0.12109076231718063354 0.28784942626953125000 -0.00792252179235219955 0.05073224380612373352 -0.52249711751937866211 -0.09764739871025085449 -0.35157099366188049316 -0.07024550437927246094 0.09463251382112503052 0.07811657339334487915 0.00888647325336933136 -0.14724619686603546143 -0.02996037714183330536 -0.13228800892829895020 -0.04389055073261260986
-0.22296483814716339111 -0.06080669164657592773 -0.20737417042255401611 -0.47344949841499328613 -0.15719254314899444580 0.14658015966415405273 0.09140464663505554199 0.33830204606056213379 0.13205552101135253906 0.26468828320503234863 0.68151462078094482422 0.02894225344061851501 0.46588855981826782227 -0.06227329745888710022 0.12800376117229461670 -0.03452340885996818542 0.28130826354026794434 0.31604930758476257324 0.67977893352508544922 -0.18353597819805145264 0.04775654524564743042 0.03456893563270568848 -0.10589304566383361816 0.06692964583635330200 0.02194430865347385406
-0.13831199705600738525 -0.28972995281219482422 -0.41100504994392395020 0.23607337474822998047 -0.39091208577156066895 -0.19594310224056243896 0.12156970798969268799 0.10636819154024124146 0.14897972345352172852 0.11929120123386383057 0.14386151731014251709 0.03042205236852169037 0.31187269091606140137 -0.06830069422721862793 -0.53798127174377441406 -0.03945472091436386108 -0.35040217638015747070 -0.58342421054840087891 0.25888928771018981934 -0.39365223050117492676 -0.15466560423374176025 -0.32929512858390808105 0.00241545867174863815 -0.10278899967670440674 0.10091590881347656250
-0.18983942270278930664 -0.24446475505828857422 -0.12806661427021026611 0.03047973848879337311 -0.28987267613410949707 0.19435818493366241455 -0.34261041879653930664 -0.01651293411850929260 0.31457901000976562500 -0.17872504889965057373 0.13566471636295318604 -0.05289947241544723511 -0.16931693255901336670 1.01396095752716064453 0.02293847315013408661 0.26798358559608459473 0.03841564059257507324 0.32488250732421875000 0.01119607500731945038 -0.32612952589988708496 -0.15022303164005279541 -0.37264162302017211914 0.25779557228088378906 -0.02285906299948692322 -0.04069093242287635803
-0.33561465144157409668 0.52554863691329956055 0.19624578952789306641 0.21541814506053924561 0.45701980590820312500 0.03862612321972846985 0.08205414563417434692 -0.06591963768005371094 -0.07708425819873809814 -0.16882884502410888672 -0.05116580426692962646 0.08911634981632232666 0.08250752091407775879 -0.06670372933149337769 0.07827880978584289551 -0.09254284203052520752 0.12178660929203033447 -0.21904170513153076172 -0.02510951831936836243 -0.09766132384538650513 -0.04706020653247833252 -0.15334004163742065430 0.00499314116314053535 -0.10036984831094741821 0.08668097853660583496
1.00502955913543701172 -0.21947447955608367920 0.23255854845046997070 -0.20930452644824981689 -0.37327483296394348145 -0.07852660864591598511 -0.42258009314537048340 -0.14442205429077148438 -0.05406650155782699585 -0.00646456936374306679 -0.17278620600700378418 0.12901911139488220215 0.08891827613115310669 -0.35799372196197509766 -0.00041903057717718184 -0.03901769965887069702 0.22522036731243133545 0.61246615648269653320 -0.19388827681541442871 0.09827704727649688721 -0.08065848797559738159 -0.02842098101973533630 0.03647769615054130554 -0.01303540449589490891 -0.04557164013385772705
-0.22323806583881378174 0.10274500399827957153 -0.10906684398651123047 0.27536034584045410156 -0.00798241794109344482 -0.57898622751235961914 -0.13542598485946655273 -0.75809270143508911133 -0.45933932065963745117 -0.58001905679702758789 -0.31093239784240722656 0.15194961428642272949 -0.26169192790985107422 -0.18312123417854309082 -0.20418407022953033447 -0.18587101995944976807 0.09967827796936035156 -0.33496519923210144043 -0.47120457887649536133 0.38706853985786437988 0.10166449844837188721 -0.18253070116043090820 -0.04645373299717903137 -0.05535676330327987671 -0.00533406995236873627
-0.55523461103439331055 0.07325554639101028442 -0.03281829506158828735 0.11296548694372177124 0.37681719660758972168 -0.06137226521968841553 0.49001643061637878418 -0.55114412307739257812 -0.15255598723888397217 0.01460249256342649460 0.27689817547798156738 0.17186972498893737793 0.36049044132232666016 -0.61495208740234375000 -0.03313137963414192200 -0.14878824353218078613 0.31545135378837585449 -0.42605444788932800293 0.02584719844162464142 -0.55989724397659301758 0.21804405748844146729 0.71115344762802124023 -0.29379045963287353516 -0.00678616808727383614 0.06068890541791915894
-0.39441135525703430176 0.86284554004669189453 -0.32238268852233886719 0.34510052204132080078 0.07924766838550567627 -0.23913843929767608643 -0.01894137635827064514 0.26510259509086608887 -0.34315669536590576172 -0.18197435140609741211 -0.17254772782325744629 0.15357045829296112061 0.31115332245826721191 -0.10003378242254257202 -0.42630076408386230469 0.19654111564159393311 -0.08918850868940353394 -0.62775695323944091797 0.32762485742568969727 -0.07848832011222839355 -0.00506079895421862602 0.74846911430358886719 -0.15894909203052520752 -0.14921115338802337646 -0.04897582158446311951
-0.75366735458374023438 0.67531120777130126953 -0.04968182742595672607 0.30900618433952331543 0.13930442929267883301 0.18699291348457336426 0.57864379882812500000 -0.18133528530597686768 -0.41880053281784057617 0.12632024288177490234 0.06202460452914237976 0.16793526709079742432 0.01221107691526412964 -0.43461200594902038574 0.06528995186090469360 -0.01855136640369892120 0.19096928834915161133 -0.15522556006908416748 -0.31836667656898498535 -0.03302181884646415710 0.08109964430332183838 -0.40380725264549255371 0.31818631291389465332 -0.00661144033074378967 0.11453974992036819458
0.01112086046487092972 -0.28531911969184875488 -0.45086568593978881836 -0.48404997587203979492 -0.37781143188476562500 -0.31770285964012145996 -0.23044015467166900635 -0.24116854369640350342 -0.06847176700830459595 0.26976588368415832520 -0.05382604897022247314 -0.31573840975761413574 -0.46378988027572631836 0.21877305209636688232 0.02588864415884017944 0.00593090243637561798 -0.06448512524366378784 -0.28492090106010437012 -0.02155749313533306122 0.07643106579780578613 -0.00784674752503633499 -0.01759425550699234009 -0.09291248023509979248 -0.04850791767239570618 0.06353603303432464600
-0.21847456693649291992 0.37181198596954345703 0.10964059084653854370 0.50005108118057250977 0.09050916135311126709 -0.10763271898031234741 -0.17224006354808807373 -0.14024251699447631836 -0.06743776053190231323 0.06441535055637359619 -0.09332025051116943359 -0.12279150635004043579 -0.07962165027856826782 0.13447725772857666016 0.12080156803131103516 0.16038741171360015869 -0.00641449866816401482 -0.13996316492557525635 0.07216681540012359619 0.07429117709398269653 0.12170014530420303345 0.13650281727313995361 -0.05603736639022827148 -0.09225950390100479126 0.09895473718643188477
-0.30229750275611877441 -0.30911433696746826172 -0.50589394569396972656 0.20255346596240997314 -0.34020185470581054688 0.06722549349069595337 -0.15062841773033142090 -0.05073408037424087524 -0.05046005547046661377 0.06360776722431182861 -0.03787277638912200928 -0.02622270211577415466 -0.15504789352416992188 -0.08654862642288208008 0.23545905947685241699 -0.04019966349005699158 0.31599262356758117676 0.25987181067466735840 0.02019750885665416718 -0.41822829842567443848 0.01159092038869857788 -0.42374831438064575195 -0.00457041524350643158 0.02360796183347702026 -0.04827260598540306091
-0.44738778471946716309 -0.81028753519058227539 0.16243469715118408203 -0.39816331863403320312 -0.21373493969440460205 -0.27872896194458007812 -0.00817418936640024185 -0.16643759608268737793 0.08111778646707534790 -0.03980449214577674866 -0.05620387941598892212 -0.13755047321319580078 0.26319104433059692383 0.07394306361675262451 -0.33195179700851440430 0.07582339644432067871 -0.24085223674774169922 0.58017009496688842773 -0.20158092677593231201 0.07589473575353622437 0.07021688669919967651 0.28971898555755615234 -0.19503076374530792236 0.02800774388015270233 -0.05802295729517936707
0.27659651637077331543 0.01416037790477275848 0.16460911929607391357 -0.26395541429519653320 -0.29212480783462524414 0.13780836760997772217 -0.37292838096618652344 -0.11321133375167846680 0.19677160680294036865 -0.16973903775215148926 0.07813867926597595215 -0.09156561642885208130 0.05657350644469261169 0.65371555089950561523 -0.37669467926025390625 0.04417197033762931824 -0.54907619953155517578 -0.07674729079008102417 0.01409352198243141174 0.28050196170806884766 0.06724793463945388794 -0.05150545760989189148 0.16609035432338714600 0.07037646323442459106 -0.03601225838065147400
0.11792723834514617920 -0.48839685320854187012 0.16790831089019775391 -0.20251302421092987061 -0.15989415347576141357 -0.27773386240005493164 -0.78231447935104370117 -0.11301955580711364746 0.39588102698326110840 0.02260767295956611633 0.03753596544265747070 -0.21194747090339660645 -0.35770398378372192383 0.36657598614692687988 0.09702132642269134521 0.15037369728088378906 0.17114362120628356934 0.14020593464374542236 0.13384538888931274414 0.09565298259258270264 -0.06177507713437080383 -0.16233795881271362305 0.18744669854640960693 0.05544283241033554077 -0.04197637736797332764
