0.07492066174745559692
-0.12509816884994506836
-0.23311369121074676514
0.27099543809890747070
0.44141155481338500977
-0.51245605945587158203
-0.62781471014022827148
-0.68986642360687255859
-0.40088954567909240723
-0.14848504960536956787
0.90797930955886840820
1.21304416656494140625
1.42769837379455566406
1.35242676734924316406
1.04375827312469482422
0.17822843790054321289
-0.80748409032821655273
1.30025756359100341797
-1.25724756717681884766
0.92759394645690917969
-0.30753058195114135742
0.49001953005790710449
-0.36193937063217163086
0.30733999609947204590
-0.45966142416000366211
