0.20507636666297912598
0.12049454450607299805
-0.08968304842710494995
0.04323769360780715942
0.03959047794342041016
0.07287644594907760620
0.01876039057970046997
0.02322106435894966125
-0.02735026739537715912
0.03565264493227005005
0.17105737328529357910
0.29165399074554443359
-0.21774336695671081543
0.17031276226043701172
0.24073410034179687500
0.62943637371063232422
-0.31962734460830688477
0.56323027610778808594
1.08609187602996826172
-0.61241304874420166016
1.01427543163299560547
0.50122326612472534180
-0.60003298521041870117
0.56865316629409790039
0.43206194043159484863
