-0.45438584685325622559
-0.17512682080268859863
0.14060784876346588135
-0.24888171255588531494
-0.02956364117562770844
0.01715037040412425995
-0.08225822448730468750
0.07264378666877746582
0.14018404483795166016
-0.15283165872097015381
0.04943734034895896912
0.26809689402580261230
0.47483843564987182617
0.25253611803054809570
0.21581912040710449219
0.11760716885328292847
0.23840910196304321289
0.59047979116439819336
0.70273000001907348633
0.67722821235656738281
0.68783891201019287109
0.98463475704193115234
-0.83830249309539794922
0.99344444274902343750
1.37165606021881103516
