-0.12942228524931864708236162186949513852596282958984375
0.432877151201722931705972996496711857616901397705078125
-0.81279020034721993770432391102076508104801177978515625
0.09969557003449162901898006339251878671348094940185546875
-0.1717693338758735921434350757408537901937961578369140625
-0.0336289102996711886106595557066611945629119873046875
-0.331444382381015645311350681367912329733371734619140625
-0.1317535480688849791608419081967440433800220489501953125
0.032158368307799521657042163269579759798943996429443359375
0.00416456764527319001079064264558837749063968658447265625
-0.1556555158378840619803895606310106813907623291015625
-0.1325213327532629159488664072341634891927242279052734375
0.276419745379029080378785465654800646007061004638671875
-0.34118751685034165443966003294917754828929901123046875
-0.371563945127832806480938643289846368134021759033203125
-0.3167492575208685767762517571100033819675445556640625
-0.224683881194754742072205999647849239408969879150390625
-0.1849162988183305766920483392823371104896068572998046875
-0.01283440110877092331376214673355207196436822414398193359375
-0.6780045009746349382595553834107704460620880126953125
