-0.64666942412544370366589419063529931008815765380859375
1.23141801119825533561424890649504959583282470703125
-0.0983039268054342885161389631321071647107601165771484375
0.52516290812747590255327168051735498011112213134765625
1.327852052770452484509178248117677867412567138671875
-0.13941147921921348551421715455944649875164031982421875
0.11802904553234415396811840537338866852223873138427734375
0.09022482643201333585292189809479168616235256195068359375
-0.1807291601751718490564968533362844027578830718994140625
0.312098232148066589974888529468444176018238067626953125
