0.9026593481888880443619882498751394450664520263671875
1.5384448930153500345596739862230606377124786376953125
3.8078390343367001236174473888240754604339599609375
0.92093695165744804409513335485826246440410614013671875
0.91586190917772203334834557608701288700103759765625
0.9212776394914350408527070612763054668903350830078125
1.57926835456111991362604385358281433582305908203125
1.560014829116810108899926490266807377338409423828125
1.5415536998886401054420502987341023981571197509765625
5.90044064524370970303834837977774441242218017578125
5.19174765340634980503864426282234489917755126953125
5.0084242728727499383012400357984006404876708984375
0.32608516732796799519888963914127089083194732666015625
0.55029793467232301917846370997722260653972625732421875
1.046202112554869945171276413020677864551544189453125
1.8628150567373900070577974474872462451457977294921875
1.0000036370694800336167418208788149058818817138671875
