0.02397772297263145447
-0.04409522935748100281
0.08823984116315841675
-0.24725450575351715088
-0.33217808604240417480
0.37397992610931396484
-0.10291787981986999512
0.31925022602081298828
0.49806988239288330078
0.36184394359588623047
-0.33668833971023559570
0.55571532249450683594
0.77547419071197509766
0.90023297071456909180
-0.57891368865966796875
-0.15545821189880371094
0.71446460485458374023
0.54543775320053100586
-0.12038835883140563965
-1.14393615722656250000
-1.05986082553863525391
-1.14659953117370605469
-1.20678865909576416016
1.43750274181365966797
-1.57537615299224853516
