0.000000 0.845680 0.511700 0.064611 -0.137160 0.020365 0.018228 0.111398 10.450328 -5.694764 -1.836253
0.002381 0.845671 0.511737 0.064644 -0.137063 0.043776 -0.017435 0.078780 2.229745 4.812945 3.474808
0.004762 0.845688 0.511728 0.064722 -0.136955 -0.005574 -0.017472 0.107438 1.960663 -13.322389 -2.573292
0.007143 0.845671 0.511790 0.064763 -0.136811 0.084190 -0.024791 0.125605 6.342911 4.984910 5.003886
0.009524 0.845651 0.511839 0.064883 -0.136698 0.050037 0.051166 0.120012 -1.318819 4.423945 -1.542650
0.011905 0.845644 0.511863 0.065005 -0.136587 0.020517 0.052148 0.137330 -6.106630 7.966764 3.610980
0.014286 0.845684 0.511806 0.065150 -0.136489 -0.053078 0.057392 0.150534 -4.386326 -2.353106 6.530650
0.016667 0.845726 0.511755 0.065296 -0.136351 -0.009003 0.049112 0.181795 7.412558 1.432144 7.404747
0.019048 0.845734 0.511769 0.065442 -0.136173 0.052835 0.012693 0.189828 8.620468 -3.775344 3.585567
0.021429 0.845690 0.511893 0.065522 -0.135942 0.163796 -0.082125 0.184792 14.731627 -8.931438 2.379788
0.023810 0.845628 0.512039 0.065564 -0.135760 0.111237 -0.035702 0.116422 -6.926097 7.623796 -0.278495
0.026190 0.845560 0.512196 0.065607 -0.135572 0.169480 -0.081323 0.150551 6.241437 -5.979485 7.245814
0.028571 0.845592 0.512191 0.065709 -0.135341 -0.073755 0.001394 0.250836 -20.004944 6.277480 16.633148
0.030952 0.845664 0.512138 0.065875 -0.135007 0.000436 -0.035716 0.351484 10.112863 -5.576148 17.036722
0.033333 0.845702 0.512179 0.066084 -0.134510 0.085523 -0.074355 0.480806 7.604484 -1.716150 19.753040
0.035714 0.845727 0.512252 0.066321 -0.133959 0.108736 -0.080500 0.489945 7.582941 -3.625418 10.540229
0.038095 0.845728 0.512362 0.066608 -0.133390 0.150304 -0.043046 0.533939 5.749746 -0.243693 15.202707
0.040476 0.845722 0.512477 0.066950 -0.132814 0.159261 -0.005123 0.555896 5.931530 1.855395 14.354095
0.042857 0.845729 0.512559 0.067361 -0.132248 0.113871 0.072104 0.584641 -2.189322 11.794894 15.067354
0.045238 0.845740 0.512620 0.067808 -0.131705 0.137429 0.067721 0.572764 9.352489 -0.547580 10.918943
0.047619 0.845719 0.512749 0.068208 -0.131130 0.194598 0.009585 0.566443 7.870376 0.192759 8.939235
0.050000 0.845703 0.512841 0.068700 -0.130618 0.089070 0.243569 0.591539 -23.948261 51.616394 20.169399
0.052381 0.845722 0.512858 0.069309 -0.130109 0.135276 0.133088 0.627854 12.444762 -19.365801 9.787250
0.054762 0.845723 0.512948 0.069782 -0.129491 0.130652 0.066586 0.647139 -7.696044 8.935884 12.713309
0.057143 0.845737 0.513013 0.070255 -0.128883 0.135233 0.058320 0.629951 2.553583 0.816440 8.521887
0.059524 0.845762 0.513066 0.070721 -0.128249 0.107166 0.048516 0.658128 -0.614637 1.007861 9.997998
0.061905 0.845792 0.513114 0.071198 -0.127598 0.089008 0.077756 0.682777 -10.289387 13.442394 13.461361
0.064286 0.845873 0.513069 0.071775 -0.126914 0.012850 0.130362 0.773909 -10.234606 9.100288 17.138012
0.066667 0.845977 0.512988 0.072411 -0.126184 0.022416 0.124454 0.828240 1.910261 -2.637446 16.523123
0.069048 0.846039 0.512991 0.073004 -0.125416 0.139357 0.043247 0.778256 19.251650 -15.942591 -2.353297
0.071429 0.846013 0.513158 0.073469 -0.124629 0.258779 -0.038265 0.749543 13.175463 -5.538493 8.321257
0.073810 0.845979 0.513345 0.073931 -0.123815 0.216838 -0.025530 0.764917 -7.539463 3.919505 5.901128
0.076190 0.845976 0.513470 0.074405 -0.123031 0.212192 -0.043866 0.733182 13.400161 -15.139147 -3.964294
0.078571 0.845926 0.513685 0.074769 -0.122254 0.266907 -0.123641 0.678956 4.889349 -14.937456 -1.375725
0.080952 0.845895 0.513862 0.075161 -0.121480 0.215718 -0.040925 0.717999 1.266826 3.703283 4.736361
0.083333 0.845898 0.513970 0.075657 -0.120693 0.159565 0.023447 0.812950 -2.104302 4.759502 19.743118
0.085714 0.845940 0.514015 0.076229 -0.119845 0.092892 0.047920 0.862288 -12.056751 5.795776 9.021480
0.088095 0.846043 0.513938 0.076879 -0.119027 0.002093 0.135265 0.870632 -5.021174 8.676701 1.379991
0.090476 0.846121 0.513885 0.077567 -0.118261 0.057635 0.170924 0.858748 -0.969002 7.044914 7.680895
0.092857 0.846201 0.513822 0.078281 -0.117484 0.049923 0.174073 0.864851 1.850668 4.402096 0.595153
0.095238 0.846254 0.513805 0.078992 -0.116704 0.085597 0.169319 0.866754 -4.589404 5.520871 2.474128
0.097619 0.846306 0.513778 0.079714 -0.115952 0.071119 0.195096 0.848058 -5.457835 6.489666 0.595703
0.100000 0.846327 0.513817 0.080341 -0.115188 0.166389 0.067049 0.798945 9.906867 -10.691643 -2.600619
0.102381 0.846325 0.513917 0.080885 -0.114374 0.175720 0.020538 0.812340 -0.085620 -0.562761 2.538759
0.104762 0.846289 0.514079 0.081380 -0.113552 0.275564 -0.047573 0.767927 17.274019 -13.961512 -5.394684
0.107143 0.846197 0.514349 0.081800 -0.112717 0.340892 -0.079490 0.734537 9.207583 -3.099800 -7.009174
0.109524 0.846096 0.514611 0.082236 -0.111956 0.295263 -0.006071 0.697916 -5.085283 6.982501 -3.506566
0.111905 0.846012 0.514832 0.082698 -0.111231 0.302784 -0.001805 0.682741 10.782310 -2.349288 -7.211569
0.114286 0.845923 0.515055 0.083184 -0.110517 0.297507 0.016598 0.688165 9.659931 -6.661486 -8.560735
0.116667 0.845824 0.515295 0.083628 -0.109810 0.276443 0.025212 0.682498 -7.347538 12.952585 2.378740
0.119048 0.845771 0.515434 0.084228 -0.109114 0.211393 0.154139 0.764562 -1.922040 13.883379 4.905777
0.121429 0.845741 0.515519 0.084887 -0.108428 0.168529 0.167267 0.755924 -3.440578 3.858137 -4.225375
0.123810 0.845717 0.515599 0.085502 -0.107749 0.162571 0.118861 0.752209 -5.680295 -4.044881 6.197558
0.126190 0.845782 0.515538 0.086163 -0.107001 0.000184 0.184559 0.824629 -13.904626 16.376768 -4.135954
0.128571 0.845814 0.515522 0.086804 -0.106300 0.127464 0.131696 0.760722 8.432711 -1.549254 -4.884610
0.130952 0.845816 0.515553 0.087447 -0.105610 0.111124 0.172862 0.766423 -10.139389 10.049206 -0.914511
0.133333 0.845838 0.515531 0.088125 -0.104976 0.085529 0.210299 0.740474 -0.943921 3.672852 -2.707222
0.135714 0.845848 0.515533 0.088756 -0.104354 0.088245 0.161662 0.703722 -8.957612 -1.005727 -5.504555
0.138095 0.845863 0.515537 0.089297 -0.103745 0.104120 0.100429 0.659909 1.872977 -2.894104 -4.256171
0.140476 0.845861 0.515560 0.089848 -0.103172 0.110147 0.156753 0.643600 -1.685113 4.773111 -2.326061
0.142857 0.845848 0.515604 0.090355 -0.102612 0.125766 0.097716 0.599812 -1.828348 -3.145171 -6.881153
0.145238 0.845846 0.515618 0.090877 -0.102093 0.072668 0.169366 0.590756 -10.926431 8.137549 -5.503951
0.147619 0.845847 0.515630 0.091347 -0.101606 0.118838 0.081524 0.520076 10.118557 -13.510624 -15.906649
0.150000 0.845791 0.515761 0.091695 -0.101096 0.200158 0.002006 0.477765 2.306026 -6.456223 -16.190952
0.152381 0.845737 0.515880 0.092036 -0.100632 0.185502 0.025625 0.461991 8.024874 -9.621157 -9.559623
0.154762 0.845674 0.516015 0.092359 -0.100168 0.191188 0.014965 0.449994 5.283245 -7.847421 -9.679930
0.157143 0.845592 0.516190 0.092647 -0.099692 0.228841 -0.015072 0.440031 3.229709 -5.144183 -9.175703
0.159524 0.845530 0.516320 0.092931 -0.099280 0.170866 0.018268 0.384154 3.906418 -5.626012 -12.486320
0.161905 0.845456 0.516467 0.093211 -0.098881 0.163318 0.047341 0.393221 -11.800983 8.766061 -5.758491
0.164286 0.845419 0.516542 0.093512 -0.098519 0.104944 0.053983 0.364267 -7.810288 0.260264 -13.021053
0.166667 0.845413 0.516562 0.093822 -0.098178 0.058962 0.065836 0.387260 -5.229636 -4.170753 -3.481733
0.169048 0.845434 0.516543 0.094114 -0.097812 0.006029 0.066827 0.390295 -12.689367 7.794227 -5.773255
0.171429 0.845449 0.516534 0.094412 -0.097446 0.069046 0.034838 0.378177 4.818825 -6.397728 -11.370341
0.173810 0.845436 0.516571 0.094649 -0.097135 0.070759 0.071019 0.267209 -5.103432 19.228178 -28.723545
0.176190 0.845386 0.516599 0.094921 -0.097147 0.060790 0.192100 0.082256 -3.430070 -5.394988 -12.305131
0.178571 0.845329 0.516665 0.095106 -0.097112 0.106477 0.072967 0.095988 3.332835 -12.144962 -12.913826
0.180952 0.845282 0.516744 0.095184 -0.097031 0.102854 -0.028210 0.081746 7.629573 -20.423334 -9.811738
0.183333 0.845231 0.516844 0.095278 -0.096846 0.087229 0.035081 0.170884 -11.434977 14.708595 -10.125142
0.185714 0.845210 0.516877 0.095404 -0.096728 0.047417 0.031976 0.109802 -2.011028 -3.200906 -18.009266
0.188095 0.845155 0.516974 0.095426 -0.096667 0.111331 -0.032017 0.015461 -0.002327 -6.796638 -18.049513
0.190476 0.845093 0.517090 0.095355 -0.096656 0.100900 -0.062075 -0.053470 -1.382282 -2.626716 -15.768318
0.192857 0.845022 0.517222 0.095280 -0.096648 0.145348 -0.095713 -0.025565 10.996570 -20.223597 -5.365580
0.195238 0.844940 0.517387 0.095139 -0.096618 0.136404 -0.117014 -0.083312 0.723495 -5.636928 -18.425409
0.197619 0.844851 0.517568 0.094944 -0.096625 0.139716 -0.138716 -0.121148 -4.967919 -2.042622 -14.811790
0.200000 0.844805 0.517667 0.094791 -0.096642 0.063112 -0.111868 -0.055016 -2.085402 -9.990427 2.623166
0.202381 0.844793 0.517708 0.094667 -0.096650 -0.007177 -0.053378 -0.077395 -12.176967 7.525802 -12.503707
0.204762 0.844799 0.517698 0.094592 -0.096722 -0.022300 -0.002176 -0.078575 -2.967117 6.530037 -6.997354
0.207143 0.844813 0.517624 0.094690 -0.096901 -0.103887 0.210704 -0.067811 -18.049009 17.077103 -4.144560
0.209524 0.844869 0.517478 0.094774 -0.097113 -0.142122 0.119188 -0.120183 -6.818503 -9.519401 -14.387447
0.211905 0.844901 0.517401 0.094667 -0.097350 -0.083851 0.007180 -0.243679 -4.035587 -3.889537 -19.079739
0.214286 0.844904 0.517390 0.094392 -0.097649 -0.036874 -0.104461 -0.369587 1.346643 -13.098120 -22.319693
0.216667 0.844876 0.517445 0.093994 -0.097981 0.010961 -0.152230 -0.439222 2.986447 -5.781987 -20.646757
0.219048 0.844829 0.517526 0.093556 -0.098373 0.020273 -0.159322 -0.511452 2.101575 -10.637952 -26.316288
0.221429 0.844780 0.517612 0.093051 -0.098821 0.005287 -0.171366 -0.556397 -0.827789 -5.797714 -17.209995
0.223810 0.844760 0.517641 0.092579 -0.099286 -0.067261 -0.125485 -0.535970 -9.026063 -1.504863 -14.207751
0.226190 0.844786 0.517579 0.092152 -0.099781 -0.144850 -0.075712 -0.539858 -7.808536 -0.645015 -18.705618
0.228571 0.844793 0.517553 0.091643 -0.100324 -0.059037 -0.163012 -0.632564 13.754283 -16.917294 -22.149166
0.230952 0.844775 0.517596 0.091057 -0.100790 -0.085958 -0.216752 -0.527140 -17.361204 -3.451506 11.635028
0.233333 0.844784 0.517600 0.090475 -0.101215 -0.079707 -0.221857 -0.581000 -3.134534 -0.163042 -15.965411
0.235714 0.844799 0.517581 0.089918 -0.101685 -0.109715 -0.183063 -0.590088 -3.705983 -2.364419 -17.647484
0.238095 0.844783 0.517600 0.089316 -0.102249 -0.061640 -0.177354 -0.687547 -0.049303 -0.387893 -15.334127
0.240476 0.844858 0.517419 0.088856 -0.102939 -0.330575 0.051180 -0.672788 -23.997299 18.278313 -12.960356
0.242857 0.844933 0.517213 0.088403 -0.103746 -0.244720 0.030615 -0.782232 3.830055 1.150190 -20.427635
0.245238 0.844949 0.517110 0.087869 -0.104579 -0.152743 -0.054728 -0.844229 8.323014 -14.903867 -23.314753
0.247619 0.844912 0.517129 0.087152 -0.105386 -0.075953 -0.183857 -0.908639 3.603685 -7.625762 -20.197180
0.250000 0.844834 0.517238 0.086311 -0.106167 0.000334 -0.285669 -0.940500 7.134737 -8.885126 -15.023252
0.252381 0.844750 0.517356 0.085459 -0.106940 -0.028668 -0.252462 -0.935409 -3.630983 3.808506 -13.998121
0.254762 0.844656 0.517479 0.084605 -0.107770 0.006959 -0.250134 -0.988615 7.590173 -3.921462 -14.756176
0.257143 0.844506 0.517695 0.083679 -0.108623 0.116469 -0.335145 -1.073416 19.698414 -19.144663 -25.409019
0.259524 0.844325 0.517975 0.082662 -0.109471 0.119935 -0.370271 -1.084084 6.127495 -9.216715 -16.134382
0.261905 0.844143 0.518252 0.081620 -0.110345 0.119450 -0.368010 -1.121885 8.242382 -6.805251 -17.117132
0.264286 0.843977 0.518487 0.080598 -0.111255 0.071024 -0.319999 -1.125551 6.030356 -1.877470 -15.120475
0.266667 0.843803 0.518730 0.079534 -0.112204 0.073031 -0.360211 -1.185009 0.514645 -7.109287 -16.705151
0.269048 0.843649 0.518947 0.078462 -0.113114 0.049706 -0.382987 -1.112244 0.137227 -8.408872 -2.020349
0.271429 0.843546 0.519072 0.077451 -0.114002 -0.032089 -0.315290 -1.084109 1.797664 -0.072322 -7.513626
0.273810 0.843458 0.519153 0.076461 -0.114942 -0.093083 -0.273702 -1.126466 -12.428666 4.853127 -11.158260
0.276190 0.843419 0.519131 0.075489 -0.115973 -0.156272 -0.244303 -1.186902 1.756609 -7.597040 -18.955860
0.278571 0.843332 0.519193 0.074389 -0.117028 -0.063093 -0.354542 -1.263492 6.768029 -12.367582 -16.521465
0.280952 0.843202 0.519330 0.073205 -0.118097 -0.023637 -0.381685 -1.303596 -1.299011 -3.238138 -11.480030
0.283333 0.843055 0.519493 0.071982 -0.119176 0.014687 -0.431307 -1.323250 7.656949 -13.488705 -7.627973
0.285714 0.842920 0.519628 0.070784 -0.120257 -0.048062 -0.366010 -1.315318 -3.047063 -1.922638 -11.685786
0.288095 0.842776 0.519779 0.069548 -0.121329 -0.000192 -0.439367 -1.324192 6.978145 -12.565759 -9.343972
0.290476 0.842630 0.519938 0.068284 -0.122379 -0.045175 -0.425592 -1.307592 -11.774167 2.950847 -2.777310
0.292857 0.842523 0.520028 0.067045 -0.123417 -0.094774 -0.425000 -1.285763 -8.788663 -2.193393 -3.229204
0.295238 0.842451 0.520051 0.065839 -0.124454 -0.139823 -0.381149 -1.265512 -2.408161 2.998528 -3.066883
0.297619 0.842402 0.520026 0.064679 -0.125488 -0.200347 -0.365782 -1.229563 -12.239402 -3.826217 1.781922
0.300000 0.842380 0.519966 0.063489 -0.126494 -0.217611 -0.410679 -1.231902 -7.472773 -7.782598 -0.515704
0.302381 0.842356 0.519917 0.062231 -0.127473 -0.213985 -0.452434 -1.241153 -9.285892 1.445876 1.610613
0.304762 0.842329 0.519875 0.060974 -0.128432 -0.171243 -0.494057 -1.245416 6.882401 -14.295117 -7.314026
0.307143 0.842266 0.519890 0.059640 -0.129405 -0.164941 -0.508123 -1.285045 -7.182575 0.418997 -2.116270
0.309524 0.842209 0.519885 0.058317 -0.130395 -0.192708 -0.493241 -1.274229 -13.164026 0.287764 3.917689
0.311905 0.842171 0.519851 0.057042 -0.131339 -0.181797 -0.475169 -1.161180 -1.179226 1.994720 28.465099
0.314286 0.842168 0.519759 0.055856 -0.132228 -0.253969 -0.434896 -1.167504 -8.518895 -0.796161 -4.751090
0.316667 0.842197 0.519608 0.054637 -0.133141 -0.316636 -0.457703 -1.152411 -12.253372 -3.512847 9.572381
0.319048 0.842234 0.519457 0.053370 -0.134007 -0.262570 -0.570626 -1.176550 11.082196 -29.739143 -4.299703
0.321429 0.842215 0.519419 0.051954 -0.134827 -0.218877 -0.640580 -1.204186 -5.507850 -5.815554 0.423601
0.323810 0.842186 0.519379 0.050561 -0.135686 -0.221287 -0.576817 -1.216091 -8.614877 3.954404 2.806036
0.326190 0.842205 0.519250 0.049186 -0.136565 -0.331624 -0.561720 -1.205018 -17.349318 4.891695 6.244644
0.328571 0.842250 0.519071 0.047882 -0.137428 -0.303530 -0.544199 -1.170254 5.846737 -11.035390 -1.982650
0.330952 0.842251 0.518967 0.046505 -0.138290 -0.254678 -0.604158 -1.207469 0.978535 -9.147812 2.230001
0.333333 0.842258 0.518847 0.045140 -0.139146 -0.288271 -0.568716 -1.187197 -5.294342 -0.432284 4.936167
0.335714 0.842270 0.518717 0.043787 -0.139986 -0.276297 -0.596735 -1.185671 1.288521 -10.175104 -1.748538
0.338095 0.842288 0.518576 0.042449 -0.140809 -0.297153 -0.558867 -1.139550 -0.723135 0.228009 7.817439
0.340476 0.842286 0.518469 0.041100 -0.141614 -0.267781 -0.578141 -1.183708 -5.943134 6.153542 -11.609339
0.342857 0.842271 0.518347 0.039695 -0.142550 -0.269232 -0.593119 -1.258775 2.708180 -9.145615 8.290098
0.345238 0.842240 0.518278 0.038267 -0.143373 -0.234514 -0.653254 -1.175665 -3.685097 -3.032909 10.646274
0.347619 0.842207 0.518232 0.036864 -0.144097 -0.159639 -0.720956 -1.103578 20.158838 -23.282948 10.944556
0.350000 0.842128 0.518299 0.035434 -0.144677 -0.112080 -0.762495 -1.033686 1.025367 -3.665272 6.634861
0.352381 0.842086 0.518304 0.034034 -0.145240 -0.191824 -0.739697 -1.000891 -4.423755 -4.403954 9.422587
0.354762 0.842098 0.518206 0.032709 -0.145818 -0.291399 -0.635128 -0.966563 -11.442845 8.034558 11.662557
0.357143 0.842131 0.518069 0.031430 -0.146399 -0.262104 -0.653280 -0.956806 8.206152 -9.405492 7.807232
0.359524 0.842147 0.517965 0.030109 -0.146946 -0.277186 -0.676955 -0.944476 -8.368903 2.968168 13.264804
0.361905 0.842215 0.517771 0.028863 -0.147492 -0.356844 -0.609117 -0.902862 -8.666508 1.484575 12.060626
0.364286 0.842284 0.517592 0.027626 -0.147959 -0.312376 -0.681203 -0.829390 -2.962337 -11.542006 18.469702
0.366667 0.842395 0.517369 0.026411 -0.148331 -0.375371 -0.627770 -0.763395 -4.756427 15.888817 12.487779
0.369048 0.842478 0.517181 0.025231 -0.148719 -0.299592 -0.672453 -0.777164 4.206935 -9.795978 9.760842
0.371429 0.842567 0.516984 0.024047 -0.149096 -0.359341 -0.607415 -0.755650 -11.260620 16.537840 13.701576
0.373810 0.842693 0.516709 0.023006 -0.149501 -0.384283 -0.507140 -0.694817 -0.949862 7.617270 18.264883
0.376190 0.842793 0.516485 0.021972 -0.149868 -0.314905 -0.557882 -0.704678 5.499975 1.595943 5.347052
0.378571 0.842854 0.516315 0.020904 -0.150261 -0.287551 -0.555001 -0.732003 -2.131907 8.424898 9.968800
0.380952 0.842928 0.516116 0.019859 -0.150670 -0.316660 -0.537482 -0.735584 -0.652404 3.642548 5.581360
0.383333 0.843008 0.515910 0.018854 -0.151060 -0.333124 -0.490909 -0.666006 -9.339756 15.935992 19.622787
0.385714 0.843134 0.515636 0.017960 -0.151400 -0.374708 -0.451480 -0.601332 -5.252945 6.867082 9.415980
0.388095 0.843298 0.515297 0.017122 -0.151737 -0.443812 -0.388339 -0.558311 -10.363378 13.110518 15.523644
0.390476 0.843444 0.514995 0.016258 -0.152045 -0.362615 -0.468071 -0.576408 3.233278 1.494670 7.785151
0.392857 0.843610 0.514670 0.015438 -0.152309 -0.425664 -0.423299 -0.493165 -7.449341 5.663037 15.283318
0.395238 0.843822 0.514283 0.014677 -0.152517 -0.491341 -0.389527 -0.418622 -14.095894 10.654045 18.753447
0.397619 0.844063 0.513867 0.013919 -0.152658 -0.486967 -0.446306 -0.378951 -1.681036 -0.457181 15.918575
0.400000 0.844314 0.513457 0.013147 -0.152721 -0.507158 -0.468135 -0.316251 -8.420271 7.781909 20.914515
0.402381 0.844632 0.512925 0.012324 -0.152817 -0.644974 -0.512826 -0.409339 -9.314191 -9.650302 3.283148
0.404762 0.844961 0.512384 0.011539 -0.152873 -0.632334 -0.434712 -0.290385 -9.875090 11.189070 22.019724
0.407143 0.845316 0.511797 0.010928 -0.152924 -0.710317 -0.240477 -0.214111 -35.381683 42.993050 24.843054
0.409524 0.845712 0.511146 0.010541 -0.152938 -0.644830 -0.192233 -0.073187 1.182253 9.108917 30.202253
0.411905 0.846081 0.510571 0.010131 -0.152847 -0.601131 -0.312253 -0.064267 -0.545362 -8.959901 14.643571
0.414286 0.846429 0.510047 0.009666 -0.152699 -0.558090 -0.343051 -0.044874 4.380958 -0.970781 14.362807
0.416667 0.846710 0.509648 0.009161 -0.152504 -0.417895 -0.436873 -0.042236 15.771245 -14.150852 11.526292
0.419048 0.846943 0.509340 0.008570 -0.152274 -0.401726 -0.474181 -0.059602 -1.905534 4.302020 12.426277
0.421429 0.847216 0.508959 0.008062 -0.152057 -0.487818 -0.361442 -0.001009 -11.368188 16.973551 20.059311
0.423810 0.847546 0.508482 0.007659 -0.151835 -0.558330 -0.305435 0.049203 -10.088089 9.098988 18.844826
0.426190 0.847905 0.507967 0.007282 -0.151570 -0.561871 -0.334094 0.076362 0.004436 -2.369022 10.406098
0.428571 0.848293 0.507407 0.006949 -0.151288 -0.633430 -0.253159 0.144002 -10.464522 13.876101 22.950094
0.430952 0.848725 0.506779 0.006682 -0.150988 -0.694053 -0.223488 0.168866 -15.337029 11.833964 15.805263
0.433333 0.849191 0.506102 0.006418 -0.150645 -0.741333 -0.259947 0.248519 -19.413706 3.552351 37.009861
0.435714 0.849745 0.505341 0.006256 -0.150084 -0.790817 -0.257557 0.410344 -4.484097 6.353228 12.262543
0.438095 0.850230 0.504691 0.006025 -0.149535 -0.632788 -0.367802 0.342413 15.743018 -14.850115 11.723522
0.440476 0.850664 0.504126 0.005790 -0.148976 -0.637263 -0.286901 0.372166 -12.779291 19.523695 19.620991
0.442857 0.851171 0.503417 0.005708 -0.148483 -0.737020 -0.182555 0.379966 -2.425826 -3.452174 11.289001
0.445238 0.851691 0.502690 0.005621 -0.147962 -0.775389 -0.150954 0.427642 -16.389795 23.215168 20.196207
0.447619 0.852259 0.501878 0.005652 -0.147450 -0.788810 -0.115805 0.452177 7.612772 -5.112941 9.576804
0.450000 0.852735 0.501244 0.005546 -0.146859 -0.613229 -0.310106 0.434680 14.160158 -16.486158 8.014414
0.452381 0.853147 0.500740 0.005353 -0.146185 -0.530332 -0.378056 0.460400 10.241706 -6.693274 10.037678
0.454762 0.853555 0.500252 0.005181 -0.145480 -0.537567 -0.358897 0.498695 6.310062 -3.890517 12.167920
0.457143 0.853958 0.499773 0.005024 -0.144767 -0.530105 -0.345892 0.498876 4.332620 0.123425 9.484309
0.459524 0.854360 0.499298 0.004900 -0.144037 -0.540014 -0.318887 0.543321 -4.629344 6.899734 15.915581
0.461905 0.854886 0.498606 0.004958 -0.143310 -0.804530 -0.096269 0.654700 -32.314056 31.355783 24.191238
0.464286 0.855505 0.497751 0.005187 -0.142578 -0.850491 -0.025769 0.711847 -10.202216 13.786058 15.360015
0.466667 0.856186 0.496786 0.005518 -0.141841 -0.971044 0.061723 0.794243 -19.400763 14.549114 27.807518
0.469048 0.856904 0.495767 0.005930 -0.141050 -0.973099 0.086897 0.837288 -7.153046 10.741654 16.205786
0.471429 0.857627 0.494743 0.006362 -0.140231 -0.997210 0.100713 0.877174 -15.522445 16.968002 19.614525
0.473810 0.858380 0.493673 0.006858 -0.139367 -1.012160 0.109494 0.937999 -5.677684 6.858747 17.864244
0.476190 0.859114 0.492639 0.007342 -0.138481 -0.984393 0.084214 0.941134 -9.023144 4.776987 18.467587
0.478571 0.859850 0.491603 0.007814 -0.137564 -1.008665 0.094057 0.946383 -17.041630 16.457113 11.317275
0.480952 0.860589 0.490543 0.008239 -0.136699 -0.997506 0.049893 0.859346 -1.023333 3.182576 -0.083681
0.483333 0.861277 0.489561 0.008627 -0.135859 -0.912453 0.035704 0.845355 3.574295 4.321235 3.574646
0.485714 0.861950 0.488589 0.009063 -0.135057 -0.922029 0.110086 0.847220 -1.951346 10.513192 6.634350
0.488095 0.862610 0.487645 0.009522 -0.134220 -0.873518 0.071867 0.890370 5.903304 -1.846341 8.124434
0.490476 0.863264 0.486710 0.009997 -0.133374 -0.919008 0.146119 0.895592 -13.586926 22.962511 7.246810
0.492857 0.863955 0.485699 0.010571 -0.132537 -0.966860 0.211440 0.943259 -10.709995 18.003052 8.904834
0.495238 0.864669 0.484642 0.011212 -0.131698 -1.000817 0.253749 0.973252 -11.613362 15.604626 8.975137
0.497619 0.865376 0.483595 0.011816 -0.130846 -0.949651 0.169171 0.948918 3.473398 -1.276247 4.737154
0.500000 0.866064 0.482584 0.012389 -0.129971 -0.937817 0.166871 0.948944 -0.289571 6.472052 1.257521
0.502381 0.866769 0.481545 0.013025 -0.129062 -0.987415 0.215171 1.052137 -9.906879 8.634648 19.012865
0.504762 0.867480 0.480501 0.013640 -0.128105 -0.958676 0.146112 1.016222 2.491886 -2.153930 -0.335776
0.507143 0.868210 0.479411 0.014281 -0.127174 -1.053761 0.243224 1.044747 -17.461960 17.935066 10.480746
0.509524 0.868980 0.478244 0.015007 -0.126221 -1.064744 0.255020 1.093187 -0.589800 2.488545 6.564894
0.511905 0.869696 0.477166 0.015660 -0.125282 -0.968839 0.183352 1.009054 3.526713 -3.078384 -4.660251
0.514286 0.870356 0.476171 0.016196 -0.124411 -0.901027 0.128446 0.899890 6.333662 -0.998165 -9.386591
0.516667 0.871028 0.475138 0.016803 -0.123578 -0.981920 0.257542 0.964432 -10.205174 16.010986 8.453429
0.519048 0.871726 0.474047 0.017491 -0.122744 -0.990643 0.287855 0.969365 0.127230 8.832120 -1.211510
0.521429 0.872457 0.472891 0.018227 -0.121902 -1.069469 0.310480 1.020857 -5.122241 2.180723 5.756282
0.523810 0.873163 0.471775 0.018939 -0.121065 -0.998568 0.288867 0.972713 0.430989 2.639786 -2.572146
0.526190 0.873844 0.470710 0.019602 -0.120185 -0.950148 0.215834 0.986511 5.975865 -2.281950 -5.767410
0.528571 0.874499 0.469683 0.020184 -0.119342 -0.932156 0.159550 0.917758 4.528407 -10.608161 -5.665947
0.530952 0.875140 0.468663 0.020747 -0.118553 -0.955666 0.236083 0.870235 -7.845586 13.157039 -7.404660
0.533333 0.875777 0.467642 0.021359 -0.117770 -0.935164 0.267851 0.958765 -6.755775 18.669640 21.189764
0.535714 0.876459 0.466514 0.022110 -0.117030 -1.023784 0.381025 0.883617 -2.914319 8.709040 -16.495037
0.538095 0.877124 0.465376 0.022831 -0.116437 -1.017952 0.405569 0.777826 -2.458325 7.026511 -12.621964
0.540476 0.877811 0.464174 0.023556 -0.115908 -1.110497 0.462379 0.747419 -15.293596 16.962492 -13.234481
0.542857 0.878490 0.462971 0.024228 -0.115438 -1.035327 0.388936 0.673260 11.776997 -1.863145 -15.920750
0.545238 0.879133 0.461823 0.024903 -0.115000 -1.040550 0.429291 0.673537 -7.728961 2.319431 -9.034233
0.547619 0.879769 0.460689 0.025483 -0.114552 -0.984656 0.312225 0.613747 13.380647 -10.228096 -20.312202
0.550000 0.880364 0.459634 0.025970 -0.114115 -0.992397 0.289568 0.606691 -17.178907 6.360007 -3.166708
0.552381 0.881040 0.458423 0.026557 -0.113628 -1.133069 0.376037 0.714054 -18.630939 11.984451 3.563034
0.554762 0.881795 0.457078 0.027217 -0.113031 -1.227941 0.335401 0.833671 -11.244634 -10.284110 7.203848
0.557143 0.882576 0.455705 0.027834 -0.112330 -1.243734 0.281420 0.870845 -8.187551 -6.568068 1.987790
0.559524 0.883341 0.454366 0.028378 -0.111601 -1.181062 0.188497 0.840894 7.182945 -19.459045 -3.052844
0.561905 0.884090 0.453058 0.028880 -0.110857 -1.234725 0.226343 0.853895 -21.689383 6.426456 3.770096
0.564286 0.884865 0.451696 0.029342 -0.110108 -1.232076 0.117037 0.829137 -2.225436 -21.863544 -0.785762
0.566667 0.885617 0.450395 0.029686 -0.109297 -1.197377 0.022339 0.838208 -7.687335 -16.850904 2.186518
0.569048 0.886390 0.449053 0.029968 -0.108473 -1.246939 -0.023477 0.823949 -5.683056 -20.411915 3.191961
0.571429 0.887139 0.447767 0.030130 -0.107618 -1.149843 -0.167143 0.765154 15.719552 -36.654041 -11.443469
0.573810 0.887827 0.446597 0.030140 -0.106796 -1.103674 -0.213440 0.690764 0.547532 -16.129887 -6.444933
0.576190 0.888514 0.445416 0.030124 -0.106018 -1.147202 -0.202907 0.651976 -11.293578 -11.428331 -6.898136
0.578571 0.889221 0.444184 0.030105 -0.105262 -1.175396 -0.190633 0.647249 -4.741683 -8.542261 -5.874234
0.580952 0.889902 0.442999 0.030008 -0.104525 -1.093983 -0.306656 0.576577 11.119702 -29.958735 -14.384322
0.583333 0.890585 0.441810 0.029848 -0.103787 -1.185194 -0.299734 0.602889 -17.304995 -12.831089 2.581956
0.585714 0.891338 0.440464 0.029805 -0.103048 -1.285864 -0.178443 0.643281 -4.414881 -6.653433 -2.888258
0.588095 0.892096 0.439099 0.029770 -0.102325 -1.322291 -0.181891 0.627922 -19.653940 -3.335573 -2.106538
0.590476 0.892911 0.437626 0.029738 -0.101532 -1.390564 -0.231639 0.707654 -5.455575 -15.327812 1.695972
0.592857 0.893720 0.436160 0.029633 -0.100748 -1.383197 -0.280691 0.628397 -6.039202 -15.855775 -10.239367
0.595238 0.894521 0.434697 0.029424 -0.100020 -1.379292 -0.347214 0.547049 -0.566310 -20.238022 -12.947785
0.597619 0.895310 0.433252 0.029152 -0.099314 -1.387810 -0.367266 0.534822 -7.985732 -14.497155 -5.221655
0.600000 0.896105 0.431795 0.028784 -0.098596 -1.419286 -0.450190 0.503524 -14.510530 -13.022914 -5.785057
0.602381 0.896896 0.430349 0.028294 -0.097862 -1.399485 -0.574935 0.463404 -9.883205 -24.689167 -9.706448
0.604762 0.897711 0.428857 0.027702 -0.097107 -1.480692 -0.618498 0.469612 -17.906347 -14.280755 -1.083386
0.607143 0.898520 0.427380 0.027025 -0.096320 -1.405206 -0.741499 0.435514 5.133307 -32.142311 -10.179825
0.609524 0.899353 0.425857 0.026313 -0.095483 -1.553918 -0.718545 0.507151 -29.900311 -12.362793 4.720481
0.611905 0.900265 0.424156 0.025655 -0.094639 -1.661973 -0.666713 0.504799 -13.058745 -10.525620 -6.645715
0.614286 0.901175 0.422438 0.024983 -0.093841 -1.674094 -0.666812 0.455308 -16.307180 -7.962718 -10.363566
0.616667 0.902100 0.420661 0.024319 -0.093101 -1.767718 -0.607778 0.434623 -35.942188 5.279430 -4.536618
0.619048 0.903089 0.418722 0.023709 -0.092416 -1.882219 -0.545849 0.410999 -25.655952 6.062738 -7.601985
0.621429 0.904099 0.416713 0.023095 -0.091768 -1.923227 -0.581015 0.402691 -19.765902 -11.655974 0.621319
0.623810 0.905121 0.414680 0.022453 -0.091061 -1.937310 -0.607810 0.434817 -15.334081 -8.735231 -2.045370
0.626190 0.906137 0.412653 0.021674 -0.090353 -1.936976 -0.762751 0.346981 -11.846721 -27.672110 -15.644888
0.628571 0.907076 0.410794 0.020614 -0.089649 -1.746779 -1.012785 0.240784 7.771092 -40.777065 -17.227394
0.630952 0.907953 0.409068 0.019321 -0.088948 -1.696390 -1.138136 0.172407 -5.004427 -24.261311 -11.359073
0.633333 0.908835 0.407302 0.017986 -0.088323 -1.767881 -1.091758 0.091310 -15.645224 -8.631819 -15.394361
0.635714 0.909748 0.405438 0.016699 -0.087745 -1.846343 -1.042137 0.085162 -14.220829 -10.250299 -17.619514
0.638095 0.910686 0.403494 0.015460 -0.087209 -1.916499 -0.982536 0.096255 -17.811199 -7.422754 -8.004937
0.640476 0.911668 0.401421 0.014208 -0.086717 -2.045630 -0.978542 0.041361 -23.120811 -6.544886 -12.178993
0.642857 0.912695 0.399237 0.013031 -0.086188 -2.115050 -0.912949 0.162012 -16.315580 -1.775556 9.634719
0.645238 0.913751 0.396973 0.011927 -0.085612 -2.195524 -0.888745 0.139255 -23.640863 -7.554470 -19.644899
0.647619 0.914835 0.394597 0.010614 -0.085191 -2.290088 -1.047749 -0.073245 -15.057033 -24.128103 -24.823315
0.650000 0.915907 0.392219 0.009222 -0.084816 -2.277644 -1.030441 -0.071324 -13.620738 -7.263392 -9.695713
0.652381 0.916966 0.389859 0.007837 -0.084388 -2.252929 -1.065455 -0.004004 -11.587772 -13.946158 -0.218581
0.654762 0.918027 0.387480 0.006437 -0.083924 -2.285433 -1.061291 -0.005795 -15.119638 -2.734464 -4.965190
0.657143 0.919138 0.384958 0.005198 -0.083467 -2.507150 -0.823410 0.076409 -57.867157 37.802338 6.873323
0.659524 0.920258 0.382395 0.003938 -0.082970 -2.338802 -1.086536 0.058362 13.473559 -43.871418 -5.148780
0.661905 0.921276 0.380080 0.002318 -0.082372 -2.196172 -1.340476 0.011872 0.140547 -22.434437 -4.951391
0.664286 0.922301 0.377726 0.000718 -0.081758 -2.289862 -1.239085 0.059341 -14.794425 -0.557171 3.643194
0.666667 0.923354 0.375279 -0.000819 -0.081136 -2.341169 -1.240312 0.062422 -5.934956 -19.130444 -3.613094
0.669048 0.924380 0.372882 -0.002497 -0.080460 -2.266830 -1.414436 0.062894 6.643436 -33.568066 -2.205363
0.671429 0.925391 0.370502 -0.004261 -0.079763 -2.325538 -1.392428 0.058787 -17.797739 -0.567837 2.277241
0.673810 0.926433 0.368010 -0.005966 -0.079085 -2.408105 -1.356319 0.060312 -14.898455 -7.578553 1.262175
0.676190 0.927489 0.365453 -0.007708 -0.078413 -2.448750 -1.408102 0.036534 -11.997291 -15.676818 -1.171306
0.678571 0.928584 0.362761 -0.009425 -0.077770 -2.593530 -1.324093 0.034971 -20.696938 -0.632901 3.179675
0.680952 0.929717 0.359942 -0.011011 -0.077112 -2.683266 -1.217175 0.102239 -20.973677 2.120132 7.070902
0.683333 0.930852 0.357110 -0.012570 -0.076353 -2.637047 -1.277227 0.226142 -3.103976 -9.550269 25.098589
0.685714 0.931969 0.354323 -0.014140 -0.075429 -2.608784 -1.367046 0.309914 -2.230211 -24.607719 11.913012
0.688095 0.933037 0.351637 -0.015873 -0.074445 -2.513863 -1.521395 0.287072 2.628110 -27.279488 8.806448
0.690476 0.934088 0.348980 -0.017665 -0.073357 -2.523048 -1.551935 0.387572 -4.313766 -13.139980 19.551546
0.692857 0.935140 0.346302 -0.019416 -0.072184 -2.546774 -1.526496 0.452885 -7.530320 -5.347734 18.230616
0.695238 0.936216 0.343539 -0.021059 -0.070976 -2.620721 -1.445612 0.503046 -7.871118 -6.707251 16.455610
0.697619 0.937283 0.340770 -0.022765 -0.069699 -2.607365 -1.549733 0.535080 -3.663220 -11.394270 15.827118
0.700000 0.938336 0.338010 -0.024469 -0.068377 -2.579901 -1.545791 0.576253 5.453586 -10.420482 18.645958
0.702381 0.939364 0.335295 -0.026136 -0.067004 -2.540640 -1.541581 0.623069 5.614535 -14.348363 16.628769
0.704762 0.940380 0.332576 -0.027824 -0.065616 -2.598765 -1.520174 0.622734 -16.787027 5.798408 16.449337
0.707143 0.941405 0.329783 -0.029505 -0.064255 -2.597116 -1.572459 0.586503 6.173075 -20.204132 10.340641
0.709524 0.942380 0.327096 -0.031273 -0.062851 -2.496969 -1.627647 0.626060 8.755943 -7.729135 18.155392
0.711905 0.943314 0.324495 -0.033016 -0.061414 -2.425293 -1.601052 0.643531 8.512272 -0.956685 12.089719
0.714286 0.944230 0.321909 -0.034755 -0.059977 -2.434930 -1.604020 0.632524 0.919707 1.730278 6.317235
0.716667 0.945193 0.319158 -0.036282 -0.058587 -2.610317 -1.351101 0.674276 -11.808398 18.433739 12.979831
0.719048 0.946173 0.316328 -0.037744 -0.057163 -2.636160 -1.363340 0.726729 -4.753062 10.611938 18.513742
0.721429 0.947140 0.313519 -0.039207 -0.055628 -2.610140 -1.402495 0.816502 -4.037361 9.919327 19.407772
0.723810 0.948101 0.310698 -0.040634 -0.054030 -2.612585 -1.414526 0.872326 0.523787 -3.525666 21.086428
0.726190 0.949063 0.307856 -0.041991 -0.052352 -2.656001 -1.312044 0.945160 -10.452722 21.483463 15.864453
0.728571 0.950026 0.304973 -0.043268 -0.050696 -2.648526 -1.287900 0.924161 2.773746 6.945056 9.708309
0.730952 0.950933 0.302209 -0.044651 -0.049014 -2.514833 -1.441871 0.925631 13.703555 -13.681561 9.431646
0.733333 0.951794 0.299543 -0.046133 -0.047265 -2.479243 -1.479269 0.974966 -1.167512 5.941902 14.294727
0.735714 0.952644 0.296869 -0.047623 -0.045500 -2.452527 -1.521695 0.965387 14.354651 -8.084180 9.451129
0.738095 0.953454 0.294273 -0.049152 -0.043738 -2.412084 -1.512142 0.951676 0.559921 8.820142 6.302409
0.740476 0.954272 0.291616 -0.050582 -0.042033 -2.461400 -1.406081 0.920718 3.066763 9.828253 1.539976
0.742857 0.955093 0.288922 -0.051886 -0.040370 -2.483745 -1.288096 0.942147 2.997925 12.653697 9.587727
0.745238 0.955895 0.286255 -0.053172 -0.038673 -2.452034 -1.333844 0.963678 1.330257 -0.312071 4.379179
0.747619 0.956703 0.283522 -0.054499 -0.036930 -2.529584 -1.360360 1.009618 -3.947723 5.912223 12.628470
0.750000 0.957535 0.280697 -0.055683 -0.035143 -2.601408 -1.203106 1.069269 -3.468424 19.606342 10.262992
0.752381 0.958365 0.277861 -0.056754 -0.033305 -2.585601 -1.170395 1.149868 2.379887 8.000311 17.609123
0.754762 0.959183 0.275034 -0.057759 -0.031438 -2.583854 -1.108004 1.146978 -1.537505 15.057484 3.746835
0.757143 0.959978 0.272250 -0.058734 -0.029549 -2.488218 -1.144212 1.219007 22.224438 -5.094839 21.095301
0.759524 0.960714 0.269635 -0.059722 -0.027557 -2.372713 -1.157172 1.270466 14.093639 1.979992 7.092091
0.761905 0.961397 0.267140 -0.060811 -0.025569 -2.274203 -1.237653 1.247583 11.101515 10.514895 9.060214
0.764286 0.962090 0.264597 -0.061751 -0.023613 -2.347958 -1.058419 1.255844 3.564169 20.750154 8.655961
0.766667 0.962771 0.262068 -0.062626 -0.021666 -2.305089 -1.055008 1.260075 8.455120 8.530699 6.407792
0.769048 0.963444 0.259543 -0.063444 -0.019695 -2.321245 -0.961945 1.322258 1.083079 31.206394 18.186127
0.771429 0.964117 0.257004 -0.064160 -0.017658 -2.315940 -0.981600 1.374566 7.228328 -2.719644 9.510472
0.773810 0.964750 0.254536 -0.065013 -0.015573 -2.246204 -1.078088 1.383120 7.231152 10.694940 8.424468
0.776190 0.965378 0.252055 -0.065815 -0.013504 -2.268651 -1.001556 1.371627 5.156393 17.873631 4.802361
0.778571 0.966046 0.249425 -0.066401 -0.011536 -2.441885 -0.742415 1.311314 -12.891382 38.063454 -2.181664
0.780952 0.966721 0.246754 -0.066850 -0.009681 -2.400356 -0.674661 1.252573 3.701674 21.984119 -1.610595
0.783333 0.967382 0.244119 -0.067210 -0.007827 -2.359379 -0.610927 1.296236 10.160213 17.303997 2.250137
0.785714 0.968027 0.241524 -0.067483 -0.005993 -2.352330 -0.528811 1.288850 -1.078312 18.922695 0.066437
0.788095 0.968653 0.238958 -0.067768 -0.004196 -2.295200 -0.534505 1.243269 7.981221 24.597055 -5.881607
0.790476 0.969270 0.236425 -0.067914 -0.002495 -2.269410 -0.391065 1.196677 8.520808 22.363312 -7.537870
0.792857 0.969834 0.234068 -0.068069 -0.000854 -2.071069 -0.402247 1.154109 19.582655 26.427349 -11.269203
0.795238 0.970395 0.231710 -0.068138 0.000656 -2.120798 -0.323501 1.055405 11.204336 11.334229 -14.548205
0.797619 0.970924 0.229432 -0.068285 0.002139 -2.029008 -0.365665 1.051583 10.943129 25.981436 -7.524987
0.800000 0.971434 0.227215 -0.068388 0.003612 -1.941134 -0.323859 1.035020 28.712492 25.211885 -16.459578
0.802381 0.971912 0.225095 -0.068511 0.005047 -1.880289 -0.386034 1.017277 21.132826 4.597847 -12.233162
0.804762 0.972382 0.222973 -0.068656 0.006464 -1.923044 -0.354941 1.003943 5.638233 17.219801 -8.688205
0.807143 0.972890 0.220725 -0.068579 0.007878 -2.057899 -0.101251 1.044230 -5.352310 40.803459 -7.301985
0.809524 0.973405 0.218465 -0.068337 0.009291 -1.993704 -0.044389 1.077469 15.195748 20.204809 -3.516912
0.811905 0.973911 0.216215 -0.068081 0.010681 -2.017459 -0.046881 1.039369 4.657475 13.043824 -8.665285
0.814286 0.974408 0.213966 -0.067836 0.012072 -2.016981 -0.026591 1.062068 0.938070 23.971231 0.025518
0.816667 0.974891 0.211752 -0.067563 0.013536 -1.958475 -0.034577 1.148969 13.026996 17.273726 9.415566
0.819048 0.975360 0.209596 -0.067202 0.015061 -1.930250 0.053888 1.170410 8.574656 23.288698 -6.626326
0.821429 0.975815 0.207495 -0.066763 0.016539 -1.875417 0.114800 1.150048 9.404098 19.609375 -6.118423
0.823810 0.976258 0.205432 -0.066285 0.018004 -1.853809 0.160454 1.172033 5.884799 27.232006 2.564278
0.826190 0.976706 0.203358 -0.065682 0.019412 -1.869637 0.273157 1.120842 4.738003 24.941284 -3.753200
0.828571 0.977138 0.201337 -0.065067 0.020783 -1.774900 0.239609 1.097196 21.641901 7.771990 -6.365309
0.830952 0.977532 0.199441 -0.064544 0.022102 -1.685659 0.188100 1.050079 13.152349 12.640085 -3.999014
0.833333 0.977901 0.197647 -0.064012 0.023411 -1.568441 0.186644 1.070442 25.880484 2.559009 2.372302
0.835714 0.978271 0.195832 -0.063445 0.024704 -1.666208 0.263002 1.030093 1.750588 17.171988 -9.282729
0.838095 0.978656 0.193941 -0.062819 0.025940 -1.708876 0.313118 1.020278 4.851074 18.274755 3.457127
0.840476 0.979098 0.191808 -0.061939 0.027191 -1.975904 0.556112 1.043378 -7.738356 25.431261 -4.500855
0.842857 0.979522 0.189728 -0.061090 0.028433 -1.822932 0.417601 1.043043 12.875895 -4.683180 0.997572
0.845238 0.979900 0.187809 -0.060329 0.029739 -1.662575 0.387632 1.087862 24.212399 8.988018 -2.504151
0.847619 0.980235 0.186077 -0.059598 0.031029 -1.503325 0.355554 1.066917 29.770388 2.505978 -6.889236
0.850000 0.980532 0.184541 -0.058875 0.032179 -1.369666 0.413966 0.954623 14.041341 15.654120 -4.982693
0.852381 0.980828 0.182989 -0.058119 0.033363 -1.424564 0.397203 1.030838 5.275249 2.126763 4.844874
0.854762 0.981128 0.181388 -0.057353 0.034594 -1.449409 0.422765 1.047122 10.735092 9.106996 -0.580525
0.857143 0.981428 0.179765 -0.056573 0.035822 -1.481302 0.429317 1.035729 5.136936 7.271475 -4.681965
0.859524 0.981715 0.178189 -0.055783 0.037056 -1.401894 0.430228 1.075757 15.821402 3.362973 7.403381
0.861905 0.982006 0.176579 -0.054925 0.038311 -1.494420 0.522461 1.081239 -3.352699 16.885386 2.525168
0.864286 0.982298 0.174943 -0.053992 0.039622 -1.470890 0.539057 1.159997 10.034866 7.670006 9.241648
0.866667 0.982580 0.173335 -0.053062 0.040941 -1.455653 0.526426 1.126102 6.287946 4.312612 -2.075474
0.869048 0.982861 0.171714 -0.052119 0.042215 -1.468041 0.550906 1.093346 5.617345 4.854149 -2.132577
0.871429 0.983137 0.170097 -0.051191 0.043445 -1.452486 0.528337 1.051265 7.248173 -0.564752 -4.897779
0.873810 0.983423 0.168425 -0.050222 0.044617 -1.533893 0.605785 1.010231 -4.766678 9.730518 -4.945920
0.876190 0.983719 0.166680 -0.049211 0.045756 -1.583378 0.626155 0.994648 -3.237756 6.784219 -2.904468
0.878571 0.983995 0.165012 -0.048259 0.046855 -1.459704 0.545154 0.938693 10.878700 -6.677884 -10.204570
0.880952 0.984245 0.163457 -0.047420 0.047917 -1.368976 0.473629 0.908184 8.685644 -2.770744 -9.055524
0.883333 0.984497 0.161883 -0.046501 0.048953 -1.430300 0.598354 0.922476 -2.325997 12.310680 1.099591
0.885714 0.984740 0.160350 -0.045537 0.050024 -1.345138 0.594095 0.944758 13.080718 4.911603 -5.509356
0.888095 0.984982 0.158806 -0.044514 0.051077 -1.407861 0.656816 0.945349 -0.573540 6.786441 -0.571832
0.890476 0.985219 0.157269 -0.043443 0.052181 -1.367699 0.666312 1.014435 11.848657 -3.759599 6.861358
0.892857 0.985438 0.155802 -0.042418 0.053284 -1.310742 0.635393 0.964443 11.145451 -1.747549 -7.125394
0.895238 0.985657 0.154326 -0.041396 0.054319 -1.353779 0.660873 0.916412 -0.688559 4.051342 -4.642510
0.897619 0.985849 0.152964 -0.040516 0.055336 -1.166303 0.473497 0.889558 23.590542 -19.827885 -5.703779
0.900000 0.986020 0.151683 -0.039752 0.056361 -1.169239 0.461958 0.898070 -0.468424 6.124133 -2.332070
0.902381 0.986206 0.150307 -0.038873 0.057395 -1.227020 0.524993 0.930913 16.039185 -10.881949 4.064088
0.904762 0.986374 0.148989 -0.038077 0.058473 -1.180169 0.465574 0.956066 8.793498 1.126013 6.023923
0.907143 0.986549 0.147612 -0.037162 0.059587 -1.272517 0.570973 1.002308 -1.116346 -0.866593 8.301204
0.909524 0.986708 0.146273 -0.036325 0.060760 -1.169468 0.440003 1.029920 17.832405 -16.033178 4.313675
0.911905 0.986840 0.145046 -0.035621 0.061967 -1.074803 0.333644 1.037147 17.236689 -19.241127 0.833970
0.914286 0.986958 0.143867 -0.034983 0.063178 -1.072781 0.323570 1.043192 2.968360 -7.089399 4.165372
0.916667 0.987073 0.142680 -0.034379 0.064394 -1.092275 0.322501 1.039429 -6.732902 8.203868 3.500343
0.919048 0.987204 0.141405 -0.033680 0.065566 -1.162210 0.381746 0.996987 -2.088751 -2.221898 -1.109532
0.921429 0.987345 0.140040 -0.032935 0.066733 -1.249826 0.427301 1.010641 -5.878543 2.877084 1.894640
0.923810 0.987484 0.138675 -0.032195 0.067888 -1.209875 0.407679 0.990353 4.190340 -0.161523 -1.287707
0.926190 0.987606 0.137372 -0.031465 0.069094 -1.161900 0.381223 1.075164 2.768224 -7.552940 11.623953
0.928571 0.987700 0.136180 -0.030846 0.070373 -1.037917 0.279780 1.090916 10.135079 -6.871696 -0.121992
0.930952 0.987786 0.135048 -0.030331 0.071563 -1.031405 0.215868 0.952383 -7.130935 -5.251316 -19.825897
0.933333 0.987879 0.133880 -0.029821 0.072673 -1.023542 0.221223 0.967936 8.494963 -8.099586 8.356005
0.935714 0.987961 0.132753 -0.029315 0.073822 -1.001123 0.228434 0.973780 2.641553 -1.657781 -1.107020
0.938095 0.988058 0.131523 -0.028750 0.074937 -1.110946 0.262460 0.943212 -0.672158 -7.794636 -3.270342
0.940476 0.988145 0.130309 -0.028212 0.076112 -1.062913 0.222631 1.012192 5.238045 -10.787913 0.236130
0.942857 0.988220 0.129142 -0.027807 0.077268 -1.017590 0.112922 0.962450 6.054376 -10.863475 -2.462984
0.945238 0.988279 0.128056 -0.027501 0.078416 -0.924070 0.042430 0.961999 14.677358 -12.264775 3.007353
0.947619 0.988319 0.127068 -0.027237 0.079602 -0.854592 0.010992 0.986980 11.128181 -15.986283 -1.372514
0.950000 0.988359 0.126051 -0.026986 0.080809 -0.945793 0.040874 1.003315 -14.125245 2.645869 -0.571785
0.952381 0.988420 0.124858 -0.026611 0.082026 -1.075336 0.124279 1.053996 -4.381660 0.427524 15.340696
0.954762 0.988477 0.123638 -0.026136 0.083335 -1.070710 0.185806 1.108934 5.040801 -1.187052 1.945052
0.957143 0.988520 0.122523 -0.025731 0.084578 -0.957523 0.122755 1.021365 7.812637 -1.359044 -5.381750
0.959524 0.988550 0.121500 -0.025420 0.085795 -0.859921 0.010838 1.030607 18.929308 -20.554298 7.279800
0.961905 0.988543 0.120658 -0.025243 0.087101 -0.707811 -0.062347 1.091868 13.507920 -9.610509 2.589607
0.964286 0.988532 0.119822 -0.025062 0.088427 -0.730150 -0.054974 1.105732 12.175357 -12.126376 2.826733
0.966667 0.988511 0.119007 -0.024912 0.089795 -0.715211 -0.039122 1.196554 9.306147 10.629235 30.480280
0.969048 0.988473 0.118200 -0.024594 0.091355 -0.778051 0.066456 1.314092 -14.873889 3.983599 5.061942
0.971429 0.988458 0.117208 -0.024207 0.092883 -0.918874 0.087724 1.262931 -7.696290 -2.410749 -1.396404
0.973810 0.988464 0.116101 -0.023872 0.094288 -0.977863 0.012969 1.129772 0.951239 -15.810224 -10.951875
0.976190 0.988474 0.114992 -0.023702 0.095569 -0.958885 -0.102994 1.048556 -0.699880 -12.666330 2.166166
0.978571 0.988471 0.113906 -0.023531 0.096932 -0.946995 -0.047570 1.146857 -4.322588 6.144684 5.878802
0.980952 0.988444 0.112961 -0.023403 0.098337 -0.735769 -0.157566 1.179922 28.763594 -22.310593 9.597258
0.983333 0.988387 0.112174 -0.023457 0.099787 -0.660002 -0.271477 1.200963 9.754771 -12.496989 9.355001
0.985714 0.988313 0.111462 -0.023491 0.101302 -0.587292 -0.235112 1.260341 14.257402 -12.488043 7.780352
0.988095 0.988243 0.110683 -0.023521 0.102824 -0.706813 -0.215019 1.263683 -6.244036 2.372573 10.220172
0.990476 0.988187 0.109794 -0.023402 0.104324 -0.779155 -0.091883 1.232509 3.874770 3.171062 1.598063
0.992857 0.988127 0.108926 -0.023289 0.105818 -0.732960 -0.147249 1.242929 12.180928 -11.276554 5.296536
0.995238 0.988044 0.108173 -0.023304 0.107351 -0.641036 -0.260221 1.272427 2.346083 -17.228373 7.261480
0.997619 0.987950 0.107445 -0.023356 0.108928 -0.641568 -0.213496 1.305112 -5.673528 11.539570 5.587509
1.000000 0.987855 0.106711 -0.023280 0.110513 -0.628079 -0.125487 1.327729 5.836792 6.439150 9.164371
1.002381 0.987756 0.105985 -0.023131 0.112117 -0.628362 -0.077383 1.341491 8.555678 5.695727 6.783966
1.004762 0.987651 0.105220 -0.022877 0.113799 -0.693547 -0.016879 1.445912 3.190315 -3.007421 16.305239
1.007143 0.987534 0.104480 -0.022629 0.115538 -0.666459 0.016230 1.456420 -1.950598 19.922651 5.082448
1.009524 0.987415 0.103765 -0.022304 0.117245 -0.611465 0.033768 1.446213 15.521780 0.516520 9.310845
1.011905 0.987280 0.103169 -0.021941 0.118971 -0.511271 0.119359 1.467377 19.322123 15.580633 6.717569
1.014286 0.987131 0.102690 -0.021574 0.120674 -0.417330 0.082670 1.460120 21.820450 -1.789862 11.194010
1.016667 0.986953 0.102434 -0.021389 0.122370 -0.182336 -0.055858 1.413956 29.655476 -3.032960 -2.582892
1.019048 0.986771 0.102261 -0.021273 0.123986 -0.151056 -0.076927 1.350398 22.383305 -1.714209 -1.655797
1.021429 0.986585 0.102097 -0.021159 0.125613 -0.167538 -0.058651 1.382036 15.021947 3.245130 2.243187
1.023810 0.986390 0.101973 -0.021104 0.127242 -0.114329 -0.127359 1.376415 15.054132 -3.298378 2.347104
1.026191 0.986191 0.101827 -0.021078 0.128897 -0.129925 -0.144265 1.409525 18.903568 -1.897704 7.740592
1.028571 0.985978 0.101723 -0.021048 0.130601 -0.090088 -0.127609 1.433264 16.948980 2.752007 -0.532022
1.030952 0.985777 0.101574 -0.020866 0.132255 -0.206189 0.103026 1.387385 -6.988286 48.921127 -6.122671
1.033333 0.985605 0.101320 -0.020282 0.133811 -0.316789 0.318257 1.348514 -2.678185 2.457639 -1.004806
1.035714 0.985424 0.101015 -0.019779 0.135438 -0.316027 0.213984 1.459096 5.227503 3.735770 20.177599
1.038095 0.985231 0.100676 -0.019340 0.137152 -0.361997 0.178228 1.458345 -5.333220 12.690231 -2.648064
1.040476 0.985041 0.100330 -0.018876 0.138824 -0.326851 0.185836 1.427741 8.368721 2.047652 -3.058599
1.042857 0.984834 0.100084 -0.018435 0.140520 -0.217375 0.173417 1.473847 17.887302 -2.061725 2.504277
1.045238 0.984622 0.099930 -0.018050 0.142156 -0.163071 0.167761 1.383880 11.136851 7.683775 -6.855851
1.047619 0.984411 0.099841 -0.017675 0.143717 -0.136002 0.174843 1.288631 -2.453272 9.425771 -26.842110
1.050000 0.984199 0.099828 -0.017338 0.145210 -0.006725 0.135515 1.320464 19.612629 1.230873 6.130811
1.052381 0.983964 0.099864 -0.016959 0.146812 -0.037982 0.216465 1.429187 0.658462 17.747683 13.115676
1.054762 0.983728 0.099868 -0.016480 0.148441 -0.046055 0.261370 1.406233 12.015841 7.154222 -2.228195
1.057143 0.983493 0.099892 -0.015967 0.150026 -0.038788 0.292366 1.369317 11.107686 5.478724 -5.564007
1.059524 0.983238 0.100031 -0.015405 0.151654 0.089825 0.363012 1.450609 24.090574 11.628778 4.962156
1.061905 0.982964 0.100357 -0.014866 0.153260 0.241112 0.360084 1.386216 22.880150 14.039539 -8.309330
1.064286 0.982700 0.100756 -0.014306 0.154738 0.238002 0.420979 1.247682 2.005090 23.414906 -23.868792
1.066667 0.982449 0.101172 -0.013670 0.156114 0.289914 0.460905 1.233485 19.335535 9.750793 -3.780995
1.069048 0.982186 0.101617 -0.012963 0.157532 0.258311 0.573481 1.287187 3.204571 31.509941 -0.470828
1.071429 0.981926 0.102020 -0.012122 0.158956 0.254527 0.612824 1.284733 23.334497 8.005678 -3.516896
1.073810 0.981670 0.102413 -0.011241 0.160341 0.195194 0.672627 1.238690 8.085694 14.955951 -9.188449
1.076190 0.981416 0.102888 -0.010464 0.161638 0.306988 0.576549 1.134796 7.851129 11.504509 -19.024904
1.078571 0.981172 0.103364 -0.009730 0.162857 0.317868 0.541455 1.096288 15.620216 1.780138 -10.977594
1.080952 0.980925 0.103881 -0.009034 0.164051 0.357120 0.532566 1.065673 16.147339 3.391486 -15.316644
1.083333 0.980669 0.104489 -0.008335 0.165230 0.425836 0.575362 1.076978 10.098563 12.637908 -8.207136
1.085714 0.980412 0.105079 -0.007565 0.166411 0.391099 0.619781 1.090629 10.124289 9.650102 -3.576951
1.088095 0.980145 0.105706 -0.006689 0.167621 0.420260 0.736297 1.121383 11.446348 19.347898 -4.938759
1.090476 0.979879 0.106333 -0.005588 0.168815 0.334250 0.995643 1.134325 -8.769654 50.361065 0.484036
1.092857 0.979625 0.106925 -0.004344 0.169953 0.341364 0.974338 1.046237 8.311640 5.915980 -19.318365
1.095238 0.979384 0.107527 -0.003158 0.170981 0.320908 0.988401 0.954393 -6.983366 23.740849 -20.258863
1.097619 0.979160 0.108170 -0.001984 0.171874 0.433747 0.926990 0.820369 21.727833 -7.506485 -32.144985
1.100000 0.978957 0.108892 -0.000972 0.172581 0.494003 0.890334 0.698848 18.065594 16.716516 -12.111214
1.102381 0.978729 0.109754 0.000075 0.173330 0.604493 0.946856 0.765024 16.987925 19.972603 -8.922828
1.104762 0.978477 0.110771 0.001151 0.174102 0.738838 0.961116 0.769193 21.425035 9.300080 -13.391570
1.107143 0.978229 0.111769 0.002312 0.174843 0.648818 1.066997 0.755924 6.474786 20.187349 -8.542436
1.109524 0.977982 0.112744 0.003587 0.175579 0.634528 1.142006 0.752918 8.552643 17.249666 -12.772530
1.111905 0.977731 0.113762 0.004863 0.176288 0.731229 1.103555 0.727623 31.229494 0.283066 -13.971781
1.114286 0.977479 0.114867 0.006078 0.176927 0.770878 1.110693 0.646353 20.756819 11.596535 -18.714378
1.116667 0.977222 0.116082 0.007262 0.177509 0.879843 1.086346 0.626112 22.896528 3.755771 -8.754269
1.119048 0.976952 0.117331 0.008542 0.178115 0.858564 1.228212 0.675053 12.625394 23.210571 -1.297904
1.121429 0.976686 0.118518 0.010014 0.178709 0.735735 1.380377 0.650923 -4.746411 27.486683 -10.406058
1.123810 0.976439 0.119628 0.011533 0.179228 0.667660 1.361270 0.535773 -12.990529 13.063427 -36.989899
1.126190 0.976247 0.120629 0.012968 0.179505 0.630609 1.296542 0.384773 4.077056 12.190503 -8.790072
1.128571 0.976050 0.121671 0.014384 0.179768 0.683595 1.303619 0.357849 9.123126 13.848453 -20.512909
1.130952 0.975839 0.122901 0.015747 0.179961 0.889994 1.279735 0.307537 24.247272 6.590909 -13.783487
1.133333 0.975617 0.124262 0.017035 0.180113 0.948440 1.240696 0.249167 7.386252 5.537752 -20.874525
1.135714 0.975404 0.125561 0.018371 0.180235 0.863082 1.298885 0.243006 1.556942 10.380856 -19.274712
1.138095 0.975189 0.126897 0.019738 0.180316 0.930742 1.329060 0.223429 10.727874 10.886250 -12.698288
1.140476 0.974972 0.128225 0.021198 0.180387 0.849039 1.434243 0.210467 -10.860084 22.073124 -18.702227
1.142857 0.974755 0.129566 0.022678 0.180419 0.969056 1.370732 0.191177 29.323137 -8.543605 -13.662536
1.145238 0.974518 0.131070 0.024066 0.180432 1.086041 1.360753 0.157920 21.380991 0.688202 -15.451079
1.147619 0.974287 0.132593 0.025437 0.180381 1.065085 1.360150 0.091186 13.778890 1.106141 -18.775042
1.150000 0.974053 0.134201 0.026782 0.180261 1.144441 1.393481 0.026159 10.881230 15.921597 -21.968464
1.152381 0.973822 0.135895 0.028136 0.180034 1.228135 1.389258 -0.060912 18.340853 2.581157 -20.747627
1.154762 0.973603 0.137569 0.029535 0.179721 1.153412 1.447217 -0.131462 4.620357 4.079192 -24.522831
1.157143 0.973415 0.139095 0.031048 0.179311 0.985340 1.571922 -0.191611 -4.188688 22.138622 -23.167315
1.159524 0.973232 0.140662 0.032604 0.178804 1.093571 1.561280 -0.276444 16.736721 3.044328 -26.803608
1.161905 0.973051 0.142272 0.034126 0.178232 1.076502 1.578225 -0.314183 -0.577293 14.667101 -20.114178
1.164286 0.972869 0.143875 0.035663 0.177634 1.081283 1.571190 -0.340959 1.065452 7.747100 -24.313547
1.166667 0.972683 0.145506 0.037207 0.177007 1.099106 1.601571 -0.329821 -2.243343 12.543049 -8.640386
1.169048 0.972486 0.147097 0.038782 0.176434 1.056200 1.613752 -0.296041 -2.985689 12.910086 -15.411102
1.171429 0.972301 0.148645 0.040410 0.175791 0.988905 1.665710 -0.362569 -12.294451 13.836173 -16.155109
1.173810 0.972126 0.150100 0.042158 0.175110 0.888584 1.780739 -0.362171 -16.110258 24.487356 -11.520415
1.176190 0.971948 0.151566 0.043948 0.174396 0.967927 1.757998 -0.398450 7.905263 5.011597 -15.217203
1.178571 0.971748 0.153150 0.045654 0.173684 1.068027 1.715658 -0.394818 5.207125 7.718507 -10.727422
1.180952 0.971529 0.154824 0.047287 0.172989 1.159400 1.657327 -0.385870 8.302038 3.007671 -6.983736
1.183333 0.971301 0.156495 0.048945 0.172304 1.131328 1.685676 -0.368125 5.176340 1.289241 -2.451150
1.185714 0.971064 0.158117 0.050664 0.171661 1.066480 1.745387 -0.318695 -1.574607 8.971186 -0.680232
1.188095 0.970812 0.159746 0.052390 0.171058 1.104595 1.730676 -0.287844 6.336890 5.443306 -0.900058
1.190476 0.970540 0.161488 0.054065 0.170444 1.208326 1.704477 -0.315066 5.803701 3.003876 -0.682241
1.192857 0.970267 0.163211 0.055761 0.169810 1.144371 1.746919 -0.321738 -5.907421 10.546680 2.639647
1.195238 0.970007 0.164796 0.057591 0.169153 0.999842 1.842923 -0.331157 -6.884911 9.016902 -3.036223
1.197619 0.969733 0.166440 0.059362 0.168496 1.130979 1.750830 -0.328392 9.877048 -5.095412 1.081296
1.200000 0.969438 0.168187 0.061044 0.167862 1.269578 1.710366 -0.323656 35.389935 -1.755729 3.193251
1.202381 0.969087 0.170209 0.062616 0.167267 1.456104 1.642591 -0.339519 9.489318 -8.119714 -8.655569
1.204762 0.968744 0.172213 0.064130 0.166628 1.404863 1.630528 -0.360737 -0.529406 2.221091 0.590854
1.207143 0.968437 0.174028 0.065758 0.165894 1.166523 1.737385 -0.452634 -22.844082 10.629612 -13.109959
1.209524 0.968164 0.175729 0.067401 0.165030 1.181027 1.664382 -0.557432 15.716457 -20.721254 -18.656729
1.211905 0.967901 0.177538 0.068799 0.164057 1.288578 1.499865 -0.691561 11.961971 -20.371794 -20.967165
1.214286 0.967649 0.179411 0.070016 0.162985 1.342148 1.405896 -0.789119 8.675833 -12.575250 -18.864836
1.216667 0.967403 0.181282 0.071206 0.161859 1.280378 1.442397 -0.815335 -16.153006 6.838113 -13.281384
1.219048 0.967152 0.183110 0.072497 0.160722 1.342641 1.473304 -0.821856 29.142815 -13.017187 -24.248466
1.221429 0.966877 0.185131 0.073720 0.159502 1.454829 1.450503 -0.899657 7.163113 -16.432238 -17.347727
1.223809 0.966610 0.187082 0.074946 0.158264 1.362639 1.469971 -0.913966 0.698616 -7.993255 -21.664730
1.226190 0.966359 0.188893 0.076260 0.157017 1.210673 1.559766 -0.862017 -9.944733 7.947207 -6.051771
1.228571 0.966097 0.190661 0.077671 0.155795 1.215126 1.597743 -0.843416 -0.211054 0.471242 -10.251010
1.230952 0.965836 0.192375 0.079167 0.154548 1.116026 1.695447 -0.850831 -14.557640 13.802236 -9.915822
1.233333 0.965579 0.194045 0.080710 0.153266 1.101420 1.674147 -0.872450 -8.186296 -5.373582 -9.412627
1.235714 0.965312 0.195728 0.082170 0.152026 1.158481 1.583533 -0.827013 2.141432 -12.461549 0.172917
1.238095 0.965006 0.197479 0.083586 0.150924 1.252128 1.561018 -0.698992 11.832441 -7.689942 9.321896
1.240476 0.964683 0.199328 0.084832 0.149860 1.315781 1.393496 -0.742847 -6.008983 -19.221533 6.090174
1.242857 0.964365 0.201120 0.085909 0.148899 1.324781 1.256494 -0.712953 9.970370 -13.402974 -11.536168
1.245238 0.964074 0.202863 0.086939 0.147815 1.219498 1.250192 -0.835103 -8.918232 -13.188464 -14.017942
1.247619 0.963806 0.204547 0.087984 0.146619 1.179722 1.282778 -0.908943 -5.646052 -11.313963 -13.801968
1.250000 0.963534 0.206312 0.088924 0.145363 1.321799 1.186255 -0.973639 16.920605 -19.294331 -12.526560
1.252381 0.963237 0.208220 0.089741 0.144099 1.436533 1.110442 -0.996726 15.611115 -22.340057 -11.116801
1.254762 0.962932 0.210228 0.090386 0.142816 1.513466 0.990551 -1.030369 6.409307 -18.074369 0.102514
1.257143 0.962621 0.212198 0.091052 0.141569 1.502305 1.031027 -0.982699 23.616800 -9.957577 3.754215
1.259524 0.962264 0.214234 0.091847 0.140413 1.470487 1.151360 -0.882647 -14.357343 -2.521298 4.478291
1.261905 0.961907 0.216214 0.092639 0.139299 1.502913 1.051951 -0.885472 11.444577 -28.880825 -8.094672
1.264286 0.961560 0.218198 0.093245 0.138193 1.516333 0.904078 -0.909799 9.865371 -27.740440 -6.985007
1.266667 0.961232 0.220109 0.093765 0.137091 1.404957 0.856493 -0.909952 -13.554583 -18.925312 -3.987544
1.269048 0.960955 0.221786 0.094303 0.135952 1.193481 0.868367 -0.909389 -16.153612 -11.870523 5.049246
1.271429 0.960700 0.223310 0.094883 0.134854 1.057473 0.865998 -0.867383 -30.930616 -13.662135 0.251446
1.273810 0.960466 0.224727 0.095444 0.133768 1.081314 0.789779 -0.849645 7.761019 -30.220928 5.084227
1.276191 0.960216 0.226227 0.095840 0.132748 1.129396 0.653494 -0.864075 -11.706765 -31.865438 -9.008681
1.278571 0.959992 0.227755 0.095988 0.131641 1.213221 0.457972 -1.002033 7.936319 -37.473255 -12.689217
1.280952 0.959770 0.229347 0.095965 0.130506 1.254350 0.353286 -1.032447 1.273276 -35.537956 -6.240809
1.283333 0.959570 0.230880 0.095851 0.129350 1.176273 0.297972 -1.060188 -8.535746 -28.530087 -4.235352
1.285714 0.959366 0.232394 0.095693 0.128268 1.215843 0.235353 -0.979364 4.405231 -32.504265 3.080986
1.288095 0.959132 0.233980 0.095488 0.127279 1.304956 0.194803 -0.890539 11.606750 -33.449959 20.642115
1.290476 0.958845 0.235680 0.095182 0.126540 1.422302 0.076990 -0.777729 5.538306 -30.745564 -8.271145
1.292857 0.958580 0.237299 0.094858 0.125760 1.277375 0.095028 -0.788850 -15.251864 -20.915188 5.943659
1.295238 0.958350 0.238750 0.094607 0.124951 1.140214 0.138206 -0.798572 -12.217823 -19.487133 1.814766
1.297619 0.958116 0.240195 0.094315 0.124198 1.190370 0.062012 -0.735988 -3.152552 -25.972178 8.974966
1.300000 0.957895 0.241582 0.094020 0.123432 1.099547 0.092279 -0.785036 -12.968455 -14.138749 -3.255312
1.302381 0.957696 0.242882 0.093758 0.122623 1.016883 0.119636 -0.777269 -17.587177 -8.597674 7.690052
1.304762 0.957512 0.244085 0.093547 0.121832 0.946968 0.115391 -0.749296 -14.090976 -18.092819 6.414051
1.307143 0.957340 0.245250 0.093277 0.121048 0.948057 0.054817 -0.758529 -4.040444 -18.683765 5.869658
1.309524 0.957175 0.246379 0.092966 0.120295 0.874478 0.035715 -0.726737 -23.242476 -9.198440 10.157495
1.311905 0.957034 0.247416 0.092620 0.119553 0.837054 -0.046181 -0.748548 -9.818908 -24.165092 -0.091669
1.314286 0.956892 0.248523 0.092043 0.118835 0.967259 -0.265204 -0.785006 5.889777 -36.646793 -3.498240
1.316667 0.956744 0.249716 0.091235 0.118148 1.035540 -0.420498 -0.797495 0.230661 -31.506409 1.805250
1.319048 0.956623 0.250779 0.090423 0.117502 0.819647 -0.379739 -0.717192 -37.439846 -11.588319 17.690569
1.321429 0.956542 0.251600 0.089714 0.116941 0.650341 -0.341446 -0.643002 -29.269047 -7.299790 6.915805
1.323810 0.956480 0.252363 0.088968 0.116373 0.649433 -0.442463 -0.676653 -19.149191 -29.268494 2.055207
1.326190 0.956452 0.253019 0.088151 0.115807 0.531158 -0.466130 -0.677611 -27.956972 -13.646546 2.313915
1.328571 0.956474 0.253508 0.087289 0.115201 0.326423 -0.562599 -0.716178 -57.452240 -31.087114 2.202076
1.330952 0.956528 0.253882 0.086392 0.114601 0.357340 -0.536957 -0.717179 -14.767512 -6.678306 -3.525193
1.333333 0.956571 0.254328 0.085511 0.113918 0.431245 -0.541667 -0.805259 2.573378 -22.625105 -10.580562
1.335714 0.956586 0.254910 0.084528 0.113220 0.513471 -0.596519 -0.804680 -12.550416 -16.232349 1.836643
1.338095 0.956596 0.255525 0.083460 0.112539 0.578050 -0.705532 -0.840239 3.370215 -33.231697 -9.665457
1.340476 0.956595 0.256211 0.082236 0.111889 0.634174 -0.802591 -0.824322 -0.062561 -24.567606 -1.296515
1.342857 0.956583 0.256943 0.080931 0.111266 0.644681 -0.845362 -0.821059 -15.800899 -14.903251 1.316785
1.345238 0.956585 0.257600 0.079613 0.110674 0.594074 -0.880538 -0.800781 -11.089109 -17.738810 -0.452325
1.347619 0.956623 0.258099 0.078336 0.110091 0.401925 -0.839465 -0.768287 -29.237875 -8.946470 3.641100
1.350000 0.956686 0.258516 0.077019 0.109500 0.422600 -0.933096 -0.809751 -2.114512 -25.660160 -5.565865
1.352381 0.956748 0.258891 0.075624 0.109036 0.339780 -1.009363 -0.648895 -25.051344 -20.484575 17.183840
1.354762 0.956827 0.259152 0.074234 0.108686 0.275031 -1.028700 -0.577140 -19.514256 -16.913033 15.618956
1.357143 0.956938 0.259251 0.072916 0.108356 0.090886 -0.954794 -0.578017 -34.595089 -1.782797 1.564313
1.359524 0.957100 0.259159 0.071718 0.107944 -0.065448 -0.868120 -0.603134 -28.873377 -1.228959 5.686805
1.361905 0.957285 0.258952 0.070608 0.107537 -0.198904 -0.785649 -0.518501 -46.876072 15.774986 28.130318
1.364286 0.957488 0.258663 0.069527 0.107130 -0.169701 -0.876413 -0.608784 -9.041006 -22.911957 -8.036247
1.366667 0.957660 0.258603 0.068128 0.106634 0.104329 -1.107771 -0.777594 13.866943 -30.399260 -20.227146
1.369048 0.957824 0.258708 0.066434 0.105975 0.178201 -1.263519 -0.968470 -3.877456 -24.103153 -17.684326
1.371429 0.957980 0.258876 0.064601 0.105277 0.250160 -1.349471 -0.986762 1.986588 -24.704834 -8.943749
1.373810 0.958160 0.258947 0.062763 0.104582 0.092059 -1.332526 -0.977324 -18.236990 -17.212749 -8.951187
1.376190 0.958379 0.258871 0.060943 0.103834 -0.036845 -1.319371 -1.037670 -25.391733 -14.061885 -18.395636
1.378571 0.958667 0.258523 0.059225 0.103033 -0.281606 -1.245383 -1.005809 -22.001671 -12.656453 -3.828763
1.380952 0.958957 0.258147 0.057441 0.102287 -0.233593 -1.347120 -0.996756 -9.424549 -17.849621 -10.266944
1.383333 0.959231 0.257830 0.055543 0.101561 -0.172544 -1.433548 -1.000174 -8.515143 -16.652153 -5.980472
1.385714 0.959516 0.257434 0.053694 0.100869 -0.292804 -1.359259 -0.945306 -21.180285 -2.353984 0.083887
1.388095 0.959800 0.256973 0.051921 0.100261 -0.333966 -1.337210 -0.858525 -22.137573 -2.423809 0.420306
1.390476 0.960095 0.256417 0.050249 0.099714 -0.431792 -1.257014 -0.781494 -25.729982 6.095424 3.928252
1.392857 0.960409 0.255757 0.048690 0.099162 -0.608849 -1.170189 -0.755415 -64.402641 12.143005 11.168068
1.395238 0.960769 0.254915 0.047152 0.098582 -0.606809 -1.242313 -0.832002 -0.863044 -13.989731 -10.982844
1.397619 0.961092 0.254233 0.045479 0.097974 -0.498583 -1.296758 -0.854328 -17.535738 -1.558494 -3.100319
1.400000 0.961407 0.253627 0.043710 0.097255 -0.405710 -1.353539 -1.013269 -2.732224 -5.467887 -17.903996
1.402381 0.961710 0.253100 0.041831 0.096457 -0.341952 -1.446715 -1.048734 1.084662 -20.559954 -2.330606
1.404762 0.961993 0.252664 0.039764 0.095656 -0.258652 -1.568252 -1.116235 0.825364 -12.280237 -12.100261
1.407143 0.962267 0.252254 0.037692 0.094807 -0.265584 -1.514987 -1.150434 -5.920404 -0.987818 -14.016440
1.409524 0.962540 0.251854 0.035610 0.093903 -0.237921 -1.532938 -1.180325 1.833694 -6.252589 -6.909451
1.411905 0.962830 0.251368 0.033591 0.092976 -0.372090 -1.454625 -1.179595 -14.552674 3.289736 -5.892679
1.414286 0.963152 0.250728 0.031670 0.092042 -0.490822 -1.403488 -1.160622 -8.811156 -0.439406 -5.310161
1.416667 0.963494 0.249997 0.029760 0.091075 -0.620927 -1.413325 -1.240024 -37.873745 -2.827739 -26.416746
1.419048 0.963887 0.249057 0.027938 0.090071 -0.744873 -1.326562 -1.193189 -14.751963 3.853884 -11.206560
1.421429 0.964290 0.248077 0.026118 0.088994 -0.744498 -1.339560 -1.247448 -2.437817 -0.352371 0.214259
1.423810 0.964685 0.247056 0.024367 0.088051 -0.833114 -1.297878 -1.081362 -22.694014 4.512624 12.278173
1.426190 0.965079 0.245940 0.022718 0.087290 -0.889880 -1.241594 -0.890542 -17.836040 16.928606 30.012434
1.428571 0.965471 0.244740 0.021299 0.086690 -0.986614 -1.101677 -0.815503 -22.836702 11.237112 -8.413833
1.430952 0.965853 0.243576 0.019731 0.086075 -0.880100 -1.317413 -0.842676 -3.033633 -17.745775 -1.328580
1.433333 0.966226 0.242534 0.018049 0.085203 -0.805112 -1.229776 -1.154013 -11.877424 14.046113 -22.883394
1.435714 0.966614 0.241419 0.016432 0.084282 -0.896755 -1.216548 -1.069255 -10.046352 -1.294976 -0.076801
1.438095 0.967000 0.240321 0.014638 0.083327 -0.842299 -1.395306 -1.182190 -2.398453 -13.179816 -11.533732
1.440476 0.967353 0.239354 0.012643 0.082328 -0.712757 -1.514137 -1.241641 -4.742723 -7.485920 -9.179237
1.442857 0.967697 0.238427 0.010521 0.081268 -0.672691 -1.610668 -1.323754 0.874232 -14.742039 -11.823349
1.445238 0.968039 0.237484 0.008351 0.080203 -0.683119 -1.636029 -1.313745 6.652277 -15.791684 -7.388838
1.447619 0.968384 0.236496 0.006156 0.079149 -0.754500 -1.651560 -1.314001 -5.098135 -13.663900 -9.503022
1.450000 0.968732 0.235476 0.003916 0.078063 -0.761472 -1.685311 -1.360038 -2.179947 -13.988240 -12.445276
1.452381 0.969095 0.234372 0.001712 0.076956 -0.874021 -1.610185 -1.341173 -16.301662 4.167402 -2.043365
1.454762 0.969478 0.233143 -0.000317 0.075872 -0.990068 -1.467348 -1.284737 -21.838837 12.969179 -0.080075
1.457143 0.969893 0.231756 -0.002146 0.074779 -1.116181 -1.338853 -1.277747 -13.941589 6.697924 -5.972190
1.459524 0.970305 0.230349 -0.003971 0.073702 -1.104756 -1.404025 -1.273430 -9.923090 -11.184772 -11.092440
1.461905 0.970729 0.228881 -0.005852 0.072554 -1.169349 -1.412706 -1.355091 -13.381479 -4.538055 -12.072946
1.464286 0.971158 0.227370 -0.007757 0.071380 -1.202001 -1.421278 -1.358743 -14.152273 -0.615490 -6.495072
1.466667 0.971587 0.225827 -0.009678 0.070192 -1.223965 -1.439870 -1.379570 -12.995180 -3.175480 -7.884658
1.469048 0.972014 0.224260 -0.011633 0.069005 -1.242936 -1.474480 -1.374085 -12.863420 -6.767712 -4.027900
1.471429 0.972415 0.222747 -0.013681 0.067869 -1.144679 -1.563479 -1.332081 2.666810 -7.306232 2.868887
1.473809 0.972773 0.221376 -0.015814 0.066748 -1.002876 -1.643551 -1.371346 12.607788 -18.338404 -9.681169
1.476190 0.973100 0.220105 -0.018060 0.065605 -0.953108 -1.692921 -1.400379 1.454564 -7.566344 -8.840359
1.478571 0.973406 0.218888 -0.020364 0.064452 -0.899909 -1.735438 -1.394147 1.940768 -6.038802 -0.132168
1.480952 0.973735 0.217541 -0.022534 0.063309 -1.089638 -1.581303 -1.365668 -17.637911 7.828830 -0.337934
1.483333 0.974068 0.216146 -0.024705 0.062141 -1.041922 -1.656445 -1.406166 7.380589 -12.627931 -3.877453
1.485714 0.974406 0.214693 -0.026797 0.061011 -1.183212 -1.516935 -1.331986 -22.989628 15.604251 3.607846
1.488095 0.974781 0.213052 -0.028719 0.059887 -1.365554 -1.388807 -1.319820 -35.608917 23.877018 0.255666
1.490476 0.975187 0.211262 -0.030500 0.058729 -1.428930 -1.328921 -1.338387 -13.898054 5.166893 -2.452816
1.492857 0.975585 0.209463 -0.032346 0.057563 -1.423991 -1.390234 -1.338010 -11.883745 6.727536 5.637144
1.495238 0.975982 0.207629 -0.034133 0.056422 -1.470418 -1.327535 -1.313927 -15.009721 8.581673 1.753843
1.497619 0.976378 0.205766 -0.035948 0.055272 -1.501420 -1.363383 -1.331752 -22.034935 9.830776 2.630860
1.500000 0.976795 0.203754 -0.037691 0.054181 -1.666768 -1.302153 -1.248339 -34.308029 15.402408 11.107387
1.502381 0.977222 0.201646 -0.039330 0.053187 -1.706924 -1.233863 -1.153939 -22.600557 18.314285 12.905295
1.504762 0.977650 0.199500 -0.040892 0.052229 -1.724045 -1.200602 -1.126650 -12.436224 9.829837 13.606274
1.507143 0.978077 0.197316 -0.042430 0.051290 -1.826237 -1.143309 -1.140159 -39.555412 28.119459 1.137849
1.509524 0.978516 0.195035 -0.043936 0.050372 -1.840076 -1.210363 -1.092896 -15.294054 -4.064982 9.086071
1.511905 0.978940 0.192773 -0.045477 0.049474 -1.827837 -1.180057 -1.094456 -16.053665 15.146997 6.163426
1.514286 0.979349 0.190556 -0.047005 0.048522 -1.746042 -1.197793 -1.160940 3.107323 0.413297 -4.394050
1.516667 0.979721 0.188480 -0.048657 0.047488 -1.632491 -1.293382 -1.234048 -1.123855 -3.359296 -3.794668
1.519048 0.980087 0.186395 -0.050274 0.046458 -1.721569 -1.170097 -1.186461 -26.898941 29.271385 6.241611
1.521429 0.980471 0.184202 -0.051770 0.045447 -1.759353 -1.165155 -1.165783 -4.174690 -1.670231 5.199893
1.523810 0.980841 0.182035 -0.053270 0.044459 -1.739169 -1.133684 -1.153793 -6.335755 11.916595 2.141887
1.526191 0.981200 0.179890 -0.054739 0.043484 -1.701351 -1.136602 -1.127627 5.194780 -0.198075 5.156236
1.528571 0.981541 0.177784 -0.056216 0.042552 -1.700110 -1.120841 -1.082826 -6.259585 11.907069 8.951138
1.530952 0.981899 0.175576 -0.057543 0.041656 -1.814868 -0.977630 -1.038418 -11.315484 20.790796 8.974449
1.533333 0.982248 0.173378 -0.058822 0.040860 -1.765683 -1.022391 -0.923255 0.442067 -0.197662 18.918087
1.535714 0.982575 0.171237 -0.060092 0.040159 -1.709573 -0.977118 -0.867301 8.291064 16.813761 11.396763
1.538095 0.982876 0.169246 -0.061332 0.039368 -1.536147 -0.942243 -1.003107 27.007921 16.225224 -14.042190
1.540476 0.983183 0.167234 -0.062473 0.038483 -1.730027 -0.796184 -1.001563 -35.732216 37.022575 4.846448
1.542857 0.983522 0.165024 -0.063542 0.037604 -1.759900 -0.865879 -1.000071 13.426985 -7.644118 5.479627
1.545238 0.983828 0.162906 -0.064725 0.036802 -1.683911 -0.942771 -0.919533 11.762111 -1.243781 14.587222
1.547619 0.984157 0.160609 -0.065937 0.035944 -1.940339 -0.930232 -1.049865 -19.912447 8.500686 -3.900190
1.550000 0.984476 0.158323 -0.067118 0.035152 -1.808563 -0.921875 -0.881908 10.889914 4.725261 28.173553
1.552381 0.984770 0.156149 -0.068216 0.034535 -1.750684 -0.852210 -0.748659 6.045520 11.584799 20.621843
1.554762 0.985046 0.154057 -0.069251 0.033975 -1.671070 -0.824523 -0.724489 13.241039 6.060292 11.168440
1.557143 0.985298 0.152082 -0.070282 0.033462 -1.582706 -0.820278 -0.670075 10.493899 10.761016 12.194606
1.559524 0.985570 0.150021 -0.071107 0.032996 -1.763755 -0.575490 -0.606012 -22.013046 39.105694 14.460087
1.561905 0.985858 0.147893 -0.071787 0.032535 -1.695013 -0.561803 -0.599752 21.809044 7.948739 12.784688
1.564286 0.986123 0.145841 -0.072545 0.032076 -1.710637 -0.614260 -0.604771 -8.789083 14.968891 12.239793
1.566667 0.986415 0.143638 -0.073162 0.031634 -1.882966 -0.432685 -0.572338 -23.911983 35.350426 14.586089
1.569048 0.986740 0.141246 -0.073591 0.031268 -2.037374 -0.334654 -0.480171 -23.986279 23.242283 21.391115
1.571429 0.987088 0.138702 -0.073885 0.030971 -2.166734 -0.211709 -0.439537 -26.992901 33.423714 14.668262
1.573810 0.987450 0.136069 -0.074081 0.030663 -2.215397 -0.131053 -0.466969 -21.340191 40.643368 5.758508
1.576190 0.987818 0.133425 -0.074123 0.030318 -2.156127 -0.062486 -0.456527 9.682813 10.376661 13.031204
1.578571 0.988136 0.131021 -0.074289 0.030019 -1.926003 -0.183809 -0.407065 20.470589 6.554332 15.491471
1.580952 0.988427 0.128781 -0.074429 0.029811 -1.880096 -0.087875 -0.251628 -5.086509 30.981287 43.699005
1.583333 0.988704 0.126620 -0.074488 0.029719 -1.799192 -0.061284 -0.238879 3.414691 23.718058 9.077730
1.585714 0.988985 0.124430 -0.074496 0.029607 -1.881217 0.006013 -0.234222 -14.177531 33.490288 13.511204
1.588095 0.989292 0.122094 -0.074333 0.029485 -1.994942 0.138959 -0.248927 -7.102860 25.862349 6.428397
1.590476 0.989599 0.119731 -0.074143 0.029342 -2.016262 0.153250 -0.257008 -12.501344 27.555878 8.080317
1.592857 0.989913 0.117311 -0.073896 0.029155 -2.051417 0.185925 -0.301803 -7.606690 16.488947 3.801208
1.595238 0.990219 0.114915 -0.073664 0.028898 -1.977360 0.163947 -0.379977 10.937056 8.074875 -6.813073
1.597619 0.990485 0.112711 -0.073606 0.028599 -1.768411 -0.017421 -0.380644 25.898163 -5.791293 3.200116
1.600000 0.990731 0.110625 -0.073572 0.028309 -1.754618 0.068731 -0.369615 -0.225662 25.230247 1.080616
1.602381 0.990975 0.108564 -0.073446 0.028064 -1.697314 0.094923 -0.310412 16.910826 8.570205 3.544086
1.604762 0.991217 0.106530 -0.073252 0.027840 -1.717705 0.174200 -0.283795 6.142189 13.735437 7.253763
1.607143 0.991440 0.104603 -0.073091 0.027617 -1.565220 0.099768 -0.281063 25.618065 -0.432315 9.869875
1.609524 0.991656 0.102744 -0.072874 0.027426 -1.587124 0.225585 -0.276769 2.007104 25.938747 -5.659763
1.611905 0.991885 0.100819 -0.072531 0.027183 -1.645329 0.314392 -0.310235 -0.906704 23.010275 -5.049576
1.614286 0.992108 0.098917 -0.072210 0.026901 -1.577232 0.215347 -0.341139 12.994113 -7.828209 -6.233801
1.616667 0.992325 0.097022 -0.071909 0.026594 -1.621984 0.309653 -0.345573 -5.936117 30.288216 0.701430
1.619048 0.992576 0.094942 -0.071327 0.026308 -1.827854 0.569584 -0.306677 -22.943668 43.348907 4.848272
1.621429 0.992838 0.092797 -0.070585 0.026079 -1.743836 0.570443 -0.245349 25.797842 1.245539 8.392045
1.623810 0.993083 0.090733 -0.069869 0.025907 -1.774026 0.603862 -0.211663 -8.333533 23.013918 3.440665
1.626190 0.993321 0.088690 -0.069148 0.025826 -1.700449 0.555803 -0.099243 10.460744 7.957796 18.272028
1.628571 0.993548 0.086660 -0.068406 0.025939 -1.730073 0.589292 0.069591 5.918541 14.988195 20.749561
1.630952 0.993759 0.084751 -0.067696 0.026030 -1.587028 0.543516 -0.029672 15.689182 8.055376 -3.446987
1.633333 0.993944 0.083047 -0.067080 0.026055 -1.378079 0.465544 -0.027760 31.422482 2.339224 11.174155
1.635714 0.994113 0.081503 -0.066450 0.026097 -1.323838 0.557620 0.013427 6.410994 30.345367 18.539703
1.638095 0.994294 0.079917 -0.065620 0.026204 -1.354923 0.690299 0.070352 15.739146 18.604818 13.834647
1.640476 0.994464 0.078452 -0.064785 0.026271 -1.199427 0.651927 0.000773 32.236458 4.733144 -0.056335
1.642857 0.994619 0.077132 -0.063982 0.026262 -1.105664 0.659937 -0.043212 22.724819 12.810332 1.660802
1.645238 0.994781 0.075792 -0.063083 0.026201 -1.144186 0.731925 -0.081288 21.966160 1.718039 0.163062
1.647619 0.994941 0.074442 -0.062185 0.026136 -1.179981 0.765446 -0.067810 6.354603 19.469685 4.007751
1.650000 0.995097 0.073099 -0.061304 0.026078 -1.118575 0.691272 -0.067012 22.125334 1.509408 2.455539
1.652381 0.995261 0.071672 -0.060330 0.026041 -1.274287 0.834210 -0.031614 -4.969248 19.600807 8.499237
1.654762 0.995434 0.070132 -0.059262 0.026102 -1.339614 0.877799 0.080033 1.400317 14.947661 20.530155
1.657143 0.995599 0.068601 -0.058203 0.026243 -1.322108 0.850789 0.109715 0.335439 12.461167 11.169072
1.659524 0.995775 0.066961 -0.056996 0.026437 -1.483193 1.074492 0.144779 -24.627113 52.340313 4.679809
1.661905 0.995966 0.065243 -0.055553 0.026634 -1.417549 1.100243 0.162302 24.588646 -13.696995 8.208821
1.664286 0.996131 0.063671 -0.054309 0.026838 -1.373585 0.993901 0.156161 -7.192332 12.272966 6.335276
1.666667 0.996290 0.062064 -0.053142 0.027009 -1.456269 0.910124 0.070107 -32.996216 0.477543 -16.284113
1.669048 0.996445 0.060443 -0.051998 0.027187 -1.330029 0.926696 0.172465 19.118841 9.430206 15.807321
1.671429 0.996582 0.059033 -0.050820 0.027497 -1.185666 0.962089 0.305383 15.403903 12.650609 24.987616
1.673810 0.996704 0.057786 -0.049645 0.027872 -1.032923 0.918523 0.312698 27.272970 -3.615918 8.770870
1.676190 0.996817 0.056644 -0.048510 0.028185 -0.991058 0.891827 0.219307 15.328736 -8.953169 -9.589772
1.678571 0.996924 0.055542 -0.047467 0.028365 -0.932189 0.825692 0.137715 23.860523 -8.720194 1.112068
1.680952 0.997015 0.054604 -0.046523 0.028562 -0.787512 0.767236 0.194441 23.508577 1.238792 12.309729
1.683333 0.997097 0.053751 -0.045637 0.028735 -0.770262 0.714995 0.076888 2.456508 -0.460066 -26.436747
1.685714 0.997188 0.052817 -0.044704 0.028780 -0.832100 0.797892 0.045225 4.622084 11.099597 -0.583474
1.688095 0.997284 0.051808 -0.043671 0.028862 -0.882620 0.844160 0.094276 10.634944 -0.659461 4.905090
1.690476 0.997382 0.050750 -0.042577 0.028997 -0.943016 0.909905 0.135648 2.843637 5.474215 5.573173
1.692857 0.997482 0.049618 -0.041425 0.029188 -0.988658 0.911966 0.170674 10.052344 -11.481910 2.141255
1.695238 0.997574 0.048511 -0.040325 0.029441 -0.991403 0.906907 0.232098 -5.682346 6.892811 5.147274
1.697619 0.997672 0.047296 -0.039131 0.029706 -1.069017 0.979288 0.236716 2.055908 3.749106 7.515162
1.700000 0.997762 0.046106 -0.037975 0.030059 -1.060305 0.910640 0.321646 -11.876042 -3.818366 10.269057
1.702381 0.997853 0.044777 -0.036843 0.030463 -1.158539 0.914192 0.351696 0.838554 5.328389 11.645580
1.704762 0.997937 0.043478 -0.035738 0.030880 -1.125415 0.871241 0.331574 -2.456562 0.383009 0.618301
1.707143 0.998023 0.042153 -0.034565 0.031291 -1.173586 0.952933 0.363174 -9.622810 4.062238 12.712900
1.709524 0.998101 0.040866 -0.033410 0.031753 -1.105770 0.898051 0.405033 0.078722 -6.597117 14.318022
1.711905 0.998173 0.039585 -0.032305 0.032252 -1.108625 0.853767 0.401083 2.226576 -11.283114 0.334374
1.714286 0.998237 0.038364 -0.031294 0.032732 -1.060552 0.806015 0.425305 -2.122251 1.665154 17.336735
1.716667 0.998295 0.037192 -0.030320 0.033224 -0.992198 0.736820 0.384663 9.818811 -15.595160 -2.761680
1.719048 0.998358 0.035953 -0.029401 0.033536 -1.127106 0.742339 0.218398 -17.302572 1.304501 -4.516756
1.721429 0.998421 0.034631 -0.028430 0.033871 -1.149525 0.781164 0.298347 -4.695285 0.822627 7.502385
1.723809 0.998476 0.033346 -0.027485 0.034340 -1.111492 0.728902 0.444801 -3.088959 -7.118664 21.677650
1.726190 0.998520 0.032136 -0.026574 0.034904 -1.019073 0.698546 0.471121 9.956110 -10.625121 6.792948
1.728571 0.998558 0.031021 -0.025716 0.035467 -0.947672 0.654354 0.454541 9.496666 -12.846315 0.837479
1.730952 0.998589 0.029960 -0.024960 0.036034 -0.895745 0.542056 0.478668 16.869076 -26.146770 7.880989
1.733333 0.998612 0.028998 -0.024338 0.036616 -0.822429 0.461370 0.470655 12.181239 -17.262642 0.810165
1.735714 0.998633 0.028040 -0.023745 0.037183 -0.855500 0.464885 0.481920 0.218766 -8.290809 10.024757
1.738095 0.998650 0.027044 -0.023150 0.037827 -0.887396 0.459434 0.568616 -3.074643 -6.690260 17.772383
1.740476 0.998665 0.025996 -0.022534 0.038541 -0.906580 0.464787 0.585299 8.316343 -11.187510 3.139358
1.742857 0.998678 0.024974 -0.021940 0.039204 -0.882932 0.431818 0.543691 6.897823 -17.697327 5.492776
1.745238 0.998694 0.023868 -0.021312 0.039830 -1.040149 0.539516 0.487814 -27.988594 15.667102 -6.656070
1.747619 0.998720 0.022556 -0.020492 0.040357 -1.152647 0.650209 0.420223 -7.196353 1.307009 -2.846617
1.750000 0.998745 0.021227 -0.019682 0.040868 -1.114283 0.585777 0.425146 10.998503 -16.155565 1.425971
1.752381 0.998760 0.020002 -0.018942 0.041459 -1.071832 0.587839 0.511572 -10.098008 6.968286 4.615161
1.754762 0.998770 0.018741 -0.018221 0.042127 -1.064966 0.503023 0.595507 9.783673 -17.930557 17.446951
1.757143 0.998770 0.017618 -0.017664 0.042849 -0.944560 0.380376 0.589248 6.166445 -15.757147 1.627656
1.759524 0.998768 0.016473 -0.017154 0.043549 -1.014242 0.394055 0.580278 -7.547604 0.641796 5.858171
1.761905 0.998762 0.015419 -0.016715 0.044248 -0.832734 0.259280 0.565173 28.018990 -27.415977 -1.639590
1.764286 0.998749 0.014588 -0.016435 0.044914 -0.676104 0.171399 0.543036 18.952953 -17.987282 -1.124389
1.766667 0.998733 0.013852 -0.016207 0.045578 -0.621448 0.146381 0.564290 15.013136 -15.389482 6.969749
1.769048 0.998718 0.013072 -0.015896 0.046244 -0.728795 0.297707 0.536682 -9.467176 16.484676 -4.542472
1.771429 0.998706 0.012184 -0.015448 0.046895 -0.757066 0.331695 0.566462 13.551848 -5.685792 11.718671
1.773810 0.998689 0.011272 -0.014964 0.047630 -0.797491 0.358604 0.635934 8.385582 -6.487285 12.064789
1.776191 0.998669 0.010386 -0.014484 0.048396 -0.766054 0.333233 0.625925 8.150116 -16.183830 -0.483346
1.778571 0.998648 0.009511 -0.014092 0.049128 -0.770945 0.302799 0.599444 0.572900 3.543881 0.426311
1.780952 0.998626 0.008720 -0.013748 0.049812 -0.616485 0.231488 0.518629 30.919538 -7.717621 -18.083899
1.783333 0.998602 0.008026 -0.013479 0.050473 -0.623967 0.194590 0.575206 0.053294 -1.409659 6.941633
1.785714 0.998571 0.007289 -0.013207 0.051265 -0.664098 0.204803 0.711186 -4.338346 1.607281 20.367891
1.788095 0.998532 0.006458 -0.012896 0.052205 -0.711940 0.209718 0.814805 10.582953 -7.829461 16.231398
1.790476 0.998488 0.005609 -0.012614 0.053202 -0.737434 0.167970 0.839821 4.248022 -14.676776 12.469378
1.792857 0.998438 0.004726 -0.012340 0.054278 -0.750306 0.135680 0.930333 12.326619 -34.941254 22.887081
1.795238 0.998377 0.003983 -0.012485 0.055427 -0.596462 -0.189598 0.924882 13.550343 -12.524214 -1.738862
1.797619 0.998317 0.003420 -0.012721 0.056482 -0.405259 -0.261450 0.844361 30.606230 -27.073290 -5.148786
1.800000 0.998261 0.003047 -0.013032 0.057410 -0.290154 -0.274361 0.746268 13.498118 -11.722398 -4.930289
1.802381 0.998209 0.002668 -0.013292 0.058264 -0.283247 -0.259281 0.710855 27.116970 -24.710814 2.102214
1.804762 0.998156 0.002349 -0.013593 0.059117 -0.275021 -0.252371 0.711054 8.334463 -7.070069 0.223074
1.807143 0.998100 0.001920 -0.013768 0.060024 -0.415463 -0.124932 0.793927 -6.262728 3.539112 14.017177
1.809524 0.998037 0.001412 -0.013879 0.061060 -0.445130 -0.116292 0.896996 1.298287 -3.950147 14.167224
1.811905 0.997968 0.000821 -0.013930 0.062164 -0.518908 -0.071469 0.937823 2.144933 -5.062444 11.055959
1.814286 0.997900 0.000280 -0.014048 0.063231 -0.410071 -0.179212 0.865368 21.414896 -22.583900 -2.631155
1.816667 0.997833 -0.000148 -0.014297 0.064226 -0.323969 -0.255190 0.817613 18.023401 -13.708528 -2.754553
1.819048 0.997768 -0.000527 -0.014521 0.065181 -0.325007 -0.183030 0.794307 2.936967 1.847669 -1.241254
1.821429 0.997702 -0.000954 -0.014724 0.066130 -0.349518 -0.214886 0.816597 11.492125 -12.367802 10.869400
1.823810 0.997626 -0.001322 -0.015034 0.067188 -0.291984 -0.313466 0.903143 8.951899 -16.195904 5.692857
1.826190 0.997549 -0.001677 -0.015456 0.068230 -0.287855 -0.399211 0.853088 5.042127 -14.940934 -4.484017
1.828571 0.997471 -0.002026 -0.015932 0.069238 -0.270060 -0.442483 0.847169 7.671824 -18.484247 1.337538
1.830952 0.997393 -0.002431 -0.016389 0.070238 -0.331059 -0.399196 0.847262 5.892713 -10.966418 5.469169
1.833333 0.997309 -0.002772 -0.016971 0.071268 -0.236093 -0.540090 0.856388 12.395288 -16.680105 -3.968408
1.835714 0.997226 -0.003087 -0.017560 0.072267 -0.257855 -0.494152 0.831440 -1.420017 -4.009431 -3.276974
1.838095 0.997144 -0.003367 -0.018172 0.073234 -0.170255 -0.560944 0.803654 17.600216 -19.938934 -4.522870
1.840476 0.997062 -0.003646 -0.018797 0.074171 -0.223078 -0.534267 0.799313 2.311671 -10.207153 4.643759
1.842857 0.996973 -0.003949 -0.019413 0.075186 -0.243832 -0.518355 0.861347 -2.048283 -2.867626 -0.240455
1.845238 0.996885 -0.004318 -0.019997 0.076166 -0.295801 -0.504710 0.817447 1.154314 -4.992189 -0.485733
1.847619 0.996793 -0.004571 -0.020702 0.077166 -0.110906 -0.671997 0.856981 28.235207 -31.014145 5.186759
1.850000 0.996695 -0.004667 -0.021536 0.078192 -0.032552 -0.694672 0.861986 11.491393 -7.944492 -1.801719
1.852381 0.996595 -0.004741 -0.022320 0.079237 -0.036908 -0.637705 0.907784 5.671300 -2.896702 10.753625
1.854762 0.996488 -0.004839 -0.023067 0.080349 -0.051696 -0.632219 0.951638 9.706470 -8.903057 7.684152
1.857143 0.996378 -0.004917 -0.023820 0.081480 -0.011676 -0.629445 0.955037 20.385180 -5.169667 4.727461
1.859524 0.996266 -0.005015 -0.024488 0.082637 -0.234960 -0.466376 0.959641 -66.207512 35.507175 -4.476090
1.861905 0.996155 -0.005351 -0.025049 0.083781 -0.194368 -0.566754 0.974924 24.575457 -26.776678 8.766758
1.864286 0.996036 -0.005572 -0.025840 0.084932 -0.119047 -0.736513 0.973923 17.669180 -27.366096 6.510625
1.866667 0.995903 -0.005596 -0.026872 0.086158 0.079869 -0.906934 1.072830 20.149483 -22.509949 15.364948
1.869048 0.995761 -0.005560 -0.027999 0.087442 0.086319 -0.945818 1.103064 10.187432 -14.281425 11.804159
1.871429 0.995615 -0.005566 -0.029080 0.088742 -0.011549 -0.848650 1.082421 -14.782921 9.509761 -1.352160
1.873810 0.995476 -0.005675 -0.030037 0.089964 -0.025753 -0.816709 1.013857 14.314530 -12.684886 -1.060160
1.876190 0.995334 -0.005705 -0.031057 0.091180 0.041042 -0.870204 1.054975 11.869960 -13.538391 13.648927
1.878571 0.995181 -0.005666 -0.032133 0.092468 0.074873 -0.897276 1.094818 -0.529782 -6.936750 3.252692
1.880952 0.995032 -0.005725 -0.033183 0.093687 -0.011029 -0.889190 1.018176 2.882668 -11.096538 0.655795
1.883333 0.994878 -0.005708 -0.034351 0.094899 0.128270 -1.031967 1.026196 22.523493 -28.323532 -0.945002
1.885714 0.994720 -0.005564 -0.035673 0.096061 0.207414 -1.099905 0.973757 11.059952 -11.303761 -6.941832
1.888095 0.994570 -0.005394 -0.036947 0.097143 0.208624 -1.023857 0.907886 5.839674 -2.569087 -8.091615
1.890476 0.994419 -0.005196 -0.038226 0.098195 0.259495 -1.066912 0.901206 15.387445 -12.109745 -4.549238
1.892857 0.994268 -0.005038 -0.039462 0.099240 0.177057 -1.005471 0.905303 2.528073 -5.885676 0.956750
1.895238 0.994108 -0.004830 -0.040730 0.100330 0.256152 -1.043250 0.944432 7.613731 -5.264958 -0.367417
1.897619 0.993943 -0.004612 -0.042002 0.101446 0.237849 -1.023307 0.956839 -0.042893 4.734674 -3.312664
1.900000 0.993777 -0.004446 -0.043181 0.102584 0.199606 -0.969687 1.003628 6.335167 -5.007075 10.499598
1.902381 0.993597 -0.004337 -0.044262 0.103861 0.081014 -0.841493 1.116346 -20.355339 18.074947 9.116578
1.904762 0.993420 -0.004397 -0.045159 0.105157 0.001037 -0.750802 1.100479 10.865646 3.075510 5.659182
1.907143 0.993249 -0.004480 -0.045904 0.106435 -0.160598 -0.560100 1.037942 -45.776310 29.813147 -14.176192
1.909524 0.993082 -0.004611 -0.046618 0.107675 -0.049178 -0.619808 1.062998 2.731103 10.917235 6.247185
1.911905 0.992911 -0.004639 -0.047369 0.108913 0.027909 -0.629619 1.051526 7.362835 11.597857 4.431441
1.914286 0.992733 -0.004482 -0.048220 0.110167 0.194977 -0.713690 1.060881 6.735728 6.583036 -3.803417
1.916667 0.992560 -0.004295 -0.049064 0.111354 0.160700 -0.655047 0.993582 -9.368902 21.000776 -7.546401
1.919048 0.992396 -0.004182 -0.049775 0.112491 0.067707 -0.530912 0.965033 -20.135670 31.145979 -3.305377
1.921429 0.992238 -0.004116 -0.050374 0.113618 0.074209 -0.489289 0.959225 -1.589691 15.989908 -1.632426
1.923810 0.992073 -0.003966 -0.051052 0.114760 0.180174 -0.587014 0.992463 10.560410 1.907378 5.126673
1.926190 0.991894 -0.003679 -0.051840 0.115954 0.308085 -0.663212 1.038122 18.129530 -4.650169 3.340286
1.928571 0.991713 -0.003374 -0.052630 0.117150 0.244095 -0.584178 1.018882 -4.254744 21.573229 -2.706823
1.930952 0.991539 -0.003085 -0.053308 0.118321 0.206868 -0.479811 0.990894 -19.317108 33.072018 -7.008380
1.933333 0.991379 -0.002917 -0.053762 0.119454 0.131102 -0.332897 0.968940 0.511230 21.032383 0.519766
1.935714 0.991212 -0.002745 -0.054198 0.120638 0.142439 -0.363714 1.023110 3.117130 9.189799 1.597060
1.938095 0.991048 -0.002495 -0.054587 0.121812 0.236377 -0.227580 0.976912 15.581114 43.393425 -12.452482
1.940476 0.990899 -0.002184 -0.054822 0.122919 0.200708 -0.146875 0.948623 -10.815647 26.593910 -1.889329
1.942857 0.990749 -0.001913 -0.054963 0.124066 0.218398 -0.086286 0.989545 15.020426 19.291729 -1.960582
1.945238 0.990605 -0.001545 -0.055048 0.125177 0.245082 0.003878 0.977343 -6.443401 32.837383 8.959103
1.947619 0.990453 -0.001260 -0.055077 0.126366 0.160893 -0.031166 1.021132 -6.529874 6.042458 -1.229398
1.950000 0.990302 -0.001100 -0.055110 0.127527 0.024786 0.028397 0.966672 -23.230812 32.724884 -9.122330
1.952381 0.990160 -0.000957 -0.055098 0.128635 0.126145 -0.014312 0.946181 17.221695 1.745871 -0.098523
1.954762 0.990011 -0.000681 -0.055235 0.129717 0.221877 -0.122396 0.918236 10.604548 -0.954617 -5.815296
1.957143 0.989859 -0.000242 -0.055474 0.130770 0.389241 -0.164879 0.916331 17.598822 3.884207 -1.756897
1.959524 0.989713 0.000245 -0.055691 0.131781 0.372282 -0.099495 0.862650 3.487936 17.911175 -7.619439
1.961905 0.989572 0.000748 -0.055861 0.132762 0.390141 -0.094270 0.847268 3.132828 6.845232 -7.367486
1.964286 0.989435 0.001252 -0.055963 0.133732 0.394655 -0.030184 0.832148 8.562121 4.774643 -11.289725
1.966667 0.989314 0.001681 -0.055967 0.134623 0.246759 0.102539 0.751225 -21.338905 30.283117 -13.455165
1.969048 0.989229 0.001867 -0.055698 0.135356 0.015891 0.294682 0.576303 -28.637049 27.985748 -23.087530
1.971429 0.989164 0.001827 -0.055207 0.136027 -0.167061 0.442586 0.574762 -23.886292 28.528008 -6.219509
1.973809 0.989094 0.001746 -0.054634 0.136769 -0.139184 0.466791 0.637585 -1.819909 19.214302 -5.410119
1.976190 0.989024 0.001764 -0.054066 0.137496 -0.076505 0.485856 0.593380 -10.632912 24.034576 -16.690657
1.978571 0.988960 0.001747 -0.053397 0.138214 -0.148771 0.586774 0.624673 -18.852270 30.638334 -0.838022
1.980952 0.988896 0.001717 -0.052615 0.138972 -0.167554 0.669502 0.604924 -21.538471 29.948263 -22.189249
1.983333 0.988846 0.001656 -0.051788 0.139638 -0.136069 0.640814 0.551190 5.181809 3.676529 -10.352929
1.985714 0.988788 0.001728 -0.051110 0.140298 -0.034131 0.559164 0.579866 -5.160951 13.849235 0.228901
1.988095 0.988723 0.001845 -0.050522 0.140968 0.024880 0.463837 0.565691 4.151278 -0.138820 -6.359657
1.990476 0.988657 0.001992 -0.050013 0.141603 0.026246 0.461155 0.533892 -6.744093 20.300037 -7.723000
1.992857 0.988598 0.002087 -0.049306 0.142265 -0.053682 0.646185 0.574104 -8.412628 23.691696 -1.997625
1.995238 0.988538 0.002191 -0.048608 0.142917 -0.018812 0.564034 0.538560 -2.195781 3.330111 -9.271025
1.997619 0.988480 0.002357 -0.047956 0.143533 0.053310 0.561670 0.517823 3.700644 8.323799 -8.247947
