0.000000 0.433921 0.368524 0.406648 0.041422 0.009318 0.039157 -1.537371 -0.865141 2.171631
0.002381 0.433998 0.368540 0.406745 0.029240 0.007164 0.039868 -1.691310 0.679659 -0.843830
0.004762 0.434092 0.368568 0.406835 0.043830 0.008234 0.042602 0.090642 -1.456893 1.904444
0.007143 0.434166 0.368557 0.406966 0.028311 -0.008137 0.057347 -1.225331 -0.833732 0.308878
0.009524 0.434277 0.368538 0.407093 0.057952 -0.008277 0.051942 3.187645 -0.561240 0.007905
0.011905 0.434426 0.368518 0.407227 0.066286 -0.004438 0.052018 1.706494 1.312020 -1.825162
0.014286 0.434620 0.368525 0.407335 0.086485 0.003275 0.046744 1.637041 -0.323379 1.028403
0.016667 0.434807 0.368530 0.407455 0.077130 -0.000631 0.055778 0.761853 -1.350395 2.710457
0.019048 0.434994 0.368514 0.407620 0.076798 -0.007983 0.073412 0.080569 -0.866937 2.267188
0.021429 0.435165 0.368457 0.407857 0.068875 -0.031319 0.110863 -0.167468 -3.136041 4.943994
0.023810 0.435371 0.368408 0.408112 0.099613 -0.011553 0.099603 5.195053 1.742460 -0.668183
0.026190 0.435586 0.368354 0.408369 0.084968 -0.026753 0.110197 -0.055270 -1.557823 2.037306
0.028571 0.435804 0.368392 0.408539 0.099394 0.034653 0.054607 3.680105 4.276908 -2.967129
0.030952 0.436018 0.368432 0.408692 0.079919 0.009407 0.067963 -2.743877 -1.744349 1.612218
0.033333 0.436161 0.368422 0.408884 0.060137 -0.011090 0.086610 1.434445 -2.350024 2.644213
0.035714 0.436346 0.368372 0.409094 0.076705 -0.024786 0.088573 -1.348040 -1.905377 1.457960
0.038095 0.436504 0.368302 0.409322 0.064565 -0.031481 0.098474 -0.207965 -1.694093 1.992297
0.040476 0.436652 0.368234 0.409560 0.060802 -0.027166 0.099903 -0.869638 -0.675286 1.243152
0.042857 0.436814 0.368181 0.409772 0.074107 -0.017853 0.082149 1.811411 0.742481 -1.419796
0.045238 0.436998 0.368143 0.409963 0.073612 -0.017536 0.081658 -1.544367 -1.008461 0.897790
0.047619 0.437150 0.368085 0.410174 0.059522 -0.025794 0.089867 -1.546198 -0.578695 0.302893
0.050000 0.437297 0.368075 0.410321 0.069137 0.019448 0.028865 2.502957 9.113243 -13.296269
0.052381 0.437431 0.368120 0.410400 0.047331 0.009587 0.050720 -3.220626 -2.201991 4.674798
0.054762 0.437548 0.368124 0.410568 0.058149 0.002582 0.070226 3.168398 1.260119 -1.675240
0.057143 0.437720 0.368113 0.410736 0.075599 -0.008950 0.072440 0.914837 -0.789586 -0.029404
0.059524 0.437920 0.368097 0.410911 0.087304 -0.005847 0.074559 1.017655 0.196370 0.287428
0.061905 0.438128 0.368076 0.411094 0.090403 -0.004045 0.070385 1.727822 2.514793 -3.361299
0.064286 0.438352 0.368088 0.411236 0.096101 0.008427 0.054811 1.838588 1.676941 -2.624960
0.066667 0.438580 0.368112 0.411360 0.089784 0.008388 0.055733 -1.708397 -0.011760 0.670476
0.069048 0.438779 0.368104 0.411529 0.078021 -0.013923 0.083656 -2.324751 -3.651946 4.547516
0.071429 0.438921 0.368035 0.411765 0.051605 -0.033259 0.104830 -2.960356 -1.835503 2.474167
0.073810 0.439053 0.367966 0.412019 0.064886 -0.023988 0.102941 3.272445 1.178679 -0.749468
0.076190 0.439229 0.367919 0.412254 0.067409 -0.023670 0.104972 -3.175915 -2.334097 3.628191
0.078571 0.439359 0.367850 0.412538 0.047874 -0.028615 0.123927 -2.928520 -0.302733 2.480956
0.080952 0.439489 0.367796 0.412801 0.060392 -0.020663 0.105685 0.664666 -0.197976 0.220968
0.083333 0.439657 0.367758 0.413033 0.072731 -0.013889 0.093684 0.068926 0.413593 -0.179426
0.085714 0.439844 0.367736 0.413254 0.085284 -0.004110 0.088857 2.557245 1.917706 -1.333627
0.088095 0.440093 0.367755 0.413429 0.111922 0.009867 0.067650 2.568448 0.557299 -1.637249
0.090476 0.440321 0.367769 0.413572 0.088048 0.006267 0.054343 -1.777203 0.822045 -2.441443
0.092857 0.440521 0.367794 0.413680 0.080615 0.010011 0.043765 -1.394261 0.081885 -1.329449
0.095238 0.440679 0.367807 0.413797 0.068571 0.003977 0.051123 1.665202 0.313569 -0.761291
0.097619 0.440868 0.367821 0.413920 0.088293 0.007591 0.052371 3.682516 0.976500 -0.592367
0.100000 0.441074 0.367818 0.414101 0.082455 -0.004147 0.085378 -0.986144 -0.329179 1.817146
0.102381 0.441251 0.367804 0.414312 0.071534 -0.005760 0.090122 -0.726031 0.269990 0.637355
0.104762 0.441414 0.367765 0.414576 0.063976 -0.024613 0.123144 -2.178229 -3.057463 5.251600
0.107143 0.441550 0.367673 0.414912 0.059815 -0.042754 0.145103 0.914801 -2.229387 2.961592
0.109524 0.441727 0.367572 0.415239 0.082530 -0.037380 0.127673 2.442932 0.945668 -1.782770
0.111905 0.441924 0.367489 0.415543 0.081729 -0.037947 0.131274 0.050909 -2.072865 2.641056
0.114286 0.442129 0.367412 0.415843 0.083371 -0.032669 0.126372 -1.200019 -1.750368 2.260643
0.116667 0.442300 0.367319 0.416119 0.069764 -0.034563 0.099509 -0.527289 1.490878 -5.281650
0.119048 0.442470 0.367267 0.416311 0.072395 -0.017942 0.075362 0.256109 0.744121 -1.880093
0.121429 0.442672 0.367232 0.416476 0.094246 -0.013598 0.068505 3.139960 0.218579 -0.822204
0.123810 0.442895 0.367202 0.416650 0.090423 -0.006113 0.070057 -0.717813 3.236813 -2.655257
0.126190 0.443155 0.367268 0.416741 0.121762 0.032033 0.028576 4.569701 1.152947 -4.000895
0.128571 0.443403 0.367287 0.416856 0.094666 -0.003092 0.059253 -2.029030 -2.233127 1.464960
0.130952 0.443626 0.367272 0.417003 0.096893 -0.005239 0.059295 1.722488 1.170981 -2.476316
0.133333 0.443862 0.367269 0.417135 0.097330 -0.002276 0.057891 -0.443543 -0.268398 -0.143534
0.135714 0.444070 0.367256 0.417284 0.086233 -0.003390 0.065305 0.607521 1.475291 -0.039629
0.138095 0.444273 0.367243 0.417472 0.082091 -0.009390 0.084785 -1.124254 -0.946790 1.055933
0.140476 0.444473 0.367218 0.417656 0.086814 -0.012364 0.077050 1.011650 -0.891421 0.345779
0.142857 0.444686 0.367171 0.417867 0.091817 -0.021257 0.091247 1.044374 -0.415596 0.680752
0.145238 0.444927 0.367143 0.418048 0.102452 -0.004443 0.064629 0.551291 2.496993 -4.192957
0.147619 0.445168 0.367118 0.418196 0.096381 -0.017955 0.070194 -1.659827 -2.483995 2.790105
0.150000 0.445362 0.367052 0.418420 0.078423 -0.030167 0.100643 -0.451426 -0.807783 1.506855
0.152381 0.445571 0.366989 0.418627 0.084428 -0.028920 0.088738 -1.910729 -1.899486 2.208037
0.154762 0.445786 0.366917 0.418846 0.088687 -0.030891 0.094650 -1.829108 -1.032422 1.914170
0.157143 0.445952 0.366844 0.419091 0.065772 -0.029629 0.104152 -1.016388 -0.323767 0.720860
0.159524 0.446148 0.366786 0.419297 0.083171 -0.025065 0.082873 -1.253183 -1.132215 0.178684
0.161905 0.446327 0.366725 0.419508 0.080575 -0.020389 0.081819 2.405346 1.844819 -3.125606
0.164286 0.446528 0.366688 0.419681 0.083368 -0.012173 0.067614 -0.510336 1.614471 -2.447776
0.166667 0.446699 0.366675 0.419824 0.066151 -0.004497 0.059866 -2.179465 0.641000 -0.601032
0.169048 0.446846 0.366691 0.419928 0.067148 0.013145 0.032705 1.609553 2.840886 -4.879987
0.171429 0.446990 0.366705 0.420028 0.056988 -0.000623 0.052642 -1.498492 -1.102075 2.132182
0.173810 0.447143 0.366706 0.420156 0.084467 0.003460 0.052146 8.998775 1.847400 -1.436767
0.176190 0.447495 0.366722 0.420294 0.146914 0.004248 0.059592 -1.641508 -0.245633 -0.327640
0.178571 0.447774 0.366708 0.420468 0.098989 -0.011186 0.078875 -4.925014 -1.306343 1.242704
0.180952 0.447985 0.366667 0.420656 0.080425 -0.023717 0.084690 -3.617591 -2.743097 2.903480
0.183333 0.448116 0.366620 0.420782 0.054930 -0.013441 0.031169 0.572256 1.711260 -6.363304
0.185714 0.448271 0.366587 0.420872 0.068333 -0.015419 0.041996 0.463676 -0.847852 0.440486
0.188095 0.448414 0.366521 0.421027 0.056106 -0.028618 0.071331 -1.474923 0.178926 0.644667
0.190476 0.448553 0.366464 0.421200 0.059111 -0.023126 0.073923 -0.680571 -0.243771 0.380222
0.192857 0.448671 0.366409 0.421355 0.045796 -0.026593 0.068528 -2.035118 -1.995836 2.540577
0.195238 0.448787 0.366341 0.421540 0.049620 -0.029154 0.079925 -1.133484 -1.289347 1.548892
0.197619 0.448865 0.366263 0.421754 0.032748 -0.029876 0.089421 -0.063526 0.806806 -0.131250
0.200000 0.448954 0.366227 0.421930 0.028735 -0.009828 0.068722 -5.075775 1.328407 -0.901594
0.202381 0.449053 0.366222 0.422069 0.053651 0.002339 0.050510 2.782590 1.738044 -2.934863
0.204762 0.449189 0.366235 0.422161 0.058134 0.007548 0.032273 0.411634 1.184245 -2.670390
0.207143 0.449376 0.366288 0.422155 0.085867 0.030748 -0.018942 2.212066 3.472928 -6.102177
0.209524 0.449584 0.366368 0.422121 0.085888 0.033711 -0.010687 -0.072792 1.349274 -0.777881
0.211905 0.449776 0.366424 0.422149 0.080808 0.021629 0.016353 1.191650 0.994223 -0.983567
0.214286 0.449971 0.366451 0.422231 0.080041 0.005963 0.042747 -0.098111 -0.670838 1.368476
0.216667 0.450159 0.366444 0.422358 0.079332 -0.007048 0.058348 1.172204 -0.788302 0.794325
0.219048 0.450362 0.366430 0.422478 0.084050 -0.008065 0.052288 0.379856 -0.717469 1.034123
0.221429 0.450577 0.366416 0.422597 0.089447 -0.004890 0.049459 0.485867 0.313044 -0.102467
0.223810 0.450801 0.366429 0.422676 0.094010 0.010731 0.027288 1.024012 1.874985 -2.140556
0.226190 0.451048 0.366477 0.422708 0.105900 0.022207 0.011337 1.749772 1.233997 -1.231411
0.228571 0.451275 0.366511 0.422764 0.082888 0.005598 0.035387 -3.763836 -2.738997 3.833711
0.230952 0.451429 0.366530 0.422872 0.065433 0.019627 0.042948 1.065445 4.906358 -1.304273
0.233333 0.451561 0.366576 0.422964 0.051062 0.018288 0.032197 -1.637933 0.414988 -2.903444
0.235714 0.451666 0.366618 0.423028 0.044045 0.017406 0.027913 -0.471209 0.637134 0.023588
0.238095 0.451762 0.366646 0.423097 0.038468 0.009111 0.028442 -1.519944 -0.173022 -1.072652
0.240476 0.451909 0.366723 0.422940 0.074786 0.041241 -0.104085 3.555501 2.532214 -11.388445
0.242857 0.452137 0.366795 0.422761 0.102008 0.023525 -0.060002 2.121412 -1.350112 1.239561
0.245238 0.452372 0.366828 0.422690 0.092463 0.007735 -0.009200 -2.015057 -2.033651 5.232758
0.247619 0.452555 0.366822 0.422740 0.078325 -0.006136 0.028731 1.354390 -1.447942 1.745595
0.250000 0.452715 0.366790 0.422850 0.061336 -0.014808 0.051126 -1.548219 -0.996555 1.567102
0.252381 0.452857 0.366767 0.422952 0.063927 -0.006249 0.033224 1.764124 0.360412 -2.703767
0.254762 0.453024 0.366741 0.423041 0.069787 -0.012833 0.040977 -0.413182 -1.333875 1.766649
0.257143 0.453161 0.366689 0.423175 0.049135 -0.027877 0.067585 -3.292734 -3.087242 5.092281
0.259524 0.453257 0.366623 0.423343 0.038582 -0.026529 0.070344 -1.417210 -0.956116 2.004943
0.261905 0.453352 0.366556 0.423512 0.041161 -0.027946 0.069917 -0.989705 -1.249013 1.609641
0.264286 0.453467 0.366505 0.423650 0.050100 -0.019942 0.051364 -1.041632 -0.888836 0.032694
0.266667 0.453555 0.366455 0.423767 0.034177 -0.016790 0.045810 -1.660178 0.734971 -0.119344
0.269048 0.453593 0.366429 0.423867 0.006638 -0.008463 0.042792 -3.911599 0.646198 1.129038
0.271429 0.453625 0.366438 0.423924 0.014750 0.005689 0.014164 -1.771130 -0.158417 -2.411156
0.273810 0.453692 0.366456 0.423926 0.041288 0.010520 -0.006450 3.676393 1.521402 -3.169827
0.276190 0.453857 0.366498 0.423882 0.074218 0.015972 -0.016064 0.433732 -0.680526 0.535658
0.278571 0.454002 0.366506 0.423893 0.056233 -0.003429 0.013224 -0.914536 -1.923293 1.798224
0.280952 0.454142 0.366480 0.423949 0.060228 -0.012327 0.025639 1.104473 -0.223968 -0.310112
0.283333 0.454287 0.366447 0.424034 0.055928 -0.016203 0.047531 -1.532651 -1.051647 4.194160
0.285714 0.454450 0.366424 0.424121 0.071671 -0.006891 0.030737 0.544294 0.287883 -0.796063
0.288095 0.454566 0.366402 0.424201 0.038488 -0.012081 0.035993 -2.973883 -1.419173 1.534121
0.290476 0.454658 0.366373 0.424281 0.043142 -0.007682 0.025169 1.454586 1.680325 -3.055339
0.292857 0.454756 0.366368 0.424326 0.039415 0.001154 0.013881 -0.573884 1.280867 -2.550267
0.295238 0.454862 0.366389 0.424331 0.048699 0.009488 -0.000271 0.917134 0.223773 -0.928936
0.297619 0.454978 0.366427 0.424304 0.047981 0.020637 -0.017747 -0.822365 2.064794 -3.000093
0.300000 0.455071 0.366484 0.424248 0.036560 0.025372 -0.024165 -1.129242 1.370627 -1.487028
0.302381 0.455134 0.366544 0.424196 0.025094 0.027004 -0.025323 -0.664040 2.126813 -3.276319
0.304762 0.455172 0.366616 0.424135 0.009592 0.025895 -0.017755 -2.849623 -0.725398 1.515159
0.307143 0.455204 0.366669 0.424103 0.019685 0.023659 -0.015564 1.165504 1.343187 -2.124477
0.309524 0.455267 0.366726 0.424071 0.030764 0.027207 -0.016222 1.020249 2.407248 -2.586668
0.311905 0.455322 0.366798 0.424045 0.012401 0.030929 -0.001541 -4.388308 1.427277 2.459229
0.314286 0.455385 0.366885 0.424016 0.034504 0.036115 -0.016919 1.496966 0.697059 -1.960099
0.316667 0.455465 0.366986 0.423948 0.026022 0.047332 -0.035260 -3.317916 3.072523 -3.676383
0.319048 0.455498 0.367100 0.423857 0.004683 0.040602 -0.029624 -4.487999 -1.762895 2.612331
0.321429 0.455479 0.367178 0.423811 -0.006935 0.032967 -0.019012 -0.479962 0.770798 -0.548925
0.323810 0.455472 0.367257 0.423764 0.001175 0.035747 -0.024701 0.481176 1.790964 -2.879914
0.326190 0.455507 0.367357 0.423668 0.020512 0.046668 -0.050211 1.407426 2.783433 -4.816861
0.328571 0.455540 0.367473 0.423540 0.008377 0.043244 -0.046001 -2.067398 -1.417640 1.807364
0.330952 0.455558 0.367558 0.423461 0.006148 0.031849 -0.027158 -1.093625 -0.803226 1.349772
0.333333 0.455606 0.367637 0.423386 0.026103 0.034681 -0.033183 1.380588 0.745363 -1.035876
0.335714 0.455664 0.367727 0.423311 0.016165 0.039150 -0.029582 -3.182267 0.917060 0.125271
0.338095 0.455681 0.367843 0.423212 0.005591 0.050002 -0.045691 -0.864274 0.411310 -1.203716
0.340476 0.455706 0.367943 0.423127 0.028915 0.039827 -0.035904 8.268759 -0.241824 -1.422107
0.342857 0.455854 0.368029 0.423033 0.054612 0.035444 -0.036480 -2.816601 0.093998 0.917258
0.345238 0.455929 0.368105 0.422970 0.023443 0.033041 -0.025790 -1.120695 0.795929 -0.721667
0.347619 0.455947 0.368181 0.422925 -0.014342 0.025689 -0.006072 -8.912351 -2.390167 4.849888
0.350000 0.455827 0.368238 0.422939 -0.051269 0.026994 0.006041 -0.575911 0.838414 0.679305
0.352381 0.455725 0.368326 0.422930 -0.043588 0.043698 -0.010366 -2.663389 2.302408 -1.311493
0.354762 0.455656 0.368464 0.422860 -0.019469 0.065447 -0.040594 1.330662 2.999141 -3.138878
0.357143 0.455616 0.368614 0.422767 -0.021750 0.058704 -0.033893 -3.384266 -0.980434 1.816591
0.359524 0.455567 0.368745 0.422696 -0.014596 0.056589 -0.033480 1.187986 1.489294 -1.893823
0.361905 0.455569 0.368905 0.422578 0.005895 0.070454 -0.054739 0.917412 1.526658 -1.808192
0.364286 0.455535 0.369061 0.422476 -0.027020 0.066280 -0.039931 -5.031189 2.044938 -0.167965
0.366667 0.455454 0.369257 0.422347 -0.024512 0.084999 -0.059889 2.982759 1.480815 -2.314730
0.369048 0.455395 0.369446 0.422231 -0.028058 0.076231 -0.039695 -1.814594 0.327213 2.216401
0.371429 0.455346 0.369646 0.422126 -0.011210 0.090499 -0.051668 3.181783 3.258224 -2.958527
0.373810 0.455357 0.369869 0.421977 0.004587 0.092206 -0.064900 -0.714219 0.834917 -1.319517
0.376190 0.455355 0.370075 0.421848 -0.000973 0.082774 -0.047984 0.473709 -0.214253 1.159123
0.378571 0.455355 0.370256 0.421744 0.003542 0.074304 -0.043474 1.815855 0.398995 -0.347217
0.380952 0.455386 0.370438 0.421636 0.014863 0.077266 -0.046643 0.905153 0.608774 -0.415280
0.383333 0.455417 0.370623 0.421529 0.015768 0.080807 -0.049262 1.952473 1.971447 -2.562964
0.385714 0.455439 0.370831 0.421383 0.009398 0.088636 -0.063138 1.902546 1.103214 -0.989267
0.388095 0.455499 0.371062 0.421205 0.029308 0.101424 -0.080888 2.350013 2.409715 -3.146363
0.390476 0.455555 0.371288 0.421043 0.021654 0.090365 -0.060057 1.357303 -0.291253 0.986332
0.392857 0.455615 0.371526 0.420878 0.024995 0.103661 -0.071077 1.260172 1.915177 -1.059452
0.395238 0.455679 0.371788 0.420694 0.029816 0.114884 -0.081796 2.609504 2.796863 -2.469811
0.397619 0.455740 0.372066 0.420514 0.022286 0.115202 -0.070210 0.151317 0.783350 0.888852
0.400000 0.455785 0.372355 0.420347 0.014622 0.125478 -0.072975 -0.621434 2.585057 -2.042687
0.402381 0.455884 0.372649 0.420064 0.045582 0.119579 -0.131949 0.642292 -0.017276 -3.652181
0.404762 0.455952 0.372963 0.419771 0.021922 0.140637 -0.122986 -1.186273 4.286930 -2.090300
0.407143 0.456006 0.373318 0.419433 0.027022 0.158604 -0.179796 2.353015 5.592694 -17.860846
0.409524 0.456032 0.373700 0.419028 -0.000040 0.159240 -0.151408 -3.046351 1.904922 2.024301
0.411905 0.456033 0.374089 0.418743 0.000963 0.164370 -0.103106 -0.411826 2.349225 3.326549
0.414286 0.456051 0.374481 0.418540 0.011096 0.161883 -0.073289 0.553063 0.587916 3.806630
0.416667 0.456064 0.374828 0.418435 0.001519 0.137097 -0.027912 -1.552303 -1.572341 6.477852
0.419048 0.456080 0.375148 0.418400 0.014826 0.135474 -0.014275 2.779380 1.320543 1.916403
0.421429 0.456165 0.375487 0.418349 0.047961 0.147993 -0.030122 4.720950 2.743154 -1.081461
0.423810 0.456299 0.375856 0.418246 0.059091 0.159580 -0.051278 2.027909 2.469885 -1.201364
0.426190 0.456420 0.376241 0.418119 0.046049 0.161525 -0.052703 -0.307750 0.953322 1.312506
0.428571 0.456546 0.376636 0.417954 0.057549 0.170319 -0.077634 2.398163 2.430474 -1.610654
0.430952 0.456693 0.377057 0.417744 0.068204 0.182051 -0.096649 4.094160 3.276117 -2.808690
0.433333 0.456854 0.377500 0.417506 0.065225 0.191416 -0.104089 0.864054 4.080554 -2.550441
0.435714 0.456991 0.377983 0.417246 0.056084 0.202976 -0.110560 1.023049 1.445184 -1.523221
0.438095 0.457094 0.378430 0.417032 0.031241 0.177488 -0.074844 -3.644102 -1.953872 4.537242
0.440476 0.457152 0.378850 0.416850 0.028437 0.180310 -0.086264 2.137624 2.630283 -4.037908
0.442857 0.457271 0.379314 0.416578 0.049574 0.196772 -0.115185 -1.413348 1.096283 0.522097
0.445238 0.457378 0.379789 0.416318 0.054051 0.203014 -0.117201 4.481943 2.604944 -4.731030
0.447619 0.457553 0.380279 0.416017 0.072131 0.200242 -0.117467 -0.699816 -1.384160 2.910153
0.450000 0.457654 0.380705 0.415812 0.030716 0.169890 -0.073705 -3.180415 -2.390416 3.469606
0.452381 0.457691 0.381092 0.415675 0.009270 0.159767 -0.050634 -2.848106 -1.127929 2.876271
0.454762 0.457710 0.381478 0.415537 0.007925 0.162399 -0.059088 -1.471357 -0.785412 1.379443
0.457143 0.457713 0.381874 0.415398 -0.000158 0.167917 -0.059617 -1.725659 -0.073421 0.641547
0.459524 0.457715 0.382275 0.415267 0.003397 0.172828 -0.057150 -0.131854 1.543176 -0.263893
0.461905 0.457798 0.382758 0.415034 0.053655 0.220123 -0.123046 5.697989 6.167617 -8.600735
0.464286 0.457953 0.383305 0.414712 0.067970 0.233744 -0.138473 1.722612 3.123036 -3.189869
0.466667 0.458123 0.383910 0.414337 0.067025 0.263855 -0.166164 -0.702788 5.287343 -5.081852
0.469048 0.458312 0.384538 0.413936 0.085157 0.260892 -0.165698 2.538403 1.526253 -1.431704
0.471429 0.458518 0.385167 0.413537 0.090169 0.267364 -0.171379 3.321579 3.567146 -4.143444
0.473810 0.458748 0.385815 0.413124 0.093290 0.272118 -0.169733 0.316579 2.270681 -0.975412
0.476190 0.458944 0.386459 0.412731 0.070820 0.272116 -0.164809 -2.921710 3.249468 -2.705826
0.478571 0.459093 0.387118 0.412330 0.070369 0.280356 -0.173140 4.326453 3.899348 -4.227223
0.480952 0.459278 0.387785 0.411917 0.076547 0.275363 -0.167392 0.373556 0.520522 -0.007590
0.483333 0.459455 0.388421 0.411561 0.073986 0.262167 -0.141324 0.943162 0.137964 1.061250
0.485714 0.459671 0.389047 0.411213 0.096540 0.261710 -0.145906 2.633984 0.723025 -0.277640
0.488095 0.459873 0.389667 0.410887 0.070748 0.259594 -0.132308 -4.242475 0.658089 1.190737
0.490476 0.460057 0.390292 0.410557 0.090305 0.268066 -0.149058 5.121043 2.895426 -4.068580
0.492857 0.460282 0.390945 0.410188 0.101950 0.277037 -0.160496 4.285655 2.051994 -2.693711
0.495238 0.460535 0.391614 0.409800 0.112106 0.285090 -0.167238 3.830012 2.532992 -2.437661
0.497619 0.460778 0.392287 0.409429 0.091275 0.280934 -0.148423 -1.957673 0.699007 1.447720
0.500000 0.461000 0.392954 0.409082 0.096802 0.279180 -0.144762 2.138048 0.517869 -0.178984
0.502381 0.461203 0.393646 0.408693 0.077301 0.300296 -0.173877 -2.059947 4.257121 -3.444215
0.504762 0.461381 0.394359 0.408300 0.076559 0.296749 -0.160393 0.744840 0.390111 1.122085
0.507143 0.461610 0.395084 0.407892 0.108104 0.311668 -0.184867 3.990010 3.769139 -5.725045
0.509524 0.461841 0.395840 0.407409 0.088662 0.318942 -0.205974 -1.765985 1.778927 -1.741085
0.511905 0.462043 0.396578 0.406973 0.084605 0.305438 -0.176441 0.121846 0.159974 0.117479
0.514286 0.462238 0.397284 0.406566 0.081627 0.292968 -0.168951 -0.009839 -0.218086 -0.214213
0.516667 0.462425 0.398012 0.406107 0.076703 0.314279 -0.207639 -0.743488 3.801769 -5.802955
0.519048 0.462637 0.398777 0.405597 0.097633 0.321226 -0.215677 2.822422 0.991487 -2.190095
0.521429 0.462883 0.399575 0.405057 0.101933 0.341074 -0.231599 -0.292925 2.640675 -2.932197
0.523810 0.463114 0.400376 0.404522 0.089773 0.336988 -0.226578 -2.719604 2.245196 -3.262902
0.526190 0.463285 0.401179 0.403998 0.071508 0.335531 -0.212295 0.635968 0.754648 0.772883
0.528571 0.463477 0.401973 0.403491 0.077523 0.332555 -0.215437 -1.992067 0.909108 -1.941601
0.530952 0.463692 0.402773 0.402973 0.104687 0.339269 -0.223842 5.015808 2.271805 -3.541663
0.533333 0.463937 0.403566 0.402497 0.103049 0.333434 -0.189647 1.416211 1.659296 1.531578
0.535714 0.464246 0.404383 0.401991 0.137430 0.346487 -0.222380 2.745760 2.128839 -3.620818
0.538095 0.464569 0.405226 0.401434 0.133233 0.356170 -0.239769 0.388168 2.011730 -3.333431
0.540476 0.464904 0.406097 0.400815 0.154338 0.370503 -0.271560 6.318890 3.029912 -5.761878
0.542857 0.465251 0.406977 0.400192 0.139536 0.364396 -0.249620 -0.084945 -0.596967 2.258513
0.545238 0.465612 0.407833 0.399604 0.155407 0.361067 -0.251826 2.010099 1.891181 -3.105794
0.547619 0.465961 0.408682 0.399013 0.144842 0.350107 -0.239038 1.155624 -1.829448 3.108810
0.550000 0.466313 0.409501 0.398485 0.150152 0.349714 -0.232248 2.283462 3.254498 -5.753011
0.552381 0.466654 0.410387 0.397841 0.137938 0.383128 -0.289425 -0.108267 4.722960 -8.192059
0.554762 0.466940 0.411350 0.397070 0.102418 0.413482 -0.336550 -5.719061 4.780323 -7.320895
0.557143 0.467144 0.412356 0.396233 0.080296 0.424221 -0.354161 -2.238750 2.858167 -4.595395
0.559524 0.467323 0.413356 0.395423 0.067398 0.414673 -0.326870 -4.479368 0.184032 1.499891
0.561905 0.467509 0.414347 0.394627 0.091780 0.422016 -0.349471 3.062916 4.242461 -8.510031
0.564286 0.467729 0.415357 0.393785 0.089450 0.421196 -0.350472 -1.972389 0.996410 -2.135852
0.566667 0.467929 0.416350 0.392999 0.080014 0.417494 -0.325925 -2.191602 2.341430 -2.540426
0.569048 0.468134 0.417362 0.392185 0.082467 0.426380 -0.343494 -3.024389 2.198039 -2.595811
0.571429 0.468305 0.418366 0.391398 0.062928 0.414272 -0.314402 -4.575333 -1.136121 4.276986
0.573810 0.468465 0.419340 0.390684 0.072440 0.407843 -0.298765 -0.087565 0.681703 -0.391005
0.576190 0.468656 0.420323 0.389954 0.087780 0.417434 -0.318574 1.625167 2.300526 -5.007646
0.578571 0.468863 0.421324 0.389185 0.091825 0.420118 -0.325116 1.674976 0.703218 -1.861353
0.580952 0.469058 0.422311 0.388450 0.072133 0.411361 -0.300077 -3.865577 -0.193577 2.213519
0.583333 0.469221 0.423313 0.387688 0.066629 0.430043 -0.336238 -1.570327 4.037260 -6.015843
0.585714 0.469395 0.424389 0.386797 0.074718 0.456972 -0.383524 -0.662733 2.079989 -3.154048
0.588095 0.469598 0.425472 0.385894 0.093036 0.459858 -0.391506 2.219974 3.922540 -7.700418
0.590476 0.469762 0.426618 0.384903 0.058205 0.485366 -0.417342 -3.198804 2.641751 -2.389490
0.592857 0.469931 0.427766 0.383912 0.079569 0.479753 -0.414486 2.093609 1.309635 -2.166083
0.595238 0.470173 0.428898 0.382940 0.109224 0.471667 -0.399137 2.171681 0.397832 1.100755
0.597619 0.470441 0.430027 0.381990 0.111449 0.476272 -0.403466 -0.021641 2.141006 -3.281897
0.600000 0.470697 0.431170 0.381021 0.108332 0.483019 -0.413870 1.326765 2.790518 -4.834785
0.602381 0.470919 0.432312 0.380059 0.086999 0.479410 -0.403500 -0.983047 1.747718 -2.677163
0.604762 0.471119 0.433472 0.379064 0.081992 0.492069 -0.427682 -0.555094 3.222660 -5.315000
0.607143 0.471281 0.434629 0.378089 0.058029 0.480264 -0.396444 -3.994599 -0.263783 2.375976
0.609524 0.471388 0.435812 0.377067 0.038929 0.508655 -0.452913 -3.357926 5.524367 -9.746020
0.611905 0.471499 0.437052 0.375916 0.053044 0.520540 -0.488061 0.541289 1.313924 -3.460456
0.614286 0.471632 0.438279 0.374777 0.061083 0.514546 -0.480772 1.197111 1.629192 -4.231236
0.616667 0.471798 0.439523 0.373610 0.078680 0.531423 -0.506944 3.139626 5.315143 -10.553768
0.619048 0.472000 0.440816 0.372326 0.091927 0.545135 -0.551454 3.264114 2.775497 -8.429770
0.621429 0.472205 0.442131 0.370990 0.071944 0.554708 -0.566803 -5.247796 3.159257 -7.228603
0.623810 0.472342 0.443456 0.369604 0.053998 0.555941 -0.588875 -2.347030 2.008779 -7.491867
0.626190 0.472443 0.444785 0.368191 0.036859 0.557480 -0.591149 -3.287629 1.589574 -3.622683
0.628571 0.472487 0.446073 0.366895 0.009441 0.531625 -0.520507 -4.549972 -1.316795 3.743079
0.630952 0.472484 0.447327 0.365698 -0.006246 0.526790 -0.501852 -3.930650 1.315513 -1.898222
0.633333 0.472515 0.448594 0.364475 0.023641 0.533695 -0.523039 1.252636 1.355787 -4.930512
0.635714 0.472570 0.449877 0.363207 0.025689 0.539608 -0.536965 0.248852 0.978507 -3.248932
0.638095 0.472641 0.451176 0.361902 0.027090 0.549402 -0.560160 -2.328750 2.436381 -6.771946
0.640476 0.472723 0.452504 0.360501 0.038125 0.561287 -0.600709 -0.053590 2.396360 -6.644623
0.642857 0.472786 0.453866 0.359030 0.012639 0.576209 -0.629352 -6.228373 2.655720 -7.978313
0.645238 0.472804 0.455251 0.357463 0.015730 0.583005 -0.667026 1.773374 1.832440 -6.482623
0.647619 0.472945 0.456597 0.355819 0.072612 0.554537 -0.695198 2.515699 -2.108268 -4.750503
0.650000 0.473097 0.457930 0.354203 0.056808 0.561998 -0.672850 -1.952071 1.257004 -2.464842
0.652381 0.473151 0.459285 0.352628 0.000767 0.571864 -0.657608 -7.679943 1.507577 -2.678013
0.654762 0.473146 0.460655 0.351049 -0.001440 0.577242 -0.665415 -1.082217 1.875318 -3.624756
0.657143 0.473129 0.462088 0.349370 -0.019930 0.620742 -0.754390 -6.560441 8.289220 -22.854973
0.659524 0.473009 0.463537 0.347632 -0.068866 0.594059 -0.700580 -9.038836 -2.973812 4.407055
0.661905 0.472796 0.464900 0.346053 -0.092161 0.563327 -0.653511 -4.071763 -1.949908 -0.279920
0.664286 0.472611 0.466242 0.344432 -0.068682 0.562285 -0.690804 -0.505321 -0.472325 -4.373190
0.666667 0.472470 0.467582 0.342758 -0.063488 0.562274 -0.705102 -5.417320 -0.343352 -2.034166
0.669048 0.472254 0.468913 0.341130 -0.101188 0.554776 -0.670055 -6.592357 -1.919850 3.317735
0.671429 0.472003 0.470230 0.339516 -0.100807 0.554272 -0.691035 -1.488184 0.147830 -5.308223
0.673810 0.471771 0.471554 0.337832 -0.097921 0.557004 -0.717513 -3.302165 -0.015122 -4.793684
0.676190 0.471534 0.472885 0.336127 -0.100864 0.558797 -0.715781 -3.195834 -0.411640 -1.746088
0.678571 0.471337 0.474233 0.334361 -0.078176 0.569507 -0.754781 -1.417443 0.817553 -5.934829
0.680952 0.471136 0.475604 0.332499 -0.086400 0.576154 -0.795271 -2.154371 -0.061623 -7.240342
0.683333 0.470859 0.476972 0.330594 -0.144577 0.574066 -0.801587 -12.561308 0.221861 -4.466426
0.685714 0.470450 0.478339 0.328683 -0.180111 0.569591 -0.795963 -6.731356 -1.829433 -0.458124
0.688095 0.469991 0.479657 0.326842 -0.200478 0.547366 -0.763656 -7.122163 -2.101001 0.883951
0.690476 0.469468 0.480970 0.325012 -0.227630 0.551234 -0.772125 -7.243745 -0.821795 -2.214571
0.692857 0.468902 0.482279 0.323161 -0.240660 0.547876 -0.782561 -5.920747 -1.189910 -3.605708
0.695238 0.468355 0.483585 0.321246 -0.224374 0.546963 -0.808613 -3.220124 -1.404907 -2.261807
0.697619 0.467816 0.484884 0.319351 -0.225851 0.542480 -0.794021 -3.749832 -1.900747 -1.627714
0.700000 0.467276 0.486168 0.317474 -0.233260 0.536105 -0.781897 -6.775019 -1.974439 1.064643
0.702381 0.466662 0.487444 0.315592 -0.270599 0.533818 -0.791362 -8.407510 -1.743798 -0.084810
0.704762 0.466009 0.488712 0.313698 -0.275340 0.533946 -0.810822 -4.879476 -0.067104 -7.296373
0.707143 0.465354 0.489974 0.311748 -0.279334 0.525643 -0.810669 -6.218761 -2.315463 2.235212
0.709524 0.464624 0.491209 0.309881 -0.320334 0.514184 -0.776089 -8.607995 -2.365504 1.657482
0.711905 0.463829 0.492414 0.308058 -0.337989 0.500408 -0.763350 -6.174216 -3.038916 0.722268
0.714286 0.462997 0.493599 0.306236 -0.349562 0.494861 -0.769418 -3.768158 -2.611376 -1.456665
0.716667 0.462248 0.494784 0.304288 -0.298822 0.498034 -0.838414 0.935719 -1.522979 -6.011103
0.719048 0.461524 0.495974 0.302270 -0.308794 0.499225 -0.854905 -4.140795 -1.677740 -4.183921
0.721429 0.460761 0.497165 0.300257 -0.326111 0.501042 -0.851735 -4.634425 -0.826958 -5.333009
0.723810 0.459975 0.498339 0.298201 -0.336231 0.487555 -0.864359 -5.669459 -2.899929 -2.143527
0.726190 0.459127 0.499505 0.296110 -0.355796 0.487668 -0.888274 -1.313153 -2.180341 -6.133018
0.728571 0.458327 0.500643 0.294002 -0.331775 0.472127 -0.879799 -1.550339 -3.265869 -0.691039
0.730952 0.457476 0.501746 0.291981 -0.369284 0.457271 -0.832010 -5.366054 -3.782573 4.216264
0.733333 0.456542 0.502832 0.290044 -0.404244 0.457782 -0.815515 -6.609488 -0.948173 -1.929501
0.735714 0.455547 0.503922 0.288086 -0.423011 0.453169 -0.815543 -5.047113 -3.363908 3.403220
0.738095 0.454533 0.504991 0.286190 -0.422821 0.447087 -0.797034 -1.922080 -2.128515 -0.721903
0.740476 0.453540 0.506057 0.284252 -0.417924 0.446163 -0.819844 -3.558529 -2.073508 -0.903928
0.742857 0.452552 0.507114 0.282269 -0.412534 0.440571 -0.837748 -2.120420 -2.797411 -0.594666
0.745238 0.451548 0.508150 0.280288 -0.424327 0.433936 -0.834082 -2.781806 -1.528027 -1.135717
0.747619 0.450537 0.509198 0.278280 -0.433438 0.438604 -0.846889 -6.007418 -2.007749 -1.507107
0.750000 0.449448 0.510249 0.276194 -0.463755 0.440336 -0.885213 -4.368747 -1.852460 -2.783670
0.752381 0.448357 0.511276 0.274105 -0.460019 0.424673 -0.872628 -3.859593 -3.433547 0.444609
0.754762 0.447262 0.512266 0.272015 -0.462775 0.412952 -0.881970 -4.438763 -1.832084 -2.418314
0.757143 0.446115 0.513240 0.269942 -0.493150 0.399960 -0.853148 -7.214435 -5.255372 6.406315
0.759524 0.444900 0.514158 0.267970 -0.513942 0.379567 -0.823095 -4.634904 -4.099456 2.597739
0.761905 0.443660 0.515031 0.266059 -0.521722 0.361480 -0.799687 -3.675186 -3.692003 1.594994
0.764286 0.442449 0.515895 0.264105 -0.503997 0.360737 -0.829292 -2.294014 -3.307559 -0.759178
0.766667 0.441226 0.516751 0.262156 -0.515177 0.358127 -0.816046 -3.058418 -2.919205 1.519256
0.769048 0.439963 0.517604 0.260188 -0.541459 0.358571 -0.837007 -6.824646 -1.962665 -3.037703
0.771429 0.438632 0.518458 0.258188 -0.562360 0.355644 -0.835698 -4.204106 -3.084575 1.951730
0.773810 0.437265 0.519294 0.256261 -0.580365 0.348776 -0.804198 -5.525500 -2.385554 1.014020
0.776190 0.435875 0.520127 0.254322 -0.582727 0.347233 -0.814803 -2.716451 -2.614020 0.642136
0.778571 0.434555 0.520959 0.252278 -0.540609 0.348966 -0.879350 1.692675 -2.023772 -6.449221
0.780952 0.433280 0.521784 0.250187 -0.540216 0.345452 -0.877776 -3.923317 -1.344861 -1.939524
0.783333 0.431935 0.522607 0.248090 -0.571723 0.342551 -0.875326 -3.664937 -2.372105 1.060347
0.785714 0.430575 0.523413 0.245987 -0.564331 0.336133 -0.884773 0.794272 -2.015334 -0.872661
0.788095 0.429274 0.524198 0.243917 -0.537387 0.323864 -0.863227 1.924136 -3.072490 0.650537
0.790476 0.428021 0.524961 0.241857 -0.520126 0.318038 -0.862632 1.802574 -2.229305 1.321040
0.792857 0.426772 0.525691 0.239912 -0.524680 0.299557 -0.800626 1.233346 -3.532250 4.435414
0.795238 0.425609 0.526390 0.237960 -0.476479 0.290180 -0.822157 3.993999 -2.756112 2.018967
0.797619 0.424459 0.527060 0.236047 -0.486786 0.276844 -0.801659 0.640409 -3.072558 1.082450
0.800000 0.423251 0.527718 0.234175 -0.511117 0.273105 -0.769528 0.810015 -3.178289 7.533444
0.802381 0.422007 0.528347 0.232340 -0.527031 0.258038 -0.766297 -0.362334 -3.966101 4.828710
0.804762 0.420754 0.528954 0.230504 -0.523830 0.252767 -0.773947 1.347843 -2.714189 1.702553
0.807143 0.419508 0.529558 0.228608 -0.520347 0.252309 -0.808401 1.950938 -2.588068 -1.940058
0.809524 0.418218 0.530158 0.226713 -0.557683 0.250593 -0.787924 -4.878466 -2.485847 3.343056
0.811905 0.416915 0.530740 0.224825 -0.543460 0.239799 -0.791920 0.427546 -3.212223 1.751793
0.814286 0.415593 0.531306 0.222945 -0.564278 0.235898 -0.794015 -3.992848 -2.520332 -1.189914
0.816667 0.414152 0.531872 0.221052 -0.627372 0.237660 -0.790351 -9.722606 -1.731558 2.443599
0.819048 0.412628 0.532425 0.219187 -0.632944 0.227747 -0.777764 -0.235024 -3.075279 3.460783
0.821429 0.411114 0.532962 0.217361 -0.635462 0.223782 -0.764401 -2.132733 -2.227867 2.003178
0.823810 0.409589 0.533483 0.215552 -0.648965 0.215331 -0.762929 -6.434909 -2.603091 -0.028860
0.826190 0.408055 0.533987 0.213719 -0.637094 0.208131 -0.772076 -1.094914 -2.750826 0.494509
0.828571 0.406563 0.534468 0.211930 -0.620524 0.197298 -0.734512 -0.452306 -3.122047 7.564779
0.830952 0.405109 0.534926 0.210239 -0.607621 0.188955 -0.703847 -0.890078 -2.667047 4.404978
0.833333 0.403640 0.535362 0.208590 -0.623343 0.179364 -0.681144 -3.609423 -2.885049 7.304263
0.835714 0.402188 0.535796 0.206928 -0.600383 0.182218 -0.709047 1.703354 -1.745704 -0.098412
0.838095 0.400746 0.536221 0.205168 -0.619053 0.176794 -0.754269 -6.182507 -1.945611 -2.589170
0.840476 0.399144 0.536698 0.203114 -0.691019 0.206033 -0.903176 -6.722828 -0.983988 -9.180574
0.842857 0.397533 0.537150 0.201105 -0.670512 0.182252 -0.818069 -1.059533 -3.310255 6.034719
0.845238 0.395929 0.537548 0.199271 -0.669073 0.158759 -0.741640 -0.025622 -4.029797 9.764247
0.847619 0.394371 0.537901 0.197624 -0.647049 0.141520 -0.667638 1.102254 -3.834157 10.389196
0.850000 0.392903 0.538221 0.196146 -0.609749 0.131123 -0.612098 0.385729 -2.892513 5.165637
0.852381 0.391379 0.538530 0.194634 -0.656154 0.128477 -0.649393 -5.336776 -2.299664 -0.457795
0.854762 0.389821 0.538827 0.193078 -0.653928 0.122082 -0.653535 -1.052999 -2.793190 3.569442
0.857143 0.388252 0.539117 0.191517 -0.656185 0.119074 -0.659224 0.779040 -2.956246 2.258893
0.859524 0.386676 0.539386 0.189995 -0.668024 0.108477 -0.630184 -2.765467 -3.530968 6.157966
0.861905 0.385106 0.539636 0.188462 -0.654361 0.103257 -0.652850 0.592353 -2.583047 0.672936
0.864286 0.383550 0.539874 0.186912 -0.656587 0.097195 -0.648774 -1.956003 -2.742084 3.376433
0.866667 0.381958 0.540108 0.185376 -0.671633 0.098223 -0.643903 -1.763345 -1.914751 2.564729
0.869048 0.380344 0.540340 0.183817 -0.678704 0.095909 -0.655655 -1.087911 -2.041043 2.194510
0.871429 0.378711 0.540566 0.182243 -0.685893 0.094070 -0.657937 -0.702948 -1.653190 3.226219
0.873810 0.377105 0.540796 0.180646 -0.669738 0.096049 -0.678455 0.486309 -1.421769 -0.844925
0.876190 0.375508 0.541025 0.179010 -0.672601 0.095386 -0.691425 -1.216730 -1.480319 -0.746533
0.878571 0.373906 0.541249 0.177420 -0.673036 0.092104 -0.657032 -0.763064 -1.341622 3.006632
0.880952 0.372301 0.541464 0.175914 -0.671974 0.087648 -0.621896 0.728171 -1.632164 3.437222
0.883333 0.370713 0.541672 0.174406 -0.671549 0.087400 -0.635891 -2.569906 -0.549294 0.208051
0.885714 0.369086 0.541883 0.172930 -0.681616 0.087293 -0.607005 0.763331 -1.153804 4.889093
0.888095 0.367480 0.542087 0.171454 -0.676513 0.084479 -0.624344 -1.711197 -0.776605 0.113845
0.890476 0.365806 0.542287 0.169948 -0.715924 0.082956 -0.630897 -4.803933 -0.693473 2.383234
0.892857 0.364147 0.542479 0.168496 -0.685536 0.078592 -0.598495 2.297709 -1.111392 5.715682
0.895238 0.362575 0.542661 0.167089 -0.648999 0.075045 -0.589540 3.115517 -0.683611 2.925047
0.897619 0.361052 0.542829 0.165774 -0.634905 0.067254 -0.537794 2.491438 -1.433419 6.644616
0.900000 0.359555 0.542983 0.164509 -0.625643 0.062725 -0.533357 2.574693 -0.943935 1.600206
0.902381 0.358055 0.543133 0.163180 -0.639328 0.062388 -0.556708 -1.857547 -0.835179 4.969995
0.904762 0.356526 0.543271 0.161899 -0.651932 0.055310 -0.537000 -4.026845 -1.344950 2.453825
0.907143 0.354934 0.543403 0.160579 -0.672226 0.054921 -0.558455 -1.420052 -0.887363 2.063557
0.909524 0.353313 0.543529 0.159293 -0.687135 0.050616 -0.528754 -3.295568 -1.438844 5.917940
0.911905 0.351648 0.543639 0.158068 -0.693932 0.043044 -0.504421 1.832397 -1.748749 6.298777
0.914286 0.350018 0.543731 0.156876 -0.679482 0.036570 -0.503586 1.470202 -1.481419 1.619344
0.916667 0.348416 0.543818 0.155684 -0.670278 0.035347 -0.509930 0.864755 -1.485282 -2.239272
0.919048 0.346844 0.543899 0.154423 -0.654630 0.033357 -0.535703 1.620161 -0.935483 -0.469284
0.921429 0.345273 0.543979 0.153097 -0.661572 0.031437 -0.567641 -0.196827 -1.640971 -2.561392
0.923810 0.343702 0.544051 0.151764 -0.657479 0.028767 -0.556520 1.026174 -1.549020 1.075168
0.926190 0.342074 0.544110 0.150446 -0.698553 0.023395 -0.554641 -4.715757 -1.171957 -0.233113
0.928571 0.340391 0.544156 0.149178 -0.704490 0.015645 -0.525296 0.736029 -1.959872 1.888061
0.930952 0.338783 0.544166 0.147922 -0.646801 -0.008464 -0.547330 10.905014 -5.964188 -8.202110
0.933333 0.337262 0.544148 0.146637 -0.650726 -0.004533 -0.528352 -3.706961 -0.687929 3.076429
0.935714 0.335689 0.544161 0.145418 -0.659940 0.010665 -0.503234 1.258242 0.864354 2.962343
0.938095 0.334155 0.544212 0.144199 -0.643128 0.022214 -0.514980 0.610745 -0.681959 -0.169836
0.940476 0.332574 0.544256 0.142981 -0.669411 0.016612 -0.508670 0.080581 -0.760396 1.318172
0.942857 0.331010 0.544295 0.141793 -0.654063 0.014471 -0.495483 0.920592 -0.859920 2.079776
0.945238 0.329445 0.544328 0.140667 -0.662803 0.013668 -0.462920 -2.167649 -0.381384 4.391447
0.947619 0.327841 0.544353 0.139587 -0.673563 0.008904 -0.451330 0.032949 -0.680164 2.865901
0.950000 0.326240 0.544377 0.138499 -0.665278 0.010407 -0.468135 2.804543 -0.101126 -2.783232
0.952381 0.324670 0.544406 0.137314 -0.667089 0.010813 -0.506801 -3.846290 -0.770246 -1.648992
0.954762 0.323042 0.544427 0.136093 -0.682355 0.008687 -0.507654 1.232354 -0.019360 3.066824
0.957143 0.321479 0.544459 0.134976 -0.646348 0.014748 -0.454353 3.261647 0.582555 5.151724
0.959524 0.319944 0.544500 0.133961 -0.648649 0.018480 -0.408915 -1.387633 0.564396 8.368856
0.961905 0.318345 0.544537 0.133060 -0.676185 0.014209 -0.370495 -0.612717 0.042145 5.029660
0.964286 0.316725 0.544557 0.132145 -0.681957 0.005263 -0.384657 -0.512338 -0.536736 4.507810
0.966667 0.315073 0.544568 0.131254 -0.715410 -0.000185 -0.371511 -9.890415 -2.243432 5.135986
0.969048 0.313296 0.544534 0.130370 -0.742423 -0.015558 -0.390205 0.247876 -0.468627 -4.255866
0.971429 0.311549 0.544506 0.129370 -0.724602 -0.009355 -0.428335 1.692909 0.243056 -0.547399
0.973810 0.309906 0.544506 0.128312 -0.671005 0.004197 -0.443340 5.544081 1.308038 2.355880
0.976190 0.308376 0.544531 0.127283 -0.637354 0.010899 -0.431512 1.157796 -0.050400 0.491972
0.978571 0.306799 0.544539 0.126247 -0.666547 -0.000122 -0.437438 0.372072 -0.922255 -0.404601
0.980952 0.305218 0.544539 0.125304 -0.667062 -0.000363 -0.367342 -0.813248 -0.186340 10.705124
0.983333 0.303648 0.544530 0.124484 -0.659334 -0.006902 -0.341846 -0.383379 -1.223952 3.315744
0.985714 0.302037 0.544511 0.123728 -0.682513 -0.007933 -0.304938 -0.798174 -0.110221 6.970834
0.988095 0.300447 0.544489 0.122949 -0.669018 -0.012034 -0.342728 -0.906077 -1.144039 -2.231110
0.990476 0.298888 0.544463 0.122099 -0.647008 -0.010332 -0.355052 2.664644 -0.178124 3.063177
0.992857 0.297363 0.544437 0.121257 -0.637759 -0.010777 -0.348134 1.595904 -0.128666 4.723074
0.995238 0.295818 0.544410 0.120504 -0.653131 -0.012659 -0.309062 -0.385931 -0.563399 3.655963
0.997619 0.294247 0.544370 0.119774 -0.658670 -0.019294 -0.314127 1.388561 -0.977666 -1.176981
1.000000 0.292657 0.544323 0.119012 -0.676080 -0.020077 -0.320182 -2.518337 -0.631536 1.497132
1.002381 0.291043 0.544274 0.118232 -0.679464 -0.021605 -0.325333 -1.513037 -0.953000 2.518261
1.004762 0.289353 0.544206 0.117400 -0.720504 -0.031911 -0.354395 -4.280239 -1.569820 0.844231
1.007143 0.287644 0.544136 0.116591 -0.712500 -0.028755 -0.338568 0.420141 -0.593293 0.286033
1.009524 0.285965 0.544069 0.115820 -0.707693 -0.028136 -0.309882 -2.798366 -0.590681 5.574527
1.011905 0.284276 0.544008 0.115146 -0.702951 -0.024055 -0.261747 1.549066 0.240937 9.917617
1.014286 0.282623 0.543954 0.114574 -0.700356 -0.024091 -0.234040 -3.689911 -0.874162 5.757783
1.016667 0.280974 0.543897 0.114138 -0.684119 -0.024672 -0.162017 2.527972 -0.325159 10.491443
1.019048 0.279400 0.543844 0.113787 -0.653205 -0.021411 -0.137882 2.539722 0.283906 9.127730
1.021429 0.277806 0.543785 0.113435 -0.676317 -0.027301 -0.154070 -1.100769 -0.811148 4.318006
1.023810 0.276205 0.543717 0.113102 -0.674205 -0.030075 -0.137615 -0.651510 -0.752720 5.394712
1.026191 0.274606 0.543636 0.112775 -0.672018 -0.036811 -0.131294 -0.207052 -1.157229 7.872910
1.028571 0.272965 0.543548 0.112496 -0.691768 -0.037136 -0.110698 0.131491 -0.430722 7.333985
1.030952 0.271332 0.543452 0.112196 -0.685950 -0.041223 -0.136512 -0.608004 -0.588948 1.212299
1.033333 0.269667 0.543357 0.111824 -0.698476 -0.041447 -0.166112 0.459231 -1.043110 0.247428
1.035714 0.267974 0.543246 0.111427 -0.726529 -0.051228 -0.163157 -6.992489 -2.387068 3.587219
1.038095 0.266242 0.543113 0.111026 -0.719217 -0.056694 -0.170078 1.411425 -0.953386 1.773709
1.040476 0.264551 0.542980 0.110648 -0.706601 -0.056360 -0.151392 0.389473 -0.894430 3.788857
1.042857 0.262841 0.542843 0.110338 -0.723063 -0.057807 -0.113117 -1.463962 -0.738864 8.139576
1.045238 0.261200 0.542709 0.110102 -0.675493 -0.056453 -0.093733 3.872298 -0.614844 4.893194
1.047619 0.259615 0.542582 0.109887 -0.652147 -0.047155 -0.098263 6.907957 2.118629 -0.551877
1.050000 0.258089 0.542474 0.109724 -0.643418 -0.049025 -0.052885 0.585512 -1.412815 7.068383
1.052381 0.256497 0.542338 0.109568 -0.684872 -0.061655 -0.071238 -4.047534 -1.821980 1.648516
1.054762 0.254893 0.542198 0.109418 -0.664770 -0.056628 -0.051692 3.711029 0.372444 7.187953
1.057143 0.253335 0.542071 0.109323 -0.653410 -0.052527 -0.033390 1.394584 -0.075373 5.956707
1.059524 0.251723 0.541931 0.109309 -0.686761 -0.061771 0.007823 -1.188355 -0.751793 8.943953
1.061905 0.250142 0.541793 0.109423 -0.655122 -0.059163 0.060430 3.260244 -0.952990 8.422561
1.064286 0.248657 0.541664 0.109590 -0.599430 -0.046997 0.070182 10.683964 2.554554 5.239527
1.066667 0.247249 0.541551 0.109793 -0.590930 -0.049398 0.096823 3.818787 -0.102500 9.471364
1.069048 0.245806 0.541420 0.110026 -0.617770 -0.058769 0.093647 -0.807400 -1.116664 4.223042
1.071429 0.244301 0.541270 0.110238 -0.638520 -0.065689 0.097570 -0.347715 -1.076343 9.341403
1.073810 0.242800 0.541112 0.110468 -0.627953 -0.066475 0.092620 1.355109 -0.437374 4.738471
1.076190 0.241333 0.540961 0.110743 -0.602912 -0.061317 0.118983 6.175693 0.390515 4.913872
1.078571 0.239938 0.540825 0.111035 -0.576467 -0.054785 0.130848 5.643665 0.995021 8.024240
1.080952 0.238601 0.540703 0.111379 -0.554061 -0.049702 0.149606 5.547791 0.775984 6.858608
1.083333 0.237235 0.540581 0.111770 -0.589600 -0.053762 0.162007 -2.659505 -0.449611 3.112988
1.085714 0.235799 0.540455 0.112139 -0.607602 -0.051683 0.158704 -0.069020 0.507899 6.167562
1.088095 0.234296 0.540320 0.112544 -0.636753 -0.057994 0.177432 -0.320597 -0.071288 6.852258
1.090476 0.232745 0.540168 0.112958 -0.675109 -0.071329 0.162426 -10.009984 -2.902937 -0.627737
1.092857 0.231162 0.540005 0.113358 -0.648651 -0.064800 0.175324 4.118038 0.868885 5.520757
1.095238 0.229716 0.539873 0.113812 -0.581048 -0.051457 0.192453 9.099827 1.260648 2.993247
1.097619 0.228438 0.539772 0.114333 -0.510980 -0.034846 0.235346 11.804304 3.594532 8.208704
1.100000 0.227328 0.539721 0.114899 -0.459152 -0.022780 0.250700 5.371739 0.242578 9.625485
1.102381 0.226179 0.539637 0.115554 -0.495011 -0.042174 0.283550 0.990754 -1.126422 7.434851
1.104762 0.224971 0.539518 0.116293 -0.507022 -0.051413 0.323522 4.438953 0.282116 9.475269
1.107143 0.223774 0.539393 0.117046 -0.508640 -0.056013 0.310291 0.399162 -1.384200 4.093851
1.109524 0.222568 0.539255 0.117788 -0.501940 -0.058991 0.313513 4.514393 -0.297706 5.527696
1.111905 0.221384 0.539113 0.118571 -0.496129 -0.060638 0.342561 3.358274 -0.635784 9.757044
1.114286 0.220251 0.538975 0.119399 -0.466135 -0.057122 0.355157 6.013137 0.168620 8.604622
1.116667 0.219150 0.538847 0.120305 -0.465251 -0.052402 0.390727 1.656474 0.323204 8.608770
1.119048 0.217985 0.538713 0.121230 -0.500085 -0.059074 0.388518 -1.037696 -1.055152 5.878732
1.121429 0.216779 0.538575 0.122125 -0.505833 -0.056568 0.367859 1.587218 0.127057 2.482688
1.123810 0.215640 0.538453 0.123002 -0.444004 -0.048392 0.355345 15.798052 1.058923 -2.786923
1.126190 0.214745 0.538349 0.123782 -0.376722 -0.041595 0.330480 0.989660 0.914296 4.111302
1.128571 0.213839 0.538266 0.124633 -0.380459 -0.032133 0.369381 3.983966 1.224936 5.756754
1.130952 0.212932 0.538198 0.125622 -0.386489 -0.029007 0.435935 0.891235 0.294843 9.326704
1.133333 0.212034 0.538114 0.126675 -0.362947 -0.036191 0.442398 8.229419 0.660687 4.153990
1.135714 0.211161 0.538033 0.127716 -0.362175 -0.030818 0.437576 6.854848 2.045079 4.748451
1.138095 0.210311 0.537972 0.128811 -0.359760 -0.025649 0.467715 2.792971 0.723125 5.904064
1.140476 0.209460 0.537915 0.129922 -0.345509 -0.021140 0.463691 8.575742 2.070249 2.420482
1.142857 0.208685 0.537877 0.131083 -0.319664 -0.015239 0.510136 5.621503 1.142445 11.737464
1.145238 0.207916 0.537837 0.132346 -0.321759 -0.017464 0.541731 5.127702 1.116745 8.856494
1.147619 0.207186 0.537813 0.133648 -0.297673 -0.005942 0.554416 7.173760 2.372824 8.963060
1.150000 0.206523 0.537809 0.135036 -0.270403 -0.000877 0.588319 6.924482 1.459844 6.839130
1.152381 0.205899 0.537810 0.136468 -0.257291 0.000480 0.609154 6.047736 1.284693 8.407353
1.154762 0.205315 0.537824 0.137899 -0.236886 0.008349 0.595614 7.141542 1.935063 3.660801
1.157143 0.204765 0.537849 0.139231 -0.223575 0.011518 0.549409 7.422067 1.835960 2.382165
1.159524 0.204252 0.537875 0.140575 -0.209306 0.010470 0.572985 7.194405 1.250508 6.325480
1.161905 0.203774 0.537901 0.141939 -0.198845 0.010257 0.567622 5.597883 1.006296 1.456589
1.164286 0.203337 0.537933 0.143319 -0.176385 0.014677 0.580173 6.958276 1.592052 2.117152
1.166667 0.202945 0.537970 0.144703 -0.164721 0.014486 0.578917 4.260676 0.637754 0.979410
1.169048 0.202559 0.538009 0.146079 -0.154453 0.017880 0.577297 7.756421 1.788424 1.966442
1.171429 0.202257 0.538070 0.147462 -0.113002 0.029893 0.578098 9.618023 2.552987 0.899473
1.173810 0.201992 0.538144 0.148824 -0.112380 0.030537 0.564051 5.385215 1.194132 -1.458361
1.176190 0.201770 0.538227 0.150219 -0.083241 0.036315 0.599228 8.324490 1.776864 5.132058
1.178571 0.201600 0.538310 0.151708 -0.064578 0.033718 0.635532 7.654786 0.753995 4.546522
1.180952 0.201453 0.538384 0.153258 -0.059059 0.029346 0.660184 6.545813 0.320995 5.185826
1.183333 0.201305 0.538446 0.154812 -0.064722 0.022505 0.652015 3.828512 -0.516629 2.530439
1.185714 0.201120 0.538486 0.156325 -0.085462 0.013331 0.629276 1.315061 -0.996870 0.120514
1.188095 0.200888 0.538502 0.157811 -0.098812 0.003617 0.624990 2.710423 -1.095846 2.172163
1.190476 0.200690 0.538503 0.159368 -0.076375 -0.001174 0.660394 4.257127 -0.933263 2.626231
1.192857 0.200521 0.538496 0.160914 -0.069497 -0.004968 0.645270 2.885024 -1.325812 0.406598
1.195238 0.200390 0.538493 0.162392 -0.043269 -0.000168 0.611928 6.276272 -0.400785 -0.994106
1.197619 0.200303 0.538484 0.163920 -0.035999 -0.005496 0.651958 2.424119 -1.254267 3.232263
1.200000 0.200199 0.538451 0.165484 -0.043504 -0.020826 0.677061 2.450685 -3.912926 11.087639
1.202381 0.200106 0.538370 0.167250 -0.031950 -0.033554 0.744912 4.659314 -1.025873 2.264052
1.204762 0.200032 0.538298 0.168985 -0.035471 -0.029739 0.716007 0.124309 -1.450708 -1.412689
1.207143 0.200021 0.538266 0.170588 0.019197 -0.003794 0.650753 10.304436 2.287020 -5.535593
1.209524 0.200140 0.538284 0.172130 0.064411 0.011460 0.657215 8.550071 1.029683 4.245321
1.211905 0.200363 0.538332 0.173731 0.108399 0.024628 0.676100 9.604100 1.843520 2.099397
1.214286 0.200674 0.538401 0.175361 0.138893 0.029735 0.686552 8.037809 1.043696 1.539444
1.216667 0.201038 0.538489 0.176993 0.160852 0.040167 0.675807 8.726705 2.210066 -3.381714
1.219048 0.201417 0.538581 0.178607 0.160667 0.036749 0.693994 7.300344 0.568954 7.322492
1.221429 0.201832 0.538664 0.180331 0.179452 0.033432 0.726517 7.590560 0.712735 1.358780
1.223809 0.202271 0.538751 0.182014 0.193390 0.039195 0.701414 9.811799 2.124910 0.413437
1.226190 0.202726 0.538841 0.183617 0.179390 0.032152 0.657773 1.261912 -1.002993 -4.195515
1.228571 0.203156 0.538911 0.185183 0.187445 0.030113 0.660793 7.074983 1.235509 0.505987
1.230952 0.203649 0.539002 0.186740 0.214374 0.040114 0.646117 6.568010 1.259318 -3.253757
1.233333 0.204175 0.539100 0.188273 0.228658 0.043613 0.641461 7.567677 1.968552 -1.953846
1.235714 0.204722 0.539199 0.189813 0.225185 0.038898 0.647823 2.540732 -0.022775 -1.203147
1.238095 0.205181 0.539263 0.191370 0.178277 0.020201 0.660300 -0.745300 -1.560919 1.427489
1.240476 0.205644 0.539314 0.192971 0.198134 0.021392 0.667612 2.285996 0.015905 -3.494592
1.242857 0.206138 0.539366 0.194541 0.217107 0.020768 0.660765 5.248810 -0.324580 -0.176139
1.245238 0.206714 0.539434 0.196038 0.255673 0.032145 0.613315 6.880842 1.239587 -5.411435
1.247619 0.207364 0.539523 0.197479 0.283173 0.040694 0.599981 6.455358 1.594658 -4.188160
1.250000 0.208042 0.539614 0.198944 0.290664 0.036304 0.628299 5.911966 0.024067 2.363272
1.252381 0.208723 0.539691 0.200478 0.288352 0.030086 0.653250 5.228486 -0.176515 2.245862
1.254762 0.209458 0.539763 0.202066 0.311567 0.028195 0.666371 3.520983 -0.633858 -1.222919
1.257143 0.210227 0.539832 0.203634 0.323885 0.023809 0.669276 2.767482 -2.786577 5.747483
1.259524 0.210987 0.539860 0.205258 0.320196 0.012355 0.661422 3.282140 0.016737 -7.919046
1.261905 0.211743 0.539881 0.206809 0.321286 0.007829 0.649913 4.376336 -0.719645 -0.789709
1.264286 0.212511 0.539903 0.208331 0.328206 0.009914 0.637300 4.851213 -0.261844 -0.571252
1.266667 0.213312 0.539940 0.209804 0.345776 0.021250 0.606334 6.515132 1.924050 -4.778141
1.269048 0.214176 0.540027 0.211167 0.363548 0.040420 0.556594 2.089937 0.889698 -6.430219
1.271429 0.215026 0.540132 0.212448 0.361447 0.049186 0.520313 4.759062 2.686957 -9.776667
1.273810 0.215896 0.540251 0.213667 0.361234 0.045153 0.519715 0.429590 -0.970130 -1.046075
1.276191 0.216746 0.540348 0.214914 0.365292 0.041257 0.519355 5.704764 1.291579 -5.948240
1.278571 0.217714 0.540466 0.216189 0.426919 0.050970 0.551196 9.612636 1.097097 2.061719
1.280952 0.218784 0.540588 0.217520 0.457391 0.049744 0.563051 6.642199 0.277264 -0.802779
1.283333 0.219931 0.540715 0.218824 0.489503 0.052816 0.543520 6.477475 0.392622 -2.834745
1.285714 0.221038 0.540821 0.220102 0.449667 0.037820 0.537195 -0.395680 -1.616141 -1.670232
1.288095 0.222095 0.540887 0.221411 0.437986 0.020919 0.557259 0.331213 -2.302992 0.754696
1.290476 0.223086 0.540909 0.222775 0.417463 0.006560 0.578770 3.814183 -0.992316 0.700857
1.292857 0.224067 0.540923 0.224079 0.401183 0.003906 0.526983 -2.734842 -1.547382 -8.145470
1.295238 0.225002 0.540935 0.225251 0.395801 0.005972 0.481636 2.038254 -0.452294 -5.024626
1.297619 0.225950 0.540942 0.226416 0.399140 0.001518 0.488401 0.550465 -1.164126 -3.841643
1.300000 0.226925 0.540955 0.227546 0.420660 0.008235 0.472050 4.066308 0.006796 -3.174649
1.302381 0.227923 0.540973 0.228639 0.417585 0.006863 0.450319 -0.049776 -0.794606 -5.848672
1.304762 0.228902 0.540992 0.229667 0.408428 0.008391 0.423259 -0.667650 -0.353617 -6.151300
1.307143 0.229897 0.541019 0.230666 0.419805 0.010145 0.421999 -0.066969 -1.045665 -2.507222
1.309524 0.230906 0.541048 0.231644 0.426143 0.014514 0.398061 0.580835 0.250679 -8.169036
1.311905 0.231935 0.541088 0.232561 0.436508 0.016422 0.383528 1.623191 -0.318377 -4.114874
1.314286 0.232944 0.541109 0.233492 0.418891 0.004427 0.396589 -1.099326 -1.658311 -1.695357
1.316667 0.233915 0.541106 0.234450 0.399563 -0.004156 0.403036 -3.056614 -1.407951 -2.719888
1.319048 0.234851 0.541104 0.235320 0.382171 0.001757 0.334532 -5.870434 0.349280 -14.628589
1.321429 0.235718 0.541120 0.236022 0.367947 0.010415 0.281919 0.456404 1.251164 -9.012729
1.323810 0.236625 0.541148 0.236721 0.385844 0.011417 0.295170 -0.423799 0.188655 -6.366198
1.326190 0.237547 0.541185 0.237342 0.390689 0.018237 0.245783 0.209398 1.198827 -10.436816
1.328571 0.238514 0.541248 0.237883 0.407112 0.034061 0.203663 -1.612160 3.615332 -16.188850
1.330952 0.239459 0.541334 0.238346 0.404085 0.034715 0.197876 3.274764 0.648374 -6.369599
1.333333 0.240504 0.541410 0.238832 0.449840 0.027709 0.215940 3.153486 -0.992089 -0.986988
1.335714 0.241569 0.541460 0.239401 0.445522 0.018793 0.240298 0.237224 -0.306539 -5.391571
1.338095 0.242626 0.541495 0.239953 0.445604 0.012771 0.237942 1.596027 -0.420540 -0.573715
1.340476 0.243663 0.541514 0.240541 0.430192 0.006040 0.245001 -0.790534 -0.734325 -3.632523
1.342857 0.244691 0.541520 0.241113 0.433394 0.004294 0.227812 1.306562 0.806046 -7.817765
1.345238 0.245725 0.541541 0.241634 0.434510 0.009065 0.212423 0.882859 0.168782 -6.020786
1.347619 0.246790 0.541587 0.242044 0.453123 0.024852 0.150335 2.461297 1.902103 -11.154692
1.350000 0.247877 0.541652 0.242387 0.459252 0.026606 0.147679 2.131819 0.240600 -2.898378
1.352381 0.248882 0.541706 0.242692 0.400280 0.022553 0.107038 -5.806272 0.662146 -12.150935
1.354762 0.249800 0.541753 0.242903 0.372465 0.017436 0.079956 -5.738729 -0.116317 -8.992555
1.357143 0.250683 0.541817 0.243011 0.376669 0.032320 0.026571 1.178152 2.504245 -12.381136
1.359524 0.251631 0.541920 0.243004 0.400074 0.045593 -0.014992 -1.060201 1.463631 -11.054146
1.361905 0.252510 0.542029 0.242895 0.330688 0.043689 -0.079210 -16.377308 0.092041 -21.145262
1.364286 0.253347 0.542146 0.242733 0.374948 0.051585 -0.048551 5.013580 1.702314 -2.086625
1.366667 0.254319 0.542255 0.242744 0.424739 0.042392 0.030995 5.199376 -0.049872 2.467917
1.369048 0.255440 0.542363 0.242872 0.485736 0.045198 0.060451 4.969334 0.645577 -1.688075
1.371429 0.256601 0.542463 0.243053 0.484832 0.039187 0.082635 1.109285 -0.308196 -0.458239
1.373810 0.257787 0.542577 0.243184 0.505302 0.052446 0.041876 4.921388 1.863815 -5.406361
1.376190 0.259023 0.542724 0.243229 0.524783 0.067194 0.003448 5.212314 3.139848 -8.108011
1.378571 0.260279 0.542925 0.243101 0.522367 0.086015 -0.067123 1.439591 1.330229 -6.566466
1.380952 0.261463 0.543106 0.242931 0.488755 0.071132 -0.073769 0.788505 0.075348 -5.043453
1.383333 0.262601 0.543263 0.242772 0.467860 0.062644 -0.067715 -1.822400 -0.122208 -5.319301
1.385714 0.263681 0.543421 0.242531 0.446332 0.068272 -0.115154 -2.212552 1.201765 -8.269341
1.388095 0.264667 0.543572 0.242208 0.410343 0.062917 -0.146279 -0.306334 1.027255 -8.720387
1.390476 0.265595 0.543731 0.241839 0.382587 0.068558 -0.163975 -2.432480 1.307597 -9.060862
1.392857 0.266482 0.543904 0.241367 0.357894 0.081938 -0.238642 -7.478600 4.596554 -22.479731
1.395238 0.267376 0.544108 0.240770 0.389831 0.083278 -0.236242 2.152161 0.312012 -1.895512
1.397619 0.268372 0.544302 0.240287 0.433242 0.081063 -0.201333 3.801849 0.871970 -7.180982
1.400000 0.269479 0.544489 0.239841 0.479980 0.076505 -0.180222 4.968233 0.002120 -3.607451
1.402381 0.270611 0.544653 0.239409 0.462365 0.063557 -0.182271 -4.538719 -1.630376 -4.342587
1.404762 0.271728 0.544793 0.238991 0.478484 0.058701 -0.173793 3.208508 -0.103920 -2.753090
1.407143 0.272879 0.544933 0.238590 0.492124 0.060421 -0.171649 4.669833 0.478775 -3.757316
1.409524 0.274048 0.545074 0.238185 0.483890 0.057210 -0.171935 -0.975510 -0.831678 -3.083007
1.411905 0.275226 0.545227 0.237714 0.500318 0.067658 -0.210997 2.968716 0.692184 -6.225368
1.414286 0.276436 0.545404 0.237151 0.509477 0.076137 -0.244605 2.106787 0.383843 -4.553822
1.416667 0.277677 0.545606 0.236518 0.539459 0.095059 -0.296814 9.538419 4.415578 -16.173382
1.419048 0.278923 0.545831 0.235701 0.518334 0.088552 -0.356940 3.270207 -1.668942 -10.427862
1.421429 0.280232 0.546024 0.234807 0.545564 0.079621 -0.363205 -0.342384 -0.019468 -0.804166
1.423810 0.281433 0.546224 0.233926 0.482384 0.086374 -0.376090 -5.228757 1.078328 -7.888474
1.426190 0.282443 0.546438 0.233001 0.382932 0.087057 -0.396919 -16.845461 -0.970911 -10.228925
1.428571 0.283227 0.546634 0.231961 0.344035 0.085167 -0.441459 3.618108 1.681652 -7.373038
1.430952 0.284132 0.546854 0.230986 0.397236 0.095527 -0.391585 2.071089 1.417366 -0.839213
1.433333 0.285264 0.547088 0.230143 0.512814 0.099898 -0.343346 9.044383 1.277995 -2.540380
1.435714 0.286333 0.547320 0.229219 0.422900 0.094848 -0.402100 -6.884746 -0.102653 -6.567733
1.438095 0.287373 0.547542 0.228278 0.446426 0.091679 -0.391497 2.136618 -0.067622 -1.925693
1.440476 0.288461 0.547747 0.227437 0.463387 0.085161 -0.346307 1.872534 0.282547 -1.844054
1.442857 0.289605 0.547948 0.226615 0.485357 0.084671 -0.342674 1.619339 0.323142 -0.764014
1.445238 0.290762 0.548149 0.225782 0.484918 0.081866 -0.347228 0.008014 -0.825073 0.546599
1.447619 0.291869 0.548342 0.224886 0.457878 0.080261 -0.390542 -1.334302 -0.401228 -4.924726
1.450000 0.292973 0.548530 0.223945 0.466123 0.078432 -0.397805 0.635977 -0.349555 -2.497819
1.452381 0.294087 0.548724 0.222947 0.465964 0.082756 -0.433425 -0.726329 0.378793 -6.526948
1.454762 0.295173 0.548928 0.221862 0.450463 0.086284 -0.470241 -1.779700 0.111608 -8.643061
1.457143 0.296228 0.549138 0.220656 0.438256 0.088013 -0.514631 -2.237897 -0.140795 -6.273518
1.459524 0.297226 0.549343 0.219419 0.418665 0.084937 -0.521919 -0.049931 -0.256535 -5.853488
1.461905 0.298276 0.549550 0.218136 0.447862 0.086886 -0.542913 0.966389 -0.156515 -6.154566
1.464286 0.299351 0.549760 0.216830 0.453903 0.088499 -0.549026 0.804722 0.132411 -4.894079
1.466667 0.300426 0.549978 0.215511 0.447059 0.092040 -0.560747 -1.817407 0.173291 -7.098741
1.469048 0.301459 0.550194 0.214140 0.424806 0.089454 -0.586048 -4.020163 -0.326174 -8.393418
1.471429 0.302426 0.550397 0.212753 0.396811 0.080822 -0.577866 -4.426879 -1.695013 -3.356410
1.473809 0.303398 0.550581 0.211443 0.413549 0.076376 -0.535439 -0.874331 -0.517129 1.353358
1.476190 0.304387 0.550761 0.210201 0.425828 0.074582 -0.520929 2.824155 -0.620967 -2.330191
1.478571 0.305401 0.550933 0.208978 0.420790 0.069650 -0.514904 -3.064147 -1.135765 -2.940226
1.480952 0.306401 0.551103 0.207655 0.424677 0.072028 -0.576174 0.649188 -0.544160 -7.903486
1.483333 0.307406 0.551269 0.206284 0.423472 0.067691 -0.571518 0.067578 -1.129453 -0.689785
1.485714 0.308384 0.551430 0.204873 0.408857 0.068286 -0.611293 -0.450986 -0.308815 -8.700370
1.488095 0.309361 0.551597 0.203349 0.412851 0.072489 -0.662265 0.883819 0.581129 -11.838929
1.490476 0.310359 0.551777 0.201737 0.421293 0.075822 -0.680510 0.070624 -0.302066 -6.197209
1.492857 0.311364 0.551968 0.200118 0.417333 0.079833 -0.680101 -2.777107 -0.607226 -4.944901
1.495238 0.312332 0.552145 0.198480 0.407508 0.071825 -0.689595 -0.015822 -0.906899 -4.518940
1.497619 0.313313 0.552315 0.196830 0.413332 0.071570 -0.700265 -0.352817 -0.312566 -7.413368
1.500000 0.314265 0.552488 0.195064 0.395826 0.072204 -0.763740 -1.696616 -0.294363 -12.471987
1.502381 0.315113 0.552652 0.193216 0.335862 0.065427 -0.781349 -7.840158 -1.642489 -8.640519
1.504762 0.315910 0.552803 0.191333 0.330804 0.062610 -0.788733 -5.321068 -0.618815 -5.016167
1.507143 0.316719 0.552960 0.189424 0.357241 0.065628 -0.819100 2.894969 -0.572085 -12.645776
1.509524 0.317543 0.553115 0.187444 0.344545 0.064445 -0.830876 -1.822890 -0.560901 -6.117400
1.511905 0.318355 0.553268 0.185476 0.339010 0.062774 -0.824553 -2.831121 -0.893891 -5.303765
1.514286 0.319174 0.553406 0.183539 0.351186 0.054015 -0.801352 0.547236 -1.772875 -0.048045
1.516667 0.320041 0.553516 0.181690 0.374747 0.042203 -0.769042 2.314298 -1.880820 -0.997082
1.519048 0.320904 0.553615 0.179842 0.360001 0.041574 -0.790514 -0.772519 -0.790648 -7.989404
1.521429 0.321757 0.553716 0.177937 0.359336 0.042174 -0.795286 -0.488634 -1.008075 -0.560878
1.523810 0.322603 0.553808 0.176053 0.357643 0.036061 -0.790328 0.656635 -1.541850 -1.671047
1.526191 0.323450 0.553886 0.174176 0.351749 0.029574 -0.784644 -2.047525 -1.894340 0.363079
1.528571 0.324268 0.553950 0.172307 0.338796 0.024558 -0.788975 -2.463835 -1.790505 -2.463371
1.530952 0.325078 0.554006 0.170371 0.339900 0.022164 -0.822752 -1.334292 -1.568625 -3.952874
1.533333 0.325815 0.554054 0.168421 0.294722 0.019670 -0.817245 -6.065972 -0.949933 -1.011461
1.535714 0.326476 0.554098 0.166497 0.270743 0.016495 -0.798267 -4.566326 -1.585340 2.800130
1.538095 0.327141 0.554139 0.164670 0.294023 0.017326 -0.745851 2.968308 -0.691214 8.129285
1.540476 0.327851 0.554182 0.162821 0.300012 0.017614 -0.813717 -0.826653 -0.931275 -12.907766
1.542857 0.328554 0.554223 0.160816 0.286534 0.015592 -0.836300 -5.466062 -1.287459 2.083873
1.545238 0.329161 0.554254 0.158853 0.242438 0.010388 -0.819189 -6.930699 -1.556184 1.302947
1.547619 0.329851 0.554245 0.156684 0.315157 -0.009744 -0.948086 3.850724 -2.556987 -10.291784
1.550000 0.330506 0.554225 0.154523 0.251186 -0.009727 -0.887972 -9.886662 -1.495807 3.189430
1.552381 0.331018 0.554214 0.152479 0.195154 -0.005177 -0.847201 -10.300199 -1.541152 1.754062
1.554762 0.331489 0.554202 0.150511 0.203194 -0.005169 -0.814036 -2.972984 -0.721029 3.653751
1.557143 0.331944 0.554191 0.148627 0.189323 -0.005498 -0.782375 -3.874294 -0.724076 2.880440
1.559524 0.332382 0.554177 0.146698 0.186899 -0.007065 -0.831118 -2.296625 -0.993556 -6.469929
1.561905 0.332830 0.554158 0.144737 0.186113 -0.007892 -0.803213 -4.142593 -0.329865 7.986016
1.564286 0.333288 0.554150 0.142846 0.197561 -0.004137 -0.801311 -1.428259 -0.655274 -1.826104
1.566667 0.333751 0.554122 0.140836 0.183508 -0.015967 -0.872202 -7.640862 -1.852167 -9.644252
1.569048 0.334087 0.554076 0.138663 0.120909 -0.022188 -0.932930 -10.624766 -1.555956 -9.328789
1.571429 0.334334 0.554017 0.136373 0.095955 -0.026593 -0.976471 -8.218412 -1.513336 -9.631194
1.573810 0.334591 0.553955 0.134006 0.128663 -0.027944 -0.997840 2.838027 -1.671401 -6.420945
1.576190 0.334952 0.553878 0.131642 0.156747 -0.035496 -0.975281 -1.952843 -1.978106 2.297785
1.578571 0.335290 0.553788 0.129412 0.135415 -0.040327 -0.915325 -4.406391 -1.806924 4.510289
1.580952 0.335592 0.553686 0.127265 0.114199 -0.046077 -0.904462 -7.646234 -2.125921 -2.549346
1.583333 0.335815 0.553567 0.125131 0.084462 -0.052163 -0.896235 -6.515652 -1.694353 -1.622605
1.585714 0.336015 0.553442 0.122975 0.082445 -0.054541 -0.918037 -4.432881 -1.870062 -5.963980
1.588095 0.336171 0.553312 0.120720 0.067871 -0.054785 -0.951675 -1.408517 -1.159595 -1.906585
1.590476 0.336347 0.553182 0.118474 0.072369 -0.056336 -0.950196 -3.760440 -1.683553 -4.650230
1.592857 0.336558 0.553046 0.116194 0.092090 -0.058808 -0.963984 -2.419493 -1.587827 -3.995240
1.595238 0.336834 0.552905 0.113936 0.133577 -0.060057 -0.933045 4.249623 -0.926088 4.474199
1.597619 0.337172 0.552774 0.111834 0.146173 -0.053317 -0.854732 2.003686 -0.043022 9.664173
1.600000 0.337540 0.552647 0.109827 0.157660 -0.054985 -0.845815 2.030176 -0.762861 0.879046
1.602381 0.337861 0.552511 0.107846 0.128923 -0.058584 -0.821300 0.479960 -0.634844 6.637231
1.604762 0.338189 0.552372 0.105890 0.135344 -0.059450 -0.825733 -0.138918 -0.491291 2.448432
1.607143 0.338515 0.552234 0.104003 0.123138 -0.059105 -0.778869 -5.987436 -0.435915 7.777903
1.609524 0.338788 0.552089 0.102145 0.126481 -0.062414 -0.787145 4.967834 -0.432713 2.195413
1.611905 0.339122 0.551942 0.100257 0.147730 -0.064097 -0.804003 3.693534 -1.061263 -0.384505
1.614286 0.339442 0.551786 0.098355 0.130938 -0.064245 -0.797729 1.236104 0.687433 3.394642
1.616667 0.339788 0.551636 0.096451 0.150018 -0.064955 -0.809192 2.608072 -0.732455 -0.990997
1.619048 0.340146 0.551473 0.094436 0.145807 -0.071837 -0.870721 -1.074209 -1.409065 -7.104303
1.621429 0.340435 0.551301 0.092369 0.106663 -0.071632 -0.847288 -4.986866 0.200357 8.153787
1.623810 0.340654 0.551131 0.090360 0.093282 -0.073029 -0.849138 -0.390318 -0.819094 -1.532576
1.626190 0.340806 0.550958 0.088347 0.049632 -0.073584 -0.841533 -7.033938 -0.809829 0.916297
1.628571 0.340805 0.550770 0.086300 -0.011062 -0.080460 -0.856670 -5.528373 -0.618379 2.633787
1.630952 0.340861 0.550584 0.084345 0.045999 -0.078598 -0.806147 3.629855 -0.436698 5.021643
1.633333 0.341001 0.550409 0.082542 0.059349 -0.071832 -0.732033 -2.263585 0.486072 10.484313
1.635714 0.341124 0.550237 0.080837 0.039094 -0.075414 -0.721878 -7.095531 -1.169520 0.567896
1.638095 0.341178 0.550040 0.079077 0.015869 -0.085303 -0.739437 -4.821464 -0.884790 3.777571
1.640476 0.341265 0.549838 0.077384 0.048695 -0.084623 -0.692700 1.346373 0.091509 9.747509
1.642857 0.341397 0.549641 0.075787 0.058881 -0.082096 -0.660991 -0.231773 0.269143 7.524150
1.645238 0.341564 0.549443 0.074194 0.075241 -0.083383 -0.667604 0.775349 0.167200 6.676775
1.647619 0.341734 0.549245 0.072600 0.068819 -0.085234 -0.676721 -1.407866 -0.671224 1.943609
1.650000 0.341890 0.549050 0.071015 0.063053 -0.080035 -0.654458 -1.270759 0.622785 7.576445
1.652381 0.342001 0.548853 0.069378 0.033543 -0.084197 -0.705357 -5.412443 -0.326739 -1.912732
1.654762 0.342014 0.548655 0.067670 -0.012781 -0.083767 -0.720478 -8.382501 -0.254820 0.995594
1.657143 0.341981 0.548459 0.065988 -0.017876 -0.083394 -0.704323 -5.648863 -0.621751 0.839567
1.659524 0.341854 0.548237 0.064219 -0.068304 -0.099972 -0.769595 -9.281880 -2.650956 -9.897255
1.661905 0.341614 0.547993 0.062363 -0.097761 -0.099611 -0.752230 -2.568785 0.566714 9.841011
1.664286 0.341432 0.547765 0.060651 -0.065512 -0.097221 -0.716927 -1.519469 -1.144764 -0.310903
1.666667 0.341328 0.547531 0.058940 -0.020139 -0.098683 -0.734417 5.014370 -0.583762 -7.230574
1.669048 0.341215 0.547291 0.057226 -0.062971 -0.102430 -0.702587 -6.730828 -0.900245 5.487286
1.671429 0.340986 0.547051 0.055614 -0.117089 -0.099999 -0.666453 -10.417005 -0.142954 4.472859
1.673810 0.340729 0.546800 0.054049 -0.100362 -0.107512 -0.647189 -1.922501 -0.594025 6.124702
1.676190 0.340540 0.546545 0.052531 -0.059797 -0.107383 -0.635671 4.263927 -0.269005 3.538697
1.678571 0.340474 0.546290 0.051037 -0.017570 -0.106967 -0.618130 1.864277 0.075618 7.188417
1.680952 0.340393 0.546037 0.049631 -0.057045 -0.108905 -0.589004 -9.401967 -1.380250 3.015635
1.683333 0.340323 0.545757 0.048247 0.013164 -0.132513 -0.594490 15.753455 -6.574232 -3.169023
1.685714 0.340381 0.545443 0.046822 0.015809 -0.127419 -0.597017 -1.063675 0.307214 2.826199
1.688095 0.340375 0.545160 0.045414 -0.012292 -0.115152 -0.583309 -1.885098 0.575594 6.053360
1.690476 0.340316 0.544891 0.044037 -0.033259 -0.113232 -0.577125 -2.599352 -0.309491 3.763801
1.692857 0.340191 0.544623 0.042664 -0.056841 -0.110949 -0.570317 -1.321308 0.708004 6.571629
1.695238 0.339992 0.544365 0.041349 -0.095011 -0.109700 -0.555094 -3.840900 -0.423819 1.788858
1.697619 0.339760 0.544099 0.040000 -0.102767 -0.111589 -0.562680 -4.113572 0.479525 5.466807
1.700000 0.339444 0.543839 0.038695 -0.148519 -0.109270 -0.548275 -7.683764 0.218726 2.267118
1.702381 0.339038 0.543580 0.037371 -0.180513 -0.110033 -0.556157 -7.305069 -0.350340 2.771484
1.704762 0.338606 0.543310 0.036041 -0.174982 -0.116223 -0.560750 -2.000748 -0.851485 1.446333
1.707143 0.338156 0.543019 0.034676 -0.199044 -0.125193 -0.579235 -7.891481 -1.036891 -0.252139
1.709524 0.337662 0.542723 0.033332 -0.212155 -0.124295 -0.559102 -6.992276 -0.484586 2.101221
1.711905 0.337153 0.542419 0.031987 -0.202978 -0.128280 -0.557305 -0.025054 -0.213228 4.733361
1.714286 0.336662 0.542112 0.030695 -0.231721 -0.132500 -0.547500 -14.888074 -1.954054 -1.483626
1.716667 0.336123 0.541807 0.029435 -0.208096 -0.123705 -0.510105 2.150480 1.175978 8.282310
1.719048 0.335758 0.541521 0.028173 -0.138454 -0.121032 -0.544291 0.430517 -0.537752 -2.231437
1.721429 0.335430 0.541227 0.026887 -0.138775 -0.125457 -0.536901 -1.697140 -0.857418 2.052460
1.723809 0.335001 0.540925 0.025637 -0.208004 -0.129495 -0.526394 -10.977101 -1.197786 -0.071866
1.726190 0.334465 0.540620 0.024437 -0.226788 -0.125948 -0.488040 -3.346875 0.419105 6.591927
1.728571 0.333920 0.540325 0.023322 -0.222345 -0.122578 -0.456964 -0.170153 0.291011 5.952336
1.730952 0.333381 0.540030 0.022251 -0.223559 -0.122871 -0.437146 -0.602372 0.761458 8.565818
1.733333 0.332879 0.539739 0.021254 -0.205237 -0.123056 -0.414377 0.011164 0.130359 5.678937
1.735714 0.332371 0.539446 0.020270 -0.217819 -0.123558 -0.416080 -2.665506 0.001455 3.052429
1.738095 0.331818 0.539150 0.019275 -0.247090 -0.125795 -0.424966 -7.278114 -0.542010 0.478101
1.740476 0.331180 0.538848 0.018241 -0.274593 -0.125883 -0.431292 -4.116308 0.748953 4.893295
1.742857 0.330538 0.538560 0.017254 -0.268103 -0.121840 -0.411476 -2.332444 -0.480004 3.345002
1.745238 0.329902 0.538246 0.016207 -0.260942 -0.138740 -0.462771 0.316720 -2.618052 -6.255454
1.747619 0.329301 0.537898 0.015046 -0.251140 -0.148113 -0.490240 -1.207347 -1.296512 -0.363081
1.750000 0.328683 0.537545 0.013882 -0.265945 -0.144669 -0.474871 -3.413272 0.830579 5.667486
1.752381 0.327987 0.537202 0.012785 -0.301266 -0.146920 -0.464362 -3.673995 -1.747777 -1.863658
1.754762 0.327247 0.536847 0.011665 -0.320184 -0.147613 -0.461337 -5.090207 0.255584 4.460579
1.757143 0.326498 0.536515 0.010645 -0.316485 -0.137162 -0.418655 -4.201105 0.048413 2.899448
1.759524 0.325716 0.536180 0.009616 -0.338841 -0.142821 -0.439499 -7.367912 -0.993659 -1.355715
1.761905 0.324891 0.535856 0.008646 -0.339464 -0.130915 -0.381628 -0.174351 1.604795 10.112881
1.764286 0.324126 0.535565 0.007832 -0.313598 -0.120218 -0.328569 0.085723 0.758451 6.865839
1.766667 0.323356 0.535286 0.007085 -0.334762 -0.116907 -0.308652 -5.999462 0.526828 5.335183
1.769048 0.322570 0.534985 0.006302 -0.326575 -0.133323 -0.347412 -1.023583 -1.929601 -2.783003
1.771429 0.321761 0.534649 0.005433 -0.355132 -0.143689 -0.364926 -7.859550 -0.918572 2.898852
1.773810 0.320865 0.534298 0.004539 -0.384221 -0.146334 -0.373552 -5.287084 0.418719 3.694676
1.776191 0.319952 0.533956 0.003669 -0.378996 -0.143377 -0.363622 -1.402562 -0.108889 2.575812
1.778571 0.319059 0.533613 0.002810 -0.373719 -0.146321 -0.364153 -2.275589 -1.262195 0.338011
1.780952 0.318192 0.533289 0.002017 -0.346287 -0.125529 -0.304501 5.148834 3.980262 12.492503
1.783333 0.317343 0.532990 0.001305 -0.364616 -0.130355 -0.306944 -3.162056 -1.291244 0.423564
1.785714 0.316391 0.532667 0.000564 -0.427740 -0.141136 -0.320844 -12.093647 -2.192434 -1.987555
1.788095 0.315263 0.532299 -0.000267 -0.492398 -0.158033 -0.350198 -9.722194 -1.373916 2.147285
1.790476 0.314093 0.531911 -0.001106 -0.488735 -0.164123 -0.349746 -4.467455 -0.900958 2.401354
1.792857 0.312814 0.531508 -0.001977 -0.552264 -0.169601 -0.366765 -8.368600 -0.701792 2.022715
1.795238 0.311577 0.531125 -0.002768 -0.497532 -0.157494 -0.318387 1.640200 0.352418 5.318458
1.797619 0.310430 0.530783 -0.003419 -0.464419 -0.134517 -0.247075 3.114894 3.060907 11.321468
1.800000 0.309405 0.530493 -0.003913 -0.417809 -0.121156 -0.200984 2.482538 0.041691 4.269679
1.802381 0.308415 0.530196 -0.004403 -0.419264 -0.123105 -0.194718 -1.943124 1.364681 8.926641
1.804762 0.307398 0.529896 -0.004859 -0.426807 -0.128635 -0.196199 -0.027010 -0.211415 2.637573
1.807143 0.306314 0.529561 -0.005402 -0.478832 -0.149303 -0.247933 -9.064240 -2.562922 -2.525274
1.809524 0.305110 0.529192 -0.006010 -0.520177 -0.158993 -0.261020 -8.110138 -1.997980 -0.443433
1.811905 0.303799 0.528780 -0.006690 -0.561186 -0.178285 -0.293062 -6.437196 -2.272492 -0.718851
1.814286 0.302532 0.528370 -0.007339 -0.514325 -0.167260 -0.255378 2.316506 0.709648 6.999220
1.816667 0.301366 0.527985 -0.007900 -0.479907 -0.158492 -0.223608 1.594075 0.534980 5.941565
1.819048 0.300263 0.527625 -0.008403 -0.458586 -0.149464 -0.210049 0.874871 -0.041345 1.912144
1.821429 0.299159 0.527261 -0.008923 -0.478404 -0.154113 -0.216055 -6.636920 -0.375828 3.351497
1.823810 0.297916 0.526889 -0.009423 -0.532801 -0.156060 -0.206570 -3.624242 0.090224 3.295130
1.826190 0.296718 0.526533 -0.009895 -0.488877 -0.147217 -0.194820 2.861936 0.565088 3.043653
1.828571 0.295529 0.526179 -0.010347 -0.508594 -0.149984 -0.186875 -3.506053 -0.443716 2.892862
1.830952 0.294303 0.525808 -0.010826 -0.520417 -0.157330 -0.201944 -3.210936 -0.350609 2.405179
1.833333 0.293049 0.525437 -0.011265 -0.521315 -0.153982 -0.173213 1.871623 0.685277 5.239718
1.835714 0.291812 0.525072 -0.011676 -0.521487 -0.154992 -0.177553 -1.211652 -0.784329 0.106386
1.838095 0.290604 0.524719 -0.012057 -0.499732 -0.143337 -0.145780 2.178551 1.765969 6.541708
1.840476 0.289423 0.524372 -0.012428 -0.506415 -0.148181 -0.160536 -5.027121 -0.625754 0.835702
1.842857 0.288129 0.524006 -0.012826 -0.548671 -0.156207 -0.170417 -0.869710 -0.717082 0.309378
1.845238 0.286879 0.523625 -0.013267 -0.523283 -0.161906 -0.190046 -1.318586 -0.833533 -0.265089
1.847619 0.285634 0.523255 -0.013655 -0.523082 -0.151585 -0.145067 -1.059135 1.362505 7.225355
1.850000 0.284388 0.522906 -0.013957 -0.518062 -0.144354 -0.120711 1.679828 1.119075 4.422029
1.852381 0.283134 0.522563 -0.014235 -0.539206 -0.147135 -0.120341 -5.600907 -0.917739 0.679216
1.854762 0.281791 0.522197 -0.014541 -0.573349 -0.154764 -0.126437 -4.461602 -0.024742 3.397860
1.857143 0.280440 0.521832 -0.014815 -0.562299 -0.151705 -0.103418 -0.431089 0.679278 7.423429
1.859524 0.279034 0.521456 -0.015080 -0.618809 -0.174036 -0.163549 -12.884326 -6.599403 -19.577438
1.861905 0.277593 0.521033 -0.015493 -0.588010 -0.171769 -0.153153 2.499760 1.377999 7.135770
1.864286 0.276269 0.520631 -0.015838 -0.544037 -0.166344 -0.136398 2.196932 0.851052 4.861333
1.866667 0.274926 0.520266 -0.016066 -0.579239 -0.150661 -0.082847 -5.960294 0.287050 4.810012
1.869048 0.273518 0.519906 -0.016268 -0.597397 -0.151387 -0.083715 -4.154381 -0.055540 2.672648
1.871429 0.272075 0.519524 -0.016505 -0.605497 -0.167390 -0.116027 -1.276710 -2.618812 -4.573761
1.873810 0.270673 0.519124 -0.016796 -0.580020 -0.164982 -0.114448 0.820648 0.689811 3.775800
1.876190 0.269259 0.518722 -0.017070 -0.607568 -0.172584 -0.117055 -6.939322 -1.648422 0.046799
1.878571 0.267760 0.518319 -0.017318 -0.631452 -0.168244 -0.101833 -2.526769 -0.624115 0.250756
1.880952 0.266305 0.517907 -0.017606 -0.602297 -0.172000 -0.119909 0.301946 0.222360 1.695011
1.883333 0.264874 0.517534 -0.017807 -0.592712 -0.148742 -0.065633 2.556019 2.373375 6.853874
1.885714 0.263555 0.517202 -0.017909 -0.533835 -0.135552 -0.033691 7.008369 1.904548 4.846924
1.888095 0.262347 0.516897 -0.017959 -0.498358 -0.126081 -0.018299 4.505386 1.604393 3.256898
1.890476 0.261159 0.516596 -0.018000 -0.496057 -0.126053 -0.012742 4.352558 1.522197 4.622193
1.892857 0.259976 0.516287 -0.018064 -0.504965 -0.132878 -0.034793 -0.234732 0.294212 0.697331
1.895238 0.258749 0.515974 -0.018119 -0.518754 -0.132896 -0.022895 1.043574 0.113758 1.348833
1.897619 0.257510 0.515653 -0.018180 -0.520907 -0.136742 -0.027949 1.605415 -0.018844 0.487028
1.900000 0.256251 0.515314 -0.018276 -0.535414 -0.143264 -0.040164 -1.003479 0.296935 1.923968
1.902381 0.254862 0.514944 -0.018420 -0.602324 -0.163339 -0.076690 -4.937911 -2.689893 -5.513715
1.904762 0.253428 0.514534 -0.018664 -0.600290 -0.170356 -0.094255 -0.128192 0.689164 4.242137
1.907143 0.251919 0.514069 -0.018976 -0.658916 -0.224698 -0.193062 -9.993420 -12.026604 -25.082771
1.909524 0.250388 0.513574 -0.019367 -0.632331 -0.193853 -0.136515 0.303796 1.964166 4.211639
1.911905 0.248944 0.513139 -0.019635 -0.602197 -0.178185 -0.098133 -1.674562 0.513084 3.534856
1.914286 0.247552 0.512775 -0.019742 -0.571587 -0.144983 -0.029133 3.371758 1.561041 3.490856
1.916667 0.246237 0.512429 -0.019820 -0.543256 -0.145817 -0.038049 3.438580 0.102768 -1.213338
1.919048 0.244943 0.512071 -0.019937 -0.548603 -0.156495 -0.062288 -0.902529 -2.023772 -4.823961
1.921429 0.243637 0.511699 -0.020087 -0.548318 -0.155195 -0.059250 0.760606 0.314789 0.595639
1.923810 0.242349 0.511350 -0.020183 -0.544402 -0.143503 -0.030582 -1.549241 0.936265 3.439121
1.926190 0.241025 0.511023 -0.020196 -0.555187 -0.135426 0.004844 1.446575 1.076298 4.302500
1.928571 0.239720 0.510681 -0.020230 -0.546351 -0.145720 -0.022461 0.864285 0.293567 0.059994
1.930952 0.238404 0.510344 -0.020258 -0.554180 -0.144222 -0.020204 0.394055 -0.777010 -3.150526
1.933333 0.237078 0.509987 -0.020347 -0.563087 -0.150814 -0.037924 -2.249038 0.224053 1.144135
1.935714 0.235698 0.509628 -0.020438 -0.581813 -0.149267 -0.034956 -0.486343 0.812361 1.863521
1.938095 0.234287 0.509280 -0.020484 -0.601629 -0.143941 -0.006138 -4.009058 1.094927 5.748651
1.940476 0.232859 0.508934 -0.020499 -0.599232 -0.149404 -0.014831 -1.977301 -1.522344 -2.045154
1.942857 0.231367 0.508562 -0.020542 -0.635098 -0.155917 -0.009756 -3.579816 0.752078 4.769572
1.945238 0.229855 0.508202 -0.020531 -0.651701 -0.157566 -0.001393 -9.340414 -2.842197 -1.455109
1.947619 0.228298 0.507819 -0.020569 -0.639216 -0.158596 -0.020208 3.459552 0.829187 -0.200042
1.950000 0.226838 0.507438 -0.020657 -0.604380 -0.163602 -0.049381 1.584218 -1.389242 -4.236551
1.952381 0.225465 0.507073 -0.020734 -0.567853 -0.146812 -0.015049 2.163774 2.049726 5.768758
1.954762 0.224133 0.506744 -0.020735 -0.551949 -0.133138 0.006235 3.824223 2.515521 3.603377
1.957143 0.222840 0.506456 -0.020638 -0.542767 -0.116423 0.055458 1.794772 2.493056 6.372313
1.959524 0.221587 0.506192 -0.020499 -0.524437 -0.112626 0.056198 1.261522 0.366474 1.672973
1.961905 0.220345 0.505928 -0.020353 -0.517951 -0.110462 0.060321 3.098701 1.129702 1.180641
1.964286 0.219081 0.505651 -0.020222 -0.524735 -0.115108 0.056540 5.824100 2.090776 2.633178
1.966667 0.217861 0.505365 -0.020143 -0.511732 -0.124484 0.017431 2.875865 -0.340374 -3.823951
1.969048 0.216743 0.505087 -0.020168 -0.451171 -0.113668 -0.024464 8.360487 1.623020 -5.025659
1.971429 0.215670 0.504796 -0.020295 -0.457498 -0.126823 -0.062709 0.589260 -0.795138 -4.337115
1.973809 0.214521 0.504483 -0.020442 -0.487676 -0.129454 -0.051454 2.137709 1.503430 2.155903
1.976190 0.213399 0.504195 -0.020517 -0.459851 -0.117273 -0.025492 6.599054 1.756647 0.009846
1.978571 0.212269 0.503900 -0.020603 -0.493907 -0.131361 -0.044873 -4.545857 -2.208860 -4.369537
1.980952 0.211066 0.503580 -0.020706 -0.491984 -0.132621 -0.044056 7.714430 0.770945 -2.704413
1.983333 0.209953 0.503283 -0.020800 -0.459951 -0.118819 -0.027238 5.007294 2.623060 3.381218
1.985714 0.208876 0.503028 -0.020804 -0.459655 -0.105136 0.005142 -0.862388 1.057429 1.333389
1.988095 0.207808 0.502796 -0.020774 -0.442419 -0.092924 0.018494 3.884371 2.366487 2.449958
1.990476 0.206777 0.502588 -0.020731 -0.439048 -0.088980 0.014596 -1.202420 0.252599 -0.805732
1.992857 0.205660 0.502348 -0.020726 -0.483772 -0.106087 -0.003130 -3.631617 -0.832369 -1.162632
1.995238 0.204519 0.502105 -0.020730 -0.468712 -0.098803 0.000028 4.423685 1.801663 0.799412
1.997619 0.203471 0.501897 -0.020669 -0.425245 -0.082148 0.036363 6.394689 2.725832 3.891001
