0.12380453199148178101
0.14091743528842926025
-0.11983340233564376831
0.10727055370807647705
-0.13303576409816741943
0.29384624958038330078
0.24782228469848632812
0.93341344594955444336
-0.68414431810379028320
-0.38656494021415710449
-0.77332168817520141602
-0.47422876954078674316
0.51083385944366455078
-0.57199656963348388672
0.85790556669235229492
0.98579823970794677734
-1.15876436233520507812
-1.31962621212005615234
1.02998137474060058594
1.15444386005401611328
-1.10102331638336181641
1.08813166618347167969
0.96024692058563232422
-1.35183739662170410156
1.55083477497100830078
