0.10563368350267410278
-0.04148964583873748779
0.09197298437356948853
-0.02815223485231399536
0.06720499694347381592
0.05474815890192985535
0.06250833719968795776
0.07293368875980377197
0.10923329740762710571
-0.17243860661983489990
0.10030711442232131958
-0.18263469636440277100
0.62227541208267211914
-0.85874509811401367188
-0.79422569274902343750
-0.41931745409965515137
-0.41980603337287902832
-0.12270087003707885742
0.31177574396133422852
-0.30919551849365234375
0.48200041055679321289
0.58059561252593994141
-0.74760043621063232422
-1.47785496711730957031
0.88714826107025146484
