0.11378116160631179810 0.58943635225296020508 0.34355032444000244141 -0.05181860551238059998 0.24934311211109161377 0.09863082319498062134 -0.28852874040603637695 0.23226271569728851318 -0.09712419658899307251 0.11614374071359634399 -0.70188164710998535156 0.34623074531555175781 -0.56132507324218750000 0.07406514137983322144 0.28793892264366149902 0.23831643164157867432 -0.08798888325691223145 0.08923241496086120605 0.02488817274570465088 -0.01475939434021711349 -0.19291947782039642334 -0.08489426225423812866 0.01526004355400800705 0.08978286385536193848 -0.10030801594257354736
0.04125966504216194153 -0.03311727941036224365 -0.25839570164680480957 0.10534829646348953247 0.02644941024482250214 0.13605265319347381592 -0.00035888573620468378 0.11102925986051559448 0.14173762500286102295 0.07706119120121002197 -0.21553848683834075928 0.51858580112457275391 -0.36037606000900268555 0.17701427638530731201 0.30918255448341369629 0.05350196361541748047 0.08557634800672531128 0.25254613161087036133 0.00468834349885582924 0.08478513360023498535 0.13775482773780822754 -0.10390767455101013184 -0.29398065805435180664 -0.01438775006681680679 -0.09746564179658889771
0.09948489069938659668 0.13730986416339874268 0.57009768486022949219 -0.37181243300437927246 0.03125341236591339111 0.04846853017807006836 -0.33734109997749328613 -0.02007487416267395020 0.00530109182000160217 -0.09014637768268585205 -0.21041066944599151611 -0.13298650085926055908 0.02205233275890350342 0.11532064527273178101 -0.21683624386787414551 -0.12892177700996398926 0.07976275682449340820 0.06596116721630096436 -0.05461772531270980835 0.05888628214597702026 0.05375908315181732178 -0.14028303325176239014 0.03702368959784507751 0.03343061730265617371 0.03233668580651283264
-0.25027638673782348633 0.17690047621726989746 -0.57886457443237304688 0.43939611315727233887 -0.22576104104518890381 -0.38712999224662780762 -0.53499543666839599609 -0.14093123376369476318 -0.50743597745895385742 -0.12152958661317825317 0.52767276763916015625 0.35701197385787963867 0.15379989147186279297 -0.11457480490207672119 0.35763892531394958496 0.50393813848495483398 0.62664824724197387695 0.27208688855171203613 -0.51692891120910644531 -0.16362006962299346924 -0.07307387888431549072 -0.02247771620750427246 0.29535844922065734863 -0.01033485215157270432 -0.01970549859106540680
-0.24718217551708221436 -0.13085810840129852295 0.07984548807144165039 -0.08592952042818069458 0.01709965243935585022 -0.05378992483019828796 -0.29586234688758850098 0.11041111499071121216 -0.35937687754631042480 0.03285871818661689758 0.43682169914245605469 0.18878865242004394531 0.12576210498809814453 -0.12248813360929489136 0.18350696563720703125 0.21658848226070404053 0.13422270119190216064 0.47396388649940490723 -0.10020260512828826904 -0.66233795881271362305 -0.21649424731731414795 1.30502212047576904297 0.93847948312759399414 -0.27949926257133483887 0.41208201646804809570
0.03407169505953788757 0.22372071444988250732 -0.04010328277945518494 0.25694885849952697754 0.12590992450714111328 0.03296644240617752075 0.33126029372215270996 -0.10355120897293090820 0.48891535401344299316 0.08899674564599990845 -0.41400483250617980957 0.22474487125873565674 -0.05824794620275497437 -0.02192058414220809937 0.08190523087978363037 -0.17908355593681335449 -0.06300324946641921997 -0.32284620404243469238 0.07938685268163681030 0.24709331989288330078 -0.34282681345939636230 0.21219000220298767090 0.26605248451232910156 0.07478544861078262329 0.08484810590744018555
-0.14791084825992584229 0.44129762053489685059 0.04789583384990692139 0.41630676388740539551 0.27917775511741638184 -0.52475684881210327148 0.70511800050735473633 -0.21605603396892547607 0.44647267460823059082 0.17245227098464965820 0.24558620154857635498 0.56917649507522583008 0.17985793948173522949 0.64253294467926025391 -0.27301856875419616699 -0.05294885858893394470 -0.10144785046577453613 -0.73431199789047241211 -0.05825469642877578735 -0.02805102616548538208 -0.02096849307417869568 -0.28461635112762451172 -0.11910250037908554077 0.01043362915515899658 -0.00991126522421836853
0.40435478091239929199 0.03112411126494407654 0.36974549293518066406 -0.15462955832481384277 -0.00938857160508632660 0.05962248891592025757 -0.13959656655788421631 -0.16204437613487243652 -0.26465275883674621582 -0.00382831576280295849 0.23320256173610687256 -0.19216711819171905518 0.17166332900524139404 0.00903599895536899567 -0.08236861228942871094 0.17168876528739929199 0.04840523377060890198 0.37774655222892761230 0.01673930883407592773 -0.03033080697059631348 -0.08154688030481338501 0.09522672742605209351 0.45006844401359558105 -0.00819514039903879166 -0.18863871693611145020
0.10280579328536987305 0.01708834432065486908 0.16052591800689697266 -0.33510044217109680176 -0.02106653712689876556 0.18693557381629943848 0.36296156048774719238 -0.07786491513252258301 0.57726007699966430664 0.11582337319850921631 -0.20683424174785614014 0.19166283309459686279 0.05419930070638656616 0.86941355466842651367 -0.50554299354553222656 -0.87272775173187255859 -0.79861027002334594727 -0.45856505632400512695 0.06883165240287780762 0.06088364124298095703 0.20590688288211822510 -0.55840283632278442383 -0.02674174681305885315 0.01607404276728630066 -0.13750146329402923584
0.39528509974479675293 0.35483524203300476074 -0.18347123265266418457 0.46689519286155700684 -0.15075787901878356934 -0.24235513806343078613 -0.54574042558670043945 -0.06856610625982284546 -0.71123927831649780273 -0.23736478388309478760 0.03220998123288154602 -0.37281066179275512695 0.12680819630622863770 -0.42469194531440734863 0.41227093338966369629 0.40405470132827758789 0.10744655877351760864 0.28966766595840454102 0.16331219673156738281 0.05803678929805755615 0.12310670316219329834 0.12225650250911712646 -0.22974212467670440674 0.10172836482524871826 0.09096018970012664795
0.36258816719055175781 0.37216171622276306152 -0.36219540238380432129 0.21492376923561096191 -0.13503010571002960205 -0.25715804100036621094 -0.25057676434516906738 0.01577075384557247162 -0.63727015256881713867 -0.21023894846439361572 0.61949020624160766602 -0.22291925549507141113 0.02044225670397281647 -0.04577647149562835693 0.10919060558080673218 -0.28265431523323059082 1.02261292934417724609 0.04208798706531524658 -0.25957918167114257812 -0.38851749897003173828 0.06276354193687438965 -0.13782390952110290527 -0.13125586509704589844 0.06341683864593505859 -0.16584202647209167480
0.01944332942366600037 -0.20172983407974243164 0.11030915379524230957 -0.14246179163455963135 -0.08399149775505065918 -0.49100396037101745605 -0.13137385249137878418 -0.06644944846630096436 -0.26611861586570739746 -0.11677507311105728149 0.27208116650581359863 0.01156120188534259796 0.08980280905961990356 0.09023834019899368286 0.15406800806522369385 0.32613322138786315918 -0.17568072676658630371 0.26389223337173461914 0.07209303975105285645 -0.44300174713134765625 -0.27494168281555175781 0.75659257173538208008 1.12646913528442382812 -0.24893730878829956055 -0.05897983908653259277
0.18525861203670501709 -0.25480020046234130859 0.55572736263275146484 -0.36062356829643249512 0.22633813321590423584 -0.11451070755720138550 0.45426455140113830566 0.09683164209127426147 0.22273081541061401367 -0.06730006635189056396 0.15542565286159515381 -0.42045661807060241699 0.50055712461471557617 -0.79607516527175903320 -0.41483792662620544434 0.64098423719406127930 -0.27506563067436218262 0.17091709375381469727 -0.09639611840248107910 -0.13102075457572937012 0.13328182697296142578 0.16862399876117706299 0.25934672355651855469 -0.03813953325152397156 0.10157318413257598877
0.16648229956626892090 -0.18428814411163330078 0.35335430502891540527 -0.48973044753074645996 -0.14777472615242004395 0.17638139426708221436 -0.27919086813926696777 0.01946383714675903320 -0.07311978936195373535 -0.02942699752748012543 -0.02873172052204608917 -0.14310780167579650879 0.18159785866737365723 0.24237079918384552002 0.04461961612105369568 -0.23673270642757415771 0.15437172353267669678 0.06967402994632720947 0.03775320202112197876 0.13141520321369171143 0.02724622935056686401 -0.08009518682956695557 -0.59387302398681640625 -0.04761878028512001038 0.05170811712741851807
-0.13037297129631042480 0.07979623973369598389 -0.01692468672990798950 0.05650572478771209717 0.00144641590304672718 -0.03318563476204872131 0.13696765899658203125 -0.16489611566066741943 0.26752015948295593262 0.16093473136425018311 -0.12911537289619445801 0.06188859790563583374 0.25622305274009704590 -0.16621270775794982910 -0.52912944555282592773 -0.05545894056558609009 -0.22277036309242248535 -0.08349826931953430176 -0.07211719453334808350 0.28563275933265686035 -0.26196646690368652344 0.22509223222732543945 0.27922561764717102051 -0.04082850739359855652 0.14537101984024047852
-0.10991941392421722412 -0.10111296921968460083 -0.22603195905685424805 0.39444521069526672363 0.31240645051002502441 -0.13395458459854125977 0.41744592785835266113 0.09612818062305450439 0.04917574301362037659 -0.00235573085956275463 0.22204798460006713867 -0.20807720720767974854 -0.10291640460491180420 -0.19666320085525512695 -0.09966118633747100830 0.17715804278850555420 -0.37552592158317565918 -0.13668331503868103027 -0.04681457206606864929 -0.15115542709827423096 0.09787773340940475464 0.21359124779701232910 0.62130612134933471680 0.17308385670185089111 -0.18424274027347564697
-0.21142078936100006104 -0.04450415819883346558 -0.26960599422454833984 -0.46327087283134460449 -0.08693672716617584229 0.36411815881729125977 -0.06306549906730651855 0.18900923430919647217 0.35113161802291870117 -0.31023353338241577148 -0.47071033716201782227 -0.42233541607856750488 -0.14180797338485717773 -0.20532000064849853516 -0.34062361717224121094 -0.61364704370498657227 -0.20934306085109710693 0.02891302667558193207 0.23625327646732330322 -0.13362522423267364502 0.33885511755943298340 -0.41518417000770568848 -0.32419341802597045898 0.00750413816422224045 -0.02719986811280250549
-0.11831913888454437256 -0.15296941995620727539 0.45828586816787719727 -0.05104048550128936768 -0.08212740719318389893 -0.38338679075241088867 0.09132565557956695557 -0.05578370392322540283 0.07708654552698135376 -0.07615775614976882935 -0.00933489669114351273 0.07616408169269561768 0.12076027691364288330 -0.02928859367966651917 -0.12105080485343933105 -0.12640964984893798828 -0.20196126401424407959 -0.10852044075727462769 0.07594427466392517090 0.10629878193140029907 0.09492982923984527588 0.14486610889434814453 0.04187028482556343079 -0.01824306882917881012 0.03524938970804214478
-0.02646617777645587921 -0.41808786988258361816 0.20752613246440887451 -0.20019012689590454102 0.14961685240268707275 0.38621705770492553711 0.67377394437789916992 0.06576022505760192871 0.58251374959945678711 0.00631639594212174416 0.06999824941158294678 0.34269249439239501953 0.11446581035852432251 0.32917973399162292480 -0.50626307725906372070 -0.58315449953079223633 -0.45897448062896728516 -0.37106791138648986816 -0.16041459143161773682 0.21872135996818542480 -0.26278343796730041504 0.28434094786643981934 0.36691710352897644043 0.02326398529112339020 -0.01573166809976100922
-0.00416225381195545197 0.27208283543586730957 -0.21129685640335083008 0.14703880250453948975 0.10385111719369888306 0.10306851565837860107 0.26180961728096008301 -0.06822569668292999268 0.20204663276672363281 0.14149700105190277100 -0.21807044744491577148 0.13767437636852264404 0.17726694047451019287 -0.19076268374919891357 -0.31504854559898376465 -0.13330736756324768066 0.14454145729541778564 -0.29399740695953369141 0.01007365901023149490 0.09436152875423431396 -0.22194707393646240234 0.30711001157760620117 0.32644298672676086426 0.02935169450938701630 0.05557434260845184326
0.16120171546936035156 -0.07240734249353408813 0.00759343337267637253 -0.03627453744411468506 0.02269691228866577148 -0.13650591671466827393 -0.17031370103359222412 0.04544302076101303101 -0.35187086462974548340 -0.14628541469573974609 0.40368625521659851074 0.04350113496184349060 0.18448504805564880371 -0.03998551145195960999 0.16817104816436767578 0.33672365546226501465 0.22261434793472290039 0.44096103310585021973 -0.09062790870666503906 0.05749780312180519104 -0.20359712839126586914 -0.14261481165885925293 -0.35175588726997375488 0.13197241723537445068 -0.28159210085868835449
0.07326171547174453735 0.02394961193203926086 0.11728516221046447754 -0.29498380422592163086 -0.20136943459510803223 -0.10949973016977310181 -0.22683599591255187988 0.07604450732469558716 -0.61029368638992309570 -0.16142375767230987549 0.45002797245979309082 -0.11188249289989471436 0.25885081291198730469 0.22655425965785980225 -0.29062891006469726562 0.05869849771261215210 -0.39035761356353759766 -0.10439701378345489502 0.14924380183219909668 -0.26125991344451904297 -0.00009315263014286757 0.63440960645675659180 0.68344426155090332031 -0.07360476255416870117 -0.00278341257944703102
0.14167085289955139160 -0.14275845885276794434 0.19908109307289123535 -0.11841480433940887451 0.05191387981176376343 0.28458282351493835449 0.67951017618179321289 0.01365985814481973648 0.64731991291046142578 0.14931757748126983643 -0.08152079582214355469 0.37247067689895629883 0.66010349988937377930 0.54375237226486206055 -0.86974096298217773438 -0.54921495914459228516 -0.48171958327293395996 -0.45388585329055786133 -0.06483124196529388428 0.00270286528393626213 -0.20360270142555236816 0.33904632925987243652 0.65261155366897583008 -0.05574819445610046387 0.19985263049602508545
-0.11899003386497497559 -0.23164077103137969971 0.36101394891738891602 -0.16176421940326690674 0.21207597851753234863 0.09104917198419570923 0.26716560125350952148 0.01441884506493806839 0.58891111612319946289 -0.08549223840236663818 -0.32545402646064758301 0.23196765780448913574 0.00332405976951122284 0.77848976850509643555 0.00240026228129863739 -0.89100497961044311523 -0.12067001312971115112 0.00641427934169769287 0.28698122501373291016 0.07229428738355636597 0.19373489916324615479 -0.20890177786350250244 -0.29294511675834655762 0.05297537520527839661 -0.12154993414878845215
0.09600993245840072632 -0.10294565558433532715 0.04313291981816291809 -0.21604345738887786865 -0.04268078133463859558 0.02301001548767089844 -0.03619355708360671997 0.21155107021331787109 -0.48270985484123229980 -0.16528402268886566162 0.27803692221641540527 -0.08934326469898223877 0.01305883377790451050 0.33009335398674011230 0.25008556246757507324 -0.37100476026535034180 0.84484159946441650391 -0.06546390056610107422 0.01562347542494535446 -0.31329309940338134766 0.48053652048110961914 -0.49607202410697937012 -0.10212324559688568115 0.16150075197219848633 0.04079686850309371948
-0.26481246948242187500 0.27894192934036254883 -0.30140402913093566895 0.46242275834083557129 0.06376949697732925415 0.03027039580047130585 0.02356619946658611298 0.01535270735621452332 -0.19955101609230041504 -0.07009474933147430420 0.39964467287063598633 -0.39504793286323547363 0.17205132544040679932 -0.44841799139976501465 -0.10612793266773223877 0.12455318123102188110 0.00387543300166726112 -0.21352793276309967041 0.17286387085914611816 -0.03542095050215721130 0.00034018082078546286 0.12274712324142456055 0.01658508181571960449 0.08320758491754531860 0.09023313224315643311
-0.16380554437637329102 0.02609487995505332947 -0.32486760616302490234 0.48473960161209106445 0.20522166788578033447 -0.17056502401828765869 0.21057447791099548340 0.01011462416499853134 -0.05193645879626274109 0.01191169396042823792 0.27667951583862304688 -0.07704246789216995239 0.07104649394750595093 -0.31415644288063049316 -0.02135503292083740234 0.23800158500671386719 -0.38989388942718505859 -0.14298912882804870605 0.05085209757089614868 -0.04881808906793594360 0.14656491577625274658 0.09242282062768936157 0.08714534342288970947 0.16738225519657135010 0.01767956465482711792
-0.36272701621055603027 0.05168781802058219910 -0.30730479955673217773 0.20372697710990905762 0.09957659244537353516 -0.13906870782375335693 0.32965195178985595703 0.16697928309440612793 0.71920001506805419922 0.00377281801775097847 0.03767492994666099548 0.13323426246643066406 -0.12509706616401672363 -0.20052179694175720215 0.05872813612222671509 -0.44166722893714904785 0.21756944060325622559 -0.40943276882171630859 0.04982066154479980469 0.08071397989988327026 -0.01426153816282749176 0.11805924028158187866 -0.13373844325542449951 0.02766493521630764008 0.03379863873124122620
0.13816803693771362305 0.09220719337463378906 0.43568935990333557129 -0.30976668000221252441 -0.09348956495523452759 0.04125934466719627380 -0.33464226126670837402 0.03418262302875518799 -0.09798663854598999023 -0.16340021789073944092 -0.28887864947319030762 -0.06923019886016845703 -0.07924931496381759644 0.20613580942153930664 -0.02693813666701316833 -0.12335782498121261597 0.17341804504394531250 0.10476353764533996582 0.00663567939773201942 0.22011859714984893799 -0.04183703660964965820 0.04119592905044555664 -0.08440344035625457764 0.19782806932926177979 -0.03949835151433944702
-0.13296617567539215088 -0.61319506168365478516 0.30006641149520874023 -0.40474507212638854980 0.08773483335971832275 -0.36231309175491333008 0.46597892045974731445 -0.01548262219876050949 0.04931629076600074768 0.38183701038360595703 0.31370875239372253418 0.14292107522487640381 0.25106149911880493164 -0.14174723625183105469 0.03421922400593757629 0.80411893129348754883 -0.10784208774566650391 0.24523192644119262695 -0.00565316295251250267 -0.10887547582387924194 0.19961120188236236572 0.25992646813392639160 0.08108597993850708008 -0.08374624699354171753 0.14628267288208007812
-0.08268540352582931519 -0.09930624067783355713 -0.24518495798110961914 0.29332086443901062012 -0.16834229230880737305 -0.40337988734245300293 -0.08843615651130676270 -0.17242336273193359375 -0.45688521862030029297 0.33374765515327453613 -0.17663374543190002441 0.10264762490987777710 -0.11781968921422958374 0.16543814539909362793 -0.11093892157077789307 -0.87675195932388305664 0.57271283864974975586 -0.76906377077102661133 0.10215472429990768433 0.15402564406394958496 0.06272262334823608398 -0.43033972382545471191 0.05497627705335617065 -0.07005097717046737671 0.22118172049522399902
0.21841004490852355957 -0.30852961540222167969 0.07392493635416030884 0.01044614147394895554 -0.02377311140298843384 -0.07414647191762924194 -0.15766225755214691162 0.06408422440290451050 -0.28075620532035827637 -0.15903986990451812744 0.07116577774286270142 -0.49573993682861328125 -0.06920623034238815308 -0.30467644333839416504 0.22925040125846862793 0.19297274947166442871 0.39838805794715881348 0.36740797758102416992 -0.00406869500875473022 -0.41032433509826660156 -0.28968474268913269043 -0.25149780511856079102 -0.33121517300605773926 0.05824414268136024475 -0.09484536945819854736
-0.04725188389420509338 0.04604845494031906128 0.10227853059768676758 -0.14715817570686340332 -0.23707275092601776123 0.27895098924636840820 -0.62867659330368041992 -0.00776132568717002869 -0.62367236614227294922 -0.23101483285427093506 0.21952880918979644775 -0.63412392139434814453 -0.06198766455054283142 -0.64886361360549926758 0.12460696697235107422 0.51874065399169921875 0.13192939758300781250 0.49251314997673034668 -0.08186196535825729370 -0.02282120473682880402 -0.21142813563346862793 0.27736005187034606934 -0.06422705948352813721 0.13511648774147033691 0.00565909128636121750
-0.51628351211547851562 -0.21734179556369781494 -0.58606821298599243164 0.37630882859230041504 0.10054443776607513428 -0.13490584492683410645 0.18472704291343688965 -0.02300458215177059174 0.14810124039649963379 0.01481356471776962280 0.17674471437931060791 0.28494432568550109863 -0.16101233661174774170 -0.11357968300580978394 0.40222188830375671387 0.38717740774154663086 0.27416810393333435059 0.18647153675556182861 0.21590410172939300537 -0.23422236740589141846 0.11897584795951843262 0.16582888364791870117 -0.01506971102207899094 -0.03476184234023094177 -0.09289800375699996948
-0.16739352047443389893 -0.31595954298973083496 0.47586491703987121582 -0.20552466809749603271 -0.14795796573162078857 -0.12616290152072906494 -0.04402982071042060852 -0.25443786382675170898 -0.42912822961807250977 0.15095284581184387207 -0.02512540295720100403 -0.47723931074142456055 -0.00578297581523656845 0.01569101028144359589 0.12188225984573364258 -0.23484633862972259521 0.22728627920150756836 -0.31343185901641845703 -0.02133917436003684998 -0.00571838906034827232 0.09638594090938568115 0.09183371067047119141 -0.75206428766250610352 0.02766689844429492950 0.20330587029457092285
-0.17169554531574249268 -0.16718833148479461670 -0.22446492314338684082 0.07753466069698333740 0.08128319680690765381 -0.09203468263149261475 0.43160450458526611328 -0.26436692476272583008 0.84462767839431762695 -0.19583091139793395996 -0.41349700093269348145 0.37421998381614685059 -0.18745160102844238281 0.75829911231994628906 -0.52842891216278076172 -0.46093603968620300293 -0.81027901172637939453 0.19163987040519714355 0.25769710540771484375 -0.00532937096431851387 0.01117491722106933594 -0.10296346247196197510 0.10755983740091323853 -0.00801695883274078369 -0.00593420257791876793
-0.22510242462158203125 0.14233644306659698486 -0.09559666365385055542 0.30025187134742736816 -0.04477481171488761902 0.09109389036893844604 -0.17067778110504150391 0.09213948249816894531 -0.11299600452184677124 -0.01460756268352270126 -0.06065420433878898621 0.01682089641690254211 -0.03535579890012741089 0.28362160921096801758 0.04277075082063674927 -0.09675191342830657959 -0.49818822741508483887 -0.23998971283435821533 -0.12709978222846984863 -0.52420490980148315430 0.32288372516632080078 -0.20878826081752777100 0.03202680125832557678 -0.03859971463680267334 0.04158705845475196838
-0.17913094162940979004 0.01868194155395030975 0.41389271616935729980 -0.24156287312507629395 0.26177069544792175293 0.14737778902053833008 0.13955999910831451416 0.09845667332410812378 0.50005489587783813477 0.06734276562929153442 -0.39355355501174926758 0.35450756549835205078 -0.29303303360939025879 0.19017723202705383301 -0.01372467353940010071 -0.39233070611953735352 -0.55606293678283691406 -0.22326706349849700928 -0.08124188333749771118 0.11872611939907073975 -0.00603361520916223526 -0.15943425893783569336 -0.27327945828437805176 0.10015030950307846069 -0.23106005787849426270
0.24733476340770721436 0.23063267767429351807 -0.48661342263221740723 0.27399894595146179199 0.01443433668464422226 0.24326325953006744385 -0.00372134824283421040 0.08080509305000305176 0.10280095040798187256 -0.01485727541148662567 -0.02101914212107658386 -0.03499325364828109741 -0.04171458259224891663 0.16106627881526947021 -0.03231237828731536865 0.09251000732183456421 -0.01049546804279088974 -0.03789754956960678101 -0.08252187818288803101 -0.16840280592441558838 0.06014789268374443054 -0.25003454089164733887 -0.06893833726644515991 -0.01248677819967269897 -0.01772570610046386719
-0.42152401804924011230 0.34751588106155395508 -0.39578616619110107422 0.33310598134994506836 -0.26113650202751159668 -0.05644046515226364136 -0.66080063581466674805 -0.02672343142330646515 -0.53486651182174682617 -0.17337249219417572021 0.30939191579818725586 -0.52708578109741210938 -0.02575019188225269318 -0.69004607200622558594 -0.23142290115356445312 0.50159013271331787109 0.34914365410804748535 0.25435853004455566406 -0.01442646235227584839 0.02551939897239208221 -0.22919154167175292969 0.60178589820861816406 0.11176367849111557007 0.13028566539287567139 0.01356718316674232483
-0.08550947159528732300 0.26152232289314270020 -0.08419081568717956543 0.22499451041221618652 0.11360159516334533691 -0.19007256627082824707 -0.13066999614238739014 0.10362490266561508179 0.24276572465896606445 -0.04546688124537467957 -0.33031135797500610352 0.19411692023277282715 -0.36360967159271240234 0.05148816481232643127 0.39923503994941711426 0.17047224938869476318 0.15314981341361999512 -0.06209893152117729187 -0.11864554882049560547 -0.00425502704456448555 0.06268280744552612305 -0.07455577701330184937 0.09992384910583496094 0.10221531242132186890 0.02915817312896251678
0.32993113994598388672 0.23996774852275848389 -0.34761372208595275879 0.03283732384443283081 -0.02973948419094085693 0.06528609246015548706 -0.09884703904390335083 0.07358141243457794189 0.09523416310548782349 -0.07493859529495239258 -0.27725780010223388672 0.37477123737335205078 -0.47699555754661560059 0.29161962866783142090 0.41947904229164123535 0.25245830416679382324 -0.02630787342786788940 0.30411380529403686523 0.05363703146576881409 0.20946548879146575928 0.22022813558578491211 -0.00709799118340015411 0.02917316928505897522 0.11987279355525970459 -0.18652647733688354492
-0.23348954319953918457 -0.24795652925968170166 0.40763208270072937012 -0.27276250720024108887 -0.08540692925453186035 -0.34486955404281616211 0.09962475299835205078 -0.06736436486244201660 0.00185140897519886494 0.16691771149635314941 0.15954115986824035645 0.18783926963806152344 0.13057878613471984863 -0.13693085312843322754 -0.06358833611011505127 -0.09485998004674911499 0.03829729557037353516 -0.12933102250099182129 0.04197511821985244751 0.25481989979743957520 -0.03916345909237861633 -0.07161515951156616211 0.17832571268081665039 0.10987488925457000732 -0.04938050359487533569
0.06398407369852066040 0.25844481587409973145 -0.58402919769287109375 0.03610210120677947998 -0.17069266736507415771 0.04597431048750877380 0.38662567734718322754 0.23501160740852355957 0.29564377665519714355 0.05672435835003852844 -0.16764757037162780762 -0.05484497547149658203 0.03105914779007434845 -0.26640647649765014648 -0.10560663044452667236 -0.57557320594787597656 0.27346152067184448242 -0.06104000657796859741 0.06517815589904785156 -0.03652133420109748840 -0.06510602682828903198 0.28019008040428161621 0.07945822924375534058 -0.00250230473466217518 0.08194310963153839111
-0.01776777394115924835 0.10581786185503005981 -0.25569385290145874023 0.13414792716503143311 -0.34040224552154541016 -0.18416951596736907959 -0.10500086843967437744 0.08223913609981536865 0.09121697396039962769 0.02570556104183197021 0.00406612129881978035 0.36569869518280029297 -0.27304294705390930176 0.05639659985899925232 0.29850775003433227539 -0.00588857475668191910 -0.03718868270516395569 -0.03460780158638954163 0.05778270214796066284 0.00631225015968084335 0.09560954570770263672 -0.54573899507522583008 -0.37325495481491088867 -0.19173879921436309814 0.06460615992546081543
0.34160855412483215332 0.02575420029461383820 -0.03456659242510795593 0.22424353659152984619 0.39563298225402832031 0.35395318269729614258 0.86443495750427246094 0.01542442012578248978 0.39786872267723083496 -0.10117380321025848389 -0.14635117352008819580 0.01014292333275079727 0.12161026895046234131 0.38534843921661376953 -0.10454967617988586426 -0.60239630937576293945 -0.00256230542436242104 0.11947033554315567017 -0.07339449226856231689 0.42773509025573730469 -0.30016705393791198730 -0.28255435824394226074 -0.41503414511680603027 0.18329027295112609863 0.01828796043992042542
0.07787065953016281128 0.38406547904014587402 -0.37824168801307678223 0.35939025878906250000 0.08486363291740417480 0.22954818606376647949 0.20273438096046447754 0.07470018416643142700 0.05467946454882621765 -0.04134587943553924561 -0.05843801423907279968 -0.40479561686515808105 0.01544444169849157333 -0.47467461228370666504 -0.42091736197471618652 -0.43347623944282531738 -0.39188617467880249023 -0.38722255825996398926 0.04364621266722679138 -0.42628672719001770020 0.08437178283929824829 0.44247269630432128906 0.17392076551914215088 0.09212455153465270996 -0.02792652696371078491
0.35975727438926696777 0.06043851003050804138 0.32634648680686950684 -0.34411516785621643066 -0.20678637921810150146 0.23891209065914154053 -0.33900174498558044434 0.02027721703052520752 0.00448194565251469612 -0.07083079963922500610 -0.17414101958274841309 -0.35190063714981079102 0.16539189219474792480 0.08857353031635284424 -0.28286856412887573242 -0.19639468193054199219 -0.35828670859336853027 0.09401589632034301758 0.05774156749248504639 0.03856723010540008545 -0.11052507162094116211 -0.19482910633087158203 0.12684927880764007568 0.08601060509681701660 -0.12032136321067810059
-0.09767100214958190918 0.24709476530551910400 -0.47047179937362670898 0.11147299408912658691 0.01268239971250295639 0.32913497090339660645 -0.15561874210834503174 0.08981191366910934448 -0.20592167973518371582 -0.01597526483237743378 -0.01931481994688510895 0.02225398086011409760 -0.12687550485134124756 -0.04967655241489410400 -0.01343055721372365952 0.09518009424209594727 0.16556651890277862549 0.03357061743736267090 -0.02959466166794300079 -0.06063548848032951355 0.08542124927043914795 -0.33808577060699462891 -0.16849094629287719727 0.00391113525256514549 -0.07265924662351608276
0.31297487020492553711 -0.06494687497615814209 0.20449857413768768311 -0.30625447630882263184 0.07772692292928695679 0.08922173827886581421 0.36282274127006530762 0.02572836168110370636 -0.40301948785781860352 0.26578924059867858887 0.59757417440414428711 0.21906055510044097900 0.48659309744834899902 0.00804052129387855530 -0.43589636683464050293 -0.02622661925852298737 0.06469113379716873169 -0.28435063362121582031 -0.02138814330101013184 -0.19856993854045867920 -0.01244441978633403778 0.30022323131561279297 0.25629356503486633301 -0.13932099938392639160 0.12470608204603195190
0.04972182214260101318 0.26320844888687133789 -0.40018382668495178223 0.38053426146507263184 -0.06627257913351058960 -0.12450758367776870728 -0.51988118886947631836 -0.18951138854026794434 -0.33571025729179382324 -0.18746849894523620605 0.39824557304382324219 -0.23241244256496429443 -0.00785008072853088379 -0.24354504048824310303 -0.06166245415806770325 0.34238111972808837891 0.30294075608253479004 0.08341454714536666870 0.19147348403930664062 0.17142742872238159180 0.11489548534154891968 -0.31280395388603210449 -0.23403930664062500000 0.05129576474428176880 -0.04215880110859870911
0.46252340078353881836 0.10896178334951400757 0.24290822446346282959 0.00723225018009543419 -0.27183392643928527832 -0.33403208851814270020 -0.12646485865116119385 -0.23062887787818908691 -0.77678388357162475586 0.11115822196006774902 0.23565708100795745850 -0.24715039134025573730 0.09009059518575668335 -0.00964520033448934555 0.31604275107383728027 0.51490247249603271484 0.05945894122123718262 0.36046487092971801758 -0.03828366100788116455 -0.10195386409759521484 0.01223874744027853012 -0.11603239923715591431 0.09994935989379882812 -0.06266341358423233032 -0.05920842662453651428
0.06532648950815200806 -0.07734369486570358276 0.62985283136367797852 -0.31102159619331359863 0.16762766242027282715 0.08073428273200988770 -0.15217067301273345947 -0.00966107007116079330 0.12824329733848571777 -0.05394127219915390015 -0.15591010451316833496 -0.19305433332920074463 -0.01462533324956893921 0.10655812174081802368 0.07709315419197082520 -0.12718717753887176514 0.24431262910366058350 0.07515279948711395264 -0.08766999840736389160 -0.03933530300855636597 -0.12529765069484710693 0.02967438474297523499 0.10690531879663467407 -0.04848990589380264282 -0.01355784479528665543
0.42564043402671813965 -0.00837055593729019165 0.30338868498802185059 0.16165994107723236084 -0.04653118178248405457 -0.07912676036357879639 0.43612301349639892578 0.14386184513568878174 0.76417142152786254883 -0.16046252846717834473 -0.34726396203041076660 0.31033587455749511719 -0.33434152603149414062 -0.05396233871579170227 0.09826886653900146484 -0.40865477919578552246 -0.04550680890679359436 -0.22241064906120300293 -0.32523933053016662598 0.17260041832923889160 -0.20040491223335266113 0.03886061906814575195 0.32168522477149963379 0.00468942243605852127 0.28774067759513854980
-0.03941726684570312500 0.17057777941226959229 -0.44541215896606445312 0.24934102594852447510 0.24349133670330047607 -0.03520264476537704468 -0.05631837621331214905 -0.10602284222841262817 0.45992532372474670410 -0.06981505453586578369 -0.08486927300691604614 0.28122994303703308105 0.14249821007251739502 0.00538697838783264160 -0.25657764077186584473 0.12703016400337219238 0.13094960153102874756 0.34600195288658142090 -0.03361320495605468750 -0.09576393663883209229 0.14069153368473052979 0.02103033475577831268 -0.14373484253883361816 -0.06039873883128166199 -0.18798382580280303955
0.05537272244691848755 0.17515842616558074951 -0.06826061755418777466 0.29842954874038696289 0.07324726134538650513 0.09108804911375045776 0.12515532970428466797 0.09675846248865127563 0.10049565881490707397 0.04096633940935134888 -0.11426123976707458496 0.05807939544320106506 -0.25897780060768127441 0.10572211444377899170 0.23460353910923004150 -0.19794896245002746582 0.08884796500205993652 -0.16357539594173431396 0.09509713202714920044 -0.02918271906673908234 -0.10641852021217346191 -0.31774520874023437500 -0.10606303066015243530 -0.01180844288319349289 0.15253087878227233887
0.65340828895568847656 0.26338091492652893066 0.45584028959274291992 -0.38737034797668457031 -0.10054836422204971313 0.34382054209709167480 -0.23573859035968780518 0.10621288418769836426 -0.31178781390190124512 -0.09506838768720626831 -0.08479023724794387817 -0.39550459384918212891 0.15998581051826477051 0.09507498145103454590 -0.51172477006912231445 -0.51725465059280395508 -0.36061382293701171875 -0.22775541245937347412 -0.16786812245845794678 0.03637294471263885498 -0.24040706455707550049 0.20586626231670379639 0.02002476900815963745 -0.07826770842075347900 0.15983550250530242920
-0.24079129099845886230 -0.40231692790985107422 -0.05779862031340599060 -0.44072297215461730957 -0.01956351846456527710 0.19618840515613555908 0.32176652550697326660 0.14018276333808898926 0.58976727724075317383 -0.03510295599699020386 -0.56229358911514282227 0.04118799418210983276 -0.16966803371906280518 -0.20115801692008972168 0.15188069641590118408 -0.42478206753730773926 -0.10196924209594726562 -0.18954497575759887695 -0.06271502375602722168 -0.08154439926147460938 -0.18260958790779113770 -0.00920400582253932953 -0.00048549141502007842 -0.10181774199008941650 -0.06005583330988883972
0.04464793577790260315 0.36739742755889892578 -0.01552624069154262543 0.26223805546760559082 0.07793390750885009766 -0.10857287049293518066 0.06142895296216011047 -0.14982366561889648438 0.24286350607872009277 0.10473570972681045532 -0.23086450994014739990 0.49504798650741577148 -0.09050013124942779541 -0.07229744642972946167 0.39893493056297302246 0.39962443709373474121 -0.13290981948375701904 0.36190286278724670410 -0.02840358391404151917 0.23552444577217102051 -0.27405685186386108398 -0.04972680285573005676 -0.15843178331851959229 0.16966140270233154297 0.22413505613803863525
0.13084019720554351807 -0.31214165687561035156 0.11408632248640060425 -0.21333560347557067871 -0.09782563149929046631 0.10617721080780029297 -0.34600165486335754395 0.14629028737545013428 -0.32693025469779968262 -0.26853421330451965332 0.25729840993881225586 -0.13500493764877319336 0.08628722280263900757 0.11822964251041412354 -0.00876329746097326279 0.00390125135891139507 0.04895149171352386475 0.11127252876758575439 0.10920015722513198853 -0.14349849522113800049 -0.07471002638339996338 0.20669400691986083984 -0.09643371403217315674 -0.01652670279145240784 0.01468907110393047333
0.05586333572864532471 -0.50551199913024902344 0.12697497010231018066 -0.30929368734359741211 -0.14743718504905700684 0.24719621241092681885 -0.44583684206008911133 -0.10114447027444839478 -0.08776218444108963013 -0.11492842435836791992 0.32495617866516113281 -0.01440407056361436844 0.01981524564325809479 -0.13639006018638610840 0.36783188581466674805 0.43672698736190795898 0.28875339031219482422 0.33157256245613098145 -0.15586358308792114258 -0.12323950231075286865 -0.05725771561264991760 0.21680539846420288086 0.25375321507453918457 0.08143553882837295532 -0.00767212826758623123
0.24979461729526519775 0.12161027640104293823 -0.45279240608215332031 0.08792123198509216309 -0.06487943232059478760 0.30768030881881713867 0.00828481744974851608 0.25548902153968811035 0.31984418630599975586 -0.15273243188858032227 -0.19713257253170013428 0.12747420370578765869 -0.28633996844291687012 0.26993867754936218262 0.01367122493684291840 -0.02395072393119335175 0.23839950561523437500 0.27659192681312561035 -0.01125917583703994751 0.06669041514396667480 -0.26589542627334594727 0.46571099758148193359 0.30628553032875061035 0.05882284045219421387 0.13683293759822845459
0.05559786036610603333 0.06152188777923583984 0.01075947284698486328 -0.09789456427097320557 -0.04689210653305053711 -0.00439187884330749512 -0.00505172461271286011 0.02068869024515151978 -0.55390572547912597656 -0.10675062239170074463 0.40596535801887512207 -0.20643907785415649414 0.19534100592136383057 0.38584470748901367188 0.49671134352684020996 -0.44675025343894958496 1.59274339675903320312 -0.56624454259872436523 -0.35784834623336791992 -0.03502679988741874695 0.50873887538909912109 -0.60434442758560180664 -0.20365558564662933350 0.16403338313102722168 0.02901127189397811890
0.41794502735137939453 0.17250940203666687012 0.66677361726760864258 -0.17041131854057312012 -0.05315171927213668823 0.17003558576107025146 -0.36796733736991882324 0.03460257500410079956 -0.10905187577009201050 -0.11462156474590301514 -0.17572540044784545898 -0.29445889592170715332 -0.02044756151735782623 0.10180656611919403076 -0.27041459083557128906 -0.22797714173793792725 -0.35020861029624938965 -0.18611034750938415527 0.02594714984297752380 0.09440172463655471802 -0.15918108820915222168 -0.20151521265506744385 0.04466680064797401428 0.06037122756242752075 -0.21837578713893890381
0.09725348651409149170 0.10286933928728103638 -0.25386610627174377441 0.26653793454170227051 0.09789742529392242432 -0.05509322509169578552 -0.02065724134445190430 -0.00243705860339105129 -0.04104606062173843384 0.02219262346625328064 -0.17619262635707855225 0.54723888635635375977 -0.35569444298744201660 0.19220338761806488037 0.28508603572845458984 0.25270608067512512207 0.11328724026679992676 0.49063080549240112305 -0.02533323317766189575 -0.00444660289213061333 0.04286488518118858337 -0.11904368549585342407 -0.22982656955718994141 0.06552013009786605835 -0.18436399102210998535
-0.09331225603818893433 0.31672397255897521973 -0.49132785201072692871 0.39144560694694519043 0.02867371030151844025 0.23465964198112487793 0.23046283423900604248 -0.05244530737400054932 0.36934065818786621094 -0.02188640832901000977 0.13056291639804840088 0.36017706990242004395 0.05006591230630874634 -0.08290582150220870972 -0.49024009704589843750 0.11522140353918075562 0.09468898922204971313 0.13593168556690216064 0.03470929339528083801 -0.01123503316193819046 0.02153726294636726379 0.03762788325548171997 -0.14945244789123535156 -0.07502435892820358276 -0.20679263770580291748
-0.04051949828863143921 0.21226072311401367188 -0.11802108585834503174 0.09973559528589248657 -0.40192347764968872070 0.45644468069076538086 -0.43903005123138427734 0.19062171876430511475 -0.30738371610641479492 -0.12801012396812438965 -0.00403628265485167503 -0.88977181911468505859 0.27812102437019348145 -1.29606211185455322266 0.01865033619105815887 0.61962687969207763672 0.65522295236587524414 0.24227701127529144287 -0.31491711735725402832 0.07753417640924453735 -0.00089052086696028709 0.30321162939071655273 0.28154823184013366699 0.07466944307088851929 0.10325822234153747559
0.08467124402523040771 -0.25054579973220825195 0.31919196248054504395 -0.19031144678592681885 0.20101165771484375000 -0.12905958294868469238 0.15370987355709075928 -0.05895651876926422119 0.80164307355880737305 -0.36277827620506286621 -0.29500338435173034668 -0.12947563827037811279 -0.41002702713012695312 -0.28575259447097778320 0.33971023559570312500 0.23772791028022766113 -1.33542597293853759766 0.88472384214401245117 -0.04383940249681472778 -0.16507612168788909912 0.39715316891670227051 -0.30974268913269042969 -0.06063552573323249817 -0.01786840707063674927 -0.12316957861185073853
-0.15317504107952117920 -0.01616422832012176514 -0.20518293976783752441 0.41684833168983459473 0.20888476073741912842 -0.08885560184717178345 0.40680748224258422852 0.13805139064788818359 0.19643229246139526367 -0.03152980282902717590 -0.22232301533222198486 0.44056573510169982910 -0.50180423259735107422 0.45953944325447082520 0.58135795593261718750 0.21711085736751556396 0.05843730270862579346 0.13504965603351593018 0.33005815744400024414 0.43014094233512878418 0.16110651195049285889 -0.54466104507446289062 -0.06907347589731216431 0.03128169849514961243 -0.11661359667778015137
-0.21670627593994140625 -0.11123715341091156006 0.34988898038864135742 -0.35271698236465454102 0.28199100494384765625 0.01731597445905208588 0.33497023582458496094 0.04484443366527557373 0.45247805118560791016 0.24075041711330413818 -0.27755814790725708008 0.17641821503639221191 -0.15417954325675964355 0.23060148954391479492 -0.42222586274147033691 -0.33601337671279907227 -0.31483662128448486328 -0.46257090568542480469 0.05013451352715492249 0.15973113477230072021 0.14999523758888244629 -0.30362567305564880371 -0.15679059922695159912 0.00565887661650776863 -0.10978761315345764160
0.27453562617301940918 0.20639628171920776367 0.07368849962949752808 0.51059013605117797852 0.06117975339293479919 -0.30656760931015014648 0.31772202253341674805 -0.16507691144943237305 0.34569972753524780273 0.03150380030274391174 -0.12401666492223739624 -0.37351554632186889648 0.22489383816719055176 -0.21277193725109100342 -0.42229655385017395020 -0.48566493391990661621 0.02795077674090862274 -0.20193724334239959717 0.17519623041152954102 0.04374501481652259827 0.13925516605377197266 -0.25757592916488647461 0.01010947860777378082 -0.06145642325282096863 0.07537332177162170410
0.19157589972019195557 -0.24848942458629608154 0.07721824198961257935 -0.34112405776977539062 -0.20115174353122711182 -0.33695358037948608398 -0.46811568737030029297 -0.11809861660003662109 -0.59164851903915405273 -0.11348722130060195923 0.27924779057502746582 -0.16285663843154907227 0.08959927409887313843 0.01449246332049369812 0.44766417145729064941 -0.10344942659139633179 0.30437406897544860840 0.21015921235084533691 -0.03225601464509963989 0.02861127257347106934 0.00414031790569424629 0.14653587341308593750 0.08415766805410385132 -0.09469744563102722168 -0.15331874787807464600
-0.08273608982563018799 -0.32670292258262634277 0.22534766793251037598 -0.27650532126426696777 -0.01251236442476511002 0.08093497902154922485 -0.14649146795272827148 0.10625516623258590698 -0.39963912963867187500 -0.10223686695098876953 0.41624140739440917969 0.01134312525391578674 0.02785316854715347290 0.06357546895742416382 0.21368224918842315674 0.29529181122779846191 0.27411034703254699707 0.28373369574546813965 -0.10135287046432495117 -0.10212837159633636475 -0.34402561187744140625 0.68492645025253295898 0.29881283640861511230 -0.03914163634181022644 -0.16291216015815734863
-0.10395232588052749634 -0.29716730117797851562 0.55105215311050415039 -0.23033645749092102051 -0.15547434985637664795 -0.57314211130142211914 -0.50736510753631591797 0.04970905929803848267 -0.15121562778949737549 0.08920336514711380005 -0.21432296931743621826 -0.47058224678039550781 0.16774390637874603271 0.08107732236385345459 0.72806429862976074219 -0.04620586708188056946 0.06208461150527000427 -0.10350645333528518677 0.27021497488021850586 0.31823673844337463379 -0.04611260443925857544 -0.11363881826400756836 -0.26893469691276550293 0.00903307087719440460 0.07620660960674285889
0.00785584282130002975 0.16452400386333465576 -0.14714649319648742676 0.09841875731945037842 0.10867778211832046509 0.74897533655166625977 0.58914250135421752930 0.13204018771648406982 0.52783155441284179688 -0.22894625365734100342 0.13822279870510101318 0.49674451351165771484 0.04385679960250854492 0.07928236573934555054 -0.48388358950614929199 -0.32161152362823486328 -0.77759099006652832031 -0.10864444822072982788 -0.28208810091018676758 0.41491740942001342773 -0.35005500912666320801 -0.05627867579460144043 0.07848111540079116821 0.16557410359382629395 0.00127929053269326687
0.31239640712738037109 0.36405888199806213379 -0.10266378521919250488 0.45534488558769226074 -0.14355854690074920654 -0.35646829009056091309 -0.29155525565147399902 -0.14765341579914093018 -0.35752150416374206543 -0.22059470415115356445 0.39476487040519714355 -0.01757755875587463379 -0.09886517375707626343 -0.19853876531124114990 0.39574092626571655273 0.51634192466735839844 0.58449459075927734375 0.24418279528617858887 -0.16490082442760467529 0.08395412564277648926 -0.28513583540916442871 -0.11668777465820312500 0.17195743322372436523 0.01943882554769515991 0.11503385007381439209
0.27927458286285400391 0.31668785214424133301 0.35610190033912658691 -0.10193116962909698486 0.26688981056213378906 0.29075777530670166016 0.47049593925476074219 0.13900449872016906738 0.32892155647277832031 -0.17341816425323486328 -0.29239040613174438477 -0.31927785277366638184 0.10480332374572753906 0.05790900811553001404 -0.40317133069038391113 -0.87191635370254516602 -0.30211022496223449707 -0.34902447462081909180 0.26328140497207641602 -0.21372747421264648438 0.18464304506778717041 -0.39362013339996337891 -0.14241871237754821777 0.07664909958839416504 -0.16541446745395660400
0.42166030406951904297 0.27473571896553039551 -0.30826133489608764648 0.45617833733558654785 0.16500797867774963379 0.16378615796566009521 0.05222785845398902893 0.18328087031841278076 -0.43266218900680541992 -0.00647383835166692734 0.13839206099510192871 0.10606274753808975220 0.10002560913562774658 -0.03007482178509235382 0.10544147342443466187 -0.45264941453933715820 1.72492992877960205078 -0.08132561296224594116 0.16708581149578094482 -0.10905562341213226318 0.08752726763486862183 0.22704043984413146973 0.11728452891111373901 -0.15111878514289855957 0.23875215649604797363
0.54136669635772705078 -0.19800066947937011719 0.05256789550185203552 -0.22819706797599792480 -0.07477679848670959473 0.22001178562641143799 -0.13295225799083709717 -0.17445929348468780518 -0.34623551368713378906 -0.22008059918880462646 0.31545999646186828613 -0.43393149971961975098 0.33610501885414123535 0.00976668857038021088 -0.12296940386295318604 0.00104755884967744350 0.04963402450084686279 0.17436175048351287842 0.06044491380453109741 -0.06541369855403900146 -0.06778329610824584961 -0.01527364179491996765 0.44801083207130432129 -0.02454413287341594696 -0.17659737169742584229
0.05034694448113441467 -0.05060649663209915161 0.41332885622978210449 -0.19970920681953430176 -0.06477539241313934326 -0.22938682138919830322 0.03092921338975429535 -0.03775129839777946472 0.25977730751037597656 -0.03083874098956584930 -0.06489153206348419189 0.06917454302310943604 0.11884506046772003174 -0.08509583771228790283 -0.02869095839560031891 -0.08654666692018508911 0.00842825975269079208 0.04573538526892662048 0.07540878653526306152 0.20882606506347656250 0.12893664836883544922 0.04640042781829833984 0.09135704487562179565 0.02912068553268909454 -0.07058892399072647095
0.33484214544296264648 -0.01781154982745647430 0.58726924657821655273 -0.20867474377155303955 -0.11379304528236389160 0.07230307161808013916 -0.42897754907608032227 -0.01664020679891109467 -0.09855248034000396729 -0.06522804498672485352 -0.19637905061244964600 -0.45250990986824035645 0.17719046771526336670 0.01324327662587165833 -0.46001172065734863281 -0.26973462104797363281 -0.28585827350616455078 -0.23715783655643463135 -0.07856483012437820435 -0.25243851542472839355 0.16836875677108764648 -0.10878535360097885132 -0.22211083769798278809 0.11933420598506927490 -0.18738196790218353271
0.00548854330554604530 0.12070851773023605347 -0.19636622071266174316 0.27420908212661743164 0.04164450615644454956 0.04343763738870620728 0.03731456771492958069 -0.16069957613945007324 0.49919810891151428223 0.13375444710254669189 -0.27877053618431091309 0.15549992024898529053 -0.09139746427536010742 -0.09367129951715469360 -0.17403548955917358398 -0.01900705881416797638 -0.21359916031360626221 -0.09056720882654190063 -0.01548994425684213638 0.04415253177285194397 -0.25879651308059692383 0.35975095629692077637 0.18585330247879028320 0.06899369508028030396 0.07822049409151077271
-0.52919673919677734375 -0.18894197046756744385 -0.27660539746284484863 -0.03040741384029388428 -0.21253687143325805664 -0.00530188856646418571 0.56158900260925292969 0.05346194654703140259 0.63852500915527343750 -0.07662572711706161499 0.19565756618976593018 0.12873099744319915771 0.31319209933280944824 0.03403858840465545654 -1.16112351417541503906 -0.00654774904251098633 -1.33390498161315917969 0.13242810964584350586 -0.09838609397411346436 -0.13500553369522094727 -0.17303980886936187744 0.44412064552307128906 0.41863769292831420898 0.01615389250218868256 0.08646102994680404663
-0.02225438505411148071 -0.00956346094608306885 0.24942943453788757324 -0.15787290036678314209 -0.08485122770071029663 -0.18479008972644805908 -0.00797916296869516373 -0.09094090759754180908 -0.06208234280347824097 -0.10107582062482833862 0.15856291353702545166 -0.42178201675415039062 0.43227493762969970703 -0.35410705208778381348 -0.33773562312126159668 0.02606539241969585419 -0.18814596533775329590 -0.06097521632909774780 -0.14288048446178436279 -0.20772257447242736816 0.01169398799538612366 0.35460469126701354980 -0.02369357086718082428 0.10365394502878189087 0.05803633853793144226
-0.46559733152389526367 -0.41039562225341796875 0.26301127672195434570 -0.19482924044132232666 -0.01415726449340581894 -0.39123111963272094727 -0.13282220065593719482 -0.16402725875377655029 -0.02397985011339187622 0.19020570814609527588 0.23033940792083740234 -0.21892519295215606689 0.15606807172298431396 -0.42258694767951965332 -0.07229228317737579346 0.78665256500244140625 -0.42575296759605407715 0.15061368048191070557 -0.18070462346076965332 0.18500757217407226562 -0.28590697050094604492 0.09973881393671035767 0.15375526249408721924 0.00005764840170741081 -0.05039027705788612366
0.30897769331932067871 0.32180345058441162109 0.01632652804255485535 0.04612038284540176392 0.05683139711618423462 0.12634363770484924316 0.26257681846618652344 -0.02242545969784259796 0.47514548897743225098 0.13628110289573669434 -0.47046566009521484375 0.22184731066226959229 -0.12895146012306213379 0.35561373829841613770 -0.28408944606781005859 -0.12183252722024917603 -0.22435452044010162354 -0.36518418788909912109 -0.08281431347131729126 -0.10520666092634201050 0.09560894966125488281 -0.49668836593627929688 -0.21419276297092437744 -0.02684910967946052551 0.00463144434615969658
-0.12242583930492401123 -0.05646399408578872681 0.43566820025444030762 0.30851969122886657715 -0.02744787931442260742 -0.76819509267807006836 -0.38909170031547546387 -0.16227164864540100098 0.13144932687282562256 0.00717206578701734543 0.30277633666992187500 0.12676127254962921143 -0.22079345583915710449 0.12943190336227416992 0.15492002665996551514 0.67244857549667358398 -0.53823316097259521484 0.48449438810348510742 -0.37097820639610290527 -0.07558769732713699341 0.01513129565864801407 -0.15498362481594085693 0.11451690644025802612 0.07207227498292922974 0.00001541932579129934
-0.09986585378646850586 0.12868212163448333740 0.10318036377429962158 0.35314628481864929199 0.06621845811605453491 0.03529030084609985352 -0.05160016193985939026 -0.07734714448451995850 -0.07395205646753311157 0.31285560131072998047 0.03152525797486305237 0.78603225946426391602 -0.16759146749973297119 0.42034748196601867676 0.33537706732749938965 0.37443858385086059570 0.04200470447540283203 0.51410931348800659180 0.12647353112697601318 0.18643766641616821289 -0.08028184622526168823 -0.05428627878427505493 0.17480869591236114502 0.00867506302893161774 0.14926201105117797852
-0.09193754941225051880 -0.07653340697288513184 -0.25848889350891113281 0.47710853815078735352 0.15374672412872314453 0.09619468450546264648 -0.07436893135309219360 0.04040236026048660278 0.33974504470825195312 -0.24910555779933929443 0.11433010548353195190 -0.22328418493270874023 0.01755185797810554504 -0.47420990467071533203 0.23409964144229888916 -0.33746725320816040039 0.70159369707107543945 -0.15917287766933441162 0.10842165350914001465 -0.08566588163375854492 0.16660769283771514893 0.10855792462825775146 0.12145616859197616577 -0.17651079595088958740 -0.09923553466796875000
0.22367455065250396729 0.23071409761905670166 0.43126377463340759277 0.31438711285591125488 0.27092084288597106934 -0.36177378892898559570 0.87908631563186645508 -0.15302057564258575439 0.55712378025054931641 0.07136937230825424194 -0.36145424842834472656 0.13711468875408172607 -0.18047876656055450439 0.25260373950004577637 -0.02086078189313411713 -0.28126725554466247559 0.18153110146522521973 -0.47749215364456176758 -0.09329804778099060059 -0.03630244731903076172 0.14917746186256408691 -0.16929043829441070557 -0.48180595040321350098 0.05309402197599411011 -0.02017106115818023682
-0.00029539584647864103 0.10457023233175277710 -0.25000384449958801270 0.19096536934375762939 0.07519064843654632568 -0.03576273098587989807 0.16106459498405456543 -0.07685218751430511475 0.28354969620704650879 0.11686769872903823853 -0.25975543260574340820 0.20514839887619018555 -0.09946873784065246582 -0.02470745705068111420 -0.12006650120019912720 -0.17980420589447021484 -0.29360321164131164551 -0.28050383925437927246 0.09308869391679763794 -0.04725982993841171265 -0.04696691408753395081 0.38572353124618530273 0.38185763359069824219 0.05109448730945587158 0.10836356133222579956
0.51611161231994628906 -0.19210927188396453857 0.06978785991668701172 -0.32366549968719482422 -0.12189114838838577271 0.19591253995895385742 -0.60820513963699340820 -0.01728382334113121033 -0.84095430374145507812 0.18017533421516418457 0.13571819663047790527 0.18854609131813049316 -0.07960918545722961426 0.26884686946868896484 -0.24125169217586517334 -0.12410650402307510376 0.47408449649810791016 0.17568349838256835938 0.03762194886803627014 -0.13170967996120452881 0.25838163495063781738 -0.70977354049682617188 -0.37976291775703430176 0.16922120749950408936 -0.14860929548740386963
-0.18975900113582611084 -0.51934397220611572266 0.16570708155632019043 -0.41387125849723815918 0.25239154696464538574 0.23431260883808135986 0.47096669673919677734 0.04067838564515113831 0.56332635879516601562 0.14555858075618743896 -0.06620749086141586304 0.19307079911231994629 -0.01921537145972251892 -0.14499111473560333252 0.16716566681861877441 1.07444858551025390625 -0.46009248495101928711 0.56956857442855834961 -0.11083116382360458374 -0.10285101085901260376 -0.05915131047368049622 0.49427065253257751465 0.46854147315025329590 0.08915530145168304443 0.09785701334476470947
-0.24421407282352447510 -0.35085681080818176270 -0.04098033532500267029 -0.54577040672302246094 -0.27231863141059875488 0.70994400978088378906 -0.10353966802358627319 0.09072220325469970703 -0.14427360892295837402 0.05521886795759201050 0.18147900700569152832 0.14720319211483001709 0.05058424174785614014 0.08570546656847000122 0.30442839860916137695 0.60390913486480712891 -0.40452170372009277344 -0.18475425243377685547 0.05431992560625076294 0.03608402609825134277 -0.05152011662721633911 -0.23201157152652740479 -0.26647806167602539062 0.04312163963913917542 -0.05118389055132865906
-0.14043824374675750732 0.07518302649259567261 0.53032743930816650391 -0.32841733098030090332 0.26926723122596740723 0.18880225718021392822 0.05948263779282569885 -0.12200854718685150146 0.44985273480415344238 0.14006532728672027588 -0.35254457592964172363 0.25083631277084350586 -0.19553437829017639160 0.08785632252693176270 -0.18794004619121551514 -0.20600219070911407471 -0.64189958572387695312 -0.02116895094513893127 0.00656982371583580971 0.13624352216720581055 0.02591634914278984070 -0.07929407805204391479 0.10578142106533050537 -0.06049890443682670593 -0.19870141148567199707
-0.34639117121696472168 -0.05146992579102516174 0.37423741817474365234 -0.22677366435527801514 0.31297022104263305664 0.03990287706255912781 0.71427243947982788086 -0.01062046363949775696 0.19344310462474822998 0.12843471765518188477 0.42034718394279479980 0.35659396648406982422 0.37393322587013244629 -0.03875329345464706421 -0.77854931354522705078 0.55845630168914794922 -0.77118331193923950195 0.15172053873538970947 -0.00743493251502513885 -0.29551944136619567871 0.00024252053117379546 0.30503126978874206543 0.36139437556266784668 -0.05010527372360229492 0.17997036874294281006
0.15223194658756256104 -0.26316538453102111816 0.34634670615196228027 -0.24449524283409118652 0.05597851797938346863 -0.04332992061972618103 -0.42717579007148742676 0.13202741742134094238 -0.16659414768218994141 -0.10760647058486938477 0.19168893992900848389 -0.01448757853358983994 -0.02295559458434581757 0.30222228169441223145 0.25493901968002319336 -0.14459705352783203125 0.09031134098768234253 0.16144450008869171143 0.01100984867662191391 -0.13754346966743469238 0.03568100929260253906 -0.92646396160125732422 -0.78542000055313110352 -0.07622849941253662109 -0.25097241997718811035
0.28465357422828674316 0.12525087594985961914 -0.26711830496788024902 0.27945405244827270508 -0.10993813723325729370 -0.08666862547397613525 -0.34976151585578918457 0.02803001739084720612 -0.56493997573852539062 -0.17866189777851104736 0.49142020940780639648 -0.25603124499320983887 0.05557369068264961243 -0.24469543993473052979 0.18834608793258666992 0.17719197273254394531 0.80635386705398559570 0.13079120218753814697 -0.10607903450727462769 -0.26004672050476074219 0.23343315720558166504 -0.08431033790111541748 -0.35978728532791137695 -0.09785032272338867188 -0.20741243660449981689
0.23834359645843505859 0.46821895241737365723 0.05993112549185752869 0.52655047178268432617 -0.11022143065929412842 -0.20236861705780029297 -0.31449469923973083496 -0.07694139331579208374 -0.06869154423475265503 0.27611768245697021484 -0.07292249053716659546 0.51758617162704467773 -0.32678386569023132324 -0.36130002140998840332 0.30113503336906433105 0.54997766017913818359 0.39257365465164184570 0.32523718476295471191 -0.04654031246900558472 0.02488574013113975525 -0.01192502677440643311 -0.29017660021781921387 -0.04455922544002532959 0.10060109943151473999 -0.06818439811468124390
0.37139672040939331055 0.60870051383972167969 -0.28059977293014526367 0.53430587053298950195 -0.05926228687167167664 -0.36121156811714172363 -0.57522475719451904297 -0.05954134464263916016 -0.43506127595901489258 -0.10149964690208435059 0.52285808324813842773 -0.17284473776817321777 0.50556212663650512695 -0.04034807905554771423 -0.26453801989555358887 -0.02050031349062919617 0.25885438919067382812 0.02044011279940605164 -0.08761825412511825562 0.16380709409713745117 -0.22097206115722656250 -0.06823819130659103394 0.35691431164741516113 -0.06958201527595520020 0.03739250823855400085
