-0.07671929150819778442 -0.18201944231986999512 0.00568995624780654907 0.03573933243751525879 0.04722563922405242920 0.11705848574638366699 -0.28228795528411865234 -0.19645600020885467529 -0.04027768969535827637 -0.19701486825942993164 -0.18739287555217742920 -0.41410097479820251465 -0.05527844280004501343 -0.01447516493499279022 -0.15523608028888702393 -0.08706633001565933228 -0.06214756891131401062 -0.00265249679796397686 -0.07287095487117767334 0.10620090365409851074 -0.10492048412561416626 0.00574484746903181076 -0.17221669852733612061 0.21166659891605377197 0.30883750319480895996
-0.11983635276556015015 -0.16719949245452880859 -0.06229605525732040405 0.01154474169015884399 0.00694994209334254265 0.03992797434329986572 -0.01940208859741687775 -0.01406543049961328506 0.03860009461641311646 -0.10262783616781234741 0.05262008309364318848 -0.15504711866378784180 -0.12994161248207092285 -0.01901610009372234344 -0.07911391556262969971 -0.11549080163240432739 -0.00211902568116784096 0.15513689815998077393 -0.02406483702361583710 -0.06121464073657989502 0.14171282947063446045 0.20478866994380950928 -0.02866001799702644348 0.04950904846191406250 0.55589658021926879883
-0.37300783395767211914 -0.17276819050312042236 0.16577491164207458496 -0.26235398650169372559 -0.10659262537956237793 0.05993795767426490784 -0.32003977894783020020 0.33137634396553039551 0.02531154453754425049 0.18661932647228240967 0.07453630119562149048 -0.27467975020408630371 -0.25448682904243469238 0.05173494666814804077 -0.16630129516124725342 0.05321976915001869202 0.09970054775476455688 0.16658821702003479004 -0.00799373630434274673 0.14236561954021453857 0.09054882824420928955 -0.05909555032849311829 0.02166821621358394623 0.25029015541076660156 0.44267135858535766602
-0.12881016731262207031 -0.05616635456681251526 0.00842614658176898956 -0.05148176848888397217 -0.04675855115056037903 -0.03727287426590919495 0.05741445720195770264 0.03860177844762802124 -0.06276290118694305420 0.06644093245267868042 0.02853918261826038361 0.18387493491172790527 0.05397458001971244812 -0.00633694743737578392 -0.07123985141515731812 0.01344094704836606979 -0.06933633238077163696 -0.08186816424131393433 0.00239470740780234337 -0.08867973834276199341 0.02012515626847743988 -0.15841406583786010742 -0.11211346834897994995 -0.07910788804292678833 -0.09355369955301284790
0.00616664160043001175 -0.00114950374700129032 -0.00603067548945546150 0.06424348056316375732 0.15201869606971740723 0.05119699984788894653 0.31456542015075683594 -0.15652638673782348633 0.27467122673988342285 -0.22116491198539733887 -0.05875827372074127197 0.04487983882427215576 -0.22122411429882049561 0.07582429796457290649 -0.01276945043355226517 -0.05371313542127609253 0.21857039630413055420 0.31924757361412048340 -0.09231202304363250732 -0.10620035976171493530 0.17173098027706146240 0.26749706268310546875 0.16048599779605865479 0.30251160264015197754 0.35097312927246093750
0.20857958495616912842 0.05339914932847023010 0.02020254917442798615 0.09099639207124710083 0.01265184488147497177 -0.03473908081650733948 0.04346956312656402588 0.15371438860893249512 0.04696550965309143066 0.07782526314258575439 0.06488145142793655396 0.17124891281127929688 0.04722896218299865723 0.00925430655479431152 -0.05403956398367881775 0.07686422020196914673 -0.06112943217158317566 -0.11119579523801803589 -0.02616460435092449188 0.06997143477201461792 -0.07719183713197708130 -0.16787432134151458740 0.02006416767835617065 -0.00937563274055719376 -0.15691114962100982666
0.25257712602615356445 0.23935422301292419434 -0.06265476346015930176 0.17943386733531951904 0.05209072679281234741 -0.03591572493314743042 0.14151670038700103760 0.04934362694621086121 0.00933767296373844147 -0.04683724045753479004 0.04181315004825592041 0.16346374154090881348 0.08300372213125228882 -0.02335252799093723297 0.15665899217128753662 0.00381150934845209122 -0.03116803430020809174 -0.13243409991264343262 0.03984556719660758972 -0.11132454127073287964 -0.15205562114715576172 -0.09096159040927886963 -0.05441211163997650146 -0.23650518059730529785 -0.34186470508575439453
0.32777935266494750977 0.28234085440635681152 0.06145919859409332275 0.26101899147033691406 0.08175785094499588013 -0.06577762961387634277 0.48886275291442871094 -0.18675151467323303223 0.05615727603435516357 -0.03436494991183280945 0.15475191175937652588 0.21529448032379150391 0.05100978910923004150 -0.00937518198043107986 0.28058451414108276367 0.15219077467918395996 0.08635064214468002319 -0.04256268963217735291 0.03422010317444801331 -0.13056865334510803223 0.02957318164408206940 0.02125190012156963348 -0.01989914476871490479 -0.20390760898590087891 -0.31335818767547607422
0.11517576128244400024 -0.06284172832965850830 0.06248761713504791260 -0.05671408027410507202 0.03115499019622802734 0.02304954454302787781 0.08757539093494415283 0.02817199006676673889 -0.05937704071402549744 0.09283823519945144653 -0.05189260840415954590 0.10334621369838714600 0.08357361704111099243 0.06876059621572494507 0.04363484308123588562 0.16039077937602996826 -0.02078552544116973877 -0.08309780806303024292 0.08026282489299774170 -0.02581947110593318939 -0.02650831080973148346 -0.01224347297102212906 -0.12128376215696334839 0.12019918859004974365 -0.30356889963150024414
-0.06766065955162048340 -0.04246463254094123840 -0.04485040903091430664 -0.02219768241047859192 -0.04135359078645706177 -0.01930839195847511292 -0.01764698326587677002 0.07283250242471694946 -0.06584936380386352539 0.03931153938174247742 0.02630582824349403381 0.14853599667549133301 0.08930724114179611206 -0.00400612363591790199 -0.00978892855346202850 0.00499595981091260910 -0.13842903077602386475 -0.07930348068475723267 0.02614167705178260803 -0.07327664643526077271 -0.00942632835358381271 -0.10735634714365005493 -0.05539027228951454163 -0.07138352841138839722 -0.26833006739616394043
-0.01440661214292049408 -0.00331784319132566452 -0.02897556312382221222 0.02808090858161449432 0.02308886684477329254 0.15773698687553405762 -0.23762203752994537354 -0.11097513139247894287 0.05410660430788993835 -0.27521637082099914551 -0.20464150607585906982 -0.25375381112098693848 -0.13904687762260437012 0.03225222975015640259 -0.11793126910924911499 -0.24799376726150512695 0.09190191328525543213 0.05590515211224555969 -0.02168436162173748016 0.08348398655652999878 0.14181844890117645264 0.18059328198432922363 0.10279536992311477661 0.21665124595165252686 0.48283752799034118652
-0.12453522533178329468 -0.14737930893898010254 0.00054700567852705717 -0.00466991495341062546 -0.01426101662218570709 0.01779073849320411682 -0.04344986751675605774 -0.01555439643561840057 0.08027373999357223511 -0.08793921023607254028 -0.03807460144162178040 -0.06546375900506973267 -0.06487786024808883667 -0.00932622235268354416 0.07963165640830993652 -0.08881581574678421021 0.11742687970399856567 0.04805445298552513123 0.02847248502075672150 0.01974621228873729706 0.06899197399616241455 0.11793815344572067261 0.07063225656747817993 -0.00914657022804021835 0.26611334085464477539
0.56913036108016967773 0.20702925324440002441 -0.00089236511848866940 -0.17249156534671783447 0.06089999899268150330 -0.12027426809072494507 0.27661505341529846191 -0.25839704275131225586 -0.21956069767475128174 0.20929123461246490479 -0.15672650933265686035 0.11046203970909118652 0.25407698750495910645 -0.07277275621891021729 0.05781461670994758606 0.06562801450490951538 -0.56391108036041259766 -0.08125388622283935547 0.10436502844095230103 -0.25073450803756713867 -0.08951504528522491455 -0.22375537455081939697 -0.07028985768556594849 -0.28388476371765136719 -0.49228131771087646484
-0.09173966199159622192 -0.03330155834555625916 -0.04743937402963638306 0.00972752179950475693 0.01213833689689636230 0.02182294242084026337 0.01208192016929388046 0.01042988244444131851 0.05080199241638183594 -0.12084957212209701538 -0.00615645200014114380 -0.09138250350952148438 -0.06991308182477951050 -0.01210109330713748932 0.04425404593348503113 -0.09852431714534759521 0.12725700438022613525 0.09608469158411026001 0.01662228256464004517 0.09291703253984451294 0.02937662787735462189 0.06439121067523956299 0.10691394656896591187 -0.01556828338652849197 0.21201910078525543213
0.53996962308883666992 0.50641626119613647461 0.01673137210309505463 0.26359361410140991211 0.30548825860023498535 -0.08603140711784362793 0.57467651367187500000 -0.06281560659408569336 0.18778315186500549316 0.05212499573826789856 -0.08365011960268020630 -0.28116330504417419434 0.06045326218008995056 0.05392418429255485535 -0.11367277801036834717 -0.07566842436790466309 0.12620395421981811523 -0.21861203014850616455 -0.01418279204517602921 0.21759620308876037598 0.10320220142602920532 -0.15194989740848541260 0.14183337986469268799 0.16894902288913726807 -0.00368837872520089149
-0.04979636892676353455 -0.05996577814221382141 -0.01331156119704246521 0.01664738729596138000 -0.00516288354992866516 0.02972207963466644287 -0.03805458173155784607 -0.04182642698287963867 0.02381310984492301941 -0.04200028628110885620 -0.05376715585589408875 -0.21804001927375793457 -0.04448552802205085754 -0.03490767627954483032 -0.00133115460630506277 -0.07000795751810073853 0.13287675380706787109 0.05758664384484291077 -0.01788044348359107971 0.06480561196804046631 0.01479682698845863342 0.15667657554149627686 0.09917535632848739624 0.09026276320219039917 0.19502133131027221680
-0.10606295615434646606 0.08253689110279083252 0.00082044827286154032 0.00453667761757969856 0.05914885550737380981 0.02697480283677577972 -0.01141607854515314102 -0.10518667101860046387 0.04308476299047470093 -0.00072939752135425806 -0.06189420074224472046 -0.21617233753204345703 -0.03916221112012863159 -0.00282492465339601040 0.04462425410747528076 0.03593925759196281433 0.16284328699111938477 0.06478092819452285767 -0.06537175923585891724 0.07527350634336471558 0.00691960798576474190 0.07395886629819869995 0.07419130951166152954 0.06211230903863906860 0.30218222737312316895
-0.39745691418647766113 -0.04917839169502258301 0.15910314023494720459 -0.18596093356609344482 -0.20970946550369262695 -0.00695875613018870354 -0.02951120957732200623 -0.27965256571769714355 -0.01126310229301452637 0.16169890761375427246 0.41937991976737976074 0.08276233822107315063 -0.03915125131607055664 -0.03336938843131065369 0.11279754340648651123 0.02582119032740592957 0.04318972304463386536 -0.18911726772785186768 0.17088578641414642334 0.00050840538460761309 0.27558001875877380371 -0.39404809474945068359 -0.56084322929382324219 -0.04484347626566886902 -0.23658822476863861084
-0.01433910243213176727 0.04551248997449874878 0.01297435816377401352 0.00509241968393325806 -0.00363268936052918434 0.02833784557878971100 -0.09936676919460296631 -0.01797510124742984772 0.00624284520745277405 -0.04644680023193359375 -0.05179049819707870483 0.03319170325994491577 0.00639590108767151833 -0.02968982793390750885 0.03096158243715763092 -0.06714320182800292969 0.11830180138349533081 0.10911493748426437378 -0.02207343652844429016 0.05194900184869766235 -0.01140405330806970596 0.12048327177762985229 0.09164315462112426758 0.05987201258540153503 0.12150912731885910034
0.10873243212699890137 0.05727531760931015015 -0.02674949169158935547 -0.05249986797571182251 0.03970522433519363403 0.03533069789409637451 -0.40002107620239257812 0.01522439625114202499 0.08226866275072097778 -0.29531663656234741211 -0.32248482108116149902 -0.16394747793674468994 -0.01525106653571128845 0.10938843339681625366 -0.14458492398262023926 -0.02821314521133899689 0.24578736722469329834 0.17439325153827667236 -0.02769172191619873047 0.05097226798534393311 0.08221218734979629517 0.23001091182231903076 0.24826836585998535156 -0.00147421914152801037 0.11546972393989562988
0.14444573223590850830 0.02707153186202049255 0.02990522049367427826 -0.05124297365546226501 -0.07484734058380126953 -0.11957246810197830200 -0.00633330410346388817 0.10687019675970077515 -0.14303644001483917236 -0.03672860935330390930 0.11473137885332107544 0.78310066461563110352 0.06798338145017623901 0.02834154106676578522 0.24311976134777069092 0.09739703685045242310 -0.17920018732547760010 -0.37032109498977661133 -0.24888898432254791260 -0.30760106444358825684 -0.31826338171958923340 -0.08076657354831695557 0.09268557280302047729 -0.28405401110649108887 -0.85872489213943481445
0.57433652877807617188 0.46404320001602172852 -0.06641197949647903442 0.21096837520599365234 0.06479315459728240967 -0.14627660810947418213 0.32237309217453002930 -0.02051203325390815735 0.03814679011702537537 0.09026285260915756226 0.13875478506088256836 -0.23990482091903686523 0.01025977171957492828 0.02635187469422817230 -0.01156284101307392120 -0.01427957508713006973 0.03010830655694007874 -0.16805580258369445801 0.05597980692982673645 -0.06166018173098564148 0.01552860997617244720 0.26702496409416198730 -0.03019292093813419342 -0.08623515814542770386 -0.48067584633827209473
0.34360739588737487793 0.34606316685676574707 0.17643229663372039795 0.15126936137676239014 -0.00513721769675612450 -0.07731863111257553101 -0.01299172081053256989 -0.11419849097728729248 -0.18468099832534790039 0.20896121859550476074 0.03874734416604042053 0.34005603194236755371 0.34826880693435668945 -0.00446708453819155693 -0.19250504672527313232 0.22586894035339355469 -0.33061537146568298340 -0.09251330047845840454 -0.07290092110633850098 -0.18024852871894836426 -0.22258646786212921143 0.16084532439708709717 0.11407542228698730469 -0.37983265519142150879 -0.49067398905754089355
-0.01033837068825960159 0.04555981606245040894 0.01826730556786060333 -0.00254815234802663326 0.08065301179885864258 -0.01036860421299934387 0.00851257983595132828 -0.04902692884206771851 0.01838781684637069702 -0.02432169392704963684 -0.09270300716161727905 0.05941275879740715027 0.04873261600732803345 0.01693931221961975098 -0.02951311878859996796 0.04611378535628318787 0.08884262293577194214 -0.11811988055706024170 -0.07841557264328002930 0.12376009672880172729 0.01205709576606750488 0.00971881765872240067 0.09567364305257797241 -0.03494063392281532288 0.22404903173446655273
0.21130256354808807373 0.10323478281497955322 0.01847321726381778717 0.19396528601646423340 -0.00810344517230987549 -0.05121501162648200989 0.25028958916664123535 0.04750189557671546936 -0.04769955575466156006 0.01110355742275714874 0.05537397041916847229 0.05658873915672302246 0.07747735083103179932 -0.01937064528465270996 0.13027422130107879639 0.02055943571031093597 0.04890171438455581665 -0.14053055644035339355 0.09473609179258346558 0.10694249719381332397 -0.00070666591636836529 -0.22225454449653625488 0.01014447864145040512 -0.04010137170553207397 -0.16354168951511383057
-0.18310061097145080566 -0.08252088725566864014 -0.07622128725051879883 0.00438674632459878922 0.01765753701329231262 0.02558639273047447205 -0.03325981646776199341 -0.06596048921346664429 0.05844743922352790833 -0.05750174820423126221 0.02914844453334808350 -0.14531791210174560547 -0.21882151067256927490 -0.04922979325056076050 0.03235993906855583191 -0.12025807052850723267 -0.04968464002013206482 0.23416307568550109863 -0.04752402752637863159 -0.00520646385848522186 0.10631345212459564209 0.17687220871448516846 -0.00261543737724423409 0.07435467839241027832 0.53657847642898559570
0.06420043855905532837 0.10599485039710998535 0.02819097042083740234 -0.02799013070762157440 0.01802101731300354004 -0.00261359266005456448 0.01174490526318550110 0.03281761333346366882 -0.03288362920284271240 0.11797745525836944580 0.01866717077791690826 0.14147730171680450439 0.04960077628493309021 0.01856452040374279022 -0.00520566012710332870 0.01758641749620437622 -0.13833683729171752930 -0.09026887267827987671 0.01599686965346336365 -0.04504225030541419983 0.01791915856301784515 -0.11970368027687072754 -0.08878858387470245361 -0.08441746979951858521 -0.27802446484565734863
0.19321852922439575195 0.09205183386802673340 0.05805293470621109009 -0.00799425411969423294 -0.01040945947170257568 -0.01910842955112457275 0.16352690756320953369 -0.03279514983296394348 -0.03830526769161224365 0.01590322144329547882 0.03548072278499603271 0.19185230135917663574 0.03752438724040985107 -0.00838124658912420273 0.14090584218502044678 0.01468411739915609360 0.07803881913423538208 -0.20008672773838043213 0.01148692425340414047 -0.02991122193634510040 0.04300091788172721863 -0.07655294239521026611 -0.08451087772846221924 0.05229962617158889771 -0.31986367702484130859
-0.09936590492725372314 -0.05672151222825050354 -0.09031903743743896484 0.11080795526504516602 0.12810705602169036865 0.06868318468332290649 -0.06613662093877792358 -0.11329851299524307251 0.16983383893966674805 -0.17784518003463745117 -0.06727817654609680176 -0.22597314417362213135 -0.16701839864253997803 0.04343046247959136963 -0.14071524143218994141 -0.01663248799741268158 0.24210132658481597900 0.08238884061574935913 -0.10207149386405944824 -0.00477234181016683578 -0.01005184091627597809 0.22939366102218627930 0.26550590991973876953 0.12640218436717987061 0.38978725671768188477
-0.47136947512626647949 -0.05516923218965530396 0.02310601249337196350 0.08491504937410354614 -0.12270832061767578125 0.14228014647960662842 0.10706055164337158203 0.35339459776878356934 -0.09736854583024978638 -0.12983685731887817383 0.04601491615176200867 0.22278057038784027100 -0.14617812633514404297 0.05798201262950897217 -0.26493471860885620117 0.02067095227539539337 0.19370974600315093994 0.03176837414503097534 -0.07742863893508911133 0.11199251562356948853 0.02969259768724441528 0.34356495738029479980 0.03366519883275032043 0.05625740811228752136 0.45890623331069946289
-0.05429319664835929871 -0.19748951494693756104 0.10169833153486251831 -0.18678072094917297363 -0.04795840382575988770 0.09116097539663314819 -0.17909388244152069092 0.01163875870406627655 0.01615805365145206451 -0.09869670867919921875 -0.07251677662134170532 -0.04467617347836494446 -0.06773810088634490967 0.08502372354269027710 -0.08243434131145477295 0.00988771580159664154 0.08766859769821166992 0.22497479617595672607 -0.01674259640276432037 0.02751825191080570221 0.09775262326002120972 0.15482400357723236084 0.00204055337235331535 0.20380207896232604980 0.32369983196258544922
-0.11021495610475540161 0.06662937253713607788 -0.03607057780027389526 0.05009967833757400513 0.07389885932207107544 -0.01032311096787452698 0.26048043370246887207 0.27187216281890869141 0.08513854444026947021 -0.17482088506221771240 -0.03707285225391387939 0.00466025015339255333 0.03804418444633483887 0.13623936474323272705 -0.18010933697223663330 0.26123088598251342773 0.07029295712709426880 0.16275350749492645264 -0.00571065628901124001 -0.07482571899890899658 -0.08864311128854751587 0.06429158896207809448 0.25936344265937805176 -0.06429898738861083984 -0.29380413889884948730
-0.17773246765136718750 -0.15651574730873107910 0.02023550495505332947 -0.02272195927798748016 0.00221062917262315750 0.10712440311908721924 -0.14591747522354125977 -0.05256456136703491211 -0.17652523517608642578 -0.14379824697971343994 -0.17405341565608978271 -0.48977234959602355957 -0.08333197236061096191 -0.07336927205324172974 -0.16643387079238891602 -0.14974635839462280273 -0.05806884169578552246 -0.04443503916263580322 -0.04119035229086875916 -0.11617192625999450684 -0.02729754708707332611 0.01945935562252998352 -0.21813097596168518066 0.05877822637557983398 0.23977978527545928955
-0.07328820973634719849 0.14544399082660675049 0.01922882720828056335 0.13847519457340240479 0.07569660991430282593 0.08129879087209701538 -0.04836375266313552856 0.18163108825683593750 0.00230881129391491413 0.06599148362874984741 -0.09305971860885620117 -0.96593910455703735352 0.00257844617590308189 -0.05844328925013542175 -0.11346726119518280029 -0.22102157771587371826 -0.05009019747376441956 0.01547532808035612106 -0.02582217566668987274 0.01835021749138832092 0.08357664197683334351 -0.06600518524646759033 -0.23026764392852783203 0.17186962068080902100 0.08695919811725616455
0.19799776375293731689 0.10196803510189056396 0.03214753419160842896 -0.09060003608465194702 -0.06900917738676071167 0.01732842624187469482 -0.01491668075323104858 0.04660375043749809265 0.08828014135360717773 0.03004118613898754120 -0.05642619729042053223 0.07322128862142562866 0.15365682542324066162 -0.01719756238162517548 -0.00886056385934352875 0.09866230189800262451 -0.09089868515729904175 -0.09988424926996231079 -0.09944531321525573730 -0.00528887892141938210 -0.12443699687719345093 -0.05585381016135215759 0.37679353356361389160 -0.20017981529235839844 -0.71798694133758544922
-0.02459867484867572784 -0.31288740038871765137 -0.00947493314743041992 0.09575104713439941406 0.12724255025386810303 0.00102906383108347654 0.06144197657704353333 0.21460808813571929932 0.21806131303310394287 -0.24095031619071960449 0.04892088100314140320 -0.36281403899192810059 -0.03370825573801994324 0.00670354953035712242 -0.10011967271566390991 -0.13066361844539642334 0.07217980921268463135 0.17931839823722839355 -0.00173824990633875132 0.08629978448152542114 0.43607097864151000977 0.19831845164299011230 -0.27532017230987548828 0.18996897339820861816 0.93587017059326171875
-0.35582104325294494629 0.01676432043313980103 0.08492299914360046387 0.20806917548179626465 -0.05138140171766281128 0.13075275719165802002 -0.24616657197475433350 0.19729372859001159668 0.02037272602319717407 -0.05081872269511222839 -0.19584032893180847168 -0.13876059651374816895 -0.06539577990770339966 -0.02059674449265003204 -0.08307141810655593872 -0.29283732175827026367 -0.20757164061069488525 0.20098243653774261475 -0.07017209380865097046 -0.32501420378684997559 -0.08595892786979675293 0.37335172295570373535 0.25431132316589355469 -0.12351486086845397949 0.59142470359802246094
0.02877401374280452728 -0.06589794903993606567 0.03693465888500213623 0.02829395607113838196 0.00484341196715831757 -0.03171447291970252991 0.00987909175455570221 0.06972333043813705444 -0.06184737384319305420 0.05670299381017684937 0.07605621963739395142 0.05671381205320358276 -0.04122648015618324280 -0.01559946592897176743 0.05700450390577316284 -0.05492818728089332581 0.00311283371411263943 -0.06939449161291122437 -0.00329123507253825665 -0.11681597679853439331 0.00879849959164857864 0.01291712932288646698 -0.12782098352909088135 -0.01020329911261796951 -0.22557543218135833740
0.06529562920331954956 0.10191539674997329712 0.02301393076777458191 0.02076844684779644012 0.08120846003293991089 0.03085123561322689056 0.05137026682496070862 -0.06552349030971527100 -0.00148831424303352833 -0.01464412268251180649 -0.03115495294332504272 -0.24593202769756317139 0.00885217823088169098 -0.00359262758865952492 0.11292053014039993286 0.08141380548477172852 -0.00741675216704607010 -0.06970191001892089844 -0.04667110368609428406 0.06217642500996589661 0.03280473127961158752 0.15109905600547790527 0.05834231898188591003 -0.05190546065568923950 0.20171378552913665771
0.24126558005809783936 0.29301890730857849121 -0.05536003410816192627 0.11787858605384826660 0.03291640430688858032 -0.10595560073852539062 0.59307783842086791992 0.06274832785129547119 -0.03802064061164855957 0.22180975973606109619 0.19378985464572906494 -0.38852462172508239746 -0.07770776003599166870 -0.06958453357219696045 -0.03587923198938369751 -0.10277508199214935303 0.01432820875197649002 -0.17956723272800445557 0.26577055454254150391 -0.07091784477233886719 0.08022763580083847046 -0.12797194719314575195 -0.33362513780593872070 0.13195967674255371094 0.02972727641463279724
0.05618550628423690796 0.05324868485331535339 0.02405522391200065613 0.01876924745738506317 0.08284043520689010620 0.04993546381592750549 0.11268229037523269653 -0.06969497352838516235 -0.00281366775743663311 -0.01769418455660343170 -0.03304023668169975281 -0.10570932179689407349 -0.05843369290232658386 0.00059235643129795790 0.10065772384405136108 0.08531028032302856445 0.11216472834348678589 0.03918162360787391663 -0.03173672035336494446 0.06146509945392608643 -0.01242453139275312424 0.08931218087673187256 0.05685461685061454773 -0.01029790565371513367 0.32650694251060485840
-0.13053005933761596680 -0.12854245305061340332 -0.08849968761205673218 0.11163762956857681274 0.17233961820602416992 0.07453675568103790283 0.32568266987800598145 -0.11280561983585357666 0.16473934054374694824 -0.25143507122993469238 -0.00790008530020713806 0.00861008837819099426 -0.18217435479164123535 0.06534117460250854492 0.06384965032339096069 -0.10515367984771728516 0.30605676770210266113 0.36620828509330749512 -0.03247566521167755127 -0.07165308296680450439 0.12265168875455856323 0.33357039093971252441 0.18887515366077423096 0.20538023114204406738 0.63823997974395751953
0.08986193686723709106 0.09922619163990020752 0.05243475362658500671 -0.02873242832720279694 -0.00202151760458946228 -0.02067734487354755402 0.00869433116167783737 -0.01039539743214845657 -0.06745250523090362549 0.09812161326408386230 0.05372813344001770020 -0.02889549918472766876 0.02643872983753681183 0.04011372476816177368 -0.01546471193432807922 0.06946197152137756348 -0.10072747617959976196 -0.05999625474214553833 0.00561378896236419678 -0.01237441506236791611 -0.07757463306188583374 -0.10036903619766235352 -0.07878778874874114990 0.01943741366267204285 -0.22997103631496429443
0.02797101065516471863 -0.13649192452430725098 0.09336791187524795532 -0.14539973437786102295 0.02794577926397323608 0.13663823902606964111 -0.08742967993021011353 -0.15021970868110656738 0.02801622822880744934 -0.00398698914796113968 -0.17582149803638458252 -0.76042485237121582031 0.06074603274464607239 -0.08788119256496429443 -0.16287547349929809570 -0.16867624223232269287 0.01039748452603816986 -0.01408559363335371017 -0.17950850725173950195 0.21477249264717102051 -0.08702859282493591309 -0.19598260521888732910 0.45232075452804565430 0.06982626020908355713 0.04334116727113723755
-0.25199159979820251465 -0.13367012143135070801 0.00869801174849271774 -0.10946454107761383057 0.01926801912486553192 0.07339130342006683350 -0.02812850847840309143 0.11631223559379577637 0.07566183805465698242 -0.10225808620452880859 0.02577978000044822693 0.26581913232803344727 -0.06240397691726684570 0.08913993835449218750 -0.09004667401313781738 0.07415386289358139038 0.06463114172220230103 0.18752582371234893799 -0.01143293455243110657 0.08722463995218276978 0.13731577992439270020 0.06927151232957839966 0.09491726756095886230 0.17684973776340484619 0.46870619058609008789
0.27712059020996093750 -0.00287885055877268314 -0.12021385878324508667 0.17388719320297241211 -0.09796991944313049316 -0.15152382850646972656 -0.21279144287109375000 0.16918826103210449219 -0.21144433319568634033 0.01819199509918689728 -0.08748700469732284546 0.50586569309234619141 0.16012373566627502441 0.04068543016910552979 0.17990045249462127686 0.19861029088497161865 0.10962756723165512085 -0.17244660854339599609 0.10858856886625289917 -0.26250627636909484863 -0.32121935486793518066 -0.05448400601744651794 -0.01496774144470691681 -0.22283835709095001221 -0.61602967977523803711
0.13263185322284698486 -0.02827790752053260803 0.02231527678668498993 -0.20094220340251922607 0.03743357956409454346 0.01526669692248106003 0.52412879467010498047 -0.38467389345169067383 -0.11105937510728836060 0.12665373086929321289 0.17465022206306457520 -0.32229036092758178711 0.01904755271971225739 -0.07433259487152099609 0.26690655946731567383 -0.04944747313857078552 -0.41630443930625915527 -0.21564191579818725586 0.16095182299613952637 -0.25387617945671081543 0.04802163690328598022 -0.10089915990829467773 -0.29933443665504455566 0.03365955501794815063 0.00225714663974940777
-0.01694766432046890259 -0.01498014107346534729 -0.03127185627818107605 -0.01927322894334793091 0.01992888376116752625 0.01896870322525501251 -0.08185660839080810547 -0.02771940082311630249 0.03817842155694961548 -0.06036186963319778442 -0.02665960043668746948 -0.14540636539459228516 -0.07335394620895385742 -0.00618319027125835419 -0.00905556511133909225 -0.02647806517779827118 0.14489161968231201172 0.06924293190240859985 0.00034477925510145724 0.05564936995506286621 0.02941931411623954773 0.13658447563648223877 0.04774546250700950623 0.06414285302162170410 0.16616663336753845215
0.17317186295986175537 0.04722534865140914917 -0.00143228622619062662 -0.00102144782431423664 0.04343962296843528748 0.02091495878994464874 0.16678640246391296387 -0.03470232337713241577 0.13378413021564483643 -0.11111471801996231079 0.07538563758134841919 0.03247382491827011108 -0.04112092405557632446 0.04757447540760040283 0.11668881028890609741 -0.00992435961961746216 0.11804354935884475708 -0.01026670821011066437 -0.02002700418233871460 0.02416282147169113159 0.07551945000886917114 -0.03483205288648605347 -0.20261105895042419434 0.11209165304899215698 -0.28412520885467529297
-0.13673771917819976807 -0.07819031924009323120 -0.05347976088523864746 0.02620516717433929443 0.03857010602951049805 0.01035546883940696716 0.08005052059888839722 -0.02181137353181838989 0.04875660315155982971 -0.04683135449886322021 -0.02274703793227672577 -0.12524138391017913818 -0.08602029830217361450 -0.01976662501692771912 0.00819446146488189697 -0.08168078213930130005 0.10665998607873916626 0.07271039485931396484 -0.03285434097051620483 0.01525464374572038651 0.03947208449244499207 0.19237355887889862061 -0.04280867427587509155 0.04732793197035789490 0.34856438636779785156
-0.14369460940361022949 0.17810545861721038818 -0.08489207923412322998 0.13532121479511260986 0.07279463857412338257 0.08354867249727249146 0.11913173645734786987 0.33507478237152099609 -0.09524369239807128906 0.01409432943910360336 -0.09630830585956573486 -0.91609996557235717773 0.05338171124458312988 -0.01853311993181705475 -0.30745869874954223633 -0.08660263568162918091 -0.24962560832500457764 0.04327860102057456970 -0.08477301150560379028 0.14659278094768524170 0.02266396582126617432 -0.10654146224260330200 -0.19084967672824859619 0.20190231502056121826 0.22309426963329315186
-0.22421465814113616943 -0.19557709991931915283 0.05819253623485565186 -0.15733884274959564209 -0.11615619063377380371 0.05611143261194229126 -0.13598069548606872559 0.10968766361474990845 -0.03136656805872917175 -0.06214358657598495483 -0.12566444277763366699 0.03012586943805217743 -0.10899667441844940186 0.07328370958566665649 0.01576094515621662140 -0.08255358785390853882 0.07013350725173950195 0.11470511555671691895 -0.04556968435645103455 -0.03934321925044059753 0.19974297285079956055 0.24704602360725402832 0.03946863114833831787 0.09868036955595016479 0.57459622621536254883
0.11261846125125885010 0.06073747575283050537 0.05509035289287567139 -0.00268408935517072678 0.04019302874803543091 -0.01394549664109945297 0.04320966079831123352 0.04810097068548202515 -0.02103571034967899323 0.11383531242609024048 0.05212888866662979126 0.04965837672352790833 0.05229048430919647217 0.00517182052135467529 -0.01742566563189029694 0.10484702885150909424 -0.13162167370319366455 -0.07224883884191513062 -0.02055900916457176208 -0.12803667783737182617 -0.01399560365825891495 -0.13607156276702880859 -0.06043490394949913025 -0.08674498647451400757 -0.12832450866699218750
-0.14961458742618560791 -0.10133381932973861694 -0.08883921802043914795 0.18227751553058624268 0.16015991568565368652 0.06569278985261917114 0.28983888030052185059 -0.08273998647928237915 0.19110682606697082520 -0.26312911510467529297 -0.15233184397220611572 -0.17248398065567016602 -0.09608259797096252441 0.05477405339479446411 -0.11263024061918258667 -0.10913119465112686157 0.11388468742370605469 0.17650848627090454102 -0.12835536897182464600 -0.10514103621244430542 -0.06683614104986190796 0.22453989088535308838 0.32913964986801147461 0.07337189465761184692 0.42871639132499694824
-0.23587919771671295166 -0.18292190134525299072 0.00104606396052986383 -0.06041681393980979919 -0.02961209975183010101 -0.10588246583938598633 0.06080247834324836731 -0.23512941598892211914 -0.23315708339214324951 0.26281389594078063965 -0.01916758902370929718 -0.29393732547760009766 0.16169068217277526855 -0.04027454555034637451 0.07753940671682357788 0.22001399099826812744 -0.19705590605735778809 -0.12489733844995498657 0.03654511272907257080 -0.10311725735664367676 -0.03686887398362159729 -0.30796211957931518555 -0.27946558594703674316 0.01794786937534809113 -0.01848545670509338379
0.26847296953201293945 0.27869048714637756348 -0.04478751122951507568 0.11107435822486877441 -0.07257799804210662842 -0.10182615369558334351 0.33768329024314880371 -0.16677010059356689453 -0.16671079397201538086 0.14520858228206634521 0.14618657529354095459 0.13359506428241729736 0.09054547548294067383 -0.06074526533484458923 0.17486065626144409180 0.01191214099526405334 -0.21313285827636718750 -0.17077280580997467041 0.16869884729385375977 -0.33341172337532043457 -0.04026149585843086243 -0.01445622090250253677 -0.45395314693450927734 -0.04412060976028442383 -0.38173809647560119629
-0.08588970452547073364 -0.10456732660531997681 -0.01906269602477550507 -0.00476349191740155220 -0.01011254172772169113 0.01681183464825153351 0.03294636681675910950 -0.00634816940873861313 0.02852417156100273132 -0.07307397574186325073 0.00194536207709461451 -0.12707008421421051025 -0.06995989382266998291 -0.05148056894540786743 0.12577472627162933350 -0.09629251062870025635 0.09408153593540191650 0.08688493818044662476 0.00575600005686283112 -0.07825302332639694214 0.06932617723941802979 0.19258694350719451904 0.03112732991576194763 0.00614648358896374702 0.28825876116752624512
0.05595488846302032471 0.17264838516712188721 -0.11850192397832870483 0.13807335495948791504 0.21740618348121643066 0.03383708000183105469 0.18036855757236480713 0.02058011665940284729 0.23842240869998931885 -0.23282198607921600342 -0.06704340130090713501 0.14995630085468292236 -0.13978534936904907227 0.11564702540636062622 -0.04383236914873123169 0.01994672790169715881 0.01677470654249191284 0.38017761707305908203 -0.04607696086168289185 0.00506975734606385231 -0.01053650584071874619 0.16442319750785827637 0.28234693408012390137 0.22044727206230163574 0.41776645183563232422
0.06154303625226020813 0.44010499119758605957 0.01309788040816783905 -0.01830938830971717834 0.04080294817686080933 -0.01783694140613079071 0.24068278074264526367 -0.04926500841975212097 -0.16714940965175628662 0.07375127077102661133 -0.16195017099380493164 -0.24641720950603485107 0.23913635313510894775 -0.03216452151536941528 0.00015276763588190079 0.12055973708629608154 -0.40953680872917175293 -0.02265519835054874420 0.04885890707373619080 -0.22862416505813598633 -0.26577678322792053223 -0.06800270080566406250 0.02150445245206356049 -0.04130950942635536194 0.07491645961999893188
0.10838749259710311890 0.30870580673217773438 -0.01749475114047527313 0.00334285455755889416 -0.07067584991455078125 0.04627327993512153625 0.10031329095363616943 -0.03038634546101093292 0.14066180586814880371 0.13183480501174926758 0.18267478048801422119 0.46209740638732910156 0.07413084805011749268 0.04215239733457565308 0.11414147168397903442 0.10658625513315200806 0.06328187137842178345 -0.06222118809819221497 -0.00818365067243576050 0.12005338817834854126 0.02814248017966747284 -0.04524960741400718689 0.12898854911327362061 -0.06094056367874145508 -0.24803690612316131592
0.09261474758386611938 0.19609878957271575928 -0.03245142474770545959 0.07927662134170532227 -0.02142402343451976776 -0.04537583887577056885 0.00477981520816683769 -0.18344593048095703125 -0.07392978668212890625 0.10230728983879089355 -0.02770736999809741974 -0.12176306545734405518 0.03936877101659774780 -0.08836371451616287231 0.08195022493600845337 -0.11362300068140029907 -0.09149366617202758789 -0.21764384210109710693 0.05650458112359046936 -0.04552651569247245789 -0.11808677762746810913 -0.15041176974773406982 -0.03037910535931587219 -0.17577517032623291016 -0.46648785471916198730
0.22058263421058654785 0.01005502883344888687 0.01268485747277736664 0.03753911703824996948 0.05445465818047523499 -0.08422213047742843628 0.03203714266419410706 0.23017099499702453613 0.01154286321252584457 0.07237018644809722900 0.06672529876232147217 0.11758840829133987427 0.02608187310397624969 0.03920760005712509155 -0.05777461826801300049 0.10228097438812255859 -0.06982683390378952026 -0.10599867254495620728 -0.02767384052276611328 0.15791770815849304199 -0.11799797415733337402 -0.19314061105251312256 0.00028715562075376511 -0.03558870404958724976 -0.07012637704610824585
0.52928453683853149414 0.34804734587669372559 -0.04765003919601440430 0.19838254153728485107 0.06504887342453002930 -0.07892747968435287476 0.20595622062683105469 0.17302012443542480469 -0.09908092021942138672 0.14841063320636749268 0.04729170352220535278 -0.40715023875236511230 0.13863700628280639648 -0.01791980303823947906 -0.26508387923240661621 -0.04418589174747467041 0.07295091450214385986 -0.13883408904075622559 0.08708923310041427612 -0.12164208292961120605 -0.00781836174428462982 0.26603430509567260742 -0.00901197455823421478 -0.35688835382461547852 -0.41785779595375061035
-0.04084741324186325073 -0.00394076853990554810 0.01476280856877565384 0.02078427933156490326 -0.03730882704257965088 -0.03183486312627792358 0.46472966670989990234 -0.00313462410122156143 -0.04634855687618255615 0.15853960812091827393 0.32065352797508239746 0.32683610916137695312 0.06986329704523086548 -0.10083502531051635742 0.20724886655807495117 0.09528846293687820435 -0.09899430721998214722 -0.13470540940761566162 0.10122372210025787354 -0.07987486571073532104 -0.09396061301231384277 -0.22276081144809722900 -0.35341882705688476562 0.00421477435156702995 -0.16172674298286437988
-0.00958000402897596359 0.00118446035776287317 0.00784872565418481827 -0.08553701639175415039 0.04135842621326446533 0.03946476802229881287 0.04232226684689521790 -0.03737806901335716248 0.06644393503665924072 -0.01963578164577484131 -0.00143212359398603439 -0.05358664691448211670 0.00815353076905012131 -0.03468064591288566589 -0.09856840968132019043 0.02465265989303588867 -0.00660472875460982323 0.06469719111919403076 -0.03136478364467620850 0.07399053126573562622 -0.05816914141178131104 -0.02061281912028789520 0.15514323115348815918 0.02512186393141746521 0.26876112818717956543
0.09525638073682785034 0.08878187090158462524 0.01951382309198379517 -0.00654930807650089264 0.00308347144164144993 -0.02751510404050350189 -0.03214711323380470276 0.01985959708690643311 -0.07223390042781829834 0.07975493371486663818 -0.00679213413968682289 0.17151473462581634521 0.06129329279065132141 0.00742812268435955048 -0.07816568017005920410 0.06325783580541610718 -0.09451254457235336304 -0.01884079352021217346 -0.00643684063106775284 0.05416024476289749146 -0.06980579346418380737 -0.16316141188144683838 -0.01815908774733543396 0.00318792741745710373 -0.38221263885498046875
0.19736211001873016357 0.03618753701448440552 0.05941412225365638733 -0.02428947016596794128 -0.00544542586430907249 -0.04196101054549217224 0.18864746391773223877 -0.02375569753348827362 -0.02213356830179691315 0.03341089934110641479 0.03294897824525833130 0.07338413596153259277 0.04442328214645385742 -0.00849906168878078461 0.12014054507017135620 0.04674848541617393494 0.04193758219480514526 -0.14154706895351409912 0.03360100090503692627 -0.04603175073862075806 0.00582430558279156685 -0.10028661787509918213 -0.05573458597064018250 -0.04962194710969924927 -0.32409346103668212891
0.27540442347526550293 -0.10703694820404052734 0.04174444824457168579 -0.12796269357204437256 -0.06402126699686050415 0.06620593369007110596 0.15624848008155822754 -0.23145252466201782227 0.02750463597476482391 -0.03962304443120956421 -0.01573760807514190674 0.07101060450077056885 -0.03058032132685184479 0.06034800037741661072 -0.03034175187349319458 -0.15981782972812652588 0.17247265577316284180 0.23477308452129364014 -0.05489113554358482361 0.15111348032951354980 -0.01786343380808830261 -0.09291910380125045776 0.06971724331378936768 -0.09283091872930526733 -0.49415659904479980469
0.08893097192049026489 0.06111583486199378967 -0.11253638565540313721 -0.00863129924982786179 -0.09752156585454940796 -0.07871467620134353638 0.27543115615844726562 0.04697959870100021362 -0.10953848063945770264 0.18510133028030395508 0.26863250136375427246 0.47132873535156250000 0.15487678349018096924 -0.07544945180416107178 0.01763812638819217682 0.16285715997219085693 -0.17049263417720794678 -0.19820666313171386719 0.10341592133045196533 -0.03499876335263252258 -0.07006549835205078125 -0.24812164902687072754 -0.38701608777046203613 -0.15536586940288543701 -0.23872372508049011230
0.04804901778697967529 -0.18019743263721466064 0.01735851727426052094 -0.13999482989311218262 -0.09840718656778335571 -0.14034362137317657471 -0.00001570071617607027 0.13105462491512298584 -0.08832059055566787720 -0.00942797213792800903 0.03437841311097145081 0.90615111589431762695 0.11718226969242095947 0.02799311093986034393 0.07567320019006729126 0.17176821827888488770 -0.17595732212066650391 -0.26824221014976501465 -0.23833161592483520508 -0.22843320667743682861 -0.33964365720748901367 -0.16646969318389892578 0.21569092571735382080 -0.35164117813110351562 -0.83200675249099731445
-0.00488408561795949936 0.02044743485748767853 -0.09360109269618988037 0.15790428221225738525 0.19314643740653991699 0.04464660957455635071 0.29995033144950866699 -0.06896089017391204834 0.17871619760990142822 -0.28182050585746765137 -0.02369615435600280762 0.01064594928175210953 -0.23386219143867492676 0.05200282111763954163 0.16227316856384277344 -0.11325427889823913574 0.31102773547172546387 0.30957981944084167480 -0.04911173507571220398 -0.10597380995750427246 0.07667365670204162598 0.29756978154182434082 0.26326891779899597168 0.18680946528911590576 0.58166277408599853516
-0.29355186223983764648 -0.04074080660939216614 0.01345995534211397171 -0.08169631659984588623 -0.02510174550116062164 0.05445563420653343201 -0.10645806789398193359 -0.19412375986576080322 -0.03280083835124969482 -0.06560396403074264526 -0.03159539774060249329 -0.20945808291435241699 0.02901982329785823822 -0.04589428380131721497 0.03897316381335258484 -0.08688120543956756592 0.06942346692085266113 0.00195271545089781284 0.01354597974568605423 -0.11057516932487487793 0.09920120984315872192 0.17845959961414337158 -0.00721209822222590446 0.02036019414663314819 0.16424556076526641846
0.13108129799365997314 0.35063311457633972168 0.05235975608229637146 0.03195429220795631409 0.10956628620624542236 0.10858292132616043091 -0.12665629386901855469 -0.08341867476701736450 0.12862658500671386719 0.00629914831370115280 -0.12080465257167816162 -0.65252083539962768555 -0.17307002842426300049 -0.00521046295762062073 -0.20801243185997009277 -0.28904679417610168457 -0.04055688157677650452 -0.13523866236209869385 -0.12158827483654022217 0.25985857844352722168 0.39528197050094604492 0.05913171917200088501 -0.11740417033433914185 0.29004350304603576660 0.36249971389770507812
-0.01516388542950153351 0.08293888717889785767 -0.06432222574949264526 0.01327961497008800507 0.07928573340177536011 0.06121291965246200562 -0.31531262397766113281 -0.06577930599451065063 -0.02698043920099735260 -0.09724363684654235840 -0.22817991673946380615 -0.22696582973003387451 0.04021716117858886719 0.00702701788395643234 -0.19128839671611785889 -0.13594289124011993408 -0.09772131592035293579 0.07223441451787948608 -0.08550217747688293457 0.29221233725547790527 0.14150014519691467285 0.04020706564188003540 0.11702066659927368164 0.16461086273193359375 0.45872023701667785645
-0.27463114261627197266 -0.04673913493752479553 0.01486011315137147903 -0.08898559212684631348 -0.06311815232038497925 0.04131874442100524902 -0.02600334212183952332 0.17142331600189208984 -0.01516990177333354950 0.03088623657822608948 -0.11210270226001739502 -0.23275843262672424316 0.03496883437037467957 0.02971459738910198212 -0.06850394606590270996 0.16002616286277770996 -0.11998317390680313110 0.15050815045833587646 0.00199403031729161739 -0.02228068187832832336 0.01974868960678577423 0.06751371920108795166 0.05167289823293685913 0.07616050541400909424 0.14527945220470428467
-0.06709290295839309692 -0.07442565262317657471 0.08244156092405319214 0.00260198791511356831 -0.16558851301670074463 -0.10027446597814559937 0.13165669143199920654 -0.14703065156936645508 -0.25972944498062133789 0.15834011137485504150 0.04630293324589729309 0.43518722057342529297 0.12377703934907913208 -0.06793744862079620361 0.15737122297286987305 0.28046119213104248047 -0.03346442803740501404 0.10581967979669570923 0.14852714538574218750 -0.41163375973701477051 -0.29155084490776062012 -0.08953377604484558105 -0.09309654682874679565 -0.10176169127225875854 -0.53343182802200317383
-0.12332901358604431152 -0.01620863564312458038 -0.00601673824712634087 -0.05222348123788833618 0.01967188343405723572 0.03230861201882362366 -0.03571547567844390869 -0.07176833599805831909 0.02536798827350139618 -0.03453477099537849426 -0.06381252408027648926 0.06334954500198364258 0.00637614913284778595 0.00684844749048352242 0.02150399237871170044 0.04445647448301315308 0.03685960173606872559 -0.09229499846696853638 -0.01944871805608272552 0.18496152758598327637 -0.04053520411252975464 -0.07292872667312622070 0.14176462590694427490 -0.03892518207430839539 0.17782704532146453857
-0.13364031910896301270 -0.15368683636188507080 -0.02570983394980430603 0.03368989750742912292 0.21400974690914154053 0.06121549010276794434 0.36652103066444396973 -0.11854145675897598267 0.21863666176795959473 -0.18798598647117614746 0.12966689467430114746 -0.07190264016389846802 -0.27912899851799011230 0.04027364030480384827 0.13384480774402618408 -0.13014419376850128174 0.29993110895156860352 0.19169290363788604736 -0.00734336674213409424 0.09714099764823913574 0.17194062471389770508 0.26856988668441772461 0.16198724508285522461 0.24056991934776306152 0.70941042900085449219
-0.48467800021171569824 -0.32909634709358215332 -0.03865057975053787231 -0.10367059707641601562 -0.12035259604454040527 0.02767100557684898376 -0.34425967931747436523 0.28305497765541076660 0.11032736301422119141 -0.06576050072908401489 0.16844697296619415283 0.10353299975395202637 -0.13853068649768829346 0.09852355718612670898 -0.21078044176101684570 0.05420064553618431091 0.18000675737857818604 0.21054810285568237305 -0.05378398671746253967 0.03584770485758781433 0.23097026348114013672 -0.00904433615505695343 -0.08319474756717681885 0.22566105425357818604 0.43854904174804687500
-0.16242825984954833984 0.07512632012367248535 0.05062109231948852539 -0.14931029081344604492 -0.23423758149147033691 -0.04737680032849311829 -0.27463236451148986816 0.02886292897164821625 -0.28864336013793945312 0.21684862673282623291 0.14700309932231903076 0.13207632303237915039 0.17908200621604919434 -0.02383012697100639343 0.16256436705589294434 0.08014616370201110840 -0.00614351592957973480 -0.11900532990694046021 0.15688465535640716553 -0.07409290224313735962 0.12865355610847473145 -0.25654378533363342285 -0.31635540723800659180 -0.15541203320026397705 -0.36239916086196899414
0.26521486043930053711 0.13193644583225250244 -0.06420748680830001831 0.21505986154079437256 0.25548532605171203613 0.02506726607680320740 0.19642163813114166260 0.09384739398956298828 0.14319023489952087402 -0.19950580596923828125 -0.18068189918994903564 -0.09010475873947143555 -0.09481471031904220581 0.05345812439918518066 -0.22578880190849304199 0.02153811790049076080 -0.01389339566230773926 0.22878207266330718994 -0.18057124316692352295 0.01063368469476699829 -0.12798862159252166748 0.21980969607830047607 0.32223322987556457520 0.22325326502323150635 0.36482110619544982910
-0.13021878898143768311 -0.15528778731822967529 -0.01137162372469902039 -0.04265158623456954956 -0.04240047931671142578 0.02223397046327590942 -0.29346448183059692383 0.05494967475533485413 0.04728952795267105103 -0.05079516023397445679 0.02292823232710361481 -0.24464763700962066650 -0.10012806206941604614 -0.02627444639801979065 -0.07868056744337081909 -0.07744940370321273804 0.12613390386104583740 0.08988916128873825073 -0.01312835048884153366 0.02902708947658538818 0.02927465550601482391 0.12527705729007720947 0.06847894191741943359 0.03013617917895317078 0.24674321711063385010
0.06822402775287628174 -0.04383905231952667236 -0.01106763351708650589 0.01872041821479797363 0.07950988411903381348 -0.00888932123780250549 -0.01337624341249465942 -0.08404079824686050415 0.03799476847052574158 -0.06839639693498611450 -0.05867910012602806091 -0.02408472448587417603 -0.03757668659090995789 -0.01079314853996038437 -0.03614735230803489685 0.01377097982913255692 0.06879444420337677002 0.03573466464877128601 -0.03023497387766838074 0.14001545310020446777 0.00031135158496908844 0.00274187396280467510 0.10619834810495376587 0.00114462163764983416 0.19820204377174377441
-0.14764717221260070801 0.03989883512258529663 0.01102998666465282440 -0.04615415260195732117 -0.05946016684174537659 -0.08785016089677810669 0.15787667036056518555 0.13553062081336975098 -0.11999275535345077515 0.26994639635086059570 0.15717150270938873291 -0.02500753104686737061 0.11486016958951950073 -0.06983280926942825317 0.01145316846668720245 0.20144556462764739990 -0.11687327176332473755 -0.14607755839824676514 0.09160678833723068237 -0.06029257178306579590 -0.09649500250816345215 -0.18117576837539672852 -0.29369813203811645508 -0.30888748168945312500 -0.36905717849731445312
0.09096755087375640869 -0.08944632112979888916 0.01406034827232360840 0.04052643105387687683 -0.10888800770044326782 -0.08283841609954833984 0.31152528524398803711 0.00699139572679996490 -0.00918761081993579865 0.24960994720458984375 0.27972596883773803711 0.14095732569694519043 -0.04251836985349655151 -0.08312668651342391968 0.13408657908439636230 0.01454496383666992188 -0.21918013691902160645 -0.26119160652160644531 0.01330856885761022568 -0.15724815428256988525 -0.07544593513011932373 -0.12875129282474517822 -0.33531621098518371582 0.00071411463432013988 -0.06444151699542999268
-0.17265772819519042969 -0.03922440111637115479 0.02328590862452983856 -0.09693968296051025391 0.03887003287672996521 0.05183970183134078979 -0.14105807244777679443 -0.02654521539807319641 0.03782946243882179260 -0.05332287028431892395 -0.18776425719261169434 -0.31791800260543823242 -0.10952211916446685791 -0.04386919736862182617 0.17852647602558135986 -0.26346838474273681641 0.24608127772808074951 -0.02142067998647689819 0.06550194323062896729 -0.17954733967781066895 -0.12380179762840270996 0.02885426022112369537 0.12407936900854110718 -0.02157380245625972748 -0.03618448972702026367
0.05054038017988204956 0.07976903021335601807 0.02290402725338935852 -0.09803016483783721924 -0.12017044425010681152 -0.05034994706511497498 -0.03555903956294059753 -0.06987155973911285400 0.05795354396104812622 0.01692598126828670502 -0.02663614600896835327 0.38379165530204772949 0.17838215827941894531 -0.02826204709708690643 0.30334603786468505859 0.19511581957340240479 -0.01626397110521793365 -0.14400088787078857422 0.07306744158267974854 -0.46720346808433532715 -0.33088070154190063477 0.04565909132361412048 0.40961816906929016113 -0.50888514518737792969 -0.80119603872299194336
0.03462259098887443542 0.00761509919539093971 0.02728475071489810944 0.06529038399457931519 0.01166651956737041473 -0.00905572902411222458 0.00905304215848445892 0.04851644858717918396 -0.04716549813747406006 0.00089994701556861401 0.03992695733904838562 0.14587284624576568604 0.01752376183867454529 0.01206062547862529755 0.10864271968603134155 -0.04130927100777626038 -0.01317208819091320038 -0.06449752300977706909 0.02235467359423637390 -0.10393347591161727905 0.04272080212831497192 0.02538713626563549042 -0.14056982100009918213 0.01499399542808532715 -0.13638438284397125244
-0.16435328125953674316 -0.00261995173059403896 -0.01452661305665969849 -0.07404107600450515747 -0.01186133921146392822 0.07333583384752273560 -0.06814970076084136963 -0.20553220808506011963 -0.04248674213886260986 -0.06727050989866256714 -0.06167235225439071655 -0.16661547124385833740 0.00979132484644651413 -0.03265494480729103088 -0.00347038055770099163 -0.09814518690109252930 0.03863276913762092590 -0.00094547437038272619 0.03314075246453285217 -0.08192740380764007568 0.10806357115507125854 0.12080044299364089966 0.01023434102535247803 0.01898610219359397888 0.25407445430755615234
0.27848643064498901367 0.25413003563880920410 0.11798958480358123779 0.04081158712506294250 -0.06674711406230926514 -0.10144759714603424072 0.04323917627334594727 -0.18761275708675384521 -0.10564888268709182739 0.03635074943304061890 0.00088786677224561572 0.15493819117546081543 0.15061841905117034912 -0.04192515835165977478 0.19782637059688568115 0.10989362746477127075 0.00966232921928167343 -0.14271692931652069092 0.11238134652376174927 -0.13747262954711914062 -0.01341471821069717407 0.09533263742923736572 -0.00932255201041698456 -0.24343961477279663086 -0.45983535051345825195
0.19973409175872802734 0.08505637943744659424 0.12920436263084411621 -0.22990040481090545654 0.16101287305355072021 0.10122777521610260010 -0.03752707690000534058 -0.16766400635242462158 0.18358007073402404785 -0.05815832316875457764 -0.28841298818588256836 -0.66145652532577514648 0.11736591905355453491 -0.00115065253339707851 -0.21436510980129241943 -0.12189095467329025269 0.13168106973171234131 -0.02192004770040512085 -0.03538072109222412109 0.35776355862617492676 0.01904151588678359985 -0.21589671075344085693 0.44667831063270568848 0.18844513595104217529 0.36550697684288024902
0.12851800024509429932 0.15166574716567993164 -0.02084341086447238922 0.00467122206464409828 0.01368795614689588547 -0.00787893310189247131 -0.24837699532508850098 0.10516229271888732910 0.07232514023780822754 -0.17996136844158172607 -0.22778493165969848633 -0.41051873564720153809 -0.02905860170722007751 0.05245450511574745178 -0.17223607003688812256 -0.17786344885826110840 0.03371955081820487976 0.11289460957050323486 -0.07886422425508499146 0.21852216124534606934 0.36623659729957580566 0.26035648584365844727 0.12448842823505401611 0.11593154817819595337 0.27503859996795654297
0.02345884405076503754 -0.01649024710059165955 0.05489753559231758118 0.08207566291093826294 0.16704133152961730957 0.07041911780834197998 -0.30652543902397155762 -0.06260196119546890259 0.08324918895959854126 -0.20418590307235717773 -0.31473967432975769043 -0.21539999544620513916 -0.15433493256568908691 0.07875069230794906616 -0.10386870801448822021 -0.12502203881740570068 -0.04847130179405212402 0.22505292296409606934 -0.18549983203411102295 0.15529429912567138672 -0.05454330518841743469 0.22496180236339569092 0.47563105821609497070 0.15652292966842651367 0.24638748168945312500
0.27515041828155517578 0.03970049321651458740 -0.11384054273366928101 0.15404489636421203613 0.01213698554784059525 -0.11767108738422393799 -0.10761926323175430298 -0.10289210826158523560 0.01021892577409744263 0.00500631937757134438 0.10585904121398925781 0.67001610994338989258 0.02101423777639865875 -0.04554562270641326904 0.23128214478492736816 0.20908008515834808350 0.01606862992048263550 -0.02584846690297126770 0.00059415900614112616 -0.08104044198989868164 -0.04520328715443611145 -0.11237170547246932983 0.04732947796583175659 -0.24509134888648986816 -0.19036997854709625244
0.04173690825700759888 -0.02549101784825325012 0.02885454893112182617 -0.04308556020259857178 0.00713678728789091110 -0.00098210840951651335 0.08180781453847885132 0.00021815940272063017 -0.00582074280828237534 0.06683585047721862793 -0.01178162544965744019 0.22315171360969543457 0.03760696575045585632 -0.00331340660341084003 0.03113319352269172668 0.05994648113846778870 -0.15873977541923522949 -0.07603444904088973999 0.03898429870605468750 -0.06945195049047470093 -0.05488307029008865356 -0.14502318203449249268 -0.09939361363649368286 -0.07380201667547225952 -0.23735445737838745117
0.47692361474037170410 0.29872786998748779297 -0.16453395783901214600 0.28999057412147521973 0.06653023511171340942 -0.10859444737434387207 0.16712605953216552734 0.13852702081203460693 -0.09648761898279190063 0.16588616371154785156 0.02828636579215526581 0.12604990601539611816 0.22623547911643981934 -0.05706648528575897217 -0.23079778254032135010 -0.04353066533803939819 -0.31727680563926696777 -0.08893312513828277588 -0.05808880552649497986 -0.19500313699245452881 -0.23637962341308593750 0.05518219247460365295 0.10188461095094680786 -0.49803051352500915527 -0.54630517959594726562
0.08741763234138488770 0.01149907335638999939 0.00128583121113479137 0.01784509979188442230 0.07042739540338516235 0.07961671799421310425 -0.40774208307266235352 0.16189068555831909180 0.38823276758193969727 -0.16982986032962799072 0.07420185208320617676 -0.26831263303756713867 -0.18220625817775726318 0.05087074637413024902 0.03738912194967269897 -0.22524452209472656250 0.27684459090232849121 -0.07006984949111938477 -0.03843364864587783813 0.20234727859497070312 0.24842043220996856689 0.14212377369403839111 0.20088742673397064209 0.02886201813817024231 0.28088381886482238770
0.12982897460460662842 -0.15174853801727294922 -0.16074033081531524658 0.08916489034891128540 0.02530453912913799286 -0.08601540327072143555 -0.10393237322568893433 0.34287774562835693359 0.18864394724369049072 0.30740582942962646484 0.07950124144554138184 -0.01653352938592433929 -0.00972579419612884521 -0.01291757076978683472 -0.00632184743881225586 -0.04273125529289245605 -0.25681334733963012695 -0.29702937602996826172 0.01328426972031593323 -0.00878676492720842361 -0.24996143579483032227 -0.35255610942840576172 -0.25741609930992126465 0.04779282957315444946 -0.51519584655761718750
-0.16047933697700500488 -0.07459538429975509644 -0.05695151537656784058 -0.01566082052886486053 0.02007124014198780060 0.01505175977945327759 0.03742183744907379150 0.04872190579771995544 0.01927366107702255249 -0.06062405928969383240 -0.00158120854757726192 -0.17401073873043060303 -0.12364345043897628784 -0.00778116472065448761 0.14200863242149353027 -0.00849041622132062912 0.10024227201938629150 0.01628328301012516022 -0.04850320145487785339 0.05971191823482513428 0.03234994783997535706 0.14300207793712615967 0.04623319953680038452 0.00752915209159255028 0.31833538413047790527
0.00229744799435138702 0.01127232983708381653 0.00441257469356060028 -0.01854775659739971161 0.07925142347812652588 -0.00470151100307703018 0.11701013147830963135 -0.00658699451014399529 0.10892535001039505005 -0.15059794485569000244 0.09694042056798934937 0.21870659291744232178 0.00114588823635131121 0.04236085340380668640 0.10213878005743026733 0.22730559110641479492 -0.09464821219444274902 0.12751407921314239502 0.02020261064171791077 -0.00782913900911808014 -0.10914736986160278320 0.17635428905487060547 0.20728579163551330566 -0.08055623620748519897 0.07251110672950744629
