0.07233160734176635742
0.05903941765427589417
0.07791402935981750488
0.08541569113731384277
0.07520326226949691772
-0.07683436572551727295
-0.08889663964509963989
0.22365337610244750977
0.28427174687385559082
0.13637325167655944824
-0.17817814648151397705
0.20276717841625213623
0.42417550086975097656
0.19611464440822601318
0.28800931572914123535
0.24783861637115478516
-0.31718280911445617676
0.57695341110229492188
0.34826311469078063965
-0.45653763413429260254
-0.78246551752090454102
0.77905488014221191406
0.93816608190536499023
1.03090155124664306641
-1.34525382518768310547
