0.000000 0.673327 -0.187925 0.138266 -0.006916 -0.006833 0.024561 -0.335175 -0.003503 0.724702
0.001000 0.673321 -0.187932 0.138290 -0.006916 -0.006833 0.024561 -0.335175 -0.003503 0.724702
0.002000 0.673313 -0.187939 0.138315 -0.007586 -0.006840 0.026011 -0.681748 -0.003713 1.469202
0.003000 0.673305 -0.187946 0.138342 -0.008279 -0.006840 0.027500 -0.704714 0.003022 1.508945
0.004000 0.673297 -0.187953 0.138370 -0.008996 -0.006834 0.029029 -0.728012 0.010060 1.548970
0.005000 0.673287 -0.187960 0.138400 -0.009735 -0.006820 0.030598 -0.751634 0.017405 1.589252
0.006000 0.673277 -0.187966 0.138431 -0.010499 -0.006799 0.032207 -0.775570 0.025056 1.629772
0.007000 0.673266 -0.187973 0.138464 -0.011286 -0.006770 0.033857 -0.799811 0.032991 1.670525
0.008000 0.673255 -0.187980 0.138499 -0.012098 -0.006733 0.035548 -0.824345 0.041184 1.711512
0.009000 0.673242 -0.187987 0.138535 -0.012935 -0.006688 0.037280 -0.849164 0.049616 1.752728
0.010000 0.673229 -0.187993 0.138574 -0.013797 -0.006634 0.039054 -0.874266 0.058284 1.794157
0.011000 0.673215 -0.188000 0.138614 -0.014684 -0.006571 0.040868 -0.899662 0.067191 1.835789
0.012000 0.673199 -0.188006 0.138655 -0.015596 -0.006499 0.042725 -0.925374 0.076344 1.877619
0.013000 0.673183 -0.188013 0.138699 -0.016534 -0.006418 0.044624 -0.951411 0.085751 1.919633
0.014000 0.673166 -0.188019 0.138745 -0.017499 -0.006328 0.046564 -0.977769 0.095416 1.961797
0.015000 0.673148 -0.188026 0.138792 -0.018490 -0.006228 0.048547 -1.004432 0.105346 2.004070
0.016000 0.673129 -0.188032 0.138842 -0.019508 -0.006117 0.050573 -1.031385 0.115548 2.046407
0.017000 0.673109 -0.188038 0.138893 -0.020553 -0.005996 0.052640 -1.058620 0.126027 2.088782
0.018000 0.673088 -0.188044 0.138947 -0.021625 -0.005865 0.054750 -1.086142 0.136790 2.131195
0.019000 0.673066 -0.188049 0.139003 -0.022725 -0.005723 0.056903 -1.113965 0.147841 2.173661
0.020000 0.673043 -0.188055 0.139061 -0.023853 -0.005569 0.059097 -1.142093 0.159187 2.216178
0.021000 0.673018 -0.188061 0.139121 -0.025009 -0.005405 0.061335 -1.170514 0.170833 2.258722
0.022000 0.672993 -0.188066 0.139183 -0.026194 -0.005228 0.063615 -1.199205 0.182785 2.301261
0.023000 0.672966 -0.188071 0.139248 -0.027408 -0.005039 0.065937 -1.228142 0.195047 2.343769
0.024000 0.672938 -0.188076 0.139315 -0.028650 -0.004838 0.068302 -1.257298 0.207625 2.386211
0.025000 0.672909 -0.188081 0.139385 -0.029922 -0.004624 0.070710 -1.286646 0.220524 2.428540
0.026000 0.672878 -0.188085 0.139457 -0.031224 -0.004397 0.073160 -1.316157 0.233747 2.470718
0.027000 0.672846 -0.188090 0.139531 -0.032554 -0.004156 0.075651 -1.345802 0.247299 2.512710
0.028000 0.672813 -0.188094 0.139608 -0.033915 -0.003902 0.078185 -1.375550 0.261172 2.554490
0.029000 0.672778 -0.188097 0.139688 -0.035306 -0.003634 0.080760 -1.405367 0.275345 2.596043
0.030000 0.672742 -0.188101 0.139770 -0.036726 -0.003351 0.083377 -1.435221 0.289789 2.637363
0.031000 0.672705 -0.188104 0.139854 -0.038176 -0.003054 0.086035 -1.465079 0.304481 2.678423
0.032000 0.672666 -0.188107 0.139942 -0.039656 -0.002742 0.088734 -1.494912 0.319414 2.719182
0.033000 0.672626 -0.188110 0.140032 -0.041166 -0.002415 0.091473 -1.524710 0.334590 2.759609
0.034000 0.672584 -0.188112 0.140125 -0.042705 -0.002073 0.094253 -1.554466 0.350010 2.799684
0.035000 0.672540 -0.188114 0.140220 -0.044275 -0.001715 0.097073 -1.584166 0.365678 2.839370
0.036000 0.672495 -0.188115 0.140319 -0.045874 -0.001342 0.099932 -1.613775 0.381594 2.878604
0.037000 0.672449 -0.188116 0.140420 -0.047502 -0.000952 0.102830 -1.643254 0.397761 2.917319
0.038000 0.672400 -0.188117 0.140524 -0.049160 -0.000546 0.105766 -1.672558 0.414179 2.955457
0.039000 0.672350 -0.188117 0.140632 -0.050847 -0.000124 0.108741 -1.701663 0.430849 2.992982
0.040000 0.672298 -0.188117 0.140742 -0.052564 0.000315 0.111752 -1.730569 0.447772 3.029902
0.041000 0.672245 -0.188117 0.140855 -0.054309 0.000772 0.114801 -1.759295 0.464948 3.066247
0.042000 0.672190 -0.188116 0.140971 -0.056082 0.001245 0.117885 -1.787843 0.482377 3.102016
0.043000 0.672133 -0.188114 0.141091 -0.057884 0.001736 0.121005 -1.816187 0.500068 3.137177
0.044000 0.672074 -0.188112 0.141213 -0.059715 0.002245 0.124159 -1.844302 0.518046 3.171723
0.045000 0.672013 -0.188110 0.141339 -0.061573 0.002772 0.127348 -1.872165 0.536343 3.205668
0.046000 0.671951 -0.188107 0.141468 -0.063459 0.003318 0.130571 -1.899744 0.554981 3.239001
0.047000 0.671887 -0.188103 0.141600 -0.065372 0.003882 0.133826 -1.927010 0.573968 3.271676
0.048000 0.671820 -0.188099 0.141736 -0.067313 0.004466 0.137114 -1.953952 0.593301 3.303674
0.049000 0.671752 -0.188094 0.141875 -0.069280 0.005069 0.140433 -1.980576 0.612975 3.335007
0.050000 0.671682 -0.188089 0.142017 -0.071274 0.005692 0.143784 -2.006889 0.632976 3.365693
0.051000 0.671609 -0.188083 0.142162 -0.073294 0.006335 0.147165 -2.032893 0.653272 3.395762
0.052000 0.671535 -0.188076 0.142311 -0.075340 0.006998 0.150575 -2.058588 0.673823 3.425248
0.053000 0.671459 -0.188069 0.142463 -0.077411 0.007683 0.154015 -2.083957 0.694601 3.454143
0.054000 0.671380 -0.188061 0.142619 -0.079508 0.008388 0.157484 -2.108967 0.715597 3.482401
0.055000 0.671300 -0.188052 0.142778 -0.081629 0.009114 0.160980 -2.133595 0.736827 3.510005
0.056000 0.671217 -0.188043 0.142941 -0.083775 0.009861 0.164504 -2.157831 0.758317 3.536969
0.057000 0.671132 -0.188032 0.143107 -0.085945 0.010630 0.168054 -2.181650 0.780083 3.563271
0.058000 0.671045 -0.188021 0.143277 -0.088138 0.011422 0.171630 -2.205021 0.802124 3.588839
0.059000 0.670956 -0.188010 0.143451 -0.090355 0.012235 0.175232 -2.227938 0.824433 3.613618
0.060000 0.670864 -0.187997 0.143628 -0.092594 0.013070 0.178858 -2.250421 0.846998 3.637587
0.061000 0.670771 -0.187983 0.143808 -0.094856 0.013929 0.182507 -2.272490 0.869818 3.660746
0.062000 0.670675 -0.187969 0.143993 -0.097139 0.014810 0.186179 -2.294158 0.892905 3.683140
0.063000 0.670576 -0.187954 0.144181 -0.099444 0.015715 0.189873 -2.315441 0.916280 3.704833
0.064000 0.670476 -0.187938 0.144372 -0.101770 0.016643 0.193589 -2.336323 0.939954 3.725831
0.065000 0.670373 -0.187921 0.144568 -0.104117 0.017594 0.197325 -2.356768 0.963933 3.746079
0.066000 0.670268 -0.187902 0.144767 -0.106484 0.018570 0.201081 -2.376757 0.988227 3.765552
0.067000 0.670160 -0.187883 0.144970 -0.108870 0.019571 0.204856 -2.396289 1.012853 3.784259
0.068000 0.670050 -0.187863 0.145177 -0.111276 0.020596 0.208649 -2.415342 1.037818 3.802166
0.069000 0.669937 -0.187842 0.145387 -0.113701 0.021647 0.212460 -2.433881 1.063125 3.819193
0.070000 0.669822 -0.187820 0.145602 -0.116144 0.022722 0.216288 -2.451901 1.088779 3.835298
0.071000 0.669705 -0.187797 0.145820 -0.118605 0.023824 0.220131 -2.469440 1.114793 3.850494
0.072000 0.669585 -0.187772 0.146042 -0.121083 0.024952 0.223989 -2.486544 1.141169 3.864823
0.073000 0.669463 -0.187747 0.146268 -0.123578 0.026106 0.227861 -2.503291 1.167893 3.878384
0.074000 0.669338 -0.187720 0.146498 -0.126089 0.027288 0.231746 -2.519772 1.194943 3.891308
0.075000 0.669211 -0.187692 0.146731 -0.128617 0.028496 0.235643 -2.536027 1.222294 3.903639
0.076000 0.669081 -0.187663 0.146969 -0.131161 0.029732 0.239553 -2.552032 1.249929 3.915332
0.077000 0.668948 -0.187633 0.147210 -0.133721 0.030996 0.243474 -2.567773 1.277846 3.926378
0.078000 0.668813 -0.187601 0.147456 -0.136297 0.032288 0.247406 -2.583257 1.306048 3.936812
0.079000 0.668676 -0.187568 0.147705 -0.138888 0.033608 0.251347 -2.598463 1.334533 3.946614
0.080000 0.668536 -0.187534 0.147959 -0.141494 0.034957 0.255299 -2.613348 1.363288 3.955702
0.081000 0.668393 -0.187498 0.148216 -0.144115 0.036335 0.259259 -2.627911 1.392307 3.964049
0.082000 0.668247 -0.187461 0.148477 -0.146750 0.037742 0.263227 -2.642180 1.421590 3.971675
0.083000 0.668099 -0.187423 0.148742 -0.149399 0.039178 0.267202 -2.656154 1.451128 3.978548
0.084000 0.667949 -0.187383 0.149011 -0.152062 0.040644 0.271184 -2.669799 1.480916 3.984604
0.085000 0.667795 -0.187342 0.149285 -0.154739 0.042140 0.275171 -2.683130 1.510966 3.989874
0.086000 0.667639 -0.187299 0.149562 -0.157428 0.043666 0.279164 -2.696210 1.541309 3.994483
0.087000 0.667480 -0.187254 0.149843 -0.160131 0.045222 0.283160 -2.709091 1.571963 3.998543
0.088000 0.667319 -0.187208 0.150128 -0.162846 0.046810 0.287161 -2.721807 1.602932 4.002148
0.089000 0.667155 -0.187161 0.150417 -0.165575 0.048428 0.291165 -2.734381 1.634208 4.005378
0.090000 0.666988 -0.187111 0.150710 -0.168315 0.050078 0.295172 -2.746790 1.665773 4.008220
0.091000 0.666818 -0.187060 0.151008 -0.171068 0.051760 0.299181 -2.758984 1.697610 4.010571
0.092000 0.666646 -0.187008 0.151309 -0.173833 0.053473 0.303193 -2.770959 1.729722 4.012363
0.093000 0.666470 -0.186953 0.151614 -0.176610 0.055219 0.307206 -2.782751 1.762125 4.013575
0.094000 0.666292 -0.186897 0.151923 -0.179399 0.056998 0.311220 -2.794354 1.794822 4.014137
0.095000 0.666112 -0.186839 0.152236 -0.182199 0.058809 0.315234 -2.805727 1.827799 4.013971
0.096000 0.665928 -0.186780 0.152554 -0.185010 0.060653 0.319248 -2.816883 1.861053 4.013144
0.097000 0.665742 -0.186718 0.152875 -0.187833 0.062531 0.323260 -2.827880 1.894594 4.011822
0.098000 0.665552 -0.186655 0.153200 -0.190666 0.064443 0.327271 -2.838728 1.928415 4.010069
0.099000 0.665360 -0.186589 0.153529 -0.193510 0.066388 0.331281 -2.849384 1.962485 4.007833
0.100000 0.665165 -0.186522 0.153863 -0.196365 0.068367 0.335287 -2.859852 1.996768 4.005124
0.101000 0.664967 -0.186453 0.154200 -0.199230 0.070381 0.339291 -2.870179 2.031232 4.002024
0.102000 0.664767 -0.186381 0.154541 -0.202105 0.072430 0.343291 -2.880365 2.065839 3.998529
0.103000 0.664563 -0.186308 0.154887 -0.204990 0.074513 0.347288 -2.890355 2.100550 3.994541
0.104000 0.664357 -0.186232 0.155236 -0.207886 0.076631 0.351280 -2.900142 2.135345 3.990024
0.105000 0.664147 -0.186154 0.155589 -0.210791 0.078784 0.355268 -2.909777 2.170225 3.985038
0.106000 0.663935 -0.186075 0.155946 -0.213705 0.080972 0.359250 -2.919314 2.205196 3.979672
0.107000 0.663720 -0.185993 0.156308 -0.216629 0.083194 0.363227 -2.928823 2.240276 3.974071
0.108000 0.663502 -0.185908 0.156673 -0.219563 0.085452 0.367198 -2.938378 2.275492 3.968414
0.109000 0.663281 -0.185822 0.157042 -0.222506 0.087745 0.371164 -2.947983 2.310840 3.962749
0.110000 0.663057 -0.185733 0.157415 -0.225459 0.090074 0.375124 -2.957587 2.346288 3.957001
0.111000 0.662830 -0.185641 0.157792 -0.228421 0.092438 0.379078 -2.967188 2.381805 3.951164
0.112000 0.662600 -0.185548 0.158173 -0.231393 0.094837 0.383026 -2.976838 2.417369 3.945312
0.113000 0.662367 -0.185452 0.158558 -0.234375 0.097273 0.386969 -2.986530 2.452947 3.939427
0.114000 0.662131 -0.185353 0.158947 -0.237366 0.099743 0.390905 -2.996201 2.488508 3.933386
0.115000 0.661892 -0.185252 0.159340 -0.240367 0.102250 0.394835 -3.005837 2.524059 3.927140
0.116000 0.661651 -0.185149 0.159737 -0.243378 0.104791 0.398759 -3.015479 2.559638 3.920714
0.117000 0.661406 -0.185043 0.160138 -0.246398 0.107369 0.402677 -3.025109 2.595254 3.914054
0.118000 0.661158 -0.184934 0.160542 -0.249428 0.109982 0.406588 -3.034662 2.630884 3.907067
0.119000 0.660907 -0.184823 0.160951 -0.252468 0.112631 0.410491 -3.044141 2.666531 3.899813
0.120000 0.660653 -0.184709 0.161363 -0.255516 0.115315 0.414387 -3.053605 2.702223 3.892470
0.121000 0.660396 -0.184592 0.161780 -0.258575 0.118035 0.418276 -3.063052 2.737957 3.885095
0.122000 0.660136 -0.184473 0.162200 -0.261643 0.120791 0.422157 -3.072415 2.773688 3.877598
0.123000 0.659873 -0.184351 0.162624 -0.264720 0.123582 0.426031 -3.081685 2.809386 3.869955
0.124000 0.659606 -0.184226 0.163052 -0.267806 0.126410 0.429897 -3.090912 2.845032 3.862228
0.125000 0.659337 -0.184098 0.163484 -0.270901 0.129272 0.433756 -3.100081 2.880590 3.854380
0.126000 0.659064 -0.183967 0.163919 -0.274006 0.132171 0.437606 -3.109114 2.916017 3.846278
0.127000 0.658789 -0.183833 0.164359 -0.277120 0.135104 0.441448 -3.117990 2.951318 3.837876
0.128000 0.658510 -0.183697 0.164802 -0.280242 0.138073 0.445282 -3.126746 2.986532 3.829223
0.129000 0.658228 -0.183557 0.165250 -0.283373 0.141078 0.449107 -3.135357 3.021663 3.820273
0.130000 0.657944 -0.183415 0.165701 -0.286513 0.144117 0.452922 -3.143742 3.056676 3.810918
0.131000 0.657655 -0.183269 0.166155 -0.289661 0.147191 0.456728 -3.151895 3.091569 3.801201
0.132000 0.657364 -0.183120 0.166614 -0.292817 0.150300 0.460525 -3.159873 3.126368 3.791290
0.133000 0.657070 -0.182968 0.167076 -0.295980 0.153444 0.464311 -3.167666 3.161065 3.781225
0.134000 0.656772 -0.182813 0.167543 -0.299152 0.156622 0.468087 -3.175189 3.195601 3.770901
0.135000 0.656471 -0.182655 0.168013 -0.302331 0.159835 0.471853 -3.182426 3.229938 3.760302
0.136000 0.656168 -0.182494 0.168486 -0.305517 0.163082 0.475608 -3.189422 3.264055 3.749515
0.137000 0.655860 -0.182329 0.168964 -0.308710 0.166363 0.479352 -3.196156 3.297910 3.738511
0.138000 0.655550 -0.182161 0.169445 -0.311909 0.169678 0.483085 -3.202541 3.331454 3.727142
0.139000 0.655237 -0.181990 0.169930 -0.315115 0.173026 0.486806 -3.208574 3.364709 3.715348
0.140000 0.654920 -0.181815 0.170419 -0.318326 0.176407 0.490516 -3.214323 3.397746 3.703166
0.141000 0.654600 -0.181637 0.170911 -0.321543 0.179821 0.494212 -3.219777 3.430584 3.690535
0.142000 0.654277 -0.181455 0.171407 -0.324766 0.183268 0.497897 -3.224850 3.463181 3.677323
0.143000 0.653950 -0.181270 0.171907 -0.327993 0.186748 0.501567 -3.229526 3.495525 3.663555
0.144000 0.653621 -0.181082 0.172410 -0.331225 0.190259 0.505224 -3.233880 3.527650 3.649421
0.145000 0.653288 -0.180890 0.172917 -0.334461 0.193803 0.508866 -3.237982 3.559587 3.635098
0.146000 0.652952 -0.180694 0.173428 -0.337701 0.197379 0.512494 -3.241902 3.591361 3.620744
0.147000 0.652613 -0.180495 0.173942 -0.340945 0.200986 0.516107 -3.245703 3.622998 3.606507
0.148000 0.652270 -0.180292 0.174460 -0.344192 0.204625 0.519707 -3.249356 3.654469 3.592371
0.149000 0.651924 -0.180086 0.174982 -0.347443 0.208295 0.523292 -3.252762 3.685719 3.578179
0.150000 0.651575 -0.179876 0.175507 -0.350698 0.211996 0.526863 -3.255908 3.716761 3.563860
0.151000 0.651223 -0.179662 0.176035 -0.353955 0.215728 0.530420 -3.258862 3.747664 3.549446
0.152000 0.650867 -0.179444 0.176568 -0.357215 0.219491 0.533962 -3.261609 3.778433 3.534866
0.153000 0.650508 -0.179223 0.177103 -0.360478 0.223285 0.537490 -3.264057 3.809010 3.519979
0.154000 0.650146 -0.178998 0.177643 -0.363744 0.227109 0.541002 -3.266209 3.839371 3.504825
0.155000 0.649781 -0.178769 0.178185 -0.367011 0.230964 0.544499 -3.268153 3.869534 3.489592
0.156000 0.649412 -0.178536 0.178732 -0.370280 0.234848 0.547981 -3.269887 3.899467 3.474320
0.157000 0.649040 -0.178299 0.179281 -0.373551 0.238763 0.551448 -3.271317 3.929086 3.458885
0.158000 0.648665 -0.178058 0.179834 -0.376823 0.242707 0.554899 -3.272434 3.958349 3.443270
0.159000 0.648287 -0.177813 0.180391 -0.380095 0.246679 0.558334 -3.273314 3.987261 3.427582
0.160000 0.647905 -0.177565 0.180951 -0.383369 0.250681 0.561754 -3.273942 4.015779 3.411793
0.161000 0.647520 -0.177312 0.181515 -0.386643 0.254711 0.565158 -3.274211 4.043833 3.395736
0.162000 0.647132 -0.177055 0.182081 -0.389918 0.258769 0.568546 -3.274099 4.071445 3.379351
0.163000 0.646740 -0.176795 0.182652 -0.393192 0.262854 0.571917 -3.273670 4.098704 3.362699
0.164000 0.646345 -0.176530 0.183225 -0.396465 0.266966 0.575271 -3.272897 4.125625 3.345722
0.165000 0.645947 -0.176261 0.183802 -0.399737 0.271105 0.578608 -3.271672 4.152145 3.328279
0.166000 0.645546 -0.175987 0.184383 -0.403008 0.275270 0.581928 -3.269984 4.178249 3.310424
0.167000 0.645141 -0.175710 0.184966 -0.406277 0.279462 0.585229 -3.267920 4.203975 3.292375
0.168000 0.644733 -0.175429 0.185553 -0.409544 0.283678 0.588512 -3.265465 4.229298 3.274183
0.169000 0.644322 -0.175143 0.186143 -0.412808 0.287920 0.591777 -3.262507 4.254127 3.255714
0.170000 0.643908 -0.174853 0.186737 -0.416069 0.292187 0.595024 -3.259027 4.278429 3.236944
0.171000 0.643490 -0.174558 0.187333 -0.419326 0.296477 0.598251 -3.255097 4.302227 3.217972
0.172000 0.643069 -0.174260 0.187933 -0.422579 0.300791 0.601460 -3.250692 4.325482 3.198759
0.173000 0.642645 -0.173957 0.188536 -0.425828 0.305128 0.604649 -3.245698 4.348106 3.179106
0.174000 0.642217 -0.173649 0.189142 -0.429071 0.309487 0.607818 -3.240107 4.370100 3.158919
0.175000 0.641787 -0.173338 0.189752 -0.432308 0.313868 0.610967 -3.234013 4.391539 3.138220
0.176000 0.641353 -0.173022 0.190364 -0.435539 0.318270 0.614094 -3.227406 4.412419 3.116917
0.177000 0.640916 -0.172701 0.190980 -0.438763 0.322693 0.617201 -3.220178 4.432668 3.094862
0.178000 0.640475 -0.172376 0.191599 -0.441979 0.327136 0.620284 -3.212337 4.452298 3.072150
0.179000 0.640032 -0.172047 0.192220 -0.445187 0.331598 0.623345 -3.203998 4.471399 3.049060
0.180000 0.639585 -0.171713 0.192845 -0.448387 0.336079 0.626382 -3.195163 4.489972 3.025686
0.181000 0.639135 -0.171375 0.193473 -0.451578 0.340578 0.629396 -3.185711 4.507905 3.001898
0.182000 0.638682 -0.171032 0.194104 -0.454758 0.345094 0.632386 -3.175614 4.525119 2.977665
0.183000 0.638225 -0.170685 0.194738 -0.457929 0.349628 0.635352 -3.164940 4.541586 2.953084
0.184000 0.637766 -0.170333 0.195375 -0.461088 0.354177 0.638292 -3.153654 4.557220 2.928108
0.185000 0.637303 -0.169976 0.196015 -0.464236 0.358742 0.641208 -3.141624 4.571914 2.902534
0.186000 0.636837 -0.169615 0.196657 -0.467372 0.363321 0.644097 -3.128833 4.585692 2.876284
0.187000 0.636368 -0.169250 0.197303 -0.470494 0.367914 0.646960 -3.115401 4.598700 2.849458
0.188000 0.635896 -0.168879 0.197951 -0.473602 0.372519 0.649796 -3.101463 4.611072 2.822211
0.189000 0.635421 -0.168505 0.198602 -0.476697 0.377136 0.652605 -3.087180 4.622921 2.794805
0.190000 0.634943 -0.168125 0.199256 -0.479777 0.381765 0.655386 -3.072729 4.634348 2.767555
0.191000 0.634462 -0.167741 0.199913 -0.482842 0.386405 0.658140 -3.058132 4.645334 2.740550
0.192000 0.633977 -0.167352 0.200573 -0.485893 0.391055 0.660867 -3.043276 4.655760 2.713639
0.193000 0.633490 -0.166959 0.201235 -0.488929 0.395716 0.663567 -3.028153 4.665575 2.686759
0.194000 0.632999 -0.166561 0.201900 -0.491949 0.400386 0.666240 -3.012867 4.674804 2.659981
0.195000 0.632506 -0.166158 0.202567 -0.494955 0.405066 0.668887 -2.997402 4.683391 2.633226
0.196000 0.632010 -0.165751 0.203238 -0.497944 0.409753 0.671507 -2.981624 4.691230 2.606273
0.197000 0.631510 -0.165339 0.203910 -0.500918 0.414448 0.674100 -2.965510 4.698352 2.579039
0.198000 0.631008 -0.164922 0.204586 -0.503875 0.419150 0.676665 -2.949153 4.704900 2.551583
0.199000 0.630502 -0.164500 0.205264 -0.506816 0.423858 0.679203 -2.932528 4.710900 2.523830
0.200000 0.629994 -0.164074 0.205944 -0.509740 0.428572 0.681713 -2.915510 4.716258 2.495618
0.201000 0.629483 -0.163643 0.206627 -0.512647 0.433290 0.684194 -2.898117 4.720968 2.467034
0.202000 0.628969 -0.163208 0.207313 -0.515536 0.438014 0.686647 -2.880496 4.725120 2.438364
0.203000 0.628452 -0.162767 0.208000 -0.518408 0.442741 0.689071 -2.862662 4.728694 2.409695
0.204000 0.627932 -0.162322 0.208691 -0.521262 0.447471 0.691466 -2.844487 4.731546 2.380886
0.205000 0.627409 -0.161872 0.209383 -0.524097 0.452204 0.693833 -2.825958 4.733599 2.351925
0.206000 0.626884 -0.161418 0.210078 -0.526914 0.456938 0.696170 -2.807176 4.734859 2.322952
0.207000 0.626355 -0.160958 0.210776 -0.529711 0.461673 0.698478 -2.788120 4.735244 2.293939
0.208000 0.625824 -0.160494 0.211475 -0.532490 0.466409 0.700758 -2.768653 4.734635 2.264677
0.209000 0.625290 -0.160026 0.212177 -0.535249 0.471143 0.703008 -2.748771 4.733085 2.235084
0.210000 0.624754 -0.159552 0.212881 -0.537987 0.475875 0.705228 -2.728602 4.730783 2.205224
0.211000 0.624214 -0.159074 0.213588 -0.540706 0.480604 0.707418 -2.708139 4.727782 2.175022
0.212000 0.623672 -0.158591 0.214296 -0.543404 0.485330 0.709578 -2.687243 4.723994 2.144297
0.213000 0.623128 -0.158103 0.215007 -0.546080 0.490052 0.711707 -2.665903 4.719439 2.113110
0.214000 0.622580 -0.157611 0.215720 -0.548736 0.494769 0.713804 -2.644234 4.714255 2.081721
0.215000 0.622030 -0.157114 0.216434 -0.551369 0.499481 0.715870 -2.622222 4.708447 2.050188
0.216000 0.621478 -0.156612 0.217151 -0.553980 0.504186 0.717905 -2.599727 4.701879 2.018334
0.217000 0.620922 -0.156105 0.217870 -0.556568 0.508885 0.719907 -2.576754 4.694498 1.986096
0.218000 0.620364 -0.155594 0.218591 -0.559134 0.513575 0.721877 -2.553441 4.686355 1.953552
0.219000 0.619804 -0.155078 0.219314 -0.561675 0.518257 0.723814 -2.529786 4.677396 1.920628
0.220000 0.619241 -0.154558 0.220039 -0.564193 0.522930 0.725718 -2.505641 4.667495 1.887087
0.221000 0.618676 -0.154032 0.220765 -0.566687 0.527592 0.727588 -2.480976 4.656707 1.852849
0.222000 0.618108 -0.153502 0.221494 -0.569155 0.532243 0.729424 -2.455886 4.645235 1.817988
0.223000 0.617537 -0.152968 0.222224 -0.571598 0.536883 0.731224 -2.430338 4.633130 1.782427
0.224000 0.616964 -0.152429 0.222956 -0.574016 0.541510 0.732989 -2.404183 4.620279 1.745977
0.225000 0.616389 -0.151885 0.223690 -0.576407 0.546123 0.734716 -2.377431 4.606676 1.708675
0.226000 0.615812 -0.151336 0.224426 -0.578771 0.550723 0.736406 -2.350235 4.592438 1.670758
0.227000 0.615232 -0.150783 0.225163 -0.581107 0.555308 0.738058 -2.322604 4.577543 1.632266
0.228000 0.614649 -0.150226 0.225902 -0.583416 0.559878 0.739671 -2.294401 4.561818 1.593021
0.229000 0.614065 -0.149664 0.226642 -0.585696 0.564432 0.741244 -2.265629 4.545188 1.552988
0.230000 0.613478 -0.149097 0.227384 -0.587947 0.568968 0.742776 -2.236433 4.527681 1.512295
0.231000 0.612889 -0.148526 0.228128 -0.590169 0.573487 0.744268 -2.206811 4.509218 1.470900
0.232000 0.612298 -0.147950 0.228873 -0.592361 0.577987 0.745718 -2.176618 4.489650 1.428587
0.233000 0.611704 -0.147370 0.229619 -0.594522 0.582466 0.747125 -2.145850 4.469032 1.385310
0.234000 0.611109 -0.146785 0.230367 -0.596652 0.586925 0.748489 -2.114641 4.447579 1.341192
0.235000 0.610511 -0.146196 0.231116 -0.598751 0.591362 0.749808 -2.082980 4.425347 1.296187
0.236000 0.609911 -0.145602 0.231867 -0.600818 0.595776 0.751081 -2.050703 4.402219 1.250095
0.237000 0.609309 -0.145004 0.232619 -0.602853 0.600166 0.752308 -2.017772 4.378216 1.202916
0.238000 0.608705 -0.144402 0.233371 -0.604854 0.604532 0.753487 -1.984317 4.353538 1.154879
0.239000 0.608100 -0.143795 0.234126 -0.606821 0.608873 0.754618 -1.950484 4.328351 1.106204
0.240000 0.607492 -0.143184 0.234881 -0.608755 0.613189 0.755700 -1.916448 4.302772 1.057095
0.241000 0.606882 -0.142569 0.235637 -0.610654 0.617479 0.756732 -1.882398 4.276891 1.007746
0.242000 0.606270 -0.141949 0.236394 -0.612520 0.621743 0.757715 -1.848337 4.250633 0.958125
0.243000 0.605657 -0.141325 0.237152 -0.614351 0.625980 0.758648 -1.814119 4.223845 0.908026
0.244000 0.605042 -0.140697 0.237911 -0.616148 0.630190 0.759531 -1.779744 4.196587 0.857418
0.245000 0.604425 -0.140065 0.238671 -0.617910 0.634373 0.760363 -1.745360 4.169097 0.806443
0.246000 0.603806 -0.139428 0.239432 -0.619639 0.638528 0.761144 -1.710963 4.141435 0.755070
0.247000 0.603185 -0.138788 0.240194 -0.621332 0.642656 0.761873 -1.676389 4.113471 0.703098
0.248000 0.602563 -0.138143 0.240956 -0.622991 0.646755 0.762550 -1.641605 4.085208 0.650519
0.249000 0.601939 -0.137494 0.241719 -0.624616 0.650826 0.763174 -1.606719 4.056802 0.597506
0.250000 0.601314 -0.136841 0.242482 -0.626205 0.654869 0.763745 -1.571697 4.028238 0.544047
0.251000 0.600687 -0.136185 0.243246 -0.627759 0.658883 0.764262 -1.536379 3.999321 0.489930
0.252000 0.600059 -0.135524 0.244011 -0.629278 0.662868 0.764725 -1.500777 3.969958 0.435092
0.253000 0.599429 -0.134859 0.244776 -0.630761 0.666823 0.765133 -1.465058 3.940187 0.379638
0.254000 0.598797 -0.134190 0.245541 -0.632208 0.670748 0.765484 -1.429233 3.909913 0.323504
0.255000 0.598164 -0.133517 0.246307 -0.633619 0.674643 0.765780 -1.393145 3.878953 0.266453
0.256000 0.597530 -0.132841 0.247073 -0.634994 0.678506 0.766017 -1.356778 3.847349 0.208419
0.257000 0.596894 -0.132160 0.247839 -0.636333 0.682337 0.766196 -1.320262 3.815326 0.149505
0.258000 0.596257 -0.131476 0.248605 -0.637635 0.686137 0.766316 -1.283573 3.782923 0.089650
0.259000 0.595619 -0.130788 0.249371 -0.638900 0.689903 0.766376 -1.246529 3.749985 0.028647
0.260000 0.594979 -0.130096 0.250138 -0.640128 0.693637 0.766373 -1.209082 3.716496 -0.033494
0.261000 0.594339 -0.129401 0.250904 -0.641318 0.697336 0.766309 -1.171363 3.682634 -0.096525
0.262000 0.593697 -0.128702 0.251670 -0.642470 0.701002 0.766180 -1.133527 3.648548 -0.160213
0.263000 0.593054 -0.127999 0.252437 -0.643585 0.704633 0.765988 -1.095775 3.614335 -0.224356
0.264000 0.592410 -0.127292 0.253202 -0.644662 0.708230 0.765732 -1.058331 3.580067 -0.288769
0.265000 0.591764 -0.126582 0.253968 -0.645702 0.711793 0.765411 -1.021218 3.545635 -0.353489
0.266000 0.591118 -0.125869 0.254733 -0.646704 0.715322 0.765025 -0.984276 3.510838 -0.418723
0.267000 0.590471 -0.125152 0.255498 -0.647670 0.718815 0.764573 -0.947477 3.475703 -0.484483
0.268000 0.589823 -0.124431 0.256262 -0.648599 0.722273 0.764056 -0.910938 3.440451 -0.550597
0.269000 0.589174 -0.123707 0.257026 -0.649492 0.725696 0.763472 -0.874624 3.405111 -0.617077
0.270000 0.588524 -0.122980 0.257789 -0.650348 0.729083 0.762822 -0.838342 3.369519 -0.684128
0.271000 0.587873 -0.122249 0.258552 -0.651169 0.732435 0.762104 -0.802030 3.333674 -0.751784
0.272000 0.587221 -0.121515 0.259313 -0.651953 0.735751 0.761318 -0.765768 3.297749 -0.819904
0.273000 0.586569 -0.120777 0.260074 -0.652700 0.739031 0.760464 -0.729496 3.261727 -0.888522
0.274000 0.585916 -0.120037 0.260834 -0.653412 0.742274 0.759541 -0.693028 3.225380 -0.957851
0.275000 0.585262 -0.119293 0.261593 -0.654086 0.745481 0.758548 -0.656347 3.188591 -1.027923
0.276000 0.584608 -0.118546 0.262352 -0.654724 0.748651 0.757485 -0.619638 3.151431 -1.098553
0.277000 0.583953 -0.117796 0.263108 -0.655326 0.751784 0.756351 -0.583071 3.114019 -1.169560
0.278000 0.583297 -0.117042 0.263864 -0.655890 0.754879 0.755146 -0.546806 3.076561 -1.240781
0.279000 0.582641 -0.116286 0.264619 -0.656419 0.757937 0.753870 -0.510989 3.039312 -1.312057
0.280000 0.581984 -0.115526 0.265372 -0.656912 0.760958 0.752522 -0.475580 3.002293 -1.383444
0.281000 0.581327 -0.114764 0.266124 -0.657370 0.763942 0.751103 -0.440387 2.965315 -1.455153
0.282000 0.580670 -0.113999 0.266874 -0.657793 0.766889 0.749612 -0.405369 2.928345 -1.527214
0.283000 0.580012 -0.113230 0.267623 -0.658181 0.769799 0.748048 -0.370632 2.891521 -1.599473
0.284000 0.579353 -0.112459 0.268370 -0.658534 0.772672 0.746413 -0.336134 2.854797 -1.671954
0.285000 0.578695 -0.111685 0.269116 -0.658853 0.775508 0.744704 -0.301693 2.817919 -1.744853
0.286000 0.578036 -0.110908 0.269860 -0.659138 0.778308 0.742923 -0.267292 2.780765 -1.818190
0.287000 0.577376 -0.110128 0.270602 -0.659388 0.781070 0.741068 -0.233107 2.743406 -1.891762
0.288000 0.576717 -0.109346 0.271342 -0.659604 0.783794 0.739139 -0.199306 2.705955 -1.965363
0.289000 0.576057 -0.108561 0.272080 -0.659787 0.786482 0.737137 -0.166043 2.668598 -2.038788
0.290000 0.575397 -0.107773 0.272816 -0.659936 0.789132 0.735062 -0.133461 2.631561 -2.111826
0.291000 0.574737 -0.106982 0.273550 -0.660053 0.791745 0.732914 -0.101512 2.594835 -2.184492
0.292000 0.574077 -0.106189 0.274282 -0.660139 0.794321 0.730693 -0.069981 2.558213 -2.256992
0.293000 0.573417 -0.105394 0.275011 -0.660193 0.796861 0.728400 -0.038772 2.521655 -2.329381
0.294000 0.572757 -0.104596 0.275739 -0.660217 0.799365 0.726034 -0.007923 2.485306 -2.401556
0.295000 0.572097 -0.103795 0.276464 -0.660209 0.801832 0.723597 0.022663 2.449117 -2.473571
0.296000 0.571436 -0.102992 0.277186 -0.660171 0.804263 0.721087 0.053188 2.412828 -2.545631
0.297000 0.570776 -0.102186 0.277906 -0.660103 0.806657 0.718505 0.083677 2.376313 -2.617764
0.298000 0.570116 -0.101379 0.278623 -0.660004 0.809015 0.715851 0.113953 2.339653 -2.689778
0.299000 0.569456 -0.100568 0.279337 -0.659875 0.811337 0.713126 0.143849 2.302967 -2.761480
0.300000 0.568796 -0.099756 0.280049 -0.659716 0.813621 0.710329 0.173212 2.266451 -2.832674
0.301000 0.568137 -0.098941 0.280758 -0.659529 0.815870 0.707460 0.201899 2.230338 -2.903161
0.302000 0.567477 -0.098124 0.281464 -0.659312 0.818082 0.704522 0.229956 2.194622 -2.972956
0.303000 0.566818 -0.097305 0.282167 -0.659069 0.820259 0.701514 0.257586 2.159076 -3.042270
0.304000 0.566159 -0.096484 0.282867 -0.658797 0.822400 0.698438 0.284860 2.123640 -3.111183
0.305000 0.565501 -0.095660 0.283564 -0.658499 0.824506 0.695292 0.311705 2.088431 -3.179630
0.306000 0.564842 -0.094835 0.284258 -0.658174 0.826577 0.692078 0.338191 2.053378 -3.247688
0.307000 0.564184 -0.094007 0.284948 -0.657823 0.828613 0.688797 0.364520 2.018207 -3.315565
0.308000 0.563527 -0.093177 0.285635 -0.657445 0.830613 0.685447 0.390739 1.982794 -3.383283
0.309000 0.562869 -0.092346 0.286319 -0.657041 0.832578 0.682030 0.416703 1.947231 -3.450658
0.310000 0.562212 -0.091512 0.286999 -0.656611 0.834508 0.678546 0.442279 1.911652 -3.517510
0.311000 0.561556 -0.090677 0.287676 -0.656156 0.836402 0.674995 0.467348 1.876265 -3.583670
0.312000 0.560900 -0.089840 0.288349 -0.655677 0.838260 0.671379 0.491797 1.841316 -3.648975
0.313000 0.560245 -0.089000 0.289019 -0.655173 0.840084 0.667697 0.515694 1.806802 -3.713458
0.314000 0.559590 -0.088159 0.289685 -0.654645 0.841874 0.663952 0.539251 1.772485 -3.777312
0.315000 0.558935 -0.087317 0.290347 -0.654094 0.843629 0.660143 0.562534 1.738285 -3.840586
0.316000 0.558282 -0.086472 0.291005 -0.653520 0.845351 0.656271 0.585467 1.704299 -3.903177
0.317000 0.557628 -0.085626 0.291659 -0.652923 0.847038 0.652336 0.608115 1.670437 -3.965128
0.318000 0.556976 -0.084778 0.292310 -0.652304 0.848691 0.648340 0.630675 1.636413 -4.026628
0.319000 0.556324 -0.083928 0.292956 -0.651662 0.850311 0.644283 0.653187 1.602112 -4.087712
0.320000 0.555672 -0.083077 0.293598 -0.650998 0.851896 0.640165 0.675501 1.567639 -4.148224
0.321000 0.555022 -0.082225 0.294236 -0.650311 0.853446 0.635987 0.697465 1.533135 -4.207993
0.322000 0.554372 -0.081370 0.294870 -0.649603 0.854962 0.631749 0.718930 1.498797 -4.266831
0.323000 0.553723 -0.080515 0.295500 -0.648873 0.856444 0.627453 0.739743 1.464859 -4.324536
0.324000 0.553074 -0.079658 0.296125 -0.648123 0.857892 0.623100 0.759942 1.431299 -4.381103
0.325000 0.552426 -0.078799 0.296746 -0.647353 0.859306 0.618691 0.779730 1.397885 -4.436713
0.326000 0.551779 -0.077939 0.297363 -0.646564 0.860687 0.614226 0.799191 1.364570 -4.491448
0.327000 0.551133 -0.077078 0.297975 -0.645755 0.862035 0.609708 0.818277 1.331501 -4.545262
0.328000 0.550488 -0.076215 0.298582 -0.644927 0.863350 0.605136 0.837069 1.298625 -4.598233
0.329000 0.549843 -0.075351 0.299185 -0.644081 0.864633 0.600511 0.855769 1.265672 -4.650556
0.330000 0.549200 -0.074486 0.299783 -0.643216 0.865882 0.595835 0.874409 1.232537 -4.702276
0.331000 0.548557 -0.073619 0.300376 -0.642332 0.867098 0.591107 0.892832 1.199348 -4.753261
0.332000 0.547915 -0.072751 0.300965 -0.641430 0.868280 0.586328 0.910891 1.166266 -4.803364
0.333000 0.547274 -0.071883 0.301549 -0.640510 0.869430 0.581500 0.928451 1.133509 -4.852420
0.334000 0.546634 -0.071013 0.302128 -0.639573 0.870548 0.576623 0.945386 1.101332 -4.900250
0.335000 0.545995 -0.070142 0.302702 -0.638619 0.871633 0.571700 0.961748 1.069725 -4.946856
0.336000 0.545357 -0.069269 0.303272 -0.637650 0.872687 0.566730 0.977731 1.038453 -4.992407
0.337000 0.544720 -0.068396 0.303836 -0.636664 0.873710 0.561715 0.993386 1.007456 -5.036990
0.338000 0.544083 -0.067522 0.304395 -0.635663 0.874702 0.556656 1.008621 0.976870 -5.080577
0.339000 0.543448 -0.066647 0.304949 -0.634647 0.875664 0.551554 1.023485 0.946630 -5.123247
0.340000 0.542814 -0.065771 0.305498 -0.633616 0.876595 0.546409 1.038167 0.916465 -5.165172
0.341000 0.542181 -0.064894 0.306042 -0.632570 0.877496 0.541223 1.052715 0.886283 -5.206374
0.342000 0.541549 -0.064016 0.306581 -0.631510 0.878368 0.535996 1.067032 0.856182 -5.246737
0.343000 0.540918 -0.063137 0.307114 -0.630436 0.879209 0.530730 1.081163 0.826073 -5.286270
0.344000 0.540288 -0.062257 0.307642 -0.629348 0.880020 0.525424 1.095294 0.795701 -5.325104
0.345000 0.539659 -0.061377 0.308165 -0.628246 0.880800 0.520080 1.109469 0.765046 -5.363237
0.346000 0.539032 -0.060496 0.308682 -0.627129 0.881550 0.514697 1.123551 0.734357 -5.400508
0.347000 0.538405 -0.059614 0.309194 -0.625999 0.882269 0.509279 1.137415 0.703869 -5.436783
0.348000 0.537780 -0.058731 0.309701 -0.624854 0.882958 0.503824 1.150945 0.673805 -5.471985
0.349000 0.537155 -0.057848 0.310202 -0.623697 0.883617 0.498335 1.164037 0.644377 -5.506065
0.350000 0.536532 -0.056964 0.310697 -0.622526 0.884246 0.492812 1.176751 0.615536 -5.539101
0.351000 0.535910 -0.056079 0.311187 -0.621343 0.884848 0.487256 1.189266 0.587014 -5.571250
0.352000 0.535290 -0.055194 0.311672 -0.620148 0.885420 0.481669 1.201594 0.558712 -5.602529
0.353000 0.534670 -0.054308 0.312151 -0.618940 0.885965 0.476051 1.213592 0.530719 -5.632834
0.354000 0.534052 -0.053422 0.312624 -0.617721 0.886482 0.470404 1.225267 0.502940 -5.662170
0.355000 0.533435 -0.052535 0.313092 -0.616490 0.886971 0.464727 1.236795 0.475112 -5.690662
0.356000 0.532819 -0.051648 0.313553 -0.615247 0.887432 0.459022 1.248230 0.447210 -5.718330
0.357000 0.532204 -0.050761 0.314010 -0.613993 0.887865 0.453290 1.259492 0.419422 -5.745078
0.358000 0.531591 -0.049873 0.314460 -0.612728 0.888271 0.447532 1.270635 0.391724 -5.770921
0.359000 0.530979 -0.048984 0.314905 -0.611452 0.888649 0.441748 1.281838 0.363873 -5.795991
0.360000 0.530368 -0.048095 0.315344 -0.610164 0.888999 0.435940 1.293128 0.335822 -5.820337
0.361000 0.529758 -0.047206 0.315777 -0.608866 0.889320 0.430108 1.304352 0.307773 -5.843888
0.362000 0.529150 -0.046317 0.316204 -0.607556 0.889614 0.424252 1.315364 0.279919 -5.866578
0.363000 0.528543 -0.045427 0.316625 -0.606235 0.889880 0.418375 1.326034 0.252440 -5.888347
0.364000 0.527938 -0.044537 0.317041 -0.604904 0.890119 0.412476 1.336238 0.225505 -5.909142
0.365000 0.527333 -0.043647 0.317450 -0.603562 0.890331 0.406556 1.346021 0.199041 -5.929010
0.366000 0.526730 -0.042756 0.317854 -0.602212 0.890517 0.400618 1.355564 0.172802 -5.948064
0.367000 0.526129 -0.041866 0.318251 -0.600851 0.890677 0.394660 1.364912 0.146785 -5.966294
0.368000 0.525529 -0.040975 0.318643 -0.599482 0.890811 0.388685 1.373971 0.121211 -5.983577
0.369000 0.524930 -0.040084 0.319029 -0.598103 0.890919 0.382693 1.382782 0.096077 -5.999893
0.370000 0.524333 -0.039193 0.319408 -0.596716 0.891003 0.376685 1.391521 0.071149 -6.015354
0.371000 0.523737 -0.038302 0.319782 -0.595320 0.891062 0.370662 1.400225 0.046378 -6.030023
0.372000 0.523142 -0.037411 0.320150 -0.593916 0.891096 0.364625 1.408795 0.021914 -6.043891
0.373000 0.522549 -0.036520 0.320511 -0.592503 0.891105 0.358575 1.417268 -0.002298 -6.057016
0.374000 0.521957 -0.035629 0.320867 -0.591081 0.891091 0.352511 1.425812 -0.026535 -6.069513
0.375000 0.521367 -0.034738 0.321216 -0.589651 0.891052 0.346436 1.434462 -0.050901 -6.081407
0.376000 0.520778 -0.033847 0.321560 -0.588212 0.890989 0.340348 1.443078 -0.075258 -6.092608
0.377000 0.520190 -0.032956 0.321897 -0.586765 0.890902 0.334250 1.451521 -0.099433 -6.103023
0.378000 0.519604 -0.032065 0.322228 -0.585309 0.890790 0.328142 1.459650 -0.123195 -6.112552
0.379000 0.519020 -0.031174 0.322553 -0.583846 0.890655 0.322025 1.467320 -0.146275 -6.121090
0.380000 0.518436 -0.030283 0.322872 -0.582375 0.890498 0.315900 1.474559 -0.168675 -6.128633
0.381000 0.517855 -0.029393 0.323185 -0.580896 0.890318 0.309768 1.481526 -0.190630 -6.135276
0.382000 0.517275 -0.028503 0.323492 -0.579412 0.890117 0.303630 1.488245 -0.212189 -6.141077
0.383000 0.516696 -0.027613 0.323792 -0.577920 0.889894 0.297486 1.494600 -0.233200 -6.146026
0.384000 0.516119 -0.026723 0.324087 -0.576422 0.889650 0.291337 1.500615 -0.253718 -6.150173
0.385000 0.515543 -0.025833 0.324375 -0.574919 0.889386 0.285185 1.506453 -0.274017 -6.153633
0.386000 0.514969 -0.024944 0.324657 -0.573409 0.889102 0.279030 1.512157 -0.294201 -6.156467
0.387000 0.514396 -0.024055 0.324933 -0.571894 0.888798 0.272872 1.517641 -0.314183 -6.158678
0.388000 0.513825 -0.023167 0.325203 -0.570374 0.888474 0.266713 1.522947 -0.334064 -6.160313
0.389000 0.513256 -0.022278 0.325466 -0.568849 0.888130 0.260552 1.528242 -0.354109 -6.161453
0.390000 0.512687 -0.021390 0.325724 -0.567318 0.887766 0.254390 1.533566 -0.374343 -6.162085
0.391000 0.512121 -0.020503 0.325975 -0.565781 0.887381 0.248228 1.538826 -0.394580 -6.162120
0.392000 0.511556 -0.019616 0.326220 -0.564240 0.886976 0.242066 1.544058 -0.414841 -6.161538
0.393000 0.510992 -0.018729 0.326459 -0.562693 0.886551 0.235905 1.549424 -0.435359 -6.160403
0.394000 0.510430 -0.017842 0.326692 -0.561141 0.886106 0.229745 1.554957 -0.456154 -6.158752
0.395000 0.509870 -0.016957 0.326919 -0.559583 0.885639 0.223587 1.560528 -0.476989 -6.156564
0.396000 0.509311 -0.016071 0.327139 -0.558020 0.885152 0.217432 1.566004 -0.497651 -6.153808
0.397000 0.508754 -0.015186 0.327354 -0.556451 0.884644 0.211280 1.571251 -0.517974 -6.150451
0.398000 0.508198 -0.014302 0.327562 -0.554878 0.884116 0.205131 1.576134 -0.537814 -6.146451
0.399000 0.507644 -0.013418 0.327764 -0.553299 0.883568 0.198987 1.580681 -0.557270 -6.141819
0.400000 0.507092 -0.012535 0.327960 -0.551716 0.883001 0.192847 1.585052 -0.576611 -6.136611
0.401000 0.506541 -0.011652 0.328150 -0.550129 0.882415 0.186713 1.589297 -0.595885 -6.130827
0.402000 0.505992 -0.010770 0.328333 -0.548538 0.881809 0.180586 1.593339 -0.614932 -6.124414
0.403000 0.505444 -0.009888 0.328511 -0.546942 0.881185 0.174465 1.597225 -0.633797 -6.117366
0.404000 0.504898 -0.009008 0.328682 -0.545343 0.880542 0.168351 1.601122 -0.652727 -6.109744
0.405000 0.504353 -0.008127 0.328848 -0.543740 0.879880 0.162245 1.605071 -0.671764 -6.101601
0.406000 0.503810 -0.007248 0.329007 -0.542133 0.879198 0.156148 1.608961 -0.690698 -6.092954
0.407000 0.503269 -0.006369 0.329160 -0.540522 0.878498 0.150059 1.612678 -0.709336 -6.083804
0.408000 0.502729 -0.005491 0.329307 -0.538908 0.877780 0.143980 1.616107 -0.727516 -6.074134
0.409000 0.502191 -0.004613 0.329448 -0.537290 0.877043 0.137911 1.619132 -0.745090 -6.063908
0.410000 0.501655 -0.003737 0.329583 -0.535669 0.876290 0.131852 1.621790 -0.762147 -6.053131
0.411000 0.501120 -0.002861 0.329712 -0.534046 0.875519 0.125805 1.624246 -0.778952 -6.041841
0.412000 0.500586 -0.001986 0.329834 -0.532421 0.874732 0.119769 1.626558 -0.795545 -6.030054
0.413000 0.500055 -0.001111 0.329951 -0.530793 0.873928 0.113745 1.628667 -0.811760 -6.017753
0.414000 0.499525 -0.000238 0.330062 -0.529164 0.873108 0.107733 1.630630 -0.827633 -6.004948
0.415000 0.498997 0.000635 0.330167 -0.527532 0.872273 0.101735 1.632616 -0.843415 -5.991684
0.416000 0.498470 0.001507 0.330265 -0.525898 0.871421 0.095750 1.634679 -0.859166 -5.978007
0.417000 0.497945 0.002378 0.330358 -0.524263 0.870554 0.089779 1.636752 -0.874750 -5.963945
0.418000 0.497421 0.003248 0.330445 -0.522625 0.869672 0.083822 1.638884 -0.890228 -5.949531
0.419000 0.496900 0.004117 0.330526 -0.520985 0.868774 0.077880 1.641227 -0.905867 -5.934800
0.420000 0.496379 0.004985 0.330601 -0.519342 0.867860 0.071952 1.643804 -0.921751 -5.919750
0.421000 0.495861 0.005853 0.330670 -0.517697 0.866930 0.066040 1.646480 -0.937725 -5.904349
0.422000 0.495344 0.006719 0.330733 -0.516049 0.865985 0.060143 1.649141 -0.953626 -5.888568
0.423000 0.494829 0.007585 0.330790 -0.514399 0.865023 0.054263 1.651697 -0.969271 -5.872386
0.424000 0.494315 0.008449 0.330841 -0.512746 0.864046 0.048399 1.654078 -0.984472 -5.855786
0.425000 0.493803 0.009313 0.330887 -0.511091 0.863054 0.042551 1.656345 -0.999283 -5.838767
0.426000 0.493293 0.010175 0.330926 -0.509433 0.862047 0.036721 1.658662 -1.013952 -5.821354
0.427000 0.492784 0.011037 0.330960 -0.507773 0.861026 0.030909 1.661065 -1.028534 -5.803581
0.428000 0.492277 0.011897 0.330988 -0.506111 0.859990 0.025114 1.663472 -1.042880 -5.785481
0.429000 0.491772 0.012757 0.331010 -0.504447 0.858940 0.019338 1.665914 -1.057046 -5.767082
0.430000 0.491269 0.013615 0.331027 -0.502779 0.857876 0.013580 1.668537 -1.071309 -5.748405
0.431000 0.490767 0.014473 0.331038 -0.501109 0.856798 0.007841 1.671369 -1.085793 -5.729467
0.432000 0.490266 0.015329 0.331042 -0.499437 0.855705 0.002121 1.674296 -1.100400 -5.710275
0.433000 0.489768 0.016184 0.331042 -0.497761 0.854597 -0.003580 1.677208 -1.114993 -5.690826
0.434000 0.489271 0.017038 0.331035 -0.496082 0.853475 -0.009261 1.680009 -1.129378 -5.671092
0.435000 0.488776 0.017891 0.331023 -0.494401 0.852338 -0.014922 1.682611 -1.143321 -5.651032
0.436000 0.488282 0.018743 0.331005 -0.492717 0.851188 -0.020563 1.685062 -1.156841 -5.630615
0.437000 0.487790 0.019593 0.330982 -0.491031 0.850025 -0.026183 1.687516 -1.170166 -5.609831
0.438000 0.487300 0.020443 0.330953 -0.489342 0.848848 -0.031782 1.690018 -1.183334 -5.588707
0.439000 0.486811 0.021291 0.330919 -0.487651 0.847658 -0.037361 1.692501 -1.196187 -5.567284
0.440000 0.486325 0.022138 0.330878 -0.485957 0.846455 -0.042917 1.695006 -1.208770 -5.545583
0.441000 0.485840 0.022984 0.330833 -0.484261 0.845240 -0.048452 1.697681 -1.221357 -5.523616
0.442000 0.485356 0.023829 0.330781 -0.482562 0.844013 -0.053964 1.700564 -1.234087 -5.501420
0.443000 0.484874 0.024672 0.330725 -0.480860 0.842772 -0.059455 1.703582 -1.246933 -5.479045
0.444000 0.484394 0.025514 0.330663 -0.479154 0.841519 -0.064922 1.706769 -1.260030 -5.456515
0.445000 0.483916 0.026355 0.330595 -0.477446 0.840252 -0.070368 1.710267 -1.273647 -5.433810
0.446000 0.483439 0.027195 0.330522 -0.475734 0.838972 -0.075790 1.714107 -1.287823 -5.410895
0.447000 0.482965 0.028033 0.330443 -0.474018 0.837676 -0.081189 1.718184 -1.302340 -5.387741
0.448000 0.482491 0.028870 0.330359 -0.472298 0.836367 -0.086565 1.722399 -1.316981 -5.364349
0.449000 0.482020 0.029706 0.330270 -0.470573 0.835043 -0.091918 1.726668 -1.331526 -5.340774
0.450000 0.481550 0.030540 0.330176 -0.468844 0.833704 -0.097247 1.730915 -1.345754 -5.317100
0.451000 0.481082 0.031373 0.330076 -0.467111 0.832351 -0.102552 1.735186 -1.359697 -5.293370
0.452000 0.480616 0.032205 0.329971 -0.465374 0.830984 -0.107834 1.739622 -1.373616 -5.269565
0.453000 0.480152 0.033035 0.329860 -0.463632 0.829604 -0.113091 1.744244 -1.387635 -5.245670
0.454000 0.479689 0.033864 0.329744 -0.461885 0.828209 -0.118325 1.748960 -1.401712 -5.221679
0.455000 0.479228 0.034692 0.329623 -0.460134 0.826800 -0.123535 1.753789 -1.415970 -5.197560
0.456000 0.478769 0.035518 0.329497 -0.458378 0.825377 -0.128720 1.758863 -1.430663 -5.173256
0.457000 0.478311 0.036342 0.329366 -0.456616 0.823939 -0.133881 1.764220 -1.445815 -5.148727
0.458000 0.477855 0.037165 0.329230 -0.454849 0.822486 -0.139018 1.769770 -1.461197 -5.123959
0.459000 0.477401 0.037987 0.329088 -0.453077 0.821017 -0.144129 1.775424 -1.476585 -5.098965
0.460000 0.476949 0.038808 0.328941 -0.451298 0.819532 -0.149216 1.781087 -1.491771 -5.073818
0.461000 0.476499 0.039626 0.328789 -0.449515 0.818033 -0.154277 1.786664 -1.506553 -5.048618
0.462000 0.476050 0.040444 0.328633 -0.447725 0.816519 -0.159313 1.792185 -1.520973 -5.023403
0.463000 0.475603 0.041259 0.328471 -0.445930 0.814991 -0.164324 1.797771 -1.535287 -4.998143
0.464000 0.475158 0.042074 0.328304 -0.444130 0.813449 -0.169309 1.803423 -1.549604 -4.972819
0.465000 0.474715 0.042886 0.328132 -0.442323 0.811892 -0.174269 1.809032 -1.563869 -4.947440
0.466000 0.474274 0.043697 0.327956 -0.440512 0.810321 -0.179204 1.814597 -1.578188 -4.921973
0.467000 0.473834 0.044507 0.327774 -0.438694 0.808736 -0.184113 1.820243 -1.592811 -4.896348
0.468000 0.473396 0.045315 0.327587 -0.436871 0.807135 -0.188997 1.826015 -1.607771 -4.870524
0.469000 0.472960 0.046121 0.327396 -0.435042 0.805520 -0.193854 1.831838 -1.622857 -4.844505
0.470000 0.472526 0.046926 0.327200 -0.433207 0.803890 -0.198686 1.837626 -1.637867 -4.818324
0.471000 0.472094 0.047729 0.326998 -0.431367 0.802244 -0.203491 1.843278 -1.652610 -4.792069
0.472000 0.471663 0.048530 0.326793 -0.429521 0.800584 -0.208270 1.848681 -1.666903 -4.765859
0.473000 0.471235 0.049330 0.326582 -0.427670 0.798910 -0.213023 1.853849 -1.680797 -4.739736
0.474000 0.470808 0.050128 0.326367 -0.425813 0.797223 -0.217749 1.858902 -1.694541 -4.713656
0.475000 0.470383 0.050925 0.326146 -0.423952 0.795521 -0.222450 1.863875 -1.708230 -4.687604
0.476000 0.469960 0.051719 0.325922 -0.422085 0.793806 -0.227125 1.868706 -1.721788 -4.661603
0.477000 0.469539 0.052512 0.325692 -0.420214 0.792078 -0.231773 1.873427 -1.735307 -4.635623
0.478000 0.469120 0.053303 0.325458 -0.418339 0.790336 -0.236396 1.878163 -1.749018 -4.609573
0.479000 0.468702 0.054093 0.325219 -0.416458 0.788580 -0.240992 1.882941 -1.762935 -4.583389
0.480000 0.468287 0.054881 0.324976 -0.414573 0.786810 -0.245563 1.887668 -1.776832 -4.557060
0.481000 0.467873 0.055666 0.324728 -0.412683 0.785026 -0.250106 1.892250 -1.790485 -4.530603
0.482000 0.467461 0.056451 0.324476 -0.410788 0.783229 -0.254624 1.896590 -1.803687 -4.504094
0.483000 0.467052 0.057233 0.324219 -0.408889 0.781419 -0.259115 1.900589 -1.816237 -4.477637
0.484000 0.466644 0.058013 0.323958 -0.406987 0.779596 -0.263579 1.904266 -1.828167 -4.451251
0.485000 0.466238 0.058792 0.323692 -0.405081 0.777762 -0.268017 1.907733 -1.839705 -4.424876
0.486000 0.465834 0.059569 0.323422 -0.403172 0.775917 -0.272429 1.911005 -1.850929 -4.398498
0.487000 0.465431 0.060344 0.323147 -0.401259 0.774061 -0.276814 1.913999 -1.861746 -4.372162
0.488000 0.465031 0.061117 0.322868 -0.399344 0.772194 -0.281173 1.916729 -1.872228 -4.345842
0.489000 0.464633 0.061888 0.322585 -0.397425 0.770316 -0.285506 1.919309 -1.882610 -4.319439
0.490000 0.464236 0.062658 0.322297 -0.395505 0.768428 -0.289812 1.921772 -1.892938 -4.292898
0.491000 0.463842 0.063425 0.322005 -0.393582 0.766530 -0.294092 1.924063 -1.903077 -4.266210
0.492000 0.463449 0.064191 0.321709 -0.391657 0.764622 -0.298344 1.926212 -1.913068 -4.239314
0.493000 0.463058 0.064954 0.321408 -0.389729 0.762704 -0.302570 1.928338 -1.923128 -4.212125
0.494000 0.462670 0.065716 0.321104 -0.387800 0.760776 -0.306769 1.930467 -1.933293 -4.184672
0.495000 0.462283 0.066476 0.320795 -0.385869 0.758837 -0.310940 1.932515 -1.943381 -4.157080
0.496000 0.461898 0.067234 0.320482 -0.383935 0.756889 -0.315083 1.934393 -1.953225 -4.129458
0.497000 0.461515 0.067990 0.320165 -0.382000 0.754931 -0.319198 1.936014 -1.962686 -4.101877
0.498000 0.461134 0.068744 0.319843 -0.380063 0.752964 -0.323287 1.937287 -1.971642 -4.074388
0.499000 0.460755 0.069496 0.319518 -0.378125 0.750988 -0.327347 1.938229 -1.980171 -4.046951
0.500000 0.460378 0.070246 0.319189 -0.376187 0.749003 -0.331380 1.938945 -1.988495 -4.019452
0.501000 0.460002 0.070994 0.318855 -0.374247 0.747011 -0.335386 1.939448 -1.996642 -3.991843
0.502000 0.459629 0.071740 0.318518 -0.372308 0.745010 -0.339364 1.939664 -2.004457 -3.964137
0.503000 0.459258 0.072484 0.318177 -0.370368 0.743002 -0.343314 1.939602 -2.011962 -3.936285
0.504000 0.458888 0.073226 0.317831 -0.368428 0.740986 -0.347237 1.939372 -2.019361 -3.908186
0.505000 0.458521 0.073966 0.317482 -0.366489 0.738963 -0.351131 1.939003 -2.026697 -3.879854
0.506000 0.458155 0.074704 0.317129 -0.364550 0.736933 -0.354996 1.938448 -2.033840 -3.851389
0.507000 0.457792 0.075440 0.316772 -0.362612 0.734895 -0.358834 1.937735 -2.040831 -3.822800
0.508000 0.457430 0.076173 0.316411 -0.360675 0.732851 -0.362642 1.936975 -2.047888 -3.793995
0.509000 0.457070 0.076905 0.316047 -0.358738 0.730800 -0.366422 1.936194 -2.055072 -3.764948
0.510000 0.456713 0.077635 0.315679 -0.356803 0.728741 -0.370172 1.935312 -2.062238 -3.735733
0.511000 0.456357 0.078363 0.315306 -0.354868 0.726675 -0.373893 1.934252 -2.069229 -3.706408
0.512000 0.456003 0.079088 0.314931 -0.352934 0.724603 -0.377585 1.932930 -2.075874 -3.677013
0.513000 0.455651 0.079812 0.314551 -0.351002 0.722523 -0.381247 1.931265 -2.081988 -3.647578
0.514000 0.455301 0.080533 0.314168 -0.349072 0.720439 -0.384880 1.929274 -2.087599 -3.618038
0.515000 0.454953 0.081253 0.313782 -0.347143 0.718348 -0.388483 1.927064 -2.092909 -3.588285
0.516000 0.454607 0.081970 0.313391 -0.345217 0.716253 -0.392056 1.924673 -2.097966 -3.558343
0.517000 0.454262 0.082685 0.312997 -0.343294 0.714152 -0.395600 1.922066 -2.102654 -3.528342
0.518000 0.453920 0.083398 0.312600 -0.341373 0.712047 -0.399113 1.919275 -2.107016 -3.498302
0.519000 0.453580 0.084109 0.312199 -0.339455 0.709938 -0.402596 1.916401 -2.111271 -3.468122
0.520000 0.453241 0.084818 0.311795 -0.337541 0.707825 -0.406049 1.913451 -2.115482 -3.437768
0.521000 0.452905 0.085525 0.311387 -0.335629 0.705707 -0.409472 1.910346 -2.119560 -3.407288
0.522000 0.452570 0.086230 0.310976 -0.333720 0.703586 -0.412864 1.907091 -2.123565 -3.376636
0.523000 0.452237 0.086932 0.310561 -0.331814 0.701460 -0.416225 1.903777 -2.127706 -3.345666
0.524000 0.451906 0.087633 0.310144 -0.329912 0.699330 -0.419555 1.900427 -2.132015 -3.314304
0.525000 0.451577 0.088331 0.309722 -0.328014 0.697196 -0.422854 1.896972 -2.136321 -3.282576
0.526000 0.451250 0.089027 0.309298 -0.326118 0.695058 -0.426120 1.893352 -2.140457 -3.250543
0.527000 0.450925 0.089721 0.308870 -0.324227 0.692915 -0.429355 1.889516 -2.144271 -3.218319
0.528000 0.450602 0.090413 0.308439 -0.322339 0.690769 -0.432557 1.885424 -2.147616 -3.186053
0.529000 0.450280 0.091103 0.308005 -0.320456 0.688620 -0.435727 1.881117 -2.150543 -3.153759
0.530000 0.449961 0.091790 0.307568 -0.318577 0.686468 -0.438865 1.876693 -2.153265 -3.121329
0.531000 0.449643 0.092475 0.307127 -0.316703 0.684313 -0.441970 1.872166 -2.155852 -3.088746
0.532000 0.449327 0.093159 0.306684 -0.314833 0.682156 -0.445042 1.867474 -2.158224 -3.056092
0.533000 0.449014 0.093840 0.306237 -0.312968 0.679997 -0.448082 1.862623 -2.160448 -3.023340
0.534000 0.448702 0.094519 0.305788 -0.311107 0.677835 -0.451089 1.857696 -2.162727 -2.990351
0.535000 0.448391 0.095195 0.305335 -0.309252 0.675672 -0.454063 1.852699 -2.165100 -2.957070
0.536000 0.448083 0.095870 0.304879 -0.307402 0.673505 -0.457003 1.847543 -2.167405 -2.923559
0.537000 0.447777 0.096542 0.304421 -0.305557 0.671337 -0.459910 1.842157 -2.169478 -2.889906
0.538000 0.447472 0.097213 0.303960 -0.303718 0.669166 -0.462783 1.836498 -2.171155 -2.856240
0.539000 0.447169 0.097881 0.303495 -0.301884 0.666994 -0.465622 1.830538 -2.172267 -2.822712
0.540000 0.446868 0.098547 0.303028 -0.300057 0.664822 -0.468428 1.824326 -2.172844 -2.789331
0.541000 0.446569 0.099210 0.302559 -0.298236 0.662649 -0.471201 1.817961 -2.173085 -2.755979
0.542000 0.446272 0.099872 0.302086 -0.296421 0.660476 -0.473940 1.811465 -2.173064 -2.722633
0.543000 0.445976 0.100531 0.301611 -0.294613 0.658303 -0.476646 1.804787 -2.172710 -2.689379
0.544000 0.445682 0.101189 0.301133 -0.292811 0.656130 -0.479319 1.797943 -2.172094 -2.656183
0.545000 0.445391 0.101844 0.300652 -0.291017 0.653958 -0.481958 1.791017 -2.171417 -2.622887
0.546000 0.445100 0.102497 0.300169 -0.289229 0.651787 -0.484565 1.784019 -2.170722 -2.589405
0.547000 0.444812 0.103147 0.299683 -0.287449 0.649617 -0.487137 1.776894 -2.169896 -2.555745
0.548000 0.444525 0.103796 0.299194 -0.285675 0.647448 -0.489676 1.769652 -2.168976 -2.521820
0.549000 0.444241 0.104442 0.298704 -0.283909 0.645279 -0.492181 1.762379 -2.168144 -2.487492
0.550000 0.443958 0.105086 0.298210 -0.282151 0.643111 -0.494651 1.755105 -2.167433 -2.452790
0.551000 0.443676 0.105728 0.297714 -0.280399 0.640944 -0.497086 1.747785 -2.166688 -2.417907
0.552000 0.443397 0.106368 0.297216 -0.278655 0.638778 -0.499487 1.740372 -2.165771 -2.383008
0.553000 0.443119 0.107006 0.296715 -0.276918 0.636613 -0.501852 1.732817 -2.164571 -2.348207
0.554000 0.442843 0.107641 0.296212 -0.275189 0.634449 -0.504183 1.725069 -2.162992 -2.313593
0.555000 0.442569 0.108275 0.295707 -0.273468 0.632287 -0.506480 1.717153 -2.161105 -2.279111
0.556000 0.442296 0.108906 0.295199 -0.271755 0.630127 -0.508742 1.709140 -2.159100 -2.244595
0.557000 0.442025 0.109535 0.294689 -0.270050 0.627968 -0.510969 1.701027 -2.156996 -2.209984
0.558000 0.441756 0.110162 0.294177 -0.268353 0.625813 -0.513162 1.692736 -2.154660 -2.175327
0.559000 0.441488 0.110787 0.293663 -0.266665 0.623659 -0.515320 1.684263 -2.152105 -2.140563
0.560000 0.441223 0.111409 0.293147 -0.264985 0.621508 -0.517443 1.675683 -2.149501 -2.105550
0.561000 0.440959 0.112030 0.292628 -0.263313 0.619360 -0.519531 1.667035 -2.146882 -2.070296
0.562000 0.440696 0.112648 0.292108 -0.261650 0.617215 -0.521583 1.658305 -2.144139 -2.034940
0.563000 0.440435 0.113264 0.291585 -0.259997 0.615072 -0.523600 1.649530 -2.141306 -1.999492
0.564000 0.440176 0.113878 0.291060 -0.258351 0.612932 -0.525582 1.640802 -2.138564 -1.963818
0.565000 0.439919 0.114490 0.290534 -0.256715 0.610795 -0.527528 1.632155 -2.135967 -1.927900
0.566000 0.439663 0.115100 0.290005 -0.255087 0.608660 -0.529438 1.623554 -2.133397 -1.891862
0.567000 0.439408 0.115707 0.289475 -0.253468 0.606528 -0.531312 1.614952 -2.130734 -1.855812
0.568000 0.439156 0.116313 0.288943 -0.251857 0.604399 -0.533150 1.606286 -2.127857 -1.819825
0.569000 0.438905 0.116916 0.288409 -0.250255 0.602272 -0.534952 1.597482 -2.124643 -1.783956
0.570000 0.438655 0.117517 0.287873 -0.248662 0.600149 -0.536718 1.588545 -2.121135 -1.748127
0.571000 0.438407 0.118116 0.287335 -0.247078 0.598030 -0.538448 1.579554 -2.117512 -1.712183
0.572000 0.438161 0.118713 0.286796 -0.245503 0.595914 -0.540142 1.570558 -2.113812 -1.676137
0.573000 0.437916 0.119308 0.286255 -0.243937 0.593802 -0.541800 1.561558 -2.109939 -1.640144
0.574000 0.437673 0.119901 0.285712 -0.242380 0.591694 -0.543422 1.552599 -2.105929 -1.604218
0.575000 0.437432 0.120492 0.285168 -0.240832 0.589590 -0.545008 1.543754 -2.101963 -1.568230
0.576000 0.437191 0.121080 0.284622 -0.239292 0.587490 -0.546559 1.535019 -2.098096 -1.532166
0.577000 0.436953 0.121667 0.284075 -0.237762 0.585394 -0.548073 1.526321 -2.094258 -1.496141
0.578000 0.436716 0.122251 0.283526 -0.236240 0.583302 -0.549551 1.517649 -2.090502 -1.460136
0.579000 0.436480 0.122833 0.282976 -0.234727 0.581213 -0.550993 1.509061 -2.087011 -1.423982
0.580000 0.436247 0.123413 0.282424 -0.233222 0.579128 -0.552399 1.500566 -2.083836 -1.387608
0.581000 0.436014 0.123991 0.281871 -0.231725 0.577046 -0.553768 1.492112 -2.080862 -1.351090
0.582000 0.435783 0.124567 0.281317 -0.230237 0.574966 -0.555101 1.483658 -2.077965 -1.314524
0.583000 0.435554 0.125141 0.280761 -0.228758 0.572890 -0.556397 1.475197 -2.075002 -1.278054
0.584000 0.435326 0.125713 0.280204 -0.227287 0.570816 -0.557657 1.466733 -2.071820 -1.241848
0.585000 0.435099 0.126283 0.279646 -0.225825 0.568746 -0.558881 1.458322 -2.068435 -1.205905
0.586000 0.434874 0.126851 0.279086 -0.224370 0.566679 -0.560069 1.450043 -2.065017 -1.170078
0.587000 0.434650 0.127416 0.278525 -0.222925 0.564616 -0.561221 1.441900 -2.061624 -1.134341
0.588000 0.434428 0.127980 0.277964 -0.221487 0.562556 -0.562338 1.433839 -2.058197 -1.098793
0.589000 0.434207 0.128542 0.277401 -0.220057 0.560500 -0.563419 1.425860 -2.054795 -1.063400
0.590000 0.433988 0.129101 0.276837 -0.218635 0.558447 -0.564464 1.418015 -2.051598 -1.027979
0.591000 0.433770 0.129658 0.276272 -0.217221 0.556396 -0.565475 1.410299 -2.048662 -0.992448
0.592000 0.433553 0.130214 0.275706 -0.215814 0.554349 -0.566449 1.402643 -2.045886 -0.956868
0.593000 0.433338 0.130767 0.275139 -0.214416 0.552305 -0.567388 1.394993 -2.043159 -0.921324
0.594000 0.433125 0.131318 0.274571 -0.213024 0.550263 -0.568292 1.387324 -2.040352 -0.885948
0.595000 0.432912 0.131868 0.274002 -0.211641 0.548224 -0.569160 1.379627 -2.037326 -0.850895
0.596000 0.432701 0.132415 0.273433 -0.210265 0.546188 -0.569994 1.371944 -2.034100 -0.816152
0.597000 0.432492 0.132960 0.272862 -0.208897 0.544156 -0.570793 1.364348 -2.030832 -0.781563
0.598000 0.432284 0.133503 0.272291 -0.207536 0.542127 -0.571557 1.356855 -2.027560 -0.747089
0.599000 0.432077 0.134044 0.271719 -0.206183 0.540101 -0.572287 1.349430 -2.024203 -0.712820
0.600000 0.431871 0.134583 0.271147 -0.204838 0.538078 -0.572983 1.342083 -2.020800 -0.678715
0.601000 0.431667 0.135120 0.270573 -0.203499 0.536059 -0.573644 1.334872 -2.017519 -0.644591
0.602000 0.431464 0.135655 0.269999 -0.202168 0.534043 -0.574272 1.327806 -2.014420 -0.610382
0.603000 0.431263 0.136189 0.269425 -0.200843 0.532030 -0.574865 1.320834 -2.011417 -0.576176
0.604000 0.431063 0.136720 0.268850 -0.199526 0.530020 -0.575424 1.313913 -2.008424 -0.542086
0.605000 0.430864 0.137249 0.268274 -0.198216 0.528013 -0.575949 1.307014 -2.005349 -0.508270
0.606000 0.430666 0.137776 0.267698 -0.196912 0.526010 -0.576441 1.300115 -2.002104 -0.474912
0.607000 0.430470 0.138301 0.267121 -0.195615 0.524009 -0.576899 1.293242 -1.998737 -0.442018
0.608000 0.430275 0.138824 0.266544 -0.194326 0.522012 -0.577325 1.286456 -1.995402 -0.409433
0.609000 0.430081 0.139345 0.265966 -0.193043 0.520018 -0.577718 1.279758 -1.992123 -0.377117
0.610000 0.429889 0.139864 0.265388 -0.191766 0.518028 -0.578079 1.273097 -1.988795 -0.345151
0.611000 0.429698 0.140381 0.264810 -0.190496 0.516041 -0.578408 1.266474 -1.985438 -0.313488
0.612000 0.429508 0.140896 0.264232 -0.189233 0.514057 -0.578706 1.259942 -1.982208 -0.281941
0.613000 0.429319 0.141409 0.263653 -0.187976 0.512076 -0.578972 1.253521 -1.979170 -0.250438
0.614000 0.429132 0.141920 0.263074 -0.186726 0.510099 -0.579207 1.247191 -1.976279 -0.219027
0.615000 0.428946 0.142429 0.262494 -0.185482 0.508124 -0.579410 1.240972 -1.973598 -0.187636
0.616000 0.428761 0.142936 0.261915 -0.184244 0.506151 -0.579582 1.234935 -1.971298 -0.156088
0.617000 0.428577 0.143441 0.261335 -0.183012 0.504181 -0.579722 1.229121 -1.969436 -0.124359
0.618000 0.428395 0.143944 0.260755 -0.181786 0.502213 -0.579831 1.223528 -1.967934 -0.092597
0.619000 0.428214 0.144446 0.260176 -0.180565 0.500245 -0.579908 1.218134 -1.966698 -0.060940
0.620000 0.428034 0.144945 0.259596 -0.179350 0.498279 -0.579953 1.212888 -1.965623 -0.029512
0.621000 0.427855 0.145442 0.259016 -0.178139 0.496314 -0.579967 1.207717 -1.964588 0.001573
0.622000 0.427677 0.145938 0.258436 -0.176934 0.494350 -0.579950 1.202607 -1.963620 0.032366
0.623000 0.427501 0.146431 0.257856 -0.175734 0.492387 -0.579902 1.197600 -1.962874 0.063065
0.624000 0.427326 0.146922 0.257276 -0.174539 0.490424 -0.579823 1.192701 -1.962421 0.093771
0.625000 0.427152 0.147412 0.256696 -0.173349 0.488462 -0.579714 1.187878 -1.962229 0.124469
0.626000 0.426979 0.147899 0.256116 -0.172163 0.486500 -0.579574 1.183140 -1.962366 0.155257
0.627000 0.426808 0.148385 0.255537 -0.170982 0.484537 -0.579404 1.178553 -1.962991 0.186312
0.628000 0.426637 0.148868 0.254958 -0.169806 0.482574 -0.579202 1.174173 -1.964144 0.217634
0.629000 0.426468 0.149350 0.254379 -0.168634 0.480609 -0.578968 1.170018 -1.965724 0.249043
0.630000 0.426300 0.149830 0.253800 -0.167466 0.478642 -0.578704 1.166092 -1.967630 0.280385
0.631000 0.426133 0.150307 0.253221 -0.166302 0.476674 -0.578408 1.162363 -1.969758 0.311550
0.632000 0.425967 0.150783 0.252643 -0.165141 0.474703 -0.578081 1.158785 -1.972003 0.342456
0.633000 0.425803 0.151257 0.252065 -0.163984 0.472730 -0.577723 1.155355 -1.974397 0.373175
0.634000 0.425639 0.151728 0.251487 -0.162831 0.470754 -0.577334 1.152111 -1.977094 0.403905
0.635000 0.425477 0.152198 0.250910 -0.161680 0.468776 -0.576915 1.149050 -1.980171 0.434718
0.636000 0.425316 0.152666 0.250334 -0.160533 0.466794 -0.576465 1.146126 -1.983610 0.465564
0.637000 0.425156 0.153132 0.249757 -0.159388 0.464808 -0.575984 1.143336 -1.987483 0.496514
0.638000 0.424997 0.153596 0.249182 -0.158246 0.462819 -0.575472 1.140733 -1.991950 0.527753
0.639000 0.424840 0.154057 0.248606 -0.157106 0.460824 -0.574928 1.138361 -1.997055 0.559325
0.640000 0.424683 0.154517 0.248032 -0.155969 0.458825 -0.574353 1.136237 -2.002739 0.591148
0.641000 0.424528 0.154975 0.247458 -0.154834 0.456819 -0.573746 1.134402 -2.009041 0.623263
0.642000 0.424373 0.155431 0.246884 -0.153700 0.454807 -0.573107 1.132905 -2.016091 0.655842
0.643000 0.424220 0.155885 0.246312 -0.152568 0.452787 -0.572434 1.131737 -2.023899 0.688929
0.644000 0.424068 0.156336 0.245739 -0.151437 0.450759 -0.571729 1.130834 -2.032342 0.722406
0.645000 0.423917 0.156786 0.245168 -0.150306 0.448722 -0.570990 1.130141 -2.041319 0.756172
0.646000 0.423768 0.157234 0.244597 -0.149177 0.446676 -0.570216 1.129616 -2.050774 0.790158
0.647000 0.423619 0.157679 0.244028 -0.148047 0.444620 -0.569409 1.129224 -2.060675 0.824309
0.648000 0.423472 0.158123 0.243459 -0.146918 0.442555 -0.568568 1.128979 -2.071102 0.858716
0.649000 0.423325 0.158565 0.242890 -0.145789 0.440478 -0.567692 1.128942 -2.082222 0.893577
0.650000 0.423180 0.159004 0.242323 -0.144660 0.438390 -0.566781 1.129170 -2.094113 0.928957
0.651000 0.423036 0.159441 0.241757 -0.143531 0.436290 -0.565834 1.129694 -2.106734 0.964767
0.652000 0.422893 0.159877 0.241192 -0.142401 0.434177 -0.564851 1.130515 -2.120028 1.000917
0.653000 0.422751 0.160310 0.240627 -0.141270 0.432050 -0.563832 1.131584 -2.133883 1.037286
0.654000 0.422610 0.160741 0.240064 -0.140138 0.429909 -0.562777 1.132787 -2.148067 1.073608
0.655000 0.422471 0.161170 0.239502 -0.139004 0.427754 -0.561685 1.134007 -2.162311 1.109540
0.656000 0.422332 0.161596 0.238941 -0.137870 0.425584 -0.560557 1.135177 -2.176451 1.144837
0.657000 0.422195 0.162021 0.238381 -0.136734 0.423401 -0.559395 1.136278 -2.190438 1.179400
0.658000 0.422059 0.162443 0.237822 -0.135597 0.421204 -0.558199 1.137302 -2.204233 1.213140
0.659000 0.421924 0.162863 0.237264 -0.134459 0.418993 -0.556969 1.138229 -2.217760 1.245935
0.660000 0.421790 0.163281 0.236708 -0.133321 0.416768 -0.555707 1.139038 -2.230955 1.277707
0.661000 0.421657 0.163697 0.236153 -0.132181 0.414531 -0.554413 1.139692 -2.243736 1.308405
0.662000 0.421526 0.164110 0.235599 -0.131041 0.412281 -0.553090 1.140143 -2.256009 1.337996
0.663000 0.421395 0.164521 0.235047 -0.129901 0.410019 -0.551737 1.140385 -2.267803 1.366586
0.664000 0.421266 0.164930 0.234496 -0.128761 0.407745 -0.550357 1.140453 -2.279261 1.394385
0.665000 0.421138 0.165337 0.233946 -0.127620 0.405460 -0.548949 1.140364 -2.290479 1.421495
0.666000 0.421011 0.165741 0.233398 -0.126480 0.403164 -0.547514 1.140100 -2.301459 1.447880
0.667000 0.420885 0.166143 0.232851 -0.125340 0.400857 -0.546053 1.139654 -2.312191 1.473493
0.668000 0.420760 0.166543 0.232306 -0.124201 0.398540 -0.544567 1.139031 -2.322650 1.498269
0.669000 0.420636 0.166940 0.231762 -0.123062 0.396212 -0.543056 1.138244 -2.332798 1.522136
0.670000 0.420514 0.167335 0.231219 -0.121924 0.393874 -0.541523 1.137329 -2.342695 1.545161
0.671000 0.420392 0.167728 0.230679 -0.120787 0.391526 -0.539966 1.136336 -2.352471 1.567525
0.672000 0.420272 0.168118 0.230139 -0.119651 0.389169 -0.538388 1.135274 -2.362156 1.589294
0.673000 0.420153 0.168506 0.229602 -0.118517 0.386802 -0.536788 1.134118 -2.371671 1.610389
0.674000 0.420035 0.168892 0.229066 -0.117383 0.384426 -0.535167 1.132841 -2.380950 1.630748
0.675000 0.419918 0.169275 0.228532 -0.116251 0.382040 -0.533526 1.131416 -2.389956 1.650338
0.676000 0.419803 0.169656 0.227999 -0.115120 0.379646 -0.531866 1.129814 -2.398666 1.669139
0.677000 0.419688 0.170034 0.227468 -0.113991 0.377243 -0.530188 1.128041 -2.407152 1.687261
0.678000 0.419575 0.170410 0.226938 -0.112864 0.374832 -0.528492 1.126150 -2.415558 1.704894
0.679000 0.419462 0.170784 0.226411 -0.111739 0.372412 -0.526778 1.124191 -2.423953 1.722096
0.680000 0.419351 0.171155 0.225885 -0.110616 0.369984 -0.525047 1.122200 -2.432303 1.738776
0.681000 0.419241 0.171524 0.225361 -0.109495 0.367547 -0.523300 1.120194 -2.440557 1.754861
0.682000 0.419132 0.171890 0.224838 -0.108375 0.365103 -0.521538 1.118156 -2.448632 1.770306
0.683000 0.419024 0.172254 0.224318 -0.107258 0.362650 -0.519760 1.116054 -2.456424 1.785081
0.684000 0.418918 0.172616 0.223799 -0.106143 0.360190 -0.517967 1.113884 -2.463938 1.799287
0.685000 0.418812 0.172975 0.223282 -0.105031 0.357722 -0.516161 1.111670 -2.471293 1.813122
0.686000 0.418708 0.173331 0.222766 -0.103920 0.355247 -0.514341 1.109403 -2.478562 1.826682
0.687000 0.418604 0.173685 0.222253 -0.102812 0.352765 -0.512508 1.107048 -2.485734 1.839936
0.688000 0.418502 0.174037 0.221741 -0.101706 0.350276 -0.510661 1.104582 -2.492799 1.852846
0.689000 0.418401 0.174386 0.221232 -0.100603 0.347779 -0.508802 1.102014 -2.499741 1.865377
0.690000 0.418301 0.174732 0.220724 -0.099502 0.345276 -0.506931 1.099359 -2.506523 1.877465
0.691000 0.418202 0.175076 0.220218 -0.098404 0.342766 -0.505047 1.096624 -2.513107 1.889067
0.692000 0.418104 0.175418 0.219714 -0.097309 0.340250 -0.503152 1.093784 -2.519419 1.900144
0.693000 0.418007 0.175757 0.219212 -0.096216 0.337727 -0.501247 1.090794 -2.525367 1.910649
0.694000 0.417912 0.176093 0.218711 -0.095127 0.335199 -0.499331 1.087642 -2.530958 1.920667
0.695000 0.417817 0.176427 0.218213 -0.094041 0.332666 -0.497406 1.084349 -2.536296 1.930389
0.696000 0.417724 0.176758 0.217716 -0.092958 0.330127 -0.495470 1.080925 -2.541431 1.939919
0.697000 0.417631 0.177087 0.217222 -0.091879 0.327583 -0.493526 1.077359 -2.546346 1.949263
0.698000 0.417540 0.177414 0.216729 -0.090804 0.325034 -0.491572 1.073660 -2.551089 1.958521
0.699000 0.417450 0.177737 0.216239 -0.089732 0.322480 -0.489609 1.069867 -2.555775 1.967866
0.700000 0.417360 0.178059 0.215750 -0.088664 0.319922 -0.487636 1.066011 -2.560447 1.977344
0.701000 0.417272 0.178377 0.215264 -0.087600 0.317360 -0.485654 1.062107 -2.565060 1.986864
0.702000 0.417185 0.178693 0.214779 -0.086540 0.314792 -0.483662 1.058159 -2.569557 1.996349
0.703000 0.417099 0.179007 0.214296 -0.085484 0.312220 -0.481661 1.054155 -2.573864 2.005752
0.704000 0.417014 0.179318 0.213816 -0.084431 0.309645 -0.479651 1.050074 -2.577894 2.015040
0.705000 0.416930 0.179626 0.213337 -0.083383 0.307065 -0.477631 1.045915 -2.581657 2.024301
0.706000 0.416847 0.179932 0.212860 -0.082340 0.304481 -0.475602 1.041701 -2.585247 2.033716
0.707000 0.416766 0.180235 0.212386 -0.081300 0.301894 -0.473564 1.037430 -2.588715 2.043369
0.708000 0.416685 0.180536 0.211913 -0.080265 0.299304 -0.471516 1.033077 -2.592035 2.053222
0.709000 0.416605 0.180834 0.211443 -0.079234 0.296710 -0.469457 1.028622 -2.595178 2.063236
0.710000 0.416526 0.181129 0.210974 -0.078207 0.294113 -0.467389 1.024064 -2.598114 2.073370
0.711000 0.416449 0.181422 0.210508 -0.077186 0.291514 -0.465311 1.019404 -2.600810 2.083581
0.712000 0.416372 0.181712 0.210044 -0.076169 0.288912 -0.463222 1.014664 -2.603304 2.093941
0.713000 0.416296 0.182000 0.209581 -0.075156 0.286307 -0.461123 1.009866 -2.605686 2.104619
0.714000 0.416222 0.182285 0.209121 -0.074149 0.283700 -0.459013 1.005005 -2.607965 2.115684
0.715000 0.416148 0.182567 0.208663 -0.073146 0.281091 -0.456891 1.000047 -2.610067 2.127086
0.716000 0.416075 0.182847 0.208208 -0.072149 0.278480 -0.454759 0.994968 -2.611930 2.138782
0.717000 0.416004 0.183124 0.207754 -0.071156 0.275867 -0.452614 0.989758 -2.613520 2.150743
0.718000 0.415933 0.183399 0.207302 -0.070169 0.273253 -0.450457 0.984412 -2.614819 2.162945
0.719000 0.415863 0.183671 0.206853 -0.069188 0.270638 -0.448288 0.978945 -2.615877 2.175474
0.720000 0.415795 0.183940 0.206406 -0.068211 0.268021 -0.446106 0.973384 -2.616795 2.188504
0.721000 0.415727 0.184207 0.205961 -0.067241 0.265404 -0.443911 0.967743 -2.617619 2.202116
0.722000 0.415660 0.184471 0.205518 -0.066276 0.262786 -0.441702 0.962013 -2.618319 2.216278
0.723000 0.415594 0.184732 0.205077 -0.065317 0.260168 -0.439478 0.956177 -2.618848 2.230948
0.724000 0.415530 0.184991 0.204639 -0.064364 0.257549 -0.437240 0.950204 -2.619122 2.246066
0.725000 0.415466 0.185247 0.204203 -0.063416 0.254929 -0.434986 0.944050 -2.619041 2.261560
0.726000 0.415403 0.185501 0.203769 -0.062475 0.252310 -0.432717 0.937700 -2.618589 2.277479
0.727000 0.415341 0.185752 0.203337 -0.061541 0.249692 -0.430431 0.931174 -2.617838 2.293980
0.728000 0.415280 0.186000 0.202908 -0.060613 0.247075 -0.428129 0.924502 -2.616838 2.311153
0.729000 0.415219 0.186246 0.202481 -0.059692 0.244459 -0.425809 0.917707 -2.615580 2.328987
0.730000 0.415160 0.186489 0.202057 -0.058778 0.241844 -0.423471 0.910802 -2.614055 2.347459
0.731000 0.415102 0.186730 0.201634 -0.057870 0.239230 -0.421114 0.903783 -2.612249 2.366529
0.732000 0.415044 0.186968 0.201214 -0.056970 0.236619 -0.418738 0.896633 -2.610134 2.386124
0.733000 0.414988 0.187203 0.200797 -0.056077 0.234010 -0.416342 0.889339 -2.607681 2.406190
0.734000 0.414932 0.187436 0.200382 -0.055191 0.231404 -0.413925 0.881882 -2.604844 2.426669
0.735000 0.414878 0.187666 0.199969 -0.054313 0.228800 -0.411488 0.874246 -2.601567 2.447503
0.736000 0.414824 0.187893 0.199559 -0.053443 0.226201 -0.409030 0.866431 -2.597859 2.468741
0.737000 0.414771 0.188118 0.199151 -0.052580 0.223605 -0.406551 0.858460 -2.593799 2.490528
0.738000 0.414719 0.188341 0.198746 -0.051726 0.221013 -0.404049 0.850354 -2.589440 2.512933
0.739000 0.414667 0.188560 0.198343 -0.050880 0.218426 -0.401525 0.842130 -2.584785 2.535925
0.740000 0.414617 0.188777 0.197943 -0.050042 0.215843 -0.398978 0.833802 -2.579832 2.559466
0.741000 0.414567 0.188992 0.197545 -0.049212 0.213266 -0.396406 0.825382 -2.574580 2.583518
0.742000 0.414518 0.189204 0.197150 -0.048391 0.210694 -0.393811 0.816885 -2.569023 2.608041
0.743000 0.414470 0.189413 0.196757 -0.047578 0.208128 -0.391190 0.808328 -2.563203 2.633093
0.744000 0.414423 0.189620 0.196367 -0.046774 0.205568 -0.388544 0.799727 -2.557192 2.658812
0.745000 0.414377 0.189824 0.195980 -0.045979 0.203014 -0.385872 0.791076 -2.551002 2.685251
0.746000 0.414331 0.190026 0.195596 -0.045192 0.200466 -0.383174 0.782351 -2.544586 2.712360
0.747000 0.414286 0.190225 0.195214 -0.044414 0.197925 -0.380448 0.773535 -2.537912 2.740085
0.748000 0.414242 0.190422 0.194835 -0.043645 0.195390 -0.377694 0.764624 -2.530974 2.768370
0.749000 0.414199 0.190616 0.194458 -0.042885 0.192863 -0.374911 0.755626 -2.523783 2.797156
0.750000 0.414157 0.190808 0.194085 -0.042134 0.190343 -0.372099 0.746554 -2.516392 2.826482
0.751000 0.414115 0.190997 0.193714 -0.041392 0.187830 -0.369258 0.737431 -2.508886 2.856469
0.752000 0.414074 0.191183 0.193346 -0.040659 0.185325 -0.366386 0.728268 -2.501312 2.887151
0.753000 0.414034 0.191367 0.192981 -0.039935 0.182827 -0.363484 0.719072 -2.493672 2.918458
0.754000 0.413994 0.191549 0.192619 -0.039221 0.180337 -0.360550 0.709845 -2.485944 2.950318
0.755000 0.413955 0.191728 0.192260 -0.038516 0.177855 -0.357583 0.700590 -2.478078 2.982656
0.756000 0.413917 0.191905 0.191904 -0.037820 0.175381 -0.354584 0.691310 -2.470000 3.015392
0.757000 0.413879 0.192079 0.191551 -0.037133 0.172915 -0.351552 0.682015 -2.461698 3.048551
0.758000 0.413843 0.192251 0.191201 -0.036456 0.170458 -0.348487 0.672720 -2.453228 3.082241
0.759000 0.413807 0.192420 0.190854 -0.035788 0.168009 -0.345388 0.663434 -2.444645 3.116502
0.760000 0.413771 0.192587 0.190510 -0.035129 0.165569 -0.342254 0.654158 -2.435971 3.151280
0.761000 0.413736 0.192751 0.190170 -0.034479 0.163137 -0.339085 0.644901 -2.427225 3.186518
0.762000 0.413702 0.192913 0.189832 -0.033839 0.160714 -0.335881 0.635687 -2.418426 3.222154
0.763000 0.413669 0.193072 0.189498 -0.033208 0.158300 -0.332641 0.626546 -2.409579 3.258106
0.764000 0.413636 0.193230 0.189167 -0.032586 0.155895 -0.329365 0.617500 -2.400688 3.294307
0.765000 0.413603 0.193384 0.188839 -0.031973 0.153499 -0.326052 0.608556 -2.391737 3.330687
0.766000 0.413572 0.193537 0.188515 -0.031369 0.151111 -0.322703 0.599712 -2.382700 3.367173
0.767000 0.413541 0.193686 0.188194 -0.030773 0.148733 -0.319318 0.590971 -2.373591 3.403781
0.768000 0.413510 0.193834 0.187876 -0.030187 0.146364 -0.315896 0.582343 -2.364464 3.440600
0.769000 0.413480 0.193979 0.187562 -0.029609 0.144004 -0.312437 0.573831 -2.355352 3.477641
0.770000 0.413451 0.194122 0.187251 -0.029039 0.141654 -0.308941 0.565430 -2.346254 3.514818
0.771000 0.413422 0.194262 0.186944 -0.028478 0.139312 -0.305407 0.557143 -2.337168 3.552053
0.772000 0.413394 0.194401 0.186640 -0.027925 0.136979 -0.301837 0.548988 -2.328086 3.589276
0.773000 0.413366 0.194536 0.186340 -0.027380 0.134656 -0.298229 0.540989 -2.319001 3.626425
0.774000 0.413339 0.194670 0.186044 -0.026843 0.132341 -0.294584 0.533174 -2.309934 3.663522
0.775000 0.413313 0.194801 0.185751 -0.026314 0.130036 -0.290902 0.525557 -2.300924 3.700650
0.776000 0.413287 0.194930 0.185462 -0.025792 0.127739 -0.287182 0.518140 -2.291964 3.737824
0.777000 0.413261 0.195057 0.185177 -0.025277 0.125452 -0.283426 0.510912 -2.283005 3.774967
0.778000 0.413236 0.195181 0.184895 -0.024770 0.123173 -0.279632 0.503863 -2.274013 3.812002
0.779000 0.413212 0.195303 0.184618 -0.024270 0.120904 -0.275802 0.496981 -2.264979 3.848845
0.780000 0.413188 0.195423 0.184344 -0.023776 0.118643 -0.271935 0.490255 -2.255910 3.885394
0.781000 0.413164 0.195540 0.184074 -0.023289 0.116392 -0.268031 0.483681 -2.246812 3.921558
0.782000 0.413141 0.195655 0.183808 -0.022809 0.114150 -0.264092 0.477274 -2.237696 3.957243
0.783000 0.413118 0.195769 0.183546 -0.022335 0.111917 -0.260117 0.471054 -2.228565 3.992352
0.784000 0.413096 0.195879 0.183287 -0.021867 0.109693 -0.256107 0.465040 -2.219448 4.026870
0.785000 0.413075 0.195988 0.183033 -0.021404 0.107478 -0.252063 0.459245 -2.210380 4.060853
0.786000 0.413054 0.196094 0.182783 -0.020948 0.105272 -0.247985 0.453664 -2.201360 4.094304
0.787000 0.413033 0.196198 0.182537 -0.020497 0.103075 -0.243874 0.448281 -2.192350 4.127143
0.788000 0.413013 0.196300 0.182296 -0.020052 0.100887 -0.239731 0.443081 -2.183307 4.159279
0.789000 0.412993 0.196400 0.182058 -0.019611 0.098708 -0.235556 0.438049 -2.174189 4.190601
0.790000 0.412973 0.196498 0.181824 -0.019175 0.096539 -0.231350 0.433168 -2.164949 4.220985
0.791000 0.412954 0.196593 0.181595 -0.018745 0.094379 -0.227114 0.428432 -2.155577 4.250391
0.792000 0.412936 0.196687 0.181370 -0.018319 0.092228 -0.222849 0.423848 -2.146094 4.278857
0.793000 0.412918 0.196778 0.181150 -0.017897 0.090086 -0.218556 0.419434 -2.136508 4.306382
0.794000 0.412900 0.196867 0.180933 -0.017480 0.087955 -0.214236 0.415206 -2.126799 4.332895
0.795000 0.412883 0.196954 0.180721 -0.017067 0.085833 -0.209890 0.411169 -2.116949 4.358310
0.796000 0.412866 0.197038 0.180513 -0.016657 0.083721 -0.205520 0.407317 -2.106934 4.382522
0.797000 0.412849 0.197121 0.180310 -0.016252 0.081619 -0.201125 0.403628 -2.096725 4.405400
0.798000 0.412833 0.197202 0.180111 -0.015850 0.079527 -0.196709 0.400084 -2.086296 4.426820
0.799000 0.412818 0.197280 0.179917 -0.015452 0.077446 -0.192272 0.396665 -2.075617 4.446654
0.800000 0.412803 0.197357 0.179727 -0.015057 0.075376 -0.187815 0.393349 -2.064658 4.464771
0.801000 0.412788 0.197431 0.179541 -0.014665 0.073317 -0.183342 0.390126 -2.053412 4.481115
0.802000 0.412773 0.197503 0.179360 -0.014276 0.071269 -0.178853 0.387000 -2.041890 4.495702
0.803000 0.412759 0.197573 0.179183 -0.013891 0.069233 -0.174351 0.383984 -2.030082 4.508516
0.804000 0.412745 0.197642 0.179011 -0.013509 0.067209 -0.169836 0.381089 -2.017946 4.519478
0.805000 0.412732 0.197708 0.178844 -0.013129 0.065197 -0.165312 0.378320 -2.005432 4.528495
0.806000 0.412719 0.197772 0.178681 -0.012752 0.063198 -0.160779 0.375663 -1.992472 4.535455
0.807000 0.412707 0.197834 0.178522 -0.012378 0.061212 -0.156241 0.373097 -1.978988 4.540234
0.808000 0.412694 0.197894 0.178368 -0.012006 0.059240 -0.151699 0.370608 -1.964934 4.542768
0.809000 0.412683 0.197953 0.178219 -0.011636 0.057283 -0.147155 0.368187 -1.950310 4.543044
0.810000 0.412671 0.198009 0.178074 -0.011269 0.055340 -0.142613 0.365819 -1.935112 4.540990
0.811000 0.412660 0.198063 0.177933 -0.010905 0.053412 -0.138073 0.363478 -1.919323 4.536464
0.812000 0.412649 0.198116 0.177798 -0.010542 0.051501 -0.133540 0.361139 -1.902915 4.529326
0.813000 0.412639 0.198166 0.177666 -0.010182 0.049606 -0.129015 0.358779 -1.885841 4.519451
0.814000 0.412629 0.198215 0.177540 -0.009825 0.047729 -0.124501 0.356368 -1.868043 4.506701
0.815000 0.412619 0.198262 0.177417 -0.009470 0.045870 -0.120001 0.353883 -1.849471 4.490951
0.816000 0.412610 0.198307 0.177300 -0.009117 0.044030 -0.115519 0.351296 -1.830088 4.472070
0.817000 0.412601 0.198350 0.177186 -0.008767 0.042210 -0.111057 0.348580 -1.809866 4.449922
0.818000 0.412592 0.198391 0.177077 -0.008420 0.040411 -0.106619 0.345719 -1.788791 4.424428
0.819000 0.412584 0.198431 0.176973 -0.008076 0.038633 -0.102208 0.342712 -1.766851 4.395551
0.820000 0.412576 0.198469 0.176873 -0.007734 0.036877 -0.097828 0.339563 -1.744005 4.363202
0.821000 0.412569 0.198505 0.176777 -0.007397 0.035145 -0.093482 0.336279 -1.720184 4.327232
0.822000 0.412562 0.198539 0.176686 -0.007062 0.033437 -0.089174 0.332858 -1.695327 4.287492
0.823000 0.412555 0.198571 0.176599 -0.006731 0.031754 -0.084907 0.329281 -1.669386 4.243849
0.824000 0.412548 0.198602 0.176516 -0.006403 0.030098 -0.080686 0.325520 -1.642319 4.196171
0.825000 0.412542 0.198632 0.176438 -0.006080 0.028469 -0.076514 0.321555 -1.614101 4.144375
0.826000 0.412536 0.198659 0.176363 -0.005760 0.026870 -0.072397 0.317371 -1.584708 4.088416
0.827000 0.412530 0.198685 0.176293 -0.005445 0.025300 -0.068338 0.312947 -1.554089 4.028204
0.828000 0.412525 0.198710 0.176227 -0.005134 0.023761 -0.064341 0.308254 -1.522163 3.963591
0.829000 0.412520 0.198733 0.176164 -0.004828 0.022256 -0.060410 0.303259 -1.488857 3.894418
0.830000 0.412515 0.198754 0.176106 -0.004528 0.020784 -0.056552 0.297934 -1.454112 3.820506
0.831000 0.412511 0.198774 0.176051 -0.004233 0.019347 -0.052769 0.292245 -1.417875 3.741655
0.832000 0.412507 0.198793 0.176000 -0.003943 0.017948 -0.049069 0.286173 -1.380103 3.657689
0.833000 0.412503 0.198810 0.175953 -0.003660 0.016587 -0.045454 0.279711 -1.340770 3.568459
0.834000 0.412500 0.198826 0.175909 -0.003384 0.015266 -0.041932 0.272861 -1.299855 3.473828
0.835000 0.412496 0.198841 0.175869 -0.003115 0.013987 -0.038506 0.265624 -1.257343 3.373703
0.836000 0.412493 0.198854 0.175832 -0.002853 0.012752 -0.035184 0.257994 -1.213207 3.268010
0.837000 0.412491 0.198866 0.175799 -0.002599 0.011561 -0.031970 0.249948 -1.167383 3.156623
0.838000 0.412488 0.198877 0.175768 -0.002353 0.010417 -0.028871 0.241453 -1.119779 3.039361
0.839000 0.412486 0.198887 0.175741 -0.002116 0.009321 -0.025892 0.232475 -1.070318 2.916040
0.840000 0.412484 0.198896 0.175717 -0.001888 0.008276 -0.023039 0.222981 -1.018954 2.786473
0.841000 0.412482 0.198904 0.175695 -0.001670 0.007284 -0.020319 0.212938 -0.965657 2.650468
0.842000 0.412481 0.198911 0.175676 -0.001462 0.006345 -0.017738 0.202320 -0.910407 2.507887
0.843000 0.412479 0.198916 0.175659 -0.001265 0.005463 -0.015303 0.191108 -0.853190 2.358636
0.844000 0.412478 0.198921 0.175645 -0.001080 0.004639 -0.013021 0.179276 -0.793984 2.202593
0.845000 0.412477 0.198926 0.175633 -0.000907 0.003875 -0.010898 0.166791 -0.732757 2.039594
0.846000 0.412476 0.198929 0.175624 -0.000746 0.003173 -0.008941 0.153616 -0.669467 1.869472
0.847000 0.412476 0.198932 0.175615 -0.000599 0.002536 -0.007159 0.139718 -0.604057 1.692058
0.848000 0.412475 0.198934 0.175609 -0.000467 0.001965 -0.005557 0.066292 -0.285407 0.800753
0.849000 0.412475 0.198936 0.175604 -0.000467 0.001965 -0.005557 0.066292 -0.285407 0.800753
