0.000000 0.669425 -0.192610 0.137466 0.015838 -0.011045 0.012320 -0.063006 -0.041481 0.746730
0.001000 0.669441 -0.192621 0.137478 0.015838 -0.011045 0.012320 -0.063006 -0.041481 0.746730
0.002000 0.669457 -0.192632 0.137491 0.015712 -0.011128 0.013813 -0.136533 -0.079230 1.520143
0.003000 0.669473 -0.192644 0.137506 0.015565 -0.011203 0.015360 -0.157925 -0.071561 1.573887
0.004000 0.669488 -0.192655 0.137522 0.015397 -0.011271 0.016961 -0.180011 -0.063470 1.628366
0.005000 0.669503 -0.192666 0.137540 0.015205 -0.011330 0.018617 -0.202772 -0.054948 1.683529
0.006000 0.669519 -0.192678 0.137559 0.014991 -0.011381 0.020328 -0.226197 -0.045984 1.739336
0.007000 0.669533 -0.192689 0.137580 0.014753 -0.011422 0.022095 -0.250291 -0.036566 1.795767
0.008000 0.669548 -0.192700 0.137603 0.014491 -0.011454 0.023919 -0.275066 -0.026683 1.852825
0.009000 0.669562 -0.192712 0.137628 0.014203 -0.011475 0.025801 -0.300537 -0.016324 1.910524
0.010000 0.669576 -0.192723 0.137655 0.013889 -0.011486 0.027741 -0.326717 -0.005477 1.968876
0.011000 0.669590 -0.192735 0.137684 0.013549 -0.011486 0.029739 -0.353620 0.005867 2.027889
0.012000 0.669604 -0.192746 0.137714 0.013182 -0.011475 0.031796 -0.381260 0.017721 2.087571
0.013000 0.669617 -0.192758 0.137747 0.012787 -0.011451 0.033914 -0.409646 0.030095 2.147920
0.014000 0.669629 -0.192769 0.137782 0.012363 -0.011415 0.036092 -0.438770 0.043001 2.208923
0.015000 0.669641 -0.192781 0.137819 0.011909 -0.011365 0.038332 -0.468595 0.056450 2.270574
0.016000 0.669653 -0.192792 0.137859 0.011426 -0.011302 0.040633 -0.499063 0.070454 2.332871
0.017000 0.669664 -0.192803 0.137901 0.010911 -0.011224 0.042997 -0.530133 0.085022 2.395802
0.018000 0.669675 -0.192814 0.137945 0.010365 -0.011132 0.045425 -0.561786 0.100166 2.459347
0.019000 0.669685 -0.192825 0.137991 0.009788 -0.011024 0.047916 -0.594003 0.115897 2.523490
0.020000 0.669694 -0.192836 0.138041 0.009177 -0.010900 0.050472 -0.626761 0.132226 2.588219
0.021000 0.669703 -0.192847 0.138092 0.008534 -0.010759 0.053093 -0.660042 0.149162 2.653513
0.022000 0.669711 -0.192858 0.138147 0.007857 -0.010601 0.055779 -0.693833 0.166705 2.719343
0.023000 0.669719 -0.192868 0.138204 0.007146 -0.010426 0.058531 -0.728115 0.184839 2.785681
0.024000 0.669726 -0.192879 0.138264 0.006401 -0.010232 0.061350 -0.762861 0.203541 2.852511
0.025000 0.669732 -0.192889 0.138327 0.005621 -0.010019 0.064236 -0.798040 0.222784 2.919820
0.026000 0.669737 -0.192899 0.138392 0.004805 -0.009786 0.067190 -0.833623 0.242543 2.987606
0.027000 0.669741 -0.192909 0.138461 0.003954 -0.009534 0.070212 -0.869579 0.262791 3.055879
0.028000 0.669745 -0.192918 0.138533 0.003066 -0.009261 0.073302 -0.905887 0.283512 3.124632
0.029000 0.669747 -0.192927 0.138608 0.002142 -0.008967 0.076461 -0.942539 0.304705 3.193841
0.030000 0.669749 -0.192936 0.138686 0.001181 -0.008651 0.079689 -0.979538 0.326377 3.263470
0.031000 0.669750 -0.192944 0.138767 0.000183 -0.008314 0.082988 -1.016880 0.348540 3.333472
0.032000 0.669749 -0.192952 0.138852 -0.000853 -0.007954 0.086356 -1.054546 0.371224 3.403800
0.033000 0.669748 -0.192960 0.138940 -0.001926 -0.007571 0.089795 -1.092485 0.394486 3.474422
0.034000 0.669746 -0.192968 0.139031 -0.003038 -0.007165 0.093305 -1.130626 0.418405 3.545327
0.035000 0.669742 -0.192975 0.139126 -0.004188 -0.006735 0.096886 -1.168906 0.443061 3.616519
0.036000 0.669737 -0.192981 0.139225 -0.005376 -0.006279 0.100538 -1.207274 0.468531 3.688026
0.037000 0.669731 -0.192987 0.139327 -0.006602 -0.005798 0.104262 -1.245688 0.494893 3.759893
0.038000 0.669724 -0.192993 0.139434 -0.007867 -0.005289 0.108058 -1.284117 0.522207 3.832125
0.039000 0.669716 -0.192998 0.139543 -0.009170 -0.004753 0.111926 -1.322531 0.550507 3.904679
0.040000 0.669706 -0.193002 0.139657 -0.010512 -0.004188 0.115867 -1.360896 0.579828 3.977506
0.041000 0.669695 -0.193006 0.139775 -0.011892 -0.003593 0.119881 -1.399169 0.610204 4.050565
0.042000 0.669682 -0.193009 0.139897 -0.013311 -0.002968 0.123968 -1.437312 0.641645 4.123802
0.043000 0.669668 -0.193012 0.140023 -0.014767 -0.002310 0.128129 -1.475304 0.674112 4.197143
0.044000 0.669652 -0.193014 0.140153 -0.016261 -0.001620 0.132363 -1.513129 0.707541 4.270514
0.045000 0.669635 -0.193015 0.140288 -0.017793 -0.000895 0.136670 -1.550772 0.741871 4.343873
0.046000 0.669617 -0.193016 0.140427 -0.019363 -0.000136 0.141050 -1.588217 0.777058 4.417254
0.047000 0.669597 -0.193016 0.140570 -0.020970 0.000659 0.145504 -1.625445 0.813066 4.490725
0.048000 0.669575 -0.193014 0.140718 -0.022614 0.001490 0.150032 -1.662436 0.849866 4.564307
0.049000 0.669551 -0.193013 0.140870 -0.024294 0.002359 0.154633 -1.699170 0.887438 4.637946
0.050000 0.669526 -0.193010 0.141027 -0.026012 0.003265 0.159308 -1.735624 0.925752 4.711580
0.051000 0.669499 -0.193006 0.141189 -0.027766 0.004210 0.164056 -1.771774 0.964771 4.785165
0.052000 0.669471 -0.193001 0.141355 -0.029555 0.005195 0.168878 -1.807604 1.004467 4.858649
0.053000 0.669440 -0.192996 0.141526 -0.031381 0.006219 0.173774 -1.843113 1.044825 4.931977
0.054000 0.669408 -0.192989 0.141703 -0.033242 0.007284 0.178742 -1.878304 1.085838 5.005090
0.055000 0.669374 -0.192981 0.141884 -0.035137 0.008391 0.183784 -1.913173 1.127501 5.077902
0.056000 0.669338 -0.192972 0.142070 -0.037068 0.009539 0.188898 -1.947706 1.169815 5.150328
0.057000 0.669300 -0.192962 0.142262 -0.039033 0.010730 0.194084 -1.981896 1.212799 5.222345
0.058000 0.669260 -0.192951 0.142458 -0.041032 0.011965 0.199343 -2.015740 1.256475 5.293971
0.059000 0.669218 -0.192938 0.142660 -0.043064 0.013243 0.204672 -2.049225 1.300857 5.365175
0.060000 0.669174 -0.192924 0.142868 -0.045130 0.014567 0.210073 -2.082333 1.345932 5.435872
0.061000 0.669127 -0.192909 0.143081 -0.047229 0.015935 0.215544 -2.115046 1.391662 5.505999
0.062000 0.669079 -0.192892 0.143299 -0.049360 0.017350 0.221085 -2.147356 1.438000 5.575523
0.063000 0.669029 -0.192874 0.143523 -0.051524 0.018811 0.226695 -2.179251 1.484903 5.644402
0.064000 0.668976 -0.192855 0.143752 -0.053719 0.020320 0.232374 -2.210717 1.532344 5.712569
0.065000 0.668921 -0.192834 0.143987 -0.055945 0.021876 0.238120 -2.241740 1.580301 5.779944
0.066000 0.668864 -0.192811 0.144228 -0.058202 0.023480 0.243934 -2.272295 1.628755 5.846417
0.067000 0.668805 -0.192787 0.144475 -0.060490 0.025133 0.249813 -2.302368 1.677684 5.911884
0.068000 0.668743 -0.192761 0.144728 -0.062807 0.026836 0.255757 -2.331980 1.727063 5.976341
0.069000 0.668679 -0.192733 0.144987 -0.065154 0.028588 0.261766 -2.361172 1.776867 6.039849
0.070000 0.668613 -0.192703 0.145252 -0.067529 0.030389 0.267837 -2.389960 1.827068 6.102397
0.071000 0.668544 -0.192672 0.145522 -0.069934 0.032242 0.273971 -2.418320 1.877626 6.163901
0.072000 0.668473 -0.192639 0.145800 -0.072366 0.034145 0.280165 -2.446217 1.928485 6.224317
0.073000 0.668399 -0.192604 0.146083 -0.074826 0.036099 0.286419 -2.473617 1.979581 6.283658
0.074000 0.668323 -0.192567 0.146372 -0.077313 0.038104 0.292732 -2.500496 2.030864 6.341923
0.075000 0.668245 -0.192528 0.146668 -0.079827 0.040160 0.299103 -2.526840 2.082313 6.399091
0.076000 0.668164 -0.192486 0.146971 -0.082367 0.042269 0.305530 -2.552650 2.133925 6.455141
0.077000 0.668080 -0.192443 0.147279 -0.084932 0.044428 0.312013 -2.577937 2.185694 6.510059
0.078000 0.667994 -0.192398 0.147595 -0.087523 0.046640 0.318551 -2.602744 2.237614 6.563870
0.079000 0.667905 -0.192350 0.147916 -0.090138 0.048904 0.325141 -2.627125 2.289676 6.616619
0.080000 0.667814 -0.192300 0.148245 -0.092777 0.051219 0.331784 -2.651099 2.341858 6.668264
0.081000 0.667719 -0.192247 0.148580 -0.095440 0.053587 0.338478 -2.674638 2.394123 6.718688
0.082000 0.667623 -0.192193 0.148922 -0.098126 0.056008 0.345221 -2.697709 2.446421 6.767838
0.083000 0.667523 -0.192135 0.149270 -0.100835 0.058480 0.352013 -2.720284 2.498698 6.815721
0.084000 0.667421 -0.192076 0.149626 -0.103567 0.061005 0.358853 -2.742324 2.550902 6.862268
0.085000 0.667316 -0.192013 0.149988 -0.106320 0.063582 0.365738 -2.763779 2.602996 6.907338
0.086000 0.667208 -0.191949 0.150357 -0.109094 0.066211 0.372667 -2.784627 2.654968 6.950848
0.087000 0.667098 -0.191881 0.150734 -0.111889 0.068892 0.379639 -2.804873 2.706828 6.992803
0.088000 0.666985 -0.191811 0.151117 -0.114704 0.071625 0.386653 -2.824524 2.758568 7.033221
0.089000 0.666868 -0.191738 0.151507 -0.117538 0.074409 0.393706 -2.843604 2.810168 7.072164
0.090000 0.666749 -0.191662 0.151904 -0.120391 0.077245 0.400797 -2.862141 2.861593 7.109709
0.091000 0.666628 -0.191583 0.152308 -0.123263 0.080132 0.407925 -2.880126 2.912798 7.145824
0.092000 0.666503 -0.191502 0.152720 -0.126152 0.083070 0.415089 -2.897523 2.963737 7.180378
0.093000 0.666375 -0.191417 0.153139 -0.129058 0.086060 0.422286 -2.914320 3.014382 7.213326
0.094000 0.666245 -0.191330 0.153564 -0.131980 0.089099 0.429515 -2.930532 3.064726 7.244722
0.095000 0.666111 -0.191239 0.153998 -0.134919 0.092189 0.436776 -2.946167 3.114764 7.274616
0.096000 0.665975 -0.191145 0.154438 -0.137873 0.095329 0.444065 -2.961209 3.164505 7.303049
0.097000 0.665836 -0.191048 0.154886 -0.140841 0.098518 0.451382 -2.975636 3.213962 7.330056
0.098000 0.665693 -0.190948 0.155341 -0.143824 0.101757 0.458725 -2.989396 3.263123 7.355560
0.099000 0.665548 -0.190845 0.155803 -0.146820 0.105044 0.466093 -3.002431 3.311950 7.379412
0.100000 0.665400 -0.190738 0.156273 -0.149829 0.108381 0.473484 -3.014734 3.360425 7.401593
0.101000 0.665248 -0.190628 0.156750 -0.152850 0.111765 0.480896 -3.026339 3.408551 7.422214
0.102000 0.665094 -0.190515 0.157235 -0.155881 0.115198 0.488328 -3.037276 3.456327 7.441384
0.103000 0.664937 -0.190398 0.157727 -0.158924 0.118678 0.495779 -3.047573 3.503751 7.459199
0.104000 0.664776 -0.190277 0.158226 -0.161977 0.122205 0.503246 -3.057256 3.550814 7.475753
0.105000 0.664613 -0.190153 0.158733 -0.165039 0.125779 0.510730 -3.066302 3.597484 7.490992
0.106000 0.664446 -0.190026 0.159248 -0.168109 0.129400 0.518228 -3.074645 3.643711 7.504750
0.107000 0.664276 -0.189894 0.159770 -0.171188 0.133067 0.525740 -3.082231 3.689477 7.516960
0.108000 0.664104 -0.189759 0.160299 -0.174274 0.136779 0.533262 -3.089032 3.734791 7.527658
0.109000 0.663928 -0.189621 0.160836 -0.177366 0.140536 0.540795 -3.094992 3.779632 7.536767
0.110000 0.663749 -0.189478 0.161381 -0.180464 0.144338 0.548336 -3.100053 3.823957 7.544121
0.111000 0.663567 -0.189332 0.161933 -0.183566 0.148184 0.555883 -3.104226 3.867760 7.549702
0.112000 0.663382 -0.189182 0.162493 -0.186672 0.152074 0.563435 -3.107571 3.911070 7.553616
0.113000 0.663194 -0.189028 0.163060 -0.189781 0.156007 0.570991 -3.110093 3.953875 7.555836
0.114000 0.663002 -0.188870 0.163635 -0.192892 0.159982 0.578547 -3.111734 3.996115 7.556196
0.115000 0.662808 -0.188708 0.164217 -0.196005 0.163999 0.586103 -3.112444 4.037747 7.554653
0.116000 0.662610 -0.188542 0.164807 -0.199117 0.168057 0.593656 -3.112218 4.078760 7.551316
0.117000 0.662410 -0.188372 0.165404 -0.202229 0.172156 0.601206 -3.111061 4.119155 7.546289
0.118000 0.662206 -0.188198 0.166009 -0.205339 0.176295 0.608749 -3.109008 4.158959 7.539669
0.119000 0.661999 -0.188019 0.166622 -0.208447 0.180474 0.616285 -3.106107 4.198214 7.531543
0.120000 0.661789 -0.187837 0.167242 -0.211552 0.184692 0.623812 -3.102345 4.236910 7.521838
0.121000 0.661576 -0.187650 0.167869 -0.214652 0.188948 0.631329 -3.097661 4.275003 7.510378
0.122000 0.661360 -0.187459 0.168504 -0.217747 0.193242 0.638833 -3.092038 4.312499 7.497171
0.123000 0.661140 -0.187263 0.169147 -0.220836 0.197573 0.646323 -3.085502 4.349449 7.482380
0.124000 0.660918 -0.187064 0.169797 -0.223918 0.201941 0.653797 -3.078033 4.385851 7.466003
0.125000 0.660692 -0.186860 0.170455 -0.226992 0.206345 0.661255 -3.069565 4.421630 7.447864
0.126000 0.660464 -0.186651 0.171120 -0.230057 0.210784 0.668693 -3.060097 4.456729 7.427923
0.127000 0.660232 -0.186438 0.171792 -0.233112 0.215258 0.676111 -3.049689 4.491129 7.406318
0.128000 0.659998 -0.186220 0.172472 -0.236156 0.219766 0.683506 -3.038403 4.524841 7.383177
0.129000 0.659760 -0.185998 0.173159 -0.239189 0.224308 0.690877 -3.026294 4.557934 7.358624
0.130000 0.659519 -0.185772 0.173854 -0.242209 0.228882 0.698223 -3.013418 4.590507 7.332774
0.131000 0.659276 -0.185541 0.174555 -0.245216 0.233489 0.705543 -2.999758 4.622581 7.305556
0.132000 0.659029 -0.185305 0.175265 -0.248208 0.238127 0.712834 -2.985251 4.654105 7.276775
0.133000 0.658779 -0.185064 0.175981 -0.251186 0.242797 0.720096 -2.969899 4.685068 7.246440
0.134000 0.658527 -0.184819 0.176705 -0.254148 0.247497 0.727327 -2.953766 4.715508 7.214737
0.135000 0.658271 -0.184569 0.177436 -0.257094 0.252228 0.734526 -2.936848 4.745401 7.181664
0.136000 0.658012 -0.184315 0.178174 -0.260022 0.256988 0.741690 -2.919082 4.774657 7.147019
0.137000 0.657751 -0.184055 0.178919 -0.262932 0.261777 0.748820 -2.900460 4.803221 7.110738
0.138000 0.657486 -0.183791 0.179672 -0.265823 0.266595 0.755912 -2.881033 4.831076 7.072912
0.139000 0.657219 -0.183522 0.180431 -0.268694 0.271440 0.762966 -2.860787 4.858161 7.033459
0.140000 0.656949 -0.183248 0.181197 -0.271544 0.276311 0.769979 -2.839646 4.884387 6.992130
0.141000 0.656676 -0.182970 0.181971 -0.274373 0.281208 0.776950 -2.817591 4.909755 6.948829
0.142000 0.656400 -0.182686 0.182751 -0.277180 0.286131 0.783876 -2.794681 4.934350 6.903671
0.143000 0.656122 -0.182397 0.183539 -0.279963 0.291077 0.790757 -2.770990 4.958251 6.856812
0.144000 0.655840 -0.182104 0.184333 -0.282722 0.296047 0.797590 -2.746618 4.981536 6.808494
0.145000 0.655556 -0.181805 0.185134 -0.285456 0.301040 0.804374 -2.721679 5.004275 6.759004
0.146000 0.655270 -0.181502 0.185942 -0.288165 0.306056 0.811108 -2.696198 5.026445 6.708372
0.147000 0.654980 -0.181193 0.186756 -0.290848 0.311093 0.817791 -2.670117 5.047934 6.656393
0.148000 0.654688 -0.180880 0.187577 -0.293505 0.316151 0.824421 -2.643455 5.068663 6.603011
0.149000 0.654393 -0.180561 0.188405 -0.296135 0.321230 0.830997 -2.616301 5.088597 6.548344
0.150000 0.654096 -0.180237 0.189239 -0.298738 0.326329 0.837518 -2.588666 5.107652 6.492321
0.151000 0.653796 -0.179908 0.190080 -0.301313 0.331446 0.843982 -2.560485 5.125727 6.434679
0.152000 0.653493 -0.179574 0.190927 -0.303859 0.336580 0.850387 -2.531764 5.142847 6.375332
0.153000 0.653188 -0.179235 0.191781 -0.306376 0.341731 0.856732 -2.502602 5.159149 6.314429
0.154000 0.652880 -0.178891 0.192641 -0.308864 0.346898 0.863016 -2.473092 5.174767 6.252151
0.155000 0.652570 -0.178541 0.193507 -0.311322 0.352081 0.869236 -2.443329 5.189830 6.188752
0.156000 0.652258 -0.178187 0.194379 -0.313751 0.357278 0.875393 -2.413402 5.204461 6.124521
0.157000 0.651943 -0.177827 0.195258 -0.316149 0.362490 0.881486 -2.383307 5.218662 6.059475
0.158000 0.651625 -0.177462 0.196142 -0.318517 0.367715 0.887512 -2.352973 5.232318 5.993377
0.159000 0.651306 -0.177091 0.197033 -0.320855 0.372954 0.893472 -2.322416 5.245350 5.926162
0.160000 0.650984 -0.176716 0.197929 -0.323162 0.378206 0.899365 -2.291730 5.257737 5.857946
0.161000 0.650659 -0.176335 0.198831 -0.325438 0.383470 0.905188 -2.260930 5.269390 5.788644
0.162000 0.650333 -0.175949 0.199739 -0.327684 0.388745 0.910942 -2.229944 5.280185 5.717970
0.163000 0.650004 -0.175557 0.200653 -0.329898 0.394030 0.916624 -2.198779 5.290119 5.645826
0.164000 0.649673 -0.175161 0.201573 -0.332082 0.399325 0.922234 -2.167524 5.299286 5.572308
0.165000 0.649340 -0.174759 0.202498 -0.334233 0.404629 0.927769 -2.136182 5.307680 5.497317
0.166000 0.649004 -0.174351 0.203428 -0.336354 0.409941 0.933228 -2.104673 5.315196 5.420594
0.167000 0.648667 -0.173939 0.204364 -0.338443 0.415259 0.938610 -2.072996 5.321816 5.342149
0.168000 0.648327 -0.173521 0.205305 -0.340500 0.420584 0.943912 -2.041254 5.327635 5.262277
0.169000 0.647986 -0.173098 0.206252 -0.342525 0.425914 0.949134 -2.009554 5.332726 5.181245
0.170000 0.647642 -0.172669 0.207204 -0.344519 0.431250 0.954275 -1.978017 5.337123 5.099267
0.171000 0.647297 -0.172235 0.208161 -0.346481 0.436589 0.959333 -1.946770 5.340841 5.016528
0.172000 0.646949 -0.171796 0.209122 -0.348413 0.441931 0.964308 -1.915831 5.343793 4.932938
0.173000 0.646600 -0.171351 0.210089 -0.350313 0.447276 0.969199 -1.885126 5.345847 4.848205
0.174000 0.646249 -0.170901 0.211061 -0.352183 0.452623 0.974004 -1.854667 5.347021 4.762253
0.175000 0.645896 -0.170446 0.212037 -0.354022 0.457970 0.978723 -1.824556 5.347456 4.675225
0.176000 0.645541 -0.169985 0.213018 -0.355832 0.463318 0.983355 -1.794798 5.347169 4.587043
0.177000 0.645184 -0.169519 0.214004 -0.357612 0.468665 0.987897 -1.765304 5.346047 4.497436
0.178000 0.644826 -0.169048 0.214994 -0.359362 0.474010 0.992350 -1.736053 5.344072 4.406389
0.179000 0.644465 -0.168571 0.215989 -0.361084 0.479353 0.996710 -1.707129 5.341354 4.314186
0.180000 0.644103 -0.168089 0.216987 -0.362777 0.484693 1.000978 -1.678627 5.337978 4.221096
0.181000 0.643740 -0.167602 0.217990 -0.364441 0.490029 1.005152 -1.650676 5.333995 4.127370
0.182000 0.643375 -0.167109 0.218998 -0.366078 0.495361 1.009233 -1.623417 5.329432 4.033245
0.183000 0.643008 -0.166611 0.220009 -0.367688 0.500688 1.013219 -1.596871 5.324200 3.938663
0.184000 0.642639 -0.166108 0.221024 -0.369272 0.506009 1.017110 -1.570947 5.318149 3.843321
0.185000 0.642269 -0.165599 0.222043 -0.370830 0.511324 1.020906 -1.545614 5.311298 3.747130
0.186000 0.641897 -0.165085 0.223066 -0.372363 0.516632 1.024604 -1.520920 5.303795 3.650218
0.187000 0.641524 -0.164566 0.224092 -0.373872 0.521932 1.028206 -1.496831 5.295656 3.552490
0.188000 0.641150 -0.164041 0.225122 -0.375357 0.527223 1.031709 -1.473238 5.286752 3.453650
0.189000 0.640774 -0.163512 0.226156 -0.376818 0.532505 1.035113 -1.450128 5.277062 3.353669
0.190000 0.640396 -0.162976 0.227193 -0.378257 0.537777 1.038417 -1.427601 5.266712 3.252823
0.191000 0.640017 -0.162436 0.228233 -0.379673 0.543038 1.041619 -1.405762 5.255811 3.151377
0.192000 0.639637 -0.161890 0.229276 -0.381069 0.548289 1.044719 -1.384733 5.244451 3.049576
0.193000 0.639255 -0.161339 0.230322 -0.382443 0.553527 1.047718 -1.364640 5.232708 2.947655
0.194000 0.638872 -0.160783 0.231371 -0.383798 0.558754 1.050615 -1.345490 5.220512 2.845546
0.195000 0.638487 -0.160222 0.232423 -0.385134 0.563968 1.053409 -1.327184 5.207699 2.742941
0.196000 0.638102 -0.159655 0.233478 -0.386452 0.569170 1.056101 -1.309705 5.194262 2.639767
0.197000 0.637714 -0.159084 0.234536 -0.387753 0.574357 1.058689 -1.293116 5.180326 2.536184
0.198000 0.637326 -0.158507 0.235595 -0.389038 0.579530 1.061173 -1.277394 5.165879 2.432120
0.199000 0.636936 -0.157925 0.236658 -0.390308 0.584689 1.063553 -1.262414 5.150767 2.327285
0.200000 0.636545 -0.157337 0.237723 -0.391563 0.589832 1.065828 -1.248126 5.134967 2.221674
0.201000 0.636153 -0.156745 0.238790 -0.392804 0.594959 1.067996 -1.234555 5.118585 2.115539
0.202000 0.635760 -0.156147 0.239859 -0.394032 0.600069 1.070059 -1.221650 5.101586 2.008871
0.203000 0.635365 -0.155545 0.240930 -0.395248 0.605162 1.072014 -1.209293 5.083775 1.901372
0.204000 0.634969 -0.154937 0.242003 -0.396451 0.610236 1.073861 -1.197475 5.065057 1.792955
0.205000 0.634572 -0.154324 0.243077 -0.397643 0.615292 1.075600 -1.186312 5.045489 1.683825
0.206000 0.634174 -0.153706 0.244154 -0.398824 0.620327 1.077229 -1.175914 5.025158 1.574195
0.207000 0.633775 -0.153084 0.245232 -0.399994 0.625342 1.078748 -1.166395 5.004205 1.464290
0.208000 0.633374 -0.152456 0.246311 -0.401156 0.630336 1.080158 -1.157865 4.982802 1.354343
0.209000 0.632972 -0.151823 0.247392 -0.402310 0.635308 1.081457 -1.150310 4.960935 1.244285
0.210000 0.632569 -0.151185 0.248474 -0.403457 0.640258 1.082646 -1.143604 4.938436 1.133817
0.211000 0.632165 -0.150542 0.249557 -0.404597 0.645185 1.083725 -1.137685 4.915282 1.022914
0.212000 0.631760 -0.149895 0.250642 -0.405732 0.650088 1.084692 -1.132567 4.891594 0.911813
0.213000 0.631354 -0.149242 0.251727 -0.406863 0.654968 1.085548 -1.128185 4.867339 0.800487
0.214000 0.630947 -0.148585 0.252813 -0.407989 0.659823 1.086293 -1.124408 4.842318 0.688634
0.215000 0.630538 -0.147923 0.253899 -0.409111 0.664653 1.086926 -1.121216 4.816464 0.576178
0.216000 0.630128 -0.147256 0.254987 -0.410231 0.669456 1.087445 -1.118711 4.789887 0.463346
0.217000 0.629718 -0.146584 0.256074 -0.411349 0.674232 1.087852 -1.116993 4.762715 0.350374
0.218000 0.629306 -0.145907 0.257162 -0.412465 0.678981 1.088146 -1.116161 4.735121 0.237513
0.219000 0.628893 -0.145226 0.258251 -0.413581 0.683703 1.088327 -1.116314 4.707297 0.125021
0.220000 0.628478 -0.144540 0.259339 -0.414698 0.688396 1.088396 -1.117428 4.679231 0.012845
0.221000 0.628063 -0.143849 0.260427 -0.415816 0.693061 1.088353 -1.119375 4.650744 -0.099310
0.222000 0.627647 -0.143154 0.261516 -0.416936 0.697697 1.088198 -1.122106 4.621817 -0.211472
0.223000 0.627229 -0.142454 0.262604 -0.418060 0.702305 1.087930 -1.125656 4.592586 -0.323411
0.224000 0.626811 -0.141749 0.263692 -0.419188 0.706883 1.087551 -1.129975 4.563020 -0.435157
0.225000 0.626391 -0.141040 0.264779 -0.420320 0.711431 1.087060 -1.134928 4.532901 -0.547015
0.226000 0.625970 -0.140326 0.265866 -0.421458 0.715948 1.086457 -1.140488 4.502139 -0.659063
0.227000 0.625548 -0.139608 0.266952 -0.422601 0.720435 1.085742 -1.146719 4.470787 -0.771135
0.228000 0.625125 -0.138885 0.268037 -0.423751 0.724890 1.084914 -1.153592 4.438750 -0.883309
0.229000 0.624701 -0.138158 0.269122 -0.424908 0.729312 1.083975 -1.160991 4.405814 -0.995899
0.230000 0.624275 -0.137427 0.270205 -0.426073 0.733702 1.082923 -1.168909 4.371970 -1.108957
0.231000 0.623848 -0.136691 0.271287 -0.427246 0.738056 1.081757 -1.177461 4.337434 -1.222218
0.232000 0.623421 -0.135950 0.272369 -0.428428 0.742376 1.080478 -1.186735 4.302415 -1.335416
0.233000 0.622992 -0.135206 0.273448 -0.429620 0.746661 1.079086 -1.196775 4.267121 -1.448285
0.234000 0.622561 -0.134457 0.274527 -0.430822 0.750911 1.077582 -1.207595 4.231755 -1.560555
0.235000 0.622130 -0.133704 0.275604 -0.432035 0.755125 1.075965 -1.219107 4.196287 -1.672273
0.236000 0.621697 -0.132947 0.276679 -0.433260 0.759303 1.074237 -1.231154 4.160485 -1.783743
0.237000 0.621263 -0.132186 0.277752 -0.434497 0.763446 1.072398 -1.243693 4.124241 -1.895034
0.238000 0.620828 -0.131420 0.278823 -0.435747 0.767552 1.070447 -1.256776 4.087594 -2.005967
0.239000 0.620392 -0.130650 0.279893 -0.437011 0.771621 1.068386 -1.270361 4.050433 -2.116608
0.240000 0.619954 -0.129877 0.280960 -0.438288 0.775653 1.066214 -1.284319 4.012528 -2.227263
0.241000 0.619515 -0.129099 0.282025 -0.439579 0.779646 1.063931 -1.298631 3.973877 -2.337995
0.242000 0.619075 -0.128317 0.283088 -0.440885 0.783600 1.061538 -1.313399 3.934721 -2.448555
0.243000 0.618634 -0.127532 0.284148 -0.442206 0.787515 1.059034 -1.328711 3.895288 -2.558695
0.244000 0.618191 -0.126742 0.285206 -0.443543 0.791391 1.056420 -1.344620 3.855786 -2.668162
0.245000 0.617746 -0.125949 0.286261 -0.444895 0.795227 1.053698 -1.361162 3.816410 -2.776704
0.246000 0.617301 -0.125152 0.287314 -0.446265 0.799024 1.050867 -1.378262 3.777118 -2.884371
0.247000 0.616854 -0.124351 0.288363 -0.447652 0.802781 1.047929 -1.395770 3.737664 -2.991477
0.248000 0.616406 -0.123546 0.289409 -0.449056 0.806499 1.044884 -1.413656 3.697950 -3.098115
0.249000 0.615956 -0.122738 0.290453 -0.450479 0.810177 1.041733 -1.431992 3.658043 -3.204149
0.250000 0.615505 -0.121926 0.291493 -0.451920 0.813815 1.038476 -1.450747 3.617842 -3.309669
0.251000 0.615052 -0.121110 0.292530 -0.453381 0.817413 1.035113 -1.469789 3.577119 -3.414974
0.252000 0.614598 -0.120291 0.293563 -0.454860 0.820969 1.031646 -1.489083 3.535884 -3.520098
0.253000 0.614142 -0.119469 0.294593 -0.456359 0.824485 1.028073 -1.508721 3.494410 -3.624768
0.254000 0.613685 -0.118642 0.295619 -0.457877 0.827958 1.024396 -1.528784 3.452953 -3.728722
0.255000 0.613227 -0.117813 0.296642 -0.459416 0.831390 1.020616 -1.549336 3.411755 -3.831726
0.256000 0.612766 -0.116980 0.297661 -0.460976 0.834782 1.016733 -1.570432 3.371043 -3.933560
0.257000 0.612305 -0.116143 0.298675 -0.462557 0.838133 1.012749 -1.592006 3.330790 -4.034295
0.258000 0.611841 -0.115303 0.299686 -0.464160 0.841443 1.008664 -1.613903 3.290740 -4.134246
0.259000 0.611376 -0.114460 0.300693 -0.465785 0.844714 1.004480 -1.636079 3.250789 -4.233525
0.260000 0.610910 -0.113614 0.301695 -0.467432 0.847945 1.000197 -1.658589 3.210998 -4.332026
0.261000 0.610441 -0.112764 0.302693 -0.469102 0.851136 0.995816 -1.681387 3.171258 -4.429852
0.262000 0.609971 -0.111912 0.303687 -0.470795 0.854287 0.991337 -1.704323 3.131310 -4.527301
0.263000 0.609500 -0.111056 0.304676 -0.472511 0.857399 0.986762 -1.727346 3.091134 -4.624422
0.264000 0.609026 -0.110197 0.305660 -0.474250 0.860470 0.982089 -1.750508 3.050914 -4.721021
0.265000 0.608551 -0.109335 0.306640 -0.476012 0.863500 0.977319 -1.773754 3.010629 -4.817137
0.266000 0.608074 -0.108470 0.307615 -0.477797 0.866491 0.972454 -1.796928 2.970052 -4.913052
0.267000 0.607596 -0.107602 0.308585 -0.479606 0.869441 0.967493 -1.819972 2.929155 -5.008841
0.268000 0.607115 -0.106731 0.309550 -0.481437 0.872349 0.962437 -1.842957 2.888159 -5.104308
0.269000 0.606633 -0.105857 0.310510 -0.483292 0.875217 0.957285 -1.865948 2.847267 -5.199252
0.270000 0.606149 -0.104980 0.311464 -0.485169 0.878044 0.952038 -1.889011 2.806647 -5.293466
0.271000 0.605662 -0.104101 0.312414 -0.487070 0.880830 0.946698 -1.912209 2.766447 -5.386737
0.272000 0.605174 -0.103219 0.313358 -0.488994 0.883577 0.941265 -1.935478 2.726576 -5.479122
0.273000 0.604684 -0.102334 0.314296 -0.490941 0.886283 0.935740 -1.958658 2.686777 -5.570887
0.274000 0.604193 -0.101446 0.315229 -0.492911 0.888950 0.930123 -1.981706 2.647025 -5.662075
0.275000 0.603699 -0.100556 0.316156 -0.494904 0.891577 0.924415 -2.004686 2.607510 -5.752510
0.276000 0.603203 -0.099663 0.317078 -0.496920 0.894165 0.918618 -2.027552 2.568204 -5.842227
0.277000 0.602705 -0.098768 0.317994 -0.498959 0.896714 0.912731 -2.050146 2.528861 -5.931492
0.278000 0.602205 -0.097870 0.318903 -0.501020 0.899223 0.906755 -2.072420 2.489425 -6.020378
0.279000 0.601703 -0.096969 0.319807 -0.503104 0.901693 0.900690 -2.094428 2.450041 -6.108751
0.280000 0.601199 -0.096066 0.320705 -0.505209 0.904123 0.894537 -2.116117 2.410644 -6.196679
0.281000 0.600692 -0.095161 0.321596 -0.507336 0.906514 0.888297 -2.137323 2.370958 -6.284434
0.282000 0.600184 -0.094253 0.322481 -0.509484 0.908865 0.881969 -2.157987 2.330890 -6.372094
0.283000 0.599673 -0.093343 0.323360 -0.511652 0.911176 0.875553 -2.178186 2.290595 -6.459487
0.284000 0.599161 -0.092431 0.324233 -0.513840 0.913446 0.869050 -2.198004 2.250252 -6.546434
0.285000 0.598646 -0.091516 0.325098 -0.516048 0.915676 0.862460 -2.217538 2.210085 -6.632750
0.286000 0.598129 -0.090600 0.325957 -0.518275 0.917866 0.855784 -2.236891 2.170338 -6.718244
0.287000 0.597609 -0.089681 0.326810 -0.520522 0.920017 0.849023 -2.256022 2.130987 -6.802965
0.288000 0.597088 -0.088759 0.327656 -0.522787 0.922128 0.842178 -2.274772 2.091779 -6.887165
0.289000 0.596564 -0.087836 0.328494 -0.525072 0.924200 0.835249 -2.293093 2.052661 -6.970902
0.290000 0.596037 -0.086911 0.329326 -0.527374 0.926234 0.828236 -2.311054 2.013788 -7.054043
0.291000 0.595509 -0.085984 0.330151 -0.529694 0.928228 0.821141 -2.328603 1.975096 -7.136639
0.292000 0.594978 -0.085055 0.330968 -0.532031 0.930184 0.813963 -2.345573 1.936295 -7.218933
0.293000 0.594445 -0.084123 0.331779 -0.534385 0.932101 0.806703 -2.361908 1.897271 -7.300985
0.294000 0.593909 -0.083190 0.332582 -0.536755 0.933978 0.799361 -2.377696 1.858158 -7.382619
0.295000 0.593371 -0.082256 0.333377 -0.539140 0.935817 0.791938 -2.393021 1.819124 -7.463644
0.296000 0.592831 -0.081319 0.334166 -0.541541 0.937617 0.784434 -2.407966 1.780393 -7.543846
0.297000 0.592288 -0.080380 0.334946 -0.543956 0.939378 0.776850 -2.422611 1.742225 -7.622997
0.298000 0.591743 -0.079440 0.335719 -0.546386 0.941101 0.769188 -2.436892 1.704599 -7.701099
0.299000 0.591195 -0.078498 0.336485 -0.548830 0.942787 0.761448 -2.450646 1.667251 -7.778366
0.300000 0.590645 -0.077554 0.337242 -0.551287 0.944436 0.753631 -2.463852 1.630109 -7.854860
0.301000 0.590093 -0.076609 0.337992 -0.553758 0.946047 0.745738 -2.476620 1.593308 -7.930467
0.302000 0.589538 -0.075662 0.338734 -0.556240 0.947622 0.737770 -2.488926 1.556770 -8.005240
0.303000 0.588980 -0.074714 0.339467 -0.558735 0.949161 0.729728 -2.500608 1.520205 -8.079403
0.304000 0.588420 -0.073764 0.340193 -0.561242 0.950663 0.721611 -2.511612 1.483530 -8.153016
0.305000 0.587858 -0.072813 0.340911 -0.563759 0.952128 0.713422 -2.522036 1.446931 -8.225927
0.306000 0.587293 -0.071860 0.341620 -0.566286 0.953556 0.705160 -2.531973 1.410606 -8.297970
0.307000 0.586725 -0.070906 0.342321 -0.568823 0.954949 0.696826 -2.541516 1.374786 -8.368953
0.308000 0.586155 -0.069950 0.343014 -0.571369 0.956306 0.688422 -2.550754 1.339714 -8.438669
0.309000 0.585583 -0.068993 0.343698 -0.573924 0.957628 0.679948 -2.559624 1.305355 -8.507118
0.310000 0.585007 -0.068035 0.344374 -0.576488 0.958917 0.671407 -2.567956 1.271440 -8.574488
0.311000 0.584430 -0.067075 0.345041 -0.579060 0.960171 0.662799 -2.575729 1.237905 -8.640834
0.312000 0.583849 -0.066114 0.345699 -0.581640 0.961393 0.654126 -2.583061 1.204905 -8.706058
0.313000 0.583266 -0.065152 0.346349 -0.584226 0.962581 0.645387 -2.589927 1.172369 -8.770204
0.314000 0.582681 -0.064189 0.346990 -0.586819 0.963737 0.636585 -2.596145 1.139992 -8.833468
0.315000 0.582093 -0.063225 0.347622 -0.589418 0.964861 0.627720 -2.601640 1.107655 -8.895902
0.316000 0.581502 -0.062259 0.348245 -0.592023 0.965953 0.618793 -2.606448 1.075439 -8.957407
0.317000 0.580909 -0.061293 0.348860 -0.594631 0.967012 0.609806 -2.610488 1.043223 -9.018018
0.318000 0.580313 -0.060325 0.349465 -0.597244 0.968039 0.600757 -2.613569 1.010707 -9.077895
0.319000 0.579714 -0.059357 0.350061 -0.599858 0.969033 0.591650 -2.615649 0.977842 -9.137031
0.320000 0.579113 -0.058387 0.350648 -0.602475 0.969995 0.582483 -2.616862 0.944861 -9.195228
0.321000 0.578509 -0.057417 0.351226 -0.605092 0.970923 0.573259 -2.617346 0.911997 -9.252302
0.322000 0.577903 -0.056445 0.351795 -0.607710 0.971819 0.563979 -2.617250 0.879483 -9.308108
0.323000 0.577294 -0.055473 0.352354 -0.610327 0.972682 0.554643 -2.616733 0.847550 -9.362518
0.324000 0.576682 -0.054500 0.352904 -0.612943 0.973514 0.545254 -2.615769 0.816140 -9.415562
0.325000 0.576068 -0.053526 0.353445 -0.615558 0.974314 0.535812 -2.614168 0.784938 -9.467411
0.326000 0.575451 -0.052551 0.353976 -0.618171 0.975084 0.526319 -2.611853 0.753790 -9.518124
0.327000 0.574832 -0.051576 0.354497 -0.620782 0.975822 0.516776 -2.608869 0.722733 -9.567642
0.328000 0.574209 -0.050600 0.355009 -0.623389 0.976529 0.507184 -2.605130 0.691613 -9.616008
0.329000 0.573585 -0.049623 0.355512 -0.625992 0.977205 0.497544 -2.600428 0.660134 -9.663365
0.330000 0.572957 -0.048645 0.356004 -0.628590 0.977849 0.487857 -2.594697 0.628284 -9.709714
0.331000 0.572328 -0.047667 0.356487 -0.631182 0.978462 0.478124 -2.588042 0.596357 -9.754896
0.332000 0.571695 -0.046688 0.356961 -0.633766 0.979042 0.468347 -2.580584 0.564627 -9.798761
0.333000 0.571060 -0.045709 0.357424 -0.636343 0.979591 0.458527 -2.572471 0.533341 -9.841177
0.334000 0.570422 -0.044729 0.357878 -0.638911 0.980109 0.448665 -2.563867 0.502724 -9.882021
0.335000 0.569782 -0.043749 0.358321 -0.641470 0.980596 0.438763 -2.554746 0.472712 -9.921305
0.336000 0.569139 -0.042768 0.358755 -0.644021 0.981054 0.428822 -2.544922 0.442982 -9.959155
0.337000 0.568494 -0.041787 0.359179 -0.646560 0.981482 0.418844 -2.534343 0.413374 -9.995608
0.338000 0.567846 -0.040805 0.359593 -0.649089 0.981881 0.408831 -2.523093 0.383917 -10.030603
0.339000 0.567196 -0.039823 0.359997 -0.651607 0.982250 0.398783 -2.511110 0.354454 -10.064163
0.340000 0.566543 -0.038841 0.360390 -0.654111 0.982590 0.388703 -2.498178 0.324681 -10.096406
0.341000 0.565888 -0.037858 0.360774 -0.656603 0.982900 0.378590 -2.484208 0.294580 -10.127361
0.342000 0.565230 -0.036875 0.361148 -0.659080 0.983179 0.368448 -2.469281 0.264441 -10.156940
0.343000 0.564570 -0.035892 0.361511 -0.661541 0.983428 0.358277 -2.453512 0.234535 -10.185052
0.344000 0.563907 -0.034908 0.361864 -0.663987 0.983648 0.348078 -2.437071 0.205101 -10.211614
0.345000 0.563242 -0.033924 0.362207 -0.666416 0.983839 0.337853 -2.420164 0.176362 -10.236539
0.346000 0.562574 -0.032940 0.362540 -0.668827 0.984001 0.327605 -2.402790 0.148251 -10.259840
0.347000 0.561904 -0.031956 0.362862 -0.671221 0.984135 0.317334 -2.384757 0.120440 -10.281615
0.348000 0.561232 -0.030972 0.363175 -0.673597 0.984242 0.307041 -2.365988 0.092766 -10.301904
0.349000 0.560557 -0.029988 0.363476 -0.675953 0.984321 0.296730 -2.346542 0.065255 -10.320671
0.350000 0.559880 -0.029003 0.363768 -0.678290 0.984372 0.286400 -2.326332 0.037749 -10.337939
0.351000 0.559200 -0.028019 0.364049 -0.680606 0.984396 0.276054 -2.305127 0.009939 -10.353799
0.352000 0.558518 -0.027035 0.364320 -0.682900 0.984392 0.265693 -2.282836 -0.018192 -10.368279
0.353000 0.557834 -0.026050 0.364581 -0.685171 0.984360 0.255317 -2.259508 -0.046413 -10.381337
0.354000 0.557148 -0.025066 0.364831 -0.687419 0.984299 0.244930 -2.235055 -0.074734 -10.392981
0.355000 0.556460 -0.024082 0.365070 -0.689642 0.984210 0.234531 -2.209276 -0.103410 -10.403273
0.356000 0.555769 -0.023097 0.365300 -0.691838 0.984092 0.224123 -2.182174 -0.132474 -10.412200
0.357000 0.555076 -0.022113 0.365519 -0.694006 0.983945 0.213707 -2.153963 -0.161680 -10.419671
0.358000 0.554381 -0.021130 0.365727 -0.696146 0.983769 0.203284 -2.124829 -0.190825 -10.425608
0.359000 0.553684 -0.020146 0.365925 -0.698256 0.983564 0.192856 -2.094910 -0.219781 -10.429969
0.360000 0.552984 -0.019162 0.366113 -0.700335 0.983330 0.182424 -2.064318 -0.248463 -10.432727
0.361000 0.552283 -0.018179 0.366290 -0.702384 0.983067 0.171990 -2.032971 -0.277030 -10.433905
0.362000 0.551580 -0.017196 0.366457 -0.704401 0.982775 0.161556 -2.000645 -0.305789 -10.433562
0.363000 0.550874 -0.016214 0.366613 -0.706386 0.982455 0.151123 -1.967277 -0.334755 -10.431724
0.364000 0.550167 -0.015231 0.366759 -0.708336 0.982106 0.140693 -1.932962 -0.363696 -10.428373
0.365000 0.549457 -0.014249 0.366895 -0.710251 0.981728 0.130266 -1.897642 -0.392620 -10.423517
0.366000 0.548746 -0.013268 0.367020 -0.712131 0.981321 0.119846 -1.861124 -0.421779 -10.417196
0.367000 0.548033 -0.012287 0.367134 -0.713974 0.980884 0.109432 -1.823419 -0.451204 -10.409421
0.368000 0.547318 -0.011306 0.367239 -0.715778 0.980418 0.099027 -1.784752 -0.480648 -10.400165
0.369000 0.546602 -0.010326 0.367332 -0.717543 0.979923 0.088632 -1.745327 -0.509913 -10.389394
0.370000 0.545883 -0.009346 0.367416 -0.719269 0.979398 0.078248 -1.705295 -0.538895 -10.377085
0.371000 0.545163 -0.008367 0.367489 -0.720954 0.978845 0.067878 -1.664782 -0.567539 -10.363208
0.372000 0.544441 -0.007389 0.367552 -0.722598 0.978263 0.057522 -1.623715 -0.596023 -10.347759
0.373000 0.543718 -0.006411 0.367604 -0.724201 0.977653 0.047182 -1.581870 -0.624649 -10.330755
0.374000 0.542993 -0.005433 0.367646 -0.725762 0.977014 0.036860 -1.539192 -0.653404 -10.312219
0.375000 0.542266 -0.004457 0.367678 -0.727280 0.976346 0.026558 -1.495791 -0.682017 -10.292156
0.376000 0.541538 -0.003481 0.367699 -0.728754 0.975650 0.016276 -1.451617 -0.710465 -10.270572
0.377000 0.540809 -0.002505 0.367710 -0.730183 0.974925 0.006016 -1.406480 -0.738983 -10.247478
0.378000 0.540078 -0.001531 0.367711 -0.731566 0.974172 -0.004219 -1.360398 -0.767596 -10.222883
0.379000 0.539346 -0.000557 0.367702 -0.732904 0.973390 -0.014429 -1.313618 -0.796048 -10.196790
0.380000 0.538612 0.000416 0.367682 -0.734194 0.972580 -0.024613 -1.266358 -0.824137 -10.169199
0.381000 0.537877 0.001388 0.367652 -0.735436 0.971742 -0.034768 -1.218792 -0.851751 -10.140117
0.382000 0.537141 0.002359 0.367613 -0.736631 0.970877 -0.044893 -1.171065 -0.878827 -10.109550
0.383000 0.536404 0.003330 0.367563 -0.737778 0.969984 -0.054987 -1.123111 -0.905537 -10.077487
0.384000 0.535666 0.004299 0.367503 -0.738878 0.969065 -0.065048 -1.074703 -0.932173 -10.043911
0.385000 0.534926 0.005268 0.367433 -0.739928 0.968120 -0.075075 -1.025774 -0.958716 -10.008815
0.386000 0.534186 0.006236 0.367353 -0.740929 0.967148 -0.085065 -0.976419 -0.984885 -9.972200
0.387000 0.533445 0.007202 0.367262 -0.741881 0.966150 -0.095019 -0.926575 -1.010647 -9.934047
0.388000 0.532702 0.008168 0.367162 -0.742782 0.965127 -0.104934 -0.876051 -1.036231 -9.894339
0.389000 0.531959 0.009133 0.367053 -0.743633 0.964078 -0.114808 -0.824878 -1.061650 -9.853110
0.390000 0.531215 0.010096 0.366933 -0.744432 0.963003 -0.124640 -0.773284 -1.086689 -9.810422
0.391000 0.530470 0.011059 0.366803 -0.745179 0.961904 -0.134429 -0.721301 -1.111371 -9.766296
0.392000 0.529725 0.012020 0.366664 -0.745875 0.960781 -0.144172 -0.668742 -1.136002 -9.720706
0.393000 0.528978 0.012980 0.366515 -0.746517 0.959632 -0.153870 -0.615566 -1.160748 -9.673653
0.394000 0.528232 0.013939 0.366356 -0.747106 0.958459 -0.163520 -0.561937 -1.185533 -9.625172
0.395000 0.527484 0.014897 0.366188 -0.747641 0.957261 -0.173120 -0.508009 -1.210220 -9.575297
0.396000 0.526736 0.015854 0.366010 -0.748122 0.956039 -0.182670 -0.453920 -1.234567 -9.524068
0.397000 0.525988 0.016809 0.365823 -0.748549 0.954792 -0.192168 -0.399800 -1.258266 -9.471525
0.398000 0.525239 0.017763 0.365626 -0.748921 0.953522 -0.201613 -0.345579 -1.281301 -9.417651
0.399000 0.524490 0.018716 0.365419 -0.749240 0.952230 -0.211004 -0.291058 -1.303909 -9.362410
0.400000 0.523741 0.019668 0.365204 -0.749503 0.950914 -0.220338 -0.236261 -1.326117 -9.305840
0.401000 0.522991 0.020618 0.364979 -0.749712 0.949577 -0.229615 -0.181410 -1.347730 -9.248036
0.402000 0.522241 0.021567 0.364744 -0.749866 0.948219 -0.238834 -0.126530 -1.368787 -9.189025
0.403000 0.521491 0.022514 0.364501 -0.749965 0.946840 -0.247993 -0.071431 -1.389588 -9.128761
0.404000 0.520741 0.023461 0.364248 -0.750009 0.945440 -0.257092 -0.016068 -1.410289 -9.067252
0.405000 0.519991 0.024405 0.363987 -0.749997 0.944019 -0.266128 0.039440 -1.430858 -9.004558
0.406000 0.519241 0.025349 0.363716 -0.749930 0.942578 -0.275101 0.095145 -1.451446 -8.940668
0.407000 0.518491 0.026290 0.363437 -0.749807 0.941116 -0.284009 0.151267 -1.472338 -8.875503
0.408000 0.517742 0.027231 0.363148 -0.749628 0.939633 -0.292852 0.207857 -1.493539 -8.809034
0.409000 0.516992 0.028170 0.362851 -0.749391 0.938129 -0.301627 0.264750 -1.514755 -8.741309
0.410000 0.516243 0.029107 0.362545 -0.749098 0.936604 -0.310335 0.321764 -1.535707 -8.672400
0.411000 0.515494 0.030043 0.362230 -0.748748 0.935058 -0.318972 0.378685 -1.556147 -8.602433
0.412000 0.514745 0.030977 0.361907 -0.748341 0.933492 -0.327539 0.435285 -1.575840 -8.531557
0.413000 0.513997 0.031910 0.361575 -0.747877 0.931906 -0.336035 0.491559 -1.594837 -8.459810
0.414000 0.513250 0.032841 0.361235 -0.747358 0.930302 -0.344459 0.547709 -1.613443 -8.387124
0.415000 0.512503 0.033771 0.360886 -0.746782 0.928679 -0.352810 0.603778 -1.631824 -8.313494
0.416000 0.511756 0.034698 0.360529 -0.746150 0.927038 -0.361086 0.659645 -1.649967 -8.238990
0.417000 0.511010 0.035625 0.360164 -0.745463 0.925379 -0.369288 0.715358 -1.668031 -8.163592
0.418000 0.510265 0.036549 0.359791 -0.744719 0.923702 -0.377413 0.771146 -1.686296 -8.087199
0.419000 0.509521 0.037472 0.359409 -0.743920 0.922007 -0.385462 0.827079 -1.704750 -8.009798
0.420000 0.508777 0.038393 0.359020 -0.743065 0.920293 -0.393433 0.883023 -1.723084 -7.931488
0.421000 0.508035 0.039313 0.358622 -0.742154 0.918560 -0.401325 0.938825 -1.741014 -7.852383
0.422000 0.507293 0.040230 0.358217 -0.741188 0.916811 -0.409138 0.994302 -1.758298 -7.772637
0.423000 0.506552 0.041146 0.357804 -0.740166 0.915044 -0.416870 1.049251 -1.774718 -7.692421
0.424000 0.505813 0.042060 0.357383 -0.739089 0.913261 -0.424522 1.103689 -1.790333 -7.611767
0.425000 0.505074 0.042973 0.356955 -0.737958 0.911463 -0.432094 1.157818 -1.805452 -7.530591
0.426000 0.504337 0.043883 0.356519 -0.736774 0.909650 -0.439584 1.211674 -1.820250 -7.448912
0.427000 0.503601 0.044792 0.356076 -0.735535 0.907823 -0.446992 1.265127 -1.834728 -7.366848
0.428000 0.502866 0.045699 0.355625 -0.734243 0.905981 -0.454317 1.318217 -1.849055 -7.284401
0.429000 0.502132 0.046604 0.355167 -0.732899 0.904125 -0.461560 1.371159 -1.863512 -7.201447
0.430000 0.501400 0.047507 0.354702 -0.731501 0.902254 -0.468720 1.424015 -1.878096 -7.117950
0.431000 0.500669 0.048409 0.354230 -0.730051 0.900368 -0.475796 1.476639 -1.892513 -7.033999
0.432000 0.499940 0.049308 0.353751 -0.728548 0.898469 -0.482788 1.528877 -1.906496 -6.949710
0.433000 0.499212 0.050205 0.353264 -0.726993 0.896555 -0.489696 1.580557 -1.919819 -6.865254
0.434000 0.498486 0.051101 0.352771 -0.725387 0.894629 -0.496519 1.631497 -1.932281 -6.780828
0.435000 0.497761 0.051995 0.352271 -0.723730 0.892691 -0.503257 1.681728 -1.943947 -6.696467
0.436000 0.497038 0.052886 0.351765 -0.722023 0.890741 -0.509912 1.731455 -1.955128 -6.612061
0.437000 0.496317 0.053776 0.351251 -0.720267 0.888781 -0.516481 1.780728 -1.966004 -6.527607
0.438000 0.495598 0.054664 0.350732 -0.718462 0.886809 -0.522967 1.829434 -1.976592 -6.443218
0.439000 0.494880 0.055550 0.350205 -0.716608 0.884827 -0.529368 1.877622 -1.987066 -6.358874
0.440000 0.494165 0.056434 0.349673 -0.714706 0.882835 -0.535685 1.925502 -1.997708 -6.274420
0.441000 0.493451 0.057315 0.349134 -0.712757 0.880832 -0.541917 1.973117 -2.008520 -6.189800
0.442000 0.492739 0.058195 0.348589 -0.710760 0.878818 -0.548064 2.020348 -2.019275 -6.105068
0.443000 0.492029 0.059073 0.348038 -0.708716 0.876793 -0.554127 2.067236 -2.029962 -6.020161
0.444000 0.491322 0.059949 0.347481 -0.706626 0.874758 -0.560104 2.113982 -2.040806 -5.934930
0.445000 0.490616 0.060823 0.346918 -0.704488 0.872712 -0.565997 2.160624 -2.051839 -5.849396
0.446000 0.489913 0.061694 0.346349 -0.702304 0.870654 -0.571803 2.206992 -2.062854 -5.763758
0.447000 0.489211 0.062564 0.345774 -0.700074 0.868586 -0.577524 2.252916 -2.073690 -5.678202
0.448000 0.488513 0.063432 0.345194 -0.697799 0.866507 -0.583160 2.298223 -2.084276 -5.592891
0.449000 0.487816 0.064297 0.344608 -0.695478 0.864418 -0.588710 2.342736 -2.094592 -5.507975
0.450000 0.487122 0.065160 0.344016 -0.693113 0.862318 -0.594176 2.386485 -2.104816 -5.423425
0.451000 0.486430 0.066022 0.343420 -0.690705 0.860208 -0.599557 2.429666 -2.115228 -5.339052
0.452000 0.485740 0.066881 0.342817 -0.688254 0.858087 -0.604854 2.472326 -2.125838 -5.254766
0.453000 0.485053 0.067738 0.342210 -0.685760 0.855956 -0.610066 2.514356 -2.136427 -5.170593
0.454000 0.484369 0.068593 0.341597 -0.683225 0.853815 -0.615195 2.555801 -2.146991 -5.086440
0.455000 0.483687 0.069445 0.340979 -0.680649 0.851662 -0.620239 2.596869 -2.157740 -5.002139
0.456000 0.483007 0.070296 0.340357 -0.678031 0.849499 -0.625199 2.637624 -2.168687 -4.917731
0.457000 0.482331 0.071144 0.339729 -0.675373 0.847325 -0.630075 2.677940 -2.179603 -4.833460
0.458000 0.481657 0.071991 0.339097 -0.672675 0.845140 -0.634866 2.717672 -2.190315 -4.749540
0.459000 0.480985 0.072835 0.338459 -0.669938 0.842944 -0.639574 2.756640 -2.200756 -4.666136
0.460000 0.480317 0.073677 0.337817 -0.667162 0.840738 -0.644198 2.794645 -2.210914 -4.583380
0.461000 0.479651 0.074516 0.337171 -0.664349 0.838522 -0.648741 2.831688 -2.220974 -4.501216
0.462000 0.478988 0.075354 0.336520 -0.661499 0.836296 -0.653201 2.867950 -2.231213 -4.419421
0.463000 0.478328 0.076189 0.335864 -0.658613 0.834060 -0.657579 2.903476 -2.241643 -4.337881
0.464000 0.477671 0.077022 0.335205 -0.655692 0.831813 -0.661877 2.938159 -2.252058 -4.256603
0.465000 0.477017 0.077852 0.334541 -0.652737 0.829556 -0.666093 2.972045 -2.262453 -4.175471
0.466000 0.476365 0.078681 0.333873 -0.649748 0.827288 -0.670228 3.005331 -2.273028 -4.094288
0.467000 0.475717 0.079507 0.333200 -0.646726 0.825010 -0.674281 3.038080 -2.283773 -4.013071
0.468000 0.475072 0.080331 0.332524 -0.643672 0.822721 -0.678254 3.070172 -2.294434 -3.932052
0.469000 0.474430 0.081152 0.331844 -0.640586 0.820421 -0.682145 3.101477 -2.304815 -3.851434
0.470000 0.473791 0.081972 0.331160 -0.637469 0.818111 -0.685957 3.131845 -2.314824 -3.771370
0.471000 0.473155 0.082789 0.330472 -0.634322 0.815791 -0.689688 3.161114 -2.324427 -3.691984
0.472000 0.472522 0.083603 0.329780 -0.631146 0.813462 -0.693340 3.189309 -2.333784 -3.613201
0.473000 0.471893 0.084416 0.329085 -0.627943 0.811124 -0.696914 3.216607 -2.343159 -3.534774
0.474000 0.471266 0.085226 0.328386 -0.624713 0.808776 -0.700410 3.243048 -2.352565 -3.456574
0.475000 0.470643 0.086033 0.327684 -0.621457 0.806419 -0.703828 3.268530 -2.361805 -3.378600
0.476000 0.470023 0.086838 0.326979 -0.618176 0.804052 -0.707167 3.293091 -2.370878 -3.300723
0.477000 0.469407 0.087641 0.326270 -0.614871 0.801677 -0.710429 3.316915 -2.379978 -3.222736
0.478000 0.468794 0.088442 0.325558 -0.611542 0.799292 -0.713613 3.340058 -2.389097 -3.144669
0.479000 0.468184 0.089240 0.324843 -0.608191 0.796899 -0.716718 3.362439 -2.398030 -3.066746
0.480000 0.467577 0.090035 0.324125 -0.604817 0.794496 -0.719746 3.384106 -2.406779 -2.988999
0.481000 0.466974 0.090829 0.323403 -0.601423 0.792085 -0.722696 3.405232 -2.415598 -2.911238
0.482000 0.466374 0.091620 0.322679 -0.598007 0.789665 -0.725569 3.425836 -2.424650 -2.833391
0.483000 0.465778 0.092408 0.321952 -0.594571 0.787236 -0.728363 3.445755 -2.433911 -2.755571
0.484000 0.465185 0.093194 0.321222 -0.591115 0.784797 -0.731080 3.464842 -2.443302 -2.677869
0.485000 0.464596 0.093978 0.320490 -0.587641 0.782349 -0.733719 3.482976 -2.452652 -2.600344
0.486000 0.464010 0.094759 0.319755 -0.584150 0.779892 -0.736281 3.500049 -2.461735 -2.523037
0.487000 0.463427 0.095537 0.319017 -0.580641 0.777426 -0.738765 3.516118 -2.470550 -2.445812
0.488000 0.462849 0.096314 0.318277 -0.577117 0.774951 -0.741172 3.531372 -2.479286 -2.368453
0.489000 0.462273 0.097087 0.317535 -0.573578 0.772467 -0.743502 3.545885 -2.487937 -2.290986
0.490000 0.461701 0.097859 0.316790 -0.570026 0.769975 -0.745754 3.559606 -2.496305 -2.213640
0.491000 0.461133 0.098627 0.316044 -0.566459 0.767475 -0.747929 3.572598 -2.504390 -2.136446
0.492000 0.460569 0.099394 0.315295 -0.562880 0.764966 -0.750027 3.585029 -2.512420 -2.059205
0.493000 0.460007 0.100157 0.314544 -0.559289 0.762450 -0.752048 3.596907 -2.520507 -1.981847
0.494000 0.459450 0.100918 0.313790 -0.555686 0.759925 -0.753991 3.608069 -2.528571 -1.904495
0.495000 0.458896 0.101677 0.313036 -0.552073 0.757393 -0.755857 3.618365 -2.536502 -1.827261
0.496000 0.458346 0.102433 0.312279 -0.548450 0.754852 -0.757645 3.627671 -2.544140 -1.750242
0.497000 0.457799 0.103187 0.311520 -0.544818 0.752304 -0.759357 3.635879 -2.551301 -1.673522
0.498000 0.457256 0.103938 0.310760 -0.541178 0.749750 -0.760992 3.643033 -2.558012 -1.596998
0.499000 0.456717 0.104686 0.309998 -0.537532 0.747188 -0.762551 3.649318 -2.564475 -1.520459
0.500000 0.456181 0.105432 0.309235 -0.533879 0.744621 -0.764033 3.654820 -2.570711 -1.443941
0.501000 0.455649 0.106176 0.308470 -0.530222 0.742047 -0.765439 3.659518 -2.576564 -1.367686
0.502000 0.455121 0.106916 0.307704 -0.526560 0.739468 -0.766769 3.663490 -2.582056 -1.291733
0.503000 0.454596 0.107655 0.306937 -0.522895 0.736883 -0.768022 3.666906 -2.587410 -1.215896
0.504000 0.454075 0.108390 0.306168 -0.519227 0.734293 -0.769200 3.669790 -2.592714 -1.140139
0.505000 0.453557 0.109123 0.305398 -0.515555 0.731697 -0.770303 3.672013 -2.597863 -1.064637
0.506000 0.453044 0.109853 0.304627 -0.511883 0.729097 -0.771330 3.673454 -2.602738 -0.989535
0.507000 0.452534 0.110581 0.303856 -0.508209 0.726492 -0.772282 3.674025 -2.607206 -0.914935
0.508000 0.452027 0.111306 0.303083 -0.504534 0.723883 -0.773159 3.673647 -2.611121 -0.840911
0.509000 0.451525 0.112029 0.302309 -0.500861 0.721270 -0.773964 3.672380 -2.614536 -0.767346
0.510000 0.451026 0.112749 0.301535 -0.497190 0.718653 -0.774694 3.670399 -2.617667 -0.694027
0.511000 0.450530 0.113466 0.300760 -0.493520 0.716034 -0.775352 3.667779 -2.620562 -0.621005
0.512000 0.450039 0.114181 0.299984 -0.489854 0.713412 -0.775936 3.664495 -2.623106 -0.548543
0.513000 0.449551 0.114893 0.299208 -0.486191 0.710788 -0.776449 3.660615 -2.625344 -0.476694
0.514000 0.449066 0.115603 0.298431 -0.482533 0.708162 -0.776890 3.656299 -2.627490 -0.405275
0.515000 0.448585 0.116310 0.297654 -0.478879 0.705533 -0.777259 3.651586 -2.629609 -0.334240
0.516000 0.448108 0.117014 0.296877 -0.475230 0.702902 -0.777558 3.646374 -2.631570 -0.263757
0.517000 0.447635 0.117715 0.296099 -0.471586 0.700270 -0.777787 3.640568 -2.633249 -0.193965
0.518000 0.447165 0.118414 0.295321 -0.467949 0.697636 -0.777946 3.634083 -2.634533 -0.124957
0.519000 0.446699 0.119111 0.294543 -0.464318 0.695001 -0.778037 3.626841 -2.635318 -0.056803
0.520000 0.446237 0.119804 0.293765 -0.460695 0.692365 -0.778060 3.618891 -2.635682 0.010617
0.521000 0.445778 0.120495 0.292987 -0.457080 0.689730 -0.778015 3.610399 -2.635842 0.077511
0.522000 0.445322 0.121184 0.292209 -0.453474 0.687094 -0.777905 3.601454 -2.635848 0.143807
0.523000 0.444871 0.121870 0.291431 -0.449877 0.684458 -0.777728 3.592059 -2.635588 0.209209
0.524000 0.444423 0.122553 0.290654 -0.446290 0.681822 -0.777486 3.582296 -2.635107 0.273642
0.525000 0.443978 0.123233 0.289876 -0.442713 0.679188 -0.777181 3.572317 -2.634611 0.337281
0.526000 0.443537 0.123911 0.289099 -0.439145 0.676553 -0.776812 3.562151 -2.634165 0.400168
0.527000 0.443100 0.124586 0.288323 -0.435588 0.673919 -0.776380 3.551716 -2.633680 0.462178
0.528000 0.442666 0.125259 0.287547 -0.432042 0.671286 -0.775887 3.541031 -2.633219 0.523365
0.529000 0.442236 0.125929 0.286771 -0.428506 0.668653 -0.775333 3.530213 -2.632999 0.583985
0.530000 0.441809 0.126596 0.285996 -0.424982 0.666020 -0.774719 3.519274 -2.633099 0.644163
0.531000 0.441386 0.127261 0.285222 -0.421468 0.663387 -0.774045 3.508100 -2.633419 0.703823
0.532000 0.440966 0.127923 0.284448 -0.417965 0.660753 -0.773312 3.496609 -2.633847 0.762827
0.533000 0.440550 0.128582 0.283675 -0.414475 0.658119 -0.772519 3.484778 -2.634253 0.820929
0.534000 0.440137 0.129239 0.282903 -0.410996 0.655485 -0.771670 3.472613 -2.634496 0.877824
0.535000 0.439728 0.129893 0.282132 -0.407529 0.652850 -0.770764 3.460210 -2.634619 0.933455
0.536000 0.439322 0.130545 0.281361 -0.404075 0.650215 -0.769803 3.447715 -2.634821 0.988015
0.537000 0.438920 0.131194 0.280592 -0.400634 0.647580 -0.768788 3.435147 -2.635165 1.041566
0.538000 0.438521 0.131840 0.279824 -0.397205 0.644945 -0.767720 3.422422 -2.635569 1.094006
0.539000 0.438125 0.132484 0.279056 -0.393789 0.642309 -0.766600 3.409547 -2.636093 1.145410
0.540000 0.437733 0.133125 0.278290 -0.390386 0.639673 -0.765429 3.396624 -2.636947 1.196034
0.541000 0.437345 0.133763 0.277526 -0.386996 0.637035 -0.764208 3.383653 -2.638209 1.245997
0.542000 0.436959 0.134399 0.276762 -0.383619 0.634396 -0.762937 3.370538 -2.639821 1.295261
0.543000 0.436577 0.135032 0.276000 -0.380255 0.631756 -0.761617 3.357280 -2.641857 1.343935
0.544000 0.436199 0.135662 0.275239 -0.376904 0.629113 -0.760249 3.344007 -2.644517 1.392231
0.545000 0.435824 0.136290 0.274479 -0.373567 0.626467 -0.758833 3.330809 -2.647844 1.440113
0.546000 0.435452 0.136915 0.273721 -0.370242 0.623817 -0.757369 3.317690 -2.651702 1.487293
0.547000 0.435083 0.137538 0.272965 -0.366931 0.621163 -0.755858 3.304625 -2.655950 1.533527
0.548000 0.434718 0.138157 0.272209 -0.363633 0.618505 -0.754302 3.291539 -2.660445 1.578645
0.549000 0.434356 0.138775 0.271456 -0.360348 0.615842 -0.752701 3.278329 -2.665041 1.622516
0.550000 0.433997 0.139389 0.270704 -0.357077 0.613175 -0.751057 3.264996 -2.669772 1.665225
0.551000 0.433642 0.140001 0.269954 -0.353818 0.610503 -0.749370 3.251634 -2.674830 1.707024
0.552000 0.433289 0.140610 0.269205 -0.350573 0.607825 -0.747643 3.238262 -2.680291 1.748018
0.553000 0.432941 0.141217 0.268459 -0.347342 0.605142 -0.745874 3.224816 -2.686103 1.788154
0.554000 0.432595 0.141820 0.267714 -0.344124 0.602453 -0.744066 3.211314 -2.692338 1.827529
0.555000 0.432252 0.142422 0.266970 -0.340919 0.599758 -0.742219 3.197879 -2.699187 1.866356
0.556000 0.431913 0.143020 0.266229 -0.337728 0.597055 -0.740334 3.184595 -2.706693 1.904635
0.557000 0.431577 0.143616 0.265490 -0.334550 0.594344 -0.738410 3.171464 -2.714727 1.942128
0.558000 0.431244 0.144209 0.264752 -0.331385 0.591625 -0.736449 3.158452 -2.723154 1.978622
0.559000 0.430914 0.144799 0.264017 -0.328233 0.588898 -0.734453 3.145461 -2.731839 2.013950
0.560000 0.430587 0.145386 0.263283 -0.325094 0.586162 -0.732421 3.132353 -2.740642 2.047966
0.561000 0.430264 0.145971 0.262552 -0.321968 0.583417 -0.730357 3.119099 -2.749595 2.080736
0.562000 0.429943 0.146553 0.261823 -0.318856 0.580662 -0.728260 3.105768 -2.758870 2.112516
0.563000 0.429626 0.147133 0.261095 -0.315757 0.577899 -0.726132 3.092369 -2.768515 2.143439
0.564000 0.429312 0.147709 0.260370 -0.312671 0.575125 -0.723973 3.078839 -2.778449 2.173501
0.565000 0.429001 0.148283 0.259648 -0.309599 0.572342 -0.721785 3.065189 -2.788716 2.202828
0.566000 0.428693 0.148854 0.258927 -0.306541 0.569548 -0.719567 3.051529 -2.799476 2.231645
0.567000 0.428388 0.149422 0.258208 -0.303496 0.566743 -0.717322 3.037936 -2.810744 2.259956
0.568000 0.428086 0.149987 0.257492 -0.300465 0.563926 -0.715048 3.024416 -2.822359 2.287541
0.569000 0.427787 0.150550 0.256778 -0.297447 0.561098 -0.712746 3.010938 -2.834159 2.314210
0.570000 0.427491 0.151109 0.256067 -0.294443 0.558258 -0.710419 2.997403 -2.845978 2.339832
0.571000 0.427198 0.151666 0.255357 -0.291452 0.555406 -0.708067 2.983681 -2.857647 2.364310
0.572000 0.426908 0.152220 0.254651 -0.288476 0.552543 -0.705691 2.969732 -2.869169 2.387740
0.573000 0.426621 0.152771 0.253946 -0.285513 0.549668 -0.703291 2.955616 -2.880696 2.410383
0.574000 0.426337 0.153320 0.253244 -0.282564 0.546781 -0.700870 2.941335 -2.892272 2.432377
0.575000 0.426056 0.153865 0.252544 -0.279630 0.543883 -0.698427 2.926829 -2.903820 2.453726
0.576000 0.425778 0.154407 0.251847 -0.276711 0.540974 -0.695962 2.912103 -2.915382 2.474561
0.577000 0.425502 0.154947 0.251152 -0.273806 0.538053 -0.693477 2.897255 -2.927119 2.495101
0.578000 0.425230 0.155483 0.250460 -0.270916 0.535120 -0.690972 2.882359 -2.939068 2.515353
0.579000 0.424961 0.156017 0.249770 -0.268041 0.532174 -0.688447 2.867441 -2.951139 2.535140
0.580000 0.424694 0.156548 0.249083 -0.265181 0.529217 -0.685902 2.852570 -2.963360 2.554461
0.581000 0.424430 0.157076 0.248399 -0.262336 0.526248 -0.683338 2.837831 -2.975861 2.573507
0.582000 0.424169 0.157600 0.247717 -0.259506 0.523266 -0.680755 2.823214 -2.988614 2.592340
0.583000 0.423911 0.158122 0.247037 -0.256690 0.520271 -0.678153 2.808619 -3.001425 2.610843
0.584000 0.423656 0.158641 0.246360 -0.253888 0.517263 -0.675533 2.793950 -3.014129 2.628914
0.585000 0.423403 0.159157 0.245686 -0.251102 0.514242 -0.672895 2.779124 -3.026618 2.646479
0.586000 0.423154 0.159669 0.245015 -0.248330 0.511209 -0.670240 2.764065 -3.038819 2.663476
0.587000 0.422907 0.160179 0.244346 -0.245574 0.508165 -0.667568 2.748777 -3.050793 2.680012
0.588000 0.422663 0.160686 0.243679 -0.242833 0.505108 -0.664880 2.733347 -3.062701 2.696300
0.589000 0.422421 0.161189 0.243016 -0.240107 0.502039 -0.662176 2.717845 -3.074577 2.712369
0.590000 0.422182 0.161690 0.242355 -0.237397 0.498959 -0.659455 2.702302 -3.086332 2.728083
0.591000 0.421946 0.162187 0.241697 -0.234702 0.495867 -0.656720 2.686781 -3.097990 2.743463
0.592000 0.421713 0.162681 0.241042 -0.232023 0.492763 -0.653968 2.671349 -3.109668 2.758703
0.593000 0.421482 0.163173 0.240389 -0.229360 0.489647 -0.651202 2.655968 -3.121334 2.773867
0.594000 0.421254 0.163661 0.239739 -0.226711 0.486520 -0.648421 2.640511 -3.132798 2.788844
0.595000 0.421029 0.164146 0.239092 -0.224079 0.483382 -0.645624 2.624875 -3.143907 2.803539
0.596000 0.420806 0.164628 0.238448 -0.221462 0.480232 -0.642814 2.608997 -3.154584 2.817883
0.597000 0.420586 0.165106 0.237807 -0.218861 0.477072 -0.639989 2.592841 -3.164790 2.831823
0.598000 0.420368 0.165582 0.237168 -0.216276 0.473903 -0.637150 2.576431 -3.174607 2.845462
0.599000 0.420153 0.166054 0.236532 -0.213708 0.470723 -0.634298 2.559848 -3.184192 2.859004
0.600000 0.419941 0.166523 0.235899 -0.211156 0.467534 -0.631432 2.543136 -3.193575 2.872475
0.601000 0.419731 0.166989 0.235269 -0.208622 0.464336 -0.628553 2.526298 -3.202667 2.885745
0.602000 0.419524 0.167452 0.234642 -0.206104 0.461129 -0.625661 2.509375 -3.211486 2.898831
0.603000 0.419319 0.167911 0.234018 -0.203603 0.457913 -0.622755 2.492435 -3.220134 2.911906
0.604000 0.419116 0.168368 0.233397 -0.201119 0.454689 -0.619837 2.475490 -3.228575 2.925006
0.605000 0.418917 0.168821 0.232778 -0.198652 0.451456 -0.616905 2.458499 -3.236640 2.938022
0.606000 0.418719 0.169271 0.232163 -0.196202 0.448215 -0.613961 2.441466 -3.244290 2.950988
0.607000 0.418524 0.169717 0.231550 -0.193769 0.444967 -0.611003 2.424440 -3.251648 2.964097
0.608000 0.418332 0.170160 0.230941 -0.191353 0.441712 -0.608032 2.407422 -3.258786 2.977426
0.609000 0.418141 0.170601 0.230334 -0.188954 0.438450 -0.605048 2.390353 -3.265672 2.990886
0.610000 0.417954 0.171037 0.229731 -0.186572 0.435181 -0.602051 2.373188 -3.272259 3.004371
0.611000 0.417768 0.171471 0.229130 -0.184208 0.431905 -0.599040 2.355911 -3.278484 3.017740
0.612000 0.417585 0.171901 0.228533 -0.181860 0.428624 -0.596015 2.338523 -3.284271 3.030830
0.613000 0.417405 0.172328 0.227938 -0.179531 0.425337 -0.592978 2.321063 -3.289656 3.043658
0.614000 0.417226 0.172752 0.227347 -0.177218 0.422045 -0.589928 2.303595 -3.294748 3.056395
0.615000 0.417050 0.173172 0.226758 -0.174923 0.418747 -0.586865 2.286132 -3.299529 3.069096
0.616000 0.416876 0.173589 0.226173 -0.172646 0.415445 -0.583790 2.268641 -3.303864 3.081689
0.617000 0.416705 0.174003 0.225591 -0.170386 0.412140 -0.580702 2.251128 -3.307732 3.094230
0.618000 0.416536 0.174414 0.225012 -0.168144 0.408830 -0.577601 2.233638 -3.311250 3.106909
0.619000 0.416369 0.174821 0.224436 -0.165919 0.405517 -0.574488 2.216173 -3.314485 3.119798
0.620000 0.416204 0.175225 0.223863 -0.163711 0.402201 -0.571362 2.198685 -3.317407 3.132814
0.621000 0.416041 0.175625 0.223293 -0.161522 0.398882 -0.568222 2.181140 -3.319979 3.145852
0.622000 0.415881 0.176022 0.222726 -0.159349 0.395561 -0.565070 2.163535 -3.322166 3.158773
0.623000 0.415722 0.176416 0.222163 -0.157194 0.392238 -0.561905 2.145878 -3.323924 3.171420
0.624000 0.415566 0.176807 0.221602 -0.155057 0.388913 -0.558727 2.128213 -3.325308 3.183798
0.625000 0.415412 0.177194 0.221045 -0.152938 0.385587 -0.555537 2.110590 -3.326422 3.196057
0.626000 0.415260 0.177578 0.220491 -0.150836 0.382260 -0.552335 2.092998 -3.327240 3.208221
0.627000 0.415111 0.177959 0.219941 -0.148752 0.378933 -0.549121 2.075383 -3.327628 3.220185
0.628000 0.414963 0.178336 0.219393 -0.146685 0.375605 -0.545895 2.057728 -3.327555 3.231971
0.629000 0.414817 0.178710 0.218849 -0.144637 0.372278 -0.542657 2.040065 -3.327135 3.243746
0.630000 0.414674 0.179081 0.218308 -0.142605 0.368951 -0.539407 2.022398 -3.326452 3.255575
0.631000 0.414532 0.179448 0.217770 -0.140592 0.365625 -0.536146 2.004693 -3.325508 3.267375
0.632000 0.414393 0.179812 0.217236 -0.138596 0.362300 -0.532872 1.986929 -3.324294 3.279043
0.633000 0.414255 0.180172 0.216704 -0.136618 0.358976 -0.529588 1.969115 -3.322782 3.290441
0.634000 0.414119 0.180530 0.216176 -0.134658 0.355654 -0.526292 1.951274 -3.320934 3.301413
0.635000 0.413986 0.180884 0.215652 -0.132715 0.352334 -0.522985 1.933454 -3.318792 3.311960
0.636000 0.413854 0.181234 0.215130 -0.130791 0.349017 -0.519668 1.915704 -3.316447 3.322225
0.637000 0.413724 0.181582 0.214612 -0.128884 0.345701 -0.516340 1.898018 -3.313866 3.332252
0.638000 0.413596 0.181926 0.214098 -0.126995 0.342389 -0.513003 1.880355 -3.310910 3.341967
0.639000 0.413470 0.182267 0.213586 -0.125123 0.339080 -0.509656 1.862703 -3.307544 3.351410
0.640000 0.413346 0.182604 0.213078 -0.123269 0.335774 -0.506300 1.845095 -3.303864 3.360733
0.641000 0.413223 0.182938 0.212574 -0.121433 0.332472 -0.502935 1.827541 -3.299947 3.369967
0.642000 0.413103 0.183269 0.212073 -0.119614 0.329174 -0.499560 1.810025 -3.295811 3.379027
0.643000 0.412984 0.183596 0.211575 -0.117813 0.325880 -0.496177 1.792557 -3.291533 3.387941
0.644000 0.412867 0.183921 0.211080 -0.116029 0.322591 -0.492784 1.775180 -3.287238 3.396856
0.645000 0.412752 0.184242 0.210589 -0.114263 0.319306 -0.489383 1.757927 -3.282972 3.405819
0.646000 0.412639 0.184559 0.210101 -0.112513 0.316025 -0.485973 1.740800 -3.278687 3.414735
0.647000 0.412527 0.184874 0.209617 -0.110781 0.312748 -0.482554 1.723793 -3.274316 3.423497
0.648000 0.412417 0.185185 0.209136 -0.109066 0.309476 -0.479126 1.706881 -3.269757 3.431983
0.649000 0.412309 0.185493 0.208659 -0.107367 0.306209 -0.475690 1.690031 -3.264888 3.440054
0.650000 0.412203 0.185797 0.208185 -0.105686 0.302947 -0.472246 1.673239 -3.259687 3.447717
0.651000 0.412098 0.186098 0.207714 -0.104021 0.299690 -0.468794 1.656527 -3.254238 3.455109
0.652000 0.411994 0.186397 0.207247 -0.102373 0.296438 -0.465335 1.639889 -3.248585 3.462276
0.653000 0.411893 0.186691 0.206784 -0.100741 0.293192 -0.461870 1.623289 -3.242711 3.469163
0.654000 0.411793 0.186983 0.206324 -0.099126 0.289953 -0.458397 1.606722 -3.236660 3.475815
0.655000 0.411695 0.187271 0.205867 -0.097528 0.286719 -0.454918 1.590224 -3.230532 3.482372
0.656000 0.411598 0.187556 0.205414 -0.095946 0.283492 -0.451432 1.573832 -3.224364 3.488873
0.657000 0.411503 0.187838 0.204964 -0.094380 0.280270 -0.447940 1.557566 -3.218108 3.495224
0.658000 0.411409 0.188117 0.204518 -0.092830 0.277055 -0.444442 1.541428 -3.211698 3.501328
0.659000 0.411317 0.188392 0.204075 -0.091297 0.273847 -0.440938 1.525385 -3.205032 3.507084
0.660000 0.411227 0.188665 0.203636 -0.089780 0.270645 -0.437428 1.509389 -3.197991 3.512389
0.661000 0.411138 0.188934 0.203200 -0.088278 0.267451 -0.433913 1.493420 -3.190546 3.517263
0.662000 0.411050 0.189200 0.202768 -0.086793 0.264264 -0.430393 1.477494 -3.182777 3.521838
0.663000 0.410964 0.189462 0.202340 -0.085323 0.261085 -0.426869 1.461612 -3.174746 3.526150
0.664000 0.410879 0.189722 0.201914 -0.083870 0.257915 -0.423341 1.445756 -3.166470 3.530141
0.665000 0.410796 0.189978 0.201493 -0.082432 0.254752 -0.419809 1.429931 -3.158011 3.533847
0.666000 0.410715 0.190231 0.201075 -0.081010 0.251599 -0.416273 1.414177 -3.149465 3.537404
0.667000 0.410634 0.190481 0.200660 -0.079603 0.248454 -0.412734 1.398543 -3.140864 3.540862
0.668000 0.410555 0.190728 0.200249 -0.078213 0.245317 -0.409192 1.383067 -3.132162 3.544163
0.669000 0.410478 0.190972 0.199842 -0.076837 0.242189 -0.405646 1.367760 -3.123293 3.547243
0.670000 0.410402 0.191212 0.199438 -0.075477 0.239070 -0.402097 1.352584 -3.114159 3.550035
0.671000 0.410327 0.191450 0.199038 -0.074132 0.235961 -0.398546 1.337476 -3.104642 3.552468
0.672000 0.410253 0.191684 0.198641 -0.072802 0.232861 -0.394992 1.322404 -3.094706 3.554579
0.673000 0.410181 0.191916 0.198248 -0.071487 0.229771 -0.391437 1.307378 -3.084418 3.556490
0.674000 0.410110 0.192144 0.197858 -0.070187 0.226692 -0.387879 1.292411 -3.073832 3.558231
0.675000 0.410041 0.192369 0.197472 -0.068903 0.223624 -0.384320 1.277503 -3.062968 3.559738
0.676000 0.409973 0.192591 0.197089 -0.067632 0.220566 -0.380760 1.262669 -3.051880 3.561037
0.677000 0.409906 0.192810 0.196710 -0.066377 0.217520 -0.377198 1.247933 -3.040651 3.562245
0.678000 0.409840 0.193026 0.196335 -0.065137 0.214485 -0.373635 1.233308 -3.029307 3.563404
0.679000 0.409775 0.193239 0.195963 -0.063911 0.211461 -0.370071 1.218788 -3.017820 3.564472
0.680000 0.409712 0.193449 0.195595 -0.062699 0.208449 -0.366506 1.204384 -3.006206 3.565485
0.681000 0.409650 0.193656 0.195230 -0.061502 0.205449 -0.362940 1.190114 -2.994517 3.566568
0.682000 0.409589 0.193860 0.194869 -0.060319 0.202460 -0.359373 1.175986 -2.982737 3.567777
0.683000 0.409529 0.194061 0.194511 -0.059150 0.199484 -0.355805 1.161988 -2.970784 3.569069
0.684000 0.409471 0.194259 0.194157 -0.057995 0.196519 -0.352235 1.148105 -2.958589 3.570389
0.685000 0.409413 0.194454 0.193807 -0.056854 0.193566 -0.348664 1.134324 -2.946110 3.571665
0.686000 0.409357 0.194646 0.193460 -0.055726 0.190627 -0.345092 1.120629 -2.933319 3.572812
0.687000 0.409302 0.194835 0.193117 -0.054612 0.187700 -0.341518 1.107021 -2.920241 3.573843
0.688000 0.409248 0.195022 0.192777 -0.053512 0.184786 -0.337944 1.093513 -2.906936 3.574871
0.689000 0.409195 0.195205 0.192441 -0.052425 0.181886 -0.334369 1.080103 -2.893425 3.575949
0.690000 0.409143 0.195385 0.192108 -0.051352 0.178999 -0.330792 1.066774 -2.879680 3.577067
0.691000 0.409092 0.195563 0.191779 -0.050292 0.176126 -0.327214 1.053524 -2.865713 3.578274
0.692000 0.409042 0.195738 0.191454 -0.049245 0.173268 -0.323636 1.040361 -2.851565 3.579678
0.693000 0.408994 0.195909 0.191132 -0.048211 0.170423 -0.320055 1.027279 -2.837218 3.581297
0.694000 0.408946 0.196078 0.190814 -0.047190 0.167593 -0.316473 1.014256 -2.822593 3.583054
0.695000 0.408899 0.196245 0.190499 -0.046183 0.164778 -0.312889 1.001277 -2.807637 3.584877
0.696000 0.408854 0.196408 0.190188 -0.045188 0.161978 -0.309303 0.988342 -2.792337 3.586706
0.697000 0.408809 0.196569 0.189880 -0.044206 0.159194 -0.305716 0.975458 -2.776707 3.588486
0.698000 0.408765 0.196726 0.189577 -0.043237 0.156425 -0.302126 0.962641 -2.760790 3.590244
0.699000 0.408722 0.196881 0.189276 -0.042281 0.153672 -0.298535 0.949913 -2.744649 3.592086
0.700000 0.408681 0.197034 0.188979 -0.041337 0.150935 -0.294942 0.937289 -2.728302 3.594055
0.701000 0.408640 0.197183 0.188686 -0.040406 0.148215 -0.291347 0.924776 -2.711725 3.596136
0.702000 0.408600 0.197330 0.188397 -0.039487 0.145512 -0.287750 0.912383 -2.694929 3.598367
0.703000 0.408561 0.197474 0.188111 -0.038581 0.142825 -0.284150 0.900120 -2.677943 3.600837
0.704000 0.408523 0.197616 0.187828 -0.037687 0.140156 -0.280548 0.887972 -2.660747 3.603554
0.705000 0.408485 0.197755 0.187550 -0.036805 0.137504 -0.276943 0.875908 -2.643275 3.606454
0.706000 0.408449 0.197891 0.187275 -0.035935 0.134870 -0.273335 0.863912 -2.625503 3.609539
0.707000 0.408413 0.198024 0.187003 -0.035077 0.132253 -0.269724 0.851988 -2.607461 3.612881
0.708000 0.408379 0.198155 0.186735 -0.034231 0.129655 -0.266109 0.840144 -2.589167 3.616500
0.709000 0.408345 0.198284 0.186471 -0.033397 0.127075 -0.262491 0.828378 -2.570614 3.620351
0.710000 0.408312 0.198409 0.186210 -0.032575 0.124513 -0.258869 0.816696 -2.551818 3.624446
0.711000 0.408280 0.198533 0.185953 -0.031764 0.121971 -0.255242 0.805111 -2.532831 3.628855
0.712000 0.408249 0.198653 0.185700 -0.030964 0.119448 -0.251611 0.793626 -2.513689 3.633585
0.713000 0.408218 0.198772 0.185450 -0.030177 0.116944 -0.247975 0.782238 -2.494409 3.638577
0.714000 0.408188 0.198887 0.185204 -0.029400 0.114459 -0.244334 0.770947 -2.475021 3.643830
0.715000 0.408159 0.199001 0.184961 -0.028635 0.111994 -0.240687 0.759753 -2.455555 3.649400
0.716000 0.408131 0.199111 0.184722 -0.027880 0.109548 -0.237035 0.748630 -2.435990 3.655278
0.717000 0.408103 0.199220 0.184487 -0.027137 0.107122 -0.233377 0.737539 -2.416258 3.661378
0.718000 0.408077 0.199326 0.184256 -0.026405 0.104715 -0.229712 0.726455 -2.396307 3.667617
0.719000 0.408051 0.199429 0.184028 -0.025684 0.102329 -0.226042 0.715384 -2.376112 3.673926
0.720000 0.408025 0.199530 0.183804 -0.024975 0.099963 -0.222364 0.704348 -2.355665 3.680239
0.721000 0.408001 0.199629 0.183583 -0.024276 0.097618 -0.218681 0.693370 -2.334982 3.686558
0.722000 0.407977 0.199725 0.183366 -0.023588 0.095293 -0.214991 0.682464 -2.314097 3.692934
0.723000 0.407953 0.199820 0.183153 -0.022911 0.092989 -0.211295 0.671627 -2.293025 3.699360
0.724000 0.407931 0.199911 0.182944 -0.022245 0.090707 -0.207593 0.660848 -2.271753 3.705773
0.725000 0.407909 0.200001 0.182738 -0.021589 0.088446 -0.203884 0.650122 -2.250289 3.712157
0.726000 0.407888 0.200088 0.182536 -0.020944 0.086206 -0.200168 0.639449 -2.228648 3.718540
0.727000 0.407867 0.200173 0.182337 -0.020310 0.083989 -0.196447 0.628824 -2.206809 3.724876
0.728000 0.407847 0.200256 0.182143 -0.019687 0.081793 -0.192719 0.618231 -2.184718 3.731051
0.729000 0.407828 0.200337 0.181952 -0.019074 0.079619 -0.188984 0.607666 -2.162352 3.737013
0.730000 0.407809 0.200415 0.181765 -0.018471 0.077468 -0.185244 0.597136 -2.139727 3.742775
0.731000 0.407791 0.200492 0.181582 -0.017880 0.075340 -0.181499 0.586658 -2.116863 3.748299
0.732000 0.407773 0.200566 0.181402 -0.017298 0.073234 -0.177748 0.576251 -2.093766 3.753492
0.733000 0.407756 0.200638 0.181226 -0.016727 0.071152 -0.173992 0.565929 -2.070453 3.758314
0.734000 0.407740 0.200708 0.181054 -0.016166 0.069093 -0.170231 0.555698 -2.046956 3.762783
0.735000 0.407724 0.200777 0.180886 -0.015616 0.067058 -0.166466 0.545551 -2.023287 3.766874
0.736000 0.407708 0.200843 0.180721 -0.015075 0.065047 -0.162698 0.535467 -1.999445 3.770513
0.737000 0.407694 0.200907 0.180560 -0.014545 0.063059 -0.158925 0.525436 -1.975437 3.773669
0.738000 0.407679 0.200969 0.180403 -0.014024 0.061096 -0.155150 0.515450 -1.951276 3.776344
0.739000 0.407666 0.201029 0.180250 -0.013514 0.059157 -0.151373 0.505498 -1.926941 3.778477
0.740000 0.407652 0.201087 0.180100 -0.013013 0.057242 -0.147593 0.495558 -1.902387 3.779932
0.741000 0.407640 0.201143 0.179955 -0.012523 0.055352 -0.143813 0.485617 -1.877574 3.780567
0.742000 0.407627 0.201198 0.179813 -0.012042 0.053487 -0.140032 0.475678 -1.852474 3.780240
0.743000 0.407616 0.201250 0.179675 -0.011571 0.051647 -0.136252 0.465751 -1.827067 3.778805
0.744000 0.407604 0.201301 0.179540 -0.011111 0.049833 -0.132474 0.455848 -1.801352 3.776180
0.745000 0.407593 0.201350 0.179410 -0.010660 0.048044 -0.128700 0.445979 -1.775348 3.772343
0.746000 0.407583 0.201397 0.179283 -0.010219 0.046282 -0.124930 0.436155 -1.749074 3.767228
0.747000 0.407573 0.201443 0.179160 -0.009787 0.044546 -0.121165 0.426387 -1.722541 3.760723
0.748000 0.407563 0.201486 0.179041 -0.009366 0.042837 -0.117408 0.416682 -1.695765 3.752754
0.749000 0.407554 0.201528 0.178925 -0.008954 0.041155 -0.113660 0.407039 -1.668759 3.743284
0.750000 0.407545 0.201569 0.178813 -0.008552 0.039500 -0.109922 0.397443 -1.641510 3.732211
0.751000 0.407537 0.201607 0.178705 -0.008159 0.037872 -0.106196 0.387868 -1.613990 3.719371
0.752000 0.407529 0.201644 0.178601 -0.007776 0.036272 -0.102483 0.378296 -1.586181 3.704654
0.753000 0.407521 0.201680 0.178500 -0.007402 0.034699 -0.098786 0.368726 -1.558078 3.688009
0.754000 0.407514 0.201714 0.178403 -0.007039 0.033155 -0.095107 0.359163 -1.529663 3.669341
0.755000 0.407507 0.201746 0.178310 -0.006684 0.031640 -0.091448 0.349614 -1.500901 3.648507
0.756000 0.407501 0.201777 0.178220 -0.006339 0.030154 -0.087810 0.340085 -1.471769 3.625408
0.757000 0.407495 0.201806 0.178134 -0.006004 0.028697 -0.084197 0.330584 -1.442269 3.599989
0.758000 0.407489 0.201834 0.178052 -0.005678 0.027269 -0.080610 0.321116 -1.412399 3.572143
0.759000 0.407483 0.201861 0.177973 -0.005362 0.025872 -0.077052 0.311687 -1.382154 3.541711
0.760000 0.407478 0.201886 0.177898 -0.005055 0.024505 -0.073527 0.302302 -1.351530 3.508581
0.761000 0.407473 0.201910 0.177826 -0.004757 0.023169 -0.070035 0.292967 -1.320521 3.472683
0.762000 0.407469 0.201932 0.177758 -0.004469 0.021864 -0.066581 0.283685 -1.289098 3.433897
0.763000 0.407464 0.201954 0.177693 -0.004190 0.020590 -0.063167 0.274462 -1.257215 3.392051
0.764000 0.407460 0.201974 0.177631 -0.003920 0.019349 -0.059797 0.265302 -1.224841 3.347030
0.765000 0.407456 0.201992 0.177573 -0.003659 0.018141 -0.056473 0.256209 -1.191975 3.298811
0.766000 0.407453 0.202010 0.177519 -0.003407 0.016965 -0.053200 0.247186 -1.158632 3.247368
0.767000 0.407450 0.202026 0.177467 -0.003165 0.015824 -0.049979 0.238235 -1.124825 3.192565
0.768000 0.407447 0.202042 0.177419 -0.002931 0.014716 -0.046814 0.229350 -1.090551 3.134153
0.769000 0.407444 0.202056 0.177373 -0.002706 0.013642 -0.043710 0.220507 -1.055773 3.071849
0.770000 0.407441 0.202069 0.177331 -0.002490 0.012604 -0.040671 0.211676 -1.020438 3.005422
0.771000 0.407439 0.202081 0.177292 -0.002283 0.011602 -0.037700 0.202832 -0.984504 2.934734
0.772000 0.407437 0.202092 0.177256 -0.002084 0.010635 -0.034801 0.193969 -0.947955 2.859693
0.773000 0.407435 0.202102 0.177222 -0.001895 0.009706 -0.031980 0.185087 -0.910770 2.780145
0.774000 0.407433 0.202111 0.177192 -0.001714 0.008814 -0.029241 0.176187 -0.872928 2.695884
0.775000 0.407431 0.202120 0.177164 -0.001542 0.007960 -0.026588 0.167272 -0.834408 2.606753
0.776000 0.407430 0.202127 0.177139 -0.001380 0.007145 -0.024027 0.158342 -0.795199 2.512645
0.777000 0.407428 0.202134 0.177116 -0.001226 0.006369 -0.021563 0.149400 -0.755281 2.413421
0.778000 0.407427 0.202140 0.177096 -0.001081 0.005634 -0.019201 0.140447 -0.714625 2.308889
0.779000 0.407426 0.202145 0.177077 -0.000945 0.004940 -0.016945 0.131484 -0.673203 2.198853
0.780000 0.407425 0.202150 0.177062 -0.000818 0.004288 -0.014803 0.122511 -0.630982 2.083119
0.781000 0.407425 0.202154 0.177048 -0.000700 0.003678 -0.012779 0.113530 -0.587932 1.961486
0.782000 0.407424 0.202157 0.177036 -0.000591 0.003112 -0.010880 0.104540 -0.544029 1.833806
0.783000 0.407423 0.202160 0.177026 -0.000491 0.002590 -0.009111 0.095531 -0.499257 1.699967
0.784000 0.407423 0.202162 0.177018 -0.000400 0.002113 -0.007480 0.086479 -0.453590 1.559817
0.785000 0.407423 0.202164 0.177011 -0.000318 0.001683 -0.005992 0.077348 -0.406999 1.413160
0.786000 0.407422 0.202166 0.177006 -0.000245 0.001299 -0.004654 0.036380 -0.191734 0.669090
0.787000 0.407422 0.202167 0.177002 -0.000245 0.001299 -0.004654 0.036380 -0.191734 0.669090
