0.000000 0.669968 -0.194546 0.137298 0.014021 -0.011946 0.022869 -0.038228 -0.041683 0.839949
0.001000 0.669982 -0.194558 0.137320 0.014021 -0.011946 0.022869 -0.038228 -0.041683 0.839949
0.002000 0.669996 -0.194570 0.137344 0.013945 -0.012029 0.024549 -0.084995 -0.079190 1.706133
0.003000 0.670010 -0.194582 0.137369 0.013851 -0.012104 0.026281 -0.102343 -0.070609 1.758925
0.004000 0.670023 -0.194594 0.137396 0.013740 -0.012170 0.028067 -0.120221 -0.061566 1.812337
0.005000 0.670037 -0.194607 0.137425 0.013611 -0.012227 0.029906 -0.138619 -0.052051 1.866336
0.006000 0.670051 -0.194619 0.137456 0.013463 -0.012274 0.031799 -0.157539 -0.042051 1.920935
0.007000 0.670064 -0.194631 0.137489 0.013296 -0.012311 0.033748 -0.176992 -0.031555 1.976170
0.008000 0.670077 -0.194643 0.137524 0.013109 -0.012338 0.035752 -0.196992 -0.020551 2.032061
0.009000 0.670090 -0.194656 0.137561 0.012902 -0.012352 0.037812 -0.217551 -0.009038 2.088606
0.010000 0.670103 -0.194668 0.137599 0.012674 -0.012356 0.039929 -0.238683 0.002970 2.145797
0.011000 0.670116 -0.194680 0.137640 0.012424 -0.012347 0.042104 -0.260399 0.015450 2.203631
0.012000 0.670128 -0.194693 0.137684 0.012153 -0.012325 0.044336 -0.282710 0.028391 2.262096
0.013000 0.670140 -0.194705 0.137729 0.011859 -0.012290 0.046628 -0.305618 0.041793 2.321182
0.014000 0.670152 -0.194717 0.137777 0.011542 -0.012241 0.048979 -0.329108 0.055667 2.380896
0.015000 0.670163 -0.194730 0.137827 0.011201 -0.012178 0.051390 -0.353159 0.070024 2.441259
0.016000 0.670174 -0.194742 0.137880 0.010836 -0.012101 0.053861 -0.377754 0.084877 2.502276
0.017000 0.670185 -0.194754 0.137935 0.010445 -0.012009 0.056394 -0.402883 0.100237 2.563926
0.018000 0.670195 -0.194766 0.137992 0.010030 -0.011901 0.058989 -0.428529 0.116116 2.626183
0.019000 0.670205 -0.194778 0.138053 0.009588 -0.011776 0.061646 -0.454669 0.132526 2.689025
0.020000 0.670214 -0.194789 0.138116 0.009120 -0.011636 0.064367 -0.481284 0.149478 2.752421
0.021000 0.670223 -0.194801 0.138181 0.008626 -0.011477 0.067151 -0.508363 0.166984 2.816329
0.022000 0.670231 -0.194812 0.138250 0.008104 -0.011302 0.070000 -0.535888 0.185054 2.880712
0.023000 0.670239 -0.194823 0.138321 0.007554 -0.011107 0.072913 -0.563832 0.203701 2.945539
0.024000 0.670246 -0.194834 0.138396 0.006976 -0.010894 0.075891 -0.592180 0.222933 3.010769
0.025000 0.670253 -0.194845 0.138473 0.006370 -0.010661 0.078934 -0.620926 0.242750 3.076370
0.026000 0.670259 -0.194856 0.138554 0.005734 -0.010409 0.082044 -0.650077 0.263139 3.142347
0.027000 0.670265 -0.194866 0.138637 0.005069 -0.010135 0.085219 -0.679637 0.284075 3.208722
0.028000 0.670269 -0.194876 0.138724 0.004375 -0.009841 0.088461 -0.709611 0.305542 3.275494
0.029000 0.670273 -0.194886 0.138814 0.003650 -0.009524 0.091770 -0.739993 0.327542 3.342629
0.030000 0.670277 -0.194895 0.138908 0.002895 -0.009185 0.095146 -0.770761 0.350081 3.410095
0.031000 0.670279 -0.194904 0.139005 0.002109 -0.008824 0.098590 -0.801884 0.373168 3.477869
0.032000 0.670281 -0.194913 0.139105 0.001291 -0.008439 0.102102 -0.833340 0.396812 3.545912
0.033000 0.670282 -0.194921 0.139209 0.000442 -0.008030 0.105682 -0.865119 0.421022 3.614165
0.034000 0.670282 -0.194929 0.139316 -0.000439 -0.007597 0.109330 -0.897220 0.445806 3.682582
0.035000 0.670281 -0.194936 0.139427 -0.001352 -0.007139 0.113047 -0.929644 0.471171 3.751126
0.036000 0.670279 -0.194943 0.139542 -0.002298 -0.006655 0.116833 -0.962390 0.497124 3.819748
0.037000 0.670276 -0.194949 0.139661 -0.003277 -0.006144 0.120687 -0.995455 0.523672 3.888407
0.038000 0.670272 -0.194955 0.139784 -0.004289 -0.005607 0.124609 -1.028838 0.550822 3.957119
0.039000 0.670268 -0.194961 0.139910 -0.005335 -0.005043 0.128601 -1.062535 0.578579 4.025934
0.040000 0.670262 -0.194965 0.140041 -0.006414 -0.004450 0.132661 -1.096540 0.606948 4.094861
0.041000 0.670255 -0.194970 0.140176 -0.007528 -0.003829 0.136791 -1.130848 0.635933 4.163854
0.042000 0.670247 -0.194973 0.140314 -0.008676 -0.003178 0.140989 -1.165452 0.665540 4.232867
0.043000 0.670237 -0.194976 0.140458 -0.009859 -0.002498 0.145256 -1.200345 0.695770 4.301871
0.044000 0.670227 -0.194978 0.140605 -0.011077 -0.001787 0.149593 -1.235517 0.726628 4.370835
0.045000 0.670215 -0.194980 0.140757 -0.012330 -0.001045 0.153998 -1.270958 0.758115 4.439722
0.046000 0.670202 -0.194980 0.140913 -0.013619 -0.000271 0.158472 -1.306656 0.790232 4.508491
0.047000 0.670188 -0.194980 0.141074 -0.014943 0.000536 0.163015 -1.342600 0.822980 4.577075
0.048000 0.670172 -0.194979 0.141239 -0.016304 0.001375 0.167626 -1.378774 0.856359 4.645412
0.049000 0.670155 -0.194977 0.141409 -0.017701 0.002249 0.172306 -1.415165 0.890368 4.713496
0.050000 0.670137 -0.194975 0.141584 -0.019134 0.003156 0.177053 -1.451754 0.925005 4.781368
0.051000 0.670117 -0.194971 0.141763 -0.020604 0.004099 0.181869 -1.488527 0.960266 4.849016
0.052000 0.670096 -0.194966 0.141947 -0.022111 0.005077 0.186751 -1.525473 0.996137 4.916367
0.053000 0.670073 -0.194961 0.142137 -0.023655 0.006091 0.191701 -1.562598 1.032588 4.983355
0.054000 0.670049 -0.194954 0.142331 -0.025236 0.007142 0.196718 -1.599913 1.069580 5.049929
0.055000 0.670023 -0.194947 0.142530 -0.026855 0.008230 0.201801 -1.637421 1.107081 5.116010
0.056000 0.669995 -0.194938 0.142734 -0.028511 0.009356 0.206950 -1.675105 1.145085 5.181485
0.057000 0.669966 -0.194928 0.142944 -0.030205 0.010520 0.212164 -1.712941 1.183607 5.246264
0.058000 0.669934 -0.194917 0.143159 -0.031937 0.011723 0.217443 -1.750900 1.222671 5.310278
0.059000 0.669902 -0.194904 0.143379 -0.033707 0.012966 0.222785 -1.788953 1.262292 5.373435
0.060000 0.669867 -0.194891 0.143604 -0.035515 0.014248 0.228189 -1.827078 1.302468 5.435641
0.061000 0.669831 -0.194876 0.143835 -0.037361 0.015570 0.233656 -1.865268 1.343188 5.496888
0.062000 0.669792 -0.194860 0.144072 -0.039246 0.016934 0.239183 -1.903521 1.384437 5.557223
0.063000 0.669752 -0.194842 0.144314 -0.041168 0.018339 0.244770 -1.941827 1.426198 5.616633
0.064000 0.669710 -0.194823 0.144561 -0.043129 0.019787 0.250416 -1.980178 1.468456 5.675044
0.065000 0.669666 -0.194802 0.144814 -0.045129 0.021276 0.256120 -2.018587 1.511192 5.732435
0.066000 0.669620 -0.194780 0.145073 -0.047166 0.022809 0.261881 -2.057077 1.554384 5.788829
0.067000 0.669572 -0.194757 0.145338 -0.049243 0.024385 0.267698 -2.095658 1.598014 5.844189
0.068000 0.669521 -0.194732 0.145609 -0.051358 0.026005 0.273570 -2.134312 1.642069 5.898412
0.069000 0.669469 -0.194705 0.145885 -0.053511 0.027669 0.279495 -2.173020 1.686549 5.951425
0.070000 0.669414 -0.194676 0.146168 -0.055704 0.029378 0.285473 -2.211763 1.731463 6.003196
0.071000 0.669357 -0.194646 0.146456 -0.057935 0.031132 0.291501 -2.250519 1.776808 6.053646
0.072000 0.669298 -0.194614 0.146751 -0.060205 0.032932 0.297580 -2.289261 1.822577 6.102666
0.073000 0.669237 -0.194580 0.147051 -0.062513 0.034777 0.303707 -2.327985 1.868765 6.150237
0.074000 0.669173 -0.194545 0.147358 -0.064861 0.036669 0.309880 -2.366700 1.915373 6.196405
0.075000 0.669107 -0.194507 0.147671 -0.067247 0.038608 0.316099 -2.405398 1.962392 6.241143
0.076000 0.669039 -0.194467 0.147990 -0.069672 0.040594 0.322363 -2.444055 2.009796 6.284350
0.077000 0.668968 -0.194426 0.148316 -0.072135 0.042628 0.328668 -2.482659 2.057548 6.325988
0.078000 0.668895 -0.194382 0.148648 -0.074637 0.044709 0.335015 -2.521209 2.105606 6.366078
0.079000 0.668819 -0.194336 0.148986 -0.077177 0.046839 0.341400 -2.559688 2.153931 6.404569
0.080000 0.668740 -0.194288 0.149330 -0.079756 0.049017 0.347824 -2.598062 2.202488 6.441324
0.081000 0.668659 -0.194238 0.149682 -0.082374 0.051244 0.354283 -2.636309 2.251255 6.476254
0.082000 0.668575 -0.194186 0.150039 -0.085029 0.053519 0.360776 -2.674424 2.300222 6.509345
0.083000 0.668489 -0.194131 0.150403 -0.087722 0.055844 0.367302 -2.712405 2.349383 6.540623
0.084000 0.668400 -0.194074 0.150774 -0.090454 0.058218 0.373857 -2.750267 2.398746 6.570181
0.085000 0.668308 -0.194015 0.151151 -0.093223 0.060642 0.380442 -2.788027 2.448325 6.598148
0.086000 0.668214 -0.193953 0.151535 -0.096030 0.063115 0.387054 -2.825677 2.498115 6.624539
0.087000 0.668116 -0.193889 0.151925 -0.098874 0.065638 0.393691 -2.863187 2.548086 6.649264
0.088000 0.668016 -0.193822 0.152322 -0.101756 0.068211 0.400352 -2.900544 2.598203 6.672324
0.089000 0.667913 -0.193752 0.152726 -0.104675 0.070834 0.407036 -2.937750 2.648436 6.693809
0.090000 0.667806 -0.193680 0.153136 -0.107632 0.073508 0.413740 -2.974788 2.698748 6.713704
0.091000 0.667697 -0.193605 0.153553 -0.110625 0.076232 0.420463 -3.011616 2.749108 6.731883
0.092000 0.667585 -0.193528 0.153977 -0.113655 0.079006 0.427204 -3.048207 2.799521 6.748297
0.093000 0.667470 -0.193447 0.154407 -0.116721 0.081831 0.433960 -3.084556 2.850015 6.762974
0.094000 0.667352 -0.193364 0.154845 -0.119824 0.084706 0.440730 -3.120633 2.900591 6.775854
0.095000 0.667230 -0.193278 0.155289 -0.122963 0.087632 0.447511 -3.156395 2.951218 6.786818
0.096000 0.667106 -0.193189 0.155740 -0.126137 0.090609 0.454303 -3.191829 3.001869 6.795887
0.097000 0.666978 -0.193096 0.156198 -0.129346 0.093636 0.461103 -3.226950 3.052525 6.803201
0.098000 0.666847 -0.193001 0.156662 -0.132591 0.096714 0.467910 -3.261743 3.103153 6.808774
0.099000 0.666713 -0.192903 0.157133 -0.135870 0.099842 0.474721 -3.296162 3.153711 6.812502
0.100000 0.666575 -0.192802 0.157611 -0.139183 0.103021 0.481535 -3.330184 3.204182 6.814387
0.101000 0.666435 -0.192697 0.158096 -0.142530 0.106250 0.488350 -3.363812 3.254570 6.814542
0.102000 0.666290 -0.192589 0.158588 -0.145911 0.109530 0.495164 -3.397017 3.304856 6.812954
0.103000 0.666143 -0.192478 0.159087 -0.149324 0.112860 0.501975 -3.429740 3.355006 6.809481
0.104000 0.665992 -0.192363 0.159592 -0.152770 0.116240 0.508783 -3.461946 3.405018 6.804074
0.105000 0.665837 -0.192245 0.160104 -0.156248 0.119670 0.515584 -3.493624 3.454918 6.796784
0.106000 0.665679 -0.192124 0.160623 -0.159757 0.123150 0.522376 -3.524735 3.504696 6.787556
0.107000 0.665518 -0.191999 0.161149 -0.163298 0.126680 0.529159 -3.555227 3.554308 6.776261
0.108000 0.665353 -0.191871 0.161682 -0.166868 0.130259 0.535929 -3.585103 3.603713 6.762950
0.109000 0.665184 -0.191739 0.162221 -0.170468 0.133887 0.542685 -3.614405 3.652889 6.747817
0.110000 0.665012 -0.191603 0.162767 -0.174097 0.137564 0.549424 -3.643131 3.701791 6.730907
0.111000 0.664836 -0.191464 0.163320 -0.177754 0.141291 0.556146 -3.671225 3.750357 6.712104
0.112000 0.664656 -0.191320 0.163879 -0.181439 0.145065 0.562849 -3.698654 3.798559 6.691417
0.113000 0.664473 -0.191173 0.164445 -0.185151 0.148888 0.569529 -3.725411 3.846393 6.668979
0.114000 0.664286 -0.191023 0.165018 -0.188890 0.152758 0.576187 -3.751457 3.893827 6.644779
0.115000 0.664095 -0.190868 0.165598 -0.192654 0.156675 0.582819 -3.776721 3.940817 6.618646
0.116000 0.663901 -0.190709 0.166184 -0.196443 0.160640 0.589424 -3.801179 3.987372 6.590508
0.117000 0.663702 -0.190547 0.166777 -0.200257 0.164650 0.596000 -3.824845 4.033541 6.560407
0.118000 0.663500 -0.190380 0.167376 -0.204093 0.168707 0.602545 -3.847693 4.079328 6.528266
0.119000 0.663294 -0.190209 0.167982 -0.207952 0.172809 0.609056 -3.869668 4.124694 6.493938
0.120000 0.663084 -0.190034 0.168594 -0.211832 0.176956 0.615533 -3.890783 4.169636 6.457503
0.121000 0.662870 -0.189855 0.169213 -0.215734 0.181148 0.621971 -3.911119 4.214195 6.419251
0.122000 0.662653 -0.189672 0.169838 -0.219655 0.185384 0.628371 -3.930741 4.258402 6.379440
0.123000 0.662431 -0.189484 0.170470 -0.223595 0.189665 0.634730 -3.949698 4.302266 6.338278
0.124000 0.662205 -0.189293 0.171108 -0.227554 0.193989 0.641048 -3.968025 4.345784 6.295939
0.125000 0.661976 -0.189097 0.171752 -0.231531 0.198356 0.647322 -3.985693 4.388911 6.252400
0.126000 0.661742 -0.188896 0.172402 -0.235525 0.202767 0.653552 -4.002620 4.431587 6.207482
0.127000 0.661505 -0.188691 0.173059 -0.239536 0.207220 0.659737 -4.018770 4.473831 6.161149
0.128000 0.661263 -0.188482 0.173722 -0.243563 0.211714 0.665875 -4.034148 4.515714 6.113509
0.129000 0.661018 -0.188268 0.174391 -0.247605 0.216251 0.671964 -4.048714 4.557248 6.064523
0.130000 0.660768 -0.188049 0.175066 -0.251660 0.220829 0.678004 -4.062390 4.598377 6.014039
0.131000 0.660514 -0.187826 0.175747 -0.255729 0.225448 0.683992 -4.075175 4.639080 5.962124
0.132000 0.660257 -0.187598 0.176434 -0.259811 0.230107 0.689928 -4.087128 4.679378 5.909033
0.133000 0.659995 -0.187366 0.177126 -0.263904 0.234807 0.695810 -4.098242 4.719239 5.854827
0.134000 0.659729 -0.187129 0.177825 -0.268007 0.239546 0.701638 -4.108446 4.758578 5.799361
0.135000 0.659459 -0.186887 0.178530 -0.272121 0.244324 0.707409 -4.117725 4.797356 5.742639
0.136000 0.659185 -0.186640 0.179240 -0.276243 0.249140 0.713123 -4.126122 4.835574 5.684822
0.137000 0.658906 -0.186388 0.179956 -0.280373 0.253995 0.718779 -4.133616 4.873188 5.625897
0.138000 0.658624 -0.186132 0.180678 -0.284510 0.258887 0.724375 -4.140130 4.910124 5.565654
0.139000 0.658337 -0.185871 0.181405 -0.288653 0.263815 0.729910 -4.145658 4.946402 5.504019
0.140000 0.658047 -0.185604 0.182137 -0.292801 0.268779 0.735383 -4.150261 4.982105 5.441066
0.141000 0.657752 -0.185333 0.182875 -0.296954 0.273779 0.740792 -4.153931 5.017246 5.376717
0.142000 0.657453 -0.185057 0.183619 -0.301109 0.278814 0.746136 -4.156593 5.051766 5.310795
0.143000 0.657149 -0.184775 0.184368 -0.305267 0.283883 0.751414 -4.158254 5.085667 5.243378
0.144000 0.656842 -0.184489 0.185122 -0.309426 0.288985 0.756623 -4.158993 5.119014 5.174755
0.145000 0.656531 -0.184197 0.185881 -0.313585 0.294121 0.761763 -4.158809 5.151798 5.105004
0.146000 0.656215 -0.183901 0.186645 -0.317743 0.299289 0.766833 -4.157623 5.183930 5.033965
0.147000 0.655895 -0.183599 0.187415 -0.321900 0.304489 0.771831 -4.155426 5.215365 4.961633
0.148000 0.655571 -0.183292 0.188189 -0.326054 0.309720 0.776756 -4.152280 5.246117 4.888176
0.149000 0.655243 -0.182979 0.188968 -0.330205 0.314981 0.781607 -4.148170 5.276135 4.813574
0.150000 0.654911 -0.182662 0.189752 -0.334350 0.320272 0.786383 -4.143011 5.305328 4.737618
0.151000 0.654574 -0.182339 0.190541 -0.338491 0.325592 0.791083 -4.136804 5.333709 4.660279
0.152000 0.654234 -0.182011 0.191334 -0.342624 0.330939 0.795704 -4.129629 5.361372 4.581706
0.153000 0.653889 -0.181677 0.192132 -0.346750 0.336314 0.800246 -4.121483 5.388320 4.501867
0.154000 0.653540 -0.181338 0.192935 -0.350867 0.341716 0.804708 -4.112283 5.414464 4.420576
0.155000 0.653187 -0.180994 0.193742 -0.354974 0.347143 0.809087 -4.102043 5.439773 4.337886
0.156000 0.652830 -0.180644 0.194553 -0.359071 0.352596 0.813383 -4.090860 5.464287 4.254066
0.157000 0.652469 -0.180288 0.195369 -0.363156 0.358072 0.817595 -4.078741 5.487963 4.169165
0.158000 0.652104 -0.179928 0.196188 -0.367229 0.363571 0.821722 -4.065597 5.510680 4.082998
0.159000 0.651735 -0.179561 0.197012 -0.371287 0.369093 0.825761 -4.051427 5.532385 3.995561
0.160000 0.651361 -0.179189 0.197840 -0.375331 0.374636 0.829713 -4.036334 5.553118 3.907083
0.161000 0.650984 -0.178812 0.198671 -0.379360 0.380199 0.833576 -4.020420 5.572941 3.817783
0.162000 0.650603 -0.178429 0.199507 -0.383372 0.385782 0.837349 -4.003780 5.591955 3.727860
0.163000 0.650217 -0.178040 0.200346 -0.387368 0.391383 0.841031 -3.986506 5.610281 3.637502
0.164000 0.649828 -0.177646 0.201189 -0.391345 0.397003 0.844624 -3.968581 5.627920 3.546658
0.165000 0.649435 -0.177246 0.202035 -0.395305 0.402639 0.848125 -3.949909 5.644775 3.455119
0.166000 0.649037 -0.176841 0.202885 -0.399245 0.408292 0.851534 -3.930513 5.660836 3.362925
0.167000 0.648636 -0.176430 0.203738 -0.403166 0.413961 0.854850 -3.910514 5.676184 3.270333
0.168000 0.648231 -0.176013 0.204595 -0.407066 0.419645 0.858074 -3.889930 5.690797 3.177382
0.169000 0.647822 -0.175590 0.205455 -0.410946 0.425342 0.861205 -3.868672 5.704545 3.083879
0.170000 0.647409 -0.175162 0.206317 -0.414803 0.431054 0.864242 -3.846750 5.717371 2.989831
0.171000 0.646992 -0.174728 0.207183 -0.418639 0.436777 0.867185 -3.824270 5.729300 2.895451
0.172000 0.646572 -0.174289 0.208052 -0.422452 0.442512 0.870033 -3.801238 5.740269 2.800739
0.173000 0.646148 -0.173843 0.208923 -0.426242 0.448258 0.872786 -3.777558 5.750156 2.705482
0.174000 0.645719 -0.173392 0.209797 -0.430007 0.454013 0.875444 -3.753252 5.758983 2.609672
0.175000 0.645288 -0.172935 0.210674 -0.433748 0.459776 0.878006 -3.728445 5.766887 2.513511
0.176000 0.644852 -0.172473 0.211553 -0.437464 0.465546 0.880471 -3.703153 5.773885 2.416993
0.177000 0.644413 -0.172004 0.212435 -0.441154 0.471324 0.882840 -3.677276 5.779875 2.319912
0.178000 0.643970 -0.171530 0.213319 -0.444819 0.477106 0.885111 -3.650822 5.784860 2.222303
0.179000 0.643523 -0.171050 0.214205 -0.448456 0.482893 0.887284 -3.623903 5.788958 2.124426
0.180000 0.643073 -0.170564 0.215093 -0.452066 0.488684 0.889360 -3.596520 5.792158 2.026314
0.181000 0.642619 -0.170073 0.215984 -0.455649 0.494478 0.891337 -3.568559 5.794314 1.927764
0.182000 0.642161 -0.169575 0.216876 -0.459203 0.500273 0.893215 -3.540012 5.795358 1.828779
0.183000 0.641700 -0.169072 0.217770 -0.462729 0.506068 0.894994 -3.511008 5.795348 1.729632
0.184000 0.641236 -0.168563 0.218666 -0.466225 0.511863 0.896675 -3.481678 5.794368 1.630582
0.185000 0.640768 -0.168048 0.219564 -0.469692 0.517657 0.898256 -3.452165 5.792561 1.531874
0.186000 0.640297 -0.167528 0.220463 -0.473130 0.523448 0.899738 -3.422619 5.790096 1.433741
0.187000 0.639822 -0.167001 0.221363 -0.476538 0.529237 0.901123 -3.393044 5.786983 1.336156
0.188000 0.639343 -0.166469 0.222265 -0.479916 0.535022 0.902411 -3.363335 5.783096 1.238904
0.189000 0.638862 -0.165931 0.223168 -0.483264 0.540803 0.903601 -3.333514 5.778434 1.142026
0.190000 0.638377 -0.165388 0.224072 -0.486583 0.546579 0.904695 -3.303722 5.773117 1.045797
0.191000 0.637889 -0.164838 0.224977 -0.489872 0.552350 0.905693 -3.273978 5.767131 0.950257
0.192000 0.637397 -0.164283 0.225883 -0.493131 0.558114 0.906595 -3.244172 5.760305 0.855185
0.193000 0.636902 -0.163722 0.226791 -0.496360 0.563870 0.907403 -3.214314 5.752566 0.760547
0.194000 0.636404 -0.163155 0.227698 -0.499559 0.569619 0.908116 -3.184535 5.743944 0.666513
0.195000 0.635903 -0.162583 0.228607 -0.502729 0.575358 0.908736 -3.154838 5.734359 0.573042
0.196000 0.635399 -0.162005 0.229516 -0.505869 0.581087 0.909262 -3.125103 5.723649 0.479893
0.197000 0.634892 -0.161421 0.230425 -0.508979 0.586805 0.909696 -3.095328 5.711841 0.387047
0.198000 0.634381 -0.160831 0.231335 -0.512060 0.592511 0.910036 -3.065629 5.699114 0.294707
0.199000 0.633867 -0.160236 0.232245 -0.515111 0.598204 0.910285 -3.036002 5.685489 0.202857
0.200000 0.633351 -0.159635 0.233156 -0.518132 0.603882 0.910442 -3.006323 5.670825 0.111274
0.201000 0.632831 -0.159028 0.234066 -0.521123 0.609545 0.910508 -2.976604 5.655108 0.019966
0.202000 0.632309 -0.158415 0.234977 -0.524085 0.615192 0.910482 -2.946983 5.638462 -0.070833
0.203000 0.631783 -0.157797 0.235887 -0.527017 0.620822 0.910366 -2.917466 5.620859 -0.161114
0.204000 0.631255 -0.157174 0.236797 -0.529920 0.626434 0.910160 -2.887918 5.602114 -0.251102
0.205000 0.630723 -0.156545 0.237708 -0.532793 0.632026 0.909864 -2.858317 5.582167 -0.340812
0.206000 0.630189 -0.155910 0.238617 -0.535637 0.637598 0.909478 -2.828755 5.561082 -0.430042
0.207000 0.629652 -0.155269 0.239526 -0.538451 0.643149 0.909004 -2.799204 5.538796 -0.518811
0.208000 0.629112 -0.154623 0.240435 -0.541235 0.648676 0.908441 -2.769518 5.515142 -0.607362
0.209000 0.628569 -0.153972 0.241343 -0.543990 0.654179 0.907789 -2.739686 5.490162 -0.695736
0.210000 0.628024 -0.153315 0.242251 -0.546714 0.659656 0.907049 -2.709824 5.464071 -0.783765
0.211000 0.627476 -0.152653 0.243157 -0.549409 0.665107 0.906221 -2.679919 5.436905 -0.871485
0.212000 0.626925 -0.151985 0.244063 -0.552074 0.670530 0.905306 -2.649835 5.408508 -0.959129
0.213000 0.626372 -0.151312 0.244968 -0.554709 0.675924 0.904303 -2.619577 5.378859 -1.046684
0.214000 0.625816 -0.150633 0.245872 -0.557313 0.681288 0.903213 -2.589319 5.348123 -1.133859
0.215000 0.625257 -0.149949 0.246774 -0.559888 0.686620 0.902035 -2.559223 5.316459 -1.220388
0.216000 0.624696 -0.149260 0.247676 -0.562432 0.691921 0.900772 -2.529431 5.284021 -1.306048
0.217000 0.624132 -0.148565 0.248576 -0.564946 0.697188 0.899423 -2.500079 5.250959 -1.390643
0.218000 0.623566 -0.147865 0.249475 -0.567432 0.702423 0.897991 -2.471132 5.217227 -1.474235
0.219000 0.622998 -0.147160 0.250372 -0.569889 0.707623 0.896475 -2.442427 5.182642 -1.557097
0.220000 0.622426 -0.146450 0.251268 -0.572317 0.712788 0.894877 -2.413926 5.147219 -1.639315
0.221000 0.621853 -0.145735 0.252162 -0.574717 0.717917 0.893196 -2.385719 5.111150 -1.720775
0.222000 0.621277 -0.145014 0.253054 -0.577088 0.723010 0.891435 -2.357764 5.074444 -1.801555
0.223000 0.620699 -0.144289 0.253945 -0.579432 0.728066 0.889593 -2.329897 5.036931 -1.881902
0.224000 0.620118 -0.143558 0.254833 -0.581748 0.733084 0.887671 -2.302099 4.998609 -1.961818
0.225000 0.619535 -0.142823 0.255720 -0.584036 0.738063 0.885670 -2.274482 4.959650 -2.041082
0.226000 0.618950 -0.142082 0.256605 -0.586297 0.743003 0.883589 -2.247026 4.920042 -2.119693
0.227000 0.618363 -0.141337 0.257487 -0.588530 0.747903 0.881430 -2.219577 4.879573 -2.197890
0.228000 0.617773 -0.140586 0.258367 -0.590736 0.752763 0.879193 -2.192132 4.838172 -2.275740
0.229000 0.617181 -0.139831 0.259246 -0.592915 0.757580 0.876879 -2.164831 4.795924 -2.353116
0.230000 0.616587 -0.139071 0.260121 -0.595066 0.762354 0.874487 -2.137667 4.752755 -2.430083
0.231000 0.615991 -0.138306 0.260995 -0.597190 0.767085 0.872018 -2.110478 4.708463 -2.506904
0.232000 0.615393 -0.137537 0.261865 -0.599287 0.771771 0.869473 -2.083230 4.663085 -2.583641
0.233000 0.614792 -0.136763 0.262733 -0.601356 0.776411 0.866851 -2.056053 4.616903 -2.660106
0.234000 0.614190 -0.135984 0.263599 -0.603399 0.781005 0.864153 -2.029075 4.570189 -2.736100
0.235000 0.613586 -0.135201 0.264462 -0.605415 0.785552 0.861379 -2.002424 4.523192 -2.811405
0.236000 0.612979 -0.134413 0.265322 -0.607404 0.790051 0.858530 -1.976225 4.476151 -2.885794
0.237000 0.612371 -0.133621 0.266179 -0.609367 0.794504 0.855607 -1.950432 4.429053 -2.959294
0.238000 0.611760 -0.132824 0.267033 -0.611305 0.798910 0.852612 -1.924871 4.381668 -3.032159
0.239000 0.611148 -0.132023 0.267884 -0.613217 0.803267 0.849543 -1.899516 4.333904 -3.104482
0.240000 0.610534 -0.131217 0.268732 -0.615104 0.807577 0.846403 -1.874519 4.285883 -3.176127
0.241000 0.609918 -0.130408 0.269577 -0.616966 0.811839 0.843191 -1.850020 4.237774 -3.246946
0.242000 0.609300 -0.129594 0.270418 -0.618804 0.816053 0.839909 -1.826143 4.189833 -3.316773
0.243000 0.608680 -0.128776 0.271257 -0.620618 0.820219 0.836557 -1.803001 4.142363 -3.385431
0.244000 0.608059 -0.127953 0.272092 -0.622410 0.824338 0.833138 -1.780538 4.095406 -3.452974
0.245000 0.607436 -0.127127 0.272923 -0.624179 0.828410 0.829651 -1.758576 4.048772 -3.519633
0.246000 0.606811 -0.126297 0.273751 -0.625927 0.832435 0.826099 -1.737103 4.002450 -3.585433
0.247000 0.606184 -0.125462 0.274575 -0.627653 0.836415 0.822480 -1.716257 3.956614 -3.650194
0.248000 0.605555 -0.124624 0.275396 -0.629359 0.840348 0.818798 -1.696024 3.911237 -3.713936
0.249000 0.604925 -0.123781 0.276213 -0.631045 0.844237 0.815053 -1.676231 3.866074 -3.776897
0.250000 0.604293 -0.122935 0.277026 -0.632712 0.848081 0.811244 -1.656836 3.821041 -3.839163
0.251000 0.603660 -0.122085 0.277835 -0.634359 0.851879 0.807374 -1.637937 3.776231 -3.900640
0.252000 0.603024 -0.121231 0.278641 -0.635988 0.855633 0.803443 -1.619490 3.731559 -3.961411
0.253000 0.602388 -0.120374 0.279442 -0.637598 0.859342 0.799451 -1.601313 3.686795 -4.021731
0.254000 0.601749 -0.119513 0.280240 -0.639190 0.863007 0.795400 -1.583384 3.641965 -4.081673
0.255000 0.601109 -0.118648 0.281033 -0.640765 0.866626 0.791288 -1.565828 3.597317 -4.141130
0.256000 0.600468 -0.117780 0.281822 -0.642322 0.870201 0.787117 -1.548619 3.552876 -4.200164
0.257000 0.599825 -0.116908 0.282607 -0.643862 0.873732 0.782888 -1.531582 3.508427 -4.258995
0.258000 0.599180 -0.116032 0.283388 -0.645385 0.877218 0.778599 -1.514687 3.463940 -4.317628
0.259000 0.598534 -0.115153 0.284164 -0.646891 0.880660 0.774253 -1.498054 3.419582 -4.375873
0.260000 0.597886 -0.114271 0.284936 -0.648381 0.884057 0.769848 -1.481652 3.375310 -4.433731
0.261000 0.597237 -0.113385 0.285704 -0.649855 0.887410 0.765385 -1.465298 3.330853 -4.491413
0.262000 0.596586 -0.112496 0.286467 -0.651312 0.890719 0.760865 -1.448957 3.286115 -4.548983
0.263000 0.595934 -0.111604 0.287226 -0.652753 0.893983 0.756287 -1.432782 3.241236 -4.606290
0.264000 0.595281 -0.110708 0.287980 -0.654177 0.897201 0.751652 -1.416922 3.196398 -4.663184
0.265000 0.594626 -0.109809 0.288729 -0.655586 0.900375 0.746961 -1.401526 3.151853 -4.719505
0.266000 0.593970 -0.108907 0.289474 -0.656980 0.903505 0.742213 -1.386740 3.107896 -4.775091
0.267000 0.593312 -0.108002 0.290214 -0.658360 0.906591 0.737411 -1.372524 3.064541 -4.829990
0.268000 0.592653 -0.107094 0.290949 -0.659725 0.909634 0.732553 -1.358685 3.021559 -4.884411
0.269000 0.591993 -0.106183 0.291679 -0.661077 0.912634 0.727642 -1.345179 2.978912 -4.938392
0.270000 0.591331 -0.105269 0.292404 -0.662416 0.915592 0.722676 -1.332111 2.936766 -4.991793
0.271000 0.590668 -0.104352 0.293124 -0.663742 0.918508 0.717658 -1.319435 2.895069 -5.044642
0.272000 0.590003 -0.103432 0.293839 -0.665055 0.921382 0.712587 -1.306963 2.853541 -5.097143
0.273000 0.589338 -0.102509 0.294549 -0.666355 0.924215 0.707464 -1.294673 2.812076 -5.149337
0.274000 0.588671 -0.101583 0.295254 -0.667644 0.927006 0.702289 -1.282736 2.770819 -5.201062
0.275000 0.588002 -0.100655 0.295954 -0.668921 0.929757 0.697062 -1.271323 2.729954 -5.252157
0.276000 0.587333 -0.099724 0.296648 -0.670187 0.932466 0.691784 -1.260604 2.689739 -5.302474
0.277000 0.586662 -0.098790 0.297337 -0.671442 0.935136 0.686457 -1.250748 2.650471 -5.351867
0.278000 0.585990 -0.097854 0.298021 -0.672688 0.937767 0.681080 -1.241724 2.612163 -5.400381
0.279000 0.585317 -0.096914 0.298699 -0.673926 0.940360 0.675656 -1.233337 2.574586 -5.448201
0.280000 0.584642 -0.095973 0.299372 -0.675155 0.942916 0.670184 -1.225531 2.537724 -5.495339
0.281000 0.583966 -0.095029 0.300040 -0.676377 0.945436 0.664665 -1.218395 2.501781 -5.541634
0.282000 0.583289 -0.094082 0.300702 -0.677592 0.947920 0.659101 -1.211873 2.466729 -5.587090
0.283000 0.582611 -0.093133 0.301358 -0.678800 0.950369 0.653491 -1.205774 2.432287 -5.631891
0.284000 0.581932 -0.092181 0.302009 -0.680003 0.952785 0.647837 -1.200086 2.398353 -5.676102
0.285000 0.581251 -0.091227 0.302654 -0.681201 0.955166 0.642139 -1.194963 2.365019 -5.719643
0.286000 0.580569 -0.090271 0.303293 -0.682393 0.957515 0.636398 -1.190394 2.332178 -5.762570
0.287000 0.579886 -0.089312 0.303926 -0.683581 0.959830 0.630614 -1.186192 2.299563 -5.805066
0.288000 0.579202 -0.088351 0.304554 -0.684766 0.962114 0.624788 -1.182320 2.267182 -5.847153
0.289000 0.578517 -0.087388 0.305176 -0.685946 0.964365 0.618920 -1.178892 2.235288 -5.888696
0.290000 0.577830 -0.086422 0.305792 -0.687123 0.966584 0.613010 -1.175868 2.203893 -5.929703
0.291000 0.577143 -0.085455 0.306402 -0.688298 0.968773 0.607060 -1.173046 2.172760 -5.970336
0.292000 0.576454 -0.084485 0.307006 -0.689469 0.970930 0.601070 -1.170382 2.141872 -6.010618
0.293000 0.575764 -0.083513 0.307604 -0.690639 0.973056 0.595039 -1.167987 2.111439 -6.050422
0.294000 0.575072 -0.082539 0.308196 -0.691805 0.975153 0.588969 -1.165813 2.081433 -6.089765
0.295000 0.574380 -0.081563 0.308782 -0.692970 0.977219 0.582859 -1.163655 2.051556 -6.128814
0.296000 0.573687 -0.080584 0.309362 -0.694133 0.979256 0.576711 -1.161465 2.021680 -6.167622
0.297000 0.572992 -0.079604 0.309936 -0.695293 0.981263 0.570524 -1.159349 1.991872 -6.206106
0.298000 0.572296 -0.078622 0.310503 -0.696451 0.983240 0.564299 -1.157254 1.962002 -6.244308
0.299000 0.571599 -0.077638 0.311064 -0.697608 0.985187 0.558036 -1.154972 1.931786 -6.282382
0.300000 0.570901 -0.076651 0.311619 -0.698761 0.987103 0.551734 -1.152448 1.901233 -6.320333
0.301000 0.570201 -0.075663 0.312168 -0.699912 0.988989 0.545395 -1.149826 1.870667 -6.357992
0.302000 0.569501 -0.074674 0.312710 -0.701061 0.990844 0.539018 -1.147254 1.840398 -6.395199
0.303000 0.568799 -0.073682 0.313246 -0.702207 0.992670 0.532604 -1.144896 1.810722 -6.431819
0.304000 0.568096 -0.072688 0.313775 -0.703351 0.994466 0.526154 -1.142924 1.781923 -6.467730
0.305000 0.567393 -0.071693 0.314298 -0.704493 0.996234 0.519669 -1.141303 1.753978 -6.502959
0.306000 0.566687 -0.070696 0.314814 -0.705633 0.997974 0.513149 -1.139827 1.726589 -6.537659
0.307000 0.565981 -0.069697 0.315324 -0.706772 0.999687 0.506594 -1.138436 1.699635 -6.571869
0.308000 0.565274 -0.068696 0.315828 -0.707910 1.001373 0.500005 -1.137224 1.673197 -6.605509
0.309000 0.564565 -0.067694 0.316324 -0.709047 1.003033 0.493383 -1.136129 1.647151 -6.638606
0.310000 0.563856 -0.066690 0.316814 -0.710183 1.004667 0.486728 -1.134940 1.621203 -6.671298
0.311000 0.563145 -0.065685 0.317298 -0.711317 1.006276 0.480040 -1.133617 1.595346 -6.703600
0.312000 0.562433 -0.064678 0.317774 -0.712450 1.007858 0.473320 -1.132282 1.569823 -6.735406
0.313000 0.561720 -0.063669 0.318244 -0.713581 1.009415 0.466569 -1.130893 1.544631 -6.766719
0.314000 0.561006 -0.062659 0.318708 -0.714712 1.010947 0.459787 -1.129235 1.519511 -6.797660
0.315000 0.560291 -0.061647 0.319164 -0.715840 1.012454 0.452974 -1.127238 1.494432 -6.828244
0.316000 0.559574 -0.060634 0.319614 -0.716966 1.013936 0.446130 -1.124987 1.469597 -6.858371
0.317000 0.558857 -0.059619 0.320056 -0.718090 1.015393 0.439257 -1.122411 1.444966 -6.888048
0.318000 0.558138 -0.058603 0.320492 -0.719211 1.016826 0.432354 -1.119291 1.420233 -6.917387
0.319000 0.557418 -0.057586 0.320921 -0.720328 1.018234 0.425422 -1.115576 1.395284 -6.946406
0.320000 0.556698 -0.056567 0.321343 -0.721442 1.019617 0.418462 -1.111382 1.370214 -6.975012
0.321000 0.555976 -0.055546 0.321758 -0.722551 1.020974 0.411472 -1.106658 1.344909 -7.003210
0.322000 0.555252 -0.054525 0.322166 -0.723655 1.022307 0.404455 -1.101191 1.319066 -7.031108
0.323000 0.554528 -0.053502 0.322567 -0.724754 1.023613 0.397410 -1.094928 1.292663 -7.058722
0.324000 0.553803 -0.052478 0.322961 -0.725845 1.024892 0.390338 -1.087980 1.265926 -7.085967
0.325000 0.553077 -0.051452 0.323347 -0.726930 1.026144 0.383238 -1.080291 1.238833 -7.112847
0.326000 0.552349 -0.050425 0.323727 -0.728006 1.027370 0.376112 -1.071645 1.211098 -7.139463
0.327000 0.551621 -0.049397 0.324100 -0.729073 1.028567 0.368959 -1.061985 1.182649 -7.165831
0.328000 0.550891 -0.048368 0.324465 -0.730130 1.029735 0.361780 -1.051458 1.153694 -7.191852
0.329000 0.550160 -0.047338 0.324823 -0.731176 1.030874 0.354576 -1.040208 1.124424 -7.217427
0.330000 0.549429 -0.046306 0.325174 -0.732210 1.031984 0.347345 -1.028380 1.094996 -7.242467
0.331000 0.548696 -0.045274 0.325518 -0.733232 1.033064 0.340091 -1.016119 1.065551 -7.266885
0.332000 0.547962 -0.044240 0.325854 -0.734242 1.034115 0.332812 -1.003361 1.035961 -7.290689
0.333000 0.547227 -0.043206 0.326184 -0.735239 1.035136 0.325509 -0.989882 1.005911 -7.313962
0.334000 0.546492 -0.042170 0.326505 -0.736222 1.036127 0.318184 -0.975618 0.975366 -7.336698
0.335000 0.545755 -0.041133 0.326820 -0.737190 1.037087 0.310836 -0.960668 0.944539 -7.358804
0.336000 0.545017 -0.040096 0.327127 -0.738143 1.038016 0.303466 -0.944967 0.913398 -7.380262
0.337000 0.544279 -0.039057 0.327427 -0.739080 1.038913 0.296075 -0.928285 0.881655 -7.401147
0.338000 0.543539 -0.038018 0.327719 -0.740000 1.039779 0.288664 -0.910555 0.849253 -7.421477
0.339000 0.542799 -0.036978 0.328004 -0.740901 1.040612 0.281232 -0.891914 0.816421 -7.441183
0.340000 0.542057 -0.035937 0.328282 -0.741784 1.041412 0.273782 -0.872497 0.783354 -7.460205
0.341000 0.541315 -0.034895 0.328552 -0.742646 1.042179 0.266312 -0.852436 0.750184 -7.478509
0.342000 0.540572 -0.033852 0.328814 -0.743489 1.042912 0.258825 -0.831867 0.717010 -7.496069
0.343000 0.539828 -0.032809 0.329069 -0.744310 1.043613 0.251320 -0.810717 0.683667 -7.512919
0.344000 0.539083 -0.031765 0.329317 -0.745110 1.044280 0.243799 -0.788752 0.649821 -7.529124
0.345000 0.538338 -0.030721 0.329557 -0.745888 1.044912 0.236262 -0.765897 0.615426 -7.544658
0.346000 0.537592 -0.029675 0.329789 -0.746642 1.045510 0.228709 -0.742285 0.580746 -7.559403
0.347000 0.536845 -0.028630 0.330014 -0.747372 1.046074 0.221143 -0.718056 0.546026 -7.573258
0.348000 0.536097 -0.027583 0.330232 -0.748078 1.046602 0.213563 -0.693363 0.511481 -7.586162
0.349000 0.535348 -0.026536 0.330442 -0.748759 1.047097 0.205970 -0.668370 0.477308 -7.598073
0.350000 0.534599 -0.025489 0.330644 -0.749415 1.047557 0.198367 -0.643024 0.443407 -7.609005
0.351000 0.533850 -0.024441 0.330838 -0.750045 1.047984 0.190752 -0.617095 0.409420 -7.619023
0.352000 0.533099 -0.023393 0.331025 -0.750649 1.048376 0.183129 -0.590508 0.375175 -7.628152
0.353000 0.532348 -0.022344 0.331205 -0.751226 1.048734 0.175496 -0.563388 0.340763 -7.636358
0.354000 0.531597 -0.021296 0.331376 -0.751776 1.049057 0.167856 -0.535859 0.306322 -7.643593
0.355000 0.530845 -0.020246 0.331540 -0.752298 1.049347 0.160209 -0.508046 0.272064 -7.649783
0.356000 0.530092 -0.019197 0.331697 -0.752792 1.049602 0.152556 -0.480072 0.238241 -7.654840
0.357000 0.529339 -0.018147 0.331845 -0.753258 1.049823 0.144899 -0.451858 0.204808 -7.658731
0.358000 0.528586 -0.017097 0.331986 -0.753696 1.050011 0.137239 -0.423169 0.171467 -7.661489
0.359000 0.527832 -0.016047 0.332120 -0.754104 1.050166 0.129576 -0.393950 0.138148 -7.663137
0.360000 0.527077 -0.014997 0.332246 -0.754483 1.050287 0.121913 -0.364316 0.105018 -7.663670
0.361000 0.526323 -0.013947 0.332364 -0.754833 1.050376 0.114249 -0.334211 0.071995 -7.663103
0.362000 0.525568 -0.012896 0.332474 -0.755152 1.050431 0.106586 -0.303398 0.038721 -7.661481
0.363000 0.524813 -0.011846 0.332577 -0.755440 1.050453 0.098926 -0.271796 0.004995 -7.658826
0.364000 0.524057 -0.010795 0.332672 -0.755696 1.050441 0.091269 -0.239525 -0.029124 -7.655133
0.365000 0.523301 -0.009745 0.332759 -0.755919 1.050395 0.083616 -0.206707 -0.063517 -7.650387
0.366000 0.522545 -0.008694 0.332839 -0.756109 1.050314 0.075968 -0.173462 -0.097959 -7.644565
0.367000 0.521789 -0.007644 0.332911 -0.756266 1.050199 0.068327 -0.139908 -0.132164 -7.637639
0.368000 0.521033 -0.006594 0.332976 -0.756389 1.050050 0.060693 -0.105964 -0.166155 -7.629599
0.369000 0.520276 -0.005544 0.333033 -0.756478 1.049867 0.053067 -0.071392 -0.200231 -7.620457
0.370000 0.519520 -0.004494 0.333082 -0.756532 1.049650 0.045452 -0.036134 -0.234486 -7.610212
0.371000 0.518763 -0.003445 0.333124 -0.756550 1.049398 0.037847 -0.000342 -0.268735 -7.598845
0.372000 0.518007 -0.002396 0.333158 -0.756532 1.049112 0.030254 0.035839 -0.302830 -7.586345
0.373000 0.517250 -0.001347 0.333184 -0.756478 1.048792 0.022674 0.072280 -0.336680 -7.572724
0.374000 0.516494 -0.000298 0.333203 -0.756388 1.048439 0.015109 0.108858 -0.370231 -7.558006
0.375000 0.515737 0.000750 0.333214 -0.756260 1.048052 0.007558 0.145659 -0.403679 -7.542206
0.376000 0.514981 0.001798 0.333218 -0.756096 1.047631 0.000024 0.182931 -0.437371 -7.525327
0.377000 0.514225 0.002846 0.333214 -0.755895 1.047177 -0.007492 0.220757 -0.471360 -7.507345
0.378000 0.513469 0.003893 0.333203 -0.755655 1.046689 -0.014990 0.259015 -0.505384 -7.488227
0.379000 0.512714 0.004939 0.333184 -0.755377 1.046166 -0.022469 0.297576 -0.539188 -7.467956
0.380000 0.511958 0.005985 0.333158 -0.755060 1.045610 -0.029926 0.336293 -0.572532 -7.446555
0.381000 0.511204 0.007030 0.333125 -0.754704 1.045021 -0.037362 0.375012 -0.605185 -7.424065
0.382000 0.510449 0.008075 0.333083 -0.754310 1.044400 -0.044774 0.413788 -0.637225 -7.400507
0.383000 0.509695 0.009119 0.333035 -0.753876 1.043747 -0.052163 0.452847 -0.669015 -7.375881
0.384000 0.508941 0.010162 0.332979 -0.753404 1.043062 -0.059526 0.492244 -0.700775 -7.350196
0.385000 0.508188 0.011205 0.332916 -0.752892 1.042345 -0.066863 0.531824 -0.732475 -7.323469
0.386000 0.507436 0.012247 0.332845 -0.752340 1.041597 -0.074173 0.571449 -0.764024 -7.295709
0.387000 0.506683 0.013288 0.332768 -0.751749 1.040817 -0.081455 0.611013 -0.795224 -7.266919
0.388000 0.505932 0.014329 0.332682 -0.751118 1.040007 -0.088707 0.650423 -0.825817 -7.237094
0.389000 0.505181 0.015368 0.332590 -0.750448 1.039166 -0.095929 0.689783 -0.855842 -7.206212
0.390000 0.504431 0.016407 0.332491 -0.749739 1.038295 -0.103119 0.729335 -0.885597 -7.174254
0.391000 0.503682 0.017445 0.332384 -0.748990 1.037394 -0.110277 0.769133 -0.915166 -7.141252
0.392000 0.502933 0.018482 0.332270 -0.748200 1.036465 -0.117402 0.809017 -0.944356 -7.107283
0.393000 0.502185 0.019518 0.332149 -0.747371 1.035506 -0.124492 0.848835 -0.973015 -7.072413
0.394000 0.501438 0.020553 0.332021 -0.746503 1.034518 -0.131547 0.888447 -1.001067 -7.036703
0.395000 0.500692 0.021587 0.331886 -0.745595 1.033504 -0.138565 0.927725 -1.028476 -7.000207
0.396000 0.499947 0.022620 0.331744 -0.744647 1.032462 -0.145547 0.966741 -1.055449 -6.962927
0.397000 0.499203 0.023652 0.331595 -0.743661 1.031393 -0.152491 1.005732 -1.082331 -6.924817
0.398000 0.498460 0.024683 0.331439 -0.742636 1.030297 -0.159397 1.044772 -1.109160 -6.885842
0.399000 0.497718 0.025712 0.331276 -0.741572 1.029174 -0.166263 1.083768 -1.135717 -6.845986
0.400000 0.496977 0.026741 0.331106 -0.740468 1.028025 -0.173089 1.122791 -1.162029 -6.805206
0.401000 0.496237 0.027768 0.330930 -0.739326 1.026850 -0.179873 1.162073 -1.188385 -6.763460
0.402000 0.495498 0.028795 0.330747 -0.738144 1.025649 -0.186616 1.201683 -1.214858 -6.720786
0.403000 0.494761 0.029820 0.330557 -0.736923 1.024421 -0.193315 1.241484 -1.241246 -6.677290
0.404000 0.494024 0.030844 0.330360 -0.735661 1.023166 -0.199970 1.281338 -1.267394 -6.633061
0.405000 0.493289 0.031866 0.330157 -0.734360 1.021886 -0.206581 1.321106 -1.293240 -6.588168
0.406000 0.492556 0.032887 0.329947 -0.733019 1.020580 -0.213147 1.360648 -1.318770 -6.542665
0.407000 0.491823 0.033907 0.329730 -0.731639 1.019248 -0.219666 1.400027 -1.344207 -6.496537
0.408000 0.491092 0.034926 0.329508 -0.730219 1.017891 -0.226140 1.439478 -1.369902 -6.449716
0.409000 0.490363 0.035943 0.329278 -0.728760 1.016508 -0.232566 1.479087 -1.395907 -6.402175
0.410000 0.489635 0.036959 0.329042 -0.727261 1.015099 -0.238944 1.518742 -1.421969 -6.353946
0.411000 0.488908 0.037973 0.328800 -0.725722 1.013664 -0.245274 1.558333 -1.447847 -6.305079
0.412000 0.488183 0.038986 0.328552 -0.724144 1.012204 -0.251554 1.597748 -1.473333 -6.255664
0.413000 0.487460 0.039998 0.328297 -0.722527 1.010718 -0.257785 1.636870 -1.498233 -6.205812
0.414000 0.486738 0.041008 0.328036 -0.720870 1.009207 -0.263966 1.675781 -1.522641 -6.155547
0.415000 0.486018 0.042016 0.327769 -0.719175 1.007673 -0.270096 1.714714 -1.546909 -6.104819
0.416000 0.485300 0.043023 0.327496 -0.717441 1.006113 -0.276175 1.753745 -1.571224 -6.053638
0.417000 0.484583 0.044028 0.327217 -0.715668 1.004530 -0.282203 1.792755 -1.595525 -6.002095
0.418000 0.483869 0.045032 0.326932 -0.713855 1.002922 -0.288180 1.831619 -1.619705 -5.950264
0.419000 0.483156 0.046034 0.326641 -0.712004 1.001291 -0.294104 1.870213 -1.643579 -5.898197
0.420000 0.482445 0.047035 0.326344 -0.710115 0.999635 -0.299976 1.908412 -1.666920 -5.845935
0.421000 0.481735 0.048033 0.326041 -0.708188 0.997957 -0.305796 1.946284 -1.689780 -5.793437
0.422000 0.481028 0.049030 0.325732 -0.706222 0.996256 -0.311563 1.984061 -1.712460 -5.740623
0.423000 0.480323 0.050026 0.325417 -0.704219 0.994532 -0.317277 2.021832 -1.735059 -5.687513
0.424000 0.479620 0.051020 0.325097 -0.702179 0.992786 -0.322938 2.059499 -1.757408 -5.634229
0.425000 0.478919 0.052011 0.324772 -0.700100 0.991017 -0.328546 2.096951 -1.779365 -5.580887
0.426000 0.478220 0.053002 0.324440 -0.697985 0.989227 -0.334100 2.134060 -1.800831 -5.527599
0.427000 0.477523 0.053990 0.324103 -0.695832 0.987415 -0.339601 2.170688 -1.821731 -5.474470
0.428000 0.476828 0.054976 0.323761 -0.693643 0.985583 -0.345049 2.206891 -1.842232 -5.421493
0.429000 0.476135 0.055961 0.323413 -0.691419 0.983731 -0.350444 2.242886 -1.862663 -5.368561
0.430000 0.475445 0.056944 0.323060 -0.689158 0.981858 -0.355786 2.278749 -1.883093 -5.315609
0.431000 0.474757 0.057925 0.322702 -0.686861 0.979965 -0.361075 2.314368 -1.903306 -5.262658
0.432000 0.474071 0.058904 0.322338 -0.684529 0.978051 -0.366311 2.349640 -1.923099 -5.209754
0.433000 0.473388 0.059881 0.321969 -0.682162 0.976119 -0.371494 2.384474 -1.942301 -5.157004
0.434000 0.472707 0.060856 0.321595 -0.679760 0.974167 -0.376625 2.418783 -1.960753 -5.104540
0.435000 0.472028 0.061829 0.321216 -0.677324 0.972197 -0.381704 2.452656 -1.978569 -5.052377
0.436000 0.471352 0.062800 0.320832 -0.674855 0.970210 -0.386730 2.486307 -1.996093 -5.000421
0.437000 0.470679 0.063770 0.320442 -0.672352 0.968205 -0.391704 2.519772 -2.013507 -4.948653
0.438000 0.470008 0.064737 0.320048 -0.669815 0.966183 -0.396627 2.552890 -2.030749 -4.897156
0.439000 0.469339 0.065702 0.319649 -0.667246 0.964143 -0.401499 2.585514 -2.047721 -4.845999
0.440000 0.468673 0.066665 0.319245 -0.664644 0.962087 -0.406319 2.617524 -2.064262 -4.795232
0.441000 0.468010 0.067626 0.318837 -0.662011 0.960015 -0.411089 2.648819 -2.080176 -4.744892
0.442000 0.467349 0.068585 0.318423 -0.659347 0.957927 -0.415809 2.679474 -2.095530 -4.694914
0.443000 0.466691 0.069542 0.318005 -0.656652 0.955824 -0.420479 2.709715 -2.110616 -4.645181
0.444000 0.466036 0.070497 0.317582 -0.653927 0.953706 -0.425099 2.739638 -2.125523 -4.595713
0.445000 0.465383 0.071449 0.317155 -0.651173 0.951573 -0.429670 2.769166 -2.140081 -4.546665
0.446000 0.464733 0.072400 0.316723 -0.648389 0.949426 -0.434193 2.798211 -2.154153 -4.498174
0.447000 0.464087 0.073348 0.316286 -0.645576 0.947264 -0.438667 2.826667 -2.167661 -4.450336
0.448000 0.463442 0.074294 0.315845 -0.642735 0.945090 -0.443093 2.854417 -2.180558 -4.403230
0.449000 0.462801 0.075238 0.315400 -0.639867 0.942903 -0.447473 2.881517 -2.193025 -4.356806
0.450000 0.462163 0.076180 0.314950 -0.636972 0.940704 -0.451807 2.908164 -2.205391 -4.310903
0.451000 0.461527 0.077120 0.314497 -0.634051 0.938493 -0.456095 2.934409 -2.217737 -4.265441
0.452000 0.460895 0.078057 0.314038 -0.631104 0.936269 -0.460338 2.960158 -2.229925 -4.220417
0.453000 0.460265 0.078992 0.313576 -0.628131 0.934033 -0.464536 2.985459 -2.242030 -4.175746
0.454000 0.459638 0.079925 0.313109 -0.625133 0.931785 -0.468689 3.010518 -2.254350 -4.131283
0.455000 0.459015 0.080856 0.312638 -0.622110 0.929524 -0.472798 3.035425 -2.267002 -4.087030
0.456000 0.458394 0.081784 0.312164 -0.619062 0.927251 -0.476863 3.060108 -2.279863 -4.043130
0.457000 0.457776 0.082710 0.311685 -0.615989 0.924964 -0.480885 3.084484 -2.292821 -3.999708
0.458000 0.457162 0.083634 0.311202 -0.612893 0.922665 -0.484863 3.108451 -2.305796 -3.956852
0.459000 0.456551 0.084556 0.310715 -0.609773 0.920353 -0.488798 3.131896 -2.318720 -3.914631
0.460000 0.455943 0.085475 0.310224 -0.606629 0.918028 -0.492692 3.154869 -2.331752 -3.872975
0.461000 0.455337 0.086392 0.309730 -0.603463 0.915689 -0.496544 3.177558 -2.345207 -3.831692
0.462000 0.454736 0.087306 0.309231 -0.600274 0.913337 -0.500355 3.200006 -2.359167 -3.790655
0.463000 0.454137 0.088219 0.308729 -0.597063 0.910971 -0.504126 3.222091 -2.373455 -3.749853
0.464000 0.453541 0.089128 0.308223 -0.593830 0.908590 -0.507855 3.243715 -2.387899 -3.709323
0.465000 0.452949 0.090036 0.307713 -0.590575 0.906195 -0.511544 3.264818 -2.402340 -3.669189
0.466000 0.452360 0.090941 0.307200 -0.587300 0.903786 -0.515194 3.285368 -2.416625 -3.629620
0.467000 0.451775 0.091843 0.306683 -0.584005 0.901362 -0.518804 3.305470 -2.430854 -3.590630
0.468000 0.451192 0.092743 0.306162 -0.580689 0.898924 -0.522375 3.325318 -2.445344 -3.552070
0.469000 0.450613 0.093641 0.305638 -0.577354 0.896471 -0.525908 3.344941 -2.460261 -3.513875
0.470000 0.450038 0.094536 0.305110 -0.573999 0.894003 -0.529403 3.364192 -2.475544 -3.476100
0.471000 0.449465 0.095429 0.304579 -0.570626 0.891520 -0.532860 3.382939 -2.491099 -3.438783
0.472000 0.448896 0.096319 0.304045 -0.567233 0.889021 -0.536280 3.401076 -2.506763 -3.401926
0.473000 0.448331 0.097207 0.303507 -0.563823 0.886507 -0.539664 3.418512 -2.522342 -3.365511
0.474000 0.447769 0.098092 0.302965 -0.560396 0.883976 -0.543011 3.435312 -2.537887 -3.329405
0.475000 0.447210 0.098975 0.302421 -0.556953 0.881431 -0.546323 3.451678 -2.553670 -3.293427
0.476000 0.446655 0.099855 0.301873 -0.553493 0.878869 -0.549598 3.467715 -2.569787 -3.257580
0.477000 0.446103 0.100733 0.301321 -0.550017 0.876291 -0.552838 3.483387 -2.586099 -3.222039
0.478000 0.445555 0.101608 0.300767 -0.546526 0.873697 -0.556042 3.498632 -2.602483 -3.186950
0.479000 0.445010 0.102480 0.300209 -0.543020 0.871086 -0.559212 3.513335 -2.618842 -3.152409
0.480000 0.444469 0.103350 0.299649 -0.539500 0.868459 -0.562347 3.527355 -2.635096 -3.118486
0.481000 0.443931 0.104217 0.299085 -0.535965 0.865816 -0.565449 3.540705 -2.651380 -3.085093
0.482000 0.443397 0.105082 0.298518 -0.532418 0.863156 -0.568517 3.553543 -2.667979 -3.052006
0.483000 0.442866 0.105944 0.297948 -0.528858 0.860480 -0.571553 3.565923 -2.684950 -3.019086
0.484000 0.442339 0.106803 0.297375 -0.525286 0.857787 -0.574555 3.577786 -2.702149 -2.986284
0.485000 0.441816 0.107659 0.296799 -0.521703 0.855076 -0.577525 3.589184 -2.719625 -2.953463
0.486000 0.441296 0.108513 0.296220 -0.518108 0.852347 -0.580462 3.600304 -2.737632 -2.920426
0.487000 0.440779 0.109364 0.295638 -0.514502 0.849600 -0.583366 3.611239 -2.756239 -2.887172
0.488000 0.440267 0.110212 0.295053 -0.510885 0.846835 -0.586236 3.621954 -2.775280 -2.853876
0.489000 0.439758 0.111057 0.294465 -0.507258 0.844050 -0.589074 3.632393 -2.794612 -2.820689
0.490000 0.439252 0.111900 0.293875 -0.503621 0.841246 -0.591878 3.642465 -2.814138 -2.787711
0.491000 0.438750 0.112740 0.293281 -0.499973 0.838422 -0.594649 3.652060 -2.833781 -2.755013
0.492000 0.438252 0.113577 0.292685 -0.496317 0.835578 -0.597388 3.661206 -2.853675 -2.722502
0.493000 0.437758 0.114411 0.292087 -0.492651 0.832714 -0.600094 3.670052 -2.874094 -2.689933
0.494000 0.437267 0.115242 0.291485 -0.488976 0.829830 -0.602768 3.678644 -2.895095 -2.657137
0.495000 0.436780 0.116071 0.290881 -0.485294 0.826924 -0.605408 3.686915 -2.916536 -2.624038
0.496000 0.436296 0.116896 0.290274 -0.481603 0.823997 -0.608016 3.694909 -2.938464 -2.590467
0.497000 0.435817 0.117719 0.289665 -0.477904 0.821047 -0.610589 3.702791 -2.961110 -2.556223
0.498000 0.435340 0.118538 0.289053 -0.474197 0.818075 -0.613128 3.710644 -2.984516 -2.521322
0.499000 0.434868 0.119355 0.288439 -0.470482 0.815078 -0.615632 3.718427 -3.008486 -2.485983
0.500000 0.434400 0.120168 0.287822 -0.466760 0.812058 -0.618100 3.726071 -3.032847 -2.450387
0.501000 0.433935 0.120979 0.287203 -0.463030 0.809012 -0.620533 3.733455 -3.057468 -2.414651
0.502000 0.433473 0.121787 0.286581 -0.459293 0.805943 -0.622930 3.740431 -3.082243 -2.378858
0.503000 0.433016 0.122591 0.285957 -0.455549 0.802848 -0.625290 3.746993 -3.107274 -2.342913
0.504000 0.432562 0.123392 0.285330 -0.451799 0.799728 -0.627615 3.753268 -3.132815 -2.306565
0.505000 0.432112 0.124190 0.284702 -0.448043 0.796582 -0.629904 3.759315 -3.158917 -2.269643
0.506000 0.431666 0.124985 0.284070 -0.444281 0.793410 -0.632155 3.765072 -3.185394 -2.232120
0.507000 0.431224 0.125777 0.283437 -0.440513 0.790212 -0.634368 3.770485 -3.212056 -2.194032
0.508000 0.430785 0.126566 0.282802 -0.436740 0.786986 -0.636543 3.775512 -3.238713 -2.155539
0.509000 0.430350 0.127351 0.282164 -0.432962 0.783734 -0.638679 3.780113 -3.265168 -2.116863
0.510000 0.429919 0.128133 0.281524 -0.429179 0.780456 -0.640776 3.784356 -3.291458 -2.078028
0.511000 0.429492 0.128912 0.280883 -0.425393 0.777151 -0.642835 3.788375 -3.317825 -2.038847
0.512000 0.429069 0.129688 0.280239 -0.421603 0.773820 -0.644854 3.792183 -3.344370 -1.999221
0.513000 0.428649 0.130460 0.279593 -0.417809 0.770462 -0.646833 3.795658 -3.370990 -1.959199
0.514000 0.428233 0.131228 0.278945 -0.414011 0.767078 -0.648773 3.798684 -3.397572 -1.918819
0.515000 0.427821 0.131994 0.278295 -0.410211 0.763667 -0.650671 3.801157 -3.423981 -1.878104
0.516000 0.427413 0.132756 0.277644 -0.406409 0.760230 -0.652529 3.802976 -3.450073 -1.837063
0.517000 0.427008 0.133514 0.276990 -0.402605 0.756767 -0.654345 3.804165 -3.475911 -1.795563
0.518000 0.426607 0.134269 0.276335 -0.398801 0.753278 -0.656120 3.804862 -3.501723 -1.753407
0.519000 0.426210 0.135021 0.275678 -0.394996 0.749764 -0.657852 3.805153 -3.527567 -1.710623
0.520000 0.425817 0.135769 0.275019 -0.391190 0.746223 -0.659541 3.805051 -3.553324 -1.667422
0.521000 0.425428 0.136513 0.274359 -0.387386 0.742657 -0.661187 3.804635 -3.579043 -1.623832
0.522000 0.425043 0.137254 0.273697 -0.383581 0.739065 -0.662789 3.804030 -3.604941 -1.579670
0.523000 0.424661 0.137991 0.273033 -0.379777 0.735447 -0.664346 3.803235 -3.631060 -1.534842
0.524000 0.424283 0.138725 0.272368 -0.375975 0.731803 -0.665858 3.802126 -3.657229 -1.489412
0.525000 0.423909 0.139455 0.271702 -0.372173 0.728133 -0.667325 3.800592 -3.683304 -1.443426
0.526000 0.423539 0.140181 0.271034 -0.368374 0.724436 -0.668745 3.798548 -3.709178 -1.396897
0.527000 0.423172 0.140904 0.270364 -0.364576 0.720714 -0.670119 3.795925 -3.734771 -1.349819
0.528000 0.422809 0.141623 0.269693 -0.360782 0.716967 -0.671445 3.792756 -3.760184 -1.302043
0.529000 0.422451 0.142338 0.269021 -0.356991 0.713194 -0.672723 3.789170 -3.785649 -1.253353
0.530000 0.422095 0.143049 0.268348 -0.353203 0.709396 -0.673952 3.785242 -3.811213 -1.203763
0.531000 0.421744 0.143757 0.267673 -0.349420 0.705572 -0.675130 3.780957 -3.836715 -1.153500
0.532000 0.421397 0.144460 0.266998 -0.345641 0.701722 -0.676259 3.776268 -3.861998 -1.102760
0.533000 0.421053 0.145160 0.266321 -0.341868 0.697848 -0.677336 3.771081 -3.886916 -1.051673
0.534000 0.420713 0.145856 0.265643 -0.338099 0.693948 -0.678362 3.765273 -3.911330 -1.000338
0.535000 0.420377 0.146548 0.264964 -0.334337 0.690025 -0.679337 3.758826 -3.935294 -0.948661
0.536000 0.420044 0.147236 0.264284 -0.330582 0.686078 -0.680259 3.751834 -3.959035 -0.896388
0.537000 0.419716 0.147920 0.263604 -0.326833 0.682107 -0.681129 3.744342 -3.982648 -0.843377
0.538000 0.419391 0.148600 0.262922 -0.323093 0.678112 -0.681946 3.736317 -4.006048 -0.789653
0.539000 0.419069 0.149276 0.262240 -0.319361 0.674095 -0.682709 3.727727 -4.029139 -0.735292
0.540000 0.418752 0.149948 0.261557 -0.315637 0.670054 -0.683417 3.718555 -4.051805 -0.680460
0.541000 0.418438 0.150616 0.260873 -0.311924 0.665991 -0.684070 3.708786 -4.073916 -0.625373
0.542000 0.418128 0.151280 0.260189 -0.308220 0.661906 -0.684667 3.698480 -4.095526 -0.570040
0.543000 0.417822 0.151940 0.259504 -0.304527 0.657800 -0.685210 3.687734 -4.116833 -0.514273
0.544000 0.417519 0.152596 0.258818 -0.300844 0.653673 -0.685696 3.676551 -4.137881 -0.458009
0.545000 0.417220 0.153248 0.258132 -0.297174 0.649524 -0.686126 3.664837 -4.158530 -0.401358
0.546000 0.416925 0.153895 0.257446 -0.293515 0.645356 -0.686499 3.652510 -4.178660 -0.344408
0.547000 0.416633 0.154538 0.256759 -0.289869 0.641167 -0.686815 3.639517 -4.198193 -0.287198
0.548000 0.416345 0.155177 0.256072 -0.286236 0.636959 -0.687073 3.625818 -4.217073 -0.229742
0.549000 0.416060 0.155812 0.255385 -0.282617 0.632733 -0.687274 3.611451 -4.235403 -0.171899
0.550000 0.415780 0.156443 0.254698 -0.279013 0.628488 -0.687417 3.596531 -4.253405 -0.113446
0.551000 0.415502 0.157069 0.254010 -0.275424 0.624226 -0.687501 3.581137 -4.271151 -0.054383
0.552000 0.415229 0.157691 0.253323 -0.271851 0.619946 -0.687526 3.565286 -4.288536 0.005071
0.553000 0.414959 0.158309 0.252635 -0.268293 0.615649 -0.687491 3.548962 -4.305443 0.064726
0.554000 0.414692 0.158923 0.251948 -0.264753 0.611335 -0.687396 3.532104 -4.321734 0.124436
0.555000 0.414429 0.159532 0.251260 -0.261229 0.607006 -0.687242 3.514619 -4.337259 0.184080
0.556000 0.414170 0.160137 0.250573 -0.257723 0.602661 -0.687028 3.496496 -4.352048 0.243735
0.557000 0.413914 0.160737 0.249886 -0.254236 0.598301 -0.686754 3.477802 -4.366302 0.303652
0.558000 0.413661 0.161333 0.249200 -0.250768 0.593928 -0.686421 3.458568 -4.380137 0.363979
0.559000 0.413412 0.161925 0.248513 -0.247319 0.589541 -0.686026 3.438758 -4.393525 0.424696
0.560000 0.413167 0.162512 0.247828 -0.243890 0.585141 -0.685571 3.418360 -4.406414 0.485732
0.561000 0.412924 0.163095 0.247142 -0.240482 0.580728 -0.685055 3.397405 -4.418720 0.546926
0.562000 0.412686 0.163674 0.246458 -0.237095 0.576304 -0.684477 3.375944 -4.430335 0.608062
0.563000 0.412450 0.164248 0.245773 -0.233730 0.571868 -0.683839 3.354071 -4.441306 0.669134
0.564000 0.412218 0.164818 0.245090 -0.230387 0.567421 -0.683139 3.331881 -4.451793 0.730329
0.565000 0.411989 0.165383 0.244407 -0.227067 0.562964 -0.682378 3.309389 -4.461811 0.791709
0.566000 0.411764 0.165943 0.243725 -0.223769 0.558497 -0.681556 3.286532 -4.471204 0.853159
0.567000 0.411542 0.166500 0.243044 -0.220494 0.554022 -0.680672 3.263257 -4.479856 0.914576
0.568000 0.411323 0.167052 0.242364 -0.217242 0.549538 -0.679727 3.239518 -4.487722 0.975892
0.569000 0.411107 0.167599 0.241685 -0.214014 0.545046 -0.678720 3.215278 -4.494796 1.037051
0.570000 0.410895 0.168142 0.241006 -0.210811 0.540548 -0.677653 3.190561 -4.501201 1.098164
0.571000 0.410686 0.168680 0.240329 -0.207633 0.536044 -0.676524 3.165462 -4.507139 1.159443
0.572000 0.410480 0.169214 0.239653 -0.204481 0.531534 -0.675334 3.140071 -4.512676 1.220903
0.573000 0.410277 0.169743 0.238979 -0.201353 0.527018 -0.674082 3.114453 -4.517753 1.282387
0.574000 0.410077 0.170268 0.238305 -0.198252 0.522498 -0.672769 3.088691 -4.522423 1.343905
0.575000 0.409880 0.170788 0.237633 -0.195176 0.517974 -0.671394 3.062856 -4.526840 1.405654
0.576000 0.409687 0.171304 0.236962 -0.192126 0.513445 -0.669958 3.036931 -4.531023 1.467713
0.577000 0.409496 0.171815 0.236293 -0.189102 0.508912 -0.668459 3.010822 -4.534839 1.529987
0.578000 0.409309 0.172321 0.235625 -0.186104 0.504375 -0.666898 2.984461 -4.538184 1.592388
0.579000 0.409124 0.172824 0.234959 -0.183133 0.499835 -0.665274 2.957822 -4.541012 1.654845
0.580000 0.408942 0.173321 0.234295 -0.180189 0.495293 -0.663588 2.930901 -4.543306 1.717289
0.581000 0.408764 0.173814 0.233632 -0.177271 0.490749 -0.661839 2.903740 -4.545168 1.779819
0.582000 0.408588 0.174303 0.232971 -0.174381 0.486203 -0.660028 2.876423 -4.546782 1.842644
0.583000 0.408415 0.174787 0.232312 -0.171518 0.481655 -0.658154 2.849010 -4.548219 1.905787
0.584000 0.408245 0.175266 0.231655 -0.168683 0.477106 -0.656217 2.821523 -4.549411 1.969072
0.585000 0.408077 0.175741 0.231000 -0.165875 0.472556 -0.654216 2.793965 -4.550270 2.032339
0.586000 0.407913 0.176211 0.230346 -0.163095 0.468006 -0.652152 2.766306 -4.550672 2.095458
0.587000 0.407751 0.176677 0.229695 -0.160343 0.463455 -0.650025 2.738494 -4.550472 2.158311
0.588000 0.407592 0.177138 0.229046 -0.157618 0.458905 -0.647835 2.710528 -4.549670 2.220966
0.589000 0.407436 0.177595 0.228400 -0.154922 0.454356 -0.645583 2.682461 -4.548419 2.283647
0.590000 0.407282 0.178047 0.227755 -0.152253 0.449808 -0.643268 2.654333 -4.546830 2.346464
0.591000 0.407131 0.178494 0.227113 -0.149613 0.445262 -0.640890 2.626152 -4.544914 2.409361
0.592000 0.406983 0.178937 0.226473 -0.147001 0.440718 -0.638449 2.597933 -4.542668 2.472256
0.593000 0.406837 0.179376 0.225836 -0.144417 0.436177 -0.635946 2.569703 -4.540070 2.535017
0.594000 0.406694 0.179810 0.225202 -0.141862 0.431638 -0.633379 2.541496 -4.537086 2.597485
0.595000 0.406554 0.180239 0.224569 -0.139334 0.427102 -0.630751 2.513365 -4.533780 2.659683
0.596000 0.406416 0.180664 0.223940 -0.136835 0.422570 -0.628060 2.485366 -4.530287 2.721799
0.597000 0.406280 0.181084 0.223313 -0.134363 0.418042 -0.625307 2.457501 -4.526615 2.783900
0.598000 0.406147 0.181500 0.222689 -0.131920 0.413517 -0.622492 2.429726 -4.522646 2.845883
0.599000 0.406016 0.181911 0.222068 -0.129504 0.408997 -0.619615 2.402002 -4.518290 2.907653
0.600000 0.405888 0.182318 0.221450 -0.127116 0.404480 -0.616677 2.374303 -4.513515 2.969128
0.601000 0.405762 0.182720 0.220835 -0.124755 0.399969 -0.613677 2.346611 -4.508318 3.030228
0.602000 0.405638 0.183118 0.220223 -0.122423 0.395464 -0.610616 2.318943 -4.502789 3.091037
0.603000 0.405517 0.183511 0.219614 -0.120118 0.390964 -0.607495 2.291358 -4.497083 3.151751
0.604000 0.405398 0.183900 0.219008 -0.117840 0.386470 -0.604313 2.263916 -4.491256 3.212424
0.605000 0.405281 0.184284 0.218405 -0.115590 0.381981 -0.601070 2.236657 -4.485257 3.272932
0.606000 0.405167 0.184664 0.217806 -0.113367 0.377499 -0.597767 2.209593 -4.479010 3.333161
0.607000 0.405055 0.185039 0.217210 -0.111170 0.373023 -0.594404 2.182686 -4.472407 3.393005
0.608000 0.404945 0.185410 0.216617 -0.109001 0.368554 -0.590981 2.155873 -4.465318 3.452366
0.609000 0.404837 0.185776 0.216028 -0.106859 0.364093 -0.587499 2.129128 -4.457730 3.511306
0.610000 0.404731 0.186138 0.215442 -0.104743 0.359639 -0.583958 2.102476 -4.449768 3.570022
0.611000 0.404627 0.186495 0.214860 -0.102654 0.355193 -0.580359 2.075935 -4.441531 3.628594
0.612000 0.404526 0.186848 0.214281 -0.100591 0.350756 -0.576701 2.049499 -4.433043 3.686946
0.613000 0.404426 0.187197 0.213706 -0.098555 0.346327 -0.572985 2.023172 -4.424317 3.745000
0.614000 0.404329 0.187541 0.213135 -0.096545 0.341907 -0.569211 1.996968 -4.415346 3.802673
0.615000 0.404233 0.187881 0.212568 -0.094561 0.337496 -0.565380 1.970910 -4.406110 3.859879
0.616000 0.404139 0.188216 0.212004 -0.092603 0.333095 -0.561491 1.945034 -4.396664 3.916682
0.617000 0.404048 0.188547 0.211445 -0.090671 0.328703 -0.557546 1.919368 -4.387099 3.973263
0.618000 0.403958 0.188873 0.210889 -0.088764 0.324321 -0.553545 1.893898 -4.377389 4.029678
0.619000 0.403870 0.189195 0.210338 -0.086883 0.319948 -0.549487 1.868572 -4.367398 4.085829
0.620000 0.403784 0.189513 0.209790 -0.085027 0.315586 -0.545373 1.843352 -4.357027 4.141631
0.621000 0.403700 0.189827 0.209247 -0.083196 0.311234 -0.541204 1.818231 -4.346247 4.197027
0.622000 0.403618 0.190136 0.208708 -0.081391 0.306894 -0.536979 1.793216 -4.335072 4.251972
0.623000 0.403537 0.190440 0.208173 -0.079610 0.302564 -0.532700 1.768332 -4.323582 4.306554
0.624000 0.403459 0.190741 0.207643 -0.077854 0.298246 -0.528366 1.743617 -4.311901 4.360958
0.625000 0.403382 0.191037 0.207116 -0.076123 0.293940 -0.523978 1.719093 -4.300079 4.415240
0.626000 0.403306 0.191329 0.206595 -0.074416 0.289646 -0.519536 1.694763 -4.288080 4.469306
0.627000 0.403233 0.191616 0.206077 -0.072733 0.285364 -0.515039 1.670618 -4.275846 4.523058
0.628000 0.403161 0.191899 0.205565 -0.071075 0.281094 -0.510490 1.646632 -4.263285 4.576394
0.629000 0.403091 0.192178 0.205056 -0.069440 0.276838 -0.505887 1.622772 -4.250285 4.629206
0.630000 0.403022 0.192453 0.204553 -0.067829 0.272594 -0.501231 1.599024 -4.236822 4.681529
0.631000 0.402955 0.192724 0.204054 -0.066242 0.268364 -0.496524 1.575406 -4.222970 4.733517
0.632000 0.402890 0.192990 0.203560 -0.064678 0.264148 -0.491764 1.551926 -4.208772 4.785219
0.633000 0.402826 0.193252 0.203070 -0.063138 0.259946 -0.486953 1.528579 -4.194201 4.836547
0.634000 0.402763 0.193510 0.202586 -0.061621 0.255760 -0.482091 1.505366 -4.179239 4.887418
0.635000 0.402702 0.193763 0.202106 -0.060127 0.251588 -0.477178 1.482302 -4.163876 4.937757
0.636000 0.402643 0.194013 0.201631 -0.058656 0.247432 -0.472215 1.459408 -4.148109 4.987496
0.637000 0.402585 0.194258 0.201162 -0.057208 0.243292 -0.467203 1.436714 -4.131985 5.036687
0.638000 0.402529 0.194500 0.200697 -0.055783 0.239168 -0.462142 1.414233 -4.115570 5.085472
0.639000 0.402474 0.194737 0.200237 -0.054380 0.235061 -0.457032 1.391944 -4.098832 5.133870
0.640000 0.402420 0.194970 0.199783 -0.052999 0.230970 -0.451874 1.369797 -4.081663 5.181786
0.641000 0.402368 0.195199 0.199334 -0.051640 0.226897 -0.446669 1.347767 -4.064024 5.229230
0.642000 0.402317 0.195423 0.198890 -0.050304 0.222842 -0.441416 1.325864 -4.045976 5.276335
0.643000 0.402267 0.195644 0.198451 -0.048989 0.218805 -0.436116 1.304108 -4.027567 5.323148
0.644000 0.402219 0.195861 0.198017 -0.047695 0.214787 -0.430770 1.282511 -4.008809 5.369622
0.645000 0.402172 0.196074 0.197589 -0.046424 0.210788 -0.425377 1.261095 -3.989750 5.415796
0.646000 0.402126 0.196283 0.197167 -0.045173 0.206808 -0.419938 1.239884 -3.970474 5.461791
0.647000 0.402081 0.196487 0.196749 -0.043944 0.202847 -0.414453 1.218896 -3.951023 5.507614
0.648000 0.402038 0.196688 0.196338 -0.042735 0.198905 -0.408923 1.198137 -3.931377 5.553137
0.649000 0.401996 0.196885 0.195932 -0.041548 0.194984 -0.403347 1.177604 -3.911498 5.598236
0.650000 0.401955 0.197078 0.195531 -0.040380 0.191082 -0.397726 1.157275 -3.891314 5.642798
0.651000 0.401915 0.197267 0.195136 -0.039233 0.187201 -0.392061 1.137121 -3.870729 5.686711
0.652000 0.401876 0.197453 0.194747 -0.038106 0.183341 -0.386353 1.117129 -3.849716 5.729979
0.653000 0.401839 0.197634 0.194363 -0.036999 0.179502 -0.380601 1.097306 -3.828322 5.772695
0.654000 0.401802 0.197812 0.193986 -0.035911 0.175684 -0.374808 1.077660 -3.806584 5.814854
0.655000 0.401767 0.197985 0.193614 -0.034843 0.171889 -0.368972 1.058191 -3.784505 5.856347
0.656000 0.401733 0.198155 0.193248 -0.033795 0.168115 -0.363095 1.038909 -3.762117 5.897157
0.657000 0.401699 0.198322 0.192888 -0.032766 0.164365 -0.357177 1.019825 -3.739486 5.937367
0.658000 0.401667 0.198484 0.192533 -0.031755 0.160636 -0.351220 1.000945 -3.716636 5.976972
0.659000 0.401636 0.198643 0.192185 -0.030764 0.156931 -0.345223 0.982265 -3.693544 6.015854
0.660000 0.401606 0.198798 0.191843 -0.029791 0.153249 -0.339188 0.963779 -3.670167 6.053886
0.661000 0.401576 0.198949 0.191507 -0.028836 0.149591 -0.333116 0.945481 -3.646426 6.090940
0.662000 0.401548 0.199097 0.191177 -0.027900 0.145956 -0.327006 0.927364 -3.622222 6.126877
0.663000 0.401521 0.199241 0.190853 -0.026981 0.142346 -0.320862 0.909427 -3.597515 6.161666
0.664000 0.401494 0.199382 0.190535 -0.026081 0.138761 -0.314683 0.891679 -3.572332 6.195358
0.665000 0.401468 0.199519 0.190223 -0.025198 0.135202 -0.308471 0.874116 -3.546696 6.227908
0.666000 0.401444 0.199652 0.189918 -0.024333 0.131668 -0.302227 0.856730 -3.520599 6.259159
0.667000 0.401420 0.199782 0.189619 -0.023485 0.128161 -0.295953 0.839508 -3.494027 6.288953
0.668000 0.401397 0.199909 0.189326 -0.022654 0.124680 -0.289649 0.822437 -3.466963 6.317143
0.669000 0.401374 0.200032 0.189040 -0.021840 0.121227 -0.283319 0.805506 -3.439390 6.343586
0.670000 0.401353 0.200151 0.188760 -0.021043 0.117801 -0.276962 0.788707 -3.411314 6.368234
0.671000 0.401332 0.200267 0.188486 -0.020262 0.114404 -0.270582 0.772042 -3.382751 6.391116
0.672000 0.401312 0.200380 0.188218 -0.019499 0.111036 -0.264180 0.755503 -3.353652 6.412171
0.673000 0.401293 0.200489 0.187957 -0.018751 0.107697 -0.257758 0.739076 -3.323920 6.431232
0.674000 0.401275 0.200595 0.187703 -0.018020 0.104388 -0.251318 0.722753 -3.293477 6.448125
0.675000 0.401257 0.200698 0.187455 -0.017306 0.101110 -0.244862 0.706543 -3.262289 6.462670
0.676000 0.401240 0.200798 0.187213 -0.016607 0.097863 -0.238392 0.690460 -3.230343 6.474680
0.677000 0.401224 0.200894 0.186978 -0.015925 0.094649 -0.231912 0.674521 -3.197655 6.484064
0.678000 0.401208 0.200987 0.186749 -0.015258 0.091468 -0.225424 0.658729 -3.164258 6.490808
0.679000 0.401194 0.201077 0.186527 -0.014607 0.088321 -0.218931 0.643076 -3.130161 6.494807
0.680000 0.401179 0.201163 0.186311 -0.013972 0.085208 -0.212434 0.627542 -3.095340 6.495851
0.681000 0.401166 0.201247 0.186102 -0.013352 0.082130 -0.205939 0.612116 -3.059753 6.493734
0.682000 0.401153 0.201328 0.185900 -0.012748 0.079088 -0.199447 0.596800 -3.023324 6.488255
0.683000 0.401140 0.201405 0.185703 -0.012159 0.076083 -0.192962 0.581606 -2.985956 6.479219
0.684000 0.401128 0.201480 0.185514 -0.011585 0.073116 -0.186489 0.566545 -2.947593 6.466515
0.685000 0.401117 0.201552 0.185330 -0.011026 0.070188 -0.180029 0.551617 -2.908237 6.450093
0.686000 0.401106 0.201620 0.185154 -0.010481 0.067300 -0.173588 0.536808 -2.867899 6.429809
0.687000 0.401096 0.201686 0.184983 -0.009952 0.064452 -0.167170 0.522095 -2.826573 6.405408
0.688000 0.401086 0.201749 0.184819 -0.009437 0.061647 -0.160778 0.507461 -2.784240 6.376649
0.689000 0.401077 0.201809 0.184662 -0.008937 0.058884 -0.154416 0.492906 -2.740866 6.343315
0.690000 0.401068 0.201867 0.184510 -0.008451 0.056165 -0.148091 0.478438 -2.696405 6.305198
0.691000 0.401060 0.201922 0.184365 -0.007980 0.053491 -0.141806 0.464064 -2.650830 6.262173
0.692000 0.401052 0.201974 0.184227 -0.007523 0.050863 -0.135567 0.449794 -2.604134 6.214167
0.693000 0.401045 0.202023 0.184094 -0.007081 0.048283 -0.129378 0.435633 -2.556285 6.161017
0.694000 0.401038 0.202070 0.183968 -0.006652 0.045751 -0.123245 0.421588 -2.507227 6.102462
0.695000 0.401032 0.202115 0.183848 -0.006237 0.043268 -0.117173 0.407656 -2.456896 6.038242
0.696000 0.401026 0.202157 0.183734 -0.005837 0.040837 -0.111168 0.393817 -2.405230 5.968107
0.697000 0.401020 0.202197 0.183626 -0.005450 0.038458 -0.105237 0.380043 -2.352162 5.891811
0.698000 0.401015 0.202234 0.183523 -0.005077 0.036133 -0.099384 0.366315 -2.297653 5.809187
0.699000 0.401010 0.202269 0.183427 -0.004717 0.033862 -0.093618 0.352627 -2.241687 5.720131
0.700000 0.401005 0.202302 0.183336 -0.004371 0.031649 -0.087944 0.338983 -2.184242 5.624464
0.701000 0.401001 0.202332 0.183251 -0.004039 0.029494 -0.082369 0.325387 -2.125276 5.521919
0.702000 0.400997 0.202361 0.183171 -0.003721 0.027399 -0.076900 0.311843 -2.064738 5.412222
0.703000 0.400994 0.202387 0.183097 -0.003416 0.025365 -0.071545 0.298355 -2.002559 5.295094
0.704000 0.400991 0.202411 0.183028 -0.003124 0.023393 -0.066310 0.284926 -1.938659 5.170249
0.705000 0.400988 0.202434 0.182964 -0.002846 0.021487 -0.061204 0.271560 -1.872981 5.037485
0.706000 0.400985 0.202454 0.182906 -0.002581 0.019648 -0.056235 0.258260 -1.805498 4.896658
0.707000 0.400982 0.202473 0.182852 -0.002329 0.017876 -0.051411 0.245028 -1.736172 4.747554
0.708000 0.400980 0.202490 0.182803 -0.002091 0.016175 -0.046740 0.231866 -1.664950 4.589870
0.709000 0.400978 0.202505 0.182758 -0.001865 0.014546 -0.042231 0.218777 -1.591779 4.423307
0.710000 0.400976 0.202519 0.182718 -0.001653 0.012992 -0.037893 0.205762 -1.516601 4.247577
0.711000 0.400975 0.202531 0.182683 -0.001454 0.011513 -0.033736 0.192824 -1.439360 4.062397
0.712000 0.400974 0.202542 0.182651 -0.001268 0.010113 -0.029769 0.179962 -1.360010 3.867556
0.713000 0.400972 0.202552 0.182623 -0.001094 0.008793 -0.026001 0.167168 -1.278512 3.662890
0.714000 0.400971 0.202560 0.182599 -0.000933 0.007556 -0.022443 0.154416 -1.194794 3.448157
0.715000 0.400971 0.202567 0.182578 -0.000785 0.006403 -0.019105 0.141674 -1.108762 3.223025
0.716000 0.400970 0.202573 0.182561 -0.000650 0.005338 -0.015997 0.128917 -1.020335 2.987168
0.717000 0.400969 0.202577 0.182546 -0.000527 0.004363 -0.013130 0.116136 -0.929463 2.740273
0.718000 0.400969 0.202581 0.182535 -0.000418 0.003479 -0.010516 0.103329 -0.836111 2.482029
0.719000 0.400968 0.202584 0.182525 -0.000321 0.002691 -0.008166 0.048460 -0.394406 1.175017
0.720000 0.400968 0.202587 0.182518 -0.000321 0.002691 -0.008166 0.048460 -0.394406 1.175017
