0.000000 0.668230 -0.194753 0.137021 0.018036 -0.015691 0.017325 0.137024 -0.187442 0.856525
0.001000 0.668248 -0.194769 0.137038 0.018036 -0.015691 0.017325 0.137024 -0.187442 0.856525
0.002000 0.668266 -0.194784 0.137056 0.018310 -0.016066 0.019038 0.271032 -0.375023 1.742627
0.003000 0.668285 -0.194801 0.137076 0.018578 -0.016441 0.020810 0.264729 -0.375067 1.802281
0.004000 0.668304 -0.194817 0.137098 0.018840 -0.016816 0.022642 0.257873 -0.374617 1.862945
0.005000 0.668323 -0.194834 0.137121 0.019094 -0.017190 0.024536 0.250447 -0.373622 1.924632
0.006000 0.668342 -0.194852 0.137147 0.019341 -0.017563 0.026492 0.242442 -0.372041 1.987343
0.007000 0.668361 -0.194869 0.137174 0.019579 -0.017934 0.028511 0.233866 -0.369847 2.051066
0.008000 0.668381 -0.194888 0.137204 0.019808 -0.018303 0.030594 0.224734 -0.367021 2.115774
0.009000 0.668401 -0.194906 0.137235 0.020028 -0.018668 0.032742 0.215054 -0.363545 2.181436
0.010000 0.668421 -0.194925 0.137269 0.020239 -0.019030 0.034957 0.204826 -0.359401 2.248013
0.011000 0.668441 -0.194944 0.137305 0.020438 -0.019387 0.037238 0.194059 -0.354571 2.315444
0.012000 0.668462 -0.194964 0.137344 0.020627 -0.019739 0.039587 0.182768 -0.349035 2.383664
0.013000 0.668483 -0.194984 0.137384 0.020804 -0.020085 0.042005 0.170970 -0.342762 2.452618
0.014000 0.668503 -0.195004 0.137428 0.020969 -0.020425 0.044493 0.158680 -0.335709 2.522282
0.015000 0.668525 -0.195024 0.137473 0.021121 -0.020757 0.047050 0.145912 -0.327821 2.592647
0.016000 0.668546 -0.195045 0.137522 0.021260 -0.021080 0.049678 0.132673 -0.319052 2.663697
0.017000 0.668567 -0.195067 0.137573 0.021386 -0.021395 0.052377 0.118964 -0.309373 2.735416
0.018000 0.668588 -0.195088 0.137626 0.021498 -0.021699 0.055149 0.104790 -0.298760 2.807805
0.019000 0.668610 -0.195110 0.137683 0.021596 -0.021992 0.057993 0.090165 -0.287193 2.880881
0.020000 0.668632 -0.195132 0.137742 0.021679 -0.022273 0.060911 0.075095 -0.274650 2.954642
0.021000 0.668653 -0.195155 0.137805 0.021746 -0.022542 0.063902 0.059579 -0.261110 3.029059
0.022000 0.668675 -0.195177 0.137870 0.021798 -0.022796 0.066969 0.043624 -0.246551 3.104101
0.023000 0.668697 -0.195200 0.137939 0.021833 -0.023035 0.070110 0.027243 -0.230951 3.179742
0.024000 0.668719 -0.195223 0.138011 0.021852 -0.023258 0.073328 0.010451 -0.214287 3.255960
0.025000 0.668741 -0.195247 0.138085 0.021854 -0.023463 0.076622 -0.006737 -0.196538 3.332748
0.026000 0.668763 -0.195270 0.138164 0.021839 -0.023651 0.079994 -0.024308 -0.177680 3.410101
0.027000 0.668784 -0.195294 0.138245 0.021806 -0.023819 0.083443 -0.042255 -0.157690 3.487996
0.028000 0.668806 -0.195318 0.138331 0.021754 -0.023966 0.086970 -0.060578 -0.136545 3.566384
0.029000 0.668828 -0.195342 0.138419 0.021684 -0.024092 0.090575 -0.079273 -0.114222 3.645210
0.030000 0.668850 -0.195366 0.138512 0.021596 -0.024194 0.094260 -0.098324 -0.090701 3.724428
0.031000 0.668871 -0.195390 0.138608 0.021488 -0.024273 0.098024 -0.117716 -0.065979 3.804003
0.032000 0.668892 -0.195415 0.138708 0.021360 -0.024326 0.101868 -0.137435 -0.040083 3.883929
0.033000 0.668914 -0.195439 0.138812 0.021213 -0.024353 0.105792 -0.157467 -0.013058 3.964211
0.034000 0.668935 -0.195463 0.138919 0.021045 -0.024353 0.109797 -0.177806 0.015070 4.044829
0.035000 0.668956 -0.195488 0.139031 0.020857 -0.024323 0.113882 -0.198464 0.044304 4.125728
0.036000 0.668977 -0.195512 0.139147 0.020648 -0.024264 0.118048 -0.219458 0.074664 4.206855
0.037000 0.668997 -0.195536 0.139267 0.020418 -0.024174 0.122295 -0.240808 0.106172 4.288169
0.038000 0.669017 -0.195560 0.139392 0.020167 -0.024052 0.126624 -0.262523 0.138841 4.369624
0.039000 0.669038 -0.195584 0.139521 0.019893 -0.023896 0.131035 -0.284598 0.172669 4.451169
0.040000 0.669057 -0.195608 0.139654 0.019598 -0.023706 0.135527 -0.307017 0.207646 4.532751
0.041000 0.669077 -0.195632 0.139792 0.019279 -0.023481 0.140100 -0.329772 0.243766 4.614297
0.042000 0.669096 -0.195655 0.139934 0.018938 -0.023219 0.144755 -0.352863 0.281021 4.695734
0.043000 0.669115 -0.195678 0.140081 0.018574 -0.022919 0.149492 -0.376281 0.319381 4.777029
0.044000 0.669133 -0.195701 0.140233 0.018186 -0.022580 0.154309 -0.400009 0.358801 4.858174
0.045000 0.669151 -0.195723 0.140390 0.017774 -0.022201 0.159208 -0.424038 0.399250 4.939127
0.046000 0.669169 -0.195745 0.140551 0.017337 -0.021781 0.164188 -0.448365 0.440719 5.019808
0.047000 0.669186 -0.195767 0.140718 0.016877 -0.021320 0.169248 -0.472982 0.483201 5.100142
0.048000 0.669202 -0.195788 0.140890 0.016392 -0.020815 0.174388 -0.497867 0.526680 5.180073
0.049000 0.669218 -0.195809 0.141067 0.015881 -0.020266 0.179608 -0.523003 0.571130 5.259542
0.050000 0.669234 -0.195828 0.141249 0.015346 -0.019673 0.184907 -0.548369 0.616509 5.338483
0.051000 0.669249 -0.195848 0.141437 0.014784 -0.019033 0.190285 -0.573945 0.662768 5.416825
0.052000 0.669264 -0.195867 0.141630 0.014198 -0.018347 0.195741 -0.599719 0.709871 5.494474
0.053000 0.669277 -0.195885 0.141828 0.013585 -0.017614 0.201274 -0.625696 0.757796 5.571345
0.054000 0.669291 -0.195902 0.142032 0.012946 -0.016832 0.206883 -0.651888 0.806505 5.647426
0.055000 0.669303 -0.195918 0.142242 0.012281 -0.016001 0.212569 -0.678305 0.855946 5.722768
0.056000 0.669315 -0.195934 0.142457 0.011590 -0.015120 0.218329 -0.704949 0.906074 5.797405
0.057000 0.669327 -0.195948 0.142679 0.010871 -0.014188 0.224163 -0.731808 0.956858 5.871353
0.058000 0.669337 -0.195962 0.142906 0.010126 -0.013206 0.230072 -0.758858 1.008274 5.944611
0.059000 0.669347 -0.195975 0.143139 0.009354 -0.012172 0.236053 -0.786084 1.060309 6.017117
0.060000 0.669356 -0.195987 0.143378 0.008554 -0.011085 0.242106 -0.813485 1.112955 6.088746
0.061000 0.669364 -0.195997 0.143623 0.007727 -0.009946 0.248230 -0.841069 1.166195 6.159378
0.062000 0.669371 -0.196006 0.143874 0.006872 -0.008753 0.254425 -0.868843 1.220004 6.228923
0.063000 0.669378 -0.196015 0.144132 0.005989 -0.007506 0.260688 -0.896814 1.274356 6.297320
0.064000 0.669383 -0.196021 0.144396 0.005078 -0.006204 0.267019 -0.924989 1.329222 6.364563
0.065000 0.669388 -0.196027 0.144666 0.004139 -0.004848 0.273417 -0.953373 1.384574 6.430673
0.066000 0.669391 -0.196031 0.144943 0.003171 -0.003435 0.279880 -0.981970 1.440388 6.495603
0.067000 0.669394 -0.196034 0.145226 0.002175 -0.001967 0.286408 -1.010785 1.496638 6.559236
0.068000 0.669396 -0.196035 0.145515 0.001150 -0.000442 0.292999 -1.039819 1.553274 6.621488
0.069000 0.669396 -0.196035 0.145812 0.000095 0.001140 0.299651 -1.069075 1.610228 6.682325
0.070000 0.669396 -0.196033 0.146115 -0.000988 0.002779 0.306364 -1.098552 1.667438 6.741698
0.071000 0.669394 -0.196029 0.146424 -0.002102 0.004475 0.313135 -1.128250 1.724855 6.799536
0.072000 0.669392 -0.196024 0.146741 -0.003245 0.006228 0.319963 -1.158169 1.782440 6.855752
0.073000 0.669388 -0.196017 0.147064 -0.004418 0.008040 0.326846 -1.188305 1.840160 6.910212
0.074000 0.669383 -0.196008 0.147395 -0.005621 0.009909 0.333783 -1.218654 1.898000 6.962784
0.075000 0.669377 -0.195997 0.147732 -0.006855 0.011836 0.340772 -1.249212 1.955948 7.013462
0.076000 0.669369 -0.195984 0.148076 -0.008120 0.013820 0.347810 -1.279972 2.013992 7.062343
0.077000 0.669361 -0.195969 0.148427 -0.009415 0.015864 0.354896 -1.310928 2.072110 7.109498
0.078000 0.669350 -0.195952 0.148786 -0.010742 0.017965 0.362029 -1.342070 2.130261 7.154962
0.079000 0.669339 -0.195933 0.149152 -0.012099 0.020124 0.369206 -1.373389 2.188394 7.198747
0.080000 0.669326 -0.195912 0.149524 -0.013489 0.022341 0.376427 -1.404873 2.246468 7.240767
0.081000 0.669312 -0.195889 0.149904 -0.014909 0.024617 0.383688 -1.436511 2.304461 7.280864
0.082000 0.669296 -0.195863 0.150292 -0.016362 0.026950 0.390988 -1.468288 2.362375 7.318939
0.083000 0.669279 -0.195835 0.150686 -0.017846 0.029342 0.398326 -1.500191 2.420220 7.354978
0.084000 0.669261 -0.195804 0.151088 -0.019362 0.031791 0.405698 -1.532213 2.478005 7.388996
0.085000 0.669241 -0.195771 0.151498 -0.020910 0.034298 0.413104 -1.564362 2.535734 7.421059
0.086000 0.669219 -0.195736 0.151915 -0.022491 0.036862 0.420540 -1.596651 2.593413 7.451260
0.087000 0.669196 -0.195697 0.152339 -0.024104 0.039485 0.428006 -1.629086 2.651032 7.479574
0.088000 0.669171 -0.195657 0.152771 -0.025749 0.042164 0.435499 -1.661666 2.708564 7.505873
0.089000 0.669144 -0.195613 0.153210 -0.027427 0.044902 0.443018 -1.694393 2.765971 7.530117
0.090000 0.669116 -0.195567 0.153657 -0.029138 0.047696 0.450560 -1.727276 2.823214 7.552378
0.091000 0.669086 -0.195518 0.154111 -0.030881 0.050548 0.458123 -1.760325 2.880267 7.572720
0.092000 0.669054 -0.195466 0.154573 -0.032658 0.053457 0.465705 -1.793545 2.937135 7.591200
0.093000 0.669021 -0.195411 0.155042 -0.034468 0.056422 0.473305 -1.826942 2.993834 7.607868
0.094000 0.668985 -0.195353 0.155519 -0.036312 0.059445 0.480921 -1.860508 3.050366 7.622653
0.095000 0.668948 -0.195292 0.156004 -0.038189 0.062523 0.488550 -1.894231 3.106727 7.635418
0.096000 0.668909 -0.195228 0.156497 -0.040101 0.065658 0.496192 -1.928101 3.162937 7.646172
0.097000 0.668868 -0.195161 0.156997 -0.042046 0.068849 0.503843 -1.962114 3.219035 7.655048
0.098000 0.668825 -0.195090 0.157504 -0.044025 0.072096 0.511502 -1.996259 3.275033 7.662046
0.099000 0.668780 -0.195016 0.158020 -0.046038 0.075399 0.519167 -2.030524 3.330905 7.667027
0.100000 0.668733 -0.194939 0.158543 -0.048086 0.078758 0.526836 -2.064919 3.386608 7.669955
0.101000 0.668683 -0.194859 0.159073 -0.050168 0.082172 0.534507 -2.099467 3.442106 7.670926
0.102000 0.668632 -0.194775 0.159612 -0.052285 0.085642 0.542178 -2.134182 3.497377 7.670042
0.103000 0.668579 -0.194688 0.160158 -0.054436 0.089167 0.549847 -2.169059 3.552426 7.667409
0.104000 0.668523 -0.194597 0.160711 -0.056623 0.092747 0.557513 -2.204084 3.607271 7.663138
0.105000 0.668466 -0.194502 0.161273 -0.058845 0.096382 0.565173 -2.239231 3.661906 7.657182
0.106000 0.668406 -0.194404 0.161842 -0.061101 0.100071 0.572827 -2.274476 3.716312 7.649393
0.107000 0.668343 -0.194302 0.162418 -0.063394 0.103814 0.580472 -2.309812 3.770499 7.639782
0.108000 0.668279 -0.194196 0.163003 -0.065721 0.107612 0.588106 -2.345246 3.824504 7.628501
0.109000 0.668212 -0.194087 0.163595 -0.068084 0.111463 0.595729 -2.380771 3.878332 7.615554
0.110000 0.668143 -0.193973 0.164194 -0.070483 0.115368 0.603338 -2.416360 3.931946 7.600802
0.111000 0.668071 -0.193856 0.164801 -0.072917 0.119327 0.610931 -2.452002 3.985321 7.584257
0.112000 0.667997 -0.193735 0.165416 -0.075387 0.123339 0.618506 -2.487695 4.038443 7.566075
0.113000 0.667920 -0.193609 0.166038 -0.077892 0.127404 0.626063 -2.523419 4.091279 7.546253
0.114000 0.667841 -0.193480 0.166668 -0.080433 0.131522 0.633599 -2.559142 4.143789 7.524625
0.115000 0.667759 -0.193346 0.167305 -0.083010 0.135692 0.641112 -2.594841 4.195979 7.501148
0.116000 0.667675 -0.193208 0.167950 -0.085623 0.139914 0.648601 -2.630504 4.247888 7.475915
0.117000 0.667588 -0.193066 0.168603 -0.088271 0.144187 0.656064 -2.666108 4.299519 7.448876
0.118000 0.667499 -0.192920 0.169262 -0.090955 0.148513 0.663499 -2.701628 4.350834 7.419864
0.119000 0.667406 -0.192769 0.169930 -0.093675 0.152889 0.670903 -2.737083 4.401828 7.388910
0.120000 0.667311 -0.192614 0.170604 -0.096429 0.157316 0.678276 -2.772518 4.452523 7.356213
0.121000 0.667213 -0.192455 0.171286 -0.099220 0.161794 0.685616 -2.807947 4.502904 7.321794
0.122000 0.667113 -0.192291 0.171975 -0.102045 0.166322 0.692920 -2.843348 4.552917 7.285488
0.123000 0.667009 -0.192122 0.172672 -0.104906 0.170900 0.700187 -2.878705 4.602538 7.247279
0.124000 0.666903 -0.191949 0.173376 -0.107803 0.175527 0.707415 -2.914018 4.651774 7.207302
0.125000 0.666794 -0.191771 0.174087 -0.110734 0.180203 0.714601 -2.949269 4.700594 7.165527
0.126000 0.666682 -0.191589 0.174805 -0.113701 0.184928 0.721746 -2.984421 4.748947 7.121761
0.127000 0.666566 -0.191401 0.175530 -0.116703 0.189701 0.728845 -3.019472 4.796843 7.075981
0.128000 0.666448 -0.191209 0.176263 -0.119740 0.194522 0.735898 -3.054446 4.844337 7.028330
0.129000 0.666327 -0.191012 0.177002 -0.122812 0.199390 0.742902 -3.089336 4.891430 6.978780
0.130000 0.666202 -0.190810 0.177749 -0.125919 0.204305 0.749855 -3.124106 4.938062 6.927151
0.131000 0.666075 -0.190604 0.178502 -0.129060 0.209266 0.756756 -3.158743 4.984202 6.873471
0.132000 0.665944 -0.190392 0.179262 -0.132236 0.214273 0.763602 -3.193259 5.029853 6.817959
0.133000 0.665811 -0.190175 0.180029 -0.135447 0.219326 0.770392 -3.227636 5.074973 6.760636
0.134000 0.665673 -0.189953 0.180803 -0.138692 0.224423 0.777123 -3.261825 5.119482 6.701324
0.135000 0.665533 -0.189726 0.181583 -0.141971 0.229565 0.783795 -3.295801 5.163355 6.640032
0.136000 0.665390 -0.189494 0.182370 -0.145283 0.234750 0.790403 -3.329571 5.206620 6.576996
0.137000 0.665243 -0.189257 0.183164 -0.148630 0.239978 0.796949 -3.363148 5.249311 6.512439
0.138000 0.665092 -0.189014 0.183964 -0.152010 0.245249 0.803428 -3.396559 5.291473 6.446561
0.139000 0.664939 -0.188766 0.184771 -0.155423 0.250561 0.809842 -3.429832 5.333153 6.379547
0.140000 0.664781 -0.188513 0.185584 -0.158869 0.255915 0.816187 -3.462955 5.374328 6.311353
0.141000 0.664621 -0.188254 0.186403 -0.162349 0.261310 0.822464 -3.495876 5.414925 6.241778
0.142000 0.664457 -0.187990 0.187229 -0.165861 0.266745 0.828671 -3.528575 5.454936 6.170859
0.143000 0.664289 -0.187721 0.188061 -0.169406 0.272220 0.834806 -3.561062 5.494408 6.098847
0.144000 0.664118 -0.187446 0.188899 -0.172983 0.277734 0.840869 -3.593311 5.533324 6.025771
0.145000 0.663943 -0.187165 0.189742 -0.176593 0.283286 0.846858 -3.625268 5.571600 5.951437
0.146000 0.663765 -0.186879 0.190592 -0.180234 0.288877 0.852772 -3.656922 5.609207 5.875841
0.147000 0.663583 -0.186588 0.191448 -0.183906 0.294505 0.858609 -3.688305 5.646172 5.799174
0.148000 0.663397 -0.186290 0.192309 -0.187610 0.300169 0.864370 -3.719402 5.682460 5.721416
0.149000 0.663207 -0.185987 0.193177 -0.191345 0.305869 0.870052 -3.750153 5.717996 5.642331
0.150000 0.663014 -0.185679 0.194050 -0.195111 0.311605 0.875655 -3.780538 5.752806 5.561862
0.151000 0.662817 -0.185364 0.194928 -0.198906 0.317375 0.881176 -3.810572 5.786996 5.480146
0.152000 0.662616 -0.185044 0.195812 -0.202732 0.323179 0.886615 -3.840229 5.820584 5.397126
0.153000 0.662412 -0.184718 0.196701 -0.206587 0.329016 0.891970 -3.869445 5.853481 5.312591
0.154000 0.662203 -0.184386 0.197596 -0.210471 0.334886 0.897240 -3.898208 5.885646 5.226619
0.155000 0.661991 -0.184048 0.198496 -0.214383 0.340788 0.902423 -3.926555 5.917095 5.139526
0.156000 0.661774 -0.183704 0.199401 -0.218324 0.346720 0.907519 -3.954467 5.947771 5.051382
0.157000 0.661554 -0.183355 0.200311 -0.222292 0.352683 0.912526 -3.981878 5.977554 4.961989
0.158000 0.661330 -0.182999 0.201226 -0.226287 0.358675 0.917443 -4.008762 6.006401 4.871336
0.159000 0.661102 -0.182637 0.202146 -0.230310 0.364696 0.922269 -4.035140 6.034339 4.779617
0.160000 0.660869 -0.182269 0.203070 -0.234358 0.370744 0.927002 -4.060981 6.061320 4.686808
0.161000 0.660633 -0.181896 0.204000 -0.238432 0.376819 0.931642 -4.086212 6.087241 4.592658
0.162000 0.660392 -0.181516 0.204934 -0.242530 0.382918 0.936188 -4.110817 6.112113 4.497134
0.163000 0.660148 -0.181130 0.205872 -0.246653 0.389043 0.940637 -4.134836 6.136041 4.400412
0.164000 0.659899 -0.180738 0.206815 -0.250800 0.395191 0.944988 -4.158248 6.159030 4.302455
0.165000 0.659646 -0.180339 0.207762 -0.254970 0.401361 0.949242 -4.180985 6.180985 4.203039
0.166000 0.659389 -0.179935 0.208713 -0.259162 0.407553 0.953395 -4.203042 6.201896 4.102211
0.167000 0.659128 -0.179524 0.209669 -0.263376 0.413765 0.957446 -4.224476 6.221846 4.000270
0.168000 0.658862 -0.179107 0.210628 -0.267611 0.419996 0.961395 -4.245275 6.240814 3.897261
0.169000 0.658593 -0.178684 0.211592 -0.271866 0.426246 0.965241 -4.265352 6.258668 3.792961
0.170000 0.658319 -0.178255 0.212559 -0.276141 0.432514 0.968981 -4.284666 6.275351 3.687360
0.171000 0.658040 -0.177819 0.213530 -0.280436 0.438797 0.972615 -4.303234 6.290915 3.580730
0.172000 0.657758 -0.177377 0.214504 -0.284748 0.445095 0.976142 -4.321084 6.305442 3.473338
0.173000 0.657471 -0.176929 0.215482 -0.289078 0.451408 0.979562 -4.338249 6.319065 3.365447
0.174000 0.657180 -0.176475 0.216463 -0.293424 0.457734 0.982873 -4.354770 6.331949 3.257319
0.175000 0.656884 -0.176014 0.217448 -0.297787 0.464072 0.986077 -4.370612 6.344113 3.148929
0.176000 0.656584 -0.175546 0.218435 -0.302166 0.470422 0.989171 -4.385690 6.355454 3.040051
0.177000 0.656280 -0.175073 0.219426 -0.306559 0.476783 0.992157 -4.400008 6.365979 2.930750
0.178000 0.655971 -0.174593 0.220420 -0.310966 0.483154 0.995033 -4.413643 6.375806 2.821352
0.179000 0.655658 -0.174107 0.221416 -0.315386 0.489534 0.997799 -4.426594 6.384927 2.711917
0.180000 0.655340 -0.173614 0.222415 -0.319819 0.495924 1.000457 -4.438779 6.393204 2.602220
0.181000 0.655018 -0.173115 0.223417 -0.324264 0.502321 1.003004 -4.450189 6.400594 2.492242
0.182000 0.654692 -0.172609 0.224421 -0.328719 0.508725 1.005441 -4.460883 6.407154 2.382198
0.183000 0.654361 -0.172097 0.225428 -0.333185 0.515135 1.007768 -4.470843 6.412833 2.272060
0.184000 0.654025 -0.171579 0.226437 -0.337661 0.521550 1.009985 -4.479970 6.417499 2.161561
0.185000 0.653685 -0.171054 0.227448 -0.342145 0.527970 1.012091 -4.488236 6.421185 2.050671
0.186000 0.653341 -0.170523 0.228461 -0.346637 0.534393 1.014086 -4.495684 6.424059 1.939593
0.187000 0.652992 -0.169985 0.229476 -0.351137 0.540818 1.015971 -4.502280 6.426146 1.828299
0.188000 0.652639 -0.169441 0.230493 -0.355642 0.547245 1.017743 -4.507930 6.427319 1.716555
0.189000 0.652281 -0.168891 0.231511 -0.360152 0.553673 1.019404 -4.512638 6.427568 1.604423
0.190000 0.651918 -0.168334 0.232532 -0.364667 0.560100 1.020952 -4.516498 6.427000 1.492237
0.191000 0.651551 -0.167771 0.233553 -0.369185 0.566527 1.022388 -4.519511 6.425589 1.380057
0.192000 0.651180 -0.167201 0.234576 -0.373706 0.572951 1.023712 -4.521583 6.423164 1.267654
0.193000 0.650804 -0.166625 0.235601 -0.378229 0.579373 1.024923 -4.522707 6.419659 1.155014
0.194000 0.650424 -0.166042 0.236626 -0.382752 0.585791 1.026022 -4.522959 6.415126 1.042363
0.195000 0.650039 -0.165453 0.237653 -0.387275 0.592203 1.027008 -4.522321 6.409494 0.929682
0.196000 0.649649 -0.164858 0.238680 -0.391796 0.598610 1.027881 -4.520683 6.402608 0.816703
0.197000 0.649255 -0.164256 0.239709 -0.396316 0.605009 1.028642 -4.518020 6.394505 0.703405
0.198000 0.648856 -0.163648 0.240738 -0.400832 0.611399 1.029288 -4.514389 6.385379 0.590010
0.199000 0.648453 -0.163033 0.241767 -0.405345 0.617779 1.029822 -4.509759 6.375261 0.476498
0.200000 0.648046 -0.162412 0.242797 -0.409852 0.624149 1.030241 -4.504022 6.364012 0.362631
0.201000 0.647634 -0.161785 0.243828 -0.414353 0.630507 1.030547 -4.497185 6.351627 0.248461
0.202000 0.647217 -0.161151 0.244858 -0.418846 0.636852 1.030738 -4.489358 6.338242 0.134310
0.203000 0.646796 -0.160511 0.245889 -0.423331 0.643184 1.030815 -4.480541 6.323834 0.020228
0.204000 0.646370 -0.159865 0.246920 -0.427807 0.649500 1.030779 -4.470630 6.308208 -0.094024
0.205000 0.645940 -0.159212 0.247951 -0.432273 0.655800 1.030627 -4.459619 6.291282 -0.208466
0.206000 0.645506 -0.158553 0.248981 -0.436727 0.662083 1.030362 -4.447598 6.273099 -0.322879
0.207000 0.645067 -0.157888 0.250011 -0.441168 0.668346 1.029982 -4.434553 6.253572 -0.437290
0.208000 0.644623 -0.157217 0.251041 -0.445596 0.674590 1.029487 -4.420372 6.232520 -0.551977
0.209000 0.644176 -0.156539 0.252070 -0.450009 0.680811 1.028878 -4.405058 6.209986 -0.666992
0.210000 0.643723 -0.155855 0.253099 -0.454406 0.687010 1.028153 -4.388745 6.186238 -0.782082
0.211000 0.643267 -0.155165 0.254127 -0.458786 0.693184 1.027314 -4.371576 6.161538 -0.896959
0.212000 0.642806 -0.154469 0.255153 -0.463149 0.699333 1.026359 -4.353701 6.136140 -1.011273
0.213000 0.642341 -0.153766 0.256179 -0.467494 0.705456 1.025291 -4.335276 6.110295 -1.124640
0.214000 0.641871 -0.153058 0.257204 -0.471820 0.711553 1.024110 -4.316312 6.084021 -1.237004
0.215000 0.641397 -0.152343 0.258228 -0.476126 0.717624 1.022817 -4.296695 6.057127 -1.348598
0.216000 0.640919 -0.151622 0.259250 -0.480413 0.723668 1.021413 -4.276428 6.029546 -1.459437
0.217000 0.640436 -0.150896 0.260270 -0.484679 0.729683 1.019898 -4.255621 6.001359 -1.569292
0.218000 0.639949 -0.150163 0.261289 -0.488924 0.735670 1.018274 -4.234269 5.972492 -1.678178
0.219000 0.639458 -0.149424 0.262307 -0.493148 0.741628 1.016542 -4.212253 5.942763 -1.786354
0.220000 0.638963 -0.148680 0.263323 -0.497349 0.747556 1.014701 -4.189582 5.912229 -1.893833
0.221000 0.638464 -0.147929 0.264336 -0.501527 0.753453 1.012754 -4.166387 5.881152 -2.000381
0.222000 0.637960 -0.147173 0.265348 -0.505681 0.759318 1.010701 -4.142671 5.849584 -2.106004
0.223000 0.637452 -0.146411 0.266358 -0.509812 0.765152 1.008542 -4.118322 5.817359 -2.210946
0.224000 0.636940 -0.145643 0.267365 -0.513918 0.770953 1.006279 -4.093358 5.784474 -2.315184
0.225000 0.636424 -0.144869 0.268370 -0.517999 0.776721 1.003912 -4.067928 5.751096 -2.418443
0.226000 0.635904 -0.144089 0.269373 -0.522054 0.782455 1.001442 -4.042046 5.717203 -2.520701
0.227000 0.635380 -0.143304 0.270373 -0.526083 0.788155 0.998870 -4.015591 5.682566 -2.622211
0.228000 0.634852 -0.142513 0.271371 -0.530085 0.793820 0.996197 -3.988571 5.647102 -2.723019
0.229000 0.634320 -0.141716 0.272366 -0.534060 0.799450 0.993424 -3.961116 5.610890 -2.822939
0.230000 0.633784 -0.140914 0.273358 -0.538007 0.805042 0.990552 -3.933226 5.573844 -2.922020
0.231000 0.633244 -0.140106 0.274347 -0.541926 0.810597 0.987580 -3.904778 5.535753 -3.020545
0.232000 0.632700 -0.139293 0.275333 -0.545817 0.816114 0.984511 -3.875786 5.496662 -3.118577
0.233000 0.632152 -0.138474 0.276316 -0.549678 0.821591 0.981343 -3.846401 5.456833 -3.215956
0.234000 0.631601 -0.137650 0.277295 -0.553510 0.827027 0.978079 -3.816634 5.416311 -3.312736
0.235000 0.631045 -0.136820 0.278272 -0.557311 0.832423 0.974718 -3.786354 5.374924 -3.409156
0.236000 0.630486 -0.135985 0.279245 -0.561082 0.837777 0.971260 -3.755564 5.332707 -3.505170
0.237000 0.629923 -0.135144 0.280214 -0.564822 0.843089 0.967707 -3.724399 5.289901 -3.600468
0.238000 0.629357 -0.134298 0.281180 -0.568531 0.848357 0.964059 -3.692856 5.246523 -3.694997
0.239000 0.628786 -0.133447 0.282142 -0.572208 0.853582 0.960317 -3.660801 5.202339 -3.788993
0.240000 0.628212 -0.132591 0.283101 -0.575853 0.858762 0.956481 -3.628247 5.157263 -3.882517
0.241000 0.627634 -0.131730 0.284055 -0.579465 0.863896 0.952552 -3.595349 5.111376 -3.975415
0.242000 0.627053 -0.130864 0.285006 -0.583044 0.868984 0.948531 -3.562115 5.064587 -4.067744
0.243000 0.626468 -0.129992 0.285953 -0.586589 0.874025 0.944417 -3.528406 5.016671 -4.159767
0.244000 0.625880 -0.129115 0.286895 -0.590100 0.879018 0.940211 -3.494224 4.967694 -4.251513
0.245000 0.625288 -0.128234 0.287833 -0.593577 0.883961 0.935914 -3.459710 4.917956 -4.342777
0.246000 0.624693 -0.127348 0.288767 -0.597020 0.888854 0.931525 -3.424857 4.867522 -4.433572
0.247000 0.624094 -0.126456 0.289696 -0.600427 0.893696 0.927047 -3.389515 4.816212 -4.524116
0.248000 0.623492 -0.125560 0.290621 -0.603799 0.898486 0.922477 -3.353669 4.764056 -4.614365
0.249000 0.622887 -0.124659 0.291541 -0.607134 0.903224 0.917818 -3.317486 4.711351 -4.703980
0.250000 0.622278 -0.123754 0.292456 -0.610434 0.907909 0.913069 -3.281135 4.658357 -4.792658
0.251000 0.621666 -0.122843 0.293367 -0.613697 0.912541 0.908233 -3.244797 4.605267 -4.880171
0.252000 0.621050 -0.121929 0.294273 -0.616923 0.917119 0.903309 -3.208659 4.552235 -4.966327
0.253000 0.620432 -0.121009 0.295174 -0.620114 0.921645 0.898300 -3.172723 4.499171 -5.051187
0.254000 0.619810 -0.120085 0.296069 -0.623269 0.926118 0.893207 -3.136844 4.445842 -5.134999
0.255000 0.619185 -0.119157 0.296960 -0.626388 0.930537 0.888030 -3.101041 4.392315 -5.217769
0.256000 0.618557 -0.118224 0.297846 -0.629471 0.934902 0.882771 -3.065485 4.338907 -5.299276
0.257000 0.617926 -0.117287 0.298726 -0.632519 0.939215 0.877431 -3.030189 4.285687 -5.379516
0.258000 0.617292 -0.116346 0.299600 -0.635531 0.943474 0.872012 -2.994997 4.232454 -5.458703
0.259000 0.616655 -0.115400 0.300470 -0.638509 0.947679 0.866514 -2.959892 4.179220 -5.536845
0.260000 0.616015 -0.114450 0.301333 -0.641451 0.951832 0.860938 -2.924999 4.126218 -5.613736
0.261000 0.615372 -0.113497 0.302192 -0.644359 0.955932 0.855286 -2.890298 4.073440 -5.689378
0.262000 0.614727 -0.112539 0.303044 -0.647232 0.959979 0.849560 -2.855630 4.020611 -5.764006
0.263000 0.614078 -0.111577 0.303891 -0.650070 0.963973 0.843758 -2.821017 3.967619 -5.837685
0.264000 0.613426 -0.110611 0.304732 -0.652874 0.967914 0.837884 -2.786641 3.914546 -5.910287
0.265000 0.612772 -0.109641 0.305566 -0.655643 0.971802 0.831938 -2.752519 3.861279 -5.981868
0.266000 0.612115 -0.108667 0.306395 -0.658379 0.975637 0.825920 -2.718492 3.807557 -6.052649
0.267000 0.611455 -0.107690 0.307218 -0.661080 0.979417 0.819833 -2.684548 3.753424 -6.122626
0.268000 0.610793 -0.106708 0.308035 -0.663748 0.983144 0.813675 -2.650825 3.699186 -6.191580
0.269000 0.610128 -0.105723 0.308846 -0.666382 0.986816 0.807449 -2.617303 3.644891 -6.259496
0.270000 0.609460 -0.104735 0.309650 -0.668982 0.990433 0.801156 -2.583803 3.590324 -6.326571
0.271000 0.608790 -0.103742 0.310448 -0.671549 0.993996 0.794796 -2.550300 3.535501 -6.392825
0.272000 0.608117 -0.102747 0.311240 -0.674083 0.997504 0.788371 -2.516922 3.480680 -6.458084
0.273000 0.607442 -0.101747 0.312025 -0.676583 1.000958 0.781880 -2.483641 3.425864 -6.522358
0.274000 0.606764 -0.100745 0.312803 -0.679050 1.004356 0.775326 -2.450278 3.370783 -6.585853
0.275000 0.606084 -0.099739 0.313575 -0.681484 1.007699 0.768708 -2.416823 3.315362 -6.648592
0.276000 0.605401 -0.098729 0.314341 -0.683884 1.010987 0.762029 -2.383429 3.259744 -6.710407
0.277000 0.604716 -0.097717 0.315099 -0.686251 1.014219 0.755288 -2.350087 3.203851 -6.771312
0.278000 0.604028 -0.096701 0.315851 -0.688584 1.017395 0.748486 -2.316626 3.147432 -6.831495
0.279000 0.603339 -0.095682 0.316596 -0.690884 1.020514 0.741625 -2.283057 3.090547 -6.890954
0.280000 0.602647 -0.094660 0.317335 -0.693150 1.023576 0.734704 -2.249557 3.033529 -6.949497
0.281000 0.601952 -0.093635 0.318066 -0.695383 1.026581 0.727726 -2.216129 2.976438 -7.007113
0.282000 0.601256 -0.092607 0.318790 -0.697582 1.029528 0.720690 -2.182597 2.919038 -7.063984
0.283000 0.600557 -0.091576 0.319507 -0.699748 1.032419 0.713598 -2.148936 2.861313 -7.120132
0.284000 0.599856 -0.090542 0.320217 -0.701880 1.035251 0.706450 -2.115282 2.803482 -7.175407
0.285000 0.599154 -0.089505 0.320920 -0.703979 1.038026 0.699247 -2.081604 2.745512 -7.229823
0.286000 0.598448 -0.088466 0.321616 -0.706044 1.040742 0.691990 -2.047718 2.687108 -7.283565
0.287000 0.597741 -0.087424 0.322304 -0.708074 1.043400 0.684680 -2.013616 2.628184 -7.336656
0.288000 0.597032 -0.086379 0.322985 -0.710071 1.045999 0.677317 -1.979500 2.568948 -7.388911
0.289000 0.596321 -0.085332 0.323659 -0.712033 1.048538 0.669902 -1.945571 2.509644 -7.440136
0.290000 0.595608 -0.084282 0.324325 -0.713962 1.051018 0.662436 -1.912031 2.450595 -7.490132
0.291000 0.594893 -0.083230 0.324984 -0.715857 1.053439 0.654922 -1.879075 2.392160 -7.538690
0.292000 0.594177 -0.082175 0.325635 -0.717720 1.055802 0.647359 -1.846688 2.334373 -7.585804
0.293000 0.593458 -0.081118 0.326278 -0.719551 1.058108 0.639750 -1.814680 2.276992 -7.631639
0.294000 0.592737 -0.080059 0.326914 -0.721349 1.060356 0.632096 -1.783032 2.220021 -7.676220
0.295000 0.592015 -0.078997 0.327542 -0.723117 1.062548 0.624398 -1.751890 2.163720 -7.719419
0.296000 0.591291 -0.077934 0.328163 -0.724853 1.064684 0.616657 -1.721231 2.108083 -7.761253
0.297000 0.590566 -0.076868 0.328776 -0.726559 1.066764 0.608875 -1.690859 2.052818 -7.801899
0.298000 0.589838 -0.075800 0.329381 -0.728235 1.068789 0.601053 -1.660747 1.997843 -7.841406
0.299000 0.589109 -0.074730 0.329978 -0.729881 1.070760 0.593192 -1.631036 1.943307 -7.879685
0.300000 0.588378 -0.073659 0.330567 -0.731497 1.072676 0.585294 -1.601695 1.889129 -7.916769
0.301000 0.587646 -0.072585 0.331148 -0.733084 1.074538 0.577359 -1.572523 1.835028 -7.952806
0.302000 0.586912 -0.071510 0.331722 -0.734642 1.076346 0.569388 -1.543485 1.781039 -7.987766
0.303000 0.586177 -0.070432 0.332287 -0.736171 1.078100 0.561383 -1.514716 1.727471 -8.021460
0.304000 0.585440 -0.069353 0.332845 -0.737671 1.079801 0.553345 -1.486180 1.674361 -8.053849
0.305000 0.584701 -0.068273 0.333394 -0.739143 1.081449 0.545275 -1.457680 1.621452 -8.085066
0.306000 0.583962 -0.067190 0.333935 -0.740587 1.083044 0.537175 -1.429202 1.568728 -8.115151
0.307000 0.583220 -0.066107 0.334468 -0.742002 1.084586 0.529045 -1.400907 1.516425 -8.144020
0.308000 0.582478 -0.065021 0.334993 -0.743389 1.086077 0.520887 -1.372782 1.464518 -8.171704
0.309000 0.581733 -0.063935 0.335510 -0.744747 1.087515 0.512702 -1.344631 1.412704 -8.198358
0.310000 0.580988 -0.062846 0.336019 -0.746078 1.088902 0.504490 -1.316438 1.360906 -8.224022
0.311000 0.580241 -0.061757 0.336519 -0.747380 1.090237 0.496254 -1.288359 1.309288 -8.248613
0.312000 0.579493 -0.060666 0.337011 -0.748655 1.091521 0.487993 -1.260374 1.257774 -8.272156
0.313000 0.578744 -0.059574 0.337495 -0.749901 1.092753 0.479709 -1.232284 1.206087 -8.294774
0.314000 0.577993 -0.058480 0.337971 -0.751119 1.093933 0.471404 -1.204067 1.154270 -8.316448
0.315000 0.577242 -0.057386 0.338438 -0.752309 1.095061 0.463076 -1.175875 1.102651 -8.337032
0.316000 0.576489 -0.056290 0.338897 -0.753471 1.096138 0.454729 -1.147682 1.051274 -8.356497
0.317000 0.575735 -0.055194 0.339347 -0.754605 1.097164 0.446363 -1.119286 0.999887 -8.374964
0.318000 0.574980 -0.054096 0.339789 -0.755710 1.098138 0.437980 -1.090658 0.948487 -8.392485
0.319000 0.574223 -0.052997 0.340223 -0.756786 1.099061 0.429579 -1.061947 0.897329 -8.409016
0.320000 0.573466 -0.051898 0.340649 -0.757833 1.099932 0.421161 -1.033123 0.846398 -8.424597
0.321000 0.572708 -0.050797 0.341066 -0.758852 1.100753 0.412729 -1.003977 0.795387 -8.439359
0.322000 0.571948 -0.049696 0.341474 -0.759841 1.101523 0.404283 -0.974478 0.744208 -8.453326
0.323000 0.571188 -0.048594 0.341874 -0.760801 1.102242 0.395823 -0.944770 0.693013 -8.466422
0.324000 0.570427 -0.047492 0.342266 -0.761731 1.102909 0.387350 -0.914818 0.641714 -8.478654
0.325000 0.569665 -0.046389 0.342649 -0.762631 1.103525 0.378865 -0.884411 0.590022 -8.490120
0.326000 0.568902 -0.045285 0.343023 -0.763500 1.104089 0.370370 -0.853514 0.537969 -8.500811
0.327000 0.568138 -0.044180 0.343390 -0.764338 1.104601 0.361864 -0.822314 0.485940 -8.510597
0.328000 0.567373 -0.043075 0.343747 -0.765144 1.105061 0.353348 -0.791015 0.434300 -8.519368
0.329000 0.566607 -0.041970 0.344096 -0.765920 1.105470 0.344825 -0.759851 0.383385 -8.527047
0.330000 0.565841 -0.040865 0.344437 -0.766664 1.105828 0.336294 -0.729071 0.333515 -8.533577
0.331000 0.565074 -0.039759 0.344769 -0.767378 1.106137 0.327758 -0.698686 0.284667 -8.538991
0.332000 0.564306 -0.038652 0.345092 -0.768061 1.106397 0.319216 -0.668501 0.236527 -8.543388
0.333000 0.563538 -0.037546 0.345407 -0.768715 1.106610 0.310671 -0.638477 0.189003 -8.546785
0.334000 0.562769 -0.036439 0.345714 -0.769338 1.106775 0.302123 -0.608749 0.142239 -8.549114
0.335000 0.561999 -0.035332 0.346012 -0.769932 1.106894 0.293573 -0.579276 0.096144 -8.550375
0.336000 0.561229 -0.034225 0.346301 -0.770497 1.106968 0.285022 -0.549838 0.050426 -8.550635
0.337000 0.560458 -0.033118 0.346582 -0.771032 1.106995 0.276472 -0.520392 0.005111 -8.549876
0.338000 0.559687 -0.032011 0.346854 -0.771538 1.106978 0.267922 -0.491069 -0.039484 -8.547998
0.339000 0.558915 -0.030904 0.347117 -0.772014 1.106916 0.259376 -0.461829 -0.083327 -8.544973
0.340000 0.558143 -0.029797 0.347373 -0.772461 1.106811 0.250832 -0.432471 -0.126668 -8.540874
0.341000 0.557370 -0.028691 0.347619 -0.772879 1.106663 0.242294 -0.402999 -0.169499 -8.535755
0.342000 0.556597 -0.027584 0.347857 -0.773267 1.106472 0.233761 -0.373612 -0.211536 -8.529615
0.343000 0.555824 -0.026478 0.348087 -0.773626 1.106240 0.225235 -0.344318 -0.252778 -8.522497
0.344000 0.555050 -0.025372 0.348308 -0.773956 1.105967 0.216716 -0.314922 -0.293528 -8.514481
0.345000 0.554276 -0.024266 0.348520 -0.774256 1.105653 0.208206 -0.285407 -0.333878 -8.505594
0.346000 0.553501 -0.023160 0.348724 -0.774527 1.105299 0.199705 -0.255936 -0.373682 -8.495803
0.347000 0.552727 -0.022055 0.348919 -0.774768 1.104905 0.191214 -0.226490 -0.413029 -8.485115
0.348000 0.551952 -0.020951 0.349106 -0.774980 1.104473 0.182734 -0.196863 -0.452212 -8.473569
0.349000 0.551177 -0.019846 0.349285 -0.775162 1.104001 0.174267 -0.167035 -0.491200 -8.461131
0.350000 0.550401 -0.018743 0.349455 -0.775314 1.103490 0.165812 -0.137168 -0.529675 -8.447701
0.351000 0.549626 -0.017639 0.349617 -0.775436 1.102942 0.157371 -0.107244 -0.567603 -8.433237
0.352000 0.548851 -0.016537 0.349770 -0.775528 1.102355 0.148946 -0.077067 -0.605241 -8.417772
0.353000 0.548075 -0.015435 0.349914 -0.775590 1.101731 0.140536 -0.046642 -0.642601 -8.401340
0.354000 0.547299 -0.014333 0.350051 -0.775622 1.101070 0.132143 -0.016163 -0.679431 -8.383947
0.355000 0.546524 -0.013232 0.350179 -0.775623 1.100372 0.123768 0.014366 -0.715750 -8.365619
0.356000 0.545748 -0.012132 0.350298 -0.775593 1.099638 0.115412 0.045151 -0.751877 -8.346409
0.357000 0.544973 -0.011033 0.350410 -0.775532 1.098869 0.107075 0.076237 -0.787924 -8.326350
0.358000 0.544197 -0.009935 0.350512 -0.775440 1.098063 0.098759 0.107497 -0.823773 -8.305448
0.359000 0.543422 -0.008837 0.350607 -0.775317 1.097221 0.090464 0.138977 -0.859533 -8.283721
0.360000 0.542646 -0.007740 0.350693 -0.775162 1.096344 0.082192 0.170892 -0.895498 -8.261189
0.361000 0.541871 -0.006644 0.350771 -0.774975 1.095430 0.073942 0.203266 -0.931632 -8.237830
0.362000 0.541097 -0.005549 0.350841 -0.774756 1.094480 0.065716 0.235935 -0.967610 -8.213582
0.363000 0.540322 -0.004455 0.350903 -0.774504 1.093495 0.057515 0.268919 -1.003388 -8.188413
0.364000 0.539548 -0.003362 0.350956 -0.774218 1.092474 0.049339 0.302413 -1.039228 -8.162341
0.365000 0.538773 -0.002270 0.351002 -0.773899 1.091416 0.041190 0.336409 -1.075155 -8.135412
0.366000 0.538000 -0.001180 0.351039 -0.773545 1.090323 0.033068 0.370667 -1.110885 -8.107670
0.367000 0.537226 -0.000090 0.351068 -0.773157 1.089195 0.024975 0.404950 -1.146165 -8.079151
0.368000 0.536453 0.000999 0.351089 -0.772735 1.088031 0.016910 0.439038 -1.180802 -8.049883
0.369000 0.535681 0.002086 0.351101 -0.772279 1.086833 0.008875 0.472719 -1.214638 -8.019887
0.370000 0.534909 0.003172 0.351106 -0.771790 1.085602 0.000870 0.506013 -1.247795 -7.989175
0.371000 0.534137 0.004257 0.351103 -0.771267 1.084337 -0.007103 0.539133 -1.280567 -7.957752
0.372000 0.533366 0.005341 0.351092 -0.770712 1.083040 -0.015045 0.572120 -1.312908 -7.925615
0.373000 0.532596 0.006424 0.351073 -0.770123 1.081712 -0.022955 0.604843 -1.344481 -7.892753
0.374000 0.531826 0.007505 0.351046 -0.769502 1.080351 -0.030831 0.637343 -1.375228 -7.859154
0.375000 0.531057 0.008584 0.351011 -0.768848 1.078961 -0.038673 0.669818 -1.405388 -7.824820
0.376000 0.530288 0.009662 0.350969 -0.768162 1.077541 -0.046480 0.702259 -1.434949 -7.789795
0.377000 0.529521 0.010739 0.350919 -0.767444 1.076091 -0.054252 0.734465 -1.463636 -7.754140
0.378000 0.528753 0.011815 0.350860 -0.766693 1.074613 -0.061989 0.766423 -1.491447 -7.717889
0.379000 0.527987 0.012889 0.350795 -0.765911 1.073108 -0.069688 0.798320 -1.518697 -7.681056
0.380000 0.527222 0.013961 0.350721 -0.765097 1.071576 -0.077351 0.830166 -1.545523 -7.643685
0.381000 0.526457 0.015032 0.350640 -0.764251 1.070017 -0.084976 0.861791 -1.571851 -7.605839
0.382000 0.525693 0.016101 0.350551 -0.763373 1.068432 -0.092562 0.893207 -1.597812 -7.567548
0.383000 0.524930 0.017169 0.350455 -0.762464 1.066822 -0.100111 0.924617 -1.623706 -7.528796
0.384000 0.524168 0.018235 0.350351 -0.761524 1.065185 -0.107620 0.956057 -1.649497 -7.489573
0.385000 0.523407 0.019299 0.350239 -0.760552 1.063523 -0.115090 0.987385 -1.674864 -7.449879
0.386000 0.522647 0.020362 0.350121 -0.759549 1.061835 -0.122520 1.018634 -1.699761 -7.409693
0.387000 0.521888 0.021423 0.349994 -0.758515 1.060123 -0.129909 1.050003 -1.724438 -7.368990
0.388000 0.521130 0.022482 0.349861 -0.757449 1.058386 -0.137258 1.081501 -1.748919 -7.327806
0.389000 0.520373 0.023539 0.349720 -0.756352 1.056625 -0.144565 1.112947 -1.772978 -7.286214
0.390000 0.519617 0.024595 0.349572 -0.755223 1.054840 -0.151830 1.144348 -1.796648 -7.244242
0.391000 0.518863 0.025649 0.349416 -0.754063 1.053032 -0.159053 1.175899 -1.820254 -7.201877
0.392000 0.518109 0.026701 0.349254 -0.752872 1.051200 -0.166234 1.207627 -1.843944 -7.159157
0.393000 0.517357 0.027751 0.349084 -0.751648 1.049344 -0.173372 1.239384 -1.867655 -7.116162
0.394000 0.516606 0.028800 0.348907 -0.750393 1.047465 -0.180466 1.271193 -1.891529 -7.072915
0.395000 0.515856 0.029846 0.348723 -0.749106 1.045561 -0.187517 1.303258 -1.915850 -7.029376
0.396000 0.515108 0.030891 0.348532 -0.747786 1.043633 -0.194525 1.335602 -1.940567 -6.985530
0.397000 0.514361 0.031934 0.348334 -0.746434 1.041680 -0.201489 1.368069 -1.965336 -6.941396
0.398000 0.513615 0.032974 0.348129 -0.745050 1.039702 -0.208408 1.400680 -1.990092 -6.896950
0.399000 0.512871 0.034013 0.347917 -0.743633 1.037700 -0.215282 1.433619 -2.015062 -6.852156
0.400000 0.512128 0.035050 0.347698 -0.742183 1.035672 -0.222112 1.466881 -2.040249 -6.807072
0.401000 0.511386 0.036084 0.347473 -0.740699 1.033619 -0.228897 1.500272 -2.065405 -6.761825
0.402000 0.510646 0.037117 0.347240 -0.739182 1.031541 -0.235636 1.533781 -2.090541 -6.716467
0.403000 0.509908 0.038147 0.347002 -0.737632 1.029438 -0.242330 1.567589 -2.115971 -6.670964
0.404000 0.509171 0.039176 0.346756 -0.736047 1.027309 -0.248978 1.601708 -2.141845 -6.625330
0.405000 0.508436 0.040202 0.346504 -0.734428 1.025154 -0.255580 1.635928 -2.168047 -6.579645
0.406000 0.507702 0.041226 0.346245 -0.732775 1.022973 -0.262137 1.670048 -2.194387 -6.533975
0.407000 0.506970 0.042248 0.345979 -0.731088 1.020766 -0.268648 1.703880 -2.220553 -6.488362
0.408000 0.506240 0.043268 0.345707 -0.729368 1.018532 -0.275114 1.737244 -2.246163 -6.442835
0.409000 0.505511 0.044285 0.345429 -0.727614 1.016273 -0.281534 1.770171 -2.271154 -6.397354
0.410000 0.504785 0.045300 0.345144 -0.725827 1.013990 -0.287908 1.802849 -2.295741 -6.351851
0.411000 0.504060 0.046313 0.344853 -0.724008 1.011682 -0.294238 1.835282 -2.319905 -6.306368
0.412000 0.503337 0.047324 0.344556 -0.722157 1.009350 -0.300521 1.867293 -2.343374 -6.261031
0.413000 0.502615 0.048332 0.344252 -0.720273 1.006995 -0.306760 1.898881 -2.366140 -6.215876
0.414000 0.501896 0.049338 0.343942 -0.718359 1.004618 -0.312953 1.930228 -2.388500 -6.170851
0.415000 0.501179 0.050341 0.343626 -0.716413 1.002218 -0.319101 1.961353 -2.410609 -6.125981
0.416000 0.500463 0.051342 0.343304 -0.714436 0.999797 -0.325205 1.992107 -2.432423 -6.081366
0.417000 0.499750 0.052341 0.342976 -0.712429 0.997353 -0.331264 2.022506 -2.454089 -6.037016
0.418000 0.499038 0.053337 0.342642 -0.710391 0.994888 -0.337279 2.052735 -2.475887 -5.992846
0.419000 0.498329 0.054330 0.342301 -0.708323 0.992401 -0.343250 2.082809 -2.497767 -5.948832
0.420000 0.497622 0.055322 0.341955 -0.706226 0.989893 -0.349177 2.112568 -2.519406 -5.905015
0.421000 0.496917 0.056310 0.341603 -0.704098 0.987363 -0.355060 2.142022 -2.540742 -5.861362
0.422000 0.496214 0.057296 0.341245 -0.701941 0.984811 -0.360899 2.171349 -2.561994 -5.817786
0.423000 0.495513 0.058280 0.340881 -0.699755 0.982239 -0.366695 2.200553 -2.583165 -5.774312
0.424000 0.494814 0.059261 0.340512 -0.697540 0.979645 -0.372448 2.229468 -2.604025 -5.731064
0.425000 0.494118 0.060239 0.340136 -0.695297 0.977031 -0.378157 2.258094 -2.624586 -5.688061
0.426000 0.493424 0.061215 0.339755 -0.693024 0.974396 -0.383824 2.286601 -2.645139 -5.645223
0.427000 0.492732 0.062188 0.339369 -0.690723 0.971740 -0.389448 2.314984 -2.665810 -5.602559
0.428000 0.492042 0.063158 0.338976 -0.688394 0.969064 -0.395029 2.343069 -2.686527 -5.560168
0.429000 0.491355 0.064126 0.338579 -0.686037 0.966367 -0.400568 2.370849 -2.707410 -5.518046
0.430000 0.490670 0.065091 0.338175 -0.683653 0.963649 -0.406065 2.398495 -2.728730 -5.476070
0.431000 0.489988 0.066053 0.337766 -0.681240 0.960910 -0.411520 2.426020 -2.750457 -5.434176
0.432000 0.489308 0.067013 0.337352 -0.678800 0.958148 -0.416934 2.453272 -2.772307 -5.392374
0.433000 0.488630 0.067970 0.336933 -0.676334 0.955365 -0.422305 2.480263 -2.794236 -5.350597
0.434000 0.487955 0.068924 0.336508 -0.673840 0.952560 -0.427635 2.507175 -2.816453 -5.308729
0.435000 0.487282 0.069875 0.336077 -0.671319 0.949732 -0.432923 2.534037 -2.838933 -5.266812
0.436000 0.486612 0.070823 0.335642 -0.668772 0.946882 -0.438168 2.560683 -2.861368 -5.225028
0.437000 0.485945 0.071768 0.335201 -0.666198 0.944010 -0.443373 2.586935 -2.883502 -5.183540
0.438000 0.485280 0.072711 0.334755 -0.663598 0.941115 -0.448536 2.612595 -2.905188 -5.142475
0.439000 0.484618 0.073651 0.334304 -0.660973 0.938199 -0.453658 2.637458 -2.926330 -5.101935
0.440000 0.483958 0.074587 0.333848 -0.658323 0.935262 -0.458739 2.661519 -2.947074 -5.061890
0.441000 0.483301 0.075521 0.333386 -0.655650 0.932305 -0.463781 2.684941 -2.967687 -5.022188
0.442000 0.482647 0.076452 0.332920 -0.652953 0.929327 -0.468784 2.707736 -2.988142 -4.982764
0.443000 0.481995 0.077380 0.332449 -0.650234 0.926329 -0.473747 2.729761 -3.008154 -4.943639
0.444000 0.481346 0.078305 0.331973 -0.647494 0.923311 -0.478671 2.751028 -3.027678 -4.904742
0.445000 0.480700 0.079227 0.331491 -0.644732 0.920273 -0.483556 2.771720 -3.046912 -4.865946
0.446000 0.480057 0.080145 0.331006 -0.641950 0.917217 -0.488403 2.791894 -3.065828 -4.827290
0.447000 0.479416 0.081061 0.330515 -0.639148 0.914142 -0.493211 2.811461 -3.084165 -4.788947
0.448000 0.478778 0.081974 0.330019 -0.636327 0.911049 -0.497981 2.830472 -3.101901 -4.750951
0.449000 0.478143 0.082883 0.329519 -0.633487 0.907938 -0.502713 2.849099 -3.119293 -4.713187
0.450000 0.477511 0.083789 0.329014 -0.630629 0.904810 -0.507407 2.867340 -3.136457 -4.675634
0.451000 0.476882 0.084693 0.328504 -0.627753 0.901665 -0.512064 2.885028 -3.153322 -4.638376
0.452000 0.476256 0.085593 0.327990 -0.624859 0.898503 -0.516684 2.902153 -3.170000 -4.601376
0.453000 0.475632 0.086490 0.327471 -0.621948 0.895325 -0.521267 2.918866 -3.186746 -4.564460
0.454000 0.475012 0.087383 0.326947 -0.619021 0.892130 -0.525813 2.935175 -3.203545 -4.527533
0.455000 0.474394 0.088274 0.326419 -0.616078 0.888918 -0.530322 2.950936 -3.220145 -4.490594
0.456000 0.473780 0.089161 0.325886 -0.613119 0.885690 -0.534794 2.966157 -3.236518 -4.453549
0.457000 0.473168 0.090045 0.325349 -0.610146 0.882445 -0.539229 2.981007 -3.252856 -4.416256
0.458000 0.472560 0.090926 0.324808 -0.607157 0.879184 -0.543627 2.995537 -3.269121 -4.378778
0.459000 0.471954 0.091804 0.324262 -0.604155 0.875907 -0.547987 3.009658 -3.285051 -4.341335
0.460000 0.471351 0.092678 0.323712 -0.601138 0.872614 -0.552309 3.023417 -3.300615 -4.303988
0.461000 0.470752 0.093549 0.323157 -0.598108 0.869305 -0.556595 3.036981 -3.316065 -4.266607
0.462000 0.470155 0.094417 0.322599 -0.595064 0.865982 -0.560842 3.050367 -3.331528 -4.229150
0.463000 0.469561 0.095281 0.322036 -0.592007 0.862642 -0.565053 3.063441 -3.346969 -4.191682
0.464000 0.468971 0.096142 0.321469 -0.588937 0.859288 -0.569226 3.076212 -3.362510 -4.154144
0.465000 0.468384 0.096999 0.320897 -0.585855 0.855917 -0.573361 3.088825 -3.378400 -4.116340
0.466000 0.467799 0.097854 0.320322 -0.582760 0.852531 -0.577458 3.101283 -3.394615 -4.078176
0.467000 0.467218 0.098705 0.319742 -0.579652 0.849128 -0.581517 3.113441 -3.410899 -4.039670
0.468000 0.466640 0.099552 0.319159 -0.576533 0.845709 -0.585538 3.125297 -3.427213 -4.000729
0.469000 0.466065 0.100396 0.318571 -0.573402 0.842274 -0.589519 3.137008 -3.443740 -3.961194
0.470000 0.465493 0.101236 0.317980 -0.570259 0.838822 -0.593460 3.148613 -3.460459 -3.921105
0.471000 0.464924 0.102074 0.317384 -0.567104 0.835353 -0.597361 3.160024 -3.477133 -3.880670
0.472000 0.464359 0.102907 0.316785 -0.563939 0.831867 -0.601222 3.171276 -3.493746 -3.839929
0.473000 0.463797 0.103737 0.316182 -0.560762 0.828365 -0.605041 3.182524 -3.510527 -3.798736
0.474000 0.463237 0.104564 0.315575 -0.557574 0.824846 -0.608819 3.193771 -3.527570 -3.757052
0.475000 0.462681 0.105387 0.314964 -0.554374 0.821310 -0.612555 3.204853 -3.544747 -3.714996
0.476000 0.462129 0.106207 0.314350 -0.551164 0.817757 -0.616249 3.215606 -3.561889 -3.672666
0.477000 0.461579 0.107023 0.313732 -0.547943 0.814186 -0.619900 3.225882 -3.578767 -3.630127
0.478000 0.461033 0.107835 0.313110 -0.544712 0.810599 -0.623509 3.235535 -3.595111 -3.587422
0.479000 0.460490 0.108644 0.312485 -0.541472 0.806996 -0.627075 3.244584 -3.610897 -3.544448
0.480000 0.459950 0.109449 0.311856 -0.538223 0.803377 -0.630598 3.253180 -3.626300 -3.501044
0.481000 0.459413 0.110250 0.311224 -0.534966 0.799744 -0.634077 3.261358 -3.641291 -3.457291
0.482000 0.458880 0.111048 0.310588 -0.531700 0.796095 -0.637513 3.269029 -3.655629 -3.413457
0.483000 0.458350 0.111843 0.309949 -0.528428 0.792432 -0.640904 3.276222 -3.669286 -3.369621
0.484000 0.457823 0.112633 0.309306 -0.525148 0.788756 -0.644252 3.283076 -3.682475 -3.325638
0.485000 0.457300 0.113420 0.308660 -0.521861 0.785067 -0.647556 3.289589 -3.695277 -3.281463
0.486000 0.456779 0.114203 0.308011 -0.518569 0.781366 -0.650815 3.295626 -3.707609 -3.237179
0.487000 0.456262 0.114983 0.307358 -0.515270 0.777652 -0.654030 3.301179 -3.719551 -3.192724
0.488000 0.455749 0.115759 0.306703 -0.511966 0.773927 -0.657200 3.306373 -3.731321 -3.147880
0.489000 0.455238 0.116531 0.306044 -0.508657 0.770189 -0.660326 3.311219 -3.742920 -3.102554
0.490000 0.454731 0.117299 0.305382 -0.505344 0.766441 -0.663405 3.315601 -3.754147 -3.056783
0.491000 0.454228 0.118064 0.304717 -0.502026 0.762681 -0.666439 3.319526 -3.764991 -3.010481
0.492000 0.453727 0.118824 0.304049 -0.498705 0.758911 -0.669426 3.323129 -3.775625 -2.963489
0.493000 0.453230 0.119581 0.303378 -0.495380 0.755130 -0.672366 3.326432 -3.786029 -2.915904
0.494000 0.452737 0.120335 0.302705 -0.492052 0.751339 -0.675258 3.329342 -3.795989 -2.868023
0.495000 0.452246 0.121084 0.302028 -0.488721 0.747538 -0.678102 3.331876 -3.805482 -2.819942
0.496000 0.451759 0.121830 0.301348 -0.485388 0.743728 -0.680898 3.334154 -3.814698 -2.771510
0.497000 0.451276 0.122572 0.300666 -0.482053 0.739909 -0.683645 3.336165 -3.823680 -2.722675
0.498000 0.450795 0.123310 0.299981 -0.478716 0.736080 -0.686343 3.337766 -3.832300 -2.673519
0.499000 0.450318 0.124044 0.299293 -0.475377 0.732244 -0.688992 3.338941 -3.840597 -2.623971
0.500000 0.449844 0.124774 0.298603 -0.472038 0.728399 -0.691591 3.339808 -3.848778 -2.573800
0.501000 0.449374 0.125501 0.297910 -0.468698 0.724546 -0.694140 3.340389 -3.856874 -2.522906
0.502000 0.448907 0.126223 0.297215 -0.465357 0.720686 -0.696637 3.340600 -3.864743 -2.471327
0.503000 0.448443 0.126942 0.296517 -0.462017 0.716817 -0.699083 3.340461 -3.872406 -2.418973
0.504000 0.447983 0.127657 0.295817 -0.458676 0.712941 -0.701475 3.340109 -3.880032 -2.365683
0.505000 0.447526 0.128368 0.295114 -0.455336 0.709057 -0.703814 3.339583 -3.887589 -2.311576
0.506000 0.447072 0.129075 0.294409 -0.451997 0.705166 -0.706098 3.338818 -3.894850 -2.256986
0.507000 0.446622 0.129778 0.293702 -0.448659 0.701267 -0.708328 3.337845 -3.901777 -2.202031
0.508000 0.446175 0.130477 0.292992 -0.445321 0.697362 -0.710502 3.336776 -3.908546 -2.146562
0.509000 0.445731 0.131173 0.292281 -0.441985 0.693450 -0.712621 3.335589 -3.915206 -2.090526
0.510000 0.445291 0.131864 0.291567 -0.438650 0.689532 -0.714683 3.334138 -3.921653 -2.034009
0.511000 0.444854 0.132552 0.290851 -0.435317 0.685607 -0.716689 3.332392 -3.927934 -1.976943
0.512000 0.444420 0.133236 0.290134 -0.431985 0.681676 -0.718637 3.330451 -3.934239 -1.919099
0.513000 0.443990 0.133915 0.289414 -0.428656 0.677738 -0.720527 3.328327 -3.940584 -1.860404
0.514000 0.443563 0.134591 0.288693 -0.425329 0.673795 -0.722358 3.325905 -3.946774 -1.800987
0.515000 0.443139 0.135263 0.287969 -0.422004 0.669845 -0.724129 3.323077 -3.952612 -1.741040
0.516000 0.442719 0.135931 0.287244 -0.418683 0.665889 -0.725840 3.319745 -3.957895 -1.680856
0.517000 0.442302 0.136595 0.286518 -0.415365 0.661929 -0.727491 3.315817 -3.962417 -1.620788
0.518000 0.441888 0.137255 0.285789 -0.412051 0.657964 -0.729082 3.311317 -3.966177 -1.560935
0.519000 0.441478 0.137911 0.285060 -0.408742 0.653997 -0.730613 3.306354 -3.969349 -1.501148
0.520000 0.441071 0.138563 0.284328 -0.405438 0.650026 -0.732084 3.300919 -3.971969 -1.441405
0.521000 0.440667 0.139211 0.283595 -0.402140 0.646053 -0.733496 3.294902 -3.973927 -1.381842
0.522000 0.440267 0.139855 0.282861 -0.398849 0.642078 -0.734848 3.288288 -3.975255 -1.322422
0.523000 0.439869 0.140495 0.282126 -0.395564 0.638102 -0.736140 3.281172 -3.976132 -1.262918
0.524000 0.439475 0.141131 0.281389 -0.392286 0.634126 -0.737374 3.273559 -3.976584 -1.203244
0.525000 0.439085 0.141763 0.280651 -0.389017 0.630149 -0.738547 3.265358 -3.976482 -1.143463
0.526000 0.438697 0.142391 0.279912 -0.385755 0.626173 -0.739661 3.256570 -3.975845 -1.083494
0.527000 0.438313 0.143015 0.279172 -0.382503 0.622197 -0.740714 3.247309 -3.974836 -1.023170
0.528000 0.437932 0.143636 0.278430 -0.379261 0.618223 -0.741707 3.237620 -3.973464 -0.962597
0.529000 0.437555 0.144252 0.277688 -0.376028 0.614250 -0.742639 3.227465 -3.971586 -0.902108
0.530000 0.437180 0.144864 0.276945 -0.372806 0.610280 -0.743511 3.216883 -3.969207 -0.841811
0.531000 0.436809 0.145472 0.276201 -0.369594 0.606312 -0.744323 3.205974 -3.966483 -0.781553
0.532000 0.436441 0.146077 0.275457 -0.366394 0.602347 -0.745074 3.194722 -3.963436 -0.721301
0.533000 0.436076 0.146677 0.274711 -0.363205 0.598385 -0.745765 3.183011 -3.959940 -0.661176
0.534000 0.435715 0.147273 0.273965 -0.360028 0.594427 -0.746397 3.170817 -3.956011 -0.601132
0.535000 0.435356 0.147866 0.273218 -0.356863 0.590473 -0.746968 3.158228 -3.951812 -0.540941
0.536000 0.435001 0.148454 0.272471 -0.353711 0.586523 -0.747478 3.145264 -3.947375 -0.480529
0.537000 0.434649 0.149039 0.271723 -0.350573 0.582578 -0.747929 3.131862 -3.942594 -0.419985
0.538000 0.434300 0.149620 0.270975 -0.347448 0.578638 -0.748318 3.118044 -3.937495 -0.359244
0.539000 0.433954 0.150196 0.270227 -0.344337 0.574703 -0.748647 3.103924 -3.932235 -0.298138
0.540000 0.433611 0.150769 0.269478 -0.341240 0.570774 -0.748915 3.089564 -3.926832 -0.236769
0.541000 0.433271 0.151338 0.268729 -0.338158 0.566850 -0.749121 3.074959 -3.921165 -0.175461
0.542000 0.432935 0.151903 0.267980 -0.335090 0.562931 -0.749266 3.060163 -3.915244 -0.114318
0.543000 0.432601 0.152464 0.267230 -0.332037 0.559019 -0.749349 3.045269 -3.909211 -0.053181
0.544000 0.432271 0.153021 0.266481 -0.328999 0.555113 -0.749372 3.030254 -3.903070 0.007992
0.545000 0.431943 0.153574 0.265732 -0.325977 0.551213 -0.749333 3.014997 -3.896683 0.069079
0.546000 0.431619 0.154123 0.264982 -0.322969 0.547320 -0.749234 2.999469 -3.890050 0.130134
0.547000 0.431297 0.154669 0.264233 -0.319978 0.543433 -0.749073 2.983741 -3.883317 0.191388
0.548000 0.430979 0.155210 0.263484 -0.317002 0.539553 -0.748851 2.967822 -3.876524 0.252915
0.549000 0.430663 0.155748 0.262735 -0.314042 0.535680 -0.748567 2.951651 -3.869587 0.314629
0.550000 0.430351 0.156281 0.261987 -0.311099 0.531814 -0.748222 2.935238 -3.862539 0.376596
0.551000 0.430041 0.156811 0.261239 -0.308172 0.527955 -0.747814 2.918683 -3.855535 0.438984
0.552000 0.429734 0.157337 0.260491 -0.305261 0.524103 -0.747344 2.902042 -3.848600 0.501692
0.553000 0.429431 0.157859 0.259744 -0.302368 0.520258 -0.746811 2.885307 -3.841636 0.564393
0.554000 0.429130 0.158378 0.258998 -0.299491 0.516419 -0.746215 2.868526 -3.834661 0.626983
0.555000 0.428832 0.158892 0.258252 -0.296631 0.512588 -0.745557 2.851788 -3.827802 0.689618
0.556000 0.428536 0.159403 0.257507 -0.293787 0.508764 -0.744836 2.835088 -3.821045 0.752336
0.557000 0.428244 0.159910 0.256762 -0.290960 0.504946 -0.744052 2.818321 -3.814218 0.814971
0.558000 0.427955 0.160413 0.256019 -0.288150 0.501135 -0.743206 2.801380 -3.807176 0.877366
0.559000 0.427668 0.160912 0.255276 -0.285358 0.497332 -0.742297 2.784154 -3.799833 0.939381
0.560000 0.427384 0.161408 0.254534 -0.282582 0.493536 -0.741327 2.766529 -3.792134 1.000879
0.561000 0.427103 0.161899 0.253793 -0.279825 0.489748 -0.740296 2.748491 -3.784149 1.061923
0.562000 0.426824 0.162387 0.253053 -0.277085 0.485967 -0.739203 2.730129 -3.776032 1.122694
0.563000 0.426548 0.162871 0.252315 -0.274364 0.482196 -0.738050 2.711518 -3.767799 1.183133
0.564000 0.426275 0.163351 0.251577 -0.271662 0.478432 -0.736837 2.692688 -3.759344 1.242974
0.565000 0.426005 0.163828 0.250841 -0.268979 0.474677 -0.735564 2.673711 -3.750672 1.302151
0.566000 0.425737 0.164301 0.250106 -0.266315 0.470931 -0.734233 2.654677 -3.741889 1.360822
0.567000 0.425472 0.164770 0.249373 -0.263670 0.467193 -0.732843 2.635579 -3.732970 1.418991
0.568000 0.425210 0.165235 0.248640 -0.261044 0.463465 -0.731395 2.616336 -3.723759 1.476488
0.569000 0.424950 0.165697 0.247910 -0.258437 0.459746 -0.729890 2.596934 -3.714227 1.533325
0.570000 0.424693 0.166155 0.247181 -0.255850 0.456036 -0.728328 2.577431 -3.704497 1.589715
0.571000 0.424439 0.166609 0.246453 -0.253282 0.452337 -0.726710 2.557833 -3.694629 1.645737
0.572000 0.424187 0.167059 0.245727 -0.250734 0.448647 -0.725037 2.538080 -3.684589 1.701319
0.573000 0.423937 0.167506 0.245003 -0.248206 0.444967 -0.723308 2.518177 -3.674433 1.756533
0.574000 0.423690 0.167949 0.244281 -0.245698 0.441298 -0.721523 2.498204 -3.664301 1.811567
0.575000 0.423446 0.168389 0.243560 -0.243209 0.437639 -0.719684 2.478209 -3.654219 1.866370
0.576000 0.423204 0.168825 0.242841 -0.240741 0.433990 -0.717791 2.458190 -3.644105 1.920694
0.577000 0.422964 0.169257 0.242124 -0.238293 0.430351 -0.715843 2.438192 -3.633973 1.974482
0.578000 0.422727 0.169685 0.241410 -0.235865 0.426722 -0.713842 2.418282 -3.623918 2.027893
0.579000 0.422493 0.170110 0.240697 -0.233457 0.423103 -0.711787 2.398453 -3.613897 2.080938
0.580000 0.422260 0.170531 0.239986 -0.231068 0.419494 -0.709680 2.378625 -3.603748 2.133462
0.581000 0.422030 0.170949 0.239277 -0.228699 0.415895 -0.707520 2.358782 -3.593427 2.185480
0.582000 0.421803 0.171363 0.238571 -0.226350 0.412307 -0.705309 2.338976 -3.583045 2.237195
0.583000 0.421578 0.171774 0.237867 -0.224021 0.408729 -0.703046 2.319207 -3.572671 2.288664
0.584000 0.421355 0.172181 0.237165 -0.221712 0.405162 -0.700732 2.299425 -3.562298 2.339794
0.585000 0.421134 0.172584 0.236465 -0.219422 0.401605 -0.698366 2.279631 -3.551993 2.390637
0.586000 0.420916 0.172984 0.235768 -0.217153 0.398058 -0.695950 2.259898 -3.541896 2.441375
0.587000 0.420700 0.173380 0.235073 -0.214903 0.394521 -0.693484 2.240273 -3.532043 2.491987
0.588000 0.420486 0.173773 0.234381 -0.212672 0.390994 -0.690966 2.220760 -3.522380 2.542264
0.589000 0.420275 0.174162 0.233691 -0.210461 0.387476 -0.688399 2.201404 -3.512931 2.592178
0.590000 0.420065 0.174548 0.233004 -0.208269 0.383968 -0.685782 2.182266 -3.503779 2.641892
0.591000 0.419858 0.174930 0.232320 -0.206097 0.380468 -0.683115 2.163336 -3.494869 2.691418
0.592000 0.419653 0.175309 0.231638 -0.203943 0.376978 -0.680399 2.144545 -3.486031 2.740608
0.593000 0.419450 0.175684 0.230959 -0.201808 0.373496 -0.677634 2.125877 -3.477208 2.789477
0.594000 0.419250 0.176056 0.230283 -0.199691 0.370024 -0.674820 2.107376 -3.468488 2.838217
0.595000 0.419051 0.176424 0.229609 -0.197593 0.366559 -0.671958 2.089046 -3.459927 2.886886
0.596000 0.418854 0.176789 0.228939 -0.195513 0.363104 -0.669046 2.070842 -3.451511 2.935392
0.597000 0.418660 0.177150 0.228271 -0.193451 0.359656 -0.666087 2.052770 -3.443292 2.983786
0.598000 0.418467 0.177508 0.227607 -0.191407 0.356217 -0.663079 2.034896 -3.435390 3.032250
0.599000 0.418277 0.177863 0.226945 -0.189381 0.352786 -0.660022 2.017269 -3.427828 3.080783
0.600000 0.418089 0.178214 0.226287 -0.187373 0.349361 -0.656917 1.999893 -3.420518 3.129174
0.601000 0.417902 0.178561 0.225631 -0.185382 0.345945 -0.653764 1.982751 -3.413344 3.177217
0.602000 0.417718 0.178906 0.224979 -0.183407 0.342535 -0.650563 1.965798 -3.406138 3.224722
0.603000 0.417536 0.179247 0.224330 -0.181450 0.339132 -0.647315 1.948965 -3.398707 3.271501
0.604000 0.417355 0.179584 0.223685 -0.179509 0.335737 -0.644020 1.932240 -3.390983 3.317564
0.605000 0.417176 0.179918 0.223042 -0.177585 0.332350 -0.640679 1.915657 -3.383041 3.363091
0.606000 0.417000 0.180249 0.222403 -0.175678 0.328971 -0.637294 1.899199 -3.374925 3.408135
0.607000 0.416825 0.180576 0.221768 -0.173787 0.325600 -0.633863 1.882800 -3.366618 3.452604
0.608000 0.416652 0.180900 0.221135 -0.171912 0.322238 -0.630388 1.866445 -3.358166 3.496544
0.609000 0.416481 0.181220 0.220507 -0.170054 0.318884 -0.626870 1.850190 -3.349683 3.540134
0.610000 0.416312 0.181538 0.219882 -0.168212 0.315539 -0.623308 1.834088 -3.341207 3.583389
0.611000 0.416145 0.181852 0.219260 -0.166386 0.312202 -0.619703 1.818168 -3.332709 3.626170
0.612000 0.415979 0.182162 0.218642 -0.164576 0.308873 -0.616056 1.802481 -3.324217 3.668486
0.613000 0.415816 0.182469 0.218028 -0.162781 0.305553 -0.612366 1.787086 -3.315799 3.710501
0.614000 0.415654 0.182773 0.217418 -0.161002 0.302242 -0.608635 1.771983 -3.307407 3.752240
0.615000 0.415494 0.183074 0.216811 -0.159237 0.298938 -0.604862 1.757126 -3.298894 3.793586
0.616000 0.415335 0.183371 0.216208 -0.157487 0.295644 -0.601048 1.742508 -3.290207 3.834559
0.617000 0.415179 0.183665 0.215609 -0.155752 0.292358 -0.597193 1.728159 -3.281412 3.875329
0.618000 0.415024 0.183956 0.215013 -0.154031 0.289081 -0.593297 1.714071 -3.272542 3.915934
0.619000 0.414871 0.184243 0.214422 -0.152324 0.285813 -0.589361 1.700189 -3.263576 3.956275
0.620000 0.414719 0.184527 0.213835 -0.150631 0.282554 -0.585385 1.686504 -3.254548 3.996383
0.621000 0.414569 0.184808 0.213251 -0.148951 0.279304 -0.581368 1.673060 -3.245552 4.036411
0.622000 0.414421 0.185086 0.212672 -0.147284 0.276063 -0.577312 1.659892 -3.236617 4.076360
0.623000 0.414275 0.185360 0.212097 -0.145631 0.272831 -0.573215 1.647009 -3.227708 4.116079
0.624000 0.414130 0.185632 0.211526 -0.143990 0.269607 -0.569080 1.634440 -3.218841 4.155561
0.625000 0.413987 0.185900 0.210959 -0.142362 0.266393 -0.564904 1.622225 -3.210067 4.194956
0.626000 0.413845 0.186164 0.210396 -0.140746 0.263187 -0.560690 1.610345 -3.201326 4.234296
0.627000 0.413705 0.186426 0.209837 -0.139142 0.259990 -0.556436 1.598732 -3.192469 4.273482
0.628000 0.413567 0.186684 0.209283 -0.137549 0.256802 -0.552143 1.587363 -3.183433 4.312544
0.629000 0.413430 0.186940 0.208733 -0.135967 0.253623 -0.547811 1.576272 -3.174275 4.351632
0.630000 0.413295 0.187192 0.208187 -0.134396 0.250454 -0.543439 1.565479 -3.165045 4.390768
0.631000 0.413161 0.187441 0.207646 -0.132836 0.247293 -0.539029 1.554980 -3.155753 4.429835
0.632000 0.413029 0.187686 0.207109 -0.131286 0.244142 -0.534580 1.544797 -3.146447 4.468847
0.633000 0.412899 0.187929 0.206577 -0.129746 0.241000 -0.530091 1.534977 -3.137214 4.507950
0.634000 0.412770 0.188168 0.206049 -0.128216 0.237868 -0.525564 1.525538 -3.128076 4.547170
0.635000 0.412642 0.188405 0.205526 -0.126695 0.234744 -0.520997 1.516462 -3.118976 4.586381
0.636000 0.412517 0.188638 0.205007 -0.125183 0.231630 -0.516391 1.507719 -3.109839 4.625449
0.637000 0.412392 0.188868 0.204493 -0.123680 0.228525 -0.511746 1.499264 -3.100555 4.664237
0.638000 0.412269 0.189095 0.203984 -0.122185 0.225429 -0.507063 1.491042 -3.090995 4.702605
0.639000 0.412148 0.189319 0.203479 -0.120698 0.222343 -0.502341 1.483037 -3.081114 4.740559
0.640000 0.412028 0.189539 0.202979 -0.119219 0.219267 -0.497581 1.475277 -3.070968 4.778224
0.641000 0.411909 0.189757 0.202484 -0.117747 0.216201 -0.492784 1.467768 -3.060602 4.815596
0.642000 0.411792 0.189972 0.201993 -0.116283 0.213145 -0.487950 1.460489 -3.050024 4.852548
0.643000 0.411677 0.190183 0.201508 -0.114826 0.210101 -0.483079 1.453447 -3.039281 4.889070
0.644000 0.411563 0.190392 0.201027 -0.113376 0.207067 -0.478172 1.446683 -3.028457 4.925288
0.645000 0.411450 0.190598 0.200551 -0.111933 0.204044 -0.473229 1.440226 -3.017591 4.961233
0.646000 0.411339 0.190800 0.200081 -0.110496 0.201032 -0.468250 1.434084 -3.006680 4.996825
0.647000 0.411229 0.191000 0.199615 -0.109065 0.198030 -0.463235 1.428279 -2.995753 5.032088
0.648000 0.411121 0.191196 0.199154 -0.107639 0.195040 -0.458185 1.422838 -2.984851 5.067148
0.649000 0.411014 0.191390 0.198699 -0.106219 0.192061 -0.453101 1.417733 -2.973927 5.102021
0.650000 0.410908 0.191580 0.198248 -0.104804 0.189092 -0.447981 1.412898 -2.962862 5.136605
0.651000 0.410804 0.191768 0.197803 -0.103393 0.186135 -0.442828 1.408302 -2.951604 5.170906
0.652000 0.410701 0.191953 0.197362 -0.101987 0.183189 -0.437640 1.403954 -2.940194 5.205030
0.653000 0.410600 0.192134 0.196927 -0.100585 0.180255 -0.432418 1.399845 -2.928669 5.238972
0.654000 0.410500 0.192313 0.196498 -0.099187 0.177332 -0.427162 1.395936 -2.917035 5.272612
0.655000 0.410402 0.192489 0.196073 -0.097793 0.174420 -0.421872 1.392220 -2.905331 5.305936
0.656000 0.410305 0.192662 0.195654 -0.096403 0.171521 -0.416550 1.388731 -2.893627 5.339052
0.657000 0.410209 0.192832 0.195240 -0.095016 0.168633 -0.411194 1.385508 -2.881955 5.371986
0.658000 0.410115 0.192999 0.194831 -0.093632 0.165757 -0.405806 1.382574 -2.870311 5.404663
0.659000 0.410022 0.193164 0.194428 -0.092251 0.162893 -0.400385 1.379965 -2.858717 5.437100
0.660000 0.409930 0.193325 0.194031 -0.090872 0.160040 -0.394932 1.377709 -2.847201 5.469394
0.661000 0.409840 0.193484 0.193638 -0.089495 0.157198 -0.389446 1.375791 -2.835706 5.501525
0.662000 0.409751 0.193639 0.193252 -0.088120 0.154368 -0.383929 1.374161 -2.824117 5.533368
0.663000 0.409664 0.193792 0.192871 -0.086747 0.151550 -0.378379 1.372799 -2.812374 5.564889
0.664000 0.409578 0.193943 0.192495 -0.085375 0.148743 -0.372799 1.371706 -2.800503 5.596156
0.665000 0.409493 0.194090 0.192125 -0.084004 0.145949 -0.367187 1.370859 -2.788536 5.627125
0.666000 0.409410 0.194234 0.191761 -0.082633 0.143166 -0.361545 1.370205 -2.776481 5.657648
0.667000 0.409328 0.194376 0.191402 -0.081263 0.140396 -0.355872 1.369719 -2.764369 5.687674
0.668000 0.409247 0.194515 0.191049 -0.079894 0.137638 -0.350169 1.369419 -2.752257 5.717268
0.669000 0.409168 0.194651 0.190702 -0.078524 0.134891 -0.344437 1.369328 -2.740172 5.746417
0.670000 0.409090 0.194785 0.190360 -0.077155 0.132157 -0.338676 1.369446 -2.728100 5.774995
0.671000 0.409014 0.194916 0.190024 -0.075785 0.129435 -0.332887 1.369759 -2.716009 5.802871
0.672000 0.408939 0.195044 0.189694 -0.074415 0.126725 -0.327071 1.370218 -2.703831 5.829909
0.673000 0.408865 0.195169 0.189370 -0.073045 0.124028 -0.321227 1.370758 -2.691481 5.855965
0.674000 0.408792 0.195292 0.189052 -0.071674 0.121342 -0.315359 1.371342 -2.678920 5.881003
0.675000 0.408721 0.195412 0.188739 -0.070302 0.118670 -0.309465 1.371969 -2.666168 5.905067
0.676000 0.408652 0.195529 0.188433 -0.068930 0.116010 -0.303549 1.372627 -2.653228 5.928108
0.677000 0.408584 0.195644 0.188132 -0.067557 0.113363 -0.297609 1.373279 -2.640079 5.949984
0.678000 0.408517 0.195756 0.187838 -0.066183 0.110730 -0.291649 1.373912 -2.626724 5.970633
0.679000 0.408451 0.195865 0.187549 -0.064809 0.108110 -0.285668 1.374530 -2.613191 5.990077
0.680000 0.408387 0.195972 0.187266 -0.063434 0.105503 -0.279668 1.375114 -2.599477 6.008245
0.681000 0.408324 0.196076 0.186990 -0.062059 0.102911 -0.273651 1.375624 -2.585551 6.024970
0.682000 0.408263 0.196178 0.186719 -0.060683 0.100332 -0.267619 1.376042 -2.571404 6.040169
0.683000 0.408203 0.196277 0.186454 -0.059307 0.097768 -0.261571 1.376364 -2.557042 6.053852
0.684000 0.408144 0.196374 0.186196 -0.057930 0.095218 -0.255511 1.376568 -2.542428 6.065948
0.685000 0.408087 0.196468 0.185943 -0.056554 0.092683 -0.249439 1.376610 -2.527486 6.076302
0.686000 0.408031 0.196559 0.185697 -0.055177 0.090163 -0.243358 1.376462 -2.512175 6.084834
0.687000 0.407977 0.196648 0.185457 -0.053801 0.087659 -0.237270 1.376120 -2.496503 6.091538
0.688000 0.407924 0.196734 0.185222 -0.052425 0.085170 -0.231175 1.375553 -2.480472 6.096323
0.689000 0.407872 0.196818 0.184994 -0.051050 0.082698 -0.225077 1.374713 -2.464064 6.099008
0.690000 0.407822 0.196900 0.184772 -0.049676 0.080242 -0.218977 1.373570 -2.447277 6.099492
0.691000 0.407773 0.196979 0.184556 -0.048303 0.077803 -0.212878 1.372122 -2.430120 6.097756
0.692000 0.407725 0.197055 0.184347 -0.046931 0.075382 -0.206782 1.370360 -2.412563 6.093710
0.693000 0.407679 0.197129 0.184143 -0.045562 0.072978 -0.200691 1.368264 -2.394545 6.087184
0.694000 0.407634 0.197201 0.183945 -0.044195 0.070593 -0.194607 1.365819 -2.376027 6.078077
0.695000 0.407590 0.197271 0.183754 -0.042830 0.068226 -0.188534 1.363009 -2.357000 6.066358
0.696000 0.407548 0.197338 0.183568 -0.041469 0.065879 -0.182475 1.359771 -2.337422 6.051915
0.697000 0.407507 0.197402 0.183389 -0.040111 0.063551 -0.176431 1.356009 -2.317223 6.034553
0.698000 0.407468 0.197465 0.183215 -0.038757 0.061244 -0.170405 1.351659 -2.296358 6.014150
0.699000 0.407430 0.197525 0.183048 -0.037407 0.058959 -0.164402 1.346698 -2.274817 5.990649
0.700000 0.407393 0.197583 0.182886 -0.036063 0.056695 -0.158424 1.341104 -2.252575 5.963915
0.701000 0.407358 0.197638 0.182731 -0.034725 0.054454 -0.152474 1.334842 -2.229581 5.933712
0.702000 0.407324 0.197692 0.182581 -0.033394 0.052236 -0.146557 1.327863 -2.205770 5.899801
0.703000 0.407291 0.197743 0.182438 -0.032069 0.050042 -0.140675 1.320105 -2.181062 5.861934
0.704000 0.407260 0.197792 0.182300 -0.030753 0.047873 -0.134833 1.311493 -2.155367 5.819858
0.705000 0.407229 0.197838 0.182168 -0.029446 0.045731 -0.129035 1.301976 -2.128621 5.773410
0.706000 0.407201 0.197883 0.182042 -0.028149 0.043616 -0.123286 1.291524 -2.100790 5.722505
0.707000 0.407173 0.197926 0.181922 -0.026863 0.041530 -0.117590 1.280082 -2.071809 5.666992
0.708000 0.407147 0.197966 0.181807 -0.025589 0.039473 -0.111952 1.267575 -2.041582 5.606648
0.709000 0.407122 0.198005 0.181698 -0.024328 0.037446 -0.106377 1.253946 -2.010044 5.541315
0.710000 0.407098 0.198041 0.181594 -0.023081 0.035453 -0.100869 1.239160 -1.977159 5.470893
0.711000 0.407076 0.198076 0.181496 -0.021850 0.033492 -0.095435 1.223158 -1.942880 5.395212
0.712000 0.407055 0.198108 0.181403 -0.020635 0.031567 -0.090079 1.205859 -1.907139 5.314028
0.713000 0.407035 0.198139 0.181316 -0.019438 0.029678 -0.084807 1.187204 -1.869884 5.227158
0.714000 0.407016 0.198167 0.181234 -0.018261 0.027827 -0.079625 1.167162 -1.831073 5.134485
0.715000 0.406998 0.198194 0.181157 -0.017104 0.026016 -0.074538 1.145696 -1.790628 5.035816
0.716000 0.406981 0.198219 0.181085 -0.015969 0.024246 -0.069553 1.122754 -1.748438 4.930886
0.717000 0.406966 0.198243 0.181017 -0.014858 0.022519 -0.064676 1.098298 -1.704420 4.819495
0.718000 0.406952 0.198264 0.180955 -0.013773 0.020837 -0.059914 1.072303 -1.658513 4.701503
0.719000 0.406939 0.198284 0.180898 -0.012714 0.019202 -0.055273 1.044728 -1.610632 4.576700
0.720000 0.406926 0.198303 0.180845 -0.011683 0.017616 -0.050761 1.015519 -1.560659 4.444802
0.721000 0.406915 0.198320 0.180796 -0.010683 0.016081 -0.046384 0.984630 -1.508505 4.305590
0.722000 0.406905 0.198335 0.180752 -0.009714 0.014599 -0.042149 0.952023 -1.454116 4.158918
0.723000 0.406896 0.198349 0.180712 -0.008779 0.013172 -0.038066 0.917627 -1.397424 4.004584
0.724000 0.406887 0.198361 0.180676 -0.007879 0.011804 -0.034140 0.881349 -1.338339 3.842319
0.725000 0.406880 0.198373 0.180644 -0.007016 0.010496 -0.030381 0.843118 -1.276791 3.671912
0.726000 0.406873 0.198382 0.180615 -0.006193 0.009250 -0.026796 0.802889 -1.212719 3.493202
0.727000 0.406868 0.198391 0.180590 -0.005410 0.008070 -0.023395 0.760613 -1.146026 3.305946
0.728000 0.406863 0.198399 0.180568 -0.004671 0.006958 -0.020185 0.716227 -1.076585 3.109830
0.729000 0.406858 0.198405 0.180550 -0.003978 0.005917 -0.017175 0.669680 -1.004295 2.904603
0.730000 0.406855 0.198410 0.180534 -0.003332 0.004950 -0.014375 0.620925 -0.929079 2.690091
0.731000 0.406852 0.198415 0.180521 -0.002736 0.004059 -0.011795 0.569887 -0.850835 2.466063
0.732000 0.406849 0.198418 0.180510 -0.002192 0.003248 -0.009443 0.516465 -0.769431 2.232226
0.733000 0.406847 0.198421 0.180502 -0.001703 0.002520 -0.007330 0.244573 -0.363961 1.056409
0.734000 0.406846 0.198424 0.180496 -0.001703 0.002520 -0.007330 0.244573 -0.363961 1.056409
