0.000000 0.670037 -0.192185 0.137836 0.007473 -0.012852 0.003649 -0.105353 -0.070058 0.708295
0.001000 0.670044 -0.192198 0.137839 0.007473 -0.012852 0.003649 -0.105353 -0.070058 0.708295
0.002000 0.670052 -0.192211 0.137843 0.007262 -0.012992 0.005065 -0.219156 -0.136743 1.446213
0.003000 0.670059 -0.192224 0.137849 0.007034 -0.013125 0.006541 -0.236328 -0.129775 1.506058
0.004000 0.670066 -0.192237 0.137856 0.006789 -0.013251 0.008077 -0.254040 -0.122360 1.567102
0.005000 0.670073 -0.192251 0.137865 0.006526 -0.013370 0.009675 -0.272301 -0.114484 1.629338
0.006000 0.670079 -0.192264 0.137875 0.006245 -0.013480 0.011336 -0.291117 -0.106137 1.692754
0.007000 0.670085 -0.192278 0.137887 0.005944 -0.013582 0.013061 -0.310494 -0.097315 1.757332
0.008000 0.670091 -0.192291 0.137901 0.005624 -0.013675 0.014851 -0.330438 -0.088031 1.823033
0.009000 0.670096 -0.192305 0.137917 0.005283 -0.013758 0.016707 -0.350954 -0.078306 1.889809
0.010000 0.670101 -0.192319 0.137935 0.004922 -0.013832 0.018630 -0.372048 -0.068150 1.957621
0.011000 0.670106 -0.192333 0.137954 0.004539 -0.013895 0.020622 -0.393725 -0.057550 2.026453
0.012000 0.670110 -0.192347 0.137976 0.004134 -0.013947 0.022683 -0.415989 -0.046469 2.096308
0.013000 0.670114 -0.192361 0.138000 0.003707 -0.013988 0.024815 -0.438845 -0.034858 2.167199
0.014000 0.670118 -0.192375 0.138026 0.003257 -0.014017 0.027018 -0.462296 -0.022680 2.239132
0.015000 0.670121 -0.192389 0.138054 0.002783 -0.014033 0.029293 -0.486346 -0.009923 2.312100
0.016000 0.670123 -0.192403 0.138084 0.002284 -0.014036 0.031642 -0.510998 0.003405 2.386104
0.017000 0.670125 -0.192417 0.138117 0.001761 -0.014026 0.034065 -0.536254 0.017283 2.461148
0.018000 0.670127 -0.192431 0.138152 0.001212 -0.014002 0.036564 -0.562115 0.031698 2.537226
0.019000 0.670128 -0.192445 0.138190 0.000636 -0.013963 0.039140 -0.588571 0.046655 2.614313
0.020000 0.670128 -0.192459 0.138231 0.000034 -0.013908 0.041793 -0.615598 0.062165 2.692375
0.021000 0.670128 -0.192472 0.138274 -0.000595 -0.013838 0.044524 -0.643163 0.078241 2.771371
0.022000 0.670127 -0.192486 0.138320 -0.001252 -0.013752 0.047335 -0.671237 0.094898 2.851261
0.023000 0.670125 -0.192500 0.138369 -0.001937 -0.013649 0.050227 -0.699799 0.112148 2.932011
0.024000 0.670123 -0.192514 0.138420 -0.002651 -0.013528 0.053199 -0.728820 0.130005 3.013599
0.025000 0.670120 -0.192527 0.138475 -0.003395 -0.013389 0.056254 -0.758265 0.148482 3.096007
0.026000 0.670116 -0.192540 0.138533 -0.004168 -0.013231 0.059391 -0.788104 0.167593 3.179210
0.027000 0.670112 -0.192554 0.138594 -0.004971 -0.013053 0.062612 -0.818324 0.187350 3.263172
0.028000 0.670106 -0.192566 0.138658 -0.005805 -0.012856 0.065918 -0.848918 0.207766 3.347860
0.029000 0.670100 -0.192579 0.138726 -0.006669 -0.012638 0.069308 -0.879881 0.228853 3.433245
0.030000 0.670093 -0.192592 0.138797 -0.007564 -0.012398 0.072784 -0.911207 0.250625 3.519288
0.031000 0.670085 -0.192604 0.138871 -0.008491 -0.012137 0.076347 -0.942889 0.273093 3.605930
0.032000 0.670076 -0.192616 0.138949 -0.009450 -0.011852 0.079996 -0.974920 0.296269 3.693098
0.033000 0.670066 -0.192628 0.139031 -0.010441 -0.011544 0.083733 -1.007290 0.320167 3.780721
0.034000 0.670055 -0.192639 0.139117 -0.011465 -0.011212 0.087558 -1.039989 0.344808 3.868740
0.035000 0.670043 -0.192650 0.139206 -0.012521 -0.010854 0.091470 -1.073008 0.370229 3.957120
0.036000 0.670030 -0.192661 0.139300 -0.013611 -0.010471 0.095472 -1.106334 0.396474 4.045844
0.037000 0.670016 -0.192671 0.139397 -0.014734 -0.010062 0.099562 -1.139955 0.423581 4.134873
0.038000 0.670001 -0.192681 0.139499 -0.015891 -0.009624 0.103742 -1.173857 0.451568 4.224142
0.039000 0.669984 -0.192690 0.139605 -0.017082 -0.009158 0.108010 -1.208025 0.480447 4.313581
0.040000 0.669967 -0.192699 0.139715 -0.018307 -0.008663 0.112369 -1.242442 0.510228 4.403121
0.041000 0.669948 -0.192708 0.139829 -0.019566 -0.008138 0.116817 -1.277092 0.540916 4.492685
0.042000 0.669927 -0.192716 0.139948 -0.020861 -0.007581 0.121354 -1.311956 0.572511 4.582203
0.043000 0.669906 -0.192723 0.140072 -0.022190 -0.006993 0.125981 -1.347014 0.604995 4.671635
0.044000 0.669883 -0.192730 0.140200 -0.023555 -0.006371 0.130697 -1.382245 0.638339 4.760964
0.045000 0.669859 -0.192736 0.140333 -0.024955 -0.005716 0.135503 -1.417628 0.672524 4.850146
0.046000 0.669833 -0.192741 0.140471 -0.026390 -0.005026 0.140398 -1.453138 0.707535 4.939111
0.047000 0.669806 -0.192746 0.140614 -0.027861 -0.004301 0.145381 -1.488751 0.743350 5.027808
0.048000 0.669777 -0.192750 0.140762 -0.029368 -0.003540 0.150453 -1.524439 0.779940 5.116199
0.049000 0.669747 -0.192753 0.140915 -0.030910 -0.002741 0.155614 -1.560176 0.817284 5.204221
0.050000 0.669716 -0.192755 0.141073 -0.032488 -0.001905 0.160862 -1.595931 0.855373 5.291786
0.051000 0.669682 -0.192757 0.141237 -0.034102 -0.001031 0.166197 -1.631673 0.894209 5.378822
0.052000 0.669647 -0.192757 0.141406 -0.035751 -0.000117 0.171619 -1.667371 0.933794 5.465271
0.053000 0.669611 -0.192757 0.141580 -0.037437 0.000837 0.177128 -1.702992 0.974127 5.551054
0.054000 0.669573 -0.192755 0.141760 -0.039157 0.001832 0.182721 -1.738511 1.015209 5.636082
0.055000 0.669533 -0.192753 0.141946 -0.040914 0.002867 0.188400 -1.773915 1.057037 5.720313
0.056000 0.669491 -0.192750 0.142137 -0.042705 0.003946 0.194162 -1.809200 1.099610 5.803735
0.057000 0.669447 -0.192745 0.142334 -0.044532 0.005067 0.200007 -1.844352 1.142925 5.886302
0.058000 0.669402 -0.192740 0.142537 -0.046394 0.006231 0.205935 -1.879350 1.186977 5.967943
0.059000 0.669354 -0.192733 0.142746 -0.048291 0.007441 0.211943 -1.914176 1.231760 6.048649
0.060000 0.669305 -0.192725 0.142961 -0.050222 0.008695 0.218032 -1.948818 1.277268 6.128453
0.061000 0.669254 -0.192715 0.143182 -0.052188 0.009995 0.224200 -1.983257 1.323493 6.207337
0.062000 0.669201 -0.192705 0.143409 -0.054189 0.011342 0.230447 -2.017474 1.370425 6.285227
0.063000 0.669145 -0.192693 0.143643 -0.056223 0.012736 0.236771 -2.051469 1.418055 6.362093
0.064000 0.669088 -0.192679 0.143883 -0.058292 0.014178 0.243171 -2.085258 1.466370 6.437945
0.065000 0.669029 -0.192664 0.144129 -0.060394 0.015669 0.249646 -2.118838 1.515357 6.512739
0.066000 0.668967 -0.192648 0.144382 -0.062529 0.017209 0.256196 -2.152191 1.564989 6.586377
0.067000 0.668904 -0.192630 0.144641 -0.064698 0.018799 0.262819 -2.185314 1.615225 6.658804
0.068000 0.668838 -0.192610 0.144908 -0.066900 0.020439 0.269514 -2.218210 1.666014 6.730004
0.069000 0.668770 -0.192589 0.145180 -0.069135 0.022131 0.276279 -2.250870 1.717311 6.799908
0.070000 0.668700 -0.192566 0.145460 -0.071402 0.023874 0.283114 -2.283257 1.769085 6.868394
0.071000 0.668627 -0.192541 0.145747 -0.073701 0.025669 0.290016 -2.315332 1.821312 6.935378
0.072000 0.668552 -0.192515 0.146040 -0.076032 0.027516 0.296985 -2.347063 1.873967 7.000839
0.073000 0.668475 -0.192486 0.146341 -0.078395 0.029417 0.304018 -2.378434 1.927025 7.064780
0.074000 0.668396 -0.192456 0.146648 -0.080789 0.031371 0.311114 -2.409455 1.980458 7.127263
0.075000 0.668314 -0.192423 0.146963 -0.083214 0.033378 0.318272 -2.440154 2.034237 7.188371
0.076000 0.668229 -0.192389 0.147285 -0.085670 0.035439 0.325491 -2.470530 2.088329 7.248095
0.077000 0.668142 -0.192353 0.147614 -0.088155 0.037554 0.332768 -2.500551 2.142701 7.306325
0.078000 0.668053 -0.192314 0.147950 -0.090671 0.039724 0.340103 -2.530190 2.197317 7.362987
0.079000 0.667961 -0.192273 0.148294 -0.093216 0.041949 0.347494 -2.559426 2.252141 7.418060
0.080000 0.667866 -0.192230 0.148645 -0.095790 0.044229 0.354940 -2.588227 2.307133 7.471454
0.081000 0.667769 -0.192185 0.149004 -0.098392 0.046563 0.362437 -2.616551 2.362263 7.523009
0.082000 0.667670 -0.192137 0.149370 -0.101023 0.048953 0.369986 -2.644383 2.417510 7.572621
0.083000 0.667567 -0.192087 0.149744 -0.103681 0.051398 0.377583 -2.671728 2.472864 7.620239
0.084000 0.667462 -0.192034 0.150125 -0.106366 0.053899 0.385226 -2.698571 2.528303 7.665751
0.085000 0.667355 -0.191979 0.150514 -0.109078 0.056455 0.392914 -2.724879 2.583808 7.709008
0.086000 0.667244 -0.191921 0.150911 -0.111816 0.059067 0.400644 -2.750655 2.639376 7.749980
0.087000 0.667131 -0.191861 0.151316 -0.114579 0.061734 0.408414 -2.775934 2.695022 7.788744
0.088000 0.667015 -0.191798 0.151728 -0.117368 0.064457 0.416222 -2.800748 2.750748 7.825380
0.089000 0.666896 -0.191732 0.152148 -0.120181 0.067235 0.424065 -2.825127 2.806538 7.859976
0.090000 0.666775 -0.191663 0.152576 -0.123018 0.070070 0.431942 -2.849098 2.862364 7.892621
0.091000 0.666650 -0.191592 0.153012 -0.125879 0.072960 0.439850 -2.872651 2.918191 7.923276
0.092000 0.666523 -0.191517 0.153456 -0.128763 0.075906 0.447788 -2.895748 2.973977 7.951791
0.093000 0.666393 -0.191440 0.153908 -0.131670 0.078908 0.455754 -2.918371 3.029704 7.978090
0.094000 0.666259 -0.191360 0.154367 -0.134600 0.081965 0.463744 -2.940531 3.085364 8.002174
0.095000 0.666123 -0.191276 0.154835 -0.137552 0.085079 0.471758 -2.962208 3.140933 8.023956
0.096000 0.665984 -0.191189 0.155311 -0.140524 0.088247 0.479792 -2.983361 3.196369 8.043287
0.097000 0.665842 -0.191100 0.155795 -0.143518 0.091471 0.487844 -3.003989 3.251644 8.060157
0.098000 0.665697 -0.191006 0.156287 -0.146532 0.094751 0.495912 -3.024131 3.306740 8.074702
0.099000 0.665549 -0.190910 0.156786 -0.149567 0.098085 0.503994 -3.043826 3.361639 8.087049
0.100000 0.665398 -0.190810 0.157295 -0.152620 0.101474 0.512087 -3.063106 3.416316 8.097319
0.101000 0.665244 -0.190707 0.157811 -0.155693 0.104917 0.520189 -3.082004 3.470748 8.105621
0.102000 0.665087 -0.190600 0.158335 -0.158784 0.108415 0.528298 -3.100504 3.524890 8.111915
0.103000 0.664927 -0.190490 0.158867 -0.161894 0.111967 0.536412 -3.118556 3.578700 8.116026
0.104000 0.664763 -0.190377 0.159408 -0.165021 0.115573 0.544530 -3.136140 3.632176 8.117873
0.105000 0.664596 -0.190259 0.159956 -0.168166 0.119232 0.552648 -3.153266 3.685343 8.117471
0.106000 0.664427 -0.190138 0.160513 -0.171328 0.122943 0.560765 -3.169910 3.738197 8.114731
0.107000 0.664254 -0.190013 0.161078 -0.174506 0.126708 0.568878 -3.186020 3.790699 8.109487
0.108000 0.664078 -0.189885 0.161651 -0.177700 0.130525 0.576984 -3.201586 3.842837 8.101751
0.109000 0.663898 -0.189752 0.162232 -0.180909 0.134394 0.585081 -3.216653 3.894630 8.091713
0.110000 0.663716 -0.189616 0.162821 -0.184133 0.138314 0.593167 -3.231259 3.946089 8.079545
0.111000 0.663530 -0.189476 0.163418 -0.187372 0.142286 0.601240 -3.245441 3.997225 8.065398
0.112000 0.663341 -0.189331 0.164023 -0.190624 0.146309 0.609298 -3.259231 4.048045 8.049406
0.113000 0.663149 -0.189183 0.164637 -0.193890 0.150382 0.617339 -3.272608 4.098517 8.031519
0.114000 0.662953 -0.189031 0.165258 -0.197169 0.154506 0.625361 -3.285509 4.148591 8.011539
0.115000 0.662755 -0.188874 0.165887 -0.200461 0.158679 0.633362 -3.297905 4.198250 7.989378
0.116000 0.662552 -0.188713 0.166525 -0.203765 0.162902 0.641340 -3.309807 4.247512 7.965069
0.117000 0.662347 -0.188548 0.167170 -0.207081 0.167174 0.649292 -3.321182 4.296359 7.938516
0.118000 0.662138 -0.188379 0.167823 -0.210407 0.171495 0.657217 -3.331964 4.344742 7.909529
0.119000 0.661926 -0.188205 0.168485 -0.213745 0.175864 0.665111 -3.342137 4.392657 7.878115
0.120000 0.661711 -0.188027 0.169154 -0.217092 0.180280 0.672973 -3.351745 4.440147 7.844486
0.121000 0.661492 -0.187845 0.169831 -0.220448 0.184744 0.680800 -3.360840 4.487243 7.808848
0.122000 0.661270 -0.187658 0.170515 -0.223813 0.189255 0.688591 -3.369483 4.533956 7.771397
0.123000 0.661044 -0.187466 0.171208 -0.227187 0.193812 0.696343 -3.377742 4.580283 7.732323
0.124000 0.660816 -0.187270 0.171908 -0.230569 0.198415 0.704055 -3.385614 4.626178 7.691602
0.125000 0.660583 -0.187069 0.172616 -0.233958 0.203064 0.711726 -3.393039 4.671570 7.649030
0.126000 0.660348 -0.186864 0.173331 -0.237355 0.207758 0.719353 -3.400009 4.716453 7.604545
0.127000 0.660109 -0.186654 0.174055 -0.240758 0.212497 0.726935 -3.406565 4.760862 7.558233
0.128000 0.659866 -0.186439 0.174785 -0.244168 0.217280 0.734470 -3.412695 4.804785 7.510019
0.129000 0.659620 -0.186219 0.175523 -0.247584 0.222107 0.741955 -3.418336 4.848153 7.459702
0.130000 0.659371 -0.185995 0.176269 -0.251005 0.226976 0.749389 -3.423490 4.890944 7.407290
0.131000 0.659118 -0.185765 0.177022 -0.254431 0.231889 0.756770 -3.428221 4.933176 7.352974
0.132000 0.658862 -0.185531 0.177783 -0.257861 0.236843 0.764095 -3.432526 4.974815 7.296753
0.133000 0.658602 -0.185292 0.178550 -0.261296 0.241838 0.771363 -3.436329 5.015777 7.238427
0.134000 0.658339 -0.185047 0.179325 -0.264734 0.246874 0.778572 -3.439596 5.056019 7.177955
0.135000 0.658073 -0.184798 0.180108 -0.268175 0.251950 0.785719 -3.442357 5.095555 7.115509
0.136000 0.657803 -0.184543 0.180897 -0.271619 0.257065 0.792803 -3.444650 5.134413 7.051231
0.137000 0.657530 -0.184284 0.181693 -0.275064 0.262219 0.799822 -3.446521 5.172646 6.985232
0.138000 0.657253 -0.184019 0.182496 -0.278512 0.267411 0.806774 -3.448024 5.210319 6.917594
0.139000 0.656973 -0.183749 0.183307 -0.281960 0.272640 0.813657 -3.449135 5.247417 6.848198
0.140000 0.656689 -0.183474 0.184124 -0.285410 0.277906 0.820470 -3.449775 5.283861 6.776805
0.141000 0.656402 -0.183193 0.184948 -0.288860 0.283207 0.827211 -3.449938 5.319629 6.703424
0.142000 0.656111 -0.182907 0.185778 -0.292310 0.288545 0.833877 -3.449684 5.354752 6.628272
0.143000 0.655817 -0.182616 0.186615 -0.295759 0.293917 0.840467 -3.449001 5.389195 6.551355
0.144000 0.655520 -0.182319 0.187459 -0.299208 0.299323 0.846980 -3.447806 5.422847 6.472470
0.145000 0.655219 -0.182017 0.188309 -0.302655 0.304763 0.853412 -3.446083 5.455640 6.391609
0.146000 0.654915 -0.181710 0.189166 -0.306100 0.310234 0.859763 -3.443895 5.487568 6.309013
0.147000 0.654607 -0.181397 0.190029 -0.309543 0.315738 0.866030 -3.441303 5.518649 6.224896
0.148000 0.654295 -0.181078 0.190898 -0.312982 0.321272 0.872213 -3.438362 5.548940 6.139438
0.149000 0.653981 -0.180754 0.191773 -0.316419 0.326836 0.878309 -3.435128 5.578517 6.052794
0.150000 0.653663 -0.180425 0.192655 -0.319853 0.332429 0.884318 -3.431569 5.607365 5.964880
0.151000 0.653341 -0.180089 0.193542 -0.323282 0.338050 0.890239 -3.427598 5.635386 5.875448
0.152000 0.653016 -0.179749 0.194435 -0.326708 0.343700 0.896069 -3.423225 5.662553 5.784498
0.153000 0.652688 -0.179402 0.195334 -0.330129 0.349375 0.901808 -3.418542 5.688907 5.692246
0.154000 0.652356 -0.179050 0.196239 -0.333545 0.355077 0.907454 -3.413554 5.714410 5.598688
0.155000 0.652021 -0.178692 0.197149 -0.336956 0.360804 0.913005 -3.408183 5.738943 5.503593
0.156000 0.651682 -0.178328 0.198065 -0.340361 0.366555 0.918461 -3.402429 5.762456 5.406946
0.157000 0.651340 -0.177959 0.198986 -0.343761 0.372329 0.923819 -3.396390 5.784992 5.308995
0.158000 0.650994 -0.177584 0.199912 -0.347154 0.378125 0.929079 -3.390161 5.806615 5.209974
0.159000 0.650645 -0.177203 0.200844 -0.350541 0.383942 0.934239 -3.383834 5.827427 5.110097
0.160000 0.650293 -0.176816 0.201781 -0.353922 0.389780 0.939299 -3.377497 5.847552 5.009563
0.161000 0.649938 -0.176423 0.202723 -0.357296 0.395638 0.944258 -3.371134 5.866992 4.908308
0.162000 0.649579 -0.176024 0.203669 -0.360664 0.401514 0.949116 -3.364655 5.885640 4.806078
0.163000 0.649216 -0.175620 0.204621 -0.364025 0.407409 0.953870 -3.358060 5.903462 4.702870
0.164000 0.648851 -0.175210 0.205577 -0.367380 0.413321 0.958521 -3.351439 5.920506 4.598912
0.165000 0.648482 -0.174793 0.206538 -0.370728 0.419250 0.963068 -3.344787 5.936724 4.494195
0.166000 0.648109 -0.174371 0.207503 -0.374070 0.425194 0.967510 -3.338000 5.951965 4.388468
0.167000 0.647733 -0.173943 0.208473 -0.377404 0.431154 0.971845 -3.331042 5.966147 4.281687
0.168000 0.647354 -0.173509 0.209447 -0.380732 0.437127 0.976073 -3.323956 5.979259 4.174030
0.169000 0.646972 -0.173069 0.210425 -0.384052 0.443112 0.980193 -3.316701 5.991213 4.065444
0.170000 0.646586 -0.172623 0.211407 -0.387365 0.449109 0.984204 -3.309158 6.001864 3.955637
0.171000 0.646197 -0.172170 0.212394 -0.390671 0.455116 0.988104 -3.301304 6.011207 3.844525
0.172000 0.645805 -0.171712 0.213384 -0.393968 0.461132 0.991893 -3.293226 6.019369 3.732298
0.173000 0.645409 -0.171248 0.214377 -0.397257 0.467155 0.995569 -3.285014 6.026466 3.619184
0.174000 0.645010 -0.170778 0.215375 -0.400538 0.473184 0.999131 -3.276773 6.032591 3.505484
0.175000 0.644608 -0.170302 0.216376 -0.403811 0.479220 1.002580 -3.268612 6.037823 3.391538
0.176000 0.644203 -0.169820 0.217380 -0.407075 0.485260 1.005914 -3.260520 6.042106 3.277373
0.177000 0.643794 -0.169331 0.218387 -0.410332 0.491304 1.009135 -3.252387 6.045287 3.162733
0.178000 0.643382 -0.168837 0.219398 -0.413580 0.497351 1.012240 -3.244195 6.047325 3.047567
0.179000 0.642967 -0.168337 0.220412 -0.416820 0.503399 1.015230 -3.236019 6.048280 2.932045
0.180000 0.642548 -0.167830 0.221429 -0.420052 0.509447 1.018104 -3.227835 6.048103 2.816104
0.181000 0.642127 -0.167318 0.222448 -0.423276 0.515495 1.020862 -3.219521 6.046649 2.699448
0.182000 0.641702 -0.166799 0.223470 -0.426491 0.521541 1.023503 -3.211047 6.043904 2.582006
0.183000 0.641274 -0.166275 0.224495 -0.429698 0.527583 1.026026 -3.202500 6.040005 2.464003
0.184000 0.640843 -0.165744 0.225522 -0.432896 0.533621 1.028431 -3.193974 6.035096 2.345696
0.185000 0.640408 -0.165207 0.226552 -0.436086 0.539653 1.030717 -3.185572 6.029327 2.227398
0.186000 0.639970 -0.164665 0.227584 -0.439267 0.545679 1.032886 -3.177405 6.022850 2.109455
0.187000 0.639529 -0.164116 0.228618 -0.442441 0.551699 1.034936 -3.169455 6.015652 1.991892
0.188000 0.639085 -0.163561 0.229654 -0.445606 0.557711 1.036869 -3.161597 6.007563 1.874444
0.189000 0.638638 -0.163001 0.230691 -0.448764 0.563714 1.038685 -3.153807 5.998510 1.757059
0.190000 0.638188 -0.162434 0.231731 -0.451914 0.569708 1.040384 -3.146159 5.988524 1.639915
0.191000 0.637734 -0.161861 0.232772 -0.455056 0.575691 1.041965 -3.138621 5.977520 1.522950
0.192000 0.637278 -0.161282 0.233815 -0.458191 0.581663 1.043429 -3.131059 5.965329 1.405851
0.193000 0.636818 -0.160698 0.234859 -0.461318 0.587622 1.044777 -3.123434 5.951951 1.288531
0.194000 0.636355 -0.160107 0.235905 -0.464438 0.593567 1.046007 -3.115809 5.937531 1.171126
0.195000 0.635889 -0.159511 0.236951 -0.467550 0.599497 1.047119 -3.108141 5.922062 1.053551
0.196000 0.635420 -0.158908 0.237999 -0.470654 0.605411 1.048114 -3.100282 5.905393 0.935519
0.197000 0.634948 -0.158300 0.239047 -0.473750 0.611307 1.048990 -3.092182 5.887508 0.817037
0.198000 0.634473 -0.157686 0.240097 -0.476838 0.617186 1.049748 -3.083919 5.868559 0.698431
0.199000 0.633994 -0.157065 0.241147 -0.479918 0.623044 1.050387 -3.075575 5.848678 0.579995
0.200000 0.633513 -0.156440 0.242198 -0.482990 0.628883 1.050908 -3.067243 5.827958 0.461959
0.201000 0.633028 -0.155808 0.243249 -0.486053 0.634700 1.051311 -3.059026 5.806472 0.344520
0.202000 0.632541 -0.155170 0.244300 -0.489108 0.640496 1.051597 -3.050884 5.784128 0.227579
0.203000 0.632050 -0.154527 0.245352 -0.492154 0.646269 1.051766 -3.042671 5.760744 0.110803
0.204000 0.631556 -0.153878 0.246404 -0.495193 0.652017 1.051818 -3.034342 5.736337 -0.005906
0.205000 0.631060 -0.153223 0.247455 -0.498223 0.657741 1.051754 -3.025961 5.711091 -0.122419
0.206000 0.630560 -0.152562 0.248507 -0.501245 0.663440 1.051574 -3.017480 5.685018 -0.238828
0.207000 0.630057 -0.151896 0.249559 -0.504258 0.669111 1.051276 -3.008749 5.657954 -0.355411
0.208000 0.629551 -0.151224 0.250610 -0.507262 0.674756 1.050863 -2.999738 5.629877 -0.472143
0.209000 0.629043 -0.150546 0.251660 -0.510258 0.680371 1.050332 -2.990562 5.600948 -0.588662
0.210000 0.628531 -0.149863 0.252710 -0.513243 0.685957 1.049685 -2.981332 5.571309 -0.704653
0.211000 0.628016 -0.149174 0.253760 -0.516220 0.691514 1.048923 -2.972156 5.541064 -0.819874
0.212000 0.627498 -0.148480 0.254808 -0.519188 0.697040 1.048046 -2.963138 5.510294 -0.934124
0.213000 0.626978 -0.147780 0.255856 -0.522146 0.702534 1.047055 -2.954236 5.478902 -1.047502
0.214000 0.626454 -0.147075 0.256902 -0.525096 0.707997 1.045951 -2.945291 5.446686 -1.160334
0.215000 0.625928 -0.146364 0.257948 -0.528037 0.713428 1.044734 -2.936253 5.413657 -1.272716
0.216000 0.625398 -0.145648 0.258992 -0.530969 0.718825 1.043405 -2.927187 5.380006 -1.384511
0.217000 0.624866 -0.144927 0.260035 -0.533891 0.724188 1.041965 -2.918043 5.345743 -1.495806
0.218000 0.624330 -0.144200 0.261076 -0.536805 0.729516 1.040414 -2.908657 5.310682 -1.606894
0.219000 0.623792 -0.143468 0.262115 -0.539709 0.734809 1.038751 -2.898996 5.274798 -1.717788
0.220000 0.623251 -0.142730 0.263153 -0.542603 0.740066 1.036978 -2.889178 5.238266 -1.828187
0.221000 0.622707 -0.141988 0.264189 -0.545487 0.745286 1.035095 -2.879317 5.201238 -1.937822
0.222000 0.622160 -0.141240 0.265223 -0.548361 0.750468 1.033102 -2.869527 5.163833 -2.046486
0.223000 0.621610 -0.140487 0.266256 -0.551226 0.755613 1.031002 -2.859916 5.126146 -2.154001
0.224000 0.621057 -0.139728 0.267285 -0.554081 0.760721 1.028794 -2.850438 5.088077 -2.260477
0.225000 0.620502 -0.138965 0.268313 -0.556927 0.765789 1.026481 -2.840922 5.049406 -2.366255
0.226000 0.619944 -0.138197 0.269338 -0.559763 0.770819 1.024062 -2.831316 5.010144 -2.471464
0.227000 0.619382 -0.137423 0.270361 -0.562590 0.775810 1.021538 -2.821687 4.970494 -2.576016
0.228000 0.618818 -0.136645 0.271381 -0.565407 0.780760 1.018910 -2.811980 4.930462 -2.680030
0.229000 0.618252 -0.135862 0.272399 -0.568214 0.785671 1.016178 -2.802022 4.889851 -2.783807
0.230000 0.617682 -0.135074 0.273414 -0.571011 0.790540 1.013342 -2.791776 4.848632 -2.887367
0.231000 0.617110 -0.134281 0.274426 -0.573797 0.795368 1.010403 -2.781334 4.806957 -2.990473
0.232000 0.616534 -0.133483 0.275435 -0.576573 0.800154 1.007361 -2.770653 4.764783 -3.093141
0.233000 0.615956 -0.132681 0.276440 -0.579338 0.804897 1.004217 -2.759561 4.721864 -3.195658
0.234000 0.615376 -0.131873 0.277443 -0.582092 0.809598 1.000970 -2.748012 4.678099 -3.298130
0.235000 0.614792 -0.131061 0.278442 -0.584835 0.814254 0.997621 -2.736119 4.633602 -3.400390
0.236000 0.614206 -0.130245 0.279438 -0.587565 0.818865 0.994169 -2.724002 4.588515 -3.502271
0.237000 0.613617 -0.129424 0.280431 -0.590283 0.823431 0.990616 -2.711794 4.543035 -3.603602
0.238000 0.613025 -0.128598 0.281420 -0.592988 0.827951 0.986962 -2.699632 4.497391 -3.704206
0.239000 0.612431 -0.127768 0.282405 -0.595682 0.832425 0.983208 -2.687482 4.451567 -3.804172
0.240000 0.611834 -0.126933 0.283386 -0.598363 0.836854 0.979354 -2.675164 4.405346 -3.903777
0.241000 0.611234 -0.126094 0.284363 -0.601032 0.841236 0.975400 -2.662612 4.358702 -4.003031
0.242000 0.610632 -0.125251 0.285337 -0.603688 0.845571 0.971348 -2.649889 4.311804 -4.101695
0.243000 0.610027 -0.124403 0.286306 -0.606332 0.849860 0.967197 -2.636927 4.264613 -4.199774
0.244000 0.609419 -0.123551 0.287271 -0.608962 0.854101 0.962948 -2.623533 4.216864 -4.297538
0.245000 0.608809 -0.122695 0.288232 -0.611579 0.858294 0.958602 -2.609657 4.168439 -4.395079
0.246000 0.608196 -0.121834 0.289188 -0.614182 0.862438 0.954158 -2.595420 4.119441 -4.492226
0.247000 0.607581 -0.120970 0.290140 -0.616770 0.866532 0.949617 -2.580949 4.070009 -4.588805
0.248000 0.606963 -0.120101 0.291088 -0.619343 0.870578 0.944980 -2.566383 4.020357 -4.684637
0.249000 0.606342 -0.119229 0.292030 -0.621903 0.874573 0.940248 -2.551868 3.970737 -4.779538
0.250000 0.605719 -0.118352 0.292968 -0.624447 0.878519 0.935421 -2.537369 3.921142 -4.873582
0.251000 0.605093 -0.117472 0.293901 -0.626977 0.882415 0.930501 -2.522709 3.871349 -4.967040
0.252000 0.604465 -0.116587 0.294829 -0.629493 0.886262 0.925487 -2.507848 3.821344 -5.059953
0.253000 0.603834 -0.115699 0.295752 -0.631993 0.890058 0.920381 -2.492889 3.771318 -5.152139
0.254000 0.603201 -0.114807 0.296670 -0.634478 0.893804 0.915183 -2.477788 3.721243 -5.243629
0.255000 0.602565 -0.113912 0.297582 -0.636949 0.897501 0.909894 -2.462356 3.670840 -5.334686
0.256000 0.601927 -0.113012 0.298490 -0.639403 0.901146 0.904513 -2.446546 3.619978 -5.425379
0.257000 0.601286 -0.112109 0.299391 -0.641842 0.904741 0.899043 -2.430484 3.568755 -5.515524
0.258000 0.600643 -0.111203 0.300288 -0.644264 0.908284 0.893482 -2.414296 3.517315 -5.604939
0.259000 0.599998 -0.110293 0.301178 -0.646670 0.911775 0.887833 -2.398105 3.465891 -5.693452
0.260000 0.599350 -0.109379 0.302063 -0.649060 0.915215 0.882095 -2.382031 3.414765 -5.780894
0.261000 0.598700 -0.108462 0.302943 -0.651434 0.918605 0.876271 -2.366016 3.363940 -5.867337
0.262000 0.598047 -0.107542 0.303816 -0.653792 0.921943 0.870361 -2.349864 3.313174 -5.953036
0.263000 0.597392 -0.106618 0.304683 -0.656134 0.925231 0.864365 -2.333537 3.262419 -6.038027
0.264000 0.596735 -0.105691 0.305545 -0.658459 0.928468 0.858285 -2.317142 3.211826 -6.122137
0.265000 0.596075 -0.104761 0.306400 -0.660768 0.931655 0.852121 -2.300640 3.161333 -6.205392
0.266000 0.595413 -0.103828 0.307249 -0.663061 0.934791 0.845874 -2.283847 3.110645 -6.288034
0.267000 0.594749 -0.102892 0.308092 -0.665336 0.937876 0.839545 -2.266741 3.059645 -6.370125
0.268000 0.594083 -0.101952 0.308928 -0.667594 0.940910 0.833134 -2.249458 3.008406 -6.451535
0.269000 0.593414 -0.101010 0.309758 -0.669835 0.943893 0.826642 -2.231971 2.956810 -6.532316
0.270000 0.592743 -0.100065 0.310581 -0.672058 0.946824 0.820069 -2.214088 2.904580 -6.612696
0.271000 0.592070 -0.099116 0.311398 -0.674263 0.949702 0.813416 -2.195756 2.851713 -6.692689
0.272000 0.591394 -0.098165 0.312208 -0.676450 0.952527 0.806684 -2.177104 2.798497 -6.772060
0.273000 0.590717 -0.097211 0.313011 -0.678617 0.955299 0.799872 -2.158270 2.745219 -6.850584
0.274000 0.590037 -0.096255 0.313808 -0.680766 0.958018 0.792983 -2.139405 2.692163 -6.928059
0.275000 0.589355 -0.095295 0.314597 -0.682896 0.960683 0.786016 -2.120664 2.639611 -7.004294
0.276000 0.588671 -0.094333 0.315380 -0.685007 0.963297 0.778974 -2.102007 2.587543 -7.079328
0.277000 0.587985 -0.093369 0.316155 -0.687100 0.965858 0.771857 -2.083228 2.535665 -7.153394
0.278000 0.587297 -0.092402 0.316924 -0.689174 0.968368 0.764667 -2.064256 2.483833 -7.226562
0.279000 0.586607 -0.091432 0.317685 -0.691229 0.970826 0.757404 -2.045169 2.432092 -7.298733
0.280000 0.585915 -0.090460 0.318438 -0.693264 0.973232 0.750070 -2.025898 2.380297 -7.369969
0.281000 0.585221 -0.089485 0.319185 -0.695280 0.975587 0.742664 -2.006235 2.328163 -7.440493
0.282000 0.584524 -0.088509 0.319924 -0.697277 0.977889 0.735189 -1.986154 2.275709 -7.510353
0.283000 0.583826 -0.087530 0.320655 -0.699253 0.980138 0.727644 -1.965832 2.223261 -7.579379
0.284000 0.583126 -0.086548 0.321379 -0.701208 0.982335 0.720030 -1.945434 2.171120 -7.647402
0.285000 0.582424 -0.085565 0.322095 -0.703144 0.984480 0.712349 -1.925109 2.119539 -7.714258
0.286000 0.581719 -0.084579 0.322804 -0.705059 0.986574 0.704601 -1.904994 2.068742 -7.779789
0.287000 0.581013 -0.083592 0.323504 -0.706954 0.988618 0.696789 -1.885032 2.018661 -7.844034
0.288000 0.580306 -0.082602 0.324197 -0.708829 0.990612 0.688913 -1.865014 1.968976 -7.907196
0.289000 0.579596 -0.081611 0.324882 -0.710684 0.992556 0.680975 -1.844900 1.919544 -7.969323
0.290000 0.578884 -0.080617 0.325559 -0.712518 0.994451 0.672975 -1.824814 1.870418 -8.030300
0.291000 0.578171 -0.079622 0.326228 -0.714333 0.996297 0.664914 -1.804717 1.821457 -8.090163
0.292000 0.577455 -0.078625 0.326889 -0.716128 0.998094 0.656794 -1.784401 1.772376 -8.149094
0.293000 0.576738 -0.077626 0.327542 -0.717902 0.999841 0.648616 -1.763824 1.723196 -8.207111
0.294000 0.576020 -0.076625 0.328186 -0.719656 1.001540 0.640380 -1.743143 1.674261 -8.264034
0.295000 0.575299 -0.075622 0.328823 -0.721388 1.003190 0.632088 -1.722513 1.625897 -8.319689
0.296000 0.574577 -0.074618 0.329450 -0.723101 1.004792 0.623741 -1.702090 1.578395 -8.373927
0.297000 0.573853 -0.073613 0.330070 -0.724793 1.006347 0.615340 -1.682027 1.532031 -8.426606
0.298000 0.573127 -0.072606 0.330681 -0.726465 1.007856 0.606888 -1.662270 1.486769 -8.477762
0.299000 0.572400 -0.071597 0.331284 -0.728117 1.009320 0.598385 -1.642601 1.442301 -8.527583
0.300000 0.571671 -0.070587 0.331878 -0.729750 1.010740 0.589832 -1.622966 1.398494 -8.576136
0.301000 0.570941 -0.069576 0.332463 -0.731363 1.012117 0.581232 -1.603469 1.355418 -8.623354
0.302000 0.570208 -0.068563 0.333040 -0.732957 1.013451 0.572586 -1.584051 1.312938 -8.669292
0.303000 0.569475 -0.067549 0.333609 -0.734531 1.014743 0.563894 -1.564488 1.270751 -8.714123
0.304000 0.568739 -0.066533 0.334168 -0.736086 1.015993 0.555157 -1.544718 1.228838 -8.757886
0.305000 0.568002 -0.065517 0.334719 -0.737621 1.017201 0.546378 -1.524840 1.187435 -8.800479
0.306000 0.567264 -0.064499 0.335261 -0.739135 1.018368 0.537557 -1.504790 1.146528 -8.841926
0.307000 0.566524 -0.063480 0.335794 -0.740630 1.019494 0.528694 -1.484349 1.105848 -8.882388
0.308000 0.565783 -0.062460 0.336318 -0.742104 1.020579 0.519792 -1.463473 1.065358 -8.921918
0.309000 0.565040 -0.061439 0.336834 -0.743557 1.021624 0.510850 -1.442331 1.025304 -8.960422
0.310000 0.564296 -0.060417 0.337340 -0.744989 1.022630 0.501871 -1.421081 0.985901 -8.997806
0.311000 0.563550 -0.059394 0.337837 -0.746399 1.023596 0.492855 -1.399863 0.947299 -9.033982
0.312000 0.562803 -0.058370 0.338326 -0.747789 1.024524 0.483803 -1.378811 0.909615 -9.068861
0.313000 0.562054 -0.057345 0.338805 -0.749157 1.025415 0.474717 -1.357849 0.872704 -9.102485
0.314000 0.561305 -0.056319 0.339275 -0.750504 1.026270 0.465598 -1.336749 0.836260 -9.134994
0.315000 0.560553 -0.055292 0.339736 -0.751830 1.027088 0.456447 -1.315457 0.800281 -9.166410
0.316000 0.559801 -0.054265 0.340188 -0.753135 1.027870 0.447265 -1.294093 0.765023 -9.196640
0.317000 0.559047 -0.053236 0.340631 -0.754419 1.028618 0.438054 -1.272604 0.730488 -9.225693
0.318000 0.558292 -0.052207 0.341064 -0.755680 1.029331 0.428814 -1.250776 0.696408 -9.253693
0.319000 0.557536 -0.051178 0.341488 -0.756920 1.030011 0.419546 -1.228578 0.662735 -9.280678
0.320000 0.556778 -0.050147 0.341903 -0.758137 1.030657 0.410252 -1.206157 0.629656 -9.306588
0.321000 0.556019 -0.049116 0.342309 -0.759332 1.031270 0.400933 -1.183479 0.597112 -9.331448
0.322000 0.555260 -0.048085 0.342705 -0.760504 1.031851 0.391589 -1.160314 0.564770 -9.355389
0.323000 0.554498 -0.047053 0.343092 -0.761653 1.032400 0.382222 -1.136578 0.532477 -9.378467
0.324000 0.553736 -0.046020 0.343470 -0.762778 1.032916 0.372833 -1.112387 0.500342 -9.400629
0.325000 0.552973 -0.044987 0.343838 -0.763878 1.033400 0.363421 -1.087865 0.468526 -9.421805
0.326000 0.552209 -0.043953 0.344196 -0.764953 1.033853 0.353989 -1.063150 0.437284 -9.441898
0.327000 0.551443 -0.042919 0.344546 -0.766004 1.034275 0.344537 -1.038388 0.406916 -9.460798
0.328000 0.550676 -0.041885 0.344886 -0.767030 1.034667 0.335067 -1.013517 0.377420 -9.478493
0.329000 0.549909 -0.040850 0.345216 -0.768031 1.035030 0.325580 -0.988319 0.348520 -9.495070
0.330000 0.549140 -0.039815 0.345537 -0.769007 1.035364 0.316077 -0.962777 0.320163 -9.510548
0.331000 0.548371 -0.038779 0.345848 -0.769957 1.035670 0.306559 -0.937060 0.292531 -9.524867
0.332000 0.547601 -0.037743 0.346150 -0.770881 1.035949 0.297027 -0.911150 0.265561 -9.538033
0.333000 0.546829 -0.036707 0.346442 -0.771779 1.036201 0.287483 -0.884825 0.238927 -9.550138
0.334000 0.546057 -0.035671 0.346725 -0.772651 1.036427 0.277927 -0.858018 0.212495 -9.561217
0.335000 0.545284 -0.034634 0.346998 -0.773495 1.036626 0.268361 -0.830869 0.186403 -9.571226
0.336000 0.544510 -0.033598 0.347261 -0.774312 1.036800 0.258785 -0.803516 0.160825 -9.580122
0.337000 0.543735 -0.032561 0.347515 -0.775102 1.036948 0.249200 -0.776098 0.135993 -9.587866
0.338000 0.542960 -0.031524 0.347760 -0.775864 1.037072 0.239609 -0.748751 0.112177 -9.594416
0.339000 0.542184 -0.030487 0.347995 -0.776600 1.037172 0.230012 -0.721404 0.089343 -9.599797
0.340000 0.541407 -0.029449 0.348220 -0.777307 1.037250 0.220409 -0.693829 0.067203 -9.604083
0.341000 0.540629 -0.028412 0.348436 -0.777987 1.037307 0.210803 -0.666002 0.045701 -9.607303
0.342000 0.539851 -0.027375 0.348642 -0.778639 1.037342 0.201195 -0.638081 0.025016 -9.609427
0.343000 0.539072 -0.026337 0.348838 -0.779263 1.037357 0.191585 -0.610039 0.005082 -9.610468
0.344000 0.538292 -0.025300 0.349025 -0.779859 1.037352 0.181974 -0.581648 -0.014440 -9.610484
0.345000 0.537512 -0.024263 0.349202 -0.780427 1.037328 0.172364 -0.552831 -0.033709 -9.609494
0.346000 0.536731 -0.023225 0.349369 -0.780965 1.037285 0.162755 -0.523721 -0.052621 -9.607456
0.347000 0.535950 -0.022188 0.349527 -0.781474 1.037223 0.153149 -0.494448 -0.071019 -9.604332
0.348000 0.535168 -0.021151 0.349676 -0.781954 1.037142 0.143546 -0.465145 -0.088653 -9.600086
0.349000 0.534386 -0.020114 0.349814 -0.782404 1.037045 0.133949 -0.435940 -0.105225 -9.594683
0.350000 0.533603 -0.019077 0.349944 -0.782826 1.036932 0.124357 -0.406758 -0.120743 -9.588125
0.351000 0.532820 -0.018040 0.350063 -0.783218 1.036804 0.114772 -0.377375 -0.135495 -9.580457
0.352000 0.532037 -0.017003 0.350173 -0.783581 1.036661 0.105196 -0.347785 -0.149562 -9.571710
0.353000 0.531253 -0.015967 0.350274 -0.783913 1.036505 0.095629 -0.318176 -0.162796 -9.561889
0.354000 0.530469 -0.014930 0.350364 -0.784217 1.036335 0.086072 -0.288540 -0.175290 -9.551012
0.355000 0.529685 -0.013894 0.350446 -0.784491 1.036154 0.076527 -0.258655 -0.187391 -9.539118
0.356000 0.528900 -0.012858 0.350517 -0.784734 1.035961 0.066994 -0.228440 -0.199260 -9.526228
0.357000 0.528115 -0.011822 0.350580 -0.784947 1.035756 0.057474 -0.197981 -0.210852 -9.512345
0.358000 0.527330 -0.010786 0.350632 -0.785130 1.035539 0.047969 -0.167194 -0.222327 -9.497476
0.359000 0.526545 -0.009751 0.350676 -0.785282 1.035311 0.038479 -0.135822 -0.234010 -9.481631
0.360000 0.525760 -0.008716 0.350709 -0.785402 1.035071 0.029006 -0.103782 -0.245939 -9.464797
0.361000 0.524974 -0.007681 0.350734 -0.785489 1.034819 0.019550 -0.071205 -0.257840 -9.446941
0.362000 0.524189 -0.006646 0.350748 -0.785544 1.034555 0.010112 -0.038248 -0.269447 -9.428045
0.363000 0.523403 -0.005612 0.350754 -0.785566 1.034280 0.000694 -0.005116 -0.280509 -9.408130
0.364000 0.522618 -0.004578 0.350750 -0.785554 1.033994 -0.008704 0.027964 -0.290783 -9.387231
0.365000 0.521832 -0.003544 0.350736 -0.785510 1.033699 -0.018081 0.060999 -0.300335 -9.365371
0.366000 0.521047 -0.002510 0.350714 -0.785432 1.033394 -0.027435 0.094204 -0.309520 -9.342559
0.367000 0.520261 -0.001477 0.350682 -0.785322 1.033080 -0.036766 0.127633 -0.318547 -9.318798
0.368000 0.519476 -0.000444 0.350640 -0.785177 1.032756 -0.046072 0.161169 -0.327435 -9.294092
0.369000 0.518691 0.000589 0.350589 -0.784999 1.032425 -0.055354 0.194871 -0.336391 -9.268430
0.370000 0.517906 0.001621 0.350529 -0.784787 1.032084 -0.064609 0.228985 -0.345746 -9.241793
0.371000 0.517121 0.002653 0.350460 -0.784541 1.031733 -0.073838 0.263593 -0.355515 -9.214174
0.372000 0.516337 0.003684 0.350382 -0.784260 1.031373 -0.083038 0.298564 -0.365385 -9.185582
0.373000 0.515553 0.004715 0.350294 -0.783944 1.031002 -0.092209 0.333750 -0.375063 -9.156031
0.374000 0.514769 0.005746 0.350197 -0.783593 1.030623 -0.101350 0.368972 -0.384282 -9.125559
0.375000 0.513986 0.006777 0.350091 -0.783206 1.030234 -0.110460 0.404034 -0.392795 -9.094209
0.376000 0.513203 0.007807 0.349976 -0.782785 1.029837 -0.119538 0.438966 -0.400667 -9.061991
0.377000 0.512420 0.008836 0.349852 -0.782328 1.029432 -0.128584 0.473992 -0.408258 -9.028882
0.378000 0.511638 0.009866 0.349719 -0.781837 1.029020 -0.137596 0.509165 -0.415799 -8.994896
0.379000 0.510856 0.010894 0.349577 -0.781310 1.028601 -0.146574 0.544363 -0.423340 -8.960075
0.380000 0.510075 0.011923 0.349426 -0.780748 1.028174 -0.155516 0.579644 -0.431107 -8.924416
0.381000 0.509295 0.012951 0.349266 -0.780151 1.027739 -0.164422 0.615247 -0.439427 -8.887885
0.382000 0.508515 0.013978 0.349097 -0.779517 1.027295 -0.173292 0.651252 -0.448287 -8.850488
0.383000 0.507736 0.015005 0.348920 -0.778848 1.026842 -0.182123 0.687568 -0.457396 -8.812263
0.384000 0.506957 0.016032 0.348733 -0.778142 1.026380 -0.190916 0.724273 -0.466728 -8.773204
0.385000 0.506180 0.017058 0.348538 -0.777400 1.025909 -0.199670 0.761593 -0.476550 -8.733260
0.386000 0.505403 0.018084 0.348334 -0.776619 1.025427 -0.208383 0.799556 -0.486929 -8.692430
0.387000 0.504626 0.019109 0.348121 -0.775800 1.024935 -0.217055 0.837959 -0.497663 -8.650768
0.388000 0.503851 0.020134 0.347900 -0.774943 1.024432 -0.225684 0.876614 -0.508598 -8.608338
0.389000 0.503076 0.021158 0.347670 -0.774047 1.023918 -0.234271 0.915366 -0.519672 -8.565223
0.390000 0.502303 0.022182 0.347431 -0.773113 1.023392 -0.242815 0.954073 -0.530874 -8.521519
0.391000 0.501530 0.023205 0.347184 -0.772139 1.022856 -0.251314 0.992809 -0.542422 -8.477236
0.392000 0.500759 0.024227 0.346928 -0.771127 1.022308 -0.259769 1.031817 -0.554641 -8.432307
0.393000 0.499988 0.025249 0.346664 -0.770075 1.021747 -0.268179 1.071170 -0.567510 -8.386701
0.394000 0.499218 0.026271 0.346392 -0.768985 1.021172 -0.276543 1.110722 -0.580675 -8.340452
0.395000 0.498450 0.027292 0.346111 -0.767854 1.020585 -0.284860 1.150310 -0.593805 -8.293612
0.396000 0.497683 0.028312 0.345822 -0.766684 1.019985 -0.293130 1.189740 -0.606615 -8.246268
0.397000 0.496917 0.029332 0.345525 -0.765475 1.019372 -0.301352 1.228799 -0.618846 -8.198526
0.398000 0.496152 0.030351 0.345220 -0.764226 1.018747 -0.309527 1.267504 -0.630551 -8.150396
0.399000 0.495388 0.031369 0.344906 -0.762940 1.018111 -0.317653 1.306068 -0.642080 -8.101806
0.400000 0.494626 0.032387 0.344584 -0.761614 1.017463 -0.325731 1.344553 -0.653653 -8.052747
0.401000 0.493865 0.033404 0.344255 -0.760250 1.016804 -0.333759 1.382852 -0.665311 -8.003281
0.402000 0.493105 0.034420 0.343917 -0.758848 1.016132 -0.341737 1.421027 -0.677264 -7.953387
0.403000 0.492347 0.035436 0.343571 -0.757408 1.015449 -0.349666 1.459308 -0.689832 -7.902958
0.404000 0.491591 0.036451 0.343217 -0.755930 1.014753 -0.357543 1.497754 -0.702987 -7.851957
0.405000 0.490835 0.037466 0.342856 -0.754413 1.014043 -0.365369 1.536252 -0.716428 -7.800414
0.406000 0.490082 0.038479 0.342487 -0.752857 1.013320 -0.373144 1.574857 -0.730115 -7.748283
0.407000 0.489330 0.039492 0.342110 -0.751263 1.012583 -0.380866 1.613783 -0.744304 -7.695468
0.408000 0.488579 0.040505 0.341725 -0.749630 1.011831 -0.388535 1.653057 -0.759048 -7.642004
0.409000 0.487830 0.041516 0.341333 -0.747957 1.011065 -0.396150 1.692485 -0.774132 -7.588048
0.410000 0.487083 0.042527 0.340933 -0.746245 1.010283 -0.403711 1.731878 -0.789389 -7.533745
0.411000 0.486338 0.043537 0.340525 -0.744493 1.009486 -0.411218 1.771062 -0.804743 -7.479214
0.412000 0.485594 0.044546 0.340110 -0.742703 1.008674 -0.418669 1.809870 -0.820169 -7.424560
0.413000 0.484852 0.045554 0.339688 -0.740874 1.007846 -0.426067 1.848349 -0.835871 -7.369757
0.414000 0.484113 0.046561 0.339258 -0.739006 1.007002 -0.433409 1.886721 -0.852160 -7.314669
0.415000 0.483374 0.047568 0.338821 -0.737100 1.006141 -0.440696 1.925053 -0.869000 -7.259232
0.416000 0.482638 0.048574 0.338377 -0.735156 1.005264 -0.447927 1.963248 -0.886080 -7.203463
0.417000 0.481904 0.049579 0.337925 -0.733174 1.004369 -0.455103 2.001370 -0.903353 -7.147291
0.418000 0.481172 0.050582 0.337467 -0.731153 1.003457 -0.462222 2.039635 -0.921053 -7.090592
0.419000 0.480442 0.051585 0.337001 -0.729094 1.002527 -0.469284 2.078076 -0.939202 -7.033399
0.420000 0.479714 0.052587 0.336528 -0.726997 1.001579 -0.476289 2.116557 -0.957587 -6.975871
0.421000 0.478988 0.053589 0.336048 -0.724861 1.000612 -0.483236 2.155106 -0.976245 -6.918033
0.422000 0.478264 0.054589 0.335561 -0.722687 0.999626 -0.490125 2.193921 -0.995509 -6.859764
0.423000 0.477543 0.055588 0.335068 -0.720473 0.998621 -0.496955 2.233028 -1.015581 -6.801029
0.424000 0.476823 0.056586 0.334568 -0.718221 0.997595 -0.503727 2.272280 -1.036481 -6.741891
0.425000 0.476106 0.057583 0.334060 -0.715929 0.996548 -0.510439 2.311699 -1.058407 -6.682294
0.426000 0.475391 0.058579 0.333547 -0.713597 0.995478 -0.517091 2.351486 -1.081666 -6.622062
0.427000 0.474679 0.059574 0.333026 -0.711226 0.994385 -0.523683 2.391683 -1.106239 -6.561104
0.428000 0.473969 0.060568 0.332499 -0.708814 0.993266 -0.530214 2.432126 -1.131778 -6.499458
0.429000 0.473261 0.061561 0.331966 -0.706362 0.992121 -0.536682 2.472651 -1.157951 -6.437220
0.430000 0.472556 0.062552 0.331426 -0.703869 0.990950 -0.543088 2.513091 -1.184456 -6.374582
0.431000 0.471854 0.063542 0.330880 -0.701335 0.989752 -0.549431 2.553277 -1.211006 -6.311791
0.432000 0.471153 0.064532 0.330327 -0.698762 0.988528 -0.555712 2.593241 -1.237630 -6.248908
0.433000 0.470456 0.065519 0.329768 -0.696149 0.987277 -0.561929 2.633175 -1.264657 -6.185802
0.434000 0.469761 0.066506 0.329203 -0.693496 0.985999 -0.568083 2.673106 -1.292303 -6.122424
0.435000 0.469069 0.067491 0.328632 -0.690803 0.984692 -0.574174 2.712895 -1.320612 -6.058836
0.436000 0.468380 0.068476 0.328055 -0.688070 0.983357 -0.580201 2.752567 -1.349793 -5.994968
0.437000 0.467693 0.069458 0.327472 -0.685298 0.981993 -0.586164 2.792313 -1.380152 -5.930616
0.438000 0.467009 0.070439 0.326883 -0.682485 0.980597 -0.592062 2.832175 -1.411657 -5.865674
0.439000 0.466328 0.071419 0.326288 -0.679633 0.979169 -0.597895 2.872002 -1.443949 -5.800188
0.440000 0.465650 0.072398 0.325687 -0.676741 0.977709 -0.603663 2.911645 -1.476694 -5.734255
0.441000 0.464974 0.073375 0.325080 -0.673810 0.976216 -0.609364 2.950971 -1.509600 -5.668076
0.442000 0.464302 0.074350 0.324468 -0.670839 0.974690 -0.614999 2.989850 -1.542400 -5.601903
0.443000 0.463633 0.075324 0.323850 -0.667830 0.973131 -0.620568 3.028338 -1.575132 -5.535788
0.444000 0.462966 0.076297 0.323227 -0.664783 0.971540 -0.626070 3.066627 -1.608112 -5.469589
0.445000 0.462303 0.077267 0.322598 -0.661697 0.969915 -0.631507 3.104744 -1.641515 -5.403272
0.446000 0.461643 0.078236 0.321964 -0.658573 0.968257 -0.636877 3.142553 -1.675336 -5.336941
0.447000 0.460986 0.079204 0.321324 -0.655412 0.966564 -0.642181 3.180072 -1.709747 -5.270542
0.448000 0.460332 0.080169 0.320680 -0.652213 0.964837 -0.647418 3.217472 -1.745046 -5.203851
0.449000 0.459682 0.081133 0.320030 -0.648977 0.963074 -0.652588 3.254764 -1.781236 -5.136733
0.450000 0.459034 0.082096 0.319374 -0.645704 0.961275 -0.657691 3.291767 -1.818008 -5.069214
0.451000 0.458390 0.083056 0.318714 -0.642393 0.959438 -0.662727 3.328320 -1.855060 -5.001389
0.452000 0.457749 0.084015 0.318049 -0.639047 0.957565 -0.667694 3.364308 -1.892106 -4.933487
0.453000 0.457112 0.084971 0.317379 -0.635665 0.955654 -0.672594 3.399635 -1.928864 -4.865807
0.454000 0.456478 0.085926 0.316704 -0.632248 0.953707 -0.677426 3.434374 -1.965351 -4.798423
0.455000 0.455848 0.086879 0.316024 -0.628796 0.951723 -0.682191 3.468705 -2.001866 -4.731175
0.456000 0.455221 0.087829 0.315339 -0.625310 0.949703 -0.686888 3.502620 -2.038565 -4.664009
0.457000 0.454597 0.088778 0.314650 -0.621791 0.947646 -0.691519 3.535950 -2.075423 -4.597006
0.458000 0.453977 0.089725 0.313956 -0.618238 0.945552 -0.696082 3.568681 -2.112594 -4.530086
0.459000 0.453360 0.090669 0.313258 -0.614653 0.943421 -0.700579 3.600967 -2.150366 -4.462993
0.460000 0.452748 0.091611 0.312555 -0.611036 0.941251 -0.705008 3.632836 -2.188747 -4.395567
0.461000 0.452138 0.092552 0.311848 -0.607388 0.939043 -0.709370 3.664169 -2.227498 -4.327770
0.462000 0.451533 0.093489 0.311136 -0.603708 0.936796 -0.713664 3.694995 -2.266612 -4.259445
0.463000 0.450931 0.094425 0.310421 -0.599998 0.934510 -0.717889 3.725493 -2.306308 -4.190390
0.464000 0.450333 0.095359 0.309701 -0.596257 0.932184 -0.722044 3.755732 -2.346574 -4.120679
0.465000 0.449738 0.096290 0.308977 -0.592486 0.929817 -0.726130 3.785612 -2.387119 -4.050634
0.466000 0.449148 0.097218 0.308248 -0.588686 0.927410 -0.730146 3.815014 -2.427706 -3.980524
0.467000 0.448561 0.098144 0.307516 -0.584856 0.924962 -0.734091 3.843784 -2.468206 -3.910521
0.468000 0.447978 0.099068 0.306780 -0.580998 0.922473 -0.737967 3.871748 -2.508546 -3.840744
0.469000 0.447399 0.099989 0.306040 -0.577113 0.919945 -0.741773 3.898905 -2.548882 -3.771096
0.470000 0.446824 0.100908 0.305297 -0.573201 0.917375 -0.745509 3.925400 -2.589499 -3.701306
0.471000 0.446253 0.101824 0.304549 -0.569262 0.914766 -0.749175 3.951249 -2.630406 -3.631223
0.472000 0.445685 0.102737 0.303798 -0.565298 0.912115 -0.752771 3.976328 -2.671373 -3.560833
0.473000 0.445122 0.103648 0.303044 -0.561309 0.909423 -0.756297 4.000651 -2.712394 -3.489992
0.474000 0.444563 0.104556 0.302286 -0.557297 0.906690 -0.759751 4.024389 -2.753682 -3.418495
0.475000 0.444008 0.105462 0.301524 -0.553261 0.903915 -0.763134 4.047621 -2.795225 -3.346430
0.476000 0.443456 0.106364 0.300759 -0.549201 0.901099 -0.766444 4.070276 -2.836739 -3.274148
0.477000 0.442909 0.107264 0.299991 -0.545120 0.898242 -0.769682 4.092254 -2.877984 -3.201941
0.478000 0.442366 0.108161 0.299220 -0.541017 0.895343 -0.772848 4.113404 -2.918814 -3.129986
0.479000 0.441827 0.109055 0.298446 -0.536893 0.892404 -0.775942 4.133547 -2.959128 -3.058401
0.480000 0.441292 0.109945 0.297668 -0.532750 0.889425 -0.778965 4.152667 -2.999055 -2.987082
0.481000 0.440762 0.110833 0.296888 -0.528588 0.886406 -0.781916 4.170899 -3.038874 -2.915738
0.482000 0.440235 0.111718 0.296104 -0.524408 0.883347 -0.784796 4.188266 -3.078612 -2.844212
0.483000 0.439713 0.112600 0.295318 -0.520211 0.880249 -0.787605 4.204670 -3.118079 -2.772489
0.484000 0.439195 0.113479 0.294529 -0.515999 0.877111 -0.790341 4.220135 -3.157289 -2.700416
0.485000 0.438681 0.114354 0.293737 -0.511771 0.873934 -0.793006 4.234830 -3.196456 -2.627777
0.486000 0.438171 0.115227 0.292943 -0.507529 0.870718 -0.795597 4.248842 -3.235564 -2.554654
0.487000 0.437666 0.116096 0.292146 -0.503273 0.867463 -0.798115 4.262159 -3.274376 -2.481359
0.488000 0.437165 0.116962 0.291347 -0.499005 0.864170 -0.800560 4.274858 -3.312878 -2.407974
0.489000 0.436668 0.117824 0.290545 -0.494724 0.860838 -0.802931 4.287081 -3.351310 -2.334303
0.490000 0.436175 0.118683 0.289741 -0.490431 0.857467 -0.805228 4.298802 -3.389772 -2.260255
0.491000 0.435687 0.119539 0.288935 -0.486126 0.854058 -0.807451 4.309828 -3.428133 -2.185935
0.492000 0.435203 0.120391 0.288126 -0.481811 0.850611 -0.809600 4.319987 -3.466243 -2.111430
0.493000 0.434723 0.121240 0.287315 -0.477486 0.847125 -0.811674 4.329150 -3.503919 -2.036794
0.494000 0.434248 0.122086 0.286503 -0.473153 0.843603 -0.813674 4.337207 -3.540956 -1.962060
0.495000 0.433777 0.122927 0.285688 -0.468812 0.840044 -0.815598 4.344192 -3.577388 -1.887079
0.496000 0.433310 0.123766 0.284872 -0.464464 0.836448 -0.817448 4.350268 -3.613433 -1.811630
0.497000 0.432848 0.124600 0.284053 -0.460111 0.832817 -0.819222 4.355531 -3.649094 -1.735795
0.498000 0.432390 0.125431 0.283233 -0.455753 0.829150 -0.820919 4.359989 -3.684164 -1.659901
0.499000 0.431936 0.126259 0.282411 -0.451391 0.825448 -0.822541 4.363729 -3.718642 -1.584032
0.500000 0.431487 0.127082 0.281588 -0.447026 0.821713 -0.824088 4.366887 -3.752753 -1.507989
0.501000 0.431042 0.127902 0.280763 -0.442657 0.817943 -0.825557 4.369445 -3.786561 -1.431690
0.502000 0.430602 0.128718 0.279937 -0.438287 0.814140 -0.826951 4.371259 -3.819946 -1.355214
0.503000 0.430166 0.129530 0.279109 -0.433915 0.810303 -0.828268 4.372299 -3.852972 -1.278460
0.504000 0.429734 0.130339 0.278280 -0.429542 0.806434 -0.829508 4.372665 -3.885888 -1.201130
0.505000 0.429307 0.131143 0.277450 -0.425170 0.802531 -0.830670 4.372364 -3.918774 -1.123075
0.506000 0.428884 0.131944 0.276619 -0.420798 0.798596 -0.831754 4.371286 -3.951483 -1.044356
0.507000 0.428465 0.132740 0.275787 -0.416427 0.794628 -0.832759 4.369347 -3.983846 -0.965112
0.508000 0.428051 0.133533 0.274954 -0.412059 0.790628 -0.833684 4.366522 -4.015662 -0.885618
0.509000 0.427641 0.134322 0.274119 -0.407694 0.786597 -0.834530 4.362815 -4.046706 -0.806225
0.510000 0.427236 0.135106 0.273285 -0.403333 0.782535 -0.835297 4.358319 -4.076988 -0.727007
0.511000 0.426834 0.135887 0.272449 -0.398977 0.778443 -0.835984 4.353165 -4.106724 -0.647763
0.512000 0.426438 0.136663 0.271613 -0.394627 0.774321 -0.836592 4.347343 -4.135963 -0.568422
0.513000 0.426045 0.137435 0.270776 -0.390283 0.770171 -0.837121 4.340729 -4.164576 -0.489088
0.514000 0.425657 0.138203 0.269938 -0.385945 0.765992 -0.837570 4.333301 -4.192612 -0.409675
0.515000 0.425273 0.138967 0.269101 -0.381616 0.761786 -0.837940 4.325152 -4.220299 -0.329898
0.516000 0.424894 0.139727 0.268262 -0.377295 0.757552 -0.838230 4.316300 -4.247700 -0.249624
0.517000 0.424519 0.140482 0.267424 -0.372983 0.753290 -0.838440 4.306672 -4.274705 -0.168886
0.518000 0.424148 0.141234 0.266586 -0.368682 0.749002 -0.838568 4.296287 -4.301370 -0.087560
0.519000 0.423781 0.141980 0.265747 -0.364391 0.744688 -0.838615 4.285281 -4.327918 -0.005421
0.520000 0.423419 0.142723 0.264908 -0.360111 0.740346 -0.838579 4.273762 -4.354397 0.077464
0.521000 0.423061 0.143461 0.264070 -0.355843 0.735979 -0.838460 4.261751 -4.380636 0.160745
0.522000 0.422707 0.144195 0.263231 -0.351588 0.731585 -0.838257 4.249225 -4.406452 0.244123
0.523000 0.422358 0.144924 0.262393 -0.347345 0.727166 -0.837971 4.236081 -4.431642 0.327390
0.524000 0.422013 0.145649 0.261555 -0.343116 0.722722 -0.837603 4.222167 -4.455990 0.410389
0.525000 0.421672 0.146370 0.260718 -0.338901 0.718254 -0.837151 4.207446 -4.479505 0.493204
0.526000 0.421335 0.147086 0.259881 -0.334701 0.713763 -0.836616 4.191995 -4.502410 0.576122
0.527000 0.421002 0.147797 0.259045 -0.330517 0.709249 -0.835998 4.175836 -4.524822 0.659276
0.528000 0.420674 0.148504 0.258209 -0.326349 0.704713 -0.835298 4.158922 -4.546721 0.742629
0.529000 0.420350 0.149207 0.257374 -0.322199 0.700156 -0.834513 4.141278 -4.568222 0.826304
0.530000 0.420029 0.149905 0.256540 -0.318066 0.695577 -0.833645 4.123039 -4.589561 0.910534
0.531000 0.419713 0.150598 0.255707 -0.313953 0.690977 -0.832692 4.104318 -4.610794 0.995273
0.532000 0.419402 0.151287 0.254875 -0.309858 0.686355 -0.831654 4.085186 -4.631817 1.080245
0.533000 0.419094 0.151971 0.254044 -0.305782 0.681713 -0.830532 4.065747 -4.652672 1.165397
0.534000 0.418790 0.152650 0.253214 -0.301726 0.677050 -0.829324 4.046109 -4.673536 1.250928
0.535000 0.418490 0.153325 0.252385 -0.297690 0.672366 -0.828030 4.026249 -4.694393 1.336878
0.536000 0.418195 0.153995 0.251558 -0.293674 0.667661 -0.826650 4.006035 -4.715020 1.423063
0.537000 0.417903 0.154660 0.250732 -0.289678 0.662936 -0.825184 3.985345 -4.735239 1.509329
0.538000 0.417615 0.155321 0.249907 -0.285703 0.658191 -0.823631 3.964088 -4.754958 1.595585
0.539000 0.417332 0.155976 0.249084 -0.281750 0.653426 -0.821993 3.942184 -4.774133 1.681770
0.540000 0.417052 0.156627 0.248263 -0.277819 0.648642 -0.820268 3.919643 -4.792883 1.768022
0.541000 0.416776 0.157274 0.247444 -0.273910 0.643840 -0.818456 3.896575 -4.811435 1.854579
0.542000 0.416504 0.157915 0.246626 -0.270026 0.639019 -0.816558 3.873080 -4.829850 1.941410
0.543000 0.416236 0.158552 0.245811 -0.266164 0.634180 -0.814574 3.849218 -4.848041 2.028257
0.544000 0.415972 0.159183 0.244997 -0.262327 0.629323 -0.812502 3.825080 -4.866053 2.115078
0.545000 0.415711 0.159810 0.244186 -0.258514 0.624448 -0.810343 3.800761 -4.884053 2.202076
0.546000 0.415455 0.160432 0.243377 -0.254726 0.619555 -0.808098 3.776249 -4.902030 2.289299
0.547000 0.415202 0.161049 0.242570 -0.250962 0.614644 -0.805765 3.751455 -4.919807 2.376618
0.548000 0.414953 0.161662 0.241765 -0.247223 0.609716 -0.803345 3.726357 -4.937369 2.464093
0.549000 0.414707 0.162269 0.240963 -0.243509 0.604770 -0.800837 3.701013 -4.954894 2.551997
0.550000 0.414466 0.162871 0.240163 -0.239821 0.599806 -0.798241 3.675443 -4.972476 2.640479
0.551000 0.414228 0.163469 0.239366 -0.236158 0.594825 -0.795556 3.649600 -4.990058 2.729487
0.552000 0.413993 0.164061 0.238572 -0.232521 0.589826 -0.792782 3.623462 -5.007570 2.818903
0.553000 0.413763 0.164648 0.237781 -0.228911 0.584809 -0.789918 3.597049 -5.024920 2.908504
0.554000 0.413535 0.165230 0.236992 -0.225327 0.579776 -0.786965 3.570401 -5.042005 2.998000
0.555000 0.413312 0.165808 0.236207 -0.221770 0.574725 -0.783922 3.543598 -5.058870 3.087352
0.556000 0.413092 0.166380 0.235425 -0.218240 0.569658 -0.780790 3.516714 -5.075659 3.176753
0.557000 0.412875 0.166947 0.234645 -0.214737 0.564574 -0.777568 3.489726 -5.092338 3.266252
0.558000 0.412662 0.167509 0.233869 -0.211261 0.559474 -0.774257 3.462538 -5.108710 3.355724
0.559000 0.412453 0.168066 0.233097 -0.207812 0.554357 -0.770857 3.435117 -5.124737 3.445225
0.560000 0.412247 0.168618 0.232328 -0.204390 0.549224 -0.767367 3.407504 -5.140572 3.535006
0.561000 0.412044 0.169164 0.231562 -0.200997 0.544076 -0.763787 3.379706 -5.156309 3.625186
0.562000 0.411845 0.169706 0.230800 -0.197631 0.538911 -0.760117 3.351682 -5.171937 3.715731
0.563000 0.411649 0.170242 0.230042 -0.194293 0.533732 -0.756356 3.323443 -5.187546 3.806750
0.564000 0.411456 0.170773 0.229287 -0.190984 0.528536 -0.752503 3.295066 -5.203322 3.898473
0.565000 0.411267 0.171299 0.228537 -0.187703 0.523325 -0.748559 3.266625 -5.219322 3.990906
0.566000 0.411081 0.171820 0.227790 -0.184451 0.518098 -0.744521 3.238157 -5.235447 4.083822
0.567000 0.410898 0.172336 0.227048 -0.181227 0.512854 -0.740391 3.209670 -5.251567 4.177003
0.568000 0.410718 0.172846 0.226309 -0.178032 0.507595 -0.736167 3.181122 -5.267500 4.270261
0.569000 0.410542 0.173351 0.225575 -0.174865 0.502319 -0.731850 3.152445 -5.283036 4.363420
0.570000 0.410369 0.173850 0.224846 -0.171727 0.497028 -0.727440 3.123621 -5.298133 4.456517
0.571000 0.410198 0.174345 0.224121 -0.168618 0.491723 -0.722937 3.094686 -5.312931 4.549776
0.572000 0.410031 0.174834 0.223400 -0.165537 0.486403 -0.718341 3.065643 -5.327521 4.643272
0.573000 0.409867 0.175318 0.222684 -0.162486 0.481068 -0.713651 3.036449 -5.341904 4.736927
0.574000 0.409706 0.175796 0.221973 -0.159464 0.475719 -0.708867 3.007106 -5.356166 4.830809
0.575000 0.409548 0.176269 0.221266 -0.156472 0.470356 -0.703989 2.977680 -5.370469 4.925110
0.576000 0.409394 0.176737 0.220565 -0.153509 0.464978 -0.699017 2.948238 -5.384840 5.019816
0.577000 0.409241 0.177199 0.219868 -0.150576 0.459586 -0.693950 2.918829 -5.399193 5.114729
0.578000 0.409092 0.177656 0.219177 -0.147671 0.454179 -0.688787 2.889514 -5.413539 5.209824
0.579000 0.408946 0.178107 0.218491 -0.144797 0.448759 -0.683530 2.860349 -5.427976 5.305276
0.580000 0.408803 0.178553 0.217810 -0.141951 0.443324 -0.678177 2.831316 -5.442459 5.401122
0.581000 0.408662 0.178994 0.217134 -0.139134 0.437874 -0.672728 2.802352 -5.456810 5.497245
0.582000 0.408524 0.179429 0.216464 -0.136346 0.432410 -0.667182 2.773432 -5.470978 5.593679
0.583000 0.408390 0.179859 0.215800 -0.133587 0.426932 -0.661540 2.744578 -5.485070 5.690617
0.584000 0.408257 0.180283 0.215141 -0.130857 0.421440 -0.655801 2.715784 -5.499144 5.788108
0.585000 0.408128 0.180702 0.214488 -0.128155 0.415934 -0.649964 2.687005 -5.513149 5.886004
0.586000 0.408001 0.181115 0.213841 -0.125483 0.410413 -0.644029 2.658221 -5.527028 5.984136
0.587000 0.407877 0.181522 0.213200 -0.122839 0.404880 -0.637996 2.629451 -5.540721 6.082297
0.588000 0.407755 0.181925 0.212565 -0.120224 0.399332 -0.631864 2.600742 -5.554161 6.180261
0.589000 0.407636 0.182321 0.211936 -0.117638 0.393771 -0.625635 2.572150 -5.567379 6.277993
0.590000 0.407520 0.182712 0.211314 -0.115080 0.388197 -0.619308 2.543722 -5.580456 6.375628
0.591000 0.407406 0.183098 0.210698 -0.112550 0.382610 -0.612884 2.515439 -5.593317 6.473144
0.592000 0.407295 0.183477 0.210088 -0.110049 0.377011 -0.606362 2.487242 -5.605759 6.570362
0.593000 0.407186 0.183852 0.209485 -0.107576 0.371399 -0.599743 2.459106 -5.617702 6.667250
0.594000 0.407080 0.184220 0.208889 -0.105131 0.365775 -0.593028 2.431045 -5.629223 6.763938
0.595000 0.406976 0.184583 0.208299 -0.102714 0.360140 -0.586215 2.403052 -5.640373 6.860407
0.596000 0.406874 0.184940 0.207716 -0.100324 0.354494 -0.579307 2.375093 -5.651131 6.956483
0.597000 0.406775 0.185292 0.207140 -0.097963 0.348838 -0.572302 2.347162 -5.661545 7.052136
0.598000 0.406678 0.185638 0.206572 -0.095630 0.343171 -0.565203 2.319293 -5.671722 7.147478
0.599000 0.406584 0.185978 0.206010 -0.093325 0.337495 -0.558008 2.291524 -5.681676 7.242465
0.600000 0.406492 0.186313 0.205456 -0.091047 0.331808 -0.550718 2.263872 -5.691305 7.336859
0.601000 0.406402 0.186642 0.204909 -0.088797 0.326112 -0.543334 2.236334 -5.700476 7.430416
0.602000 0.406314 0.186965 0.204369 -0.086574 0.320407 -0.535857 2.208877 -5.709005 7.522882
0.603000 0.406229 0.187283 0.203837 -0.084379 0.314694 -0.528288 2.181446 -5.716677 7.613999
0.604000 0.406145 0.187595 0.203312 -0.082212 0.308974 -0.520629 2.154017 -5.723402 7.703690
0.605000 0.406064 0.187901 0.202796 -0.080071 0.303247 -0.512881 2.126600 -5.729230 7.792039
0.606000 0.405985 0.188201 0.202287 -0.077958 0.297515 -0.505045 2.099191 -5.734177 7.879001
0.607000 0.405908 0.188496 0.201786 -0.075873 0.291779 -0.497123 2.071765 -5.738196 7.964392
0.608000 0.405834 0.188785 0.201292 -0.073815 0.286039 -0.489116 2.044318 -5.741302 8.048155
0.609000 0.405761 0.189068 0.200807 -0.071784 0.280296 -0.481026 2.016883 -5.743574 8.130352
0.610000 0.405690 0.189345 0.200330 -0.069781 0.274552 -0.472855 1.989500 -5.745014 8.210887
0.611000 0.405621 0.189617 0.199862 -0.067805 0.268806 -0.464605 1.962204 -5.745553 8.289510
0.612000 0.405554 0.189883 0.199401 -0.065857 0.263061 -0.456276 1.935032 -5.745180 8.366110
0.613000 0.405489 0.190143 0.198949 -0.063935 0.257316 -0.447872 1.908009 -5.743918 8.440715
0.614000 0.405427 0.190398 0.198505 -0.062041 0.251573 -0.439395 1.881119 -5.741673 8.513222
0.615000 0.405365 0.190646 0.198070 -0.060173 0.245833 -0.430846 1.854318 -5.738237 8.583351
0.616000 0.405306 0.190889 0.197644 -0.058332 0.240096 -0.422228 1.827570 -5.733441 8.650822
0.617000 0.405249 0.191127 0.197226 -0.056518 0.234366 -0.413544 1.800850 -5.727183 8.715363
0.618000 0.405193 0.191358 0.196817 -0.054730 0.228642 -0.404797 1.774141 -5.719402 8.776701
0.619000 0.405139 0.191584 0.196416 -0.052969 0.222927 -0.395991 1.747445 -5.710103 8.834717
0.620000 0.405087 0.191804 0.196025 -0.051235 0.217222 -0.387128 1.720783 -5.699333 8.889415
0.621000 0.405037 0.192018 0.195642 -0.049528 0.211528 -0.378212 1.694179 -5.687064 8.940660
0.622000 0.404988 0.192227 0.195268 -0.047847 0.205848 -0.369247 1.667645 -5.673199 8.988177
0.623000 0.404941 0.192430 0.194903 -0.046193 0.200182 -0.360236 1.641200 -5.657692 9.031816
0.624000 0.404896 0.192627 0.194548 -0.044565 0.194532 -0.351183 1.614849 -5.640526 9.071543
0.625000 0.404852 0.192819 0.194201 -0.042963 0.188901 -0.342093 1.588556 -5.621573 9.107189
0.626000 0.404810 0.193005 0.193864 -0.041388 0.183289 -0.332969 1.562264 -5.600611 9.138446
0.627000 0.404769 0.193186 0.193535 -0.039838 0.177700 -0.323816 1.535933 -5.577503 9.165129
0.628000 0.404730 0.193360 0.193216 -0.038316 0.172134 -0.314638 1.509551 -5.552232 9.187179
0.629000 0.404693 0.193530 0.192906 -0.036819 0.166595 -0.305441 1.483102 -5.524769 9.204417
0.630000 0.404657 0.193694 0.192605 -0.035349 0.161085 -0.296230 1.456552 -5.495029 9.216504
0.631000 0.404622 0.193852 0.192313 -0.033906 0.155605 -0.287008 1.429888 -5.462910 9.223101
0.632000 0.404589 0.194005 0.192031 -0.032490 0.150159 -0.277783 1.403122 -5.428292 9.223874
0.633000 0.404557 0.194152 0.191758 -0.031100 0.144748 -0.268561 1.376283 -5.391040 9.218491
0.634000 0.404527 0.194294 0.191494 -0.029737 0.139377 -0.259346 1.349397 -5.351076 9.206756
0.635000 0.404497 0.194431 0.191239 -0.028401 0.134046 -0.250147 1.322464 -5.308357 9.188580
0.636000 0.404470 0.194562 0.190994 -0.027092 0.128760 -0.240969 1.295434 -5.262745 9.163747
0.637000 0.404443 0.194689 0.190757 -0.025810 0.123521 -0.231820 1.268233 -5.214031 9.131921
0.638000 0.404418 0.194810 0.190530 -0.024556 0.118332 -0.222705 1.240809 -5.162070 9.092870
0.639000 0.404394 0.194925 0.190312 -0.023329 0.113197 -0.213634 1.213145 -5.106819 9.046479
0.640000 0.404371 0.195036 0.190103 -0.022129 0.108118 -0.204612 1.185234 -5.048220 8.992524
0.641000 0.404350 0.195141 0.189903 -0.020958 0.103100 -0.195649 1.157064 -4.986177 8.930665
0.642000 0.404330 0.195242 0.189711 -0.019815 0.098146 -0.186751 1.128630 -4.920630 8.860664
0.643000 0.404310 0.195338 0.189529 -0.018701 0.093259 -0.177927 1.099942 -4.851554 8.782391
0.644000 0.404292 0.195429 0.189356 -0.017615 0.088443 -0.169186 1.071018 -4.778879 8.695615
0.645000 0.404275 0.195515 0.189191 -0.016559 0.083701 -0.160536 1.041871 -4.702475 8.599966
0.646000 0.404259 0.195596 0.189034 -0.015532 0.079038 -0.151986 1.012498 -4.622180 8.495062
0.647000 0.404244 0.195673 0.188887 -0.014534 0.074457 -0.143546 0.982863 -4.537784 8.380492
0.648000 0.404230 0.195745 0.188747 -0.013566 0.069962 -0.135225 0.952913 -4.449046 8.255833
0.649000 0.404217 0.195813 0.188616 -0.012628 0.065559 -0.127034 0.922612 -4.355797 8.120786
0.650000 0.404205 0.195876 0.188493 -0.011721 0.061251 -0.118984 0.891951 -4.257963 7.975163
0.651000 0.404193 0.195935 0.188378 -0.010844 0.057043 -0.111084 0.860938 -4.155460 7.818675
0.652000 0.404183 0.195990 0.188271 -0.009999 0.052940 -0.103346 0.829586 -4.048177 7.650924
0.653000 0.404173 0.196041 0.188172 -0.009185 0.048946 -0.095782 0.797904 -3.936032 7.471609
0.654000 0.404165 0.196088 0.188080 -0.008403 0.045068 -0.088403 0.765901 -3.818971 7.280544
0.655000 0.404157 0.196131 0.187995 -0.007653 0.041308 -0.081221 0.733586 -3.696905 7.077461
0.656000 0.404149 0.196171 0.187917 -0.006936 0.037674 -0.074248 0.700967 -3.569706 6.862000
0.657000 0.404143 0.196207 0.187846 -0.006251 0.034169 -0.067497 0.668048 -3.437271 6.633883
0.658000 0.404137 0.196239 0.187782 -0.005600 0.030799 -0.060981 0.634814 -3.299504 6.392903
0.659000 0.404132 0.196268 0.187724 -0.004982 0.027570 -0.054711 0.601221 -3.156223 6.138744
0.660000 0.404127 0.196294 0.187673 -0.004397 0.024487 -0.048703 0.567205 -3.007178 5.870964
0.661000 0.404123 0.196317 0.187627 -0.003847 0.021556 -0.042969 0.532721 -2.852150 5.589124
0.662000 0.404119 0.196337 0.187587 -0.003332 0.018783 -0.037525 0.497752 -2.690978 5.292796
0.663000 0.404116 0.196355 0.187552 -0.002852 0.016174 -0.032384 0.462299 -2.523532 4.981552
0.664000 0.404113 0.196370 0.187522 -0.002407 0.013736 -0.027562 0.426363 -2.349721 4.655076
0.665000 0.404111 0.196382 0.187497 -0.001999 0.011474 -0.023074 0.389948 -2.169478 4.313141
0.666000 0.404109 0.196393 0.187476 -0.001627 0.009397 -0.018935 0.353057 -1.982706 3.955444
0.667000 0.404108 0.196401 0.187459 -0.001293 0.007509 -0.015163 0.315690 -1.789280 3.581598
0.668000 0.404107 0.196408 0.187446 -0.000996 0.005818 -0.011772 0.148444 -0.845444 1.695295
0.669000 0.404106 0.196413 0.187435 -0.000996 0.005818 -0.011772 0.148444 -0.845444 1.695295
