0.000000 0.671832 -0.189830 0.137554 0.008032 -0.004172 0.011331 -0.097447 0.002142 0.850211
0.001000 0.671840 -0.189834 0.137564 0.008032 -0.004172 0.011331 -0.097447 0.002142 0.850211
0.002000 0.671848 -0.189838 0.137576 0.007837 -0.004168 0.013031 -0.203275 0.006484 1.732472
0.003000 0.671855 -0.189842 0.137590 0.007626 -0.004159 0.014796 -0.220314 0.010980 1.797137
0.004000 0.671863 -0.189846 0.137606 0.007397 -0.004146 0.016626 -0.237904 0.015670 1.862925
0.005000 0.671870 -0.189851 0.137623 0.007150 -0.004128 0.018522 -0.256053 0.020559 1.929823
0.006000 0.671877 -0.189855 0.137643 0.006885 -0.004104 0.020485 -0.274769 0.025660 1.997825
0.007000 0.671884 -0.189859 0.137664 0.006600 -0.004076 0.022517 -0.294057 0.031004 2.066937
0.008000 0.671890 -0.189863 0.137688 0.006297 -0.004042 0.024619 -0.313924 0.036629 2.137172
0.009000 0.671897 -0.189867 0.137714 0.005973 -0.004003 0.026792 -0.334376 0.042563 2.208529
0.010000 0.671902 -0.189871 0.137742 0.005628 -0.003957 0.029036 -0.355408 0.048820 2.280972
0.011000 0.671908 -0.189875 0.137772 0.005262 -0.003905 0.031354 -0.376999 0.055407 2.354426
0.012000 0.671913 -0.189879 0.137804 0.004874 -0.003847 0.033745 -0.399121 0.062327 2.428793
0.013000 0.671918 -0.189882 0.137839 0.004464 -0.003781 0.036211 -0.421754 0.069585 2.503990
0.014000 0.671922 -0.189886 0.137877 0.004030 -0.003707 0.038753 -0.444892 0.077196 2.579975
0.015000 0.671926 -0.189890 0.137917 0.003574 -0.003626 0.041371 -0.468536 0.085188 2.656732
0.016000 0.671929 -0.189893 0.137959 0.003093 -0.003537 0.044066 -0.492692 0.093599 2.734259
0.017000 0.671932 -0.189897 0.138005 0.002588 -0.003439 0.046840 -0.517361 0.102459 2.812549
0.018000 0.671934 -0.189900 0.138053 0.002059 -0.003332 0.049691 -0.542548 0.111781 2.891593
0.019000 0.671936 -0.189904 0.138104 0.001503 -0.003216 0.052623 -0.568253 0.121570 2.971382
0.020000 0.671937 -0.189907 0.138158 0.000922 -0.003089 0.055634 -0.594479 0.131829 3.051890
0.021000 0.671938 -0.189910 0.138216 0.000314 -0.002952 0.058727 -0.621227 0.142562 3.133074
0.022000 0.671938 -0.189913 0.138276 -0.000320 -0.002804 0.061900 -0.648498 0.153770 3.214882
0.023000 0.671937 -0.189915 0.138339 -0.000983 -0.002644 0.065156 -0.676291 0.165458 3.297253
0.024000 0.671936 -0.189918 0.138406 -0.001673 -0.002473 0.068495 -0.704604 0.177628 3.380130
0.025000 0.671934 -0.189920 0.138476 -0.002392 -0.002289 0.071917 -0.733426 0.190295 3.463467
0.026000 0.671931 -0.189923 0.138550 -0.003140 -0.002092 0.075422 -0.762730 0.203486 3.547247
0.027000 0.671927 -0.189925 0.138627 -0.003917 -0.001882 0.079011 -0.792478 0.217237 3.631467
0.028000 0.671923 -0.189926 0.138708 -0.004725 -0.001658 0.082685 -0.822642 0.231576 3.716104
0.029000 0.671918 -0.189928 0.138793 -0.005563 -0.001419 0.086443 -0.853209 0.246515 3.801122
0.030000 0.671912 -0.189929 0.138881 -0.006431 -0.001165 0.090287 -0.884170 0.262056 3.886492
0.031000 0.671905 -0.189930 0.138973 -0.007331 -0.000895 0.094216 -0.915520 0.278203 3.972197
0.032000 0.671897 -0.189931 0.139069 -0.008262 -0.000608 0.098231 -0.947253 0.294967 4.058209
0.033000 0.671889 -0.189931 0.139170 -0.009225 -0.000305 0.102333 -0.979360 0.312374 4.144480
0.034000 0.671879 -0.189932 0.139274 -0.010221 0.000016 0.106520 -1.011834 0.330458 4.230950
0.035000 0.671868 -0.189931 0.139383 -0.011249 0.000356 0.110795 -1.044663 0.349245 4.317545
0.036000 0.671856 -0.189931 0.139496 -0.012310 0.000715 0.115155 -1.077826 0.368744 4.404190
0.037000 0.671844 -0.189930 0.139613 -0.013405 0.001094 0.119603 -1.111286 0.388958 4.490829
0.038000 0.671830 -0.189929 0.139735 -0.014533 0.001493 0.124137 -1.144998 0.409884 4.577414
0.039000 0.671814 -0.189927 0.139861 -0.015695 0.001913 0.128758 -1.178920 0.431522 4.663879
0.040000 0.671798 -0.189925 0.139992 -0.016891 0.002356 0.133465 -1.213029 0.453870 4.750132
0.041000 0.671781 -0.189922 0.140128 -0.018121 0.002821 0.138258 -1.247307 0.476926 4.836074
0.042000 0.671762 -0.189919 0.140269 -0.019385 0.003310 0.143137 -1.281737 0.500687 4.921606
0.043000 0.671742 -0.189916 0.140414 -0.020684 0.003822 0.148101 -1.316302 0.525147 5.006627
0.044000 0.671721 -0.189912 0.140565 -0.022018 0.004360 0.153150 -1.350993 0.550282 5.091067
0.045000 0.671698 -0.189907 0.140721 -0.023386 0.004923 0.158283 -1.385814 0.576037 5.174933
0.046000 0.671674 -0.189902 0.140882 -0.024790 0.005512 0.163500 -1.420780 0.602342 5.258284
0.047000 0.671648 -0.189896 0.141048 -0.026228 0.006128 0.168800 -1.455902 0.629151 5.341156
0.048000 0.671621 -0.189889 0.141219 -0.027701 0.006770 0.174182 -1.491192 0.656463 5.423552
0.049000 0.671593 -0.189882 0.141396 -0.029210 0.007441 0.179647 -1.526658 0.684302 5.505450
0.050000 0.671563 -0.189875 0.141578 -0.030755 0.008139 0.185193 -1.562298 0.712687 5.586788
0.051000 0.671531 -0.189866 0.141766 -0.032335 0.008866 0.190821 -1.598093 0.741622 5.667480
0.052000 0.671498 -0.189857 0.141960 -0.033951 0.009622 0.196528 -1.634014 0.771098 5.747478
0.053000 0.671464 -0.189847 0.142160 -0.035603 0.010408 0.202316 -1.670029 0.801108 5.826762
0.054000 0.671427 -0.189836 0.142365 -0.037291 0.011224 0.208182 -1.706103 0.831642 5.905275
0.055000 0.671389 -0.189824 0.142576 -0.039015 0.012071 0.214126 -1.742202 0.862688 5.982917
0.056000 0.671349 -0.189812 0.142793 -0.040775 0.012950 0.220148 -1.778287 0.894236 6.059619
0.057000 0.671307 -0.189798 0.143016 -0.042572 0.013860 0.226245 -1.814322 0.926275 6.135347
0.058000 0.671264 -0.189784 0.143246 -0.044404 0.014802 0.232418 -1.850277 0.958802 6.210050
0.059000 0.671219 -0.189769 0.143481 -0.046272 0.015777 0.238666 -1.886134 0.991828 6.283659
0.060000 0.671171 -0.189753 0.143723 -0.048176 0.016786 0.244986 -1.921884 1.025373 6.356089
0.061000 0.671122 -0.189735 0.143971 -0.050116 0.017828 0.251378 -1.957509 1.059445 6.427218
0.062000 0.671071 -0.189717 0.144226 -0.052091 0.018905 0.257840 -1.992992 1.094039 6.496915
0.063000 0.671018 -0.189697 0.144487 -0.054102 0.020016 0.264372 -2.028336 1.129138 6.565119
0.064000 0.670963 -0.189677 0.144754 -0.056148 0.021163 0.270970 -2.063557 1.164722 6.631813
0.065000 0.670906 -0.189655 0.145029 -0.058229 0.022346 0.277635 -2.098655 1.200770 6.696927
0.066000 0.670846 -0.189632 0.145310 -0.060345 0.023565 0.284364 -2.133603 1.237252 6.760347
0.067000 0.670785 -0.189608 0.145597 -0.062496 0.024820 0.291156 -2.168373 1.274118 6.822016
0.068000 0.670721 -0.189583 0.145892 -0.064682 0.026113 0.298008 -2.202939 1.311312 6.881925
0.069000 0.670656 -0.189556 0.146193 -0.066902 0.027443 0.304920 -2.237269 1.348785 6.940002
0.070000 0.670588 -0.189528 0.146502 -0.069156 0.028810 0.311888 -2.271328 1.386511 6.996107
0.071000 0.670517 -0.189498 0.146817 -0.071445 0.030216 0.318912 -2.305104 1.424486 7.050131
0.072000 0.670445 -0.189467 0.147140 -0.073767 0.031659 0.325989 -2.338598 1.462718 7.102023
0.073000 0.670370 -0.189435 0.147469 -0.076122 0.033141 0.333116 -2.371812 1.501210 7.151760
0.074000 0.670293 -0.189401 0.147806 -0.078510 0.034662 0.340292 -2.404744 1.539968 7.199372
0.075000 0.670213 -0.189366 0.148150 -0.080931 0.036221 0.347515 -2.437389 1.578995 7.244917
0.076000 0.670131 -0.189329 0.148501 -0.083385 0.037820 0.354782 -2.469724 1.618281 7.288360
0.077000 0.670046 -0.189290 0.148859 -0.085871 0.039458 0.362091 -2.501710 1.657800 7.329595
0.078000 0.669959 -0.189250 0.149225 -0.088389 0.041135 0.369441 -2.533319 1.697517 7.368596
0.079000 0.669869 -0.189208 0.149598 -0.090938 0.042853 0.376829 -2.564533 1.737391 7.405414
0.080000 0.669777 -0.189164 0.149979 -0.093518 0.044610 0.384252 -2.595321 1.777387 7.440011
0.081000 0.669682 -0.189118 0.150367 -0.096128 0.046408 0.391709 -2.625632 1.817481 7.472249
0.082000 0.669585 -0.189071 0.150762 -0.098769 0.048245 0.399196 -2.655428 1.857680 7.502053
0.083000 0.669485 -0.189022 0.151165 -0.101439 0.050123 0.406713 -2.684691 1.898008 7.529434
0.084000 0.669382 -0.188971 0.151576 -0.104138 0.052041 0.414255 -2.713414 1.938491 7.554422
0.085000 0.669276 -0.188918 0.151994 -0.106866 0.054000 0.421822 -2.741618 1.979148 7.577087
0.086000 0.669168 -0.188863 0.152419 -0.109621 0.056000 0.429409 -2.769342 2.020000 7.597517
0.087000 0.669057 -0.188806 0.152852 -0.112405 0.058040 0.437017 -2.796586 2.061044 7.615678
0.088000 0.668943 -0.188747 0.153293 -0.115215 0.060122 0.444641 -2.823313 2.102244 7.631445
0.089000 0.668827 -0.188686 0.153742 -0.118051 0.062244 0.452279 -2.849496 2.143547 7.644794
0.090000 0.668707 -0.188622 0.154198 -0.120914 0.064409 0.459930 -2.875123 2.184893 7.655798
0.091000 0.668585 -0.188557 0.154662 -0.123801 0.066614 0.467591 -2.900161 2.226225 7.664416
0.092000 0.668460 -0.188489 0.155133 -0.126714 0.068861 0.475259 -2.924562 2.267511 7.670483
0.093000 0.668331 -0.188419 0.155612 -0.129651 0.071149 0.482932 -2.948310 2.308759 7.673896
0.094000 0.668200 -0.188347 0.156099 -0.132611 0.073479 0.490607 -2.971425 2.350008 7.674661
0.095000 0.668066 -0.188272 0.156593 -0.135593 0.075849 0.498281 -2.993920 2.391284 7.672831
0.096000 0.667929 -0.188195 0.157095 -0.138598 0.078261 0.505953 -3.015807 2.432596 7.668539
0.097000 0.667789 -0.188116 0.157605 -0.141625 0.080714 0.513618 -3.037097 2.473942 7.661965
0.098000 0.667646 -0.188034 0.158123 -0.144673 0.083209 0.521277 -3.057762 2.515297 7.653129
0.099000 0.667500 -0.187949 0.158648 -0.147741 0.085745 0.528925 -3.077756 2.556611 7.641914
0.100000 0.667350 -0.187862 0.159180 -0.150828 0.088322 0.536560 -3.097070 2.597831 7.628325
0.101000 0.667198 -0.187773 0.159721 -0.153935 0.090941 0.544181 -3.115729 2.638907 7.612488
0.102000 0.667043 -0.187680 0.160269 -0.157060 0.093600 0.551785 -3.133719 2.679783 7.594392
0.103000 0.666884 -0.187585 0.160824 -0.160202 0.096300 0.559370 -3.150992 2.720421 7.573867
0.104000 0.666722 -0.187488 0.161388 -0.163362 0.099041 0.566933 -3.167529 2.760832 7.550840
0.105000 0.666557 -0.187387 0.161958 -0.166537 0.101822 0.574472 -3.183352 2.801061 7.525378
0.106000 0.666389 -0.187284 0.162537 -0.169728 0.104643 0.581984 -3.198489 2.841145 7.497594
0.107000 0.666218 -0.187178 0.163122 -0.172934 0.107504 0.589467 -3.212980 2.881098 7.467683
0.108000 0.666043 -0.187069 0.163715 -0.176154 0.110405 0.596919 -3.226871 2.920927 7.435885
0.109000 0.665865 -0.186957 0.164316 -0.179388 0.113346 0.604339 -3.240155 2.960606 7.402245
0.110000 0.665684 -0.186842 0.164924 -0.182635 0.116327 0.611724 -3.252781 3.000087 7.366625
0.111000 0.665500 -0.186724 0.165540 -0.185893 0.119346 0.619072 -3.264736 3.039341 7.329008
0.112000 0.665313 -0.186604 0.166162 -0.189164 0.122405 0.626382 -3.276045 3.078354 7.289507
0.113000 0.665122 -0.186480 0.166792 -0.192446 0.125503 0.633651 -3.286687 3.117092 7.248087
0.114000 0.664928 -0.186353 0.167430 -0.195737 0.128639 0.640878 -3.296600 3.155506 7.204563
0.115000 0.664730 -0.186222 0.168074 -0.199039 0.131814 0.648060 -3.305757 3.193578 7.158884
0.116000 0.664530 -0.186089 0.168726 -0.202349 0.135027 0.655196 -3.314169 3.231318 7.111136
0.117000 0.664326 -0.185952 0.169384 -0.205667 0.138277 0.662282 -3.321806 3.268706 7.061264
0.118000 0.664118 -0.185812 0.170050 -0.208993 0.141564 0.669318 -3.328601 3.305688 7.009105
0.119000 0.663908 -0.185669 0.170723 -0.212324 0.144888 0.676301 -3.334542 3.342239 6.954709
0.120000 0.663694 -0.185523 0.171403 -0.215662 0.148248 0.683228 -3.339672 3.378359 6.898343
0.121000 0.663476 -0.185373 0.172090 -0.219004 0.151645 0.690097 -3.344034 3.414051 6.840241
0.122000 0.663256 -0.185219 0.172783 -0.222350 0.155077 0.696908 -3.347665 3.449309 6.780587
0.123000 0.663032 -0.185063 0.173483 -0.225699 0.158543 0.703659 -3.350600 3.484129 6.719530
0.124000 0.662804 -0.184902 0.174190 -0.229051 0.162045 0.710347 -3.352812 3.518468 6.657012
0.125000 0.662574 -0.184738 0.174904 -0.232405 0.165580 0.716973 -3.354234 3.552273 6.592803
0.126000 0.662340 -0.184571 0.175624 -0.235759 0.169149 0.723533 -3.354856 3.585544 6.526806
0.127000 0.662102 -0.184400 0.176351 -0.239114 0.172751 0.730026 -3.354722 3.618322 6.459069
0.128000 0.661861 -0.184226 0.177084 -0.242469 0.176386 0.736451 -3.353819 3.650600 6.389493
0.129000 0.661617 -0.184047 0.177824 -0.245822 0.180053 0.742805 -3.352087 3.682322 6.317884
0.130000 0.661370 -0.183866 0.178570 -0.249173 0.183751 0.749087 -3.349531 3.713451 6.244298
0.131000 0.661119 -0.183680 0.179322 -0.252521 0.187479 0.755294 -3.346229 3.743990 6.169038
0.132000 0.660865 -0.183491 0.180081 -0.255865 0.191239 0.761425 -3.342247 3.773948 6.092375
0.133000 0.660607 -0.183297 0.180845 -0.259205 0.195027 0.767478 -3.337635 3.803344 6.014530
0.134000 0.660346 -0.183100 0.181616 -0.262541 0.198845 0.773454 -3.332428 3.832201 5.935689
0.135000 0.660082 -0.182900 0.182392 -0.265870 0.202692 0.779350 -3.326593 3.860493 5.855809
0.136000 0.659814 -0.182695 0.183174 -0.269194 0.206566 0.785165 -3.320056 3.888156 5.774665
0.137000 0.659544 -0.182487 0.183962 -0.272510 0.210468 0.790899 -3.312824 3.915181 5.692200
0.138000 0.659269 -0.182274 0.184756 -0.275820 0.214397 0.796550 -3.304992 3.941612 5.608582
0.139000 0.658992 -0.182058 0.185555 -0.279120 0.218351 0.802116 -3.296647 3.967495 5.524005
0.140000 0.658711 -0.181837 0.186360 -0.282413 0.222332 0.807598 -3.287878 3.992866 5.438722
0.141000 0.658427 -0.181613 0.187171 -0.285696 0.226337 0.812994 -3.278767 4.017762 5.353011
0.142000 0.658140 -0.181385 0.187986 -0.288970 0.230367 0.818304 -3.269308 4.042155 5.266895
0.143000 0.657849 -0.181152 0.188807 -0.292235 0.234421 0.823528 -3.259427 4.065963 5.180172
0.144000 0.657555 -0.180916 0.189633 -0.295489 0.238499 0.828664 -3.249112 4.089152 5.092806
0.145000 0.657258 -0.180675 0.190464 -0.298733 0.242600 0.833713 -3.238416 4.111728 5.004944
0.146000 0.656958 -0.180431 0.191301 -0.301966 0.246723 0.838674 -3.227321 4.133650 4.916535
0.147000 0.656654 -0.180182 0.192142 -0.305188 0.250867 0.843546 -3.215740 4.154831 4.827326
0.148000 0.656347 -0.179929 0.192988 -0.308397 0.255032 0.848329 -3.203647 4.175244 4.737232
0.149000 0.656037 -0.179672 0.193838 -0.311595 0.259217 0.853021 -3.191084 4.194917 4.646348
0.150000 0.655724 -0.179411 0.194694 -0.314780 0.263422 0.857621 -3.178024 4.213816 4.554587
0.151000 0.655408 -0.179145 0.195554 -0.317951 0.267645 0.862130 -3.164387 4.231861 4.461717
0.152000 0.655088 -0.178875 0.196418 -0.321108 0.271886 0.866545 -3.150186 4.249036 4.367763
0.153000 0.654766 -0.178601 0.197287 -0.324251 0.276143 0.870865 -3.135538 4.265400 4.273020
0.154000 0.654440 -0.178323 0.198160 -0.327380 0.280417 0.875091 -3.120545 4.281007 4.177765
0.155000 0.654111 -0.178040 0.199037 -0.330492 0.284705 0.879221 -3.105295 4.295906 4.082237
0.156000 0.653779 -0.177754 0.199918 -0.333590 0.289008 0.883255 -3.089859 4.310145 3.986656
0.157000 0.653444 -0.177462 0.200804 -0.336672 0.293325 0.887194 -3.074216 4.323689 3.890978
0.158000 0.653106 -0.177167 0.201693 -0.339739 0.297656 0.891037 -3.058274 4.336462 3.794941
0.159000 0.652764 -0.176867 0.202586 -0.342789 0.301998 0.894784 -3.042028 4.348469 3.698470
0.160000 0.652420 -0.176563 0.203482 -0.345823 0.306353 0.898434 -3.025552 4.359792 3.601681
0.161000 0.652073 -0.176254 0.204382 -0.348840 0.310718 0.901988 -3.008837 4.370434 3.504494
0.162000 0.651722 -0.175942 0.205286 -0.351840 0.315094 0.905443 -2.991791 4.380306 3.406665
0.163000 0.651369 -0.175624 0.206193 -0.354823 0.319479 0.908801 -2.974397 4.389379 3.308205
0.164000 0.651013 -0.175303 0.207104 -0.357789 0.323872 0.912060 -2.956742 4.397700 3.209402
0.165000 0.650653 -0.174976 0.208017 -0.360737 0.328274 0.915220 -2.938916 4.405313 3.110528
0.166000 0.650291 -0.174646 0.208934 -0.363667 0.332683 0.918281 -2.921025 4.412257 3.011818
0.167000 0.649926 -0.174311 0.209854 -0.366579 0.337099 0.921243 -2.903177 4.418566 2.913489
0.168000 0.649558 -0.173972 0.210777 -0.369473 0.341520 0.924108 -2.885369 4.424192 2.815489
0.169000 0.649187 -0.173628 0.211702 -0.372350 0.345947 0.926874 -2.867509 4.429038 2.717549
0.170000 0.648813 -0.173280 0.212630 -0.375208 0.350378 0.929543 -2.849588 4.433118 2.619612
0.171000 0.648437 -0.172927 0.213561 -0.378049 0.354813 0.932113 -2.831684 4.436534 2.521826
0.172000 0.648057 -0.172570 0.214495 -0.380872 0.359251 0.934586 -2.813783 4.439294 2.424132
0.173000 0.647675 -0.172209 0.215431 -0.383676 0.363692 0.936962 -2.795781 4.441306 2.326272
0.174000 0.647290 -0.171843 0.216369 -0.386463 0.368134 0.939239 -2.777659 4.442545 2.228229
0.175000 0.646902 -0.171473 0.217309 -0.389232 0.372577 0.941418 -2.759508 4.443082 2.130265
0.176000 0.646511 -0.171098 0.218251 -0.391982 0.377020 0.943500 -2.741422 4.442986 2.032630
0.177000 0.646118 -0.170719 0.219196 -0.394715 0.381463 0.945483 -2.723512 4.442318 1.935558
0.178000 0.645722 -0.170335 0.220142 -0.397429 0.385905 0.947371 -2.705891 4.441139 1.839274
0.179000 0.645323 -0.169947 0.221091 -0.400126 0.390345 0.949162 -2.688554 4.439403 1.743725
0.180000 0.644922 -0.169554 0.222041 -0.402806 0.394783 0.950858 -2.671398 4.436998 1.648639
0.181000 0.644518 -0.169157 0.222992 -0.405469 0.399219 0.952459 -2.654413 4.433919 1.553961
0.182000 0.644111 -0.168756 0.223946 -0.408115 0.403651 0.953966 -2.637680 4.430254 1.459852
0.183000 0.643701 -0.168350 0.224900 -0.410745 0.408080 0.955379 -2.621184 4.425995 1.366257
0.184000 0.643289 -0.167940 0.225856 -0.413358 0.412503 0.956699 -2.604812 4.421041 1.272917
0.185000 0.642875 -0.167525 0.226814 -0.415954 0.416922 0.957925 -2.588543 4.415399 1.179824
0.186000 0.642457 -0.167106 0.227772 -0.418535 0.421334 0.959058 -2.572449 4.409175 1.087198
0.187000 0.642038 -0.166682 0.228732 -0.421099 0.425740 0.960099 -2.556505 4.402367 0.995029
0.188000 0.641615 -0.166254 0.229692 -0.423648 0.430139 0.961048 -2.540599 4.394857 0.903053
0.189000 0.641190 -0.165822 0.230654 -0.426180 0.434530 0.961905 -2.524725 4.386612 0.811208
0.190000 0.640763 -0.165385 0.231616 -0.428697 0.438912 0.962671 -2.509004 4.377713 0.719701
0.191000 0.640333 -0.164944 0.232579 -0.431198 0.443285 0.963345 -2.493554 4.368254 0.628748
0.192000 0.639900 -0.164499 0.233543 -0.433684 0.447649 0.963928 -2.478493 4.358356 0.538576
0.193000 0.639466 -0.164049 0.234507 -0.436155 0.452002 0.964422 -2.463934 4.348152 0.449423
0.194000 0.639028 -0.163595 0.235472 -0.438612 0.456345 0.964827 -2.449858 4.337639 0.361246
0.195000 0.638588 -0.163136 0.236437 -0.441055 0.460677 0.965144 -2.436137 4.326701 0.273780
0.196000 0.638146 -0.162673 0.237402 -0.443484 0.464998 0.965375 -2.422724 4.315327 0.186980
0.197000 0.637701 -0.162206 0.238368 -0.445900 0.469308 0.965518 -2.409663 4.303608 0.101028
0.198000 0.637254 -0.161735 0.239333 -0.448304 0.473605 0.965577 -2.396903 4.291524 0.015879
0.199000 0.636805 -0.161259 0.240299 -0.450694 0.477891 0.965550 -2.384306 4.278931 -0.068744
0.200000 0.636353 -0.160779 0.241264 -0.453072 0.482163 0.965439 -2.371839 4.265775 -0.152912
0.201000 0.635899 -0.160295 0.242230 -0.455438 0.486422 0.965244 -2.359596 4.252129 -0.236422
0.202000 0.635442 -0.159806 0.243195 -0.457791 0.490668 0.964966 -2.347671 4.238088 -0.319073
0.203000 0.634983 -0.159313 0.244160 -0.460133 0.494899 0.964606 -2.336154 4.223786 -0.400663
0.204000 0.634522 -0.158816 0.245124 -0.462464 0.499115 0.964165 -2.325134 4.209382 -0.480990
0.205000 0.634058 -0.158315 0.246088 -0.464784 0.503317 0.963644 -2.314570 4.194880 -0.560123
0.206000 0.633592 -0.157810 0.247051 -0.467093 0.507505 0.963045 -2.304327 4.180158 -0.638337
0.207000 0.633124 -0.157300 0.248014 -0.469392 0.511678 0.962367 -2.294385 4.165215 -0.715676
0.208000 0.632653 -0.156786 0.248976 -0.471682 0.515835 0.961613 -2.284830 4.150165 -0.791956
0.209000 0.632181 -0.156268 0.249937 -0.473962 0.519978 0.960784 -2.275641 4.134995 -0.867219
0.210000 0.631705 -0.155746 0.250898 -0.476233 0.524105 0.959879 -2.266681 4.119557 -0.941739
0.211000 0.631228 -0.155220 0.251857 -0.478495 0.528217 0.958900 -2.257924 4.103807 -1.015580
0.212000 0.630748 -0.154690 0.252815 -0.480749 0.532313 0.957848 -2.249448 4.087810 -1.088589
0.213000 0.630267 -0.154155 0.253773 -0.482994 0.536393 0.956723 -2.241221 4.071515 -1.160831
0.214000 0.629782 -0.153617 0.254729 -0.485231 0.540456 0.955526 -2.233099 4.054769 -1.232597
0.215000 0.629296 -0.153075 0.255684 -0.487460 0.544502 0.954258 -2.225046 4.037559 -1.303973
0.216000 0.628808 -0.152528 0.256637 -0.489681 0.548531 0.952918 -2.217160 4.020038 -1.374783
0.217000 0.628317 -0.151977 0.257590 -0.491895 0.552542 0.951508 -2.209548 4.002360 -1.444839
0.218000 0.627824 -0.151423 0.258540 -0.494100 0.556536 0.950028 -2.202326 3.984692 -1.513936
0.219000 0.627329 -0.150864 0.259490 -0.496299 0.560512 0.948480 -2.195620 3.967207 -1.581861
0.220000 0.626831 -0.150302 0.260437 -0.498492 0.564470 0.946865 -2.189408 3.949900 -1.648672
0.221000 0.626332 -0.149735 0.261383 -0.500678 0.568411 0.945183 -2.183540 3.932598 -1.714661
0.222000 0.625830 -0.149165 0.262328 -0.502859 0.572335 0.943435 -2.177968 3.915219 -1.779929
0.223000 0.625326 -0.148591 0.263270 -0.505034 0.576242 0.941623 -2.172745 3.897783 -1.844377
0.224000 0.624820 -0.148013 0.264211 -0.507204 0.580131 0.939747 -2.167817 3.880201 -1.908108
0.225000 0.624311 -0.147431 0.265150 -0.509370 0.584002 0.937807 -2.163015 3.862308 -1.971426
0.226000 0.623801 -0.146845 0.266087 -0.511530 0.587856 0.935804 -2.158281 3.844127 -2.034431
0.227000 0.623288 -0.146255 0.267021 -0.513686 0.591691 0.933738 -2.153689 3.825870 -2.096963
0.228000 0.622774 -0.145661 0.267954 -0.515838 0.595507 0.931610 -2.149321 3.807737 -2.158852
0.229000 0.622257 -0.145064 0.268885 -0.517985 0.599306 0.929420 -2.145272 3.789910 -2.219911
0.230000 0.621738 -0.144463 0.269813 -0.520128 0.603087 0.927170 -2.141644 3.772558 -2.279942
0.231000 0.621216 -0.143858 0.270739 -0.522268 0.606851 0.924860 -2.138393 3.755661 -2.339007
0.232000 0.620693 -0.143249 0.271663 -0.524405 0.610598 0.922492 -2.135358 3.739026 -2.397388
0.233000 0.620168 -0.142636 0.272584 -0.526539 0.614329 0.920066 -2.132491 3.722556 -2.455166
0.234000 0.619640 -0.142020 0.273503 -0.528670 0.618044 0.917582 -2.129858 3.706266 -2.512220
0.235000 0.619110 -0.141400 0.274419 -0.530799 0.621742 0.915041 -2.127408 3.690052 -2.568631
0.236000 0.618578 -0.140777 0.275333 -0.532925 0.625424 0.912444 -2.124983 3.673729 -2.624691
0.237000 0.618044 -0.140150 0.276244 -0.535049 0.629089 0.909792 -2.122551 3.657306 -2.680499
0.238000 0.617508 -0.139519 0.277152 -0.537170 0.632738 0.907083 -2.120204 3.640953 -2.735958
0.239000 0.616970 -0.138884 0.278058 -0.539289 0.636371 0.904320 -2.117909 3.624678 -2.791161
0.240000 0.616430 -0.138246 0.278961 -0.541406 0.639988 0.901501 -2.115508 3.608312 -2.846379
0.241000 0.615887 -0.137604 0.279861 -0.543520 0.643588 0.898627 -2.112966 3.591806 -2.901652
0.242000 0.615343 -0.136959 0.280758 -0.545632 0.647171 0.895698 -2.110395 3.575284 -2.956754
0.243000 0.614796 -0.136310 0.281652 -0.547741 0.650738 0.892714 -2.107908 3.558855 -3.011486
0.244000 0.614247 -0.135657 0.282544 -0.549847 0.654289 0.889675 -2.105615 3.542613 -3.065687
0.245000 0.613696 -0.135001 0.283432 -0.551952 0.657824 0.886582 -2.103623 3.526636 -3.119222
0.246000 0.613143 -0.134342 0.284317 -0.554055 0.661342 0.883436 -2.101886 3.510836 -3.172196
0.247000 0.612588 -0.133678 0.285199 -0.556156 0.664845 0.880238 -2.100243 3.495018 -3.224899
0.248000 0.612031 -0.133012 0.286077 -0.558255 0.668332 0.876987 -2.098669 3.479182 -3.277430
0.249000 0.611472 -0.132342 0.286953 -0.560353 0.671804 0.873683 -2.097264 3.463495 -3.329692
0.250000 0.610910 -0.131668 0.287825 -0.562450 0.675259 0.870327 -2.096001 3.447954 -3.381776
0.251000 0.610347 -0.130991 0.288693 -0.564545 0.678699 0.866919 -2.094709 3.432382 -3.433937
0.252000 0.609781 -0.130311 0.289559 -0.566639 0.682124 0.863459 -2.093330 3.416748 -3.486212
0.253000 0.609214 -0.129627 0.290420 -0.568732 0.685533 0.859947 -2.091925 3.401168 -3.538422
0.254000 0.608644 -0.128940 0.291278 -0.570823 0.688926 0.856383 -2.090431 3.385600 -3.590597
0.255000 0.608072 -0.128249 0.292133 -0.572913 0.692304 0.852766 -2.088671 3.369822 -3.642991
0.256000 0.607498 -0.127555 0.292984 -0.575000 0.695666 0.849097 -2.086602 3.353735 -3.695698
0.257000 0.606922 -0.126858 0.293831 -0.577086 0.699012 0.845374 -2.084343 3.337420 -3.748584
0.258000 0.606344 -0.126157 0.294675 -0.579169 0.702341 0.841599 -2.082010 3.320987 -3.801511
0.259000 0.605764 -0.125453 0.295514 -0.581250 0.705654 0.837771 -2.079718 3.304605 -3.854336
0.260000 0.605181 -0.124746 0.296350 -0.583328 0.708950 0.833891 -2.077580 3.288474 -3.906915
0.261000 0.604597 -0.124035 0.297182 -0.585405 0.712231 0.829958 -2.075547 3.272582 -3.959324
0.262000 0.604010 -0.123321 0.298010 -0.587480 0.715495 0.825972 -2.073447 3.256737 -4.011804
0.263000 0.603422 -0.122604 0.298834 -0.589552 0.718744 0.821934 -2.071251 3.240899 -4.064375
0.264000 0.602831 -0.121884 0.299654 -0.591622 0.721977 0.817843 -2.069065 3.225182 -4.116855
0.265000 0.602239 -0.121160 0.300470 -0.593690 0.725194 0.813700 -2.066859 3.209536 -4.169259
0.266000 0.601644 -0.120434 0.301281 -0.595756 0.728396 0.809505 -2.064461 3.193724 -4.221821
0.267000 0.601047 -0.119704 0.302089 -0.597819 0.731582 0.805257 -2.061838 3.177639 -4.274619
0.268000 0.600448 -0.118970 0.302892 -0.599879 0.734751 0.800956 -2.059120 3.161363 -4.327512
0.269000 0.599847 -0.118234 0.303691 -0.601937 0.737905 0.796602 -2.056438 3.145018 -4.380355
0.270000 0.599244 -0.117495 0.304485 -0.603992 0.741041 0.792195 -2.053920 3.128799 -4.432999
0.271000 0.598639 -0.116752 0.305275 -0.606045 0.744162 0.787736 -2.051693 3.112941 -4.485289
0.272000 0.598032 -0.116006 0.306061 -0.608096 0.747267 0.783224 -2.049709 3.097451 -4.537287
0.273000 0.597423 -0.115257 0.306842 -0.610144 0.750357 0.778661 -2.047775 3.082132 -4.589218
0.274000 0.596812 -0.114505 0.307618 -0.612191 0.753432 0.774046 -2.045815 3.066939 -4.641110
0.275000 0.596199 -0.113751 0.308390 -0.614236 0.756491 0.769379 -2.043879 3.051988 -4.692802
0.276000 0.595584 -0.112993 0.309157 -0.616279 0.759536 0.764660 -2.041888 3.037220 -4.744316
0.277000 0.594966 -0.112231 0.309919 -0.618320 0.762565 0.759890 -2.039640 3.022386 -4.795880
0.278000 0.594347 -0.111467 0.310676 -0.620358 0.765580 0.755068 -2.037075 3.007374 -4.847580
0.279000 0.593726 -0.110700 0.311429 -0.622394 0.768580 0.750195 -2.034306 2.992267 -4.899296
0.280000 0.593102 -0.109930 0.312177 -0.624427 0.771565 0.745270 -2.031452 2.977191 -4.950907
0.281000 0.592477 -0.109157 0.312920 -0.626457 0.774535 0.740293 -2.028644 2.962343 -5.002284
0.282000 0.591849 -0.108381 0.313657 -0.628484 0.777490 0.735265 -2.026020 2.947960 -5.053294
0.283000 0.591220 -0.107602 0.314390 -0.630509 0.780430 0.730187 -2.023541 2.934045 -5.104002
0.284000 0.590588 -0.106820 0.315118 -0.632531 0.783358 0.725057 -2.021020 2.920388 -5.154623
0.285000 0.589955 -0.106035 0.315840 -0.634551 0.786271 0.719877 -2.018415 2.906939 -5.205186
0.286000 0.589319 -0.105248 0.316558 -0.636568 0.789172 0.714647 -2.015820 2.893816 -5.255547
0.287000 0.588682 -0.104457 0.317270 -0.638583 0.792059 0.709366 -2.013189 2.880955 -5.305727
0.288000 0.588042 -0.103664 0.317976 -0.640594 0.794933 0.704035 -2.010327 2.868095 -5.355931
0.289000 0.587400 -0.102867 0.318678 -0.642603 0.797795 0.698654 -2.007182 2.855120 -5.406219
0.290000 0.586757 -0.102068 0.319374 -0.644609 0.800644 0.693223 -2.003844 2.842070 -5.456492
0.291000 0.586111 -0.101266 0.320064 -0.646611 0.803479 0.687741 -2.000256 2.828825 -5.506803
0.292000 0.585464 -0.100461 0.320749 -0.648609 0.806301 0.682209 -1.996218 2.815147 -5.557357
0.293000 0.584814 -0.099653 0.321429 -0.650603 0.809109 0.676627 -1.991668 2.801029 -5.608194
0.294000 0.584162 -0.098843 0.322102 -0.652593 0.811903 0.670993 -1.986726 2.786718 -5.659156
0.295000 0.583509 -0.098030 0.322771 -0.654577 0.814683 0.665308 -1.981516 2.772437 -5.710080
0.296000 0.582853 -0.097213 0.323433 -0.656556 0.817448 0.659573 -1.976176 2.758378 -5.760795
0.297000 0.582196 -0.096395 0.324090 -0.658529 0.820200 0.653787 -1.970851 2.744714 -5.811125
0.298000 0.581536 -0.095573 0.324741 -0.660497 0.822938 0.647951 -1.965497 2.731377 -5.861088
0.299000 0.580875 -0.094749 0.325386 -0.662460 0.825662 0.642065 -1.959910 2.718097 -5.910870
0.300000 0.580211 -0.093922 0.326025 -0.664417 0.828374 0.636129 -1.954017 2.704753 -5.960525
0.301000 0.579546 -0.093092 0.326658 -0.666368 0.831072 0.630144 -1.947887 2.691390 -6.009961
0.302000 0.578878 -0.092260 0.327285 -0.668313 0.833757 0.624109 -1.941444 2.677888 -6.059225
0.303000 0.578209 -0.091425 0.327906 -0.670251 0.836428 0.618025 -1.934475 2.663995 -6.108500
0.304000 0.577538 -0.090587 0.328521 -0.672182 0.839085 0.611892 -1.926925 2.649707 -6.157819
0.305000 0.576865 -0.089746 0.329130 -0.674105 0.841727 0.605710 -1.918888 2.635225 -6.207068
0.306000 0.576190 -0.088903 0.329732 -0.676020 0.844355 0.599478 -1.910304 2.620544 -6.256270
0.307000 0.575513 -0.088058 0.330329 -0.677926 0.846968 0.593197 -1.900967 2.605433 -6.305596
0.308000 0.574834 -0.087209 0.330919 -0.679822 0.849566 0.586867 -1.890813 2.589833 -6.355080
0.309000 0.574153 -0.086359 0.331503 -0.681707 0.852148 0.580487 -1.879967 2.573914 -6.404588
0.310000 0.573470 -0.085505 0.332080 -0.683582 0.854714 0.574057 -1.868551 2.557825 -6.453995
0.311000 0.572786 -0.084649 0.332651 -0.685444 0.857264 0.567579 -1.856685 2.541684 -6.503199
0.312000 0.572100 -0.083791 0.333215 -0.687295 0.859797 0.561051 -1.844486 2.525586 -6.552113
0.313000 0.571411 -0.082929 0.333773 -0.689133 0.862315 0.554475 -1.831887 2.509410 -6.600795
0.314000 0.570721 -0.082066 0.334324 -0.690959 0.864816 0.547849 -1.818675 2.492887 -6.649411
0.315000 0.570029 -0.081200 0.334868 -0.692771 0.867300 0.541176 -1.804802 2.475985 -6.697982
0.316000 0.569336 -0.080331 0.335406 -0.694568 0.869768 0.534454 -1.790376 2.458880 -6.746394
0.317000 0.568640 -0.079460 0.335937 -0.696351 0.872218 0.527683 -1.775346 2.441540 -6.794656
0.318000 0.567943 -0.078587 0.336462 -0.698119 0.874651 0.520864 -1.759516 2.423716 -6.842908
0.319000 0.567244 -0.077711 0.336979 -0.699870 0.877066 0.513997 -1.742856 2.405349 -6.891170
0.320000 0.566543 -0.076833 0.337490 -0.701605 0.879462 0.507082 -1.725501 2.386571 -6.939333
0.321000 0.565841 -0.075952 0.337993 -0.703321 0.881839 0.500119 -1.707419 2.367309 -6.987410
0.322000 0.565137 -0.075069 0.338490 -0.705020 0.884196 0.493107 -1.688405 2.347266 -7.035545
0.323000 0.564431 -0.074184 0.338979 -0.706698 0.886533 0.486047 -1.668400 2.326294 -7.083782
0.324000 0.563723 -0.073296 0.339462 -0.708356 0.888849 0.478939 -1.647537 2.304469 -7.132027
0.325000 0.563014 -0.072406 0.339937 -0.709993 0.891142 0.471783 -1.625947 2.281913 -7.180167
0.326000 0.562303 -0.071514 0.340406 -0.711608 0.893413 0.464579 -1.603760 2.258841 -7.228071
0.327000 0.561591 -0.070619 0.340866 -0.713201 0.895660 0.457327 -1.581145 2.235567 -7.275562
0.328000 0.560877 -0.069722 0.341320 -0.714771 0.897884 0.450028 -1.558238 2.212340 -7.322505
0.329000 0.560161 -0.068823 0.341767 -0.716317 0.900085 0.442682 -1.535191 2.189378 -7.368785
0.330000 0.559444 -0.067922 0.342206 -0.717841 0.902263 0.435290 -1.512160 2.166878 -7.414298
0.331000 0.558726 -0.067019 0.342637 -0.719342 0.904418 0.427854 -1.489098 2.144774 -7.459067
0.332000 0.558006 -0.066113 0.343061 -0.720819 0.906552 0.420372 -1.465785 2.122765 -7.503215
0.333000 0.557284 -0.065206 0.343478 -0.722273 0.908664 0.412847 -1.442145 2.100710 -7.546774
0.334000 0.556561 -0.064296 0.343887 -0.723703 0.910754 0.405279 -1.418298 2.078696 -7.589652
0.335000 0.555837 -0.063384 0.344288 -0.725110 0.912821 0.397668 -1.394358 2.056850 -7.631758
0.336000 0.555111 -0.062470 0.344682 -0.726492 0.914867 0.390015 -1.370442 2.035377 -7.673009
0.337000 0.554384 -0.061555 0.345068 -0.727851 0.916892 0.382322 -1.346662 2.014518 -7.713322
0.338000 0.553655 -0.060637 0.345447 -0.729185 0.918896 0.374589 -1.322940 1.994247 -7.752721
0.339000 0.552925 -0.059717 0.345818 -0.730497 0.920881 0.366816 -1.299053 1.974304 -7.791310
0.340000 0.552194 -0.058795 0.346181 -0.731784 0.922845 0.359006 -1.274969 1.954610 -7.829096
0.341000 0.551462 -0.057871 0.346536 -0.733046 0.924790 0.351158 -1.250862 1.935333 -7.865973
0.342000 0.550728 -0.056945 0.346883 -0.734285 0.926716 0.343274 -1.226891 1.916613 -7.901855
0.343000 0.549993 -0.056018 0.347222 -0.735500 0.928623 0.335355 -1.203183 1.898541 -7.936692
0.344000 0.549257 -0.055088 0.347554 -0.736692 0.930513 0.327401 -1.179886 1.881240 -7.970437
0.345000 0.548520 -0.054157 0.347877 -0.737860 0.932385 0.319414 -1.157115 1.864827 -8.003054
0.346000 0.547781 -0.053223 0.348192 -0.739006 0.934242 0.311395 -1.134997 1.849511 -8.034503
0.347000 0.547042 -0.052288 0.348500 -0.740130 0.936085 0.303345 -1.113668 1.835551 -8.064733
0.348000 0.546301 -0.051351 0.348799 -0.741233 0.937913 0.295265 -1.093061 1.822930 -8.093772
0.349000 0.545559 -0.050412 0.349090 -0.742316 0.939730 0.287157 -1.072955 1.811387 -8.121707
0.350000 0.544816 -0.049472 0.349373 -0.743379 0.941536 0.279022 -1.053304 1.800853 -8.148550
0.351000 0.544073 -0.048529 0.349648 -0.744423 0.943332 0.270860 -1.034235 1.791466 -8.174238
0.352000 0.543328 -0.047585 0.349915 -0.745448 0.945119 0.262673 -1.015700 1.783143 -8.198771
0.353000 0.542582 -0.046639 0.350174 -0.746454 0.946898 0.254462 -0.997473 1.775556 -8.222236
0.354000 0.541835 -0.045691 0.350424 -0.747443 0.948670 0.246229 -0.979482 1.768524 -8.244690
0.355000 0.541087 -0.044742 0.350666 -0.748413 0.950435 0.237973 -0.961814 1.762041 -8.266138
0.356000 0.540338 -0.043790 0.350900 -0.749366 0.952194 0.229696 -0.944394 1.755928 -8.286625
0.357000 0.539588 -0.042837 0.351126 -0.750302 0.953947 0.221400 -0.926981 1.749880 -8.306226
0.358000 0.538837 -0.041882 0.351343 -0.751220 0.955694 0.213084 -0.909497 1.743881 -8.324944
0.359000 0.538086 -0.040926 0.351552 -0.752121 0.957435 0.204750 -0.892026 1.738156 -8.342720
0.360000 0.537333 -0.039968 0.351752 -0.753004 0.959170 0.196399 -0.874490 1.732695 -8.359542
0.361000 0.536580 -0.039008 0.351945 -0.753870 0.960900 0.188031 -0.856656 1.727236 -8.375463
0.362000 0.535825 -0.038046 0.352128 -0.754718 0.962625 0.179648 -0.838467 1.721717 -8.390505
0.363000 0.535070 -0.037082 0.352304 -0.755547 0.964344 0.171250 -0.820038 1.716289 -8.404641
0.364000 0.534314 -0.036117 0.352471 -0.756358 0.966057 0.162838 -0.801311 1.710876 -8.417883
0.365000 0.533557 -0.035150 0.352629 -0.757149 0.967766 0.154414 -0.782049 1.705151 -8.430279
0.366000 0.532800 -0.034182 0.352780 -0.757922 0.969468 0.145978 -0.762169 1.698938 -8.441847
0.367000 0.532042 -0.033211 0.352921 -0.758674 0.971163 0.137530 -0.741789 1.692305 -8.452557
0.368000 0.531283 -0.032239 0.353055 -0.759405 0.972852 0.129073 -0.721027 1.685378 -8.462379
0.369000 0.530523 -0.031266 0.353180 -0.760116 0.974534 0.120606 -0.700001 1.678386 -8.471290
0.370000 0.529762 -0.030290 0.353296 -0.760805 0.976209 0.112130 -0.678825 1.671618 -8.479266
0.371000 0.529001 -0.029313 0.353404 -0.761473 0.977877 0.103647 -0.657418 1.665071 -8.486316
0.372000 0.528239 -0.028334 0.353503 -0.762120 0.979539 0.095157 -0.635556 1.658476 -8.492471
0.373000 0.527477 -0.027354 0.353594 -0.762745 0.981194 0.086662 -0.613228 1.651753 -8.497746
0.374000 0.526714 -0.026372 0.353677 -0.763347 0.982843 0.078162 -0.590608 1.645036 -8.502128
0.375000 0.525950 -0.025388 0.353750 -0.763926 0.984484 0.069658 -0.567682 1.638232 -8.505618
0.376000 0.525186 -0.024403 0.353816 -0.764482 0.986119 0.061151 -0.544225 1.630992 -8.508248
0.377000 0.524421 -0.023416 0.353873 -0.765014 0.987746 0.052641 -0.520151 1.623126 -8.510050
0.378000 0.523656 -0.022428 0.353921 -0.765522 0.989366 0.044131 -0.495531 1.614623 -8.511047
0.379000 0.522890 -0.021437 0.353961 -0.766005 0.990976 0.035619 -0.470272 1.605293 -8.511255
0.380000 0.522124 -0.020446 0.353992 -0.766463 0.992576 0.027108 -0.444128 1.594814 -8.510685
0.381000 0.521357 -0.019452 0.354015 -0.766894 0.994165 0.018598 -0.417032 1.583160 -8.509312
0.382000 0.520590 -0.018457 0.354030 -0.767297 0.995742 0.010090 -0.389130 1.570607 -8.507093
0.383000 0.519823 -0.017461 0.354035 -0.767672 0.997307 0.001584 -0.360589 1.557416 -8.503989
0.384000 0.519055 -0.016463 0.354033 -0.768018 0.998857 -0.006918 -0.331603 1.543813 -8.499986
0.385000 0.518287 -0.015463 0.354022 -0.768335 1.000394 -0.015416 -0.302385 1.530007 -8.495079
0.386000 0.517518 -0.014462 0.354002 -0.768623 1.001917 -0.023909 -0.272915 1.515915 -8.489259
0.387000 0.516749 -0.013459 0.353974 -0.768881 1.003426 -0.032395 -0.242964 1.501193 -8.482528
0.388000 0.515980 -0.012455 0.353937 -0.769109 1.004920 -0.040874 -0.212442 1.485659 -8.474910
0.389000 0.515211 -0.011449 0.353892 -0.769306 1.006397 -0.049345 -0.181414 1.469320 -8.466436
0.390000 0.514442 -0.010442 0.353838 -0.769472 1.007858 -0.057807 -0.149785 1.451998 -8.457115
0.391000 0.513672 -0.009434 0.353776 -0.769605 1.009301 -0.066259 -0.117306 1.433373 -8.446927
0.392000 0.512903 -0.008424 0.353706 -0.769706 1.010725 -0.074700 -0.083905 1.413430 -8.435838
0.393000 0.512133 -0.007412 0.353627 -0.769773 1.012128 -0.083130 -0.049727 1.392466 -8.423822
0.394000 0.511363 -0.006399 0.353540 -0.769806 1.013510 -0.091548 -0.014936 1.370760 -8.410867
0.395000 0.510593 -0.005385 0.353444 -0.769803 1.014870 -0.099952 0.020276 1.348559 -8.397002
0.396000 0.509823 -0.004370 0.353340 -0.769765 1.016207 -0.108342 0.055700 1.326091 -8.382269
0.397000 0.509054 -0.003353 0.353227 -0.769692 1.017522 -0.116717 0.091353 1.303283 -8.366677
0.398000 0.508284 -0.002335 0.353106 -0.769582 1.018814 -0.125075 0.127457 1.279786 -8.350197
0.399000 0.507515 -0.001315 0.352977 -0.769437 1.020081 -0.133417 0.164078 1.255405 -8.332820
0.400000 0.506745 -0.000294 0.352840 -0.769254 1.021324 -0.141741 0.201116 1.230134 -8.314557
0.401000 0.505976 0.000728 0.352694 -0.769034 1.022542 -0.150046 0.238642 1.203778 -8.295382
0.402000 0.505207 0.001751 0.352539 -0.768777 1.023732 -0.158332 0.276906 1.176016 -8.275235
0.403000 0.504438 0.002775 0.352377 -0.768481 1.024894 -0.166597 0.316003 1.146843 -8.254074
0.404000 0.503670 0.003800 0.352206 -0.768145 1.026026 -0.174840 0.355866 1.116518 -8.231876
0.405000 0.502902 0.004827 0.352027 -0.767769 1.027127 -0.183060 0.396586 1.085044 -8.208590
0.406000 0.502135 0.005855 0.351840 -0.767352 1.028196 -0.191257 0.438391 1.052143 -8.184152
0.407000 0.501367 0.006883 0.351645 -0.766892 1.029231 -0.199429 0.481300 1.017745 -8.158567
0.408000 0.500601 0.007913 0.351441 -0.766389 1.030231 -0.207574 0.525143 0.982002 -8.131881
0.409000 0.499835 0.008944 0.351230 -0.765842 1.031195 -0.215693 0.569936 0.944829 -8.104087
0.410000 0.499069 0.009976 0.351010 -0.765249 1.032121 -0.223782 0.615896 0.905874 -8.075121
0.411000 0.498304 0.011008 0.350782 -0.764610 1.033007 -0.231843 0.663084 0.864954 -8.044961
0.412000 0.497540 0.012042 0.350546 -0.763923 1.033851 -0.239872 0.711356 0.822146 -8.013632
0.413000 0.496776 0.013076 0.350302 -0.763187 1.034651 -0.247870 0.760575 0.777585 -7.981156
0.414000 0.496014 0.014111 0.350050 -0.762402 1.035406 -0.255835 0.810619 0.731512 -7.947544
0.415000 0.495252 0.015147 0.349791 -0.761566 1.036114 -0.263765 0.861371 0.684227 -7.912801
0.416000 0.494490 0.016183 0.349523 -0.760679 1.036774 -0.271660 0.912919 0.635722 -7.876869
0.417000 0.493730 0.017220 0.349247 -0.759740 1.037386 -0.279519 0.965494 0.585711 -7.839660
0.418000 0.492971 0.018258 0.348964 -0.758748 1.037946 -0.287340 1.019134 0.534113 -7.801173
0.419000 0.492213 0.019296 0.348673 -0.757702 1.038454 -0.295121 1.073653 0.481124 -7.761487
0.420000 0.491456 0.020335 0.348374 -0.756601 1.038908 -0.302863 1.128870 0.426904 -7.720664
0.421000 0.490699 0.021374 0.348067 -0.755444 1.039308 -0.310563 1.184622 0.371553 -7.678745
0.422000 0.489945 0.022413 0.347752 -0.754232 1.039651 -0.318220 1.240711 0.315201 -7.635770
0.423000 0.489191 0.023453 0.347430 -0.752963 1.039938 -0.325834 1.296989 0.257987 -7.591765
0.424000 0.488439 0.024493 0.347101 -0.751638 1.040167 -0.333404 1.353324 0.200172 -7.546764
0.425000 0.487688 0.025534 0.346764 -0.750256 1.040338 -0.340928 1.409591 0.142086 -7.500799
0.426000 0.486938 0.026574 0.346419 -0.748819 1.040451 -0.348405 1.465868 0.083741 -7.453819
0.427000 0.486190 0.027614 0.346067 -0.747324 1.040506 -0.355835 1.522385 0.024858 -7.405724
0.428000 0.485444 0.028655 0.345707 -0.745774 1.040501 -0.363217 1.579193 -0.034646 -7.356517
0.429000 0.484699 0.029695 0.345340 -0.744166 1.040437 -0.370548 1.636129 -0.094578 -7.306312
0.430000 0.483955 0.030736 0.344966 -0.742501 1.040312 -0.377829 1.693037 -0.154779 -7.255204
0.431000 0.483214 0.031776 0.344585 -0.740780 1.040127 -0.385059 1.749775 -0.215151 -7.203268
0.432000 0.482474 0.032816 0.344196 -0.739002 1.039882 -0.392236 1.806207 -0.275631 -7.150562
0.433000 0.481736 0.033856 0.343800 -0.737168 1.039576 -0.399360 1.862401 -0.336403 -7.097033
0.434000 0.480999 0.034895 0.343397 -0.735277 1.039209 -0.406430 1.918587 -0.397786 -7.042541
0.435000 0.480265 0.035934 0.342987 -0.733330 1.038780 -0.413445 1.974831 -0.459773 -6.987019
0.436000 0.479533 0.036973 0.342570 -0.731327 1.038289 -0.420404 2.030990 -0.522026 -6.930504
0.437000 0.478802 0.038011 0.342147 -0.729268 1.037736 -0.427306 2.086922 -0.584232 -6.873057
0.438000 0.478074 0.039048 0.341716 -0.727154 1.037121 -0.434150 2.142481 -0.646121 -6.814796
0.439000 0.477348 0.040085 0.341278 -0.724983 1.036444 -0.440936 2.197522 -0.707450 -6.755865
0.440000 0.476624 0.041121 0.340834 -0.722759 1.035706 -0.447662 2.252098 -0.768289 -6.696272
0.441000 0.475903 0.042156 0.340383 -0.720479 1.034907 -0.454328 2.306426 -0.828994 -6.635899
0.442000 0.475183 0.043191 0.339925 -0.718146 1.034048 -0.460934 2.360555 -0.889775 -6.574718
0.443000 0.474466 0.044225 0.339461 -0.715758 1.033128 -0.467477 2.414333 -0.950592 -6.512817
0.444000 0.473752 0.045257 0.338990 -0.713317 1.032147 -0.473959 2.467611 -1.011335 -6.450280
0.445000 0.473040 0.046289 0.338513 -0.710823 1.031105 -0.480378 2.520255 -1.071772 -6.387183
0.446000 0.472330 0.047319 0.338030 -0.708277 1.030003 -0.486734 2.572136 -1.131600 -6.323598
0.447000 0.471623 0.048349 0.337540 -0.705679 1.028842 -0.493025 2.623320 -1.190822 -6.259465
0.448000 0.470919 0.049377 0.337044 -0.703030 1.027622 -0.499252 2.674026 -1.249705 -6.194643
0.449000 0.470217 0.050404 0.336541 -0.700331 1.026342 -0.505415 2.724317 -1.308298 -6.129134
0.450000 0.469518 0.051430 0.336033 -0.697581 1.025005 -0.511511 2.774052 -1.366363 -6.063091
0.451000 0.468822 0.052454 0.335518 -0.694783 1.023610 -0.517541 2.823083 -1.423722 -5.996660
0.452000 0.468128 0.053477 0.334998 -0.691935 1.022158 -0.523504 2.871241 -1.480303 -5.929982
0.453000 0.467438 0.054498 0.334471 -0.689040 1.020649 -0.529401 2.918347 -1.536091 -5.863193
0.454000 0.466750 0.055518 0.333939 -0.686098 1.019085 -0.535230 2.964424 -1.591303 -5.796266
0.455000 0.466066 0.056537 0.333401 -0.683111 1.017467 -0.540993 3.009674 -1.646259 -5.729028
0.456000 0.465384 0.057553 0.332857 -0.680079 1.015793 -0.546689 3.054162 -1.700936 -5.661394
0.457000 0.464706 0.058568 0.332307 -0.677003 1.014065 -0.552316 3.097803 -1.755032 -5.593377
0.458000 0.464030 0.059581 0.331752 -0.673883 1.012283 -0.557875 3.140662 -1.808509 -5.524887
0.459000 0.463358 0.060593 0.331192 -0.670722 1.010448 -0.563366 3.182947 -1.861609 -5.455759
0.460000 0.462689 0.061602 0.330626 -0.667518 1.008560 -0.568787 3.224715 -1.914361 -5.386009
0.461000 0.462023 0.062610 0.330054 -0.664272 1.006619 -0.574138 3.265833 -1.966511 -5.315834
0.462000 0.461360 0.063616 0.329477 -0.660986 1.004627 -0.579418 3.306164 -2.017864 -5.245417
0.463000 0.460701 0.064619 0.328895 -0.657660 1.002583 -0.584629 3.345570 -2.068328 -5.174919
0.464000 0.460045 0.065621 0.328308 -0.654295 1.000490 -0.589768 3.383907 -2.117871 -5.104489
0.465000 0.459392 0.066620 0.327716 -0.650892 0.998347 -0.594838 3.421217 -2.166693 -5.034095
0.466000 0.458743 0.067617 0.327118 -0.647452 0.996156 -0.599836 3.457687 -2.215115 -4.963548
0.467000 0.458097 0.068612 0.326516 -0.643977 0.993917 -0.604765 3.493351 -2.263145 -4.892758
0.468000 0.457455 0.069605 0.325909 -0.640466 0.991630 -0.609622 3.528091 -2.310527 -4.821751
0.469000 0.456816 0.070596 0.325297 -0.636920 0.989296 -0.614408 3.561937 -2.357252 -4.750433
0.470000 0.456181 0.071584 0.324680 -0.633342 0.986916 -0.619123 3.595084 -2.403562 -4.678625
0.471000 0.455550 0.072570 0.324058 -0.629730 0.984489 -0.623765 3.627603 -2.449465 -4.606343
0.472000 0.454922 0.073553 0.323432 -0.626087 0.982017 -0.628336 3.659393 -2.494686 -4.533800
0.473000 0.454298 0.074534 0.322802 -0.622411 0.979500 -0.632833 3.690331 -2.539017 -4.461185
0.474000 0.453677 0.075512 0.322167 -0.618706 0.976939 -0.637258 3.720261 -2.582367 -4.388654
0.475000 0.453060 0.076487 0.321527 -0.614971 0.974335 -0.641610 3.749005 -2.624713 -4.316341
0.476000 0.452447 0.077460 0.320884 -0.611208 0.971689 -0.645891 3.776571 -2.666257 -4.244192
0.477000 0.451838 0.078431 0.320236 -0.607418 0.969002 -0.650099 3.803126 -2.707316 -4.171998
0.478000 0.451232 0.079398 0.319583 -0.603602 0.966275 -0.654235 3.828718 -2.747896 -4.099674
0.479000 0.450630 0.080363 0.318927 -0.599760 0.963507 -0.658298 3.853256 -2.787751 -4.027264
0.480000 0.450033 0.081325 0.318267 -0.595895 0.960699 -0.662289 3.876788 -2.826873 -3.954680
0.481000 0.449439 0.082285 0.317602 -0.592007 0.957853 -0.666207 3.899507 -2.865506 -3.881739
0.482000 0.448849 0.083241 0.316934 -0.588096 0.954968 -0.670053 3.921500 -2.903684 -3.808465
0.483000 0.448263 0.084195 0.316262 -0.584164 0.952046 -0.673824 3.942693 -2.941170 -3.735094
0.484000 0.447680 0.085145 0.315587 -0.580211 0.949086 -0.677523 3.962985 -2.977765 -3.661845
0.485000 0.447102 0.086093 0.314907 -0.576238 0.946090 -0.681148 3.982224 -3.013347 -3.588899
0.486000 0.446528 0.087037 0.314224 -0.572246 0.943059 -0.684701 4.000229 -3.047830 -3.516420
0.487000 0.445958 0.087979 0.313538 -0.568237 0.939994 -0.688181 4.016994 -3.081365 -3.444361
0.488000 0.445391 0.088917 0.312848 -0.564212 0.936896 -0.691589 4.032677 -3.114248 -3.372492
0.489000 0.444829 0.089853 0.312155 -0.560172 0.933766 -0.694926 4.047334 -3.146503 -3.300691
0.490000 0.444271 0.090785 0.311458 -0.556118 0.930603 -0.698191 4.060903 -3.177922 -3.228962
0.491000 0.443717 0.091714 0.310758 -0.552050 0.927410 -0.701384 4.073438 -3.208516 -3.157182
0.492000 0.443167 0.092640 0.310055 -0.547971 0.924186 -0.704505 4.085124 -3.238528 -3.085148
0.493000 0.442621 0.093562 0.309349 -0.543880 0.920933 -0.707554 4.096032 -3.267988 -3.012898
0.494000 0.442079 0.094482 0.308640 -0.539779 0.917650 -0.710531 4.106117 -3.296708 -2.940661
0.495000 0.441541 0.095398 0.307928 -0.535668 0.914340 -0.713435 4.115441 -3.324720 -2.868477
0.496000 0.441008 0.096310 0.307213 -0.531548 0.911001 -0.716268 4.124161 -3.352304 -2.796170
0.497000 0.440478 0.097220 0.306496 -0.527419 0.907635 -0.719028 4.132284 -3.379582 -2.723703
0.498000 0.439953 0.098126 0.305775 -0.523283 0.904242 -0.721715 4.139650 -3.406438 -2.651227
0.499000 0.439432 0.099028 0.305052 -0.519140 0.900822 -0.724330 4.146114 -3.432734 -2.578866
0.500000 0.438915 0.099927 0.304327 -0.514991 0.897376 -0.726873 4.151557 -3.458299 -2.506695
0.501000 0.438402 0.100823 0.303599 -0.510837 0.893905 -0.729344 4.155873 -3.482942 -2.434761
0.502000 0.437893 0.101715 0.302868 -0.506679 0.890410 -0.731742 4.159103 -3.506720 -2.362940
0.503000 0.437388 0.102604 0.302135 -0.502519 0.886892 -0.734069 4.161427 -3.529891 -2.291017
0.504000 0.436888 0.103489 0.301400 -0.498356 0.883351 -0.736324 4.162952 -3.552504 -2.219029
0.505000 0.436392 0.104370 0.300662 -0.494193 0.879787 -0.738508 4.163690 -3.574404 -2.147211
0.506000 0.435900 0.105248 0.299923 -0.490029 0.876202 -0.740619 4.163738 -3.595636 -2.075601
0.507000 0.435412 0.106123 0.299181 -0.485865 0.872596 -0.742659 4.163259 -3.616465 -2.004019
0.508000 0.434928 0.106994 0.298438 -0.481702 0.868969 -0.744627 4.162273 -3.636977 -1.932427
0.509000 0.434448 0.107861 0.297692 -0.477541 0.865322 -0.746524 4.160646 -3.657023 -1.860988
0.510000 0.433973 0.108724 0.296945 -0.473381 0.861655 -0.748349 4.158247 -3.676447 -1.789836
0.511000 0.433502 0.109584 0.296195 -0.469224 0.857969 -0.750103 4.154960 -3.695091 -1.719059
0.512000 0.433034 0.110440 0.295444 -0.465071 0.854265 -0.751787 4.150670 -3.712795 -1.648717
0.513000 0.432571 0.111293 0.294692 -0.460923 0.850543 -0.753401 4.145403 -3.729631 -1.578689
0.514000 0.432113 0.112141 0.293937 -0.456780 0.846805 -0.754944 4.139314 -3.745859 -1.508762
0.515000 0.431658 0.112986 0.293182 -0.452644 0.843052 -0.756418 4.132492 -3.761544 -1.438977
0.516000 0.431207 0.113827 0.292425 -0.448515 0.839282 -0.757822 4.124939 -3.776559 -1.369584
0.517000 0.430761 0.114665 0.291666 -0.444395 0.835498 -0.759157 4.116735 -3.790963 -1.300626
0.518000 0.430318 0.115498 0.290906 -0.440282 0.831700 -0.760424 4.108032 -3.805011 -1.231916
0.519000 0.429880 0.116328 0.290145 -0.436178 0.827888 -0.761621 4.098855 -3.818780 -1.163400
0.520000 0.429446 0.117154 0.289383 -0.432084 0.824063 -0.762750 4.089098 -3.832116 -1.095223
0.521000 0.429016 0.117976 0.288620 -0.428000 0.820224 -0.763812 4.078659 -3.844872 -1.027504
0.522000 0.428590 0.118795 0.287855 -0.423927 0.816373 -0.764805 4.067447 -3.856909 -0.960316
0.523000 0.428168 0.119609 0.287090 -0.419865 0.812510 -0.765732 4.055375 -3.868096 -0.893704
0.524000 0.427750 0.120420 0.286324 -0.415816 0.808637 -0.766593 4.042480 -3.878519 -0.827531
0.525000 0.427337 0.121226 0.285557 -0.411780 0.804753 -0.767387 4.028913 -3.888437 -0.761573
0.526000 0.426927 0.122029 0.284789 -0.407758 0.800860 -0.768116 4.014774 -3.897931 -0.695857
0.527000 0.426521 0.122828 0.284021 -0.403751 0.796957 -0.768779 4.000087 -3.906897 -0.630621
0.528000 0.426119 0.123623 0.283252 -0.399758 0.793046 -0.769377 3.984944 -3.915408 -0.565899
0.529000 0.425722 0.124414 0.282482 -0.395781 0.789127 -0.769911 3.969482 -3.923707 -0.501491
0.530000 0.425328 0.125201 0.281712 -0.391819 0.785199 -0.770380 3.953711 -3.931859 -0.437335
0.531000 0.424938 0.125985 0.280941 -0.387874 0.781263 -0.770786 3.937521 -3.939704 -0.373569
0.532000 0.424552 0.126764 0.280170 -0.383944 0.777319 -0.771127 3.920811 -3.947088 -0.310314
0.533000 0.424170 0.127539 0.279399 -0.380032 0.773369 -0.771406 3.903508 -3.953868 -0.247660
0.534000 0.423792 0.128311 0.278627 -0.376137 0.769412 -0.771623 3.885554 -3.959906 -0.185679
0.535000 0.423418 0.129078 0.277856 -0.372261 0.765449 -0.771778 3.866995 -3.965276 -0.124257
0.536000 0.423047 0.129841 0.277084 -0.368403 0.761481 -0.771871 3.847969 -3.970225 -0.063170
0.537000 0.422681 0.130601 0.276312 -0.364565 0.757508 -0.771904 3.828564 -3.974843 -0.002445
0.538000 0.422318 0.131356 0.275540 -0.360746 0.753531 -0.771876 3.808796 -3.979055 0.057684
0.539000 0.421959 0.132108 0.274768 -0.356947 0.749550 -0.771789 3.788742 -3.982942 0.117188
0.540000 0.421604 0.132856 0.273997 -0.353169 0.745566 -0.771642 3.768517 -3.986738 0.176268
0.541000 0.421253 0.133599 0.273225 -0.349410 0.741577 -0.771436 3.748118 -3.990491 0.234990
0.542000 0.420906 0.134339 0.272454 -0.345672 0.737585 -0.771172 3.727428 -3.994039 0.293215
0.543000 0.420562 0.135074 0.271683 -0.341955 0.733589 -0.770850 3.706341 -3.997229 0.350825
0.544000 0.420222 0.135806 0.270912 -0.338260 0.729590 -0.770470 3.684780 -3.999937 0.407728
0.545000 0.419885 0.136534 0.270142 -0.334586 0.725589 -0.770034 3.662680 -4.002053 0.463851
0.546000 0.419552 0.137257 0.269372 -0.330934 0.721586 -0.769542 3.640074 -4.003657 0.519313
0.547000 0.419223 0.137977 0.268603 -0.327306 0.717582 -0.768995 3.617094 -4.004975 0.574341
0.548000 0.418898 0.138692 0.267834 -0.323700 0.713576 -0.768394 3.593836 -4.006059 0.628934
0.549000 0.418576 0.139404 0.267066 -0.320118 0.709570 -0.767738 3.570348 -4.006789 0.682888
0.550000 0.418258 0.140111 0.266298 -0.316559 0.705562 -0.767028 3.546718 -4.007208 0.736196
0.551000 0.417943 0.140815 0.265532 -0.313025 0.701555 -0.766265 3.523065 -4.007527 0.789065
0.552000 0.417632 0.141515 0.264766 -0.309513 0.697547 -0.765450 3.499401 -4.007802 0.841557
0.553000 0.417324 0.142210 0.264001 -0.306026 0.693540 -0.764582 3.475637 -4.007899 0.893530
0.554000 0.417020 0.142902 0.263237 -0.302562 0.689532 -0.763663 3.451693 -4.007682 0.944856
0.555000 0.416719 0.143589 0.262474 -0.299122 0.685524 -0.762692 3.427496 -4.007031 0.995440
0.556000 0.416421 0.144273 0.261711 -0.295707 0.681518 -0.761672 3.402982 -4.005830 1.045201
0.557000 0.416127 0.144952 0.260950 -0.292316 0.677512 -0.760602 3.378172 -4.004144 1.094247
0.558000 0.415837 0.145628 0.260190 -0.288951 0.673509 -0.759483 3.353169 -4.002189 1.142800
0.559000 0.415549 0.146299 0.259431 -0.285610 0.669508 -0.758316 3.328036 -4.000024 1.190848
0.560000 0.415265 0.146967 0.258674 -0.282295 0.665509 -0.757102 3.302779 -3.997557 1.238178
0.561000 0.414985 0.147630 0.257917 -0.279005 0.661513 -0.755840 3.277456 -3.994838 1.284774
0.562000 0.414707 0.148290 0.257162 -0.275740 0.657520 -0.754532 3.252156 -3.992067 1.330843
0.563000 0.414433 0.148945 0.256408 -0.272500 0.653529 -0.753178 3.226881 -3.989288 1.376462
0.564000 0.414162 0.149597 0.255655 -0.269286 0.649541 -0.751779 3.201558 -3.986391 1.421548
0.565000 0.413895 0.150244 0.254904 -0.266097 0.645556 -0.750335 3.176181 -3.983416 1.466186
0.566000 0.413630 0.150888 0.254155 -0.262934 0.641574 -0.748847 3.150817 -3.980567 1.510628
0.567000 0.413369 0.151527 0.253407 -0.259795 0.637595 -0.747314 3.125477 -3.977923 1.554976
0.568000 0.413111 0.152163 0.252660 -0.256683 0.633618 -0.745737 3.100111 -3.975427 1.599178
0.569000 0.412855 0.152795 0.251915 -0.253595 0.629644 -0.744116 3.074729 -3.973153 1.643329
0.570000 0.412603 0.153422 0.251172 -0.250533 0.625672 -0.742450 3.049428 -3.971298 1.687644
0.571000 0.412354 0.154046 0.250430 -0.247496 0.621701 -0.740740 3.024284 -3.969904 1.732121
0.572000 0.412108 0.154666 0.249690 -0.244485 0.617732 -0.738986 2.999322 -3.968829 1.776525
0.573000 0.411865 0.155282 0.248952 -0.241498 0.613764 -0.737187 2.974536 -3.967916 1.820643
0.574000 0.411625 0.155893 0.248216 -0.238536 0.609796 -0.735345 2.949872 -3.966991 1.864307
0.575000 0.411388 0.156501 0.247482 -0.235598 0.605830 -0.733459 2.925249 -3.965866 1.907373
0.576000 0.411154 0.157105 0.246749 -0.232685 0.601865 -0.731530 2.900655 -3.964542 1.949907
0.577000 0.410923 0.157705 0.246019 -0.229797 0.597901 -0.729559 2.876143 -3.963201 1.992155
0.578000 0.410695 0.158301 0.245290 -0.226933 0.593938 -0.727546 2.851722 -3.961930 2.034226
0.579000 0.410469 0.158893 0.244564 -0.224093 0.589977 -0.725490 2.827340 -3.960698 2.076082
0.580000 0.410246 0.159481 0.243839 -0.221278 0.586017 -0.723393 2.803006 -3.959591 2.117827
0.581000 0.410027 0.160065 0.243117 -0.218487 0.582058 -0.721255 2.778803 -3.958805 2.159676
0.582000 0.409809 0.160645 0.242397 -0.215720 0.578099 -0.719074 2.754806 -3.958394 2.201633
0.583000 0.409595 0.161221 0.241679 -0.212978 0.574141 -0.716851 2.731056 -3.958277 2.243517
0.584000 0.409384 0.161793 0.240963 -0.210258 0.570183 -0.714587 2.707620 -3.958498 2.285324
0.585000 0.409175 0.162361 0.240249 -0.207562 0.566224 -0.712281 2.684573 -3.959215 2.327253
0.586000 0.408968 0.162926 0.239538 -0.204889 0.562264 -0.709933 2.661905 -3.960441 2.369369
0.587000 0.408765 0.163486 0.238830 -0.202239 0.558303 -0.707542 2.639533 -3.962016 2.411545
0.588000 0.408564 0.164042 0.238123 -0.199610 0.554340 -0.705109 2.617381 -3.963803 2.453662
0.589000 0.408366 0.164595 0.237419 -0.197004 0.550375 -0.702635 2.595385 -3.965707 2.495612
0.590000 0.408170 0.165143 0.236718 -0.194419 0.546409 -0.700118 2.573485 -3.967654 2.537293
0.591000 0.407977 0.165687 0.236019 -0.191857 0.542440 -0.697560 2.551685 -3.969717 2.578789
0.592000 0.407786 0.166228 0.235323 -0.189316 0.538469 -0.694961 2.530051 -3.972080 2.620310
0.593000 0.407598 0.166764 0.234629 -0.186797 0.534496 -0.692320 2.508630 -3.974807 2.661886
0.594000 0.407413 0.167297 0.233938 -0.184299 0.530520 -0.689637 2.487435 -3.977842 2.703377
0.595000 0.407230 0.167825 0.233250 -0.181822 0.526540 -0.686913 2.466507 -3.981237 2.744808
0.596000 0.407049 0.168350 0.232564 -0.179366 0.522557 -0.684147 2.445902 -3.985130 2.786378
0.597000 0.406871 0.168870 0.231882 -0.176930 0.518570 -0.681340 2.425610 -3.989493 2.828156
0.598000 0.406695 0.169387 0.231202 -0.174515 0.514578 -0.678491 2.405567 -3.994154 2.870058
0.599000 0.406522 0.169900 0.230525 -0.172119 0.510582 -0.675600 2.385754 -3.999081 2.912149
0.600000 0.406351 0.170408 0.229850 -0.169743 0.506580 -0.672667 2.366208 -4.004417 2.954653
0.601000 0.406182 0.170913 0.229179 -0.167387 0.502573 -0.669691 2.346932 -4.010240 2.997652
0.602000 0.406016 0.171413 0.228511 -0.165049 0.498560 -0.666671 2.327885 -4.016532 3.041086
0.603000 0.405852 0.171910 0.227846 -0.162731 0.494540 -0.663608 2.309069 -4.023372 3.085033
0.604000 0.405691 0.172402 0.227184 -0.160431 0.490513 -0.660501 2.290542 -4.030926 3.129692
0.605000 0.405531 0.172891 0.226525 -0.158150 0.486478 -0.657349 2.272350 -4.039243 3.175086
0.606000 0.405374 0.173375 0.225869 -0.155886 0.482434 -0.654151 2.254502 -4.048223 3.221040
0.607000 0.405220 0.173856 0.225217 -0.153641 0.478382 -0.650907 2.236987 -4.057747 3.267392
0.608000 0.405067 0.174332 0.224567 -0.151412 0.474319 -0.647616 2.219763 -4.067662 3.314008
0.609000 0.404917 0.174804 0.223921 -0.149201 0.470246 -0.644279 2.202768 -4.077792 3.360769
0.610000 0.404769 0.175273 0.223279 -0.147007 0.466163 -0.640895 2.185984 -4.088114 3.407734
0.611000 0.404623 0.175737 0.222640 -0.144829 0.462070 -0.637464 2.169434 -4.098760 3.455110
0.612000 0.404479 0.176197 0.222004 -0.142668 0.457966 -0.633985 2.153097 -4.109793 3.502977
0.613000 0.404337 0.176653 0.221372 -0.140523 0.453850 -0.630458 2.136909 -4.121186 3.551272
0.614000 0.404198 0.177104 0.220743 -0.138394 0.449723 -0.626882 2.120849 -4.133001 3.600066
0.615000 0.404061 0.177552 0.220118 -0.136281 0.445584 -0.623257 2.104963 -4.145383 3.649554
0.616000 0.403925 0.177996 0.219496 -0.134184 0.441433 -0.619583 2.089296 -4.158361 3.699775
0.617000 0.403792 0.178435 0.218879 -0.132103 0.437268 -0.615858 2.073878 -4.171858 3.750621
0.618000 0.403661 0.178870 0.218265 -0.130036 0.433089 -0.612082 2.058754 -4.185891 3.802125
0.619000 0.403532 0.179301 0.217655 -0.127985 0.428896 -0.608254 2.043958 -4.200556 3.854467
0.620000 0.403405 0.179728 0.217048 -0.125949 0.424688 -0.604373 2.029458 -4.215816 3.907696
0.621000 0.403280 0.180151 0.216446 -0.123926 0.420464 -0.600438 2.015176 -4.231508 3.961723
0.622000 0.403157 0.180569 0.215847 -0.121918 0.416225 -0.596449 2.001071 -4.247591 4.016593
0.623000 0.403036 0.180983 0.215253 -0.119924 0.411969 -0.592405 1.987164 -4.264176 4.072491
0.624000 0.402918 0.181393 0.214663 -0.117944 0.407696 -0.588304 1.973458 -4.281333 4.129479
0.625000 0.402801 0.181798 0.214076 -0.115977 0.403406 -0.584146 1.959930 -4.299028 4.187452
0.626000 0.402686 0.182200 0.213494 -0.114024 0.399098 -0.579929 1.946559 -4.317208 4.246292
0.627000 0.402573 0.182597 0.212916 -0.112084 0.394772 -0.575654 1.933341 -4.335785 4.305863
0.628000 0.402461 0.182989 0.212343 -0.110157 0.390427 -0.571318 1.920277 -4.354650 4.366017
0.629000 0.402352 0.183377 0.211774 -0.108244 0.386063 -0.566921 1.907391 -4.373802 4.426770
0.630000 0.402245 0.183761 0.211209 -0.106343 0.381679 -0.562464 1.894707 -4.393312 4.488278
0.631000 0.402140 0.184141 0.210649 -0.104454 0.377276 -0.557945 1.882198 -4.413123 4.550575
0.632000 0.402036 0.184516 0.210093 -0.102578 0.372853 -0.553363 1.869795 -4.433061 4.613559
0.633000 0.401934 0.184886 0.209542 -0.100715 0.368410 -0.548718 1.857466 -4.453065 4.677257
0.634000 0.401835 0.185253 0.208996 -0.098863 0.363947 -0.544009 1.845218 -4.473221 4.741829
0.635000 0.401737 0.185614 0.208454 -0.097024 0.359464 -0.539234 1.833038 -4.493578 4.807316
0.636000 0.401641 0.185972 0.207917 -0.095197 0.354960 -0.534394 1.820883 -4.514092 4.873602
0.637000 0.401546 0.186324 0.207385 -0.093382 0.350435 -0.529487 1.808722 -4.534698 4.940557
0.638000 0.401454 0.186672 0.206858 -0.091580 0.345890 -0.524513 1.796558 -4.555297 5.008032
0.639000 0.401363 0.187016 0.206336 -0.089789 0.341325 -0.519471 1.784404 -4.575767 5.075863
0.640000 0.401274 0.187355 0.205819 -0.088011 0.336739 -0.514361 1.772291 -4.596088 5.144044
0.641000 0.401187 0.187690 0.205308 -0.086245 0.332133 -0.509183 1.760244 -4.616315 5.212703
0.642000 0.401102 0.188019 0.204801 -0.084490 0.327506 -0.503936 1.748244 -4.636394 5.281845
0.643000 0.401018 0.188345 0.204300 -0.082748 0.322860 -0.498619 1.736237 -4.656172 5.351353
0.644000 0.400936 0.188665 0.203804 -0.081018 0.318194 -0.493233 1.724198 -4.675590 5.421226
0.645000 0.400856 0.188981 0.203313 -0.079300 0.313509 -0.487777 1.712135 -4.694718 5.491581
0.646000 0.400778 0.189292 0.202828 -0.077594 0.308804 -0.482250 1.700044 -4.713582 5.562405
0.647000 0.400701 0.189599 0.202349 -0.075900 0.304081 -0.476652 1.687893 -4.732130 5.633529
0.648000 0.400626 0.189900 0.201875 -0.074218 0.299340 -0.470983 1.675651 -4.750291 5.704778
0.649000 0.400552 0.190197 0.201407 -0.072548 0.294581 -0.465242 1.663283 -4.767977 5.775970
0.650000 0.400481 0.190489 0.200944 -0.070891 0.289804 -0.459431 1.650754 -4.785088 5.846920
0.651000 0.400411 0.190777 0.200488 -0.069247 0.285011 -0.453548 1.638052 -4.801604 5.917589
0.652000 0.400342 0.191059 0.200037 -0.067615 0.280201 -0.447596 1.625184 -4.817562 5.988066
0.653000 0.400275 0.191337 0.199593 -0.065996 0.275376 -0.441572 1.612135 -4.832887 6.058325
0.654000 0.400210 0.191610 0.199154 -0.064391 0.270535 -0.435479 1.598868 -4.847407 6.128223
0.655000 0.400147 0.191878 0.198722 -0.062799 0.265681 -0.429316 1.585367 -4.861042 6.197726
0.656000 0.400085 0.192142 0.198296 -0.061220 0.260813 -0.423083 1.571643 -4.873828 6.266919
0.657000 0.400024 0.192400 0.197876 -0.059655 0.255933 -0.416782 1.557701 -4.885772 6.335781
0.658000 0.399965 0.192653 0.197462 -0.058105 0.251042 -0.410412 1.543527 -4.896802 6.404145
0.659000 0.399908 0.192902 0.197055 -0.056568 0.246139 -0.403974 1.529108 -4.906845 6.471825
0.660000 0.399852 0.193146 0.196654 -0.055047 0.241228 -0.397468 1.514429 -4.915822 6.538594
0.661000 0.399798 0.193384 0.196260 -0.053540 0.236308 -0.390897 1.499473 -4.923649 6.604204
0.662000 0.399745 0.193618 0.195872 -0.052048 0.231381 -0.384260 1.484237 -4.930311 6.668553
0.663000 0.399694 0.193847 0.195491 -0.050571 0.226447 -0.377559 1.468734 -4.935832 6.731672
0.664000 0.399644 0.194071 0.195117 -0.049110 0.221509 -0.370797 1.452958 -4.940140 6.793495
0.665000 0.399596 0.194290 0.194750 -0.047665 0.216567 -0.363972 1.436891 -4.943078 6.853840
0.666000 0.399549 0.194504 0.194389 -0.046236 0.211623 -0.357089 1.420526 -4.944566 6.912632
0.667000 0.399503 0.194713 0.194036 -0.044824 0.206678 -0.350147 1.403879 -4.944619 6.969895
0.668000 0.399459 0.194918 0.193689 -0.043429 0.201734 -0.343149 1.386966 -4.943218 7.025539
0.669000 0.399416 0.195117 0.193349 -0.042050 0.196791 -0.336096 1.369793 -4.940278 7.079330
0.670000 0.399375 0.195311 0.193017 -0.040689 0.191853 -0.328990 1.352367 -4.935718 7.131029
0.671000 0.399335 0.195501 0.192691 -0.039345 0.186920 -0.321834 1.334691 -4.929468 7.180388
0.672000 0.399296 0.195685 0.192373 -0.038020 0.181994 -0.314630 1.316770 -4.921460 7.227153
0.673000 0.399259 0.195865 0.192062 -0.036712 0.177077 -0.307380 1.298612 -4.911679 7.271200
0.674000 0.399223 0.196039 0.191758 -0.035422 0.172171 -0.300087 1.280222 -4.900127 7.312505
0.675000 0.399188 0.196209 0.191462 -0.034151 0.167277 -0.292755 1.261583 -4.886706 7.350929
0.676000 0.399154 0.196374 0.191173 -0.032899 0.162397 -0.285385 1.242662 -4.871243 7.386217
0.677000 0.399122 0.196534 0.190891 -0.031666 0.157534 -0.277982 1.223437 -4.853631 7.418217
0.678000 0.399091 0.196689 0.190617 -0.030452 0.152690 -0.270549 1.203911 -4.833865 7.446887
0.679000 0.399061 0.196839 0.190350 -0.029258 0.147867 -0.263089 1.184085 -4.811925 7.472086
0.680000 0.399033 0.196985 0.190091 -0.028084 0.143066 -0.255605 1.163953 -4.787754 7.493563
0.681000 0.399005 0.197125 0.189839 -0.026930 0.138291 -0.248101 1.143518 -4.761331 7.511164
0.682000 0.398979 0.197261 0.189594 -0.025797 0.133543 -0.240582 1.122785 -4.732671 7.524828
0.683000 0.398953 0.197392 0.189358 -0.024685 0.128826 -0.233052 1.101753 -4.701743 7.534384
0.684000 0.398929 0.197519 0.189128 -0.023594 0.124140 -0.225514 1.080412 -4.668457 7.539529
0.685000 0.398906 0.197641 0.188907 -0.022524 0.119489 -0.217973 1.058760 -4.632701 7.539950
0.686000 0.398884 0.197758 0.188692 -0.021476 0.114875 -0.210434 1.036809 -4.594330 7.535328
0.687000 0.398863 0.197870 0.188486 -0.020450 0.110300 -0.202902 1.014580 -4.553176 7.525337
0.688000 0.398843 0.197978 0.188287 -0.019447 0.105768 -0.195383 0.992091 -4.509135 7.509771
0.689000 0.398824 0.198082 0.188095 -0.018466 0.101282 -0.187882 0.969351 -4.462181 7.488529
0.690000 0.398806 0.198181 0.187911 -0.017508 0.096844 -0.180406 0.946353 -4.412273 7.461415
0.691000 0.398789 0.198276 0.187734 -0.016573 0.092457 -0.172960 0.923081 -4.359338 7.428134
0.692000 0.398773 0.198366 0.187565 -0.015662 0.088125 -0.165550 0.899525 -4.303334 7.388474
0.693000 0.398758 0.198452 0.187403 -0.014774 0.083851 -0.158183 0.875691 -4.244257 7.342304
0.694000 0.398744 0.198534 0.187249 -0.013911 0.079637 -0.150865 0.851593 -4.182081 7.289377
0.695000 0.398730 0.198611 0.187101 -0.013071 0.075486 -0.143604 0.827243 -4.116737 7.229310
0.696000 0.398718 0.198685 0.186961 -0.012256 0.071403 -0.136407 0.802656 -4.048127 7.161721
0.697000 0.398706 0.198754 0.186829 -0.011466 0.067390 -0.129281 0.777844 -3.976104 7.086236
0.698000 0.398695 0.198819 0.186703 -0.010701 0.063451 -0.122234 0.752817 -3.900491 7.002483
0.699000 0.398684 0.198881 0.186584 -0.009960 0.059589 -0.115276 0.727588 -3.821167 6.910207
0.700000 0.398675 0.198939 0.186472 -0.009245 0.055809 -0.108414 0.702166 -3.738092 6.809247
0.701000 0.398666 0.198992 0.186367 -0.008556 0.052113 -0.101657 0.676561 -3.651233 6.699358
0.702000 0.398658 0.199043 0.186269 -0.007892 0.048506 -0.095015 0.650780 -3.560534 6.580176
0.703000 0.398650 0.199090 0.186177 -0.007254 0.044992 -0.088497 0.624833 -3.465926 6.451323
0.704000 0.398643 0.199133 0.186092 -0.006643 0.041574 -0.082112 0.598726 -3.367323 6.312399
0.705000 0.398637 0.199173 0.186013 -0.006057 0.038257 -0.075872 0.572467 -3.264618 6.162967
0.706000 0.398631 0.199209 0.185940 -0.005498 0.035045 -0.069786 0.546062 -3.157696 6.002616
0.707000 0.398626 0.199243 0.185873 -0.004965 0.031942 -0.063867 0.519515 -3.046425 5.830942
0.708000 0.398621 0.199273 0.185812 -0.004459 0.028952 -0.058124 0.492833 -2.930662 5.647545
0.709000 0.398617 0.199301 0.185757 -0.003979 0.026081 -0.052572 0.466020 -2.810303 5.452131
0.710000 0.398613 0.199325 0.185707 -0.003527 0.023332 -0.047220 0.439080 -2.685294 5.244489
0.711000 0.398610 0.199347 0.185663 -0.003101 0.020710 -0.042083 0.412017 -2.555574 5.024313
0.712000 0.398607 0.199367 0.185623 -0.002703 0.018220 -0.037172 0.384834 -2.421062 4.791206
0.713000 0.398604 0.199384 0.185588 -0.002331 0.015868 -0.032500 0.357535 -2.281698 4.544854
0.714000 0.398602 0.199398 0.185558 -0.001987 0.013657 -0.028082 0.330133 -2.137447 4.285035
0.715000 0.398600 0.199411 0.185532 -0.001671 0.011593 -0.023930 0.302657 -1.988267 4.011453
0.716000 0.398599 0.199422 0.185510 -0.001382 0.009681 -0.020059 0.275141 -1.834097 3.723704
0.717000 0.398598 0.199430 0.185492 -0.001121 0.007925 -0.016483 0.247613 -1.674855 3.421381
0.718000 0.398597 0.199438 0.185477 -0.000887 0.006331 -0.013216 0.220084 -1.510427 3.104075
0.719000 0.398596 0.199443 0.185466 -0.000681 0.004904 -0.010275 0.103160 -0.713450 1.470811
0.720000 0.398595 0.199447 0.185457 -0.000681 0.004904 -0.010275 0.103160 -0.713450 1.470811
