0.000000 0.670253 -0.195650 0.136270 0.026248 -0.013380 0.009426 0.254659 -0.135888 0.892872
0.001000 0.670279 -0.195663 0.136279 0.026248 -0.013380 0.009426 0.254659 -0.135888 0.892872
0.002000 0.670305 -0.195677 0.136289 0.026757 -0.013652 0.011211 0.507384 -0.271059 1.820886
0.003000 0.670332 -0.195691 0.136301 0.027263 -0.013922 0.013068 0.503174 -0.269458 1.891903
0.004000 0.670360 -0.195705 0.136315 0.027764 -0.014191 0.014995 0.498264 -0.267513 1.964393
0.005000 0.670388 -0.195719 0.136331 0.028259 -0.014457 0.016996 0.492630 -0.265209 2.038370
0.006000 0.670416 -0.195734 0.136349 0.028749 -0.014721 0.019072 0.486255 -0.262533 2.113849
0.007000 0.670445 -0.195748 0.136369 0.029232 -0.014982 0.021224 0.479136 -0.259470 2.190866
0.008000 0.670475 -0.195763 0.136392 0.029707 -0.015240 0.023454 0.471282 -0.256006 2.269464
0.009000 0.670505 -0.195779 0.136416 0.030174 -0.015494 0.025763 0.462698 -0.252126 2.349640
0.010000 0.670535 -0.195794 0.136443 0.030633 -0.015744 0.028153 0.453392 -0.247816 2.431316
0.011000 0.670566 -0.195810 0.136472 0.031081 -0.015990 0.030626 0.443370 -0.243059 2.514366
0.012000 0.670597 -0.195826 0.136504 0.031519 -0.016231 0.033182 0.432626 -0.237840 2.598687
0.013000 0.670629 -0.195843 0.136539 0.031946 -0.016466 0.035823 0.421140 -0.232131 2.684227
0.014000 0.670661 -0.195859 0.136576 0.032362 -0.016695 0.038550 0.408883 -0.225892 2.770973
0.015000 0.670694 -0.195876 0.136616 0.032764 -0.016917 0.041365 0.395824 -0.219072 2.858922
0.016000 0.670727 -0.195893 0.136659 0.033153 -0.017133 0.044268 0.381933 -0.211633 2.948064
0.017000 0.670760 -0.195910 0.136704 0.033528 -0.017341 0.047261 0.367188 -0.203568 3.038377
0.018000 0.670794 -0.195928 0.136753 0.033888 -0.017540 0.050345 0.351581 -0.194910 3.129842
0.019000 0.670828 -0.195946 0.136805 0.034231 -0.017731 0.053521 0.335115 -0.185711 3.222448
0.020000 0.670862 -0.195963 0.136860 0.034558 -0.017912 0.056790 0.317785 -0.176005 3.316162
0.021000 0.670897 -0.195981 0.136919 0.034867 -0.018083 0.060153 0.299588 -0.165806 3.410900
0.022000 0.670932 -0.196000 0.136981 0.035157 -0.018243 0.063612 0.280543 -0.155125 3.506504
0.023000 0.670967 -0.196018 0.137046 0.035428 -0.018393 0.067166 0.260683 -0.143981 3.602783
0.024000 0.671003 -0.196036 0.137115 0.035678 -0.018531 0.070817 0.240026 -0.132391 3.699602
0.025000 0.671038 -0.196055 0.137188 0.035908 -0.018658 0.074565 0.218557 -0.120372 3.796928
0.026000 0.671074 -0.196074 0.137264 0.036116 -0.018772 0.078411 0.196244 -0.107942 3.894787
0.027000 0.671111 -0.196092 0.137344 0.036300 -0.018874 0.082355 0.173055 -0.095108 3.993188
0.028000 0.671147 -0.196111 0.137429 0.036462 -0.018962 0.086397 0.148964 -0.081850 4.092122
0.029000 0.671184 -0.196130 0.137517 0.036598 -0.019037 0.090539 0.123961 -0.068126 4.191616
0.030000 0.671220 -0.196149 0.137610 0.036710 -0.019098 0.094781 0.098044 -0.053884 4.291718
0.031000 0.671257 -0.196169 0.137707 0.036794 -0.019145 0.099122 0.071208 -0.039076 4.392442
0.032000 0.671294 -0.196188 0.137808 0.036852 -0.019177 0.103565 0.043447 -0.023653 4.493732
0.033000 0.671331 -0.196207 0.137914 0.036881 -0.019192 0.108110 0.014777 -0.007544 4.595497
0.034000 0.671368 -0.196226 0.138024 0.036882 -0.019192 0.112756 -0.014769 0.009339 4.697635
0.035000 0.671404 -0.196245 0.138139 0.036852 -0.019174 0.117505 -0.045175 0.027067 4.800041
0.036000 0.671441 -0.196264 0.138259 0.036791 -0.019137 0.122357 -0.076446 0.045701 4.902635
0.037000 0.671478 -0.196284 0.138384 0.036699 -0.019082 0.127310 -0.108589 0.065313 5.005376
0.038000 0.671515 -0.196303 0.138514 0.036574 -0.019007 0.132367 -0.141605 0.085990 5.108244
0.039000 0.671551 -0.196322 0.138649 0.036416 -0.018910 0.137527 -0.175502 0.107801 5.211194
0.040000 0.671588 -0.196340 0.138789 0.036223 -0.018791 0.142790 -0.210283 0.130786 5.314155
0.041000 0.671624 -0.196359 0.138934 0.035995 -0.018649 0.148155 -0.245933 0.154966 5.417073
0.042000 0.671660 -0.196378 0.139085 0.035731 -0.018481 0.153624 -0.282415 0.180357 5.519912
0.043000 0.671695 -0.196396 0.139242 0.035430 -0.018288 0.159195 -0.319692 0.206968 5.622633
0.044000 0.671730 -0.196414 0.139404 0.035092 -0.018067 0.164869 -0.357727 0.234790 5.725190
0.045000 0.671765 -0.196432 0.139571 0.034715 -0.017818 0.170645 -0.396485 0.263809 5.827532
0.046000 0.671800 -0.196450 0.139745 0.034299 -0.017540 0.176524 -0.435944 0.294014 5.929578
0.047000 0.671834 -0.196467 0.139924 0.033843 -0.017230 0.182505 -0.476097 0.325401 6.031220
0.048000 0.671868 -0.196484 0.140110 0.033347 -0.016889 0.188587 -0.516924 0.357962 6.132364
0.049000 0.671901 -0.196501 0.140302 0.032809 -0.016514 0.194769 -0.558389 0.391678 6.232931
0.050000 0.671933 -0.196517 0.140500 0.032230 -0.016106 0.201052 -0.600471 0.426541 6.332818
0.051000 0.671965 -0.196533 0.140704 0.031608 -0.015661 0.207435 -0.643172 0.462554 6.431904
0.052000 0.671996 -0.196549 0.140914 0.030944 -0.015180 0.213916 -0.686494 0.499733 6.530095
0.053000 0.672027 -0.196564 0.141132 0.030235 -0.014662 0.220495 -0.730433 0.538093 6.627323
0.054000 0.672057 -0.196578 0.141355 0.029483 -0.014104 0.227171 -0.774990 0.577647 6.723490
0.055000 0.672086 -0.196592 0.141586 0.028685 -0.013507 0.233942 -0.820163 0.618411 6.818490
0.056000 0.672114 -0.196605 0.141823 0.027842 -0.012867 0.240808 -0.865928 0.660397 6.912283
0.057000 0.672142 -0.196618 0.142068 0.026953 -0.012186 0.247767 -0.912245 0.703617 7.004877
0.058000 0.672168 -0.196629 0.142319 0.026018 -0.011460 0.254818 -0.959087 0.748084 7.096223
0.059000 0.672194 -0.196641 0.142577 0.025035 -0.010690 0.261959 -1.006437 0.793797 7.186219
0.060000 0.672218 -0.196651 0.142843 0.024005 -0.009873 0.269190 -1.054267 0.840743 7.274805
0.061000 0.672242 -0.196660 0.143116 0.022927 -0.009008 0.276509 -1.102529 0.888898 7.361968
0.062000 0.672264 -0.196669 0.143396 0.021800 -0.008095 0.283914 -1.151174 0.938257 7.447684
0.063000 0.672285 -0.196677 0.143683 0.020624 -0.007132 0.291404 -1.200154 0.988843 7.531902
0.064000 0.672305 -0.196683 0.143979 0.019400 -0.006117 0.298978 -1.249417 1.040696 7.614559
0.065000 0.672324 -0.196689 0.144281 0.018125 -0.005050 0.306633 -1.298929 1.093848 7.695541
0.066000 0.672342 -0.196693 0.144592 0.016802 -0.003929 0.314369 -1.348678 1.148315 7.774735
0.067000 0.672358 -0.196697 0.144910 0.015428 -0.002754 0.322183 -1.398653 1.204103 7.852156
0.068000 0.672372 -0.196699 0.145236 0.014004 -0.001521 0.330073 -1.448835 1.261214 7.927900
0.069000 0.672386 -0.196700 0.145570 0.012530 -0.000231 0.338039 -1.499210 1.319649 8.001970
0.070000 0.672397 -0.196699 0.145912 0.011006 0.001118 0.346077 -1.549760 1.379400 8.074243
0.071000 0.672408 -0.196697 0.146262 0.009431 0.002528 0.354187 -1.600444 1.440439 8.144611
0.072000 0.672416 -0.196694 0.146621 0.007805 0.003999 0.362366 -1.651203 1.502728 8.213014
0.073000 0.672423 -0.196689 0.146987 0.006129 0.005533 0.370613 -1.701983 1.566217 8.279369
0.074000 0.672429 -0.196683 0.147362 0.004401 0.007131 0.378925 -1.752746 1.630841 8.343553
0.075000 0.672432 -0.196675 0.147745 0.002623 0.008795 0.387300 -1.803459 1.696523 8.405419
0.076000 0.672434 -0.196666 0.148136 0.000794 0.010524 0.395736 -1.854098 1.763204 8.464771
0.077000 0.672434 -0.196654 0.148536 -0.001085 0.012321 0.404230 -1.904644 1.830843 8.521442
0.078000 0.672432 -0.196641 0.148945 -0.003015 0.014186 0.412779 -1.955071 1.899401 8.575436
0.079000 0.672428 -0.196626 0.149362 -0.004995 0.016120 0.421381 -2.005341 1.968830 8.626862
0.080000 0.672422 -0.196609 0.149788 -0.007026 0.018124 0.430033 -2.055427 2.039082 8.675723
0.081000 0.672414 -0.196589 0.150222 -0.009106 0.020198 0.438732 -2.105323 2.110080 8.721897
0.082000 0.672403 -0.196568 0.150665 -0.011236 0.022344 0.447476 -2.155045 2.181674 8.765344
0.083000 0.672391 -0.196545 0.151117 -0.013416 0.024562 0.456263 -2.204618 2.253675 8.806109
0.084000 0.672377 -0.196519 0.151578 -0.015646 0.026851 0.465089 -2.254054 2.325934 8.844129
0.085000 0.672360 -0.196491 0.152047 -0.017924 0.029213 0.473951 -2.303350 2.398397 8.879219
0.086000 0.672341 -0.196461 0.152526 -0.020252 0.031648 0.482847 -2.352492 2.471078 8.911252
0.087000 0.672319 -0.196428 0.153013 -0.022629 0.034156 0.491773 -2.401459 2.544017 8.940204
0.088000 0.672295 -0.196392 0.153509 -0.025055 0.036736 0.500727 -2.450233 2.617231 8.966110
0.089000 0.672269 -0.196354 0.154014 -0.027530 0.039390 0.509706 -2.498789 2.690708 8.989119
0.090000 0.672240 -0.196314 0.154529 -0.030053 0.042118 0.518706 -2.547101 2.764412 9.009437
0.091000 0.672209 -0.196270 0.155052 -0.032624 0.044919 0.527725 -2.595142 2.838306 9.027104
0.092000 0.672175 -0.196224 0.155584 -0.035243 0.047794 0.536760 -2.642882 2.912345 9.041986
0.093000 0.672139 -0.196174 0.156125 -0.037910 0.050744 0.545809 -2.690286 2.986486 9.054032
0.094000 0.672099 -0.196122 0.156676 -0.040624 0.053767 0.554868 -2.737321 3.060681 9.063317
0.095000 0.672057 -0.196067 0.157235 -0.043384 0.056865 0.563935 -2.783960 3.134889 9.069891
0.096000 0.672013 -0.196009 0.157803 -0.046192 0.060037 0.573008 -2.830186 3.209083 9.073766
0.097000 0.671965 -0.195947 0.158381 -0.049045 0.063283 0.582083 -2.875990 3.283239 9.074926
0.098000 0.671915 -0.195882 0.158968 -0.051944 0.066603 0.591158 -2.921354 3.357324 9.073231
0.099000 0.671861 -0.195814 0.159563 -0.054887 0.069998 0.600229 -2.966261 3.431294 9.068495
0.100000 0.671805 -0.195742 0.160168 -0.057876 0.073466 0.609295 -3.010710 3.505111 9.060750
0.101000 0.671745 -0.195667 0.160782 -0.060909 0.077008 0.618351 -3.054715 3.578739 9.050189
0.102000 0.671683 -0.195588 0.161405 -0.063986 0.080623 0.627395 -3.098272 3.652131 9.036837
0.103000 0.671617 -0.195505 0.162037 -0.067105 0.084312 0.636424 -3.141360 3.725218 9.020547
0.104000 0.671549 -0.195419 0.162678 -0.070268 0.088074 0.645436 -3.183971 3.797923 9.001301
0.105000 0.671477 -0.195329 0.163328 -0.073473 0.091908 0.654427 -3.226104 3.870162 8.979225
0.106000 0.671402 -0.195236 0.163987 -0.076720 0.095814 0.663394 -3.267746 3.941852 8.954280
0.107000 0.671323 -0.195138 0.164654 -0.080009 0.099792 0.672336 -3.308862 4.012933 8.926264
0.108000 0.671242 -0.195036 0.165331 -0.083338 0.103840 0.681247 -3.349431 4.083384 8.895098
0.109000 0.671157 -0.194930 0.166017 -0.086708 0.107958 0.690126 -3.389447 4.153215 8.860883
0.110000 0.671068 -0.194820 0.166711 -0.090117 0.112146 0.698969 -3.428907 4.222429 8.823761
0.111000 0.670976 -0.194706 0.167415 -0.093566 0.116403 0.707773 -3.467823 4.291026 8.783957
0.112000 0.670881 -0.194587 0.168127 -0.097053 0.120729 0.716537 -3.506211 4.359002 8.741741
0.113000 0.670782 -0.194464 0.168848 -0.100578 0.125121 0.725257 -3.544061 4.426321 8.697148
0.114000 0.670680 -0.194337 0.169577 -0.104141 0.129581 0.733931 -3.581348 4.492914 8.650007
0.115000 0.670574 -0.194205 0.170316 -0.107741 0.134107 0.742557 -3.618080 4.558713 8.600289
0.116000 0.670465 -0.194069 0.171063 -0.111377 0.138699 0.751132 -3.654289 4.623657 8.548126
0.117000 0.670351 -0.193928 0.171818 -0.115049 0.143355 0.759653 -3.689976 4.687674 8.493469
0.118000 0.670234 -0.193782 0.172582 -0.118757 0.148074 0.768118 -3.725102 4.750696 8.436091
0.119000 0.670114 -0.193632 0.173354 -0.122499 0.152856 0.776525 -3.759636 4.812713 8.375928
0.120000 0.669989 -0.193476 0.174135 -0.126276 0.157699 0.784870 -3.793562 4.873748 8.313078
0.121000 0.669861 -0.193316 0.174924 -0.130087 0.162603 0.793151 -3.826842 4.933788 8.247469
0.122000 0.669729 -0.193151 0.175721 -0.133930 0.167567 0.801365 -3.859423 4.992787 8.178892
0.123000 0.669593 -0.192981 0.176527 -0.137805 0.172589 0.809509 -3.891282 5.050748 8.107377
0.124000 0.669454 -0.192806 0.177340 -0.141712 0.177668 0.817580 -3.922431 5.107714 8.033209
0.125000 0.669310 -0.192626 0.178162 -0.145650 0.182804 0.825576 -3.952877 5.163710 7.956655
0.126000 0.669162 -0.192440 0.178991 -0.149618 0.187996 0.833493 -3.982620 5.218722 7.877960
0.127000 0.669011 -0.192250 0.179829 -0.153616 0.193242 0.841331 -4.011662 5.272716 7.797352
0.128000 0.668855 -0.192054 0.180674 -0.157642 0.198541 0.849088 -4.039963 5.325622 7.714802
0.129000 0.668695 -0.191853 0.181527 -0.161695 0.203893 0.856761 -4.067465 5.377370 7.630068
0.130000 0.668532 -0.191646 0.182388 -0.165776 0.209296 0.864348 -4.094146 5.427976 7.543082
0.131000 0.668364 -0.191434 0.183256 -0.169884 0.214749 0.871847 -4.120017 5.477511 7.453957
0.132000 0.668192 -0.191217 0.184131 -0.174016 0.220251 0.879256 -4.145054 5.525982 7.362620
0.133000 0.668016 -0.190994 0.185014 -0.178174 0.225801 0.886572 -4.169211 5.573332 7.268848
0.134000 0.667836 -0.190765 0.185904 -0.182355 0.231398 0.893794 -4.192504 5.619536 7.172697
0.135000 0.667651 -0.190531 0.186802 -0.186559 0.237040 0.900918 -4.215006 5.664618 7.074508
0.136000 0.667463 -0.190291 0.187706 -0.190785 0.242727 0.907943 -4.236775 5.708591 6.974588
0.137000 0.667270 -0.190045 0.188618 -0.195032 0.248457 0.914867 -4.257854 5.751444 6.873193
0.138000 0.667072 -0.189794 0.189536 -0.199301 0.254230 0.921689 -4.278268 5.793154 6.770547
0.139000 0.666871 -0.189537 0.190461 -0.203589 0.260044 0.928408 -4.297993 5.833646 6.666597
0.140000 0.666665 -0.189274 0.191393 -0.207897 0.265897 0.935022 -4.316962 5.872833 6.561075
0.141000 0.666455 -0.189005 0.192331 -0.212223 0.271789 0.941530 -4.335165 5.910723 6.453916
0.142000 0.666241 -0.188730 0.193276 -0.216567 0.277719 0.947930 -4.352635 5.947395 6.345258
0.143000 0.666022 -0.188450 0.194227 -0.220928 0.283684 0.954221 -4.369355 5.982853 6.235036
0.144000 0.665799 -0.188163 0.195184 -0.225306 0.289684 0.960400 -4.385265 6.017027 6.123014
0.145000 0.665571 -0.187870 0.196148 -0.229699 0.295718 0.966467 -4.400362 6.049910 6.009257
0.146000 0.665340 -0.187571 0.197117 -0.234106 0.301784 0.972419 -4.414698 6.081557 5.894082
0.147000 0.665103 -0.187267 0.198093 -0.238528 0.307881 0.978255 -4.428261 6.111944 5.777546
0.148000 0.664863 -0.186956 0.199074 -0.242963 0.314008 0.983974 -4.440976 6.140959 5.659411
0.149000 0.664617 -0.186639 0.200061 -0.247410 0.320163 0.989574 -4.452798 6.168519 5.539626
0.150000 0.664368 -0.186315 0.201053 -0.251869 0.326345 0.995053 -4.463743 6.194610 5.418406
0.151000 0.664114 -0.185986 0.202051 -0.256338 0.332552 1.000411 -4.473837 6.219252 5.295950
0.152000 0.663855 -0.185650 0.203054 -0.260816 0.338784 1.005645 -4.483133 6.242539 5.172440
0.153000 0.663592 -0.185308 0.204062 -0.265304 0.345037 1.010755 -4.491698 6.264597 5.048041
0.154000 0.663324 -0.184960 0.205075 -0.269800 0.351313 1.015741 -4.499520 6.285447 4.922654
0.155000 0.663052 -0.184606 0.206093 -0.274303 0.357608 1.020601 -4.506521 6.305016 4.796016
0.156000 0.662776 -0.184245 0.207116 -0.278813 0.363923 1.025333 -4.512681 6.323311 4.668182
0.157000 0.662495 -0.183878 0.208144 -0.283328 0.370255 1.029937 -4.518037 6.340423 4.539481
0.158000 0.662209 -0.183505 0.209176 -0.287849 0.376604 1.034412 -4.522561 6.356345 4.409966
0.159000 0.661919 -0.183125 0.210213 -0.292373 0.382968 1.038757 -4.526168 6.370969 4.279386
0.160000 0.661624 -0.182739 0.211254 -0.296901 0.389346 1.042971 -4.528847 6.384252 4.147689
0.161000 0.661325 -0.182346 0.212299 -0.301431 0.395736 1.047052 -4.530666 6.396250 4.015110
0.162000 0.661022 -0.181947 0.213348 -0.305962 0.402138 1.051001 -4.531692 6.407029 3.881880
0.163000 0.660713 -0.181542 0.214401 -0.310494 0.408550 1.054816 -4.531985 6.416679 3.748226
0.164000 0.660401 -0.181130 0.215458 -0.315026 0.414971 1.058498 -4.531602 6.425302 3.614371
0.165000 0.660083 -0.180712 0.216518 -0.319558 0.421401 1.062045 -4.530514 6.432878 3.480244
0.166000 0.659761 -0.180287 0.217582 -0.324087 0.427837 1.065458 -4.528636 6.439297 3.345565
0.167000 0.659435 -0.179856 0.218649 -0.328615 0.434279 1.068736 -4.525976 6.444550 3.210354
0.168000 0.659104 -0.179419 0.219719 -0.333139 0.440726 1.071879 -4.522625 6.448727 3.074894
0.169000 0.658769 -0.178975 0.220793 -0.337660 0.447177 1.074886 -4.518585 6.451806 2.939200
0.170000 0.658429 -0.178524 0.221869 -0.342176 0.453630 1.077757 -4.513763 6.453640 2.802991
0.171000 0.658084 -0.178067 0.222948 -0.346688 0.460084 1.080492 -4.508129 6.454148 2.666200
0.172000 0.657736 -0.177604 0.224030 -0.351193 0.466538 1.083090 -4.501742 6.453356 2.529061
0.173000 0.657382 -0.177134 0.225114 -0.355691 0.472991 1.085550 -4.494664 6.451327 2.391793
0.174000 0.657024 -0.176658 0.226201 -0.360182 0.479441 1.087873 -4.486970 6.448197 2.254599
0.175000 0.656662 -0.176175 0.227290 -0.364665 0.485887 1.090059 -4.478736 6.444134 2.117672
0.176000 0.656295 -0.175686 0.228381 -0.369140 0.492329 1.092108 -4.469939 6.439157 1.980908
0.177000 0.655923 -0.175191 0.229474 -0.373605 0.498766 1.094021 -4.460476 6.433145 1.843999
0.178000 0.655548 -0.174689 0.230569 -0.378060 0.505195 1.095796 -4.450337 6.426080 1.706935
0.179000 0.655167 -0.174180 0.231666 -0.382506 0.511618 1.097435 -4.439596 6.418050 1.569973
0.180000 0.654783 -0.173666 0.232764 -0.386940 0.518031 1.098936 -4.428238 6.409021 1.433101
0.181000 0.654393 -0.173144 0.233864 -0.391362 0.524436 1.100301 -4.416153 6.398827 1.296026
0.182000 0.654000 -0.172617 0.234965 -0.395772 0.530829 1.101528 -4.403314 6.387397 1.158685
0.183000 0.653602 -0.172083 0.236067 -0.400169 0.537211 1.102618 -4.389803 6.374794 1.021324
0.184000 0.653200 -0.171542 0.237170 -0.404552 0.543579 1.103571 -4.375708 6.361110 0.884179
0.185000 0.652793 -0.170996 0.238274 -0.408920 0.549933 1.104387 -4.361125 6.346492 0.747471
0.186000 0.652382 -0.170442 0.239379 -0.413274 0.556272 1.105066 -4.346156 6.331114 0.611411
0.187000 0.651966 -0.169883 0.240484 -0.417612 0.562595 1.105610 -4.330783 6.314979 0.475907
0.188000 0.651546 -0.169317 0.241590 -0.421935 0.568902 1.106018 -4.314895 6.297952 0.340657
0.189000 0.651122 -0.168745 0.242696 -0.426242 0.575191 1.106291 -4.298491 6.280024 0.205666
0.190000 0.650694 -0.168167 0.243802 -0.430532 0.581462 1.106429 -4.281668 6.261319 0.071214
0.191000 0.650261 -0.167582 0.244909 -0.434806 0.587714 1.106433 -4.264415 6.241813 -0.062696
0.192000 0.649824 -0.166991 0.246015 -0.439061 0.593945 1.106304 -4.246618 6.221325 -0.196365
0.193000 0.649383 -0.166394 0.247122 -0.443299 0.600156 1.106041 -4.228258 6.199770 -0.329888
0.194000 0.648938 -0.165791 0.248227 -0.447518 0.606345 1.105644 -4.209443 6.177218 -0.463056
0.195000 0.648488 -0.165182 0.249333 -0.451718 0.612511 1.105115 -4.190283 6.153762 -0.595663
0.196000 0.648034 -0.164566 0.250438 -0.455898 0.618652 1.104453 -4.170903 6.129554 -0.727501
0.197000 0.647576 -0.163944 0.251542 -0.460059 0.624770 1.103660 -4.151428 6.104773 -0.858362
0.198000 0.647114 -0.163317 0.252645 -0.464201 0.630862 1.102736 -4.131845 6.079410 -0.988338
0.199000 0.646648 -0.162683 0.253747 -0.468323 0.636929 1.101683 -4.112022 6.053303 -1.117750
0.200000 0.646178 -0.162043 0.254848 -0.472425 0.642969 1.100501 -4.091912 6.026432 -1.246642
0.201000 0.645703 -0.161397 0.255948 -0.476507 0.648981 1.099190 -4.071567 5.998921 -1.374796
0.202000 0.645225 -0.160745 0.257047 -0.480568 0.654966 1.097751 -4.050937 5.970736 -1.502253
0.203000 0.644742 -0.160087 0.258144 -0.484609 0.660923 1.096185 -4.029881 5.941669 -1.629329
0.204000 0.644255 -0.159423 0.259239 -0.488628 0.666850 1.094492 -4.008387 5.911626 -1.756111
0.205000 0.643765 -0.158753 0.260333 -0.492626 0.672746 1.092673 -3.986589 5.880682 -1.882382
0.206000 0.643270 -0.158077 0.261424 -0.496601 0.678611 1.090727 -3.964615 5.848938 -2.007920
0.207000 0.642772 -0.157396 0.262514 -0.500555 0.684444 1.088657 -3.942591 5.816552 -2.132507
0.208000 0.642269 -0.156709 0.263602 -0.504486 0.690244 1.086462 -3.920635 5.783709 -2.255918
0.209000 0.641763 -0.156015 0.264687 -0.508396 0.696011 1.084145 -3.898722 5.750393 -2.378232
0.210000 0.641252 -0.155316 0.265770 -0.512284 0.701745 1.081706 -3.876705 5.716418 -2.499764
0.211000 0.640738 -0.154612 0.266850 -0.516150 0.707444 1.079146 -3.854547 5.681755 -2.620563
0.212000 0.640220 -0.153902 0.267928 -0.519993 0.713109 1.076465 -3.832327 5.646533 -2.740425
0.213000 0.639698 -0.153186 0.269003 -0.523814 0.718737 1.073665 -3.810003 5.610711 -2.859398
0.214000 0.639172 -0.152464 0.270076 -0.527613 0.724330 1.070746 -3.787425 5.574072 -2.977794
0.215000 0.638643 -0.151737 0.271145 -0.531389 0.729885 1.067709 -3.764566 5.536538 -3.095703
0.216000 0.638109 -0.151004 0.272211 -0.535142 0.735403 1.064555 -3.741555 5.498229 -3.212918
0.217000 0.637572 -0.150266 0.273274 -0.538872 0.740882 1.061283 -3.718513 5.459292 -3.329228
0.218000 0.637032 -0.149523 0.274334 -0.542579 0.746322 1.057896 -3.695559 5.419932 -3.444420
0.219000 0.636487 -0.148774 0.275390 -0.546263 0.751722 1.054395 -3.672809 5.380380 -3.558278
0.220000 0.635939 -0.148019 0.276442 -0.549925 0.757082 1.050780 -3.650224 5.340640 -3.670876
0.221000 0.635387 -0.147259 0.277491 -0.553564 0.762403 1.047053 -3.627647 5.300516 -3.782516
0.222000 0.634832 -0.146494 0.278537 -0.557180 0.767683 1.043215 -3.605055 5.259977 -3.893244
0.223000 0.634273 -0.145724 0.279578 -0.560774 0.772923 1.039266 -3.582553 5.219161 -4.002854
0.224000 0.633711 -0.144948 0.280615 -0.564345 0.778122 1.035209 -3.560113 5.178021 -4.111387
0.225000 0.633144 -0.144168 0.281648 -0.567894 0.783279 1.031044 -3.537575 5.136311 -4.219150
0.226000 0.632575 -0.143382 0.282677 -0.571420 0.788394 1.026771 -3.514902 5.093927 -4.326248
0.227000 0.632002 -0.142591 0.283702 -0.574924 0.793467 1.022391 -3.492219 5.050968 -4.432503
0.228000 0.631425 -0.141795 0.284722 -0.578405 0.798496 1.017906 -3.469645 5.007570 -4.537727
0.229000 0.630845 -0.140994 0.285738 -0.581863 0.803482 1.013316 -3.447297 4.963943 -4.641709
0.230000 0.630261 -0.140188 0.286749 -0.585299 0.808424 1.008622 -3.425286 4.920331 -4.744228
0.231000 0.629674 -0.139377 0.287755 -0.588714 0.813323 1.003827 -3.403564 4.876738 -4.845345
0.232000 0.629084 -0.138561 0.288756 -0.592107 0.818178 0.998932 -3.381955 4.832953 -4.945358
0.233000 0.628490 -0.137741 0.289753 -0.595478 0.822989 0.993936 -3.360427 4.788945 -5.044343
0.234000 0.627893 -0.136915 0.290744 -0.598827 0.827756 0.988843 -3.339080 4.744866 -5.142151
0.235000 0.627292 -0.136085 0.291730 -0.602156 0.832478 0.983652 -3.317876 4.700669 -5.238850
0.236000 0.626688 -0.135250 0.292711 -0.605463 0.837157 0.978365 -3.296638 4.656097 -5.334740
0.237000 0.626081 -0.134411 0.293687 -0.608749 0.841791 0.972983 -3.275322 4.611046 -5.429905
0.238000 0.625471 -0.133567 0.294657 -0.612014 0.846379 0.967505 -3.254050 4.565632 -5.524152
0.239000 0.624857 -0.132718 0.295622 -0.615257 0.850922 0.961934 -3.232941 4.520003 -5.617287
0.240000 0.624240 -0.131865 0.296581 -0.618480 0.855419 0.956271 -3.212111 4.474360 -5.709105
0.241000 0.623620 -0.131007 0.297535 -0.621681 0.859871 0.950516 -3.191673 4.428938 -5.799401
0.242000 0.622997 -0.130145 0.298482 -0.624863 0.864277 0.944672 -3.171569 4.383715 -5.888232
0.243000 0.622371 -0.129279 0.299424 -0.628025 0.868638 0.938740 -3.151620 4.338463 -5.975869
0.244000 0.621741 -0.128408 0.300360 -0.631166 0.872954 0.932720 -3.131811 4.293156 -6.062360
0.245000 0.621108 -0.127533 0.301289 -0.634288 0.877224 0.926615 -3.112277 4.247962 -6.147529
0.246000 0.620472 -0.126654 0.302213 -0.637391 0.881450 0.920425 -3.092997 4.202843 -6.231416
0.247000 0.619834 -0.125770 0.303130 -0.640474 0.885630 0.914152 -3.073790 4.157533 -6.314300
0.248000 0.619192 -0.124882 0.304041 -0.643538 0.889765 0.907797 -3.054606 4.111936 -6.396281
0.249000 0.618546 -0.123990 0.304946 -0.646583 0.893854 0.901360 -3.035571 4.066194 -6.477209
0.250000 0.617898 -0.123095 0.305844 -0.649609 0.897897 0.894842 -3.016817 4.020488 -6.556920
0.251000 0.617247 -0.122195 0.306736 -0.652617 0.901895 0.888246 -2.998485 3.975073 -6.635231
0.252000 0.616593 -0.121291 0.307620 -0.655606 0.905847 0.881572 -2.980726 3.930240 -6.711939
0.253000 0.615936 -0.120383 0.308499 -0.658578 0.909755 0.874822 -2.963499 3.886002 -6.787095
0.254000 0.615276 -0.119471 0.309370 -0.661533 0.913619 0.867997 -2.946614 3.842128 -6.860952
0.255000 0.614613 -0.118556 0.310235 -0.664472 0.917440 0.861100 -2.930024 3.798576 -6.933568
0.256000 0.613947 -0.117636 0.311092 -0.667394 0.921216 0.854130 -2.913833 3.755507 -7.004801
0.257000 0.613278 -0.116713 0.311943 -0.670299 0.924951 0.847090 -2.897988 3.712866 -7.074701
0.258000 0.612606 -0.115787 0.312787 -0.673189 0.928642 0.839981 -2.882275 3.670364 -7.143526
0.259000 0.611932 -0.114856 0.313623 -0.676064 0.932291 0.832803 -2.866612 3.627891 -7.211360
0.260000 0.611254 -0.113922 0.314452 -0.678923 0.935898 0.825558 -2.851057 3.585526 -7.278100
0.261000 0.610574 -0.112984 0.315274 -0.681766 0.939462 0.818247 -2.835523 3.543156 -7.343819
0.262000 0.609891 -0.112043 0.316089 -0.684594 0.942984 0.810871 -2.819797 3.500509 -7.408756
0.263000 0.609205 -0.111098 0.316896 -0.687406 0.946463 0.803430 -2.803833 3.457584 -7.472945
0.264000 0.608516 -0.110150 0.317695 -0.690201 0.949899 0.795925 -2.787746 3.414617 -7.536222
0.265000 0.607824 -0.109198 0.318488 -0.692981 0.953293 0.788357 -2.771491 3.371605 -7.598605
0.266000 0.607130 -0.108244 0.319272 -0.695744 0.956643 0.780727 -2.754874 3.328306 -7.660307
0.267000 0.606433 -0.107285 0.320049 -0.698491 0.959949 0.773036 -2.737869 3.284687 -7.721355
0.268000 0.605733 -0.106324 0.320818 -0.701220 0.963212 0.765285 -2.720652 3.240987 -7.781548
0.269000 0.605030 -0.105359 0.321580 -0.703932 0.966431 0.757473 -2.703387 3.197417 -7.840703
0.270000 0.604325 -0.104391 0.322333 -0.706627 0.969607 0.749603 -2.686220 3.154137 -7.898673
0.271000 0.603617 -0.103420 0.323079 -0.709305 0.972739 0.741676 -2.669288 3.111280 -7.955333
0.272000 0.602907 -0.102445 0.323817 -0.711965 0.975829 0.733693 -2.652527 3.068726 -8.010753
0.273000 0.602193 -0.101468 0.324546 -0.714610 0.978877 0.725655 -2.635725 3.026198 -8.065152
0.274000 0.601477 -0.100488 0.325268 -0.717237 0.981882 0.717562 -2.618837 2.983713 -8.118565
0.275000 0.600759 -0.099504 0.325981 -0.719847 0.984844 0.709417 -2.601982 2.941539 -8.170844
0.276000 0.600038 -0.098518 0.326687 -0.722441 0.987765 0.701221 -2.585113 2.899693 -8.222005
0.277000 0.599314 -0.097529 0.327384 -0.725018 0.990644 0.692973 -2.568029 2.857929 -8.272237
0.278000 0.598588 -0.096537 0.328073 -0.727577 0.993481 0.684676 -2.550700 2.816210 -8.321565
0.279000 0.597859 -0.095542 0.328753 -0.730119 0.996276 0.676330 -2.533311 2.774778 -8.369807
0.280000 0.597127 -0.094544 0.329425 -0.732644 0.999030 0.667937 -2.516033 2.733845 -8.416802
0.281000 0.596393 -0.093544 0.330089 -0.735151 1.001744 0.659497 -2.499019 2.693578 -8.462425
0.282000 0.595657 -0.092540 0.330744 -0.737642 1.004417 0.651012 -2.482413 2.654113 -8.506566
0.283000 0.594918 -0.091535 0.331391 -0.740116 1.007052 0.642484 -2.466151 2.615325 -8.549294
0.284000 0.594177 -0.090526 0.332029 -0.742574 1.009648 0.633913 -2.450000 2.576928 -8.590811
0.285000 0.593433 -0.089515 0.332659 -0.745016 1.012206 0.625302 -2.433893 2.538935 -8.631168
0.286000 0.592687 -0.088502 0.333280 -0.747442 1.014726 0.616651 -2.417919 2.501619 -8.670263
0.287000 0.591938 -0.087486 0.333892 -0.749852 1.017209 0.607961 -2.402008 2.464995 -8.708132
0.288000 0.591187 -0.086468 0.334496 -0.752246 1.019656 0.599235 -2.385940 2.428807 -8.744943
0.289000 0.590434 -0.085447 0.335091 -0.754624 1.022067 0.590471 -2.369687 2.393018 -8.780713
0.290000 0.589678 -0.084423 0.335677 -0.756985 1.024442 0.581673 -2.353398 2.357823 -8.815307
0.291000 0.588920 -0.083398 0.336254 -0.759330 1.026782 0.572841 -2.337042 2.323169 -8.848731
0.292000 0.588159 -0.082370 0.336822 -0.761659 1.029088 0.563976 -2.320400 2.288731 -8.881150
0.293000 0.587396 -0.081340 0.337382 -0.763971 1.031360 0.555079 -2.303414 2.254355 -8.912623
0.294000 0.586631 -0.080307 0.337933 -0.766266 1.033597 0.546150 -2.286188 2.220094 -8.943083
0.295000 0.585864 -0.079272 0.338474 -0.768544 1.035800 0.537192 -2.268661 2.185794 -8.972577
0.296000 0.585094 -0.078236 0.339007 -0.770803 1.037969 0.528205 -2.250603 2.151151 -9.001267
0.297000 0.584322 -0.077197 0.339531 -0.773045 1.040102 0.519190 -2.231970 2.116177 -9.029183
0.298000 0.583548 -0.076155 0.340045 -0.775267 1.042201 0.510147 -2.212894 2.081151 -9.056221
0.299000 0.582772 -0.075112 0.340551 -0.777471 1.044265 0.501077 -2.193328 2.046089 -9.082395
0.300000 0.581993 -0.074067 0.341047 -0.779654 1.046293 0.491982 -2.173058 2.010739 -9.107830
0.301000 0.581212 -0.073020 0.341535 -0.781817 1.048286 0.482862 -2.152056 1.975092 -9.132521
0.302000 0.580429 -0.071970 0.342013 -0.783958 1.050243 0.473717 -2.130523 1.939439 -9.156307
0.303000 0.579644 -0.070919 0.342482 -0.786078 1.052165 0.464549 -2.108650 1.904026 -9.179053
0.304000 0.578857 -0.069866 0.342942 -0.788175 1.054051 0.455359 -2.086610 1.869023 -9.200674
0.305000 0.578068 -0.068811 0.343393 -0.790251 1.055903 0.446148 -2.064566 1.834554 -9.221113
0.306000 0.577277 -0.067754 0.343835 -0.792304 1.057720 0.436917 -2.042458 1.800472 -9.240429
0.307000 0.576483 -0.066695 0.344267 -0.794336 1.059504 0.427667 -2.020055 1.766472 -9.258765
0.308000 0.575688 -0.065635 0.344690 -0.796345 1.061253 0.418399 -1.997317 1.732572 -9.276162
0.309000 0.574891 -0.064573 0.345104 -0.798330 1.062969 0.409115 -1.974385 1.699063 -9.292558
0.310000 0.574091 -0.063509 0.345508 -0.800293 1.064652 0.399814 -1.951220 1.665966 -9.307975
0.311000 0.573290 -0.062444 0.345903 -0.802233 1.066301 0.390499 -1.927602 1.633009 -9.322532
0.312000 0.572487 -0.061377 0.346289 -0.804149 1.067918 0.381169 -1.903511 1.600138 -9.336260
0.313000 0.571682 -0.060308 0.346666 -0.806040 1.069501 0.371826 -1.879116 1.567536 -9.349092
0.314000 0.570875 -0.059238 0.347033 -0.807907 1.071053 0.362471 -1.854390 1.535137 -9.361043
0.315000 0.570066 -0.058166 0.347391 -0.809749 1.072572 0.353104 -1.829099 1.502600 -9.372218
0.316000 0.569255 -0.057092 0.347739 -0.811565 1.074058 0.343726 -1.803163 1.469784 -9.382635
0.317000 0.568443 -0.056018 0.348078 -0.813355 1.075511 0.334339 -1.776678 1.436765 -9.392227
0.318000 0.567629 -0.054941 0.348408 -0.815118 1.076931 0.324942 -1.749560 1.403403 -9.401000
0.319000 0.566813 -0.053864 0.348728 -0.816854 1.078318 0.315537 -1.721555 1.369383 -9.409041
0.320000 0.565995 -0.052785 0.349039 -0.818561 1.079670 0.306124 -1.692602 1.334706 -9.416360
0.321000 0.565176 -0.051704 0.349340 -0.820239 1.080987 0.296704 -1.662822 1.299646 -9.422887
0.322000 0.564355 -0.050623 0.349632 -0.821887 1.082269 0.287278 -1.632153 1.264207 -9.428620
0.323000 0.563532 -0.049540 0.349915 -0.823504 1.083516 0.277847 -1.600366 1.228110 -9.433638
0.324000 0.562708 -0.048456 0.350188 -0.825088 1.084726 0.268411 -1.567446 1.191309 -9.437970
0.325000 0.561882 -0.047370 0.350452 -0.826639 1.085898 0.258971 -1.533575 1.154006 -9.441575
0.326000 0.561054 -0.046284 0.350706 -0.828155 1.087034 0.249528 -1.498732 1.116143 -9.444468
0.327000 0.560225 -0.045196 0.350951 -0.829636 1.088131 0.240082 -1.462684 1.077374 -9.446722
0.328000 0.559395 -0.044108 0.351186 -0.831080 1.089188 0.230634 -1.425359 1.037545 -9.448357
0.329000 0.558563 -0.043018 0.351412 -0.832487 1.090206 0.221185 -1.386911 0.996781 -9.449316
0.330000 0.557730 -0.041927 0.351628 -0.833854 1.091182 0.211736 -1.347494 0.955261 -9.449535
0.331000 0.556895 -0.040836 0.351835 -0.835182 1.092116 0.202286 -1.307260 0.913252 -9.448938
0.332000 0.556060 -0.039743 0.352033 -0.836469 1.093008 0.192838 -1.266359 0.871072 -9.447442
0.333000 0.555223 -0.038650 0.352221 -0.837714 1.093858 0.183391 -1.224716 0.828716 -9.445026
0.334000 0.554384 -0.037555 0.352400 -0.838918 1.094666 0.173948 -1.182096 0.785902 -9.441729
0.335000 0.553545 -0.036460 0.352569 -0.840079 1.095430 0.164508 -1.138493 0.742600 -9.437560
0.336000 0.552704 -0.035364 0.352729 -0.841195 1.096151 0.155073 -1.094157 0.699090 -9.432473
0.337000 0.551862 -0.034268 0.352879 -0.842267 1.096828 0.145643 -1.049319 0.655610 -9.426430
0.338000 0.551020 -0.033171 0.353020 -0.843294 1.097462 0.136220 -1.004179 0.612321 -9.419414
0.339000 0.550176 -0.032073 0.353152 -0.844275 1.098053 0.126804 -0.958917 0.569338 -9.411417
0.340000 0.549331 -0.030975 0.353274 -0.845212 1.098601 0.117397 -0.913472 0.526503 -9.402457
0.341000 0.548485 -0.029876 0.353386 -0.846102 1.099106 0.107999 -0.867580 0.483488 -9.392572
0.342000 0.547639 -0.028776 0.353490 -0.846947 1.099568 0.098612 -0.821154 0.440300 -9.381764
0.343000 0.546791 -0.027677 0.353584 -0.847745 1.099987 0.089236 -0.774337 0.397288 -9.369993
0.344000 0.545943 -0.026577 0.353668 -0.848495 1.100363 0.079872 -0.727299 0.354780 -9.357230
0.345000 0.545094 -0.025476 0.353743 -0.849199 1.100696 0.070521 -0.680253 0.313053 -9.343463
0.346000 0.544245 -0.024375 0.353809 -0.849856 1.100989 0.061185 -0.633438 0.272361 -9.328694
0.347000 0.543395 -0.023274 0.353866 -0.850466 1.101241 0.051864 -0.586838 0.232631 -9.312932
0.348000 0.542544 -0.022173 0.353913 -0.851030 1.101454 0.042559 -0.540216 0.193503 -9.296202
0.349000 0.541693 -0.021071 0.353951 -0.851546 1.101628 0.033271 -0.493509 0.154809 -9.278522
0.350000 0.540841 -0.019969 0.353979 -0.852017 1.101764 0.024002 -0.446837 0.116596 -9.259894
0.351000 0.539989 -0.018868 0.353999 -0.852440 1.101861 0.014752 -0.400131 0.078699 -9.240319
0.352000 0.539136 -0.017766 0.354009 -0.852817 1.101921 0.005521 -0.353122 0.040779 -9.219795
0.353000 0.538283 -0.016664 0.354010 -0.853146 1.101943 -0.003688 -0.305713 0.002811 -9.198305
0.354000 0.537430 -0.015562 0.354002 -0.853428 1.101927 -0.012875 -0.258044 -0.034887 -9.175817
0.355000 0.536576 -0.014460 0.353984 -0.853662 1.101873 -0.022040 -0.210276 -0.072008 -9.152308
0.356000 0.535722 -0.013358 0.353957 -0.853849 1.101783 -0.031180 -0.162618 -0.108260 -9.127777
0.357000 0.534868 -0.012256 0.353922 -0.853988 1.101656 -0.040295 -0.115303 -0.143357 -9.102229
0.358000 0.534014 -0.011155 0.353877 -0.854079 1.101496 -0.049384 -0.068312 -0.177350 -9.075661
0.359000 0.533160 -0.010053 0.353823 -0.854124 1.101302 -0.058447 -0.021403 -0.210599 -9.048070
0.360000 0.532306 -0.008952 0.353760 -0.854122 1.101075 -0.067481 0.025490 -0.243298 -9.019481
0.361000 0.531452 -0.007851 0.353688 -0.854073 1.100815 -0.076485 0.072247 -0.275430 -8.989936
0.362000 0.530598 -0.006750 0.353607 -0.853978 1.100524 -0.085460 0.118941 -0.307185 -8.959445
0.363000 0.529744 -0.005650 0.353517 -0.853835 1.100201 -0.094404 0.165832 -0.338902 -8.927991
0.364000 0.528890 -0.004550 0.353418 -0.853646 1.099846 -0.103316 0.212989 -0.370579 -8.895568
0.365000 0.528037 -0.003450 0.353310 -0.853409 1.099460 -0.112196 0.260295 -0.401927 -8.862182
0.366000 0.527184 -0.002351 0.353194 -0.853126 1.099042 -0.121041 0.307816 -0.432936 -8.827812
0.367000 0.526331 -0.001252 0.353068 -0.852794 1.098594 -0.129851 0.355791 -0.463893 -8.792427
0.368000 0.525478 -0.000154 0.352934 -0.852414 1.098114 -0.138626 0.404241 -0.494855 -8.756037
0.369000 0.524626 0.000944 0.352791 -0.851985 1.097604 -0.147363 0.452927 -0.525583 -8.718691
0.370000 0.523774 0.002041 0.352639 -0.851508 1.097063 -0.156063 0.501629 -0.555875 -8.680439
0.371000 0.522923 0.003138 0.352479 -0.850982 1.096492 -0.164724 0.550160 -0.585608 -8.641336
0.372000 0.522072 0.004234 0.352310 -0.850408 1.095892 -0.173346 0.598344 -0.614701 -8.601439
0.373000 0.521222 0.005330 0.352132 -0.849785 1.095263 -0.181927 0.646251 -0.643339 -8.560745
0.374000 0.520372 0.006425 0.351946 -0.849115 1.094605 -0.190467 0.694136 -0.671866 -8.519204
0.375000 0.519524 0.007519 0.351751 -0.848397 1.093919 -0.198965 0.742067 -0.700300 -8.476798
0.376000 0.518676 0.008613 0.351548 -0.847631 1.093205 -0.207421 0.789869 -0.728321 -8.433555
0.377000 0.517828 0.009705 0.351336 -0.846817 1.092463 -0.215832 0.837358 -0.755633 -8.389511
0.378000 0.516982 0.010798 0.351116 -0.845956 1.091693 -0.224200 0.884337 -0.781986 -8.344725
0.379000 0.516136 0.011889 0.350888 -0.845049 1.090899 -0.232522 0.930595 -0.807154 -8.299264
0.380000 0.515292 0.012979 0.350651 -0.844095 1.090079 -0.240798 0.976172 -0.831229 -8.253127
0.381000 0.514448 0.014069 0.350407 -0.843096 1.089236 -0.249028 1.021320 -0.854592 -8.206255
0.382000 0.513606 0.015158 0.350153 -0.842053 1.088370 -0.257211 1.066123 -0.877452 -8.158653
0.383000 0.512764 0.016246 0.349892 -0.840964 1.087481 -0.265345 1.110484 -0.899817 -8.110381
0.384000 0.511924 0.017333 0.349623 -0.839832 1.086570 -0.273432 1.154489 -0.921890 -8.061428
0.385000 0.511085 0.018419 0.349345 -0.838655 1.085637 -0.281468 1.198395 -0.944017 -8.011715
0.386000 0.510246 0.019504 0.349060 -0.837435 1.084682 -0.289455 1.242260 -0.966209 -7.961218
0.387000 0.509410 0.020588 0.348766 -0.836171 1.083705 -0.297391 1.285949 -0.988199 -7.909963
0.388000 0.508574 0.021671 0.348465 -0.834863 1.082706 -0.305275 1.329516 -1.009985 -7.857915
0.389000 0.507740 0.022754 0.348156 -0.833512 1.081685 -0.313107 1.373203 -1.031847 -7.804993
0.390000 0.506907 0.023835 0.347839 -0.832117 1.080642 -0.320885 1.417062 -1.053832 -7.751219
0.391000 0.506076 0.024915 0.347514 -0.830678 1.079577 -0.328609 1.460907 -1.075685 -7.696711
0.392000 0.505246 0.025994 0.347182 -0.829195 1.078491 -0.336278 1.504546 -1.097220 -7.641581
0.393000 0.504417 0.027072 0.346841 -0.827668 1.077383 -0.343892 1.547791 -1.118373 -7.585934
0.394000 0.503590 0.028149 0.346494 -0.826099 1.076254 -0.351450 1.590448 -1.139144 -7.529867
0.395000 0.502765 0.029224 0.346139 -0.824488 1.075105 -0.358952 1.632563 -1.159778 -7.473366
0.396000 0.501941 0.030299 0.345776 -0.822834 1.073935 -0.366397 1.674381 -1.180628 -7.416331
0.397000 0.501119 0.031372 0.345406 -0.821139 1.072743 -0.373785 1.715967 -1.201700 -7.358735
0.398000 0.500299 0.032444 0.345028 -0.819402 1.071531 -0.381114 1.757205 -1.222713 -7.300625
0.399000 0.499481 0.033515 0.344644 -0.817624 1.070298 -0.388386 1.798160 -1.243655 -7.241965
0.400000 0.498664 0.034585 0.344252 -0.815806 1.069044 -0.395598 1.839080 -1.264794 -7.182655
0.401000 0.497849 0.035653 0.343852 -0.813946 1.067768 -0.402751 1.880026 -1.286163 -7.122716
0.402000 0.497036 0.036721 0.343446 -0.812046 1.066471 -0.409844 1.920828 -1.307496 -7.062294
0.403000 0.496225 0.037786 0.343033 -0.810105 1.065153 -0.416876 1.961315 -1.328594 -7.001529
0.404000 0.495416 0.038851 0.342612 -0.808123 1.063814 -0.423847 2.001314 -1.349380 -6.940553
0.405000 0.494609 0.039914 0.342185 -0.806102 1.062455 -0.430757 2.040648 -1.369842 -6.879493
0.406000 0.493804 0.040976 0.341751 -0.804042 1.061075 -0.437606 2.079373 -1.390211 -6.818338
0.407000 0.493001 0.042036 0.341310 -0.801943 1.059674 -0.444394 2.117732 -1.410840 -6.756973
0.408000 0.492200 0.043095 0.340862 -0.799806 1.058253 -0.451120 2.155799 -1.431744 -6.695375
0.409000 0.491401 0.044153 0.340407 -0.797632 1.056811 -0.457784 2.193470 -1.452662 -6.633618
0.410000 0.490604 0.045209 0.339946 -0.795419 1.055348 -0.464387 2.230818 -1.473596 -6.571674
0.411000 0.489810 0.046263 0.339479 -0.793170 1.053863 -0.470928 2.268087 -1.494820 -6.509428
0.412000 0.489018 0.047316 0.339005 -0.790883 1.052358 -0.477406 2.305345 -1.516379 -6.446909
0.413000 0.488228 0.048368 0.338524 -0.788559 1.050831 -0.483821 2.342436 -1.538027 -6.384297
0.414000 0.487441 0.049418 0.338037 -0.786198 1.049282 -0.490174 2.379202 -1.559574 -6.321755
0.415000 0.486656 0.050467 0.337544 -0.783801 1.047712 -0.496465 2.415481 -1.580938 -6.259425
0.416000 0.485873 0.051514 0.337044 -0.781367 1.046120 -0.502693 2.451111 -1.602094 -6.197435
0.417000 0.485093 0.052559 0.336538 -0.778899 1.044507 -0.508860 2.486147 -1.623257 -6.135759
0.418000 0.484316 0.053603 0.336026 -0.776395 1.042874 -0.514965 2.520820 -1.644763 -6.074239
0.419000 0.483540 0.054645 0.335508 -0.773857 1.041218 -0.521008 2.555180 -1.666612 -6.012815
0.420000 0.482768 0.055685 0.334984 -0.771285 1.039540 -0.526990 2.589099 -1.688526 -5.951525
0.421000 0.481998 0.056724 0.334454 -0.768679 1.037841 -0.532911 2.622624 -1.710490 -5.890302
0.422000 0.481231 0.057761 0.333918 -0.766039 1.036119 -0.538771 2.655985 -1.732762 -5.829007
0.423000 0.480466 0.058796 0.333377 -0.763367 1.034375 -0.544569 2.689250 -1.755368 -5.767681
0.424000 0.479704 0.059829 0.332829 -0.760661 1.032609 -0.550306 2.722269 -1.778047 -5.706542
0.425000 0.478944 0.060861 0.332276 -0.757922 1.030819 -0.555982 2.754894 -1.800590 -5.645786
0.426000 0.478188 0.061891 0.331717 -0.755151 1.029007 -0.561598 2.786973 -1.822897 -5.585571
0.427000 0.477434 0.062919 0.331153 -0.752348 1.027173 -0.567154 2.818349 -1.844924 -5.526036
0.428000 0.476683 0.063945 0.330583 -0.749514 1.025318 -0.572650 2.849077 -1.866872 -5.467145
0.429000 0.475935 0.064970 0.330008 -0.746650 1.023440 -0.578088 2.879380 -1.889067 -5.408720
0.430000 0.475190 0.065992 0.329427 -0.743756 1.021539 -0.583467 2.909306 -1.911515 -5.350692
0.431000 0.474448 0.067013 0.328841 -0.740832 1.019617 -0.588789 2.938732 -1.933955 -5.293106
0.432000 0.473708 0.068032 0.328249 -0.737878 1.017671 -0.594054 2.967705 -1.956376 -5.235891
0.433000 0.472972 0.069048 0.327653 -0.734896 1.015704 -0.599261 2.996457 -1.979027 -5.178900
0.434000 0.472238 0.070063 0.327051 -0.731885 1.013713 -0.604412 3.025075 -2.001918 -5.122193
0.435000 0.471508 0.071076 0.326444 -0.728846 1.011700 -0.609505 3.053493 -2.024815 -5.065999
0.436000 0.470781 0.072086 0.325832 -0.725778 1.009664 -0.614544 3.081795 -2.047738 -5.010373
0.437000 0.470057 0.073095 0.325215 -0.722682 1.007605 -0.619526 3.110198 -2.071019 -4.955167
0.438000 0.469335 0.074102 0.324593 -0.719558 1.005522 -0.624454 3.138732 -2.094868 -4.900331
0.439000 0.468617 0.075106 0.323966 -0.716405 1.003415 -0.629327 3.167251 -2.119312 -4.845939
0.440000 0.467903 0.076108 0.323334 -0.713223 1.001283 -0.634146 3.195775 -2.144554 -4.791922
0.441000 0.467191 0.077109 0.322697 -0.710013 0.999126 -0.638911 3.224501 -2.170908 -4.738062
0.442000 0.466483 0.078107 0.322056 -0.706774 0.996941 -0.643622 3.253469 -2.198357 -4.684258
0.443000 0.465777 0.079102 0.321410 -0.703506 0.994729 -0.648279 3.282513 -2.226556 -4.630571
0.444000 0.465076 0.080096 0.320760 -0.700209 0.992488 -0.652883 3.311475 -2.255164 -4.577113
0.445000 0.464377 0.081087 0.320104 -0.696883 0.990219 -0.657433 3.340207 -2.283855 -4.524081
0.446000 0.463682 0.082077 0.319445 -0.693529 0.987921 -0.661931 3.368568 -2.312307 -4.471717
0.447000 0.462990 0.083063 0.318781 -0.690146 0.985594 -0.666377 3.396608 -2.340522 -4.420054
0.448000 0.462302 0.084048 0.318112 -0.686736 0.983239 -0.670771 3.424521 -2.368819 -4.368925
0.449000 0.461616 0.085030 0.317439 -0.683297 0.980856 -0.675115 3.452329 -2.397406 -4.318281
0.450000 0.460935 0.086009 0.316762 -0.679831 0.978445 -0.679408 3.479882 -2.426324 -4.268214
0.451000 0.460257 0.086987 0.316080 -0.676338 0.976004 -0.683651 3.507194 -2.455775 -4.218658
0.452000 0.459582 0.087961 0.315394 -0.672817 0.973533 -0.687845 3.534446 -2.486060 -4.169366
0.453000 0.458911 0.088934 0.314705 -0.669269 0.971032 -0.691990 3.561668 -2.517138 -4.120193
0.454000 0.458244 0.089903 0.314010 -0.665693 0.968499 -0.696086 3.588733 -2.548701 -4.071111
0.455000 0.457580 0.090871 0.313312 -0.662091 0.965934 -0.700132 3.615670 -2.580689 -4.021975
0.456000 0.456920 0.091835 0.312610 -0.658462 0.963337 -0.704129 3.642675 -2.613312 -3.972585
0.457000 0.456263 0.092797 0.311904 -0.654806 0.960708 -0.708077 3.669819 -2.646554 -3.923004
0.458000 0.455610 0.093757 0.311194 -0.651122 0.958044 -0.711975 3.696987 -2.680117 -3.873531
0.459000 0.454961 0.094713 0.310480 -0.647412 0.955347 -0.715824 3.724034 -2.713769 -3.824414
0.460000 0.454315 0.095667 0.309762 -0.643674 0.952617 -0.719624 3.750768 -2.747396 -3.775803
0.461000 0.453673 0.096619 0.309041 -0.639910 0.949853 -0.723376 3.776966 -2.780951 -3.727795
0.462000 0.453035 0.097567 0.308316 -0.636120 0.947055 -0.727080 3.802604 -2.814612 -3.680281
0.463000 0.452401 0.098513 0.307587 -0.632305 0.944223 -0.730737 3.827835 -2.848673 -3.632983
0.464000 0.451771 0.099456 0.306854 -0.628465 0.941358 -0.734346 3.852675 -2.883116 -3.585738
0.465000 0.451144 0.100396 0.306118 -0.624600 0.938457 -0.737908 3.876991 -2.917670 -3.538511
0.466000 0.450521 0.101333 0.305378 -0.620711 0.935522 -0.741423 3.900798 -2.952300 -3.491145
0.467000 0.449903 0.102267 0.304635 -0.616798 0.932553 -0.744890 3.924274 -2.987204 -3.443419
0.468000 0.449288 0.103198 0.303889 -0.612862 0.929548 -0.748310 3.947475 -3.022342 -3.395381
0.469000 0.448677 0.104126 0.303139 -0.608903 0.926508 -0.751681 3.970322 -3.057431 -3.347290
0.470000 0.448070 0.105051 0.302385 -0.604922 0.923433 -0.755004 3.992859 -3.092436 -3.299193
0.471000 0.447467 0.105973 0.301629 -0.600918 0.920323 -0.758279 4.015240 -3.127627 -3.250886
0.472000 0.446868 0.106891 0.300869 -0.596891 0.917178 -0.761506 4.037433 -3.163155 -3.202268
0.473000 0.446273 0.107807 0.300106 -0.592843 0.913997 -0.764684 4.059204 -3.198940 -3.153416
0.474000 0.445683 0.108719 0.299339 -0.588773 0.910780 -0.767813 4.080343 -3.234850 -3.104387
0.475000 0.445096 0.109628 0.298570 -0.584682 0.907527 -0.770893 4.100682 -3.270658 -3.055203
0.476000 0.444513 0.110534 0.297798 -0.580571 0.904238 -0.773923 4.120072 -3.306082 -3.005867
0.477000 0.443935 0.111437 0.297022 -0.576442 0.900915 -0.776904 4.138543 -3.341106 -2.956215
0.478000 0.443360 0.112336 0.296244 -0.572294 0.897556 -0.779836 4.156269 -3.375926 -2.906009
0.479000 0.442790 0.113232 0.295462 -0.568129 0.894163 -0.782716 4.173318 -3.410495 -2.855293
0.480000 0.442224 0.114124 0.294678 -0.563948 0.890735 -0.785546 4.189634 -3.444532 -2.804324
0.481000 0.441662 0.115014 0.293891 -0.559750 0.887274 -0.788325 4.205273 -3.477993 -2.753146
0.482000 0.441105 0.115899 0.293102 -0.555537 0.883779 -0.791053 4.220386 -3.511122 -2.701554
0.483000 0.440551 0.116781 0.292309 -0.551309 0.880252 -0.793728 4.234950 -3.544036 -2.649464
0.484000 0.440002 0.117660 0.291514 -0.547067 0.876691 -0.796352 4.248790 -3.576677 -2.596957
0.485000 0.439457 0.118534 0.290717 -0.542812 0.873098 -0.798922 4.261874 -3.609159 -2.543930
0.486000 0.438916 0.119406 0.289916 -0.538543 0.869473 -0.801439 4.274326 -3.641744 -2.490086
0.487000 0.438380 0.120273 0.289114 -0.534263 0.865815 -0.803902 4.286151 -3.674445 -2.435249
0.488000 0.437848 0.121137 0.288309 -0.529971 0.862124 -0.806310 4.297227 -3.707053 -2.379384
0.489000 0.437320 0.121998 0.287501 -0.525669 0.858401 -0.808661 4.307562 -3.739567 -2.322323
0.490000 0.436796 0.122854 0.286691 -0.521356 0.854645 -0.810955 4.317324 -3.772194 -2.263829
0.491000 0.436277 0.123707 0.285879 -0.517034 0.850856 -0.813189 4.326609 -3.804925 -2.203967
0.492000 0.435762 0.124556 0.285065 -0.512703 0.847035 -0.815362 4.335380 -3.837491 -2.143074
0.493000 0.435252 0.125401 0.284248 -0.508363 0.843181 -0.817475 4.343562 -3.869653 -2.081430
0.494000 0.434746 0.126242 0.283430 -0.504016 0.839296 -0.819525 4.351017 -3.901231 -2.019201
0.495000 0.434244 0.127080 0.282609 -0.499661 0.835379 -0.821513 4.357566 -3.932075 -1.956494
0.496000 0.433746 0.127913 0.281787 -0.495301 0.831432 -0.823438 4.363185 -3.962264 -1.893189
0.497000 0.433253 0.128742 0.280962 -0.490935 0.827454 -0.825300 4.367990 -3.992050 -1.828983
0.498000 0.432764 0.129568 0.280136 -0.486565 0.823447 -0.827096 4.371998 -4.021481 -1.763727
0.499000 0.432280 0.130389 0.279308 -0.482191 0.819411 -0.828827 4.375107 -4.050410 -1.697431
0.500000 0.431800 0.131207 0.278479 -0.477814 0.815347 -0.830491 4.377330 -4.078875 -1.629958
0.501000 0.431324 0.132020 0.277647 -0.473436 0.811254 -0.832087 4.378820 -4.107103 -1.561079
0.502000 0.430853 0.132829 0.276814 -0.469057 0.807132 -0.833613 4.379655 -4.135123 -1.490866
0.503000 0.430386 0.133634 0.275980 -0.464677 0.802983 -0.835069 4.379817 -4.162774 -1.419630
0.504000 0.429924 0.134435 0.275144 -0.460297 0.798807 -0.836453 4.379377 -4.190079 -1.347445
0.505000 0.429466 0.135232 0.274307 -0.455918 0.794603 -0.837764 4.378470 -4.217260 -1.274109
0.506000 0.429012 0.136024 0.273469 -0.451540 0.790372 -0.839001 4.377083 -4.244355 -1.199550
0.507000 0.428563 0.136813 0.272629 -0.447164 0.786115 -0.840163 4.375057 -4.271178 -1.123910
0.508000 0.428118 0.137597 0.271788 -0.442790 0.781830 -0.841249 4.372255 -4.297565 -1.047304
0.509000 0.427677 0.138376 0.270947 -0.438419 0.777519 -0.842257 4.368580 -4.323393 -0.969800
0.510000 0.427241 0.139152 0.270104 -0.434053 0.773183 -0.843188 4.363955 -4.348559 -0.891440
0.511000 0.426809 0.139923 0.269260 -0.429691 0.768822 -0.844040 4.358428 -4.373163 -0.812071
0.512000 0.426381 0.140689 0.268416 -0.425336 0.764437 -0.844812 4.352156 -4.397446 -0.731465
0.513000 0.425958 0.141452 0.267571 -0.420987 0.760027 -0.845503 4.345225 -4.421451 -0.649704
0.514000 0.425539 0.142209 0.266725 -0.416646 0.755594 -0.846112 4.337641 -4.445039 -0.567121
0.515000 0.425125 0.142963 0.265878 -0.412312 0.751137 -0.846637 4.329479 -4.468240 -0.483807
0.516000 0.424715 0.143712 0.265032 -0.407987 0.746658 -0.847079 4.320868 -4.491258 -0.399568
0.517000 0.424309 0.144456 0.264184 -0.403670 0.742155 -0.847437 4.311805 -4.514116 -0.314352
0.518000 0.423908 0.145196 0.263337 -0.399363 0.737629 -0.847708 4.302177 -4.536656 -0.228284
0.519000 0.423510 0.145931 0.262489 -0.395066 0.733081 -0.847893 4.291970 -4.558898 -0.141294
0.520000 0.423117 0.146662 0.261641 -0.390779 0.728512 -0.847991 4.281284 -4.581069 -0.053098
0.521000 0.422729 0.147388 0.260793 -0.386503 0.723919 -0.847999 4.270147 -4.603277 0.036448
0.522000 0.422344 0.148110 0.259945 -0.382239 0.719305 -0.847918 4.258495 -4.625481 0.127317
0.523000 0.421964 0.148827 0.259097 -0.377986 0.714668 -0.847745 4.246355 -4.647785 0.219643
0.524000 0.421588 0.149539 0.258249 -0.373746 0.710009 -0.847478 4.233874 -4.670428 0.313649
0.525000 0.421217 0.150247 0.257402 -0.369518 0.705328 -0.847117 4.221165 -4.693480 0.409251
0.526000 0.420849 0.150950 0.256555 -0.365304 0.700622 -0.846660 4.208263 -4.716808 0.506075
0.527000 0.420486 0.151648 0.255709 -0.361102 0.695894 -0.846105 4.195152 -4.740254 0.603803
0.528000 0.420127 0.152342 0.254863 -0.356913 0.691142 -0.845452 4.181739 -4.763628 0.702224
0.529000 0.419772 0.153031 0.254018 -0.352738 0.686367 -0.844701 4.167881 -4.786716 0.801188
0.530000 0.419422 0.153714 0.253174 -0.348578 0.681568 -0.843850 4.153547 -4.809517 0.900787
0.531000 0.419075 0.154394 0.252330 -0.344431 0.676748 -0.842899 4.138814 -4.832240 1.001314
0.532000 0.418733 0.155068 0.251488 -0.340300 0.671904 -0.841847 4.123689 -4.854994 1.102906
0.533000 0.418395 0.155737 0.250646 -0.336184 0.667038 -0.840693 4.108100 -4.877756 1.205535
0.534000 0.418060 0.156402 0.249806 -0.332084 0.662149 -0.839436 4.092054 -4.900632 1.309329
0.535000 0.417730 0.157062 0.248968 -0.328000 0.657236 -0.838075 4.075676 -4.923841 1.414513
0.536000 0.417404 0.157717 0.248130 -0.323932 0.652301 -0.836607 4.059061 -4.947431 1.521021
0.537000 0.417083 0.158366 0.247294 -0.319882 0.647342 -0.835033 4.042256 -4.971291 1.628547
0.538000 0.416765 0.159011 0.246460 -0.315848 0.642358 -0.833350 4.025349 -4.995456 1.737019
0.539000 0.416451 0.159651 0.245628 -0.311831 0.637351 -0.831559 4.008447 -5.020095 1.846638
0.540000 0.416141 0.160286 0.244797 -0.307831 0.632318 -0.829657 3.991536 -5.045206 1.957469
0.541000 0.415835 0.160916 0.243968 -0.303848 0.627260 -0.827644 3.974492 -5.070596 2.069364
0.542000 0.415533 0.161540 0.243142 -0.299882 0.622177 -0.825518 3.957206 -5.096098 2.182185
0.543000 0.415235 0.162160 0.242317 -0.295934 0.617068 -0.823279 3.939595 -5.121601 2.295827
0.544000 0.414941 0.162775 0.241495 -0.292003 0.611934 -0.820927 3.921588 -5.147025 2.410195
0.545000 0.414651 0.163384 0.240675 -0.288090 0.606774 -0.818459 3.903205 -5.172450 2.525400
0.546000 0.414365 0.163988 0.239858 -0.284196 0.601589 -0.815876 3.884557 -5.198071 2.641659
0.547000 0.414083 0.164587 0.239044 -0.280321 0.596378 -0.813176 3.865725 -5.223936 2.758910
0.548000 0.413805 0.165181 0.238232 -0.276465 0.591141 -0.810358 3.846748 -5.249948 2.876858
0.549000 0.413530 0.165769 0.237423 -0.272628 0.585878 -0.807422 3.827701 -5.276140 2.995436
0.550000 0.413259 0.166353 0.236617 -0.268810 0.580589 -0.804367 3.808678 -5.302656 3.114838
0.551000 0.412992 0.166931 0.235814 -0.265010 0.575273 -0.801192 3.789677 -5.329469 3.235135
0.552000 0.412729 0.167503 0.235015 -0.261230 0.569930 -0.797897 3.770603 -5.356366 3.356182
0.553000 0.412470 0.168070 0.234218 -0.257469 0.564560 -0.794480 3.751365 -5.383171 3.477853
0.554000 0.412214 0.168632 0.233426 -0.253728 0.559163 -0.790941 3.731884 -5.409779 3.600045
0.555000 0.411963 0.169189 0.232637 -0.250005 0.553740 -0.787280 3.712087 -5.436122 3.722671
0.556000 0.411714 0.169740 0.231851 -0.246303 0.548291 -0.783496 3.691979 -5.462279 3.845837
0.557000 0.411470 0.170285 0.231070 -0.242621 0.542816 -0.779588 3.671649 -5.488430 3.969759
0.558000 0.411229 0.170825 0.230292 -0.238960 0.537314 -0.775556 3.651168 -5.514617 4.094391
0.559000 0.410992 0.171360 0.229518 -0.235319 0.531787 -0.771399 3.630564 -5.540757 4.219472
0.560000 0.410759 0.171889 0.228749 -0.231699 0.526233 -0.767117 3.609903 -5.566873 4.344945
0.561000 0.410529 0.172412 0.227984 -0.228099 0.520653 -0.762709 3.589257 -5.593086 4.470978
0.562000 0.410302 0.172930 0.227224 -0.224520 0.515047 -0.758175 3.568611 -5.619337 4.597578
0.563000 0.410080 0.173443 0.226468 -0.220962 0.509414 -0.753514 3.547881 -5.645419 4.724568
0.564000 0.409860 0.173949 0.225717 -0.217425 0.503756 -0.748726 3.527043 -5.671270 4.851957
0.565000 0.409645 0.174450 0.224970 -0.213908 0.498072 -0.743810 3.506145 -5.697015 4.979966
0.566000 0.409433 0.174945 0.224229 -0.210412 0.492362 -0.738766 3.485206 -5.722726 5.108690
0.567000 0.409224 0.175435 0.223493 -0.206938 0.486626 -0.733593 3.464185 -5.748348 5.238022
0.568000 0.409019 0.175919 0.222762 -0.203484 0.480865 -0.728290 3.443055 -5.773812 5.367796
0.569000 0.408817 0.176396 0.222036 -0.200052 0.475078 -0.722857 3.421819 -5.799029 5.497750
0.570000 0.408619 0.176869 0.221316 -0.196640 0.469267 -0.717295 3.400490 -5.823895 5.627567
0.571000 0.408424 0.177335 0.220602 -0.193251 0.463431 -0.711602 3.379121 -5.848431 5.757166
0.572000 0.408232 0.177796 0.219893 -0.189882 0.457570 -0.705780 3.357770 -5.872733 5.886680
0.573000 0.408044 0.178250 0.219190 -0.186535 0.451685 -0.699829 3.336410 -5.896739 6.016089
0.574000 0.407859 0.178699 0.218493 -0.183209 0.445777 -0.693748 3.314953 -5.920246 6.145194
0.575000 0.407677 0.179142 0.217803 -0.179905 0.439845 -0.687539 3.293366 -5.943184 6.273970
0.576000 0.407499 0.179579 0.217118 -0.176623 0.433890 -0.681200 3.271681 -5.965660 6.402591
0.577000 0.407324 0.180009 0.216440 -0.173362 0.427913 -0.674733 3.249908 -5.987734 6.531094
0.578000 0.407153 0.180434 0.215769 -0.170123 0.421915 -0.668138 3.228012 -6.009385 6.659358
0.579000 0.406984 0.180853 0.215104 -0.166906 0.415895 -0.661415 3.206001 -6.030672 6.787404
0.580000 0.406819 0.181266 0.214446 -0.163711 0.409853 -0.654563 3.183938 -6.051728 6.915371
0.581000 0.406657 0.181673 0.213795 -0.160538 0.403791 -0.647584 3.161871 -6.072576 7.043172
0.582000 0.406498 0.182074 0.213151 -0.157387 0.397708 -0.640477 3.139822 -6.093136 7.170523
0.583000 0.406342 0.182468 0.212514 -0.154258 0.391605 -0.633243 3.117834 -6.113413 7.297322
0.584000 0.406189 0.182857 0.211884 -0.151151 0.385481 -0.625882 3.095957 -6.133465 7.423659
0.585000 0.406040 0.183239 0.211262 -0.148066 0.379338 -0.618396 3.074179 -6.153186 7.549463
0.586000 0.405893 0.183616 0.210648 -0.145003 0.373175 -0.610783 3.052435 -6.172318 7.674453
0.587000 0.405750 0.183986 0.210041 -0.141961 0.366993 -0.603047 3.030662 -6.190645 7.798356
0.588000 0.405609 0.184350 0.209441 -0.138942 0.360794 -0.595187 3.008812 -6.208039 7.920921
0.589000 0.405472 0.184707 0.208850 -0.135944 0.354577 -0.587205 2.986841 -6.224416 8.041909
0.590000 0.405337 0.185059 0.208267 -0.132968 0.348345 -0.579103 2.964752 -6.239798 8.161269
0.591000 0.405206 0.185404 0.207692 -0.130014 0.342098 -0.570882 2.942593 -6.254284 8.279089
0.592000 0.405077 0.185743 0.207125 -0.127083 0.335836 -0.562545 2.920408 -6.267882 8.395278
0.593000 0.404952 0.186076 0.206567 -0.124173 0.329562 -0.554092 2.898220 -6.280516 8.509574
0.594000 0.404829 0.186402 0.206017 -0.121286 0.323275 -0.545525 2.876064 -6.292178 8.621867
0.595000 0.404709 0.186722 0.205476 -0.118421 0.316978 -0.536848 2.853969 -6.302910 8.732203
0.596000 0.404592 0.187036 0.204943 -0.115578 0.310670 -0.528061 2.831893 -6.312622 8.840458
0.597000 0.404478 0.187344 0.204420 -0.112758 0.304352 -0.519167 2.809747 -6.321110 8.946334
0.598000 0.404366 0.187645 0.203905 -0.109959 0.298027 -0.510168 2.787483 -6.328274 9.049693
0.599000 0.404258 0.187940 0.203399 -0.107183 0.291696 -0.501068 2.765106 -6.334154 9.150566
0.600000 0.404152 0.188228 0.202903 -0.104429 0.285359 -0.491867 2.742611 -6.338755 9.248845
0.601000 0.404049 0.188510 0.202416 -0.101697 0.279018 -0.482570 2.719959 -6.342002 9.344226
0.602000 0.403949 0.188786 0.201938 -0.098989 0.272675 -0.473179 2.697119 -6.343814 9.436389
0.603000 0.403851 0.189056 0.201469 -0.096303 0.266331 -0.463697 2.674070 -6.344102 9.524989
0.604000 0.403756 0.189319 0.201010 -0.093641 0.259987 -0.454129 2.650799 -6.342772 9.609662
0.605000 0.403664 0.189576 0.200561 -0.091002 0.253645 -0.444478 2.627314 -6.339801 9.690233
0.606000 0.403574 0.189826 0.200121 -0.088386 0.247307 -0.434748 2.603622 -6.335197 9.766681
0.607000 0.403487 0.190070 0.199692 -0.085794 0.240975 -0.424944 2.579679 -6.328827 9.838833
0.608000 0.403402 0.190308 0.199272 -0.083227 0.234650 -0.415071 2.555400 -6.320455 9.906361
0.609000 0.403321 0.190540 0.198861 -0.080683 0.228334 -0.405132 2.530735 -6.309940 9.969078
0.610000 0.403241 0.190765 0.198461 -0.078165 0.222030 -0.395133 2.505681 -6.297273 10.026943
0.611000 0.403164 0.190984 0.198071 -0.075672 0.215739 -0.385078 2.480232 -6.282420 10.079776
0.612000 0.403090 0.191196 0.197691 -0.073205 0.209465 -0.374973 2.454360 -6.265288 10.127241
0.613000 0.403018 0.191403 0.197321 -0.070763 0.203209 -0.364823 2.428057 -6.245838 10.169141
0.614000 0.402948 0.191603 0.196961 -0.068349 0.196973 -0.354635 2.401344 -6.224078 10.205417
0.615000 0.402881 0.191797 0.196612 -0.065961 0.190760 -0.344413 2.374231 -6.199931 10.235874
0.616000 0.402816 0.191984 0.196273 -0.063600 0.184573 -0.334163 2.346717 -6.173248 10.260173
0.617000 0.402754 0.192166 0.195944 -0.061267 0.178414 -0.323892 2.318807 -6.143933 10.278102
0.618000 0.402694 0.192341 0.195625 -0.058963 0.172285 -0.313607 2.290500 -6.111930 10.289573
0.619000 0.402636 0.192510 0.195316 -0.056686 0.166190 -0.303313 2.261750 -6.077061 10.294352
0.620000 0.402580 0.192673 0.195018 -0.054439 0.160131 -0.293018 2.232470 -6.039037 10.292026
0.621000 0.402527 0.192831 0.194730 -0.052221 0.154112 -0.282729 2.202572 -5.997615 10.282172
0.622000 0.402476 0.192982 0.194453 -0.050034 0.148136 -0.272454 2.171966 -5.952636 10.264357
0.623000 0.402427 0.193127 0.194185 -0.047877 0.142207 -0.262200 2.140558 -5.903988 10.238137
0.624000 0.402380 0.193266 0.193928 -0.045753 0.136328 -0.251977 2.108292 -5.851621 10.203234
0.625000 0.402336 0.193399 0.193682 -0.043661 0.130504 -0.241794 2.075162 -5.795517 10.159523
0.626000 0.402293 0.193527 0.193445 -0.041602 0.124737 -0.231658 2.041180 -5.735590 10.106774
0.627000 0.402252 0.193649 0.193218 -0.039578 0.119032 -0.221580 2.006354 -5.671694 10.044643
0.628000 0.402214 0.193765 0.193002 -0.037590 0.113394 -0.211569 1.970690 -5.603723 9.972884
0.629000 0.402177 0.193876 0.192795 -0.035637 0.107825 -0.201635 1.934175 -5.531598 9.891353
0.630000 0.402142 0.193981 0.192598 -0.033721 0.102330 -0.191786 1.896741 -5.455133 9.799763
0.631000 0.402110 0.194080 0.192411 -0.031844 0.096915 -0.182035 1.858287 -5.374056 9.697695
0.632000 0.402079 0.194175 0.192234 -0.030005 0.091582 -0.172391 1.818738 -5.288171 9.584840
0.633000 0.402050 0.194264 0.192067 -0.028206 0.086338 -0.162865 1.778064 -5.197387 9.461004
0.634000 0.402022 0.194347 0.191909 -0.026449 0.081188 -0.153469 1.736236 -5.101595 9.325862
0.635000 0.401997 0.194426 0.191760 -0.024734 0.076135 -0.144214 1.693210 -5.000624 9.178929
0.636000 0.401973 0.194500 0.191620 -0.023062 0.071186 -0.135111 1.648937 -4.894304 9.019728
0.637000 0.401951 0.194568 0.191490 -0.021436 0.066347 -0.126174 1.603371 -4.782454 8.847803
0.638000 0.401930 0.194632 0.191368 -0.019856 0.061621 -0.117416 1.556461 -4.664894 8.662708
0.639000 0.401911 0.194692 0.191255 -0.018323 0.057017 -0.108849 1.508172 -4.541488 8.464126
0.640000 0.401893 0.194746 0.191150 -0.016839 0.052538 -0.100487 1.458471 -4.412123 8.251842
0.641000 0.401877 0.194797 0.191054 -0.015406 0.048192 -0.092345 1.407295 -4.276583 8.025522
0.642000 0.401863 0.194843 0.190965 -0.014025 0.043985 -0.084436 1.354558 -4.134580 7.784717
0.643000 0.401849 0.194885 0.190885 -0.012697 0.039923 -0.076776 1.300196 -3.985892 7.529077
0.644000 0.401837 0.194923 0.190812 -0.011424 0.036013 -0.069378 1.244170 -3.830398 7.258355
0.645000 0.401826 0.194957 0.190746 -0.010208 0.032263 -0.062259 1.186436 -3.667965 6.972188
0.646000 0.401817 0.194987 0.190687 -0.009051 0.028678 -0.055434 1.126935 -3.498421 6.670096
0.647000 0.401808 0.195014 0.190635 -0.007955 0.025266 -0.048919 1.065626 -3.321634 6.351704
0.648000 0.401801 0.195038 0.190590 -0.006920 0.022034 -0.042730 1.002485 -3.137507 6.016758
0.649000 0.401794 0.195058 0.190550 -0.005950 0.018991 -0.036885 0.937491 -2.945901 5.664918
0.650000 0.401789 0.195076 0.190516 -0.005045 0.016142 -0.031400 0.870612 -2.746618 5.295724
0.651000 0.401784 0.195090 0.190487 -0.004208 0.013497 -0.026294 0.801810 -2.539442 4.908709
0.652000 0.401781 0.195103 0.190463 -0.003441 0.011064 -0.021583 0.731026 -2.324121 4.503402
0.653000 0.401777 0.195112 0.190444 -0.002746 0.008849 -0.017287 0.658196 -2.100386 4.079328
0.654000 0.401775 0.195120 0.190429 -0.002125 0.006863 -0.013424 0.310631 -0.993191 1.931271
0.655000 0.401773 0.195126 0.190417 -0.002125 0.006863 -0.013424 0.310631 -0.993191 1.931271
