0.000000 0.672515 -0.189517 0.137900 -0.004440 0.002855 0.025265 -0.265539 0.111018 0.812608
0.001000 0.672511 -0.189514 0.137924 -0.004440 0.002855 0.025265 -0.265539 0.111018 0.812608
0.002000 0.672506 -0.189511 0.137950 -0.004971 0.003077 0.026890 -0.540634 0.225526 1.648326
0.003000 0.672501 -0.189508 0.137978 -0.005521 0.003306 0.028562 -0.559901 0.232551 1.694681
0.004000 0.672495 -0.189504 0.138007 -0.006091 0.003542 0.030280 -0.579478 0.239659 1.741276
0.005000 0.672489 -0.189501 0.138038 -0.006680 0.003786 0.032044 -0.599361 0.246849 1.788057
0.006000 0.672482 -0.189497 0.138071 -0.007289 0.004036 0.033856 -0.619554 0.254117 1.834984
0.007000 0.672474 -0.189493 0.138106 -0.007919 0.004294 0.035714 -0.640076 0.261458 1.882021
0.008000 0.672466 -0.189488 0.138143 -0.008569 0.004559 0.037620 -0.660953 0.268868 1.929136
0.009000 0.672457 -0.189484 0.138181 -0.009241 0.004832 0.039572 -0.682202 0.276344 1.976293
0.010000 0.672447 -0.189479 0.138222 -0.009934 0.005112 0.041572 -0.703826 0.283881 2.023454
0.011000 0.672437 -0.189473 0.138265 -0.010649 0.005399 0.043619 -0.725815 0.291474 2.070579
0.012000 0.672426 -0.189468 0.138309 -0.011385 0.005695 0.045714 -0.748162 0.299117 2.117629
0.013000 0.672414 -0.189462 0.138356 -0.012145 0.005998 0.047855 -0.770866 0.306805 2.164570
0.014000 0.672402 -0.189456 0.138405 -0.012927 0.006308 0.050043 -0.793942 0.314534 2.211383
0.015000 0.672388 -0.189449 0.138456 -0.013733 0.006627 0.052277 -0.817411 0.322296 2.258053
0.016000 0.672374 -0.189443 0.138509 -0.014562 0.006953 0.054559 -0.841286 0.330087 2.304559
0.017000 0.672359 -0.189435 0.138565 -0.015415 0.007287 0.056887 -0.865563 0.337910 2.350868
0.018000 0.672343 -0.189428 0.138623 -0.016293 0.007629 0.059260 -0.890230 0.345785 2.396953
0.019000 0.672327 -0.189420 0.138684 -0.017196 0.007978 0.061680 -0.915270 0.353738 2.442791
0.020000 0.672309 -0.189412 0.138747 -0.018124 0.008336 0.064146 -0.940670 0.361787 2.488352
0.021000 0.672290 -0.189403 0.138812 -0.019077 0.008702 0.066657 -0.966422 0.369935 2.533606
0.022000 0.672271 -0.189395 0.138880 -0.020056 0.009076 0.069213 -0.992533 0.378174 2.578541
0.023000 0.672250 -0.189385 0.138950 -0.021062 0.009458 0.071814 -1.019020 0.386498 2.623162
0.024000 0.672229 -0.189376 0.139024 -0.022095 0.009849 0.074460 -1.045887 0.394908 2.667472
0.025000 0.672206 -0.189366 0.139099 -0.023154 0.010248 0.077149 -1.073123 0.403420 2.711471
0.026000 0.672182 -0.189355 0.139178 -0.024241 0.010656 0.079883 -1.100708 0.412058 2.755158
0.027000 0.672158 -0.189344 0.139259 -0.025355 0.011072 0.082659 -1.128620 0.420838 2.798509
0.028000 0.672132 -0.189333 0.139343 -0.026498 0.011497 0.085480 -1.156833 0.429771 2.841486
0.029000 0.672105 -0.189321 0.139430 -0.027669 0.011932 0.088342 -1.185323 0.438873 2.884063
0.030000 0.672076 -0.189309 0.139520 -0.028869 0.012375 0.091248 -1.214063 0.448166 2.926222
0.031000 0.672047 -0.189297 0.139613 -0.030097 0.012828 0.094195 -1.243026 0.457664 2.967929
0.032000 0.672016 -0.189283 0.139708 -0.031355 0.013291 0.097184 -1.272182 0.467365 3.009136
0.033000 0.671984 -0.189270 0.139807 -0.032642 0.013763 0.100213 -1.301503 0.477259 3.049804
0.034000 0.671951 -0.189256 0.139909 -0.033958 0.014245 0.103283 -1.330956 0.487331 3.089903
0.035000 0.671916 -0.189241 0.140013 -0.035303 0.014737 0.106393 -1.360511 0.497571 3.129391
0.036000 0.671880 -0.189226 0.140121 -0.036679 0.015240 0.109542 -1.390145 0.507973 3.168218
0.037000 0.671843 -0.189211 0.140233 -0.038084 0.015753 0.112729 -1.419847 0.518549 3.206356
0.038000 0.671804 -0.189195 0.140347 -0.039518 0.016277 0.115955 -1.449618 0.529318 3.243806
0.039000 0.671764 -0.189178 0.140464 -0.040983 0.016812 0.119217 -1.479467 0.540288 3.280563
0.040000 0.671722 -0.189161 0.140585 -0.042477 0.017358 0.122516 -1.509415 0.551455 3.316619
0.041000 0.671679 -0.189144 0.140709 -0.044002 0.017915 0.125850 -1.539492 0.562803 3.351963
0.042000 0.671634 -0.189126 0.140837 -0.045556 0.018483 0.129220 -1.569706 0.574318 3.386559
0.043000 0.671588 -0.189107 0.140968 -0.047141 0.019064 0.132623 -1.600035 0.586004 3.420353
0.044000 0.671540 -0.189087 0.141102 -0.048756 0.019655 0.136060 -1.630437 0.597892 3.453325
0.045000 0.671490 -0.189067 0.141240 -0.050402 0.020259 0.139530 -1.660865 0.610033 3.485478
0.046000 0.671439 -0.189047 0.141381 -0.052078 0.020876 0.143031 -1.691273 0.622460 3.516792
0.047000 0.671386 -0.189026 0.141526 -0.053785 0.021504 0.146564 -1.721634 0.635183 3.547230
0.048000 0.671331 -0.189004 0.141674 -0.055521 0.022146 0.150126 -1.751944 0.648210 3.576811
0.049000 0.671275 -0.188981 0.141826 -0.057289 0.022801 0.153717 -1.782222 0.661554 3.605604
0.050000 0.671217 -0.188958 0.141982 -0.059086 0.023469 0.157337 -1.812474 0.675219 3.633663
0.051000 0.671157 -0.188934 0.142141 -0.060913 0.024151 0.160985 -1.842687 0.689191 3.661026
0.052000 0.671095 -0.188910 0.142304 -0.062771 0.024847 0.164659 -1.872842 0.703450 3.687718
0.053000 0.671031 -0.188885 0.142470 -0.064659 0.025558 0.168360 -1.902904 0.717973 3.713717
0.054000 0.670966 -0.188859 0.142641 -0.066577 0.026283 0.172087 -1.932832 0.732746 3.738961
0.055000 0.670898 -0.188832 0.142815 -0.068525 0.027024 0.175838 -1.962589 0.747770 3.763422
0.056000 0.670829 -0.188805 0.142992 -0.070502 0.027779 0.179613 -1.992144 0.763051 3.787099
0.057000 0.670757 -0.188777 0.143174 -0.072509 0.028550 0.183412 -2.021458 0.778592 3.809958
0.058000 0.670684 -0.188748 0.143359 -0.074545 0.029336 0.187233 -2.050491 0.794385 3.831946
0.059000 0.670608 -0.188718 0.143548 -0.076610 0.030138 0.191076 -2.079226 0.810428 3.853068
0.060000 0.670530 -0.188687 0.143741 -0.078704 0.030957 0.194939 -2.107655 0.826728 3.873379
0.061000 0.670451 -0.188656 0.143938 -0.080825 0.031792 0.198823 -2.135757 0.843281 3.892880
0.062000 0.670369 -0.188624 0.144139 -0.082975 0.032643 0.202725 -2.163497 0.860078 3.911523
0.063000 0.670285 -0.188591 0.144344 -0.085152 0.033512 0.206646 -2.190847 0.877114 3.929303
0.064000 0.670199 -0.188557 0.144552 -0.087357 0.034398 0.210584 -2.217794 0.894391 3.946257
0.065000 0.670110 -0.188522 0.144765 -0.089588 0.035301 0.214538 -2.244311 0.911904 3.962373
0.066000 0.670019 -0.188486 0.144981 -0.091845 0.036222 0.218509 -2.270361 0.929649 3.977587
0.067000 0.669926 -0.188450 0.145202 -0.094129 0.037160 0.222493 -2.295936 0.947646 3.991876
0.068000 0.669831 -0.188412 0.145426 -0.096437 0.038117 0.226492 -2.321053 0.965928 4.005283
0.069000 0.669733 -0.188373 0.145655 -0.098771 0.039092 0.230504 -2.345727 0.984532 4.017867
0.070000 0.669634 -0.188334 0.145887 -0.101129 0.040086 0.234528 -2.369968 1.003490 4.029733
0.071000 0.669531 -0.188293 0.146124 -0.103511 0.041099 0.238564 -2.393787 1.022836 4.041007
0.072000 0.669427 -0.188252 0.146364 -0.105916 0.042132 0.242610 -2.417167 1.042583 4.051726
0.073000 0.669319 -0.188209 0.146609 -0.108345 0.043184 0.246667 -2.440078 1.062721 4.061840
0.074000 0.669210 -0.188165 0.146858 -0.110796 0.044257 0.250734 -2.462522 1.083237 4.071330
0.075000 0.669098 -0.188120 0.147110 -0.113270 0.045351 0.254810 -2.484530 1.104123 4.080227
0.076000 0.668983 -0.188074 0.147367 -0.115766 0.046465 0.258894 -2.506098 1.125364 4.088503
0.077000 0.668866 -0.188027 0.147628 -0.118282 0.047601 0.262987 -2.527186 1.146945 4.096081
0.078000 0.668747 -0.187979 0.147893 -0.120820 0.048759 0.267086 -2.547765 1.168873 4.102950
0.079000 0.668625 -0.187930 0.148162 -0.123378 0.049939 0.271193 -2.567828 1.191172 4.109176
0.080000 0.668500 -0.187879 0.148436 -0.125956 0.051141 0.275305 -2.587383 1.213854 4.114838
0.081000 0.668373 -0.187828 0.148713 -0.128553 0.052367 0.279422 -2.606467 1.236917 4.120043
0.082000 0.668243 -0.187775 0.148995 -0.131168 0.053615 0.283545 -2.625131 1.260346 4.124910
0.083000 0.668110 -0.187720 0.149280 -0.133803 0.054887 0.287672 -2.643383 1.284118 4.129462
0.084000 0.667975 -0.187665 0.149570 -0.136455 0.056184 0.291804 -2.661184 1.308199 4.133634
0.085000 0.667837 -0.187608 0.149864 -0.139125 0.057504 0.295939 -2.678515 1.332564 4.137419
0.086000 0.667697 -0.187550 0.150162 -0.141812 0.058849 0.300079 -2.695377 1.357190 4.140868
0.087000 0.667554 -0.187490 0.150464 -0.144516 0.060218 0.304221 -2.711742 1.382050 4.143963
0.088000 0.667408 -0.187429 0.150770 -0.147236 0.061613 0.308366 -2.727564 1.407116 4.146602
0.089000 0.667259 -0.187367 0.151081 -0.149971 0.063032 0.312514 -2.742834 1.432383 4.148734
0.090000 0.667108 -0.187303 0.151395 -0.152721 0.064478 0.316664 -2.757577 1.457856 4.150361
0.091000 0.666954 -0.187238 0.151714 -0.155486 0.065948 0.320815 -2.771783 1.483529 4.151432
0.092000 0.666797 -0.187171 0.152037 -0.158265 0.067445 0.324967 -2.785416 1.509377 4.151869
0.093000 0.666637 -0.187103 0.152364 -0.161057 0.068967 0.329119 -2.798482 1.535392 4.151731
0.094000 0.666475 -0.187034 0.152695 -0.163862 0.070515 0.333270 -2.811039 1.561577 4.151192
0.095000 0.666310 -0.186962 0.153030 -0.166679 0.072090 0.337421 -2.823133 1.587935 4.150399
0.096000 0.666142 -0.186889 0.153370 -0.169508 0.073691 0.341571 -2.834792 1.614470 4.149448
0.097000 0.665971 -0.186815 0.153714 -0.172349 0.075319 0.345720 -2.846031 1.641181 4.148407
0.098000 0.665797 -0.186739 0.154061 -0.175200 0.076974 0.349868 -2.856822 1.668051 4.147239
0.099000 0.665620 -0.186661 0.154413 -0.178062 0.078655 0.354014 -2.867108 1.695046 4.145831
0.100000 0.665441 -0.186581 0.154769 -0.180935 0.080364 0.358160 -2.876877 1.722144 4.144137
0.101000 0.665258 -0.186500 0.155130 -0.183816 0.082099 0.362303 -2.886160 1.749336 4.142186
0.102000 0.665073 -0.186417 0.155494 -0.186707 0.083862 0.366444 -2.894943 1.776599 4.139930
0.103000 0.664885 -0.186332 0.155862 -0.189606 0.085653 0.370583 -2.903178 1.803904 4.137269
0.104000 0.664694 -0.186246 0.156235 -0.192513 0.087470 0.374718 -2.910871 1.831246 4.134220
0.105000 0.664500 -0.186158 0.156612 -0.195428 0.089315 0.378851 -2.918083 1.858648 4.130916
0.106000 0.664303 -0.186067 0.156993 -0.198349 0.091187 0.382980 -2.924865 1.886119 4.127470
0.107000 0.664103 -0.185975 0.157378 -0.201278 0.093087 0.387106 -2.931249 1.913654 4.123958
0.108000 0.663901 -0.185881 0.157767 -0.204212 0.095015 0.391228 -2.937257 1.941237 4.120437
0.109000 0.663695 -0.185785 0.158160 -0.207152 0.096970 0.395347 -2.942858 1.968828 4.116853
0.110000 0.663486 -0.185687 0.158558 -0.210098 0.098952 0.399462 -2.947994 1.996376 4.113056
0.111000 0.663275 -0.185587 0.158959 -0.213048 0.100963 0.403573 -2.952676 2.023840 4.108960
0.112000 0.663060 -0.185485 0.159365 -0.216003 0.103000 0.407680 -2.956969 2.051190 4.104547
0.113000 0.662843 -0.185381 0.159775 -0.218962 0.105065 0.411782 -2.960884 2.078382 4.099732
0.114000 0.662622 -0.185275 0.160188 -0.221925 0.107157 0.415879 -2.964383 2.105367 4.094388
0.115000 0.662399 -0.185167 0.160606 -0.224891 0.109276 0.419971 -2.967493 2.132120 4.088540
0.116000 0.662172 -0.185057 0.161028 -0.227860 0.111421 0.424056 -2.970302 2.158639 4.082324
0.117000 0.661943 -0.184944 0.161455 -0.230831 0.113593 0.428135 -2.972831 2.184896 4.075761
0.118000 0.661711 -0.184829 0.161885 -0.233805 0.115791 0.432208 -2.975020 2.210831 4.068742
0.119000 0.661475 -0.184712 0.162319 -0.236781 0.118015 0.436273 -2.976835 2.236390 4.061231
0.120000 0.661237 -0.184593 0.162757 -0.239759 0.120264 0.440330 -2.978302 2.261532 4.053305
0.121000 0.660996 -0.184472 0.163200 -0.242738 0.122538 0.444380 -2.979459 2.286235 4.045037
0.122000 0.660752 -0.184348 0.163646 -0.245718 0.124836 0.448420 -2.980371 2.310501 4.036495
0.123000 0.660505 -0.184222 0.164096 -0.248699 0.127159 0.452453 -2.981117 2.334350 4.027743
0.124000 0.660254 -0.184094 0.164551 -0.251680 0.129505 0.456476 -2.981701 2.357771 4.018727
0.125000 0.660001 -0.183963 0.165009 -0.254662 0.131874 0.460490 -2.982064 2.380742 4.009309
0.126000 0.659745 -0.183830 0.165472 -0.257644 0.134266 0.464495 -2.982203 2.403294 3.999475
0.127000 0.659486 -0.183695 0.165938 -0.260627 0.136681 0.468489 -2.982175 2.425501 3.989318
0.128000 0.659224 -0.183557 0.166409 -0.263609 0.139117 0.472473 -2.981972 2.447392 3.978818
0.129000 0.658959 -0.183416 0.166883 -0.266590 0.141576 0.476447 -2.981522 2.468933 3.967843
0.130000 0.658691 -0.183274 0.167362 -0.269572 0.144055 0.480409 -2.980811 2.490100 3.956366
0.131000 0.658419 -0.183128 0.167844 -0.272552 0.146556 0.484359 -2.979885 2.510890 3.944464
0.132000 0.658145 -0.182981 0.168330 -0.275531 0.149077 0.488298 -2.978725 2.531272 3.932099
0.133000 0.657868 -0.182830 0.168821 -0.278510 0.151618 0.492224 -2.977246 2.551195 3.919104
0.134000 0.657588 -0.182677 0.169315 -0.281486 0.154179 0.496136 -2.975423 2.570644 3.905384
0.135000 0.657305 -0.182522 0.169813 -0.284460 0.156760 0.500034 -2.973308 2.589651 3.890967
0.136000 0.657020 -0.182364 0.170315 -0.287433 0.159359 0.503918 -2.970967 2.608241 3.875918
0.137000 0.656731 -0.182203 0.170821 -0.290402 0.161976 0.507786 -2.968494 2.626440 3.860374
0.138000 0.656439 -0.182040 0.171331 -0.293370 0.164612 0.511639 -2.965995 2.644268 3.844512
0.139000 0.656144 -0.181874 0.171844 -0.296334 0.167265 0.515475 -2.963484 2.661704 3.828349
0.140000 0.655846 -0.181705 0.172361 -0.299297 0.169935 0.519295 -2.960888 2.678687 3.811739
0.141000 0.655545 -0.181534 0.172883 -0.302256 0.172622 0.523099 -2.958190 2.695188 3.794619
0.142000 0.655242 -0.181360 0.173408 -0.305213 0.175325 0.526885 -2.955436 2.711212 3.777025
0.143000 0.654935 -0.181183 0.173936 -0.308167 0.178044 0.530653 -2.952606 2.726726 3.758880
0.144000 0.654625 -0.181004 0.174469 -0.311118 0.180779 0.534402 -2.949613 2.741683 3.739996
0.145000 0.654313 -0.180822 0.175005 -0.314066 0.183528 0.538133 -2.946453 2.756094 3.720289
0.146000 0.653997 -0.180637 0.175545 -0.317011 0.186291 0.541843 -2.943196 2.770019 3.699780
0.147000 0.653679 -0.180449 0.176089 -0.319953 0.189068 0.545532 -2.939834 2.783470 3.678387
0.148000 0.653357 -0.180259 0.176636 -0.322891 0.191858 0.549200 -2.936281 2.796405 3.655956
0.149000 0.653033 -0.180066 0.177187 -0.325825 0.194661 0.552844 -2.932521 2.808830 3.632518
0.150000 0.652706 -0.179869 0.177742 -0.328756 0.197476 0.556465 -2.928633 2.820806 3.608280
0.151000 0.652375 -0.179671 0.178300 -0.331682 0.200302 0.560061 -2.924690 2.832392 3.583433
0.152000 0.652042 -0.179469 0.178862 -0.334605 0.203140 0.563632 -2.920762 2.843643 3.558130
0.153000 0.651706 -0.179264 0.179428 -0.337524 0.205990 0.567177 -2.916918 2.854612 3.532504
0.154000 0.651367 -0.179057 0.179996 -0.340439 0.208850 0.570697 -2.913131 2.865293 3.506521
0.155000 0.651025 -0.178847 0.180569 -0.343350 0.211720 0.574190 -2.909305 2.875637 3.480002
0.156000 0.650680 -0.178633 0.181145 -0.346258 0.214601 0.577657 -2.905432 2.885653 3.452881
0.157000 0.650333 -0.178417 0.181724 -0.349161 0.217491 0.581096 -2.901583 2.895406 3.425209
0.158000 0.649982 -0.178198 0.182307 -0.352061 0.220392 0.584507 -2.897746 2.904904 3.396919
0.159000 0.649629 -0.177977 0.182893 -0.354957 0.223301 0.587890 -2.893823 2.914095 3.367849
0.160000 0.649272 -0.177752 0.183483 -0.357848 0.226220 0.591243 -2.889797 2.922982 3.338020
0.161000 0.648913 -0.177524 0.184076 -0.360736 0.229147 0.594566 -2.885749 2.931631 3.307638
0.162000 0.648551 -0.177294 0.184672 -0.363620 0.232083 0.597858 -2.881757 2.940106 3.276879
0.163000 0.648186 -0.177060 0.185271 -0.366500 0.235027 0.601119 -2.877897 2.948467 3.245871
0.164000 0.647818 -0.176824 0.185874 -0.369376 0.237980 0.604350 -2.874240 2.956772 3.214712
0.165000 0.647447 -0.176584 0.186480 -0.372248 0.240941 0.607549 -2.870757 2.965010 3.183333
0.166000 0.647073 -0.176342 0.187089 -0.375117 0.243910 0.610716 -2.867340 2.973122 3.151530
0.167000 0.646697 -0.176096 0.187702 -0.377983 0.246887 0.613852 -2.863978 2.981113 3.119227
0.168000 0.646317 -0.175848 0.188317 -0.380845 0.249872 0.616955 -2.860745 2.989052 3.086473
0.169000 0.645935 -0.175596 0.188936 -0.383704 0.252865 0.620025 -2.857625 2.996938 3.053192
0.170000 0.645550 -0.175342 0.189557 -0.386560 0.255866 0.623061 -2.854511 3.004701 3.019208
0.171000 0.645162 -0.175085 0.190182 -0.389413 0.258875 0.626063 -2.851381 3.012312 2.984536
0.172000 0.644771 -0.174824 0.190809 -0.392263 0.261891 0.629030 -2.848298 3.019791 2.949348
0.173000 0.644377 -0.174561 0.191440 -0.395110 0.264914 0.631962 -2.845236 3.027106 2.913655
0.174000 0.643981 -0.174295 0.192073 -0.397954 0.267945 0.634858 -2.842075 3.034171 2.877291
0.175000 0.643581 -0.174025 0.192709 -0.400794 0.270983 0.637717 -2.838784 3.040971 2.840213
0.176000 0.643179 -0.173753 0.193349 -0.403631 0.274027 0.640538 -2.835437 3.047565 2.802549
0.177000 0.642774 -0.173477 0.193990 -0.406465 0.277078 0.643322 -2.832119 3.054020 2.764416
0.178000 0.642366 -0.173198 0.194635 -0.409295 0.280135 0.646067 -2.828922 3.060413 2.725911
0.179000 0.641956 -0.172917 0.195283 -0.412123 0.283199 0.648773 -2.825949 3.066829 2.687124
0.180000 0.641542 -0.172632 0.195933 -0.414947 0.286269 0.651441 -2.823179 3.073265 2.647974
0.181000 0.641126 -0.172344 0.196585 -0.417769 0.289345 0.654069 -2.820496 3.079647 2.608288
0.182000 0.640706 -0.172053 0.197241 -0.420588 0.292428 0.656658 -2.817873 3.085968 2.568101
0.183000 0.640284 -0.171759 0.197899 -0.423405 0.295517 0.659206 -2.815379 3.092284 2.527624
0.184000 0.639860 -0.171462 0.198559 -0.426219 0.298613 0.661713 -2.812984 3.098579 2.486889
0.185000 0.639432 -0.171162 0.199222 -0.429031 0.301714 0.664179 -2.810558 3.104769 2.445720
0.186000 0.639002 -0.170859 0.199888 -0.431840 0.304822 0.666604 -2.808066 3.110832 2.404050
0.187000 0.638568 -0.170553 0.200555 -0.434647 0.307936 0.668987 -2.805588 3.116831 2.361980
0.188000 0.638132 -0.170243 0.201226 -0.437451 0.311056 0.671328 -2.803200 3.122823 2.319609
0.189000 0.637693 -0.169930 0.201898 -0.440253 0.314182 0.673627 -2.800978 3.128864 2.277033
0.190000 0.637252 -0.169615 0.202573 -0.443053 0.317313 0.675882 -2.798994 3.135005 2.234346
0.191000 0.636807 -0.169296 0.203250 -0.445851 0.320452 0.678095 -2.797200 3.141213 2.191471
0.192000 0.636360 -0.168974 0.203929 -0.448648 0.323596 0.680265 -2.795459 3.147391 2.148226
0.193000 0.635910 -0.168649 0.204610 -0.451442 0.326746 0.682392 -2.793740 3.153523 2.104649
0.194000 0.635457 -0.168320 0.205294 -0.454235 0.329903 0.684475 -2.792115 3.159666 2.060960
0.195000 0.635002 -0.167989 0.205979 -0.457027 0.333066 0.686514 -2.790551 3.165797 2.017192
0.196000 0.634543 -0.167654 0.206667 -0.459816 0.336235 0.688509 -2.788910 3.171807 1.973168
0.197000 0.634082 -0.167316 0.207356 -0.462604 0.339409 0.690460 -2.787152 3.177644 1.928821
0.198000 0.633618 -0.166975 0.208048 -0.465391 0.342590 0.692367 -2.785339 3.183319 1.884229
0.199000 0.633151 -0.166631 0.208741 -0.468175 0.345776 0.694229 -2.783425 3.188775 1.839313
0.200000 0.632682 -0.166284 0.209436 -0.470957 0.348967 0.696045 -2.781250 3.193900 1.793825
0.201000 0.632209 -0.165933 0.210133 -0.473738 0.352164 0.697816 -2.778740 3.198679 1.747636
0.202000 0.631734 -0.165579 0.210832 -0.476515 0.355365 0.699541 -2.775936 3.203199 1.700790
0.203000 0.631256 -0.165222 0.211532 -0.479289 0.358570 0.701218 -2.772897 3.207543 1.653382
0.204000 0.630776 -0.164862 0.212234 -0.482061 0.361780 0.702847 -2.769705 3.211792 1.605595
0.205000 0.630292 -0.164499 0.212938 -0.484829 0.364994 0.704429 -2.766462 3.216024 1.557665
0.206000 0.629806 -0.164132 0.213643 -0.487594 0.368212 0.705963 -2.763131 3.220209 1.509606
0.207000 0.629317 -0.163762 0.214350 -0.490355 0.371434 0.707448 -2.759564 3.224237 1.461232
0.208000 0.628825 -0.163389 0.215058 -0.493113 0.374660 0.708885 -2.755720 3.228072 1.412484
0.209000 0.628331 -0.163013 0.215768 -0.495867 0.377890 0.710273 -2.751664 3.231759 1.363454
0.210000 0.627833 -0.162634 0.216479 -0.498616 0.381124 0.711612 -2.747348 3.235258 1.314073
0.211000 0.627333 -0.162251 0.217191 -0.501361 0.384361 0.712901 -2.742616 3.238444 1.264096
0.212000 0.626831 -0.161865 0.217904 -0.504101 0.387601 0.714140 -2.737414 3.241271 1.213403
0.213000 0.626325 -0.161476 0.218619 -0.506836 0.390843 0.715328 -2.731824 3.243791 1.162058
0.214000 0.625817 -0.161083 0.219335 -0.509565 0.394088 0.716464 -2.725925 3.246065 1.110164
0.215000 0.625306 -0.160688 0.220052 -0.512288 0.397335 0.717548 -2.719791 3.248162 1.057901
0.216000 0.624792 -0.160289 0.220770 -0.515005 0.400585 0.718580 -2.713497 3.250161 1.005489
0.217000 0.624276 -0.159886 0.221489 -0.517715 0.403836 0.719559 -2.706977 3.252023 0.952931
0.218000 0.623757 -0.159481 0.222209 -0.520419 0.407089 0.720486 -2.700054 3.253613 0.900026
0.219000 0.623235 -0.159072 0.222930 -0.523115 0.410343 0.721359 -2.692658 3.254862 0.846702
0.220000 0.622711 -0.158660 0.223652 -0.525804 0.413598 0.722179 -2.684823 3.255782 0.793038
0.221000 0.622184 -0.158245 0.224375 -0.528485 0.416855 0.722946 -2.676476 3.256299 0.738956
0.222000 0.621654 -0.157827 0.225098 -0.531157 0.420111 0.723657 -2.667439 3.256275 0.684209
0.223000 0.621121 -0.157405 0.225822 -0.533820 0.423367 0.724314 -2.657657 3.255679 0.628694
0.224000 0.620586 -0.156980 0.226547 -0.536472 0.426622 0.724915 -2.647189 3.254576 0.572452
0.225000 0.620048 -0.156552 0.227272 -0.539114 0.429876 0.725459 -2.635976 3.252932 0.515381
0.226000 0.619508 -0.156120 0.227997 -0.541744 0.433128 0.725945 -2.623840 3.250616 0.457253
0.227000 0.618965 -0.155685 0.228724 -0.544362 0.436378 0.726373 -2.610718 3.247586 0.398036
0.228000 0.618419 -0.155247 0.229450 -0.546965 0.439623 0.726742 -2.596686 3.243919 0.337912
0.229000 0.617871 -0.154806 0.230177 -0.549555 0.442865 0.727049 -2.581819 3.239677 0.277045
0.230000 0.617320 -0.154362 0.230904 -0.552129 0.446103 0.727296 -2.566190 3.234903 0.215567
0.231000 0.616767 -0.153914 0.231632 -0.554687 0.449335 0.727480 -2.549899 3.229656 0.153632
0.232000 0.616211 -0.153463 0.232359 -0.557229 0.452562 0.727603 -2.533025 3.223985 0.091341
0.233000 0.615652 -0.153009 0.233087 -0.559753 0.455783 0.727663 -2.515658 3.217963 0.028781
0.234000 0.615091 -0.152551 0.233815 -0.562260 0.458998 0.727660 -2.497894 3.211682 -0.033971
0.235000 0.614528 -0.152091 0.234542 -0.564749 0.462206 0.727595 -2.479675 3.205102 -0.097019
0.236000 0.613962 -0.151627 0.235270 -0.567220 0.465408 0.727466 -2.460821 3.198081 -0.160593
0.237000 0.613393 -0.151160 0.235997 -0.569671 0.468603 0.727274 -2.441269 3.190575 -0.224729
0.238000 0.612822 -0.150690 0.236724 -0.572102 0.471789 0.727017 -2.421107 3.182661 -0.289245
0.239000 0.612249 -0.150216 0.237451 -0.574513 0.474968 0.726695 -2.400421 3.174396 -0.353979
0.240000 0.611673 -0.149740 0.238178 -0.576903 0.478138 0.726309 -2.379295 3.165803 -0.418798
0.241000 0.611095 -0.149260 0.238904 -0.579272 0.481300 0.725858 -2.357811 3.156885 -0.483586
0.242000 0.610515 -0.148777 0.239629 -0.581619 0.484452 0.725342 -2.335896 3.147534 -0.548426
0.243000 0.609932 -0.148291 0.240354 -0.583943 0.487595 0.724761 -2.313362 3.137574 -0.613567
0.244000 0.609347 -0.147802 0.241079 -0.586245 0.490727 0.724115 -2.290156 3.126962 -0.679114
0.245000 0.608760 -0.147310 0.241803 -0.588524 0.493849 0.723403 -2.266386 3.115792 -0.744985
0.246000 0.608170 -0.146814 0.242526 -0.590778 0.496959 0.722625 -2.242158 3.104156 -0.811067
0.247000 0.607578 -0.146316 0.243248 -0.593008 0.500057 0.721781 -2.217576 3.092141 -0.877204
0.248000 0.606984 -0.145814 0.243969 -0.595213 0.503143 0.720870 -2.192740 3.079834 -0.943213
0.249000 0.606388 -0.145309 0.244690 -0.597393 0.506217 0.719894 -2.167587 3.067177 -1.009118
0.250000 0.605789 -0.144802 0.245409 -0.599548 0.509277 0.718852 -2.141914 3.053984 -1.075134
0.251000 0.605188 -0.144291 0.246127 -0.601677 0.512325 0.717744 -2.115628 3.040144 -1.141331
0.252000 0.604586 -0.143777 0.246845 -0.603780 0.515358 0.716569 -2.088790 3.025666 -1.207594
0.253000 0.603981 -0.143260 0.247561 -0.605855 0.518376 0.715329 -2.061474 3.010590 -1.273819
0.254000 0.603374 -0.142740 0.248275 -0.607903 0.521379 0.714022 -2.033786 2.995012 -1.339935
0.255000 0.602765 -0.142217 0.248989 -0.609922 0.524366 0.712649 -2.005844 2.979063 -1.405886
0.256000 0.602154 -0.141692 0.249701 -0.611914 0.527337 0.711210 -1.977596 2.962721 -1.471789
0.257000 0.601541 -0.141163 0.250411 -0.613878 0.530291 0.709705 -1.948846 2.945829 -1.537881
0.258000 0.600926 -0.140631 0.251120 -0.615812 0.533229 0.708134 -1.919513 2.928338 -1.604206
0.259000 0.600310 -0.140096 0.251827 -0.617717 0.536148 0.706497 -1.889680 2.910331 -1.670601
0.260000 0.599691 -0.139559 0.252533 -0.619591 0.539049 0.704793 -1.859433 2.891874 -1.736920
0.261000 0.599070 -0.139018 0.253237 -0.621436 0.541932 0.703023 -1.828873 2.873000 -1.803045
0.262000 0.598448 -0.138475 0.253939 -0.623249 0.544795 0.701187 -1.798142 2.853753 -1.868835
0.263000 0.597824 -0.137929 0.254639 -0.625032 0.547639 0.699285 -1.767348 2.834179 -1.934190
0.264000 0.597198 -0.137380 0.255338 -0.626784 0.550464 0.697319 -1.736595 2.814383 -1.999007
0.265000 0.596570 -0.136828 0.256034 -0.628505 0.553268 0.695287 -1.705988 2.794501 -2.063182
0.266000 0.595941 -0.136273 0.256728 -0.630196 0.556053 0.693192 -1.675459 2.774511 -2.126792
0.267000 0.595310 -0.135716 0.257420 -0.631856 0.558817 0.691034 -1.644803 2.754250 -2.190055
0.268000 0.594677 -0.135155 0.258110 -0.633485 0.561561 0.688812 -1.613948 2.733666 -2.253023
0.269000 0.594043 -0.134592 0.258798 -0.635084 0.564284 0.686528 -1.582992 2.712850 -2.315549
0.270000 0.593407 -0.134027 0.259483 -0.636651 0.566987 0.684181 -1.552031 2.691864 -2.377504
0.271000 0.592770 -0.133458 0.260166 -0.638188 0.569668 0.681773 -1.521160 2.670726 -2.438785
0.272000 0.592131 -0.132887 0.260847 -0.639694 0.572328 0.679303 -1.490470 2.649420 -2.499306
0.273000 0.591490 -0.132314 0.261525 -0.641169 0.574967 0.676774 -1.459882 2.627807 -2.559157
0.274000 0.590848 -0.131738 0.262200 -0.642613 0.577584 0.674185 -1.429181 2.605686 -2.618573
0.275000 0.590205 -0.131159 0.262873 -0.644027 0.580178 0.671537 -1.398285 2.583029 -2.677638
0.276000 0.589560 -0.130577 0.263543 -0.645410 0.582750 0.668830 -1.367282 2.559986 -2.736259
0.277000 0.588914 -0.129993 0.264211 -0.646762 0.585298 0.666064 -1.336268 2.536692 -2.794327
0.278000 0.588267 -0.129407 0.264876 -0.648083 0.587823 0.663241 -1.305353 2.513267 -2.851718
0.279000 0.587618 -0.128818 0.265537 -0.649372 0.590325 0.660361 -1.274689 2.489848 -2.908264
0.280000 0.586968 -0.128226 0.266196 -0.650632 0.592803 0.657425 -1.244393 2.466519 -2.963843
0.281000 0.586317 -0.127632 0.266852 -0.651861 0.595258 0.654433 -1.214583 2.443330 -3.018363
0.282000 0.585664 -0.127035 0.267505 -0.653061 0.597690 0.651388 -1.185371 2.420312 -3.071748
0.283000 0.585011 -0.126437 0.268155 -0.654232 0.600098 0.648290 -1.156693 2.397354 -3.124087
0.284000 0.584356 -0.125835 0.268802 -0.655374 0.602484 0.645140 -1.128329 2.374259 -3.175608
0.285000 0.583700 -0.125232 0.269445 -0.656489 0.604847 0.641939 -1.100187 2.351005 -3.226396
0.286000 0.583043 -0.124626 0.270086 -0.657575 0.607186 0.638687 -1.072343 2.327752 -3.276363
0.287000 0.582385 -0.124017 0.270723 -0.658633 0.609502 0.635386 -1.044881 2.304649 -3.325409
0.288000 0.581726 -0.123407 0.271356 -0.659665 0.611796 0.632036 -1.017900 2.281827 -3.373416
0.289000 0.581066 -0.122794 0.271987 -0.660669 0.614066 0.628639 -0.991505 2.259407 -3.420253
0.290000 0.580404 -0.122178 0.272614 -0.661648 0.616314 0.625196 -0.965623 2.237330 -3.465967
0.291000 0.579742 -0.121561 0.273237 -0.662600 0.618541 0.621707 -0.940039 2.215374 -3.510761
0.292000 0.579079 -0.120941 0.273857 -0.663528 0.620745 0.618174 -0.914678 2.193405 -3.554722
0.293000 0.578415 -0.120319 0.274473 -0.664430 0.622928 0.614598 -0.889646 2.171433 -3.597774
0.294000 0.577750 -0.119695 0.275086 -0.665307 0.625088 0.610979 -0.865055 2.149512 -3.639830
0.295000 0.577085 -0.119069 0.275695 -0.666160 0.627227 0.607318 -0.841033 2.127766 -3.680784
0.296000 0.576418 -0.118441 0.276301 -0.666989 0.629344 0.603617 -0.817713 2.106363 -3.720517
0.297000 0.575751 -0.117811 0.276903 -0.667795 0.631439 0.599877 -0.795044 2.085287 -3.759076
0.298000 0.575082 -0.117178 0.277501 -0.668579 0.633514 0.596099 -0.772814 2.064361 -3.796652
0.299000 0.574413 -0.116544 0.278095 -0.669341 0.635568 0.592284 -0.750943 2.043544 -3.833307
0.300000 0.573744 -0.115907 0.278685 -0.670081 0.637601 0.588432 -0.729531 2.022961 -3.868944
0.301000 0.573073 -0.115268 0.279272 -0.670800 0.639614 0.584546 -0.708673 2.002723 -3.903471
0.302000 0.572402 -0.114628 0.279854 -0.671498 0.641607 0.580625 -0.688465 1.982904 -3.936807
0.303000 0.571730 -0.113985 0.280433 -0.672177 0.643580 0.576672 -0.669004 1.963564 -3.968875
0.304000 0.571058 -0.113341 0.281008 -0.672836 0.645534 0.572688 -0.650208 1.944597 -3.999750
0.305000 0.570385 -0.112694 0.281578 -0.673477 0.647469 0.568673 -0.631858 1.925793 -4.029624
0.306000 0.569711 -0.112046 0.282145 -0.674100 0.649385 0.564628 -0.613897 1.907115 -4.058565
0.307000 0.569036 -0.111395 0.282708 -0.674705 0.651283 0.560556 -0.596415 1.888681 -4.086512
0.308000 0.568361 -0.110743 0.283266 -0.675293 0.653163 0.556455 -0.579350 1.870453 -4.113526
0.309000 0.567686 -0.110089 0.283821 -0.675864 0.655024 0.552328 -0.562485 1.852246 -4.139795
0.310000 0.567010 -0.109433 0.284371 -0.676418 0.656867 0.548176 -0.545732 1.834020 -4.165394
0.311000 0.566333 -0.108775 0.284917 -0.676955 0.658692 0.543998 -0.529186 1.815917 -4.190253
0.312000 0.565656 -0.108116 0.285459 -0.677476 0.660499 0.539795 -0.512945 1.798062 -4.214297
0.313000 0.564978 -0.107454 0.285996 -0.677981 0.662288 0.535569 -0.497125 1.780545 -4.237448
0.314000 0.564300 -0.106791 0.286530 -0.678471 0.664060 0.531320 -0.481849 1.763439 -4.259622
0.315000 0.563621 -0.106126 0.287059 -0.678945 0.665815 0.527050 -0.467053 1.746648 -4.280878
0.316000 0.562942 -0.105459 0.287584 -0.679405 0.667553 0.522759 -0.452513 1.729962 -4.301396
0.317000 0.562262 -0.104791 0.288105 -0.679850 0.669275 0.518447 -0.438142 1.713352 -4.321251
0.318000 0.561582 -0.104121 0.288621 -0.680281 0.670980 0.514116 -0.423991 1.696947 -4.340406
0.319000 0.560902 -0.103449 0.289133 -0.680698 0.672669 0.509766 -0.409970 1.680719 -4.358930
0.320000 0.560221 -0.102776 0.289640 -0.681101 0.674342 0.505398 -0.395866 1.664472 -4.376995
0.321000 0.559540 -0.102100 0.290144 -0.681490 0.675998 0.501012 -0.381638 1.648150 -4.394660
0.322000 0.558858 -0.101424 0.290642 -0.681864 0.677638 0.496609 -0.367440 1.631877 -4.411846
0.323000 0.558176 -0.100745 0.291137 -0.682224 0.679262 0.492189 -0.353419 1.615771 -4.428466
0.324000 0.557493 -0.100065 0.291627 -0.682571 0.680869 0.487752 -0.339705 1.599929 -4.444432
0.325000 0.556811 -0.099383 0.292112 -0.682904 0.682462 0.483300 -0.326421 1.584439 -4.459650
0.326000 0.556128 -0.098700 0.292593 -0.683224 0.684038 0.478833 -0.313499 1.569214 -4.474159
0.327000 0.555444 -0.098015 0.293070 -0.683531 0.685600 0.474351 -0.300724 1.554046 -4.488100
0.328000 0.554761 -0.097329 0.293542 -0.683825 0.687146 0.469856 -0.288026 1.538916 -4.501502
0.329000 0.554077 -0.096641 0.294010 -0.684107 0.688678 0.465348 -0.275489 1.523971 -4.514283
0.330000 0.553392 -0.095952 0.294473 -0.684376 0.690194 0.460828 -0.263043 1.509191 -4.526467
0.331000 0.552708 -0.095261 0.294931 -0.684633 0.691696 0.456295 -0.250471 1.494383 -4.538211
0.332000 0.552023 -0.094568 0.295385 -0.684877 0.693183 0.451751 -0.237703 1.479502 -4.549602
0.333000 0.551338 -0.093874 0.295835 -0.685108 0.694655 0.447196 -0.224858 1.464693 -4.560618
0.334000 0.550653 -0.093179 0.296280 -0.685327 0.696113 0.442630 -0.212052 1.450088 -4.571221
0.335000 0.549967 -0.092482 0.296720 -0.685533 0.697555 0.438054 -0.199404 1.435807 -4.581357
0.336000 0.549282 -0.091784 0.297156 -0.685726 0.698984 0.433467 -0.187031 1.421957 -4.590955
0.337000 0.548596 -0.091084 0.297587 -0.685907 0.700399 0.428872 -0.174862 1.408459 -4.600062
0.338000 0.547910 -0.090383 0.298014 -0.686075 0.701801 0.424267 -0.162665 1.395101 -4.608823
0.339000 0.547224 -0.089680 0.298436 -0.686232 0.703190 0.419654 -0.150347 1.381848 -4.617298
0.340000 0.546537 -0.088977 0.298853 -0.686376 0.704565 0.415033 -0.137951 1.368833 -4.625456
0.341000 0.545851 -0.088271 0.299266 -0.686508 0.705927 0.410403 -0.125384 1.356020 -4.633350
0.342000 0.545164 -0.087565 0.299674 -0.686627 0.707277 0.405766 -0.112426 1.343214 -4.641118
0.343000 0.544478 -0.086857 0.300077 -0.686733 0.708614 0.401121 -0.099029 1.330378 -4.648803
0.344000 0.543791 -0.086148 0.300476 -0.686825 0.709938 0.396468 -0.085306 1.317637 -4.656358
0.345000 0.543104 -0.085437 0.300870 -0.686903 0.711249 0.391808 -0.071211 1.304949 -4.663815
0.346000 0.542417 -0.084725 0.301260 -0.686967 0.712547 0.387141 -0.056533 1.292079 -4.671283
0.347000 0.541730 -0.084012 0.301644 -0.687016 0.713833 0.382466 -0.041205 1.278910 -4.678762
0.348000 0.541043 -0.083297 0.302025 -0.687050 0.715105 0.377783 -0.025342 1.265505 -4.686132
0.349000 0.540356 -0.082582 0.302400 -0.687067 0.716364 0.373094 -0.009072 1.251968 -4.693283
0.350000 0.539669 -0.081865 0.302771 -0.687068 0.717609 0.368397 0.007465 1.238480 -4.700133
0.351000 0.538982 -0.081146 0.303137 -0.687052 0.718841 0.363693 0.024120 1.225260 -4.706611
0.352000 0.538295 -0.080427 0.303498 -0.687020 0.720060 0.358984 0.040936 1.212310 -4.712747
0.353000 0.537608 -0.079706 0.303855 -0.686970 0.721266 0.354268 0.058114 1.199430 -4.718650
0.354000 0.536921 -0.078984 0.304207 -0.686903 0.722459 0.349546 0.075697 1.186547 -4.724340
0.355000 0.536234 -0.078261 0.304554 -0.686819 0.723639 0.344819 0.093574 1.173741 -4.729752
0.356000 0.535547 -0.077537 0.304896 -0.686716 0.724806 0.340087 0.111788 1.160931 -4.734900
0.357000 0.534861 -0.076812 0.305234 -0.686595 0.725961 0.335349 0.130552 1.147881 -4.739882
0.358000 0.534174 -0.076085 0.305567 -0.686455 0.727102 0.330607 0.149934 1.134509 -4.744727
0.359000 0.533488 -0.075358 0.305895 -0.686295 0.728230 0.325860 0.169816 1.120935 -4.749369
0.360000 0.532802 -0.074629 0.306219 -0.686116 0.729344 0.321108 0.190072 1.107299 -4.753745
0.361000 0.532116 -0.073899 0.306537 -0.685915 0.730444 0.316352 0.210559 1.093790 -4.757803
0.362000 0.531430 -0.073168 0.306851 -0.685694 0.731531 0.311593 0.231128 1.080619 -4.761495
0.363000 0.530744 -0.072436 0.307161 -0.685453 0.732605 0.306829 0.251820 1.067776 -4.764855
0.364000 0.530059 -0.071703 0.307465 -0.685191 0.733667 0.302063 0.272835 1.055060 -4.767981
0.365000 0.529374 -0.070968 0.307765 -0.684907 0.734716 0.297293 0.294215 1.042410 -4.770897
0.366000 0.528689 -0.070233 0.308060 -0.684602 0.735752 0.292521 0.315845 1.029928 -4.773556
0.367000 0.528005 -0.069497 0.308350 -0.684276 0.736775 0.287746 0.337768 1.017547 -4.775973
0.368000 0.527320 -0.068760 0.308635 -0.683927 0.737787 0.282969 0.360182 1.005017 -4.778226
0.369000 0.526637 -0.068021 0.308916 -0.683555 0.738785 0.278190 0.383128 0.992223 -4.780323
0.370000 0.525953 -0.067282 0.309192 -0.683161 0.739771 0.273409 0.406490 0.979192 -4.782197
0.371000 0.525270 -0.066542 0.309463 -0.682742 0.740744 0.268625 0.430311 0.965812 -4.783846
0.372000 0.524588 -0.065801 0.309729 -0.682300 0.741703 0.263841 0.454797 0.951859 -4.785340
0.373000 0.523906 -0.065058 0.309990 -0.681833 0.742648 0.259055 0.480014 0.937338 -4.786693
0.374000 0.523224 -0.064315 0.310247 -0.681340 0.743578 0.254267 0.505837 0.922486 -4.787837
0.375000 0.522543 -0.063571 0.310499 -0.680821 0.744493 0.249479 0.532124 0.907522 -4.788703
0.376000 0.521863 -0.062826 0.310746 -0.680276 0.745393 0.244690 0.558704 0.892633 -4.789213
0.377000 0.521183 -0.062080 0.310988 -0.679704 0.746278 0.239901 0.585386 0.877989 -4.789289
0.378000 0.520503 -0.061334 0.311226 -0.679105 0.747149 0.235111 0.612182 0.863538 -4.788922
0.379000 0.519824 -0.060586 0.311458 -0.678479 0.748005 0.230323 0.639275 0.849032 -4.788172
0.380000 0.519146 -0.059838 0.311686 -0.677826 0.748847 0.225535 0.666699 0.834346 -4.787045
0.381000 0.518469 -0.059088 0.311909 -0.677146 0.749674 0.220749 0.694333 0.819498 -4.785493
0.382000 0.517792 -0.058338 0.312128 -0.676438 0.750486 0.215964 0.722212 0.804364 -4.783514
0.383000 0.517116 -0.057588 0.312341 -0.675701 0.751282 0.211182 0.750526 0.788714 -4.781158
0.384000 0.516441 -0.056836 0.312550 -0.674937 0.752063 0.206402 0.779309 0.772541 -4.778417
0.385000 0.515766 -0.056083 0.312754 -0.674143 0.752827 0.201625 0.808399 0.756075 -4.775210
0.386000 0.515092 -0.055330 0.312953 -0.673320 0.753575 0.196851 0.837631 0.739536 -4.771473
0.387000 0.514419 -0.054576 0.313148 -0.672468 0.754306 0.192082 0.866841 0.723129 -4.767164
0.388000 0.513747 -0.053822 0.313338 -0.671586 0.755021 0.187317 0.895863 0.707048 -4.762256
0.389000 0.513076 -0.053066 0.313523 -0.670676 0.755721 0.182557 0.924728 0.691259 -4.756771
0.390000 0.512406 -0.052310 0.313703 -0.669737 0.756404 0.177804 0.953620 0.675527 -4.750778
0.391000 0.511737 -0.051553 0.313878 -0.668769 0.757072 0.173056 0.982566 0.659745 -4.744315
0.392000 0.511068 -0.050796 0.314049 -0.667772 0.757723 0.168315 1.011437 0.643958 -4.737383
0.393000 0.510401 -0.050038 0.314215 -0.666746 0.758359 0.163581 1.040260 0.628059 -4.730010
0.394000 0.509735 -0.049279 0.314376 -0.665691 0.758980 0.158855 1.069227 0.611820 -4.722246
0.395000 0.509070 -0.048520 0.314532 -0.664607 0.759583 0.154137 1.098388 0.595229 -4.714086
0.396000 0.508406 -0.047760 0.314684 -0.663494 0.760170 0.149427 1.127604 0.578507 -4.705471
0.397000 0.507743 -0.047000 0.314831 -0.662352 0.760740 0.144726 1.156737 0.561856 -4.696344
0.398000 0.507081 -0.046239 0.314974 -0.661181 0.761294 0.140034 1.185650 0.545448 -4.686660
0.399000 0.506420 -0.045477 0.315111 -0.659981 0.761831 0.135352 1.214201 0.529436 -4.676379
0.400000 0.505761 -0.044715 0.315244 -0.658752 0.762353 0.130681 1.242436 0.513756 -4.665498
0.401000 0.505103 -0.043952 0.315373 -0.657496 0.762859 0.126021 1.270549 0.498154 -4.654058
0.402000 0.504446 -0.043189 0.315496 -0.656211 0.763349 0.121373 1.298583 0.482515 -4.642071
0.403000 0.503790 -0.042426 0.315616 -0.654899 0.763824 0.116737 1.326430 0.466878 -4.629522
0.404000 0.503136 -0.041662 0.315730 -0.653558 0.764283 0.112114 1.354131 0.451132 -4.616419
0.405000 0.502483 -0.040897 0.315840 -0.652190 0.764726 0.107504 1.381874 0.435041 -4.602792
0.406000 0.501832 -0.040132 0.315945 -0.650795 0.765153 0.102909 1.409698 0.418588 -4.588638
0.407000 0.501182 -0.039367 0.316046 -0.649371 0.765563 0.098327 1.437488 0.401944 -4.573925
0.408000 0.500533 -0.038601 0.316142 -0.647920 0.765957 0.093761 1.465281 0.385098 -4.558645
0.409000 0.499886 -0.037835 0.316233 -0.646441 0.766333 0.089210 1.493260 0.367843 -4.542831
0.410000 0.499240 -0.037068 0.316320 -0.644933 0.766692 0.084675 1.521457 0.350142 -4.526515
0.411000 0.498596 -0.036301 0.316402 -0.643398 0.767034 0.080157 1.549718 0.332171 -4.509708
0.412000 0.497953 -0.035534 0.316480 -0.641834 0.767357 0.075656 1.577897 0.314092 -4.492422
0.413000 0.497312 -0.034767 0.316554 -0.640242 0.767662 0.071172 1.605859 0.296033 -4.474659
0.414000 0.496673 -0.033999 0.316623 -0.638622 0.767949 0.066706 1.633478 0.278107 -4.456420
0.415000 0.496035 -0.033231 0.316687 -0.636975 0.768218 0.062259 1.660806 0.260222 -4.437718
0.416000 0.495399 -0.032463 0.316747 -0.635300 0.768469 0.057831 1.688037 0.242152 -4.418574
0.417000 0.494765 -0.031694 0.316803 -0.633599 0.768702 0.053422 1.715219 0.223876 -4.398993
0.418000 0.494132 -0.030925 0.316854 -0.631870 0.768917 0.049033 1.742257 0.205562 -4.378961
0.419000 0.493501 -0.030156 0.316901 -0.630114 0.769113 0.044664 1.769198 0.187194 -4.358476
0.420000 0.492872 -0.029387 0.316943 -0.628332 0.769291 0.040316 1.796238 0.168550 -4.337551
0.421000 0.492244 -0.028618 0.316982 -0.626522 0.769450 0.035989 1.823445 0.149566 -4.316201
0.422000 0.491619 -0.027848 0.317015 -0.624685 0.769590 0.031683 1.850716 0.130380 -4.294427
0.423000 0.490995 -0.027078 0.317045 -0.622820 0.769711 0.027400 1.877934 0.111115 -4.272226
0.424000 0.490373 -0.026309 0.317070 -0.620929 0.769813 0.023139 1.904969 0.091861 -4.249591
0.425000 0.489753 -0.025539 0.317091 -0.619010 0.769895 0.018901 1.931680 0.072693 -4.226512
0.426000 0.489135 -0.024769 0.317108 -0.617065 0.769958 0.014686 1.958099 0.053492 -4.202982
0.427000 0.488519 -0.023999 0.317121 -0.615094 0.770002 0.010495 1.984413 0.034019 -4.179009
0.428000 0.487905 -0.023229 0.317129 -0.613097 0.770026 0.006328 2.010676 0.014251 -4.154602
0.429000 0.487293 -0.022459 0.317133 -0.611073 0.770030 0.002186 2.036806 -0.005646 -4.129770
0.430000 0.486683 -0.021689 0.317133 -0.609023 0.770015 -0.001932 2.062857 -0.025688 -4.104520
0.431000 0.486075 -0.020919 0.317129 -0.606947 0.769979 -0.006023 2.089014 -0.046087 -4.078860
0.432000 0.485469 -0.020149 0.317121 -0.604845 0.769923 -0.010089 2.115326 -0.066882 -4.052814
0.433000 0.484865 -0.019379 0.317109 -0.602717 0.769845 -0.014129 2.141705 -0.087942 -4.026406
0.434000 0.484263 -0.018609 0.317093 -0.600562 0.769747 -0.018142 2.168193 -0.109314 -3.999653
0.435000 0.483664 -0.017839 0.317073 -0.598380 0.769627 -0.022128 2.194969 -0.131248 -3.972560
0.436000 0.483066 -0.017070 0.317049 -0.596172 0.769484 -0.026087 2.222074 -0.153865 -3.945133
0.437000 0.482471 -0.016300 0.317021 -0.593936 0.769319 -0.030019 2.249378 -0.177086 -3.917384
0.438000 0.481879 -0.015531 0.316989 -0.591673 0.769130 -0.033922 2.276757 -0.200800 -3.889310
0.439000 0.481288 -0.014762 0.316953 -0.589382 0.768917 -0.037797 2.304100 -0.224833 -3.860889
0.440000 0.480700 -0.013993 0.316913 -0.587065 0.768680 -0.041644 2.331304 -0.248977 -3.832090
0.441000 0.480114 -0.013225 0.316870 -0.584720 0.768419 -0.045461 2.358424 -0.273250 -3.802878
0.442000 0.479530 -0.012457 0.316822 -0.582348 0.768134 -0.049250 2.385644 -0.297860 -3.773242
0.443000 0.478949 -0.011689 0.316771 -0.579949 0.767824 -0.053008 2.413015 -0.322847 -3.743211
0.444000 0.478370 -0.010921 0.316716 -0.577522 0.767488 -0.056736 2.440459 -0.348075 -3.712838
0.445000 0.477794 -0.010154 0.316658 -0.575068 0.767127 -0.060433 2.468022 -0.373590 -3.682150
0.446000 0.477220 -0.009387 0.316595 -0.572586 0.766741 -0.064100 2.495878 -0.399642 -3.651141
0.447000 0.476649 -0.008620 0.316529 -0.570076 0.766328 -0.067736 2.524071 -0.426345 -3.619805
0.448000 0.476080 -0.007854 0.316460 -0.567538 0.765888 -0.071340 2.552479 -0.453620 -3.588150
0.449000 0.475514 -0.007088 0.316387 -0.564971 0.765421 -0.074912 2.580978 -0.481352 -3.556180
0.450000 0.474950 -0.006323 0.316310 -0.562376 0.764926 -0.078452 2.609443 -0.509363 -3.523894
0.451000 0.474389 -0.005558 0.316230 -0.559752 0.764402 -0.081960 2.637743 -0.537443 -3.491290
0.452000 0.473831 -0.004794 0.316146 -0.557100 0.763851 -0.085435 2.665911 -0.565605 -3.458348
0.453000 0.473275 -0.004031 0.316059 -0.554420 0.763271 -0.088877 2.694115 -0.594065 -3.425047
0.454000 0.472722 -0.003268 0.315968 -0.551712 0.762663 -0.092285 2.722403 -0.622883 -3.391407
0.455000 0.472172 -0.002505 0.315874 -0.548975 0.762025 -0.095659 2.750704 -0.651952 -3.357477
0.456000 0.471624 -0.001744 0.315777 -0.546211 0.761359 -0.099000 2.779063 -0.681340 -3.323271
0.457000 0.471079 -0.000983 0.315676 -0.543417 0.760663 -0.102306 2.807649 -0.711298 -3.288766
0.458000 0.470537 -0.000222 0.315572 -0.540595 0.759936 -0.105577 2.836501 -0.741940 -3.253947
0.459000 0.469998 0.000537 0.315465 -0.537744 0.759179 -0.108814 2.865505 -0.773179 -3.218821
0.460000 0.469462 0.001296 0.315355 -0.534864 0.758390 -0.112015 2.894545 -0.804893 -3.183389
0.461000 0.468928 0.002054 0.315241 -0.531955 0.757569 -0.115181 2.923500 -0.836899 -3.147652
0.462000 0.468398 0.002811 0.315124 -0.529017 0.756716 -0.118310 2.952247 -0.868979 -3.111606
0.463000 0.467870 0.003567 0.315005 -0.526051 0.755831 -0.121404 2.980815 -0.901137 -3.075221
0.464000 0.467346 0.004323 0.314882 -0.523056 0.754914 -0.124461 3.009349 -0.933571 -3.038464
0.465000 0.466824 0.005077 0.314756 -0.520032 0.753964 -0.127481 3.037873 -0.966308 -3.001346
0.466000 0.466306 0.005831 0.314627 -0.516980 0.752981 -0.130463 3.066282 -0.999198 -2.963914
0.467000 0.465790 0.006583 0.314495 -0.513899 0.751965 -0.133409 3.094592 -1.032274 -2.926180
0.468000 0.465278 0.007335 0.314360 -0.510791 0.750917 -0.136316 3.122938 -1.065757 -2.888117
0.469000 0.464769 0.008085 0.314222 -0.507654 0.749834 -0.139185 3.151330 -1.099725 -2.849728
0.470000 0.464262 0.008834 0.314081 -0.504488 0.748717 -0.142015 3.179653 -1.134093 -2.811050
0.471000 0.463760 0.009582 0.313938 -0.501294 0.747566 -0.144807 3.207911 -1.168935 -2.772079
0.472000 0.463260 0.010329 0.313792 -0.498072 0.746379 -0.147559 3.236239 -1.204469 -2.732755
0.473000 0.462763 0.011075 0.313643 -0.494822 0.745157 -0.150272 3.264658 -1.240721 -2.693022
0.474000 0.462270 0.011820 0.313491 -0.491543 0.743898 -0.152945 3.293048 -1.277490 -2.652849
0.475000 0.461780 0.012563 0.313337 -0.488236 0.742602 -0.155578 3.321293 -1.314585 -2.612235
0.476000 0.461294 0.013305 0.313180 -0.484900 0.741269 -0.158170 3.349288 -1.351827 -2.571240
0.477000 0.460811 0.014046 0.313021 -0.481537 0.739898 -0.160721 3.376934 -1.389046 -2.529953
0.478000 0.460331 0.014785 0.312859 -0.478146 0.738491 -0.163230 3.404267 -1.426284 -2.488408
0.479000 0.459854 0.015523 0.312694 -0.474729 0.737046 -0.165697 3.431416 -1.463763 -2.446579
0.480000 0.459381 0.016259 0.312527 -0.471284 0.735563 -0.168123 3.458387 -1.501547 -2.404471
0.481000 0.458912 0.016994 0.312358 -0.467812 0.734042 -0.170506 3.485061 -1.539537 -2.362126
0.482000 0.458446 0.017727 0.312186 -0.464313 0.732484 -0.172847 3.511437 -1.577794 -2.319540
0.483000 0.457983 0.018459 0.312012 -0.460789 0.730887 -0.175145 3.537631 -1.616523 -2.276657
0.484000 0.457524 0.019189 0.311836 -0.457238 0.729251 -0.177401 3.563658 -1.655732 -2.233447
0.485000 0.457069 0.019917 0.311657 -0.453662 0.727575 -0.179612 3.589396 -1.695208 -2.189920
0.486000 0.456617 0.020644 0.311477 -0.450059 0.725860 -0.181780 3.614728 -1.734741 -2.146112
0.487000 0.456168 0.021369 0.311294 -0.446432 0.724106 -0.183905 3.639548 -1.774138 -2.102102
0.488000 0.455724 0.022092 0.311109 -0.442780 0.722312 -0.185985 3.663756 -1.813211 -2.057992
0.489000 0.455283 0.022813 0.310922 -0.439105 0.720480 -0.188021 3.687378 -1.851987 -2.013816
0.490000 0.454846 0.023533 0.310733 -0.435406 0.718608 -0.190012 3.710538 -1.890669 -1.969534
0.491000 0.454412 0.024251 0.310542 -0.431684 0.716698 -0.191960 3.733253 -1.929303 -1.925130
0.492000 0.453982 0.024966 0.310349 -0.427939 0.714750 -0.193862 3.755435 -1.967774 -1.880620
0.493000 0.453556 0.025680 0.310154 -0.424173 0.712763 -0.195721 3.777097 -2.006125 -1.835980
0.494000 0.453134 0.026392 0.309958 -0.420385 0.710737 -0.197534 3.798346 -2.044551 -1.791144
0.495000 0.452715 0.027102 0.309759 -0.416576 0.708674 -0.199303 3.819187 -2.083068 -1.746081
0.496000 0.452301 0.027809 0.309559 -0.412747 0.706571 -0.201027 3.839496 -2.121476 -1.700818
0.497000 0.451890 0.028515 0.309357 -0.408897 0.704431 -0.202705 3.859161 -2.159584 -1.655405
0.498000 0.451483 0.029218 0.309154 -0.405028 0.702252 -0.204337 3.878099 -2.197212 -1.609935
0.499000 0.451080 0.029919 0.308948 -0.401141 0.700036 -0.205925 3.896238 -2.234187 -1.564526
0.500000 0.450681 0.030618 0.308742 -0.397236 0.697784 -0.207466 3.913616 -2.270539 -1.519222
0.501000 0.450285 0.031315 0.308533 -0.393314 0.695495 -0.208963 3.930334 -2.306461 -1.473994
0.502000 0.449894 0.032009 0.308324 -0.389375 0.693171 -0.210414 3.946375 -2.341979 -1.428860
0.503000 0.449507 0.032701 0.308113 -0.385421 0.690811 -0.211821 3.961609 -2.376952 -1.383885
0.504000 0.449123 0.033391 0.307900 -0.381452 0.688417 -0.213182 3.976010 -2.411406 -1.339080
0.505000 0.448744 0.034078 0.307686 -0.377469 0.685988 -0.214499 3.989666 -2.445532 -1.294380
0.506000 0.448368 0.034763 0.307471 -0.373472 0.683526 -0.215771 4.002589 -2.479372 -1.249742
0.507000 0.447997 0.035445 0.307255 -0.369464 0.681030 -0.216998 4.014685 -2.512774 -1.205179
0.508000 0.447629 0.036125 0.307037 -0.365443 0.678500 -0.218181 4.025871 -2.545581 -1.160734
0.509000 0.447266 0.036802 0.306818 -0.361412 0.675938 -0.219320 4.036093 -2.577635 -1.116512
0.510000 0.446907 0.037477 0.306599 -0.357371 0.673345 -0.220414 4.045309 -2.608775 -1.072650
0.511000 0.446551 0.038149 0.306378 -0.353321 0.670721 -0.221465 4.053567 -2.639031 -1.029201
0.512000 0.446200 0.038818 0.306156 -0.349264 0.668067 -0.222473 4.060969 -2.668578 -0.986134
0.513000 0.445853 0.039485 0.305933 -0.345199 0.665384 -0.223437 4.067508 -2.697418 -0.943454
0.514000 0.445509 0.040149 0.305709 -0.341129 0.662672 -0.224360 4.073078 -2.725386 -0.901215
0.515000 0.445170 0.040810 0.305484 -0.337053 0.659933 -0.225240 4.077664 -2.752478 -0.859415
0.516000 0.444835 0.041469 0.305258 -0.332973 0.657167 -0.226079 4.081340 -2.778870 -0.817988
0.517000 0.444504 0.042125 0.305032 -0.328891 0.654375 -0.226876 4.084105 -2.804602 -0.776906
0.518000 0.444178 0.042778 0.304804 -0.324805 0.651558 -0.227632 4.085858 -2.829528 -0.736205
0.519000 0.443855 0.043428 0.304576 -0.320719 0.648716 -0.228348 4.086520 -2.853499 -0.695954
0.520000 0.443536 0.044075 0.304348 -0.316632 0.645851 -0.229024 4.086054 -2.876363 -0.656283
0.521000 0.443222 0.044719 0.304118 -0.312547 0.642963 -0.229661 4.084443 -2.897967 -0.617354
0.522000 0.442911 0.045361 0.303888 -0.308463 0.640055 -0.230259 4.081747 -2.918337 -0.579238
0.523000 0.442605 0.046000 0.303658 -0.304383 0.637127 -0.230819 4.078064 -2.937641 -0.541906
0.524000 0.442302 0.046635 0.303427 -0.300307 0.634180 -0.231343 4.073397 -2.955876 -0.505354
0.525000 0.442004 0.047268 0.303195 -0.296236 0.631215 -0.231830 4.067667 -2.972881 -0.469630
0.526000 0.441710 0.047898 0.302963 -0.292172 0.628234 -0.232282 4.060865 -2.988651 -0.434723
0.527000 0.441420 0.048524 0.302731 -0.288115 0.625238 -0.232699 4.053053 -3.003362 -0.400548
0.528000 0.441134 0.049148 0.302498 -0.284066 0.622227 -0.233083 4.044216 -3.017076 -0.367046
0.529000 0.440852 0.049769 0.302264 -0.280026 0.619204 -0.233434 4.034257 -3.029720 -0.334195
0.530000 0.440574 0.050386 0.302031 -0.275997 0.616168 -0.233752 4.023160 -3.041356 -0.301938
0.531000 0.440300 0.051001 0.301797 -0.271980 0.613121 -0.234037 4.011012 -3.052177 -0.270221
0.532000 0.440030 0.051613 0.301563 -0.267975 0.610063 -0.234292 3.997882 -3.062238 -0.239107
0.533000 0.439764 0.052221 0.301328 -0.263984 0.606996 -0.234516 3.983780 -3.071419 -0.208756
0.534000 0.439502 0.052827 0.301094 -0.260008 0.603921 -0.234709 3.968683 -3.079579 -0.179301
0.535000 0.439244 0.053429 0.300859 -0.256047 0.600837 -0.234874 3.952521 -3.086541 -0.150829
0.536000 0.438990 0.054028 0.300624 -0.252103 0.597747 -0.235011 3.935193 -3.092112 -0.123403
0.537000 0.438739 0.054625 0.300389 -0.248176 0.594653 -0.235121 3.916677 -3.096284 -0.097009
0.538000 0.438493 0.055218 0.300154 -0.244269 0.591555 -0.235205 3.897035 -3.099230 -0.071572
0.539000 0.438251 0.055808 0.299919 -0.240382 0.588454 -0.235264 3.876285 -3.101032 -0.047053
0.540000 0.438012 0.056395 0.299683 -0.236517 0.585353 -0.235299 3.854391 -3.101653 -0.023463
0.541000 0.437778 0.056978 0.299448 -0.232674 0.582251 -0.235311 3.831372 -3.101174 -0.000766
0.542000 0.437547 0.057559 0.299213 -0.228854 0.579151 -0.235301 3.807313 -3.099786 0.021094
0.543000 0.437320 0.058137 0.298977 -0.225059 0.576052 -0.235269 3.782273 -3.097541 0.042078
0.544000 0.437097 0.058711 0.298742 -0.221289 0.572955 -0.235217 3.756269 -3.094354 0.062076
0.545000 0.436878 0.059283 0.298507 -0.217546 0.569863 -0.235145 3.729353 -3.090266 0.081050
0.546000 0.436662 0.059851 0.298272 -0.213831 0.566775 -0.235055 3.701595 -3.085427 0.099057
0.547000 0.436450 0.060416 0.298037 -0.210143 0.563692 -0.234947 3.672992 -3.079821 0.116130
0.548000 0.436242 0.060978 0.297802 -0.206485 0.560615 -0.234822 3.643466 -3.073258 0.132247
0.549000 0.436037 0.061537 0.297567 -0.202856 0.557546 -0.234682 3.612945 -3.065576 0.147389
0.550000 0.435836 0.062093 0.297333 -0.199259 0.554484 -0.234527 3.581369 -3.056673 0.161533
0.551000 0.435638 0.062646 0.297098 -0.195694 0.551432 -0.234359 3.548681 -3.046476 0.174658
0.552000 0.435444 0.063196 0.296864 -0.192161 0.548391 -0.234178 3.514888 -3.035063 0.186800
0.553000 0.435254 0.063743 0.296630 -0.188664 0.545362 -0.233986 3.480068 -3.022623 0.198023
0.554000 0.435067 0.064287 0.296396 -0.185201 0.542346 -0.233782 3.444292 -3.009226 0.208315
0.555000 0.434884 0.064828 0.296162 -0.181775 0.539344 -0.233569 3.407606 -2.994824 0.217597
0.556000 0.434704 0.065366 0.295929 -0.178386 0.536356 -0.233347 3.370078 -2.979479 0.225855
0.557000 0.434527 0.065901 0.295695 -0.175035 0.533385 -0.233117 3.331780 -2.963347 0.233143
0.558000 0.434354 0.066432 0.295462 -0.171723 0.530430 -0.232881 3.292726 -2.946437 0.239468
0.559000 0.434183 0.066961 0.295230 -0.168450 0.527492 -0.232638 3.252869 -2.928595 0.244775
0.560000 0.434017 0.067487 0.294997 -0.165217 0.524572 -0.232391 3.212162 -2.909687 0.249027
0.561000 0.433853 0.068011 0.294765 -0.162025 0.521672 -0.232140 3.170553 -2.889625 0.252215
0.562000 0.433693 0.068531 0.294533 -0.158876 0.518793 -0.231887 3.127987 -2.868342 0.254348
0.563000 0.433535 0.069048 0.294301 -0.155769 0.515936 -0.231632 3.084462 -2.845911 0.255483
0.564000 0.433381 0.069563 0.294070 -0.152707 0.513101 -0.231376 3.040040 -2.822510 0.255694
0.565000 0.433230 0.070074 0.293838 -0.149689 0.510291 -0.231120 2.994784 -2.798204 0.254966
0.566000 0.433082 0.070583 0.293607 -0.146717 0.507505 -0.230866 2.948741 -2.772948 0.253219
0.567000 0.432936 0.071089 0.293377 -0.143792 0.504745 -0.230614 2.901970 -2.746802 0.250436
0.568000 0.432794 0.071593 0.293146 -0.140913 0.502011 -0.230365 2.854542 -2.719922 0.246680
0.569000 0.432655 0.072093 0.292916 -0.138083 0.499305 -0.230120 2.806489 -2.692338 0.241980
0.570000 0.432518 0.072591 0.292686 -0.135300 0.496627 -0.229881 2.757805 -2.663937 0.236313
0.571000 0.432384 0.073087 0.292456 -0.132567 0.493977 -0.229648 2.708479 -2.634627 0.229664
0.572000 0.432253 0.073579 0.292227 -0.129883 0.491357 -0.229422 2.658500 -2.604361 0.222032
0.573000 0.432124 0.074069 0.291997 -0.127250 0.488768 -0.229204 2.607853 -2.573114 0.213426
0.574000 0.431998 0.074557 0.291768 -0.124668 0.486211 -0.228995 2.556558 -2.540980 0.203901
0.575000 0.431875 0.075042 0.291539 -0.122137 0.483686 -0.228796 2.504677 -2.508128 0.193539
0.576000 0.431754 0.075524 0.291311 -0.119658 0.481195 -0.228608 2.452272 -2.474599 0.182348
0.577000 0.431636 0.076004 0.291082 -0.117232 0.478737 -0.228431 2.399393 -2.440319 0.170279
0.578000 0.431520 0.076482 0.290854 -0.114859 0.476314 -0.228267 2.346099 -2.405323 0.157340
0.579000 0.431406 0.076957 0.290626 -0.112540 0.473927 -0.228116 2.292451 -2.369758 0.143598
0.580000 0.431294 0.077430 0.290398 -0.110275 0.471575 -0.227980 2.238481 -2.333681 0.129086
0.581000 0.431185 0.077900 0.290170 -0.108063 0.469259 -0.227858 2.184195 -2.297040 0.113788
0.582000 0.431078 0.078368 0.289942 -0.105906 0.466981 -0.227752 2.129619 -2.259888 0.097736
0.583000 0.430973 0.078834 0.289714 -0.103804 0.464739 -0.227663 2.074795 -2.222385 0.081021
0.584000 0.430871 0.079298 0.289487 -0.101757 0.462536 -0.227590 2.019744 -2.184604 0.063699
0.585000 0.430770 0.079759 0.289259 -0.099764 0.460370 -0.227535 1.964462 -2.146495 0.045775
0.586000 0.430671 0.080218 0.289031 -0.097828 0.458243 -0.227499 1.908963 -2.107997 0.027236
0.587000 0.430574 0.080675 0.288804 -0.095947 0.456154 -0.227481 1.853285 -2.069033 0.008038
0.588000 0.430479 0.081131 0.288577 -0.094121 0.454105 -0.227483 1.797484 -2.029514 -0.011879
0.589000 0.430386 0.081584 0.288349 -0.092352 0.452095 -0.227505 1.741622 -1.989479 -0.032508
0.590000 0.430295 0.082035 0.288121 -0.090638 0.450126 -0.227548 1.685750 -1.949073 -0.053770
0.591000 0.430205 0.082484 0.287894 -0.088980 0.448197 -0.227612 1.629877 -1.908352 -0.075609
0.592000 0.430117 0.082931 0.287666 -0.087378 0.446309 -0.227699 1.573989 -1.867280 -0.098008
0.593000 0.430030 0.083377 0.287439 -0.085832 0.444462 -0.227808 1.518094 -1.825912 -0.120910
0.594000 0.429945 0.083820 0.287211 -0.084342 0.442657 -0.227941 1.462223 -1.784408 -0.144225
0.595000 0.429861 0.084262 0.286983 -0.082908 0.440894 -0.228097 1.406404 -1.742844 -0.167921
0.596000 0.429779 0.084702 0.286754 -0.081529 0.439172 -0.228277 1.350649 -1.701186 -0.192024
0.597000 0.429698 0.085140 0.286526 -0.080206 0.437491 -0.228481 1.294977 -1.659388 -0.216561
0.598000 0.429619 0.085577 0.286297 -0.078939 0.435853 -0.228710 1.239421 -1.617388 -0.241561
0.599000 0.429540 0.086012 0.286069 -0.077727 0.434257 -0.228964 1.184020 -1.575113 -0.267050
0.600000 0.429463 0.086445 0.285840 -0.076571 0.432703 -0.229244 1.128824 -1.532608 -0.292995
0.601000 0.429387 0.086877 0.285610 -0.075470 0.431191 -0.229550 1.073888 -1.490020 -0.319317
0.602000 0.429312 0.087308 0.285380 -0.074423 0.429723 -0.229882 1.019259 -1.447416 -0.345980
0.603000 0.429238 0.087737 0.285150 -0.073431 0.428296 -0.230242 0.964975 -1.404773 -0.373001
0.604000 0.429165 0.088164 0.284920 -0.072493 0.426913 -0.230628 0.911081 -1.362154 -0.400345
0.605000 0.429093 0.088591 0.284689 -0.071609 0.425572 -0.231043 0.857617 -1.319713 -0.427931
0.606000 0.429022 0.089015 0.284458 -0.070778 0.424274 -0.231484 0.804599 -1.277510 -0.455723
0.607000 0.428952 0.089439 0.284226 -0.070000 0.423017 -0.231954 0.752031 -1.235519 -0.483735
0.608000 0.428882 0.089862 0.283994 -0.069274 0.421803 -0.232452 0.699926 -1.193795 -0.511931
0.609000 0.428813 0.090283 0.283761 -0.068600 0.420630 -0.232978 0.648323 -1.152477 -0.540227
0.610000 0.428745 0.090703 0.283528 -0.067977 0.419498 -0.233532 0.597259 -1.111595 -0.568586
0.611000 0.428677 0.091122 0.283294 -0.067406 0.418406 -0.234115 0.546765 -1.071063 -0.597032
0.612000 0.428610 0.091540 0.283060 -0.066884 0.417355 -0.234726 0.496860 -1.030808 -0.625585
0.613000 0.428544 0.091956 0.282825 -0.066412 0.416345 -0.235366 0.447549 -0.990791 -0.654269
0.614000 0.428477 0.092372 0.282589 -0.065989 0.415374 -0.236035 0.398826 -0.950986 -0.683102
0.615000 0.428412 0.092787 0.282353 -0.065614 0.414443 -0.236732 0.350703 -0.911469 -0.712047
0.616000 0.428346 0.093201 0.282116 -0.065287 0.413551 -0.237459 0.303215 -0.872390 -0.741016
0.617000 0.428281 0.093614 0.281878 -0.065008 0.412698 -0.238214 0.256395 -0.833802 -0.769968
0.618000 0.428216 0.094027 0.281639 -0.064775 0.411883 -0.238999 0.210274 -0.795664 -0.798909
0.619000 0.428152 0.094438 0.281400 -0.064587 0.411107 -0.239812 0.164887 -0.758024 -0.827796
0.620000 0.428087 0.094849 0.281160 -0.064445 0.410367 -0.240654 0.120278 -0.721020 -0.856540
0.621000 0.428023 0.095259 0.280918 -0.064347 0.409665 -0.241525 0.076482 -0.684697 -0.885096
0.622000 0.427958 0.095668 0.280677 -0.064292 0.408998 -0.242425 0.033524 -0.648992 -0.913479
0.623000 0.427894 0.096077 0.280434 -0.064280 0.408367 -0.243352 -0.008578 -0.613851 -0.941703
0.624000 0.427830 0.096485 0.280190 -0.064309 0.407770 -0.244308 -0.049824 -0.579234 -0.969782
0.625000 0.427765 0.096892 0.279945 -0.064379 0.407208 -0.245292 -0.090221 -0.545109 -0.997727
0.626000 0.427701 0.097299 0.279699 -0.064490 0.406680 -0.246303 -0.129759 -0.511544 -1.025493
0.627000 0.427636 0.097706 0.279452 -0.064639 0.406185 -0.247343 -0.168417 -0.478680 -1.052992
0.628000 0.427572 0.098112 0.279205 -0.064826 0.405723 -0.248409 -0.206187 -0.446564 -1.080201
0.629000 0.427507 0.098517 0.278956 -0.065051 0.405292 -0.249503 -0.243076 -0.415123 -1.107162
0.630000 0.427442 0.098922 0.278706 -0.065312 0.404892 -0.250624 -0.279092 -0.384280 -1.133906
0.631000 0.427376 0.099327 0.278454 -0.065609 0.404523 -0.251771 -0.314244 -0.353939 -1.160451
0.632000 0.427310 0.099731 0.278202 -0.065941 0.404185 -0.252945 -0.348539 -0.323997 -1.186803
0.633000 0.427244 0.100135 0.277948 -0.066306 0.403875 -0.254145 -0.381965 -0.294473 -1.212908
0.634000 0.427178 0.100539 0.277694 -0.066705 0.403596 -0.255371 -0.414488 -0.265504 -1.238672
0.635000 0.427111 0.100942 0.277438 -0.067135 0.403344 -0.256622 -0.446073 -0.237182 -1.264063
0.636000 0.427044 0.101346 0.277180 -0.067597 0.403121 -0.257899 -0.476689 -0.209524 -1.289102
0.637000 0.426976 0.101749 0.276922 -0.068089 0.402925 -0.259200 -0.506298 -0.182619 -1.313758
0.638000 0.426907 0.102152 0.276662 -0.068610 0.402756 -0.260526 -0.534866 -0.156606 -1.337940
0.639000 0.426838 0.102554 0.276401 -0.069159 0.402612 -0.261876 -0.562377 -0.131502 -1.361614
0.640000 0.426769 0.102957 0.276138 -0.069734 0.402493 -0.263249 -0.588840 -0.107198 -1.384810
0.641000 0.426699 0.103359 0.275874 -0.070336 0.402398 -0.264646 -0.614266 -0.083588 -1.407558
0.642000 0.426628 0.103762 0.275609 -0.070963 0.402326 -0.266064 -0.638684 -0.060564 -1.429887
0.643000 0.426557 0.104164 0.275342 -0.071614 0.402277 -0.267505 -0.662132 -0.038018 -1.451823
0.644000 0.426485 0.104566 0.275074 -0.072287 0.402250 -0.268968 -0.684620 -0.015965 -1.473325
0.645000 0.426412 0.104968 0.274804 -0.072983 0.402245 -0.270452 -0.706128 0.005469 -1.494306
0.646000 0.426339 0.105371 0.274533 -0.073699 0.402261 -0.271957 -0.726642 0.026220 -1.514746
0.647000 0.426265 0.105773 0.274260 -0.074436 0.402297 -0.273482 -0.746158 0.046304 -1.534685
0.648000 0.426190 0.106175 0.273986 -0.075192 0.402353 -0.275026 -0.764660 0.065660 -1.554103
0.649000 0.426115 0.106578 0.273710 -0.075965 0.402428 -0.276590 -0.782126 0.084160 -1.572916
0.650000 0.426038 0.106980 0.273433 -0.076756 0.402522 -0.278172 -0.798562 0.101790 -1.591101
0.651000 0.425961 0.107383 0.273154 -0.077563 0.402632 -0.279772 -0.813996 0.118632 -1.608692
0.652000 0.425883 0.107785 0.272873 -0.078384 0.402759 -0.281389 -0.828435 0.134677 -1.625663
0.653000 0.425804 0.108188 0.272591 -0.079219 0.402901 -0.283023 -0.841863 0.149816 -1.641924
0.654000 0.425725 0.108591 0.272307 -0.080068 0.403059 -0.284673 -0.854285 0.164038 -1.657445
0.655000 0.425644 0.108994 0.272022 -0.080928 0.403229 -0.286338 -0.865731 0.177446 -1.672271
0.656000 0.425563 0.109398 0.271735 -0.081799 0.403413 -0.288018 -0.876230 0.190126 -1.686444
0.657000 0.425481 0.109801 0.271446 -0.082680 0.403610 -0.289711 -0.885809 0.202135 -1.700006
0.658000 0.425398 0.110205 0.271155 -0.083571 0.403818 -0.291418 -0.894496 0.213510 -1.712996
0.659000 0.425314 0.110609 0.270863 -0.084469 0.404037 -0.293137 -0.902290 0.224191 -1.725377
0.660000 0.425229 0.111013 0.270569 -0.085375 0.404266 -0.294868 -0.909172 0.234057 -1.737046
0.661000 0.425143 0.111417 0.270273 -0.086288 0.404505 -0.296611 -0.915139 0.243120 -1.747962
0.662000 0.425056 0.111822 0.269976 -0.087206 0.404752 -0.298364 -0.920212 0.251493 -1.758143
0.663000 0.424968 0.112227 0.269677 -0.088128 0.405008 -0.300127 -0.924387 0.259190 -1.767545
0.664000 0.424880 0.112632 0.269376 -0.089054 0.405271 -0.301900 -0.927652 0.266110 -1.776070
0.665000 0.424790 0.113037 0.269073 -0.089984 0.405540 -0.303680 -0.930026 0.272243 -1.783697
0.666000 0.424700 0.113443 0.268768 -0.090915 0.405815 -0.305467 -0.931564 0.277689 -1.790485
0.667000 0.424608 0.113849 0.268462 -0.091847 0.406095 -0.307261 -0.932309 0.282532 -1.796495
0.668000 0.424516 0.114255 0.268154 -0.092779 0.406380 -0.309060 -0.932291 0.286825 -1.801787
0.669000 0.424423 0.114662 0.267844 -0.093711 0.406669 -0.310864 -0.931527 0.290603 -1.806415
0.670000 0.424329 0.115069 0.267532 -0.094642 0.406961 -0.312673 -0.930011 0.293803 -1.810350
0.671000 0.424234 0.115476 0.267218 -0.095571 0.407257 -0.314485 -0.927722 0.296303 -1.813492
0.672000 0.424138 0.115883 0.266903 -0.096498 0.407554 -0.316300 -0.924674 0.298109 -1.815807
0.673000 0.424041 0.116291 0.266586 -0.097421 0.407853 -0.318116 -0.920910 0.299334 -1.817328
0.674000 0.423943 0.116699 0.266267 -0.098339 0.408153 -0.319934 -0.916445 0.299989 -1.818020
0.675000 0.423844 0.117107 0.265946 -0.099253 0.408453 -0.321753 -0.911264 0.299982 -1.817784
0.676000 0.423744 0.117516 0.265623 -0.100162 0.408753 -0.323570 -0.905381 0.299324 -1.816608
0.677000 0.423644 0.117925 0.265299 -0.101064 0.409052 -0.325386 -0.898839 0.298146 -1.814568
0.678000 0.423542 0.118334 0.264972 -0.101960 0.409349 -0.327199 -0.891685 0.296554 -1.811740
0.679000 0.423440 0.118743 0.264644 -0.102848 0.409645 -0.329009 -0.883962 0.294609 -1.808201
0.680000 0.423336 0.119153 0.264314 -0.103728 0.409938 -0.330815 -0.875713 0.292344 -1.804022
0.681000 0.423232 0.119563 0.263983 -0.104599 0.410229 -0.332617 -0.866947 0.289692 -1.799182
0.682000 0.423127 0.119974 0.263649 -0.105461 0.410518 -0.334414 -0.857643 0.286529 -1.793581
0.683000 0.423021 0.120384 0.263314 -0.106314 0.410802 -0.336204 -0.847808 0.282857 -1.787193
0.684000 0.422915 0.120795 0.262977 -0.107157 0.411083 -0.337988 -0.837481 0.278809 -1.780087
0.685000 0.422807 0.121206 0.262638 -0.107989 0.411360 -0.339765 -0.826701 0.274512 -1.772336
0.686000 0.422699 0.121618 0.262297 -0.108810 0.411632 -0.341533 -0.815506 0.270074 -1.764029
0.687000 0.422589 0.122030 0.261955 -0.109620 0.411900 -0.343293 -0.803933 0.265595 -1.755259
0.688000 0.422479 0.122442 0.261611 -0.110418 0.412164 -0.345043 -0.791985 0.261052 -1.746019
0.689000 0.422369 0.122854 0.261265 -0.111204 0.412422 -0.346785 -0.779636 0.256321 -1.736220
0.690000 0.422257 0.123266 0.260917 -0.111978 0.412676 -0.348516 -0.766887 0.251353 -1.725849
0.691000 0.422145 0.123679 0.260568 -0.112738 0.412925 -0.350236 -0.753764 0.246190 -1.714976
0.692000 0.422031 0.124092 0.260217 -0.113485 0.413169 -0.351946 -0.740268 0.240784 -1.703587
0.693000 0.421918 0.124506 0.259864 -0.114219 0.413407 -0.353644 -0.726369 0.235008 -1.691572
0.694000 0.421803 0.124919 0.259509 -0.114938 0.413639 -0.355329 -0.712066 0.228839 -1.678890
0.695000 0.421688 0.125333 0.259153 -0.115643 0.413864 -0.357001 -0.697382 0.222349 -1.665568
0.696000 0.421572 0.125747 0.258795 -0.116333 0.414083 -0.358660 -0.682316 0.215518 -1.651564
0.697000 0.421455 0.126161 0.258436 -0.117007 0.414295 -0.360304 -0.666847 0.208237 -1.636784
0.698000 0.421338 0.126575 0.258075 -0.117666 0.414500 -0.361934 -0.650996 0.200509 -1.621254
0.699000 0.421220 0.126990 0.257712 -0.118309 0.414696 -0.363547 -0.634825 0.192463 -1.605117
0.700000 0.421101 0.127405 0.257348 -0.118936 0.414885 -0.365144 -0.618386 0.184210 -1.588499
0.701000 0.420982 0.127820 0.256982 -0.119546 0.415065 -0.366724 -0.601718 0.175830 -1.571494
0.702000 0.420862 0.128235 0.256614 -0.120139 0.415236 -0.368287 -0.584848 0.167385 -1.554177
0.703000 0.420742 0.128650 0.256245 -0.120716 0.415399 -0.369832 -0.567770 0.158828 -1.536516
0.704000 0.420621 0.129066 0.255874 -0.121275 0.415554 -0.371360 -0.550458 0.150027 -1.518397
0.705000 0.420499 0.129481 0.255502 -0.121817 0.415700 -0.372869 -0.532930 0.140957 -1.499784
0.706000 0.420377 0.129897 0.255129 -0.122341 0.415836 -0.374359 -0.515235 0.131690 -1.480723
0.707000 0.420254 0.130313 0.254754 -0.122847 0.415963 -0.375831 -0.497390 0.122199 -1.461180
0.708000 0.420131 0.130729 0.254377 -0.123336 0.416080 -0.377282 -0.479366 0.112366 -1.441053
0.709000 0.420008 0.131145 0.253999 -0.123806 0.416188 -0.378713 -0.461155 0.102165 -1.420354
0.710000 0.419884 0.131561 0.253620 -0.124258 0.416285 -0.380123 -0.442780 0.091690 -1.399211
0.711000 0.419759 0.131978 0.253239 -0.124691 0.416371 -0.381511 -0.424261 0.081024 -1.377746
0.712000 0.419634 0.132394 0.252857 -0.125106 0.416447 -0.382878 -0.405620 0.070236 -1.356060
0.713000 0.419509 0.132811 0.252473 -0.125503 0.416511 -0.384223 -0.386879 0.059385 -1.334248
0.714000 0.419383 0.133227 0.252088 -0.125880 0.416565 -0.385547 -0.368025 0.048421 -1.312289
0.715000 0.419257 0.133644 0.251702 -0.126239 0.416608 -0.386848 -0.349028 0.037214 -1.290073
0.716000 0.419131 0.134060 0.251315 -0.126578 0.416640 -0.388127 -0.329899 0.025736 -1.267576
0.717000 0.419004 0.134477 0.250926 -0.126899 0.416660 -0.389383 -0.310692 0.014081 -1.244888
0.718000 0.418877 0.134894 0.250536 -0.127200 0.416668 -0.390616 -0.291452 0.002344 -1.222104
0.719000 0.418750 0.135310 0.250145 -0.127481 0.416664 -0.391827 -0.272207 -0.009383 -1.199333
0.720000 0.418622 0.135727 0.249752 -0.127744 0.416649 -0.393015 -0.252979 -0.021006 -1.176691
0.721000 0.418494 0.136144 0.249358 -0.127987 0.416622 -0.394181 -0.233753 -0.032551 -1.154178
0.722000 0.418366 0.136560 0.248964 -0.128212 0.416584 -0.395323 -0.214498 -0.044138 -1.131696
0.723000 0.418238 0.136977 0.248568 -0.128416 0.416534 -0.396444 -0.195221 -0.055792 -1.109239
0.724000 0.418109 0.137393 0.248171 -0.128602 0.416473 -0.397542 -0.175969 -0.067444 -1.086900
0.725000 0.417981 0.137810 0.247773 -0.128768 0.416399 -0.398618 -0.156749 -0.079117 -1.064668
0.726000 0.417852 0.138226 0.247374 -0.128916 0.416314 -0.399671 -0.137529 -0.090933 -1.042420
0.727000 0.417723 0.138642 0.246973 -0.129043 0.416217 -0.400703 -0.118294 -0.102917 -1.020097
0.728000 0.417594 0.139059 0.246572 -0.129152 0.416108 -0.401711 -0.099060 -0.114976 -0.997742
0.729000 0.417464 0.139475 0.246170 -0.129242 0.415987 -0.402698 -0.079843 -0.127026 -0.975424
0.730000 0.417335 0.139891 0.245767 -0.129312 0.415854 -0.403662 -0.060662 -0.138998 -0.953254
0.731000 0.417206 0.140306 0.245363 -0.129363 0.415709 -0.404605 -0.041533 -0.150832 -0.931371
0.732000 0.417076 0.140722 0.244958 -0.129395 0.415553 -0.405525 -0.022441 -0.162577 -0.909786
0.733000 0.416947 0.141138 0.244552 -0.129408 0.415384 -0.406424 -0.003351 -0.174365 -0.888400
0.734000 0.416818 0.141553 0.244145 -0.129402 0.415204 -0.407302 0.015729 -0.186220 -0.867201
0.735000 0.416688 0.141968 0.243737 -0.129376 0.415012 -0.408159 0.034754 -0.198070 -0.846268
0.736000 0.416559 0.142383 0.243328 -0.129332 0.414808 -0.408994 0.053715 -0.209941 -0.825582
0.737000 0.416430 0.142798 0.242919 -0.129269 0.414592 -0.409810 0.072636 -0.221950 -0.805021
0.738000 0.416300 0.143212 0.242509 -0.129187 0.414364 -0.410604 0.091507 -0.234122 -0.784541
0.739000 0.416171 0.143626 0.242098 -0.129086 0.414124 -0.411379 0.110284 -0.246384 -0.764185
0.740000 0.416042 0.144040 0.241686 -0.128966 0.413871 -0.412133 0.128958 -0.258761 -0.743908
0.741000 0.415913 0.144454 0.241274 -0.128828 0.413606 -0.412867 0.147564 -0.271381 -0.723595
0.742000 0.415784 0.144867 0.240860 -0.128671 0.413328 -0.413580 0.166116 -0.284293 -0.703248
0.743000 0.415656 0.145281 0.240446 -0.128496 0.413038 -0.414273 0.184596 -0.297433 -0.682996
0.744000 0.415527 0.145694 0.240032 -0.128302 0.412734 -0.414946 0.202974 -0.310731 -0.662952
0.745000 0.415399 0.146106 0.239616 -0.128090 0.412416 -0.415599 0.221210 -0.324098 -0.643195
0.746000 0.415271 0.146518 0.239201 -0.127859 0.412085 -0.416232 0.239250 -0.337439 -0.623788
0.747000 0.415144 0.146930 0.238784 -0.127611 0.411741 -0.416847 0.257084 -0.350775 -0.604680
0.748000 0.415016 0.147342 0.238367 -0.127345 0.411384 -0.417442 0.274747 -0.364222 -0.585729
0.749000 0.414889 0.147753 0.237949 -0.127062 0.411013 -0.418018 0.292251 -0.377800 -0.566882
0.750000 0.414762 0.148164 0.237531 -0.126761 0.410628 -0.418576 0.309585 -0.391433 -0.548176
0.751000 0.414635 0.148574 0.237112 -0.126443 0.410230 -0.419114 0.326764 -0.405143 -0.529559
0.752000 0.414509 0.148984 0.236693 -0.126107 0.409818 -0.419635 0.343829 -0.419054 -0.510909
0.753000 0.414383 0.149394 0.236273 -0.125755 0.409392 -0.420136 0.360794 -0.433212 -0.492222
0.754000 0.414258 0.149803 0.235852 -0.125386 0.408952 -0.420619 0.377639 -0.447548 -0.473622
0.755000 0.414132 0.150212 0.235431 -0.125000 0.408497 -0.421083 0.394331 -0.461989 -0.455224
0.756000 0.414008 0.150620 0.235010 -0.124597 0.408028 -0.421530 0.410826 -0.476442 -0.437128
0.757000 0.413883 0.151028 0.234588 -0.124178 0.407544 -0.421958 0.427067 -0.490807 -0.419426
0.758000 0.413759 0.151435 0.234166 -0.123743 0.407046 -0.422368 0.443041 -0.505101 -0.402084
0.759000 0.413636 0.151842 0.233744 -0.123292 0.406534 -0.422762 0.458778 -0.519436 -0.384955
0.760000 0.413513 0.152248 0.233321 -0.122825 0.406007 -0.423138 0.474288 -0.533827 -0.367957
0.761000 0.413390 0.152654 0.232897 -0.122343 0.405466 -0.423498 0.489554 -0.548194 -0.351086
0.762000 0.413268 0.153059 0.232474 -0.121846 0.404911 -0.423840 0.504588 -0.562553 -0.334260
0.763000 0.413146 0.153464 0.232050 -0.121334 0.404341 -0.424166 0.519427 -0.577012 -0.317343
0.764000 0.413025 0.153868 0.231625 -0.120807 0.403757 -0.424475 0.534081 -0.591585 -0.300323
0.765000 0.412905 0.154271 0.231201 -0.120266 0.403158 -0.424767 0.548531 -0.606190 -0.283297
0.766000 0.412785 0.154674 0.230776 -0.119710 0.402544 -0.425042 0.562784 -0.620842 -0.266258
0.767000 0.412665 0.155076 0.230351 -0.119140 0.401916 -0.425299 0.576865 -0.635656 -0.249086
0.768000 0.412546 0.155478 0.229925 -0.118557 0.401273 -0.425540 0.590757 -0.650671 -0.231751
0.769000 0.412428 0.155879 0.229500 -0.117959 0.400615 -0.425763 0.604405 -0.665834 -0.214313
0.770000 0.412311 0.156279 0.229074 -0.117348 0.399941 -0.425969 0.617791 -0.681185 -0.196737
0.771000 0.412193 0.156679 0.228648 -0.116723 0.399252 -0.426156 0.630937 -0.696847 -0.178883
0.772000 0.412077 0.157078 0.228221 -0.116086 0.398548 -0.426326 0.643846 -0.712856 -0.160691
0.773000 0.411961 0.157476 0.227795 -0.115436 0.397827 -0.426478 0.656492 -0.729136 -0.142213
0.774000 0.411846 0.157873 0.227368 -0.114773 0.397089 -0.426611 0.668855 -0.745600 -0.123519
0.775000 0.411732 0.158270 0.226942 -0.114098 0.396335 -0.426725 0.680930 -0.762147 -0.104706
0.776000 0.411618 0.158666 0.226515 -0.113411 0.395565 -0.426820 0.692719 -0.778664 -0.085892
0.777000 0.411505 0.159061 0.226088 -0.112712 0.394778 -0.426897 0.704250 -0.795157 -0.067067
0.778000 0.411393 0.159456 0.225661 -0.112003 0.393975 -0.426954 0.715562 -0.811725 -0.048110
0.779000 0.411281 0.159849 0.225234 -0.111281 0.393155 -0.426993 0.726656 -0.828371 -0.028988
0.780000 0.411170 0.160242 0.224807 -0.110549 0.392318 -0.427012 0.737506 -0.845004 -0.009760
0.781000 0.411060 0.160634 0.224380 -0.109806 0.391465 -0.427012 0.748111 -0.861629 0.009610
0.782000 0.410950 0.161025 0.223953 -0.109053 0.390595 -0.426993 0.758497 -0.878361 0.029262
0.783000 0.410842 0.161415 0.223526 -0.108289 0.389708 -0.426954 0.768661 -0.895254 0.049259
0.784000 0.410734 0.161804 0.223099 -0.107516 0.388804 -0.426895 0.778574 -0.912279 0.069574
0.785000 0.410627 0.162193 0.222672 -0.106732 0.387883 -0.426815 0.788233 -0.929485 0.090266
0.786000 0.410520 0.162580 0.222246 -0.105939 0.386945 -0.426714 0.797672 -0.946987 0.111466
0.787000 0.410415 0.162967 0.221819 -0.105137 0.385989 -0.426592 0.806912 -0.964785 0.133185
0.788000 0.410310 0.163352 0.221393 -0.104325 0.385016 -0.426448 0.815944 -0.982756 0.155304
0.789000 0.410206 0.163737 0.220966 -0.103505 0.384024 -0.426281 0.824743 -1.000787 0.177714
0.790000 0.410103 0.164120 0.220540 -0.102676 0.383014 -0.426092 0.833252 -1.018778 0.200321
0.791000 0.410001 0.164503 0.220114 -0.101838 0.381986 -0.425881 0.841397 -1.036639 0.223039
0.792000 0.409899 0.164884 0.219688 -0.100993 0.380941 -0.425646 0.849144 -1.054388 0.245905
0.793000 0.409799 0.165265 0.219263 -0.100140 0.379878 -0.425389 0.856512 -1.072144 0.269057
0.794000 0.409699 0.165644 0.218837 -0.099280 0.378797 -0.425108 0.863513 -1.089950 0.292555
0.795000 0.409600 0.166022 0.218412 -0.098413 0.377698 -0.424804 0.870142 -1.107766 0.316372
0.796000 0.409502 0.166399 0.217988 -0.097540 0.376581 -0.424475 0.876414 -1.125634 0.340565
0.797000 0.409405 0.166775 0.217563 -0.096660 0.375446 -0.424122 0.882362 -1.143666 0.365263
0.798000 0.409309 0.167150 0.217140 -0.095775 0.374294 -0.423745 0.888001 -1.161877 0.390473
0.799000 0.409214 0.167524 0.216716 -0.094884 0.373123 -0.423342 0.893322 -1.180191 0.416099
0.800000 0.409119 0.167896 0.216293 -0.093988 0.371933 -0.422913 0.898336 -1.198617 0.442146
0.801000 0.409026 0.168268 0.215870 -0.093088 0.370725 -0.422457 0.903074 -1.217255 0.468720
0.802000 0.408933 0.168638 0.215448 -0.092182 0.369499 -0.421975 0.907546 -1.236111 0.495825
0.803000 0.408841 0.169007 0.215026 -0.091273 0.368253 -0.421466 0.911739 -1.255106 0.523363
0.804000 0.408750 0.169374 0.214605 -0.090359 0.366989 -0.420928 0.915662 -1.274246 0.551340
0.805000 0.408661 0.169741 0.214184 -0.089441 0.365705 -0.420363 0.919342 -1.293636 0.579881
0.806000 0.408572 0.170106 0.213764 -0.088520 0.364401 -0.419769 0.922784 -1.313303 0.609040
0.807000 0.408484 0.170469 0.213345 -0.087596 0.363078 -0.419145 0.925971 -1.333177 0.638757
0.808000 0.408396 0.170832 0.212926 -0.086668 0.361735 -0.418491 0.928890 -1.353194 0.668958
0.809000 0.408310 0.171193 0.212508 -0.085738 0.360372 -0.417807 0.931546 -1.373304 0.699537
0.810000 0.408225 0.171553 0.212090 -0.084805 0.358988 -0.417092 0.933950 -1.393465 0.730367
0.811000 0.408141 0.171911 0.211674 -0.083870 0.357585 -0.416346 0.936126 -1.413724 0.761451
0.812000 0.408057 0.172268 0.211258 -0.082933 0.356161 -0.415569 0.938096 -1.434187 0.792898
0.813000 0.407975 0.172623 0.210843 -0.081994 0.354716 -0.414760 0.939836 -1.454850 0.824731
0.814000 0.407893 0.172977 0.210428 -0.081053 0.353251 -0.413920 0.941290 -1.475619 0.856879
0.815000 0.407813 0.173330 0.210015 -0.080111 0.351765 -0.413047 0.942433 -1.496487 0.889367
0.816000 0.407733 0.173681 0.209602 -0.079168 0.350258 -0.412141 0.943281 -1.517554 0.922321
0.817000 0.407654 0.174030 0.209190 -0.078225 0.348730 -0.411202 0.943856 -1.538860 0.955790
0.818000 0.407577 0.174378 0.208780 -0.077281 0.347181 -0.410229 0.944164 -1.560370 0.989732
0.819000 0.407500 0.174725 0.208370 -0.076336 0.345609 -0.409223 0.944227 -1.582124 1.024192
0.820000 0.407424 0.175069 0.207961 -0.075392 0.344016 -0.408181 0.944080 -1.604223 1.059294
0.821000 0.407349 0.175413 0.207554 -0.074448 0.342401 -0.407104 0.943741 -1.626680 1.095058
0.822000 0.407275 0.175754 0.207147 -0.073505 0.340763 -0.405991 0.943216 -1.649422 1.131404
0.823000 0.407202 0.176094 0.206742 -0.072562 0.339102 -0.404841 0.942522 -1.672454 1.168348
0.824000 0.407130 0.176432 0.206337 -0.071620 0.337418 -0.403654 0.941677 -1.695864 1.206000
0.825000 0.407059 0.176769 0.205934 -0.070678 0.335710 -0.402429 0.940673 -1.719655 1.244372
0.826000 0.406988 0.177104 0.205532 -0.069738 0.333979 -0.401165 0.939477 -1.743747 1.283383
0.827000 0.406919 0.177437 0.205132 -0.068799 0.332223 -0.399862 0.938077 -1.768143 1.323044
0.828000 0.406851 0.177768 0.204733 -0.067862 0.330442 -0.398519 0.936490 -1.792944 1.363470
0.829000 0.406783 0.178098 0.204335 -0.066926 0.328637 -0.397135 0.934726 -1.818197 1.404696
0.830000 0.406717 0.178426 0.203938 -0.065993 0.326806 -0.395710 0.932782 -1.843867 1.446642
0.831000 0.406651 0.178751 0.203544 -0.065061 0.324949 -0.394242 0.930660 -1.869915 1.489222
0.832000 0.406587 0.179075 0.203150 -0.064131 0.323066 -0.392731 0.928380 -1.896301 1.532329
0.833000 0.406523 0.179398 0.202758 -0.063204 0.321157 -0.391177 0.925966 -1.922986 1.575851
0.834000 0.406460 0.179718 0.202368 -0.062279 0.319220 -0.389580 0.923450 -1.950007 1.619789
0.835000 0.406399 0.180036 0.201979 -0.061357 0.317257 -0.387938 0.920853 -1.977453 1.664250
0.836000 0.406338 0.180352 0.201592 -0.060438 0.315265 -0.386251 0.918155 -2.005310 1.709256
0.837000 0.406278 0.180667 0.201206 -0.059521 0.313246 -0.384519 0.915312 -2.033461 1.754721
0.838000 0.406219 0.180979 0.200823 -0.058607 0.311198 -0.382742 0.912286 -2.061806 1.800557
0.839000 0.406161 0.181289 0.200441 -0.057696 0.309122 -0.380918 0.909052 -2.090272 1.846673
0.840000 0.406103 0.181597 0.200061 -0.056789 0.307018 -0.379048 0.905592 -2.118781 1.892956
0.841000 0.406047 0.181903 0.199683 -0.055885 0.304885 -0.377132 0.901900 -2.147279 1.939311
0.842000 0.405992 0.182207 0.199307 -0.054985 0.302723 -0.375170 0.897986 -2.175706 1.985644
0.843000 0.405937 0.182508 0.198932 -0.054089 0.300533 -0.373161 0.893866 -2.204001 2.031856
0.844000 0.405883 0.182808 0.198560 -0.053197 0.298315 -0.371106 0.889564 -2.232185 2.077962
0.845000 0.405831 0.183105 0.198190 -0.052310 0.296069 -0.369005 0.885103 -2.260335 2.124067
0.846000 0.405779 0.183400 0.197822 -0.051427 0.293795 -0.366858 0.880481 -2.288444 2.170205
0.847000 0.405728 0.183693 0.197457 -0.050549 0.291492 -0.364665 0.875681 -2.316424 2.216326
0.848000 0.405678 0.183983 0.197093 -0.049676 0.289162 -0.362425 0.870698 -2.344265 2.262458
0.849000 0.405628 0.184271 0.196732 -0.048808 0.286804 -0.360140 0.865552 -2.372047 2.308702
0.850000 0.405580 0.184557 0.196373 -0.047945 0.284418 -0.357808 0.860261 -2.399801 2.355056
0.851000 0.405533 0.184840 0.196016 -0.047087 0.282004 -0.355430 0.854837 -2.427486 2.401410
0.852000 0.405486 0.185121 0.195662 -0.046235 0.279563 -0.353005 0.849291 -2.455055 2.447668
0.853000 0.405440 0.185399 0.195310 -0.045389 0.277094 -0.350534 0.843633 -2.482462 2.493762
0.854000 0.405395 0.185675 0.194961 -0.044548 0.274598 -0.348018 0.837872 -2.509656 2.539640
0.855000 0.405351 0.185948 0.194614 -0.043713 0.272075 -0.345455 0.832022 -2.536659 2.585339
0.856000 0.405308 0.186219 0.194270 -0.042884 0.269524 -0.342847 0.826095 -2.563545 2.630964
0.857000 0.405265 0.186487 0.193928 -0.042061 0.266947 -0.340193 0.820082 -2.590306 2.676526
0.858000 0.405224 0.186753 0.193589 -0.041244 0.264344 -0.337494 0.813956 -2.616864 2.721950
0.859000 0.405183 0.187016 0.193253 -0.040433 0.261714 -0.334749 0.807704 -2.643210 2.767239
0.860000 0.405143 0.187276 0.192920 -0.039628 0.259057 -0.331959 0.801337 -2.669416 2.812476
0.861000 0.405103 0.187534 0.192589 -0.038830 0.256375 -0.329124 0.794863 -2.695515 2.857660
0.862000 0.405065 0.187789 0.192262 -0.038038 0.253666 -0.326244 0.788288 -2.721487 2.902705
0.863000 0.405027 0.188041 0.191937 -0.037254 0.250932 -0.323319 0.781620 -2.747360 2.947605
0.864000 0.404991 0.188291 0.191615 -0.036475 0.248172 -0.320349 0.774878 -2.773208 2.992442
0.865000 0.404954 0.188538 0.191296 -0.035704 0.245386 -0.317334 0.768069 -2.799029 3.037229
0.866000 0.404919 0.188782 0.190980 -0.034939 0.242574 -0.314274 0.761193 -2.824742 3.081884
0.867000 0.404885 0.189023 0.190668 -0.034181 0.239736 -0.311170 0.754249 -2.850252 3.126321
0.868000 0.404851 0.189261 0.190358 -0.033431 0.236873 -0.308022 0.747235 -2.875449 3.170455
0.869000 0.404818 0.189497 0.190052 -0.032687 0.233985 -0.304829 0.740148 -2.900208 3.214193
0.870000 0.404785 0.189729 0.189748 -0.031950 0.231073 -0.301593 0.732993 -2.924494 3.257535
0.871000 0.404754 0.189959 0.189448 -0.031221 0.228136 -0.298314 0.725781 -2.948358 3.300553
0.872000 0.404723 0.190185 0.189152 -0.030499 0.225176 -0.294992 0.718516 -2.971830 3.343239
0.873000 0.404693 0.190409 0.188858 -0.029784 0.222193 -0.291628 0.711193 -2.994892 3.385509
0.874000 0.404663 0.190630 0.188569 -0.029076 0.219186 -0.288221 0.703815 -3.017570 3.427353
0.875000 0.404635 0.190847 0.188282 -0.028376 0.216157 -0.284773 0.696389 -3.039927 3.468850
0.876000 0.404607 0.191062 0.187999 -0.027684 0.213106 -0.281284 0.688918 -3.061959 3.510029
0.877000 0.404579 0.191274 0.187719 -0.026998 0.210033 -0.277753 0.681394 -3.083603 3.550862
0.878000 0.404553 0.191482 0.187443 -0.026321 0.206939 -0.274182 0.673817 -3.104845 3.591371
0.879000 0.404527 0.191688 0.187171 -0.025651 0.203824 -0.270570 0.666193 -3.125716 3.631623
0.880000 0.404501 0.191890 0.186902 -0.024988 0.200688 -0.266919 0.658519 -3.146173 3.671586
0.881000 0.404477 0.192089 0.186637 -0.024334 0.197531 -0.263227 0.650786 -3.166107 3.711149
0.882000 0.404453 0.192285 0.186376 -0.023687 0.194355 -0.259496 0.642992 -3.185471 3.750272
0.883000 0.404429 0.192478 0.186118 -0.023048 0.191160 -0.255727 0.635138 -3.204304 3.788996
0.884000 0.404407 0.192667 0.185864 -0.022417 0.187947 -0.251918 0.627222 -3.222626 3.827298
0.885000 0.404384 0.192854 0.185614 -0.021793 0.184715 -0.248072 0.619230 -3.240406 3.865071
0.886000 0.404363 0.193037 0.185368 -0.021178 0.181466 -0.244188 0.611159 -3.257601 3.902211
0.887000 0.404342 0.193216 0.185126 -0.020571 0.178200 -0.240268 0.603021 -3.274150 3.938627
0.888000 0.404322 0.193393 0.184888 -0.019972 0.174918 -0.236311 0.594834 -3.289979 3.974233
0.889000 0.404302 0.193566 0.184653 -0.019381 0.171620 -0.232319 0.586615 -3.305069 4.009014
0.890000 0.404283 0.193736 0.184423 -0.018799 0.168308 -0.228293 0.578374 -3.319435 4.043005
0.891000 0.404265 0.193903 0.184197 -0.018225 0.164981 -0.224233 0.570103 -3.333028 4.076160
0.892000 0.404247 0.194066 0.183975 -0.017659 0.161642 -0.220141 0.561788 -3.345737 4.108359
0.893000 0.404229 0.194226 0.183757 -0.017101 0.158290 -0.216016 0.553419 -3.357507 4.139548
0.894000 0.404212 0.194383 0.183543 -0.016552 0.154927 -0.211861 0.545003 -3.368353 4.169746
0.895000 0.404196 0.194536 0.183333 -0.016011 0.151553 -0.207677 0.536555 -3.378259 4.198915
0.896000 0.404180 0.194686 0.183127 -0.015479 0.148170 -0.203464 0.528090 -3.387162 4.226941
0.897000 0.404165 0.194832 0.182926 -0.014955 0.144779 -0.199223 0.519612 -3.394993 4.253712
0.898000 0.404150 0.194975 0.182729 -0.014439 0.141380 -0.194956 0.511110 -3.401681 4.279129
0.899000 0.404136 0.195115 0.182536 -0.013933 0.137975 -0.190665 0.502565 -3.407151 4.303098
0.900000 0.404123 0.195251 0.182347 -0.013434 0.134566 -0.186350 0.493965 -3.411375 4.325585
0.901000 0.404109 0.195384 0.182163 -0.012945 0.131153 -0.182014 0.485313 -3.414352 4.346603
0.902000 0.404097 0.195514 0.181983 -0.012464 0.127737 -0.177657 0.476621 -3.416024 4.366087
0.903000 0.404085 0.195640 0.181808 -0.011991 0.124321 -0.173281 0.467898 -3.416271 4.383891
0.904000 0.404073 0.195762 0.181637 -0.011528 0.120904 -0.168889 0.459148 -3.414984 4.399865
0.905000 0.404061 0.195882 0.181470 -0.011073 0.117491 -0.164482 0.450355 -3.412087 4.413855
0.906000 0.404051 0.195997 0.181308 -0.010627 0.114080 -0.160061 0.441497 -3.407511 4.425701
0.907000 0.404040 0.196110 0.181150 -0.010190 0.110676 -0.155630 0.432559 -3.401234 4.435322
0.908000 0.404030 0.196219 0.180997 -0.009762 0.107278 -0.151191 0.423542 -3.393264 4.442706
0.909000 0.404021 0.196324 0.180848 -0.009343 0.103889 -0.146745 0.414453 -3.383570 4.447811
0.910000 0.404012 0.196426 0.180703 -0.008933 0.100511 -0.142295 0.405302 -3.372075 4.450529
0.911000 0.404003 0.196525 0.180563 -0.008532 0.097145 -0.137844 0.396097 -3.358691 4.450741
0.912000 0.403994 0.196621 0.180428 -0.008141 0.093793 -0.133394 0.386847 -3.343310 4.448309
0.913000 0.403987 0.196713 0.180296 -0.007759 0.090458 -0.128947 0.377561 -3.325813 4.443080
0.914000 0.403979 0.196802 0.180170 -0.007386 0.087142 -0.124507 0.368245 -3.306132 4.434965
0.915000 0.403972 0.196887 0.180047 -0.007022 0.083846 -0.120077 0.358908 -3.284260 4.423924
0.916000 0.403965 0.196969 0.179929 -0.006668 0.080573 -0.115660 0.349556 -3.260197 4.409859
0.917000 0.403958 0.197048 0.179816 -0.006323 0.077326 -0.111257 0.340196 -3.233918 4.392613
0.918000 0.403952 0.197124 0.179707 -0.005988 0.074105 -0.106874 0.330835 -3.205418 4.372080
0.919000 0.403946 0.197197 0.179602 -0.005661 0.070915 -0.102513 0.321478 -3.174700 4.348214
0.920000 0.403941 0.197266 0.179502 -0.005345 0.067756 -0.098178 0.312131 -3.141726 4.320925
0.921000 0.403936 0.197332 0.179406 -0.005037 0.064631 -0.093871 0.302799 -3.106420 4.290059
0.922000 0.403931 0.197395 0.179314 -0.004739 0.061543 -0.089598 0.293488 -3.068692 4.255450
0.923000 0.403926 0.197455 0.179227 -0.004450 0.058494 -0.085361 0.284202 -3.028438 4.216912
0.924000 0.403922 0.197512 0.179143 -0.004171 0.055486 -0.081164 0.274946 -2.985537 4.174247
0.925000 0.403918 0.197566 0.179064 -0.003900 0.052523 -0.077012 0.265724 -2.939914 4.127319
0.926000 0.403914 0.197617 0.178989 -0.003639 0.049606 -0.072909 0.256540 -2.891539 4.076053
0.927000 0.403911 0.197665 0.178919 -0.003387 0.046740 -0.068860 0.247397 -2.840377 4.020331
0.928000 0.403907 0.197711 0.178852 -0.003144 0.043926 -0.064869 0.238297 -2.786368 3.959973
0.929000 0.403904 0.197753 0.178789 -0.002911 0.041167 -0.060940 0.229234 -2.729448 3.894804
0.930000 0.403902 0.197793 0.178730 -0.002686 0.038467 -0.057079 0.220184 -2.669553 3.824662
0.931000 0.403899 0.197830 0.178675 -0.002470 0.035828 -0.053291 0.211117 -2.606608 3.749379
0.932000 0.403897 0.197865 0.178623 -0.002264 0.033254 -0.049580 0.202009 -2.540530 3.668793
0.933000 0.403894 0.197897 0.178576 -0.002066 0.030747 -0.045953 0.192852 -2.471222 3.582741
0.934000 0.403892 0.197926 0.178531 -0.001878 0.028311 -0.042415 0.183646 -2.398574 3.491055
0.935000 0.403891 0.197953 0.178491 -0.001699 0.025950 -0.038971 0.174396 -2.322509 3.393613
0.936000 0.403889 0.197978 0.178453 -0.001529 0.023666 -0.035628 0.165113 -2.242993 3.290322
0.937000 0.403888 0.198001 0.178419 -0.001369 0.021464 -0.032390 0.155825 -2.159992 3.181031
0.938000 0.403886 0.198021 0.178389 -0.001218 0.019346 -0.029266 0.146567 -2.073455 3.065526
0.939000 0.403885 0.198039 0.178361 -0.001076 0.017317 -0.026259 0.137365 -1.983321 2.943608
0.940000 0.403884 0.198056 0.178336 -0.000943 0.015379 -0.023378 0.128231 -1.889511 2.815105
0.941000 0.403883 0.198070 0.178314 -0.000819 0.013538 -0.020629 0.119169 -1.791934 2.679860
0.942000 0.403883 0.198083 0.178295 -0.000705 0.011796 -0.018019 0.110178 -1.690525 2.537756
0.943000 0.403882 0.198094 0.178278 -0.000599 0.010157 -0.015554 0.101259 -1.585233 2.388701
0.944000 0.403881 0.198103 0.178264 -0.000502 0.008625 -0.013241 0.092414 -1.475989 2.232549
0.945000 0.403881 0.198111 0.178252 -0.000414 0.007205 -0.011089 0.083642 -1.362696 2.069099
0.946000 0.403881 0.198117 0.178242 -0.000335 0.005900 -0.009103 0.074944 -1.245278 1.898151
0.947000 0.403880 0.198123 0.178233 -0.000264 0.004714 -0.007292 0.066321 -1.123683 1.719499
0.948000 0.403880 0.198127 0.178227 -0.000202 0.003652 -0.005664 0.031014 -0.530919 0.814110
0.949000 0.403880 0.198130 0.178222 -0.000202 0.003652 -0.005664 0.031014 -0.530919 0.814110
