0.000000 0.666644 -0.196870 0.137559 0.017000 -0.012860 0.000804 0.126457 -0.071900 0.728976
0.001000 0.666661 -0.196883 0.137559 0.017000 -0.012860 0.000804 0.126457 -0.071900 0.728976
0.002000 0.666678 -0.196896 0.137560 0.017253 -0.013004 0.002262 0.249951 -0.140505 1.489657
0.003000 0.666696 -0.196909 0.137563 0.017500 -0.013141 0.003784 0.243768 -0.133695 1.553687
0.004000 0.666713 -0.196922 0.137568 0.017741 -0.013271 0.005370 0.237058 -0.126440 1.618939
0.005000 0.666731 -0.196935 0.137574 0.017974 -0.013394 0.007022 0.229804 -0.118728 1.685375
0.006000 0.666749 -0.196949 0.137582 0.018201 -0.013508 0.008740 0.221989 -0.110546 1.752963
0.007000 0.666767 -0.196962 0.137591 0.018418 -0.013615 0.010527 0.213594 -0.101880 1.821685
0.008000 0.666786 -0.196976 0.137603 0.018628 -0.013712 0.012384 0.204603 -0.092718 1.891529
0.009000 0.666805 -0.196990 0.137616 0.018828 -0.013800 0.014311 0.194998 -0.083046 1.962486
0.010000 0.666824 -0.197004 0.137631 0.019018 -0.013878 0.016309 0.184771 -0.072851 2.034540
0.011000 0.666843 -0.197018 0.137649 0.019197 -0.013946 0.018380 0.173931 -0.062119 2.107679
0.012000 0.666862 -0.197032 0.137668 0.019366 -0.014003 0.020524 0.162491 -0.050837 2.181884
0.013000 0.666881 -0.197046 0.137690 0.019522 -0.014048 0.022743 0.150459 -0.038993 2.257136
0.014000 0.666901 -0.197060 0.137714 0.019666 -0.014081 0.025038 0.137839 -0.026583 2.333415
0.015000 0.666921 -0.197074 0.137740 0.019798 -0.014101 0.027410 0.124637 -0.013620 2.410698
0.016000 0.666941 -0.197088 0.137768 0.019916 -0.014108 0.029860 0.110868 -0.000123 2.488958
0.017000 0.666961 -0.197102 0.137800 0.020020 -0.014101 0.032388 0.096539 0.013895 2.568168
0.018000 0.666981 -0.197116 0.137833 0.020109 -0.014080 0.034996 0.081640 0.028438 2.648297
0.019000 0.667001 -0.197130 0.137870 0.020183 -0.014044 0.037685 0.066154 0.043519 2.729313
0.020000 0.667021 -0.197144 0.137909 0.020241 -0.013993 0.040455 0.050062 0.059150 2.811180
0.021000 0.667041 -0.197158 0.137950 0.020283 -0.013926 0.043307 0.033344 0.075343 2.893861
0.022000 0.667062 -0.197172 0.137995 0.020308 -0.013842 0.046242 0.015991 0.092103 2.977327
0.023000 0.667082 -0.197186 0.138043 0.020315 -0.013742 0.049262 -0.001990 0.109417 3.061558
0.024000 0.667102 -0.197200 0.138094 0.020304 -0.013623 0.052366 -0.020585 0.127263 3.146543
0.025000 0.667123 -0.197213 0.138148 0.020274 -0.013487 0.055555 -0.039789 0.145619 3.232257
0.026000 0.667143 -0.197227 0.138205 0.020224 -0.013332 0.058830 -0.059611 0.164463 3.318659
0.027000 0.667163 -0.197240 0.138265 0.020155 -0.013158 0.062192 -0.080069 0.183771 3.405693
0.028000 0.667183 -0.197253 0.138329 0.020064 -0.012965 0.065641 -0.101181 0.203532 3.493303
0.029000 0.667203 -0.197266 0.138397 0.019952 -0.012751 0.069179 -0.122956 0.223746 3.581437
0.030000 0.667223 -0.197278 0.138468 0.019818 -0.012517 0.072804 -0.145389 0.244426 3.670054
0.031000 0.667243 -0.197291 0.138542 0.019661 -0.012262 0.076519 -0.168466 0.265584 3.759118
0.032000 0.667262 -0.197303 0.138621 0.019481 -0.011986 0.080323 -0.192177 0.287232 3.848585
0.033000 0.667282 -0.197315 0.138703 0.019277 -0.011688 0.084216 -0.216523 0.309381 3.938397
0.034000 0.667301 -0.197326 0.138789 0.019048 -0.011367 0.088199 -0.241495 0.332042 4.028503
0.035000 0.667320 -0.197337 0.138879 0.018794 -0.011024 0.092273 -0.267075 0.355229 4.118854
0.036000 0.667339 -0.197348 0.138974 0.018514 -0.010657 0.096437 -0.293246 0.378950 4.209411
0.037000 0.667357 -0.197359 0.139072 0.018208 -0.010266 0.100692 -0.319991 0.403217 4.300140
0.038000 0.667375 -0.197369 0.139175 0.017874 -0.009850 0.105037 -0.347292 0.428040 4.391017
0.039000 0.667393 -0.197378 0.139282 0.017513 -0.009410 0.109474 -0.375140 0.453428 4.481995
0.040000 0.667410 -0.197388 0.139394 0.017124 -0.008943 0.114001 -0.403532 0.479391 4.573011
0.041000 0.667427 -0.197396 0.139510 0.016706 -0.008451 0.118620 -0.432456 0.505939 4.664009
0.042000 0.667443 -0.197405 0.139631 0.016259 -0.007932 0.123329 -0.461897 0.533079 4.754944
0.043000 0.667459 -0.197412 0.139757 0.015782 -0.007385 0.128130 -0.491841 0.560817 4.845753
0.044000 0.667475 -0.197419 0.139887 0.015275 -0.006810 0.133021 -0.522285 0.589151 4.936354
0.045000 0.667490 -0.197426 0.140023 0.014738 -0.006206 0.138002 -0.553216 0.618063 5.026674
0.046000 0.667504 -0.197432 0.140163 0.014169 -0.005574 0.143074 -0.584615 0.647524 5.116650
0.047000 0.667518 -0.197437 0.140309 0.013568 -0.004911 0.148236 -0.616468 0.677515 5.206202
0.048000 0.667532 -0.197442 0.140460 0.012936 -0.004219 0.153487 -0.648769 0.708030 5.295249
0.049000 0.667544 -0.197445 0.140616 0.012271 -0.003495 0.158826 -0.681504 0.739072 5.383750
0.050000 0.667556 -0.197449 0.140778 0.011573 -0.002741 0.164254 -0.714650 0.770643 5.471695
0.051000 0.667567 -0.197451 0.140945 0.010842 -0.001954 0.169770 -0.748195 0.802737 5.559070
0.052000 0.667578 -0.197452 0.141117 0.010076 -0.001135 0.175372 -0.782139 0.835329 5.645854
0.053000 0.667587 -0.197453 0.141295 0.009277 -0.000283 0.181061 -0.816490 0.868389 5.732023
0.054000 0.667596 -0.197453 0.141479 0.008443 0.000602 0.186836 -0.851257 0.901890 5.817509
0.055000 0.667604 -0.197452 0.141669 0.007575 0.001520 0.192696 -0.886437 0.935823 5.902204
0.056000 0.667611 -0.197450 0.141865 0.006671 0.002473 0.198641 -0.922012 0.970185 5.986008
0.057000 0.667618 -0.197447 0.142066 0.005731 0.003461 0.204668 -0.957957 1.004974 6.068830
0.058000 0.667623 -0.197443 0.142274 0.004755 0.004483 0.210778 -0.994249 1.040189 6.150563
0.059000 0.667627 -0.197438 0.142488 0.003742 0.005541 0.216970 -1.030872 1.075836 6.231106
0.060000 0.667630 -0.197432 0.142708 0.002693 0.006635 0.223241 -1.067805 1.111936 6.310434
0.061000 0.667633 -0.197425 0.142934 0.001607 0.007765 0.229590 -1.105015 1.148516 6.388570
0.062000 0.667634 -0.197416 0.143167 0.000483 0.008932 0.236018 -1.142480 1.185594 6.465486
0.063000 0.667634 -0.197407 0.143406 -0.000678 0.010136 0.242521 -1.180189 1.223173 6.541096
0.064000 0.667632 -0.197396 0.143652 -0.001877 0.011378 0.249100 -1.218142 1.261246 6.615358
0.065000 0.667630 -0.197384 0.143905 -0.003115 0.012659 0.255752 -1.256336 1.299800 6.688279
0.066000 0.667626 -0.197371 0.144164 -0.004390 0.013978 0.262476 -1.294757 1.338826 6.759855
0.067000 0.667621 -0.197356 0.144429 -0.005704 0.015336 0.269272 -1.333377 1.378309 6.830056
0.068000 0.667615 -0.197340 0.144702 -0.007057 0.016734 0.276137 -1.372156 1.418236 6.898839
0.069000 0.667607 -0.197323 0.144982 -0.008448 0.018173 0.283069 -1.411064 1.458591 6.966107
0.070000 0.667598 -0.197304 0.145268 -0.009879 0.019652 0.290069 -1.450083 1.499357 7.031740
0.071000 0.667587 -0.197283 0.145562 -0.011349 0.021171 0.297133 -1.489202 1.540515 7.095699
0.072000 0.667575 -0.197261 0.145863 -0.012857 0.022733 0.304260 -1.528410 1.582046 7.158003
0.073000 0.667561 -0.197238 0.146170 -0.014405 0.024336 0.311449 -1.567696 1.623927 7.218604
0.074000 0.667546 -0.197213 0.146485 -0.015993 0.025981 0.318697 -1.607047 1.666137 7.277384
0.075000 0.667529 -0.197186 0.146808 -0.017620 0.027668 0.326004 -1.646448 1.708650 7.334283
0.076000 0.667511 -0.197157 0.147137 -0.019286 0.029398 0.333366 -1.685882 1.751443 7.389307
0.077000 0.667491 -0.197127 0.147475 -0.020991 0.031171 0.340782 -1.725331 1.794497 7.442456
0.078000 0.667469 -0.197095 0.147819 -0.022736 0.032987 0.348251 -1.764776 1.837809 7.493723
0.079000 0.667445 -0.197061 0.148171 -0.024521 0.034846 0.355770 -1.804195 1.881381 7.543094
0.080000 0.667420 -0.197025 0.148531 -0.026345 0.036750 0.363337 -1.843567 1.925208 7.590477
0.081000 0.667393 -0.196988 0.148898 -0.028208 0.038697 0.370951 -1.882878 1.969275 7.635746
0.082000 0.667364 -0.196948 0.149272 -0.030110 0.040688 0.378609 -1.922125 2.013572 7.678891
0.083000 0.667332 -0.196906 0.149655 -0.032052 0.042724 0.386309 -1.961315 2.058096 7.719987
0.084000 0.667299 -0.196863 0.150045 -0.034033 0.044804 0.394049 -2.000445 2.102832 7.759016
0.085000 0.667264 -0.196817 0.150443 -0.036053 0.046930 0.401827 -2.039502 2.147759 7.795862
0.086000 0.667227 -0.196769 0.150849 -0.038112 0.049100 0.409640 -2.078479 2.192859 7.830491
0.087000 0.667188 -0.196719 0.151262 -0.040210 0.051315 0.417488 -2.117376 2.238120 7.862968
0.088000 0.667147 -0.196666 0.151684 -0.042347 0.053576 0.425366 -2.156191 2.283529 7.893335
0.089000 0.667103 -0.196611 0.152113 -0.044522 0.055882 0.433274 -2.194920 2.329071 7.921592
0.090000 0.667058 -0.196554 0.152550 -0.046737 0.058234 0.441209 -2.233555 2.374728 7.947718
0.091000 0.667010 -0.196495 0.152995 -0.048990 0.060632 0.449170 -2.272080 2.420473 7.971597
0.092000 0.666960 -0.196433 0.153449 -0.051281 0.063075 0.457153 -2.310468 2.466280 7.993079
0.093000 0.666907 -0.196369 0.153910 -0.053611 0.065564 0.465156 -2.348697 2.512140 8.012175
0.094000 0.666853 -0.196302 0.154379 -0.055978 0.068099 0.473177 -2.386751 2.558059 8.029014
0.095000 0.666796 -0.196233 0.154856 -0.058384 0.070680 0.481214 -2.424602 2.604024 8.043598
0.096000 0.666736 -0.196161 0.155341 -0.060827 0.073308 0.489264 -2.462216 2.649998 8.055800
0.097000 0.666674 -0.196086 0.155835 -0.063308 0.075980 0.497325 -2.499562 2.695940 8.065583
0.098000 0.666609 -0.196009 0.156336 -0.065827 0.078699 0.505395 -2.536616 2.741817 8.073036
0.099000 0.666542 -0.195929 0.156845 -0.068382 0.081464 0.513471 -2.573362 2.787608 8.078244
0.100000 0.666473 -0.195846 0.157363 -0.070973 0.084275 0.521552 -2.609795 2.833324 8.081281
0.101000 0.666400 -0.195760 0.157889 -0.073601 0.087131 0.529634 -2.645917 2.878986 8.082212
0.102000 0.666325 -0.195671 0.158422 -0.076265 0.090033 0.537716 -2.681714 2.924592 8.080969
0.103000 0.666248 -0.195580 0.158964 -0.078965 0.092980 0.545796 -2.717164 2.970105 8.077398
0.104000 0.666167 -0.195485 0.159514 -0.081699 0.095973 0.553871 -2.752270 3.015494 8.071508
0.105000 0.666084 -0.195388 0.160072 -0.084469 0.099011 0.561939 -2.787057 3.060732 8.063443
0.106000 0.665998 -0.195287 0.160638 -0.087274 0.102094 0.569998 -2.821525 3.105781 8.053203
0.107000 0.665910 -0.195184 0.161212 -0.090112 0.105223 0.578045 -2.855652 3.150581 8.040644
0.108000 0.665818 -0.195077 0.161794 -0.092985 0.108395 0.586079 -2.889433 3.195088 8.025752
0.109000 0.665724 -0.194967 0.162384 -0.095891 0.111613 0.594097 -2.922880 3.239265 8.008639
0.110000 0.665626 -0.194854 0.162982 -0.098831 0.114874 0.602096 -2.955984 3.283061 7.989270
0.111000 0.665526 -0.194737 0.163588 -0.101803 0.118179 0.610075 -2.988710 3.326429 7.967450
0.112000 0.665423 -0.194617 0.164202 -0.104808 0.121527 0.618031 -3.021042 3.369359 7.943082
0.113000 0.665317 -0.194494 0.164824 -0.107845 0.124918 0.625962 -3.052989 3.411881 7.916221
0.114000 0.665207 -0.194368 0.165454 -0.110914 0.128351 0.633864 -3.084565 3.454025 7.886975
0.115000 0.665095 -0.194238 0.166092 -0.114014 0.131826 0.641736 -3.115794 3.495839 7.855551
0.116000 0.664979 -0.194104 0.166738 -0.117146 0.135342 0.649575 -3.146708 3.537371 7.822209
0.117000 0.664860 -0.193967 0.167391 -0.120308 0.138900 0.657380 -3.177302 3.578624 7.786995
0.118000 0.664739 -0.193826 0.168052 -0.123500 0.142499 0.665149 -3.207532 3.619545 7.749763
0.119000 0.664613 -0.193682 0.168721 -0.126723 0.146139 0.672880 -3.237361 3.660083 7.710496
0.120000 0.664485 -0.193534 0.169398 -0.129975 0.149820 0.680570 -3.266770 3.700200 7.669325
0.121000 0.664353 -0.193382 0.170082 -0.133256 0.153540 0.688218 -3.295717 3.739836 7.626214
0.122000 0.664219 -0.193227 0.170774 -0.136566 0.157299 0.695822 -3.324146 3.778937 7.580954
0.123000 0.664080 -0.193068 0.171474 -0.139905 0.161098 0.703380 -3.352031 3.817509 7.533472
0.124000 0.663939 -0.192905 0.172181 -0.143270 0.164934 0.710889 -3.379383 3.855609 7.483881
0.125000 0.663794 -0.192738 0.172896 -0.146663 0.168809 0.718348 -3.406217 3.893282 7.432338
0.126000 0.663645 -0.192567 0.173618 -0.150083 0.172721 0.725754 -3.432560 3.930553 7.379086
0.127000 0.663494 -0.192392 0.174347 -0.153529 0.176670 0.733106 -3.458445 3.967437 7.324409
0.128000 0.663338 -0.192214 0.175084 -0.157000 0.180656 0.740403 -3.483858 4.003899 7.268354
0.129000 0.663180 -0.192031 0.175828 -0.160496 0.184678 0.747643 -3.508751 4.039866 7.210742
0.130000 0.663017 -0.191844 0.176579 -0.164017 0.188736 0.754824 -3.533105 4.075298 7.151534
0.131000 0.662852 -0.191654 0.177338 -0.167562 0.192828 0.761946 -3.556932 4.110181 7.090847
0.132000 0.662682 -0.191459 0.178103 -0.171131 0.196956 0.769006 -3.580205 4.144470 7.028621
0.133000 0.662509 -0.191260 0.178876 -0.174723 0.201117 0.776003 -3.602863 4.178096 6.964621
0.134000 0.662333 -0.191056 0.179655 -0.178337 0.205312 0.782935 -3.624873 4.211053 6.898774
0.135000 0.662153 -0.190849 0.180442 -0.181973 0.209539 0.789801 -3.646231 4.243382 6.831170
0.136000 0.661969 -0.190637 0.181235 -0.185629 0.213799 0.796598 -3.666903 4.275071 6.761733
0.137000 0.661781 -0.190421 0.182035 -0.189306 0.218090 0.803324 -3.686831 4.306068 6.690261
0.138000 0.661590 -0.190201 0.182842 -0.193003 0.222411 0.809978 -3.706020 4.336378 6.616808
0.139000 0.661395 -0.189977 0.183655 -0.196718 0.226762 0.816558 -3.724531 4.366070 6.541689
0.140000 0.661197 -0.189748 0.184475 -0.200452 0.231143 0.823061 -3.742414 4.395201 6.465186
0.141000 0.660994 -0.189514 0.185301 -0.204203 0.235553 0.829488 -3.759699 4.423808 6.387532
0.142000 0.660788 -0.189277 0.186134 -0.207971 0.239991 0.835836 -3.776406 4.451914 6.308925
0.143000 0.660579 -0.189034 0.186973 -0.211756 0.244457 0.842106 -3.792499 4.479482 6.229313
0.144000 0.660365 -0.188788 0.187818 -0.215556 0.248950 0.848295 -3.807905 4.506439 6.148429
0.145000 0.660147 -0.188536 0.188669 -0.219372 0.253469 0.854403 -3.822606 4.532785 6.066158
0.146000 0.659926 -0.188281 0.189527 -0.223202 0.258015 0.860427 -3.836626 4.558582 5.982557
0.147000 0.659701 -0.188020 0.190390 -0.227045 0.262587 0.866368 -3.849943 4.583824 5.897509
0.148000 0.659472 -0.187755 0.191259 -0.230902 0.267183 0.872222 -3.862489 4.608431 5.810786
0.149000 0.659239 -0.187486 0.192135 -0.234770 0.271803 0.877989 -3.874258 4.632363 5.722450
0.150000 0.659003 -0.187212 0.193015 -0.238650 0.276448 0.883667 -3.885295 4.655631 5.632805
0.151000 0.658762 -0.186933 0.193902 -0.242541 0.281115 0.889255 -3.895586 4.678185 5.541911
0.152000 0.658517 -0.186650 0.194794 -0.246441 0.285804 0.894751 -3.905060 4.699929 5.449557
0.153000 0.658269 -0.186361 0.195691 -0.250351 0.290515 0.900154 -3.913697 4.720827 5.355695
0.154000 0.658017 -0.186069 0.196594 -0.254269 0.295246 0.905463 -3.921541 4.740925 5.260522
0.155000 0.657760 -0.185771 0.197502 -0.258194 0.299996 0.910675 -3.928643 4.760278 5.164229
0.156000 0.657500 -0.185469 0.198416 -0.262126 0.304766 0.915791 -3.935064 4.778968 5.067002
0.157000 0.657236 -0.185161 0.199334 -0.266064 0.309554 0.920809 -3.940870 4.797090 4.969022
0.158000 0.656968 -0.184850 0.200257 -0.270008 0.314360 0.925729 -3.946048 4.814643 4.870217
0.159000 0.656696 -0.184533 0.201185 -0.273956 0.319184 0.930550 -3.950521 4.831549 4.770352
0.160000 0.656420 -0.184211 0.202118 -0.277909 0.324024 0.935270 -3.954269 4.847797 4.669464
0.161000 0.656140 -0.183885 0.203056 -0.281865 0.328879 0.939889 -3.957328 4.863448 4.567835
0.162000 0.655857 -0.183553 0.203998 -0.285823 0.333750 0.944405 -3.959672 4.878482 4.465498
0.163000 0.655569 -0.183217 0.204945 -0.289784 0.338636 0.948820 -3.961218 4.892789 4.362218
0.164000 0.655277 -0.182876 0.205896 -0.293746 0.343536 0.953130 -3.961956 4.906316 4.257948
0.165000 0.654981 -0.182530 0.206851 -0.297708 0.348449 0.957335 -3.961941 4.919070 4.152849
0.166000 0.654682 -0.182179 0.207810 -0.301670 0.353374 0.961436 -3.961159 4.930991 4.046856
0.167000 0.654378 -0.181823 0.208774 -0.305630 0.358311 0.965429 -3.959520 4.941972 3.939668
0.168000 0.654070 -0.181463 0.209741 -0.309589 0.363258 0.969315 -3.957001 4.952013 3.831165
0.169000 0.653759 -0.181097 0.210712 -0.313544 0.368215 0.973091 -3.953660 4.961226 3.721485
0.170000 0.653443 -0.180726 0.211687 -0.317496 0.373181 0.976758 -3.949561 4.969709 3.610812
0.171000 0.653124 -0.180350 0.212666 -0.321443 0.378154 0.980313 -3.944779 4.977538 3.499422
0.172000 0.652800 -0.179970 0.213648 -0.325386 0.383136 0.983757 -3.939394 4.984778 3.387635
0.173000 0.652473 -0.179584 0.214634 -0.329322 0.388124 0.987088 -3.933391 4.991383 3.275469
0.174000 0.652142 -0.179194 0.215622 -0.333252 0.393118 0.990308 -3.926686 4.997224 3.162680
0.175000 0.651806 -0.178798 0.216614 -0.337176 0.398118 0.993414 -3.919280 5.002246 3.049231
0.176000 0.651467 -0.178397 0.217609 -0.341091 0.403123 0.996406 -3.911254 5.006470 2.935311
0.177000 0.651124 -0.177992 0.218607 -0.344998 0.408131 0.999284 -3.902605 5.009837 2.820874
0.178000 0.650777 -0.177581 0.219608 -0.348896 0.413143 1.002048 -3.893243 5.012215 2.705631
0.179000 0.650427 -0.177165 0.220611 -0.352785 0.418156 1.004696 -3.883156 5.013583 2.589505
0.180000 0.650072 -0.176745 0.221617 -0.356662 0.423170 1.007227 -3.872432 5.014036 2.472706
0.181000 0.649713 -0.176319 0.222625 -0.360529 0.428184 1.009641 -3.861164 5.013675 2.355480
0.182000 0.649351 -0.175888 0.223636 -0.364385 0.433197 1.011938 -3.849457 5.012610 2.238152
0.183000 0.648984 -0.175453 0.224649 -0.368228 0.438209 1.014117 -3.837420 5.010954 2.121084
0.184000 0.648614 -0.175012 0.225665 -0.372060 0.443219 1.016180 -3.825051 5.008690 2.004315
0.185000 0.648240 -0.174566 0.226682 -0.375878 0.448226 1.018126 -3.812264 5.005683 1.887591
0.186000 0.647863 -0.174116 0.227701 -0.379684 0.453230 1.019955 -3.799074 5.001882 1.770852
0.187000 0.647481 -0.173660 0.228722 -0.383477 0.458230 1.021668 -3.785589 4.997323 1.654260
0.188000 0.647096 -0.173199 0.229744 -0.387255 0.463225 1.023264 -3.771815 4.991949 1.537747
0.189000 0.646706 -0.172733 0.230768 -0.391020 0.468214 1.024743 -3.757653 4.985626 1.421021
0.190000 0.646314 -0.172263 0.231794 -0.394771 0.473196 1.026106 -3.743077 4.978357 1.304033
0.191000 0.645917 -0.171787 0.232820 -0.398506 0.478171 1.027351 -3.728148 4.970262 1.186975
0.192000 0.645517 -0.171306 0.233848 -0.402227 0.483137 1.028480 -3.712834 4.961339 1.069800
0.193000 0.645112 -0.170821 0.234877 -0.405932 0.488093 1.029491 -3.697020 4.951467 0.952243
0.194000 0.644705 -0.170330 0.235907 -0.409621 0.493040 1.030384 -3.680692 4.940634 0.834301
0.195000 0.644293 -0.169835 0.236938 -0.413293 0.497975 1.031159 -3.663952 4.928967 0.716291
0.196000 0.643878 -0.169334 0.237970 -0.416949 0.502898 1.031817 -3.646912 4.916568 0.598506
0.197000 0.643459 -0.168829 0.239002 -0.420587 0.507808 1.032356 -3.629691 4.903505 0.481212
0.198000 0.643037 -0.168319 0.240034 -0.424208 0.512705 1.032779 -3.612415 4.889826 0.364655
0.199000 0.642611 -0.167803 0.241067 -0.427812 0.517587 1.033086 -3.595081 4.875447 0.248780
0.200000 0.642181 -0.167283 0.242100 -0.431398 0.522456 1.033277 -3.577579 4.860213 0.133283
0.201000 0.641748 -0.166759 0.243134 -0.434967 0.527308 1.033352 -3.559899 4.844127 0.018084
0.202000 0.641311 -0.166229 0.244167 -0.438518 0.532144 1.033313 -3.542129 4.827324 -0.096667
0.203000 0.640871 -0.165694 0.245200 -0.442051 0.536963 1.033159 -3.524250 4.809802 -0.211049
0.204000 0.640427 -0.165155 0.246234 -0.445567 0.541763 1.032891 -3.506139 4.791419 -0.325344
0.205000 0.639980 -0.164611 0.247266 -0.449064 0.546545 1.032508 -3.487772 4.772138 -0.439558
0.206000 0.639529 -0.164062 0.248299 -0.452542 0.551308 1.032012 -3.469223 4.752043 -0.553439
0.207000 0.639075 -0.163508 0.249330 -0.456002 0.556049 1.031401 -3.450462 4.731087 -0.666991
0.208000 0.638617 -0.162950 0.250361 -0.459443 0.560770 1.030678 -3.431361 4.709098 -0.780484
0.209000 0.638156 -0.162387 0.251392 -0.462865 0.565468 1.029840 -3.411910 4.686021 -0.893969
0.210000 0.637691 -0.161819 0.252421 -0.466267 0.570142 1.028890 -3.392202 4.661919 -1.007259
0.211000 0.637223 -0.161246 0.253449 -0.469649 0.574791 1.027826 -3.372221 4.636735 -1.120407
0.212000 0.636752 -0.160669 0.254477 -0.473011 0.579415 1.026649 -3.351848 4.610306 -1.233700
0.213000 0.636277 -0.160087 0.255503 -0.476353 0.584012 1.025359 -3.331084 4.582638 -1.347187
0.214000 0.635799 -0.159501 0.256527 -0.479674 0.588581 1.023955 -3.310072 4.553912 -1.460618
0.215000 0.635318 -0.158910 0.257551 -0.482973 0.593120 1.022437 -3.288943 4.524307 -1.573732
0.216000 0.634833 -0.158315 0.258572 -0.486252 0.597629 1.020807 -3.267808 4.493997 -1.686250
0.217000 0.634346 -0.157715 0.259592 -0.489509 0.602108 1.019065 -3.246770 4.463152 -1.797886
0.218000 0.633854 -0.157111 0.260610 -0.492745 0.606556 1.017211 -3.225788 4.431756 -1.908657
0.219000 0.633360 -0.156502 0.261627 -0.495960 0.610971 1.015247 -3.204721 4.399639 -2.018843
0.220000 0.632862 -0.155889 0.262641 -0.499155 0.615355 1.013174 -3.183547 4.366753 -2.128504
0.221000 0.632362 -0.155271 0.263653 -0.502327 0.619705 1.010990 -3.162360 4.333180 -2.237474
0.222000 0.631858 -0.154649 0.264663 -0.505479 0.624021 1.008699 -3.141133 4.298866 -2.345813
0.223000 0.631351 -0.154023 0.265670 -0.508610 0.628303 1.006299 -3.119723 4.263632 -2.453813
0.224000 0.630841 -0.153393 0.266675 -0.511719 0.632548 1.003791 -3.098097 4.227465 -2.561530
0.225000 0.630327 -0.152758 0.267678 -0.514806 0.636758 1.001176 -3.076365 4.190534 -2.668732
0.226000 0.629811 -0.152119 0.268678 -0.517871 0.640929 0.998454 -3.054634 4.153007 -2.775193
0.227000 0.629292 -0.151476 0.269675 -0.520915 0.645064 0.995625 -3.033008 4.115046 -2.880699
0.228000 0.628769 -0.150829 0.270669 -0.523937 0.649160 0.992692 -3.011586 4.076809 -2.985043
0.229000 0.628244 -0.150178 0.271660 -0.526938 0.653217 0.989655 -2.990324 4.038262 -3.088295
0.230000 0.627715 -0.149523 0.272648 -0.529918 0.657236 0.986516 -2.969067 3.999210 -3.190748
0.231000 0.627184 -0.148863 0.273633 -0.532876 0.661216 0.983274 -2.947786 3.959586 -3.292469
0.232000 0.626650 -0.148200 0.274615 -0.535814 0.665155 0.979931 -2.926577 3.919461 -3.393294
0.233000 0.626112 -0.147533 0.275593 -0.538730 0.669055 0.976487 -2.905408 3.878767 -3.493284
0.234000 0.625572 -0.146862 0.276568 -0.541624 0.672913 0.972944 -2.884123 3.837311 -3.592731
0.235000 0.625029 -0.146187 0.277539 -0.544498 0.676729 0.969302 -2.862684 3.795087 -3.691711
0.236000 0.624483 -0.145509 0.278507 -0.547350 0.680503 0.965561 -2.841207 3.752295 -3.790026
0.237000 0.623934 -0.144826 0.279470 -0.550180 0.684234 0.961722 -2.819813 3.709129 -3.887469
0.238000 0.623383 -0.144140 0.280430 -0.552989 0.687921 0.957786 -2.798635 3.665782 -3.983809
0.239000 0.622828 -0.143450 0.281386 -0.555778 0.691565 0.953754 -2.777812 3.622440 -4.078807
0.240000 0.622271 -0.142757 0.282337 -0.558545 0.695166 0.949628 -2.757317 3.579085 -4.172499
0.241000 0.621711 -0.142060 0.283285 -0.561292 0.698724 0.945409 -2.736987 3.535518 -4.265161
0.242000 0.621149 -0.141360 0.284228 -0.564019 0.702237 0.941098 -2.716765 3.491687 -4.356869
0.243000 0.620583 -0.140656 0.285167 -0.566726 0.705707 0.936695 -2.696716 3.447693 -4.447489
0.244000 0.620015 -0.139948 0.286102 -0.569412 0.709133 0.932203 -2.676781 3.403479 -4.537093
0.245000 0.619444 -0.139237 0.287032 -0.572079 0.712514 0.927621 -2.656784 3.358855 -4.625959
0.246000 0.618871 -0.138523 0.287957 -0.574726 0.715850 0.922951 -2.636682 3.313832 -4.714151
0.247000 0.618295 -0.137806 0.288877 -0.577353 0.719142 0.918193 -2.616562 3.268598 -4.801515
0.248000 0.617716 -0.137085 0.289793 -0.579959 0.722387 0.913348 -2.596382 3.223158 -4.888106
0.249000 0.617135 -0.136361 0.290704 -0.582545 0.725588 0.908417 -2.575976 3.177330 -4.974183
0.250000 0.616551 -0.135634 0.291610 -0.585111 0.728742 0.903400 -2.555319 3.131091 -5.059792
0.251000 0.615965 -0.134903 0.292511 -0.587656 0.731850 0.898297 -2.534554 3.084621 -5.144713
0.252000 0.615376 -0.134170 0.293407 -0.590180 0.734911 0.893110 -2.513815 3.038093 -5.228736
0.253000 0.614784 -0.133434 0.294297 -0.592684 0.737926 0.887840 -2.493215 2.991657 -5.311680
0.254000 0.614190 -0.132694 0.295182 -0.595167 0.740895 0.882487 -2.472858 2.945454 -5.393373
0.255000 0.613594 -0.131952 0.296062 -0.597629 0.743817 0.877053 -2.452683 2.899422 -5.473889
0.256000 0.612995 -0.131207 0.296937 -0.600072 0.746694 0.871539 -2.432508 2.853357 -5.553482
0.257000 0.612394 -0.130458 0.297805 -0.602494 0.749524 0.865946 -2.412291 2.807262 -5.632190
0.258000 0.611790 -0.129707 0.298668 -0.604897 0.752308 0.860275 -2.392125 2.761327 -5.709841
0.259000 0.611184 -0.128954 0.299526 -0.607279 0.755046 0.854526 -2.371968 2.715551 -5.786462
0.260000 0.610576 -0.128197 0.300377 -0.609641 0.757739 0.848702 -2.351647 2.669741 -5.862298
0.261000 0.609965 -0.127438 0.301223 -0.611982 0.760386 0.842802 -2.331139 2.623869 -5.937413
0.262000 0.609352 -0.126677 0.302063 -0.614303 0.762987 0.836827 -2.310562 2.578078 -6.011681
0.263000 0.608736 -0.125912 0.302897 -0.616603 0.765542 0.830778 -2.289888 2.532332 -6.085160
0.264000 0.608119 -0.125146 0.303725 -0.618883 0.768052 0.824657 -2.268935 2.486406 -6.158101
0.265000 0.607498 -0.124376 0.304546 -0.621141 0.770515 0.818462 -2.247647 2.440234 -6.230576
0.266000 0.606876 -0.123604 0.305362 -0.623378 0.772932 0.812195 -2.226135 2.393964 -6.302420
0.267000 0.606252 -0.122830 0.306171 -0.625593 0.775303 0.805857 -2.204517 2.347766 -6.373466
0.268000 0.605625 -0.122054 0.306973 -0.627787 0.777628 0.799448 -2.182923 2.301856 -6.443537
0.269000 0.604996 -0.121275 0.307769 -0.629959 0.779907 0.792970 -2.161492 2.256470 -6.512453
0.270000 0.604365 -0.120494 0.308559 -0.632110 0.782140 0.786424 -2.140183 2.211610 -6.580255
0.271000 0.603732 -0.119711 0.309342 -0.634239 0.784330 0.779810 -2.118819 2.167076 -6.647162
0.272000 0.603097 -0.118925 0.310119 -0.636348 0.786475 0.773129 -2.097381 2.122840 -6.713203
0.273000 0.602459 -0.118138 0.310889 -0.638434 0.788575 0.766383 -2.075997 2.079055 -6.778217
0.274000 0.601820 -0.117348 0.311652 -0.640500 0.790633 0.759573 -2.054641 2.035686 -6.842223
0.275000 0.601178 -0.116557 0.312408 -0.642543 0.792647 0.752699 -2.033130 1.992504 -6.905434
0.276000 0.600535 -0.115763 0.313157 -0.644566 0.794618 0.745762 -2.011411 1.949447 -6.967904
0.277000 0.599889 -0.114967 0.313899 -0.646566 0.796546 0.738763 -1.989608 1.906674 -7.029470
0.278000 0.599242 -0.114170 0.314634 -0.648545 0.798431 0.731703 -1.967851 1.864368 -7.089963
0.279000 0.598592 -0.113371 0.315363 -0.650502 0.800274 0.724583 -1.946286 1.822756 -7.149208
0.280000 0.597941 -0.112569 0.316084 -0.652438 0.802077 0.717405 -1.925061 1.782090 -7.207021
0.281000 0.597287 -0.111766 0.316797 -0.654352 0.803839 0.710169 -1.904142 1.742375 -7.263427
0.282000 0.596632 -0.110962 0.317504 -0.656246 0.805561 0.702878 -1.883339 1.703398 -7.318610
0.283000 0.595975 -0.110155 0.318203 -0.658119 0.807245 0.695532 -1.862613 1.665113 -7.372579
0.284000 0.595316 -0.109347 0.318895 -0.659971 0.808892 0.688133 -1.842071 1.627652 -7.425165
0.285000 0.594655 -0.108537 0.319579 -0.661803 0.810501 0.680681 -1.821669 1.590961 -7.476368
0.286000 0.593992 -0.107726 0.320256 -0.663614 0.812074 0.673180 -1.801213 1.554791 -7.526376
0.287000 0.593327 -0.106913 0.320926 -0.665405 0.813610 0.665629 -1.780653 1.519060 -7.575244
0.288000 0.592661 -0.106099 0.321588 -0.667176 0.815112 0.658029 -1.760091 1.483859 -7.622877
0.289000 0.591993 -0.105283 0.322242 -0.668926 0.816578 0.650383 -1.739477 1.449108 -7.669325
0.290000 0.591323 -0.104466 0.322888 -0.670655 0.818010 0.642691 -1.718619 1.414572 -7.714786
0.291000 0.590652 -0.103647 0.323527 -0.672363 0.819407 0.634953 -1.697487 1.380237 -7.759317
0.292000 0.589979 -0.102827 0.324158 -0.674050 0.820770 0.627172 -1.676249 1.346339 -7.802790
0.293000 0.589304 -0.102006 0.324782 -0.675715 0.822100 0.619348 -1.655070 1.313092 -7.845059
0.294000 0.588627 -0.101183 0.325397 -0.677360 0.823397 0.611482 -1.634113 1.280680 -7.885958
0.295000 0.587949 -0.100359 0.326005 -0.678984 0.824661 0.603576 -1.613539 1.249269 -7.925302
0.296000 0.587269 -0.099533 0.326604 -0.680587 0.825895 0.595631 -1.593312 1.218787 -7.963090
0.297000 0.586588 -0.098707 0.327196 -0.682170 0.827099 0.587650 -1.573227 1.188970 -7.999487
0.298000 0.585905 -0.097879 0.327780 -0.683733 0.828273 0.579632 -1.553221 1.159723 -8.034550
0.299000 0.585220 -0.097050 0.328355 -0.685277 0.829418 0.571581 -1.533375 1.131122 -8.068201
0.300000 0.584534 -0.096220 0.328923 -0.686800 0.830535 0.563496 -1.513623 1.103073 -8.100485
0.301000 0.583847 -0.095389 0.329482 -0.688304 0.831624 0.555380 -1.493755 1.075326 -8.131578
0.302000 0.583158 -0.094557 0.330033 -0.689788 0.832686 0.547233 -1.473724 1.047855 -8.161535
0.303000 0.582467 -0.093724 0.330577 -0.691251 0.833720 0.539057 -1.453641 1.020836 -8.190280
0.304000 0.581775 -0.092890 0.331112 -0.692695 0.834728 0.530852 -1.433461 0.994244 -8.217852
0.305000 0.581082 -0.092054 0.331638 -0.694118 0.835709 0.522621 -1.412989 0.967846 -8.244395
0.306000 0.580387 -0.091218 0.332157 -0.695521 0.836663 0.514363 -1.392200 0.941592 -8.269907
0.307000 0.579691 -0.090381 0.332667 -0.696903 0.837592 0.506081 -1.371271 0.915664 -8.294220
0.308000 0.578993 -0.089543 0.333169 -0.698263 0.838495 0.497775 -1.350371 0.890237 -8.317184
0.309000 0.578294 -0.088704 0.333663 -0.699603 0.839372 0.489447 -1.329652 0.865468 -8.338686
0.310000 0.577594 -0.087864 0.334148 -0.700923 0.840226 0.481098 -1.309253 0.841503 -8.358632
0.311000 0.576892 -0.087024 0.334625 -0.702222 0.841055 0.472729 -1.289119 0.818263 -8.377060
0.312000 0.576190 -0.086182 0.335093 -0.703501 0.841862 0.464344 -1.269035 0.795499 -8.394119
0.313000 0.575485 -0.085340 0.335553 -0.704760 0.842646 0.455941 -1.248941 0.773177 -8.409857
0.314000 0.574780 -0.084497 0.336005 -0.705999 0.843408 0.447524 -1.228933 0.751461 -8.424211
0.315000 0.574073 -0.083653 0.336448 -0.707218 0.844149 0.439093 -1.208952 0.730319 -8.437215
0.316000 0.573366 -0.082809 0.336883 -0.708417 0.844869 0.430649 -1.188799 0.709520 -8.448994
0.317000 0.572657 -0.081963 0.337310 -0.709595 0.845568 0.422195 -1.168461 0.689030 -8.459564
0.318000 0.571946 -0.081118 0.337728 -0.710754 0.846247 0.413730 -1.148097 0.669010 -8.468830
0.319000 0.571235 -0.080271 0.338137 -0.711892 0.846906 0.405257 -1.127691 0.649420 -8.476797
0.320000 0.570523 -0.079424 0.338538 -0.713009 0.847546 0.396777 -1.107040 0.629996 -8.483589
0.321000 0.569809 -0.078576 0.338931 -0.714106 0.848166 0.388290 -1.086079 0.610624 -8.489265
0.322000 0.569094 -0.077727 0.339315 -0.715181 0.848767 0.379798 -1.064932 0.591413 -8.493780
0.323000 0.568379 -0.076878 0.339690 -0.716236 0.849349 0.371302 -1.043725 0.572505 -8.497092
0.324000 0.567662 -0.076029 0.340057 -0.717269 0.849912 0.362804 -1.022580 0.554102 -8.499163
0.325000 0.566944 -0.075178 0.340416 -0.718281 0.850457 0.354304 -1.001620 0.536440 -8.499957
0.326000 0.566225 -0.074328 0.340766 -0.719272 0.850985 0.345804 -0.980774 0.519505 -8.499523
0.327000 0.565506 -0.073477 0.341108 -0.720242 0.851496 0.337305 -0.959831 0.503070 -8.497966
0.328000 0.564785 -0.072625 0.341441 -0.721192 0.851991 0.328808 -0.938767 0.487096 -8.495295
0.329000 0.564063 -0.071773 0.341765 -0.722120 0.852470 0.320314 -0.917729 0.471737 -8.491427
0.330000 0.563341 -0.070920 0.342081 -0.723027 0.852935 0.311825 -0.896691 0.456949 -8.486358
0.331000 0.562617 -0.070067 0.342389 -0.723913 0.853384 0.303342 -0.875437 0.442473 -8.480180
0.332000 0.561893 -0.069213 0.342688 -0.724778 0.853820 0.294865 -0.853891 0.428213 -8.472945
0.333000 0.561168 -0.068359 0.342979 -0.725621 0.854241 0.286396 -0.832130 0.414257 -8.464637
0.334000 0.560442 -0.067505 0.343261 -0.726442 0.854648 0.277936 -0.810074 0.400511 -8.455294
0.335000 0.559715 -0.066650 0.343534 -0.727241 0.855042 0.269485 -0.787495 0.386724 -8.445008
0.336000 0.558987 -0.065795 0.343800 -0.728017 0.855422 0.261046 -0.764335 0.372873 -8.433802
0.337000 0.558259 -0.064939 0.344057 -0.728770 0.855788 0.252618 -0.740746 0.359195 -8.421615
0.338000 0.557530 -0.064083 0.344305 -0.729499 0.856140 0.244202 -0.716907 0.345916 -8.408399
0.339000 0.556800 -0.063227 0.344545 -0.730204 0.856479 0.235801 -0.693040 0.333246 -8.394123
0.340000 0.556069 -0.062370 0.344777 -0.730885 0.856806 0.227414 -0.669393 0.321390 -8.378770
0.341000 0.555338 -0.061513 0.345000 -0.731542 0.857122 0.219043 -0.645980 0.310295 -8.362375
0.342000 0.554606 -0.060656 0.345215 -0.732177 0.857427 0.210689 -0.622599 0.299700 -8.345023
0.343000 0.553874 -0.059798 0.345421 -0.732788 0.857722 0.202353 -0.599170 0.289505 -8.326761
0.344000 0.553140 -0.058940 0.345619 -0.733375 0.858006 0.194036 -0.575760 0.279794 -8.307584
0.345000 0.552407 -0.058082 0.345809 -0.733939 0.858281 0.185738 -0.552282 0.270470 -8.287524
0.346000 0.551673 -0.057224 0.345991 -0.734480 0.858547 0.177461 -0.528500 0.261290 -8.266656
0.347000 0.550938 -0.056365 0.346164 -0.734996 0.858804 0.169205 -0.504350 0.252253 -8.245017
0.348000 0.550203 -0.055506 0.346329 -0.735488 0.859052 0.160971 -0.479975 0.243626 -8.222600
0.349000 0.549467 -0.054647 0.346486 -0.735956 0.859291 0.152760 -0.455537 0.235656 -8.199397
0.350000 0.548731 -0.053788 0.346635 -0.736399 0.859523 0.144572 -0.431226 0.228563 -8.175408
0.351000 0.547994 -0.052928 0.346775 -0.736818 0.859748 0.136409 -0.407249 0.222547 -8.150633
0.352000 0.547257 -0.052068 0.346908 -0.737214 0.859968 0.128271 -0.383592 0.217557 -8.125103
0.353000 0.546520 -0.051208 0.347032 -0.737586 0.860183 0.120159 -0.360046 0.213324 -8.098875
0.354000 0.545782 -0.050348 0.347148 -0.737934 0.860395 0.112073 -0.336549 0.209749 -8.071987
0.355000 0.545044 -0.049487 0.347256 -0.738259 0.860603 0.104015 -0.313198 0.206911 -8.044450
0.356000 0.544305 -0.048626 0.347356 -0.738560 0.860808 0.095984 -0.289926 0.204711 -8.016290
0.357000 0.543567 -0.047766 0.347448 -0.738839 0.861012 0.087982 -0.266504 0.202891 -7.987552
0.358000 0.542828 -0.046904 0.347532 -0.739093 0.861214 0.080009 -0.242864 0.201423 -7.958271
0.359000 0.542088 -0.046043 0.347608 -0.739324 0.861415 0.072065 -0.219101 0.200488 -7.928461
0.360000 0.541349 -0.045182 0.347676 -0.739532 0.861615 0.064152 -0.195154 0.200060 -7.898142
0.361000 0.540609 -0.044320 0.347736 -0.739715 0.861815 0.056269 -0.170821 0.199902 -7.867351
0.362000 0.539870 -0.043458 0.347789 -0.739873 0.862015 0.048417 -0.146112 0.199964 -7.836118
0.363000 0.539130 -0.042596 0.347833 -0.740007 0.862215 0.040597 -0.121264 0.200438 -7.804459
0.364000 0.538390 -0.041734 0.347870 -0.740116 0.862416 0.032808 -0.096488 0.201498 -7.772392
0.365000 0.537649 -0.040871 0.347899 -0.740200 0.862618 0.025052 -0.071952 0.203289 -7.739943
0.366000 0.536909 -0.040008 0.347920 -0.740260 0.862822 0.017329 -0.047795 0.205936 -7.707138
0.367000 0.536169 -0.039145 0.347933 -0.740295 0.863030 0.009638 -0.023951 0.209340 -7.673998
0.368000 0.535429 -0.038282 0.347939 -0.740308 0.863241 0.001981 -0.000198 0.213251 -7.640537
0.369000 0.534688 -0.037419 0.347937 -0.740296 0.863456 -0.005643 0.023508 0.217665 -7.606758
0.370000 0.533948 -0.036555 0.347928 -0.740261 0.863676 -0.013233 0.047039 0.222794 -7.572662
0.371000 0.533208 -0.035692 0.347911 -0.740202 0.863902 -0.020789 0.070433 0.228636 -7.538244
0.372000 0.532468 -0.034828 0.347886 -0.740120 0.864134 -0.028309 0.093894 0.234962 -7.503517
0.373000 0.531728 -0.033963 0.347854 -0.740014 0.864372 -0.035796 0.117436 0.241720 -7.468535
0.374000 0.530988 -0.033099 0.347815 -0.739885 0.864617 -0.043247 0.140854 0.249099 -7.433374
0.375000 0.530248 -0.032234 0.347768 -0.739732 0.864870 -0.050662 0.163953 0.257262 -7.398102
0.376000 0.529508 -0.031369 0.347713 -0.739557 0.865132 -0.058043 0.186549 0.266323 -7.362779
0.377000 0.528769 -0.030504 0.347652 -0.739359 0.865403 -0.065388 0.208471 0.276373 -7.327462
0.378000 0.528029 -0.029638 0.347583 -0.739140 0.865684 -0.072698 0.229761 0.287284 -7.292171
0.379000 0.527290 -0.028772 0.347506 -0.738900 0.865977 -0.079972 0.250652 0.298795 -7.256899
0.380000 0.526552 -0.027906 0.347423 -0.738639 0.866282 -0.087211 0.271233 0.310895 -7.221655
0.381000 0.525813 -0.027040 0.347332 -0.738357 0.866599 -0.094416 0.291444 0.323795 -7.186459
0.382000 0.525075 -0.026173 0.347234 -0.738056 0.866930 -0.101584 0.311371 0.337488 -7.151305
0.383000 0.524337 -0.025306 0.347129 -0.737734 0.867274 -0.108718 0.331225 0.351731 -7.116170
0.384000 0.523599 -0.024439 0.347016 -0.737393 0.867633 -0.115817 0.350997 0.366446 -7.081057
0.385000 0.522862 -0.023571 0.346897 -0.737032 0.868007 -0.122880 0.370487 0.381738 -7.045995
0.386000 0.522125 -0.022703 0.346771 -0.736652 0.868397 -0.129909 0.389686 0.397521 -7.010975
0.387000 0.521389 -0.021834 0.346637 -0.736253 0.868802 -0.136902 0.408790 0.413499 -6.975968
0.388000 0.520653 -0.020965 0.346497 -0.735835 0.869224 -0.143861 0.427860 0.429536 -6.940978
0.389000 0.519917 -0.020095 0.346349 -0.735397 0.869661 -0.150784 0.446798 0.445669 -6.906036
0.390000 0.519182 -0.019226 0.346195 -0.734941 0.870115 -0.157673 0.465667 0.461766 -6.871137
0.391000 0.518447 -0.018355 0.346034 -0.734466 0.870585 -0.164526 0.484694 0.477561 -6.836231
0.392000 0.517713 -0.017484 0.345866 -0.733972 0.871070 -0.171345 0.503942 0.493040 -6.801298
0.393000 0.516979 -0.016613 0.345691 -0.733458 0.871571 -0.178129 0.523270 0.508457 -6.766357
0.394000 0.516246 -0.015741 0.345510 -0.732925 0.872087 -0.184878 0.542524 0.524050 -6.731447
0.395000 0.515514 -0.014869 0.345322 -0.732373 0.872619 -0.191592 0.561538 0.540024 -6.696647
0.396000 0.514781 -0.013996 0.345127 -0.731802 0.873167 -0.198271 0.580135 0.556567 -6.662053
0.397000 0.514050 -0.013123 0.344925 -0.731213 0.873732 -0.204916 0.598351 0.573612 -6.627691
0.398000 0.513319 -0.012249 0.344717 -0.730605 0.874314 -0.211527 0.616398 0.590856 -6.593518
0.399000 0.512589 -0.011374 0.344502 -0.729980 0.874914 -0.218103 0.634334 0.608136 -6.559523
0.400000 0.511859 -0.010499 0.344281 -0.729337 0.875530 -0.224646 0.652056 0.625448 -6.525735
0.401000 0.511130 -0.009623 0.344053 -0.728676 0.876165 -0.231155 0.669623 0.642630 -6.492131
0.402000 0.510402 -0.008746 0.343818 -0.727998 0.876816 -0.237630 0.687267 0.659400 -6.458640
0.403000 0.509674 -0.007869 0.343578 -0.727301 0.877483 -0.244072 0.705070 0.675735 -6.425252
0.404000 0.508947 -0.006991 0.343330 -0.726587 0.878167 -0.250480 0.722917 0.691887 -6.392018
0.405000 0.508221 -0.006113 0.343077 -0.725856 0.878867 -0.256856 0.740676 0.708095 -6.358993
0.406000 0.507495 -0.005234 0.342817 -0.725106 0.879583 -0.263198 0.758181 0.724585 -6.326241
0.407000 0.506771 -0.004354 0.342550 -0.724339 0.880316 -0.269508 0.775251 0.741571 -6.293828
0.408000 0.506047 -0.003473 0.342278 -0.723556 0.881066 -0.275786 0.791915 0.759002 -6.261738
0.409000 0.505324 -0.002592 0.341999 -0.722755 0.881834 -0.282032 0.808390 0.776558 -6.229891
0.410000 0.504601 -0.001709 0.341713 -0.721939 0.882620 -0.288246 0.824752 0.794019 -6.198258
0.411000 0.503880 -0.000826 0.341422 -0.721106 0.883422 -0.294428 0.840922 0.811306 -6.166868
0.412000 0.503159 0.000057 0.341125 -0.720257 0.884242 -0.300580 0.856979 0.828201 -6.135683
0.413000 0.502439 0.000942 0.340821 -0.719392 0.885079 -0.306700 0.873154 0.844414 -6.104609
0.414000 0.501720 0.001828 0.340511 -0.718511 0.885931 -0.312789 0.889526 0.859963 -6.073618
0.415000 0.501002 0.002714 0.340195 -0.717613 0.886799 -0.318847 0.906011 0.875108 -6.042748
0.416000 0.500285 0.003601 0.339874 -0.716699 0.887681 -0.324874 0.922682 0.889876 -6.011967
0.417000 0.499569 0.004489 0.339546 -0.715767 0.888578 -0.330871 0.939759 0.904046 -5.981174
0.418000 0.498853 0.005378 0.339212 -0.714819 0.889489 -0.336837 0.957290 0.917573 -5.950346
0.419000 0.498139 0.006268 0.338872 -0.713853 0.890414 -0.342772 0.975115 0.930649 -5.919554
0.420000 0.497426 0.007159 0.338526 -0.712869 0.891351 -0.348676 0.993087 0.943407 -5.888869
0.421000 0.496713 0.008051 0.338175 -0.711867 0.892300 -0.354549 1.011067 0.955870 -5.858372
0.422000 0.496002 0.008944 0.337817 -0.710847 0.893262 -0.360392 1.028929 0.968002 -5.828147
0.423000 0.495292 0.009837 0.337454 -0.709809 0.894236 -0.366206 1.046738 0.979578 -5.798169
0.424000 0.494582 0.010732 0.337085 -0.708753 0.895222 -0.371989 1.064719 0.990308 -5.768321
0.425000 0.493874 0.011628 0.336710 -0.707679 0.896217 -0.377742 1.082937 1.000225 -5.738541
0.426000 0.493167 0.012525 0.336329 -0.706587 0.897222 -0.383466 1.101301 1.009613 -5.708841
0.427000 0.492461 0.013422 0.335943 -0.705477 0.898236 -0.389160 1.119873 1.018518 -5.679150
0.428000 0.491756 0.014321 0.335551 -0.704348 0.899259 -0.394824 1.138860 1.026726 -5.649337
0.429000 0.491052 0.015221 0.335153 -0.703199 0.900290 -0.400459 1.158300 1.034211 -5.619372
0.430000 0.490350 0.016122 0.334750 -0.702031 0.901327 -0.406063 1.178063 1.041149 -5.589307
0.431000 0.489648 0.017024 0.334341 -0.700843 0.902372 -0.411637 1.198183 1.047491 -5.559105
0.432000 0.488948 0.017926 0.333927 -0.699635 0.903422 -0.417181 1.218875 1.052897 -5.528643
0.433000 0.488249 0.018830 0.333507 -0.698405 0.904478 -0.422694 1.240219 1.057103 -5.497896
0.434000 0.487551 0.019735 0.333081 -0.697154 0.905537 -0.428177 1.262111 1.060033 -5.466954
0.435000 0.486855 0.020641 0.332650 -0.695881 0.906598 -0.433628 1.284434 1.061724 -5.435891
0.436000 0.486159 0.021549 0.332214 -0.694585 0.907660 -0.439049 1.307056 1.062410 -5.404761
0.437000 0.485465 0.022457 0.331772 -0.693267 0.908723 -0.444438 1.329837 1.062433 -5.373606
0.438000 0.484773 0.023366 0.331325 -0.691926 0.909785 -0.449796 1.352826 1.061856 -5.342352
0.439000 0.484082 0.024276 0.330873 -0.690561 0.910846 -0.455123 1.376229 1.060475 -5.310860
0.440000 0.483392 0.025188 0.330415 -0.689173 0.911906 -0.460418 1.400096 1.058279 -5.279120
0.441000 0.482703 0.026100 0.329952 -0.687761 0.912963 -0.465681 1.424315 1.055467 -5.247229
0.442000 0.482016 0.027014 0.329484 -0.686325 0.914017 -0.470912 1.448934 1.052004 -5.215169
0.443000 0.481331 0.027928 0.329010 -0.684863 0.915067 -0.476111 1.474151 1.047549 -5.182800
0.444000 0.480647 0.028844 0.328531 -0.683376 0.916112 -0.481278 1.500011 1.041828 -5.150070
0.445000 0.479964 0.029760 0.328048 -0.681863 0.917151 -0.486411 1.526360 1.034756 -5.117048
0.446000 0.479283 0.030678 0.327559 -0.680324 0.918181 -0.491512 1.553054 1.026368 -5.083797
0.447000 0.478603 0.031597 0.327064 -0.678757 0.919203 -0.496579 1.579959 1.016913 -5.050378
0.448000 0.477925 0.032517 0.326565 -0.677164 0.920215 -0.501613 1.606952 1.006755 -5.016843
0.449000 0.477249 0.033437 0.326061 -0.675543 0.921217 -0.506613 1.634094 0.995974 -4.983121
0.450000 0.476574 0.034359 0.325552 -0.673895 0.922207 -0.511579 1.661583 0.984374 -4.949055
0.451000 0.475901 0.035282 0.325038 -0.672220 0.923186 -0.516511 1.689455 0.971961 -4.914635
0.452000 0.475230 0.036205 0.324519 -0.670517 0.924151 -0.521408 1.717583 0.958957 -4.879971
0.453000 0.474560 0.037130 0.323995 -0.668785 0.925103 -0.526271 1.745996 0.945341 -4.845045
0.454000 0.473892 0.038056 0.323467 -0.667025 0.926042 -0.531098 1.774878 0.930786 -4.809704
0.455000 0.473226 0.038982 0.322933 -0.665235 0.926965 -0.535890 1.804253 0.915030 -4.773896
0.456000 0.472562 0.039909 0.322395 -0.663416 0.927872 -0.540646 1.833989 0.897953 -4.737679
0.457000 0.471899 0.040838 0.321852 -0.661567 0.928761 -0.545365 1.864110 0.879298 -4.700990
0.458000 0.471239 0.041767 0.321304 -0.659688 0.929630 -0.550048 1.894801 0.858763 -4.663635
0.459000 0.470580 0.042697 0.320752 -0.657777 0.930478 -0.554693 1.926108 0.836399 -4.625517
0.460000 0.469923 0.043628 0.320195 -0.655836 0.931303 -0.559299 1.957886 0.812580 -4.586677
0.461000 0.469268 0.044560 0.319633 -0.653862 0.932104 -0.563866 1.989992 0.787652 -4.547183
0.462000 0.468615 0.045492 0.319067 -0.651856 0.932879 -0.568393 2.022277 0.761916 -4.507162
0.463000 0.467964 0.046425 0.318496 -0.649817 0.933627 -0.572880 2.054592 0.735646 -4.466768
0.464000 0.467316 0.047359 0.317921 -0.647746 0.934350 -0.577327 2.086974 0.708817 -4.425988
0.465000 0.466669 0.048294 0.317342 -0.645643 0.935045 -0.581732 2.119606 0.681110 -4.384659
0.466000 0.466024 0.049229 0.316758 -0.643507 0.935712 -0.586096 2.152520 0.652307 -4.342736
0.467000 0.465382 0.050166 0.316169 -0.641338 0.936350 -0.590418 2.185560 0.622409 -4.300323
0.468000 0.464742 0.051102 0.315577 -0.639136 0.936957 -0.594697 2.218577 0.591506 -4.257506
0.469000 0.464104 0.052039 0.314980 -0.636901 0.937533 -0.598933 2.251436 0.559860 -4.214334
0.470000 0.463468 0.052977 0.314379 -0.634633 0.938077 -0.603126 2.284007 0.527823 -4.170836
0.471000 0.462834 0.053916 0.313774 -0.632333 0.938588 -0.607275 2.316338 0.495456 -4.126897
0.472000 0.462203 0.054854 0.313165 -0.630001 0.939068 -0.611379 2.348619 0.462546 -4.082337
0.473000 0.461574 0.055794 0.312551 -0.627636 0.939513 -0.615439 2.380893 0.429083 -4.037176
0.474000 0.460948 0.056733 0.311934 -0.625239 0.939926 -0.619454 2.413059 0.395272 -3.991599
0.475000 0.460324 0.057674 0.311312 -0.622810 0.940304 -0.623422 2.445156 0.361081 -3.945624
0.476000 0.459702 0.058614 0.310687 -0.620348 0.940648 -0.627345 2.477352 0.326186 -3.899084
0.477000 0.459083 0.059555 0.310057 -0.617855 0.940956 -0.631221 2.509657 0.290364 -3.851919
0.478000 0.458467 0.060496 0.309424 -0.615329 0.941229 -0.635049 2.541927 0.253548 -3.804196
0.479000 0.457853 0.061437 0.308787 -0.612771 0.941463 -0.638829 2.574166 0.215519 -3.755839
0.480000 0.457241 0.062379 0.308147 -0.610181 0.941660 -0.642560 2.606534 0.175982 -3.706627
0.481000 0.456632 0.063321 0.307502 -0.607558 0.941815 -0.646242 2.639054 0.134980 -3.656453
0.482000 0.456026 0.064263 0.306854 -0.604903 0.941930 -0.649873 2.671574 0.092874 -3.605378
0.483000 0.455422 0.065205 0.306203 -0.602215 0.942001 -0.653453 2.703955 0.050002 -3.553509
0.484000 0.454822 0.066147 0.305547 -0.599495 0.942030 -0.656980 2.736087 0.006654 -3.501043
0.485000 0.454223 0.067089 0.304889 -0.596743 0.942015 -0.660455 2.767873 -0.036906 -3.448223
0.486000 0.453628 0.068031 0.304226 -0.593959 0.941956 -0.663877 2.799376 -0.080707 -3.395081
0.487000 0.453036 0.068972 0.303561 -0.591144 0.941853 -0.667245 2.830769 -0.125057 -3.341452
0.488000 0.452446 0.069914 0.302892 -0.588297 0.941706 -0.670560 2.862061 -0.170128 -3.287291
0.489000 0.451859 0.070856 0.302220 -0.585420 0.941513 -0.673820 2.893113 -0.215921 -3.232693
0.490000 0.451275 0.071797 0.301544 -0.582511 0.941274 -0.677025 2.923928 -0.262607 -3.177597
0.491000 0.450694 0.072738 0.300866 -0.579572 0.940988 -0.680175 2.954656 -0.310480 -3.121763
0.492000 0.450116 0.073679 0.300184 -0.576602 0.940653 -0.683269 2.985319 -0.359547 -3.065051
0.493000 0.449541 0.074620 0.299499 -0.573601 0.940269 -0.686305 3.015770 -0.409509 -3.007491
0.494000 0.448969 0.075560 0.298811 -0.570570 0.939834 -0.689284 3.045886 -0.460071 -2.949185
0.495000 0.448400 0.076499 0.298121 -0.567510 0.939348 -0.692203 3.075589 -0.510933 -2.890371
0.496000 0.447834 0.077438 0.297427 -0.564419 0.938812 -0.695064 3.104820 -0.561800 -2.831359
0.497000 0.447271 0.078377 0.296730 -0.561300 0.938225 -0.697866 3.133662 -0.612674 -2.772224
0.498000 0.446711 0.079315 0.296031 -0.558152 0.937587 -0.700609 3.162276 -0.663858 -2.712799
0.499000 0.446154 0.080252 0.295329 -0.554975 0.936897 -0.703292 3.190644 -0.715547 -2.653009
0.500000 0.445601 0.081189 0.294625 -0.551771 0.936156 -0.705915 3.218593 -0.767768 -2.592919
0.501000 0.445051 0.082125 0.293917 -0.548538 0.935362 -0.708478 3.246098 -0.820715 -2.532439
0.502000 0.444504 0.083059 0.293208 -0.545278 0.934514 -0.710980 3.273296 -0.874686 -2.471318
0.503000 0.443960 0.083994 0.292495 -0.541992 0.933612 -0.713420 3.300226 -0.929683 -2.409438
0.504000 0.443420 0.084927 0.291781 -0.538678 0.932655 -0.715799 3.326779 -0.985404 -2.346865
0.505000 0.442883 0.085859 0.291064 -0.535338 0.931641 -0.718114 3.352858 -1.041554 -2.283725
0.506000 0.442349 0.086790 0.290345 -0.531972 0.930572 -0.720366 3.378395 -1.097854 -2.220247
0.507000 0.441819 0.087720 0.289623 -0.528581 0.929446 -0.722554 3.403337 -1.154032 -2.156716
0.508000 0.441292 0.088649 0.288899 -0.525166 0.928264 -0.724679 3.427760 -1.210106 -2.093185
0.509000 0.440769 0.089577 0.288174 -0.521726 0.927025 -0.726741 3.451820 -1.266357 -2.029479
0.510000 0.440249 0.090503 0.287446 -0.518262 0.925731 -0.728738 3.475517 -1.322921 -1.965549
0.511000 0.439732 0.091428 0.286716 -0.514775 0.924380 -0.730672 3.498711 -1.379748 -1.901504
0.512000 0.439219 0.092352 0.285985 -0.511265 0.922971 -0.732541 3.521392 -1.436972 -1.837278
0.513000 0.438710 0.093274 0.285251 -0.507732 0.921506 -0.734346 3.543693 -1.494881 -1.772619
0.514000 0.438204 0.094195 0.284516 -0.504177 0.919982 -0.736087 3.565644 -1.553509 -1.707387
0.515000 0.437701 0.095114 0.283779 -0.500601 0.918399 -0.737761 3.587137 -1.612611 -1.641631
0.516000 0.437202 0.096031 0.283040 -0.497003 0.916756 -0.739370 3.608085 -1.671929 -1.575474
0.517000 0.436707 0.096947 0.282300 -0.493384 0.915055 -0.740912 3.628444 -1.731191 -1.509176
0.518000 0.436216 0.097862 0.281559 -0.489746 0.913294 -0.742388 3.648192 -1.790113 -1.443070
0.519000 0.435728 0.098774 0.280815 -0.486088 0.911475 -0.743798 3.667419 -1.848697 -1.377241
0.520000 0.435244 0.099685 0.280071 -0.482411 0.909597 -0.745143 3.686264 -1.907210 -1.311514
0.521000 0.434763 0.100593 0.279325 -0.478716 0.907660 -0.746421 3.704691 -1.965768 -1.245826
0.522000 0.434286 0.101500 0.278578 -0.475002 0.905665 -0.747634 3.722521 -2.024306 -1.180268
0.523000 0.433813 0.102405 0.277830 -0.471270 0.903612 -0.748782 3.739709 -2.082941 -1.114758
0.524000 0.433344 0.103307 0.277081 -0.467522 0.901499 -0.749864 3.756358 -2.141953 -1.049027
0.525000 0.432878 0.104208 0.276330 -0.463758 0.899328 -0.750880 3.772485 -2.201382 -0.982920
0.526000 0.432416 0.105106 0.275579 -0.459977 0.897096 -0.751830 3.787981 -2.261001 -0.916471
0.527000 0.431958 0.106002 0.274827 -0.456182 0.894806 -0.752713 3.802763 -2.320577 -0.849789
0.528000 0.431504 0.106895 0.274073 -0.452372 0.892455 -0.753529 3.816811 -2.379879 -0.783120
0.529000 0.431053 0.107787 0.273319 -0.448548 0.890046 -0.754279 3.830131 -2.438670 -0.716785
0.530000 0.430607 0.108675 0.272565 -0.444712 0.887578 -0.754963 3.842827 -2.496979 -0.650857
0.531000 0.430164 0.109562 0.271810 -0.440863 0.885052 -0.755581 3.855038 -2.555061 -0.585160
0.532000 0.429725 0.110446 0.271054 -0.437001 0.882468 -0.756133 3.866744 -2.612987 -0.519649
0.533000 0.429290 0.111327 0.270297 -0.433129 0.879826 -0.756620 3.877793 -2.670633 -0.454435
0.534000 0.428859 0.112205 0.269540 -0.429246 0.877127 -0.757042 3.888150 -2.728067 -0.389456
0.535000 0.428431 0.113081 0.268783 -0.425353 0.874370 -0.757399 3.897911 -2.785543 -0.324443
0.536000 0.428008 0.113954 0.268026 -0.421450 0.871555 -0.757691 3.907078 -2.843101 -0.259235
0.537000 0.427588 0.114824 0.267268 -0.417539 0.868684 -0.757918 3.915556 -2.900570 -0.193809
0.538000 0.427173 0.115691 0.266510 -0.413619 0.865754 -0.758079 3.923352 -2.957985 -0.128012
0.539000 0.426761 0.116556 0.265752 -0.409692 0.862768 -0.758174 3.930605 -3.015576 -0.061625
0.540000 0.426353 0.117417 0.264993 -0.405758 0.859723 -0.758202 3.937411 -3.073372 0.005289
0.541000 0.425950 0.118275 0.264235 -0.401817 0.856621 -0.758163 3.943768 -3.131141 0.072407
0.542000 0.425550 0.119130 0.263477 -0.397870 0.853461 -0.758057 3.949636 -3.188660 0.139449
0.543000 0.425154 0.119982 0.262719 -0.393918 0.850244 -0.757884 3.954911 -3.245716 0.206210
0.544000 0.424762 0.120831 0.261961 -0.389960 0.846969 -0.757645 3.959448 -3.302103 0.272528
0.545000 0.424374 0.121676 0.261204 -0.385999 0.843639 -0.757339 3.963225 -3.357861 0.338468
0.546000 0.423990 0.122518 0.260447 -0.382034 0.840254 -0.756968 3.966323 -3.413232 0.404299
0.547000 0.423610 0.123356 0.259690 -0.378066 0.836813 -0.756530 3.968734 -3.468274 0.470181
0.548000 0.423234 0.124191 0.258934 -0.374096 0.833317 -0.756027 3.970353 -3.522853 0.536137
0.549000 0.422862 0.125023 0.258178 -0.370126 0.829767 -0.755458 3.971174 -3.577019 0.602317
0.550000 0.422494 0.125851 0.257423 -0.366154 0.826163 -0.754823 3.971325 -3.631014 0.668926
0.551000 0.422129 0.126675 0.256668 -0.362183 0.822505 -0.754120 3.970913 -3.684882 0.735875
0.552000 0.421769 0.127496 0.255914 -0.358212 0.818793 -0.753351 3.969961 -3.738426 0.802804
0.553000 0.421413 0.128313 0.255162 -0.354243 0.815028 -0.752515 3.968449 -3.791436 0.869413
0.554000 0.421061 0.129126 0.254409 -0.350275 0.811211 -0.751612 3.966274 -3.843683 0.935508
0.555000 0.420712 0.129935 0.253658 -0.346310 0.807341 -0.750644 3.963290 -3.894926 1.000952
0.556000 0.420368 0.130741 0.252908 -0.342349 0.803421 -0.749610 3.959457 -3.945172 1.065829
0.557000 0.420028 0.131542 0.252159 -0.338391 0.799451 -0.748512 3.954847 -3.994656 1.130400
0.558000 0.419691 0.132340 0.251411 -0.334439 0.795431 -0.747349 3.949461 -4.043470 1.194794
0.559000 0.419359 0.133133 0.250664 -0.330493 0.791364 -0.746122 3.943219 -4.091544 1.258991
0.560000 0.419030 0.133922 0.249919 -0.326553 0.787248 -0.744831 3.936129 -4.138965 1.323109
0.561000 0.418706 0.134708 0.249175 -0.322620 0.783086 -0.743476 3.928315 -4.185974 1.387354
0.562000 0.418385 0.135489 0.248432 -0.318696 0.778876 -0.742057 3.919896 -4.232604 1.451675
0.563000 0.418068 0.136265 0.247691 -0.314781 0.774621 -0.740573 3.910925 -4.278651 1.515766
0.564000 0.417756 0.137038 0.246951 -0.310874 0.770319 -0.739025 3.901398 -4.323898 1.579357
0.565000 0.417447 0.137806 0.246213 -0.306978 0.765973 -0.737414 3.891218 -4.368109 1.642236
0.566000 0.417142 0.138570 0.245476 -0.303092 0.761583 -0.735741 3.880232 -4.411034 1.704222
0.567000 0.416840 0.139329 0.244741 -0.299217 0.757151 -0.734006 3.868389 -4.452665 1.765361
0.568000 0.416543 0.140084 0.244008 -0.295355 0.752677 -0.732210 3.855746 -4.493223 1.825899
0.569000 0.416250 0.140834 0.243277 -0.291506 0.748164 -0.730354 3.842318 -4.532808 1.885973
0.570000 0.415960 0.141580 0.242547 -0.287670 0.743612 -0.728438 3.828050 -4.571370 1.945583
0.571000 0.415674 0.142322 0.241820 -0.283850 0.739021 -0.726463 3.812959 -4.609008 2.004855
0.572000 0.415392 0.143058 0.241094 -0.280044 0.734394 -0.724428 3.797160 -4.645954 2.063999
0.573000 0.415114 0.143790 0.240371 -0.276255 0.729730 -0.722335 3.780759 -4.682250 2.122972
0.574000 0.414840 0.144518 0.239650 -0.272483 0.725029 -0.720182 3.763803 -4.717713 2.181486
0.575000 0.414569 0.145241 0.238931 -0.268728 0.720294 -0.717972 3.746296 -4.752139 2.239285
0.576000 0.414302 0.145958 0.238214 -0.264990 0.715525 -0.715704 3.728158 -4.785289 2.296174
0.577000 0.414039 0.146672 0.237499 -0.261271 0.710724 -0.713379 3.709267 -4.816903 2.351986
0.578000 0.413780 0.147380 0.236787 -0.257572 0.705891 -0.711000 3.689584 -4.846952 2.406769
0.579000 0.413524 0.148083 0.236077 -0.253892 0.701030 -0.708566 3.669170 -4.875648 2.460747
0.580000 0.413272 0.148782 0.235370 -0.250233 0.696140 -0.706078 3.648050 -4.903120 2.514012
0.581000 0.413024 0.149476 0.234665 -0.246596 0.691223 -0.703538 3.626198 -4.929371 2.566504
0.582000 0.412779 0.150164 0.233963 -0.242981 0.686281 -0.700945 3.603645 -4.954527 2.618305
0.583000 0.412538 0.150848 0.233263 -0.239389 0.681314 -0.698301 3.580495 -4.978833 2.669611
0.584000 0.412300 0.151527 0.232566 -0.235820 0.676324 -0.695606 3.556843 -5.002360 2.720402
0.585000 0.412066 0.152201 0.231872 -0.232275 0.671310 -0.692860 3.532751 -5.025021 2.770473
0.586000 0.411836 0.152870 0.231180 -0.228755 0.666274 -0.690065 3.508304 -5.046870 2.819800
0.587000 0.411609 0.153533 0.230492 -0.225259 0.661216 -0.687221 3.483584 -5.068078 2.868556
0.588000 0.411385 0.154192 0.229806 -0.221787 0.656137 -0.684328 3.458573 -5.088618 2.916782
0.589000 0.411165 0.154846 0.229123 -0.218341 0.651039 -0.681387 3.433184 -5.108283 2.964363
0.590000 0.410948 0.155494 0.228443 -0.214921 0.645921 -0.678399 3.407390 -5.127040 3.011344
0.591000 0.410735 0.156138 0.227766 -0.211527 0.640785 -0.675365 3.381239 -5.145071 3.057939
0.592000 0.410525 0.156776 0.227092 -0.208159 0.635631 -0.672283 3.354744 -5.162478 3.104232
0.593000 0.410319 0.157409 0.226422 -0.204817 0.630460 -0.669156 3.327866 -5.179203 3.150128
0.594000 0.410116 0.158037 0.225754 -0.201503 0.625272 -0.665983 3.300587 -5.195185 3.195510
0.595000 0.409916 0.158659 0.225090 -0.198216 0.620069 -0.662765 3.272931 -5.210359 3.240228
0.596000 0.409719 0.159277 0.224429 -0.194957 0.614852 -0.659503 3.244945 -5.224652 3.284111
0.597000 0.409526 0.159889 0.223771 -0.191726 0.609620 -0.656197 3.216705 -5.238142 3.327182
0.598000 0.409336 0.160496 0.223116 -0.188524 0.604375 -0.652848 3.188277 -5.250985 3.369621
0.599000 0.409149 0.161098 0.222465 -0.185350 0.599118 -0.649458 3.159635 -5.263131 3.411467
0.600000 0.408965 0.161694 0.221817 -0.182204 0.593849 -0.646025 3.130690 -5.274348 3.452607
0.601000 0.408784 0.162285 0.221173 -0.179088 0.588569 -0.642552 3.101408 -5.284579 3.493075
0.602000 0.408607 0.162871 0.220532 -0.176001 0.583280 -0.639039 3.071833 -5.293994 3.533073
0.603000 0.408432 0.163452 0.219895 -0.172944 0.577981 -0.635486 3.041997 -5.302712 3.572677
0.604000 0.408261 0.164027 0.219261 -0.169917 0.572674 -0.631894 3.011894 -5.310729 3.611791
0.605000 0.408093 0.164597 0.218631 -0.166921 0.567360 -0.628263 2.981535 -5.318023 3.650299
0.606000 0.407927 0.165162 0.218005 -0.163954 0.562038 -0.624593 2.950955 -5.324553 3.688049
0.607000 0.407765 0.165721 0.217382 -0.161019 0.556711 -0.620887 2.920205 -5.330265 3.724871
0.608000 0.407605 0.166276 0.216763 -0.158114 0.551378 -0.617144 2.889356 -5.335233 3.760775
0.609000 0.407449 0.166824 0.216148 -0.155240 0.546040 -0.613365 2.858474 -5.339599 3.795938
0.610000 0.407295 0.167368 0.215536 -0.152397 0.540699 -0.609552 2.827552 -5.343309 3.830410
0.611000 0.407144 0.167906 0.214929 -0.149585 0.535354 -0.605704 2.796536 -5.346143 3.864110
0.612000 0.406996 0.168438 0.214325 -0.146804 0.530006 -0.601823 2.765413 -5.348042 3.897086
0.613000 0.406850 0.168966 0.213725 -0.144054 0.524658 -0.597910 2.734215 -5.349157 3.929529
0.614000 0.406707 0.169488 0.213129 -0.141336 0.519308 -0.593964 2.702945 -5.349608 3.961505
0.615000 0.406567 0.170004 0.212537 -0.138648 0.513958 -0.589987 2.671572 -5.349427 3.992950
0.616000 0.406430 0.170516 0.211949 -0.135992 0.508609 -0.585979 2.640102 -5.348734 4.023923
0.617000 0.406295 0.171021 0.211365 -0.133368 0.503261 -0.581939 2.608598 -5.347721 4.054609
0.618000 0.406163 0.171522 0.210785 -0.130775 0.497914 -0.577869 2.577130 -5.346450 4.085062
0.619000 0.406034 0.172017 0.210209 -0.128214 0.492568 -0.573769 2.545750 -5.344831 4.115167
0.620000 0.405907 0.172507 0.209638 -0.125684 0.487224 -0.569639 2.514472 -5.342746 4.144808
0.621000 0.405783 0.172992 0.209070 -0.123185 0.481882 -0.565479 2.483245 -5.340026 4.173864
0.622000 0.405661 0.173471 0.208507 -0.120717 0.476544 -0.561291 2.451984 -5.336469 4.202210
0.623000 0.405541 0.173945 0.207947 -0.118281 0.471210 -0.557075 2.420650 -5.332036 4.229881
0.624000 0.405424 0.174413 0.207392 -0.115876 0.465880 -0.552831 2.389267 -5.326862 4.257055
0.625000 0.405309 0.174877 0.206842 -0.113502 0.460556 -0.548561 2.357863 -5.321042 4.283807
0.626000 0.405197 0.175334 0.206295 -0.111160 0.455238 -0.544264 2.326448 -5.314583 4.310097
0.627000 0.405087 0.175787 0.205753 -0.108849 0.449927 -0.539941 2.295052 -5.307579 4.335992
0.628000 0.404979 0.176234 0.205215 -0.106570 0.444623 -0.535592 2.263731 -5.300206 4.361665
0.629000 0.404874 0.176676 0.204682 -0.104322 0.439326 -0.531217 2.232533 -5.292546 4.387151
0.630000 0.404771 0.177113 0.204153 -0.102105 0.434038 -0.526818 2.201487 -5.284558 4.412329
0.631000 0.404670 0.177544 0.203628 -0.099919 0.428757 -0.522393 2.170601 -5.276164 4.437082
0.632000 0.404571 0.177971 0.203108 -0.097764 0.423485 -0.517943 2.139852 -5.267216 4.461304
0.633000 0.404474 0.178391 0.202593 -0.095639 0.418223 -0.513470 2.109195 -5.257532 4.484895
0.634000 0.404380 0.178807 0.202081 -0.093545 0.412970 -0.508974 2.078620 -5.247069 4.507896
0.635000 0.404287 0.179217 0.201575 -0.091482 0.407729 -0.504454 2.048146 -5.235947 4.530469
0.636000 0.404197 0.179622 0.201072 -0.089449 0.402498 -0.499913 2.017780 -5.224256 4.552671
0.637000 0.404108 0.180022 0.200575 -0.087447 0.397280 -0.495349 1.987509 -5.212016 4.574446
0.638000 0.404022 0.180417 0.200082 -0.085474 0.392074 -0.490764 1.957339 -5.199318 4.595848
0.639000 0.403937 0.180806 0.199593 -0.083532 0.386881 -0.486157 1.927303 -5.186311 4.617040
0.640000 0.403855 0.181191 0.199109 -0.081620 0.381702 -0.481530 1.897427 -5.173049 4.638089
0.641000 0.403774 0.181570 0.198630 -0.079737 0.376535 -0.476881 1.867719 -5.159475 4.658929
0.642000 0.403695 0.181944 0.198156 -0.077884 0.371383 -0.472212 1.838177 -5.145498 4.679481
0.643000 0.403618 0.182313 0.197686 -0.076061 0.366244 -0.467522 1.808779 -5.130979 4.699648
0.644000 0.403543 0.182676 0.197221 -0.074267 0.361121 -0.462813 1.779496 -5.115746 4.719317
0.645000 0.403470 0.183035 0.196760 -0.072502 0.356013 -0.458084 1.750321 -5.099756 4.738511
0.646000 0.403398 0.183388 0.196304 -0.070766 0.350921 -0.453336 1.721274 -5.083114 4.757371
0.647000 0.403328 0.183737 0.195853 -0.069059 0.345847 -0.448569 1.692369 -5.065908 4.775959
0.648000 0.403260 0.184080 0.195407 -0.067381 0.340789 -0.443784 1.663607 -5.048174 4.794237
0.649000 0.403193 0.184418 0.194966 -0.065732 0.335750 -0.438980 1.635002 -5.029999 4.812260
0.650000 0.403128 0.184752 0.194529 -0.064111 0.330729 -0.434159 1.606587 -5.011519 4.830171
0.651000 0.403065 0.185080 0.194098 -0.062519 0.325727 -0.429320 1.578397 -4.992788 4.848016
0.652000 0.403003 0.185403 0.193671 -0.060954 0.320744 -0.424463 1.550459 -4.973788 4.865739
0.653000 0.402943 0.185721 0.193249 -0.059418 0.315780 -0.419589 1.522803 -4.954555 4.883374
0.654000 0.402885 0.186035 0.192831 -0.057909 0.310835 -0.414696 1.495448 -4.935165 4.901036
0.655000 0.402827 0.186343 0.192419 -0.056427 0.305909 -0.409786 1.468371 -4.915575 4.918726
0.656000 0.402772 0.186646 0.192012 -0.054972 0.301004 -0.404859 1.441525 -4.895630 4.936314
0.657000 0.402717 0.186945 0.191610 -0.053544 0.296118 -0.399914 1.414877 -4.875213 4.953681
0.658000 0.402665 0.187239 0.191212 -0.052142 0.291253 -0.394952 1.388425 -4.854277 4.970735
0.659000 0.402613 0.187527 0.190820 -0.050767 0.286409 -0.389972 1.362180 -4.832814 4.987397
0.660000 0.402563 0.187811 0.190432 -0.049418 0.281588 -0.384977 1.336167 -4.810889 5.003696
0.661000 0.402514 0.188091 0.190050 -0.048095 0.276788 -0.379965 1.310413 -4.788616 5.019757
0.662000 0.402467 0.188365 0.189672 -0.046797 0.272010 -0.374937 1.284939 -4.766048 5.035622
0.663000 0.402421 0.188635 0.189300 -0.045525 0.267256 -0.369894 1.259758 -4.743181 5.051253
0.664000 0.402376 0.188899 0.188932 -0.044278 0.262524 -0.364835 1.234884 -4.720056 5.066685
0.665000 0.402332 0.189160 0.188570 -0.043055 0.257815 -0.359760 1.210331 -4.696736 5.082020
0.666000 0.402290 0.189415 0.188213 -0.041857 0.253130 -0.354671 1.186089 -4.673182 5.097259
0.667000 0.402249 0.189666 0.187861 -0.040683 0.248469 -0.349566 1.162131 -4.649269 5.112309
0.668000 0.402208 0.189912 0.187514 -0.039533 0.243832 -0.344446 1.138446 -4.624951 5.127159
0.669000 0.402169 0.190154 0.187172 -0.038406 0.239219 -0.339312 1.115042 -4.600294 5.141881
0.670000 0.402132 0.190390 0.186835 -0.037303 0.234631 -0.334162 1.091927 -4.575362 5.156456
0.671000 0.402095 0.190623 0.186504 -0.036222 0.230069 -0.328999 1.069102 -4.550170 5.170750
0.672000 0.402059 0.190851 0.186177 -0.035164 0.225531 -0.323821 1.046569 -4.524720 5.184644
0.673000 0.402025 0.191074 0.185856 -0.034129 0.221019 -0.318629 1.024325 -4.498995 5.198043
0.674000 0.401991 0.191293 0.185540 -0.033116 0.216533 -0.313425 1.002368 -4.472964 5.210865
0.675000 0.401958 0.191507 0.185229 -0.032124 0.212073 -0.308208 0.980705 -4.446646 5.223117
0.676000 0.401927 0.191717 0.184923 -0.031154 0.207640 -0.302978 0.959347 -4.420087 5.234879
0.677000 0.401896 0.191922 0.184623 -0.030206 0.203233 -0.297738 0.938297 -4.393251 5.246149
0.678000 0.401866 0.192123 0.184328 -0.029278 0.198853 -0.292486 0.917551 -4.366031 5.256847
0.679000 0.401837 0.192320 0.184038 -0.028370 0.194501 -0.287224 0.897112 -4.338386 5.266958
0.680000 0.401809 0.192512 0.183754 -0.027483 0.190176 -0.281952 0.876987 -4.310364 5.276532
0.681000 0.401782 0.192700 0.183474 -0.026616 0.185880 -0.276671 0.857176 -4.282010 5.285519
0.682000 0.401756 0.192884 0.183200 -0.025769 0.181612 -0.271381 0.837671 -4.253337 5.293785
0.683000 0.401731 0.193064 0.182931 -0.024941 0.177373 -0.266084 0.818473 -4.224387 5.301274
0.684000 0.401706 0.193239 0.182668 -0.024132 0.173164 -0.260779 0.799595 -4.195222 5.308036
0.685000 0.401683 0.193410 0.182410 -0.023342 0.168983 -0.255467 0.781061 -4.165852 5.314076
0.686000 0.401660 0.193577 0.182157 -0.022570 0.164832 -0.250151 0.762891 -4.136228 5.319323
0.687000 0.401638 0.193740 0.181910 -0.021816 0.160711 -0.244829 0.745097 -4.106287 5.323680
0.688000 0.401616 0.193898 0.181667 -0.021080 0.156619 -0.239503 0.727677 -4.075949 5.327016
0.689000 0.401595 0.194053 0.181431 -0.020361 0.152559 -0.234175 0.710617 -4.045121 5.329180
0.690000 0.401575 0.194203 0.181199 -0.019659 0.148529 -0.228845 0.693910 -4.013766 5.330103
0.691000 0.401556 0.194350 0.180973 -0.018973 0.144531 -0.223515 0.677555 -3.981909 5.329797
0.692000 0.401537 0.194492 0.180752 -0.018303 0.140565 -0.218185 0.661544 -3.949552 5.328210
0.693000 0.401519 0.194631 0.180537 -0.017650 0.136632 -0.212858 0.645861 -3.916666 5.325216
0.694000 0.401502 0.194766 0.180326 -0.017012 0.132732 -0.207535 0.630499 -3.883251 5.320757
0.695000 0.401485 0.194896 0.180121 -0.016389 0.128866 -0.202217 0.615462 -3.849346 5.314854
0.696000 0.401469 0.195023 0.179922 -0.015781 0.125033 -0.196905 0.600767 -3.814969 5.307487
0.697000 0.401454 0.195146 0.179728 -0.015187 0.121236 -0.191602 0.586426 -3.780096 5.298561
0.698000 0.401439 0.195266 0.179539 -0.014608 0.117473 -0.186308 0.572432 -3.744685 5.287972
0.699000 0.401425 0.195381 0.179355 -0.014042 0.113746 -0.181026 0.558751 -3.708657 5.275591
0.700000 0.401411 0.195493 0.179177 -0.013490 0.110056 -0.175757 0.545327 -3.671915 5.261279
0.701000 0.401398 0.195602 0.179004 -0.012952 0.106402 -0.170503 0.532123 -3.634409 5.244963
0.702000 0.401385 0.195706 0.178836 -0.012426 0.102787 -0.165267 0.519133 -3.596140 5.226631
0.703000 0.401373 0.195807 0.178673 -0.011914 0.099210 -0.160050 0.506364 -3.557100 5.206199
0.704000 0.401361 0.195905 0.178516 -0.011414 0.095673 -0.154854 0.493829 -3.517251 5.183520
0.705000 0.401350 0.195998 0.178363 -0.010926 0.092176 -0.149683 0.481537 -3.476580 5.158506
0.706000 0.401339 0.196089 0.178216 -0.010450 0.088720 -0.144537 0.469489 -3.435096 5.131130
0.707000 0.401329 0.196176 0.178074 -0.009987 0.085305 -0.139421 0.457671 -3.392778 5.101318
0.708000 0.401319 0.196260 0.177937 -0.009535 0.081934 -0.134335 0.446056 -3.349568 5.068923
0.709000 0.401310 0.196340 0.177806 -0.009095 0.078606 -0.129283 0.434631 -3.305394 5.033803
0.710000 0.401301 0.196417 0.177679 -0.008666 0.075323 -0.124267 0.423393 -3.260166 4.995828
0.711000 0.401293 0.196490 0.177557 -0.008248 0.072086 -0.119291 0.412349 -3.213781 4.954869
0.712000 0.401285 0.196561 0.177440 -0.007841 0.068896 -0.114357 0.401507 -3.166178 4.910853
0.713000 0.401277 0.196628 0.177328 -0.007445 0.065754 -0.109469 0.390863 -3.117333 4.863741
0.714000 0.401270 0.196692 0.177221 -0.007059 0.062661 -0.104630 0.380399 -3.067201 4.813426
0.715000 0.401263 0.196754 0.177119 -0.006684 0.059619 -0.099843 0.370089 -3.015709 4.759741
0.716000 0.401256 0.196812 0.177022 -0.006319 0.056630 -0.095110 0.359912 -2.962810 4.702569
0.717000 0.401250 0.196867 0.176929 -0.005964 0.053694 -0.090437 0.349854 -2.908490 4.641853
0.718000 0.401244 0.196919 0.176841 -0.005620 0.050813 -0.085827 0.339894 -2.852717 4.577490
0.719000 0.401239 0.196968 0.176757 -0.005285 0.047988 -0.081282 0.330003 -2.795434 4.509318
0.720000 0.401234 0.197015 0.176678 -0.004960 0.045222 -0.076808 0.320162 -2.736560 4.437168
0.721000 0.401229 0.197059 0.176604 -0.004644 0.042515 -0.072408 0.310365 -2.675984 4.360866
0.722000 0.401225 0.197100 0.176533 -0.004339 0.039870 -0.068086 0.300616 -2.613572 4.280236
0.723000 0.401220 0.197139 0.176467 -0.004043 0.037288 -0.063848 0.290916 -2.549233 4.195158
0.724000 0.401216 0.197175 0.176406 -0.003757 0.034771 -0.059696 0.281261 -2.482922 4.105563
0.725000 0.401213 0.197208 0.176348 -0.003481 0.032322 -0.055636 0.271628 -2.414590 4.011346
0.726000 0.401210 0.197239 0.176294 -0.003214 0.029942 -0.051673 0.261987 -2.344168 3.912361
0.727000 0.401206 0.197268 0.176245 -0.002957 0.027634 -0.047812 0.252313 -2.271603 3.808494
0.728000 0.401204 0.197295 0.176199 -0.002709 0.025399 -0.044056 0.242590 -2.196864 3.699662
0.729000 0.401201 0.197319 0.176157 -0.002471 0.023240 -0.040412 0.232793 -2.119894 3.585721
0.730000 0.401199 0.197341 0.176118 -0.002243 0.021159 -0.036885 0.222890 -2.040614 3.466475
0.731000 0.401197 0.197361 0.176083 -0.002026 0.019159 -0.033479 0.212859 -1.958965 3.341770
0.732000 0.401195 0.197379 0.176051 -0.001818 0.017241 -0.030201 0.202691 -1.874893 3.211511
0.733000 0.401193 0.197396 0.176022 -0.001620 0.015409 -0.027056 0.192388 -1.788309 3.075563
0.734000 0.401191 0.197410 0.175997 -0.001433 0.013665 -0.024050 0.181948 -1.699091 2.933739
0.735000 0.401190 0.197423 0.175974 -0.001256 0.012011 -0.021189 0.171363 -1.607130 2.785852
0.736000 0.401189 0.197434 0.175954 -0.001090 0.010450 -0.018479 0.160609 -1.512348 2.631709
0.737000 0.401188 0.197444 0.175937 -0.000935 0.008986 -0.015926 0.149653 -1.414679 2.471115
0.738000 0.401187 0.197452 0.175923 -0.000791 0.007621 -0.013536 0.138470 -1.314079 2.303925
0.739000 0.401186 0.197459 0.175910 -0.000658 0.006358 -0.011318 0.127051 -1.210504 2.130029
0.740000 0.401186 0.197465 0.175900 -0.000537 0.005200 -0.009276 0.115395 -1.103881 1.949277
0.741000 0.401185 0.197469 0.175892 -0.000427 0.004150 -0.007419 0.103502 -0.994113 1.761475
0.742000 0.401185 0.197473 0.175885 -0.000330 0.003212 -0.005753 0.048748 -0.469216 0.832893
0.743000 0.401185 0.197476 0.175880 -0.000330 0.003212 -0.005753 0.048748 -0.469216 0.832893
