0.000000 0.671199 -0.193664 0.137517 0.012529 -0.006367 0.006313 0.038789 -0.026111 0.870535
0.001000 0.671212 -0.193671 0.137522 0.012529 -0.006367 0.006313 0.038789 -0.026111 0.870535
0.002000 0.671224 -0.193677 0.137529 0.012606 -0.006419 0.008054 0.072979 -0.050168 1.776203
0.003000 0.671237 -0.193684 0.137538 0.012675 -0.006468 0.009865 0.063536 -0.045943 1.847114
0.004000 0.671250 -0.193690 0.137549 0.012733 -0.006511 0.011748 0.053600 -0.041481 1.919307
0.005000 0.671262 -0.193697 0.137562 0.012782 -0.006551 0.013704 0.043159 -0.036774 1.992761
0.006000 0.671275 -0.193703 0.137576 0.012820 -0.006585 0.015733 0.032200 -0.031815 2.067438
0.007000 0.671288 -0.193710 0.137593 0.012846 -0.006614 0.017839 0.020710 -0.026598 2.143292
0.008000 0.671301 -0.193716 0.137612 0.012861 -0.006638 0.020020 0.008678 -0.021105 2.220291
0.009000 0.671314 -0.193723 0.137633 0.012864 -0.006656 0.022279 -0.003910 -0.015305 2.298431
0.010000 0.671327 -0.193730 0.137657 0.012853 -0.006669 0.024617 -0.017066 -0.009157 2.377724
0.011000 0.671340 -0.193736 0.137682 0.012830 -0.006675 0.027035 -0.030802 -0.002630 2.458175
0.012000 0.671352 -0.193743 0.137711 0.012792 -0.006674 0.029533 -0.045131 0.004294 2.539779
0.013000 0.671365 -0.193750 0.137741 0.012739 -0.006666 0.032114 -0.060066 0.011622 2.622536
0.014000 0.671378 -0.193756 0.137775 0.012672 -0.006651 0.034778 -0.075618 0.019361 2.706448
0.015000 0.671390 -0.193763 0.137811 0.012588 -0.006627 0.037527 -0.091799 0.027517 2.791506
0.016000 0.671403 -0.193770 0.137850 0.012488 -0.006596 0.040361 -0.108611 0.036097 2.877663
0.017000 0.671415 -0.193776 0.137892 0.012371 -0.006555 0.043282 -0.126040 0.045108 2.964834
0.018000 0.671428 -0.193783 0.137937 0.012236 -0.006505 0.046291 -0.144064 0.054555 3.052908
0.019000 0.671440 -0.193789 0.137984 0.012083 -0.006446 0.049388 -0.162669 0.064445 3.141791
0.020000 0.671452 -0.193796 0.138035 0.011911 -0.006377 0.052575 -0.181858 0.074784 3.231417
0.021000 0.671464 -0.193802 0.138089 0.011719 -0.006297 0.055851 -0.201640 0.085579 3.321732
0.022000 0.671475 -0.193808 0.138147 0.011507 -0.006205 0.059218 -0.222027 0.096835 3.412684
0.023000 0.671487 -0.193814 0.138208 0.011275 -0.006103 0.062676 -0.243030 0.108560 3.504215
0.024000 0.671498 -0.193820 0.138272 0.011021 -0.005988 0.066226 -0.264660 0.120758 3.596268
0.025000 0.671509 -0.193826 0.138340 0.010746 -0.005861 0.069869 -0.286928 0.133436 3.688778
0.026000 0.671519 -0.193832 0.138412 0.010447 -0.005721 0.073604 -0.309843 0.146599 3.781682
0.027000 0.671530 -0.193838 0.138488 0.010126 -0.005568 0.077432 -0.333405 0.160254 3.874919
0.028000 0.671540 -0.193843 0.138567 0.009781 -0.005401 0.081354 -0.357598 0.174405 3.968442
0.029000 0.671549 -0.193849 0.138650 0.009411 -0.005219 0.085369 -0.382399 0.189057 4.062207
0.030000 0.671558 -0.193854 0.138738 0.009016 -0.005023 0.089478 -0.407792 0.204219 4.156162
0.031000 0.671567 -0.193859 0.138829 0.008595 -0.004811 0.093681 -0.433775 0.219905 4.250252
0.032000 0.671576 -0.193863 0.138925 0.008148 -0.004583 0.097979 -0.460356 0.236145 4.344441
0.033000 0.671584 -0.193868 0.139025 0.007675 -0.004339 0.102370 -0.487541 0.252978 4.438703
0.034000 0.671591 -0.193872 0.139130 0.007173 -0.004077 0.106856 -0.515340 0.270434 4.532995
0.035000 0.671598 -0.193876 0.139239 0.006644 -0.003798 0.111436 -0.543760 0.288528 4.627255
0.036000 0.671604 -0.193880 0.139353 0.006086 -0.003500 0.116111 -0.572806 0.307264 4.721432
0.037000 0.671610 -0.193883 0.139471 0.005498 -0.003183 0.120879 -0.602484 0.326648 4.815485
0.038000 0.671615 -0.193886 0.139594 0.004881 -0.002847 0.125742 -0.632789 0.346694 4.909372
0.039000 0.671620 -0.193889 0.139723 0.004233 -0.002490 0.130698 -0.663700 0.367430 5.003042
0.040000 0.671624 -0.193891 0.139856 0.003553 -0.002112 0.135748 -0.695188 0.388893 5.096442
0.041000 0.671627 -0.193893 0.139994 0.002842 -0.001712 0.140891 -0.727231 0.411110 5.189498
0.042000 0.671629 -0.193894 0.140138 0.002099 -0.001290 0.146127 -0.759822 0.434094 5.282127
0.043000 0.671631 -0.193895 0.140286 0.001323 -0.000844 0.151455 -0.792961 0.457848 5.374268
0.044000 0.671632 -0.193896 0.140441 0.000513 -0.000374 0.156875 -0.826650 0.482372 5.465878
0.045000 0.671632 -0.193896 0.140600 -0.000331 0.000121 0.162387 -0.860889 0.507668 5.556888
0.046000 0.671631 -0.193896 0.140765 -0.001209 0.000641 0.167989 -0.895666 0.533735 5.647192
0.047000 0.671630 -0.193895 0.140936 -0.002122 0.001188 0.173681 -0.930957 0.560574 5.736685
0.048000 0.671627 -0.193893 0.141113 -0.003071 0.001763 0.179462 -0.966723 0.588181 5.825276
0.049000 0.671624 -0.193891 0.141295 -0.004055 0.002365 0.185332 -1.002926 0.616545 5.912885
0.050000 0.671619 -0.193889 0.141483 -0.005077 0.002996 0.191288 -1.039527 0.645638 5.999455
0.051000 0.671613 -0.193885 0.141678 -0.006135 0.003656 0.197331 -1.076486 0.675424 6.084943
0.052000 0.671607 -0.193881 0.141878 -0.007230 0.004346 0.203458 -1.113774 0.705873 6.169271
0.053000 0.671599 -0.193877 0.142085 -0.008362 0.005068 0.209669 -1.151384 0.736972 6.252334
0.054000 0.671590 -0.193871 0.142297 -0.009532 0.005820 0.215963 -1.189333 0.768714 6.334066
0.055000 0.671580 -0.193865 0.142516 -0.010741 0.006605 0.222337 -1.227646 0.801094 6.414428
0.056000 0.671569 -0.193858 0.142742 -0.011988 0.007423 0.228792 -1.266335 0.834106 6.493345
0.057000 0.671556 -0.193850 0.142974 -0.013273 0.008273 0.235324 -1.305391 0.867743 6.570696
0.058000 0.671542 -0.193841 0.143213 -0.014598 0.009158 0.241933 -1.344777 0.901997 6.646394
0.059000 0.671527 -0.193832 0.143458 -0.015963 0.010077 0.248617 -1.384446 0.936860 6.720373
0.060000 0.671510 -0.193821 0.143710 -0.017367 0.011032 0.255374 -1.424357 0.972322 6.792538
0.061000 0.671492 -0.193810 0.143969 -0.018812 0.012022 0.262202 -1.464484 1.008374 6.862774
0.062000 0.671473 -0.193797 0.144234 -0.020296 0.013049 0.269099 -1.504808 1.045003 6.931042
0.063000 0.671451 -0.193784 0.144507 -0.021821 0.014112 0.276064 -1.545310 1.082198 6.997368
0.064000 0.671429 -0.193769 0.144786 -0.023387 0.015213 0.283094 -1.585969 1.119946 7.061773
0.065000 0.671405 -0.193753 0.145073 -0.024993 0.016352 0.290188 -1.626763 1.158231 7.124269
0.066000 0.671379 -0.193736 0.145367 -0.026640 0.017529 0.297343 -1.667669 1.197039 7.184863
0.067000 0.671351 -0.193718 0.145668 -0.028329 0.018746 0.304557 -1.708661 1.236355 7.243484
0.068000 0.671322 -0.193699 0.145976 -0.030058 0.020002 0.311830 -1.749713 1.276172 7.299992
0.069000 0.671291 -0.193678 0.146291 -0.031828 0.021298 0.319157 -1.790796 1.316495 7.354279
0.070000 0.671259 -0.193656 0.146614 -0.033639 0.022635 0.326538 -1.831879 1.357340 7.406274
0.071000 0.671224 -0.193633 0.146944 -0.035492 0.024013 0.333970 -1.872932 1.398710 7.455862
0.072000 0.671188 -0.193608 0.147282 -0.037385 0.025433 0.341450 -1.913920 1.440592 7.502915
0.073000 0.671149 -0.193582 0.147627 -0.039320 0.026894 0.348976 -1.954808 1.482965 7.547422
0.074000 0.671109 -0.193554 0.147980 -0.041295 0.028398 0.356545 -1.995561 1.525800 7.589473
0.075000 0.671067 -0.193525 0.148340 -0.043311 0.029946 0.364155 -2.036162 1.569062 7.629143
0.076000 0.671022 -0.193495 0.148708 -0.045367 0.031537 0.371803 -2.076619 1.612696 7.666482
0.077000 0.670976 -0.193462 0.149084 -0.047464 0.033171 0.379488 -2.116957 1.656637 7.701528
0.078000 0.670927 -0.193428 0.149467 -0.049601 0.034850 0.387206 -2.157184 1.700830 7.734213
0.079000 0.670877 -0.193393 0.149858 -0.051778 0.036573 0.394956 -2.197282 1.745243 7.764387
0.080000 0.670824 -0.193355 0.150257 -0.053996 0.038340 0.402735 -2.237232 1.789864 7.791970
0.081000 0.670769 -0.193316 0.150664 -0.056253 0.040153 0.410540 -2.277017 1.834691 7.816945
0.082000 0.670711 -0.193275 0.151078 -0.058550 0.042010 0.418369 -2.316608 1.879713 7.839226
0.083000 0.670652 -0.193232 0.151501 -0.060886 0.043912 0.426218 -2.355972 1.924909 7.858682
0.084000 0.670590 -0.193187 0.151931 -0.063262 0.045860 0.434086 -2.395077 1.970267 7.875330
0.085000 0.670525 -0.193140 0.152369 -0.065676 0.047853 0.441969 -2.433895 2.015774 7.889293
0.086000 0.670458 -0.193091 0.152815 -0.068129 0.049891 0.449865 -2.472394 2.061411 7.900580
0.087000 0.670389 -0.193040 0.153269 -0.070621 0.051975 0.457770 -2.510538 2.107141 7.909084
0.088000 0.670317 -0.192987 0.153730 -0.073150 0.054105 0.465683 -2.548313 2.152916 7.914795
0.089000 0.670243 -0.192932 0.154200 -0.075718 0.056281 0.473600 -2.585715 2.198683 7.917809
0.090000 0.670166 -0.192875 0.154677 -0.078322 0.058503 0.481518 -2.622728 2.244392 7.918102
0.091000 0.670086 -0.192815 0.155163 -0.080963 0.060770 0.489436 -2.659316 2.289995 7.915535
0.092000 0.670004 -0.192753 0.155656 -0.083641 0.063083 0.497349 -2.695457 2.335461 7.910071
0.093000 0.669919 -0.192689 0.156158 -0.086354 0.065441 0.505256 -2.731138 2.380762 7.901771
0.094000 0.669831 -0.192622 0.156667 -0.089103 0.067844 0.513153 -2.766334 2.425867 7.890590
0.095000 0.669740 -0.192553 0.157184 -0.091887 0.070293 0.521037 -2.801009 2.470740 7.876399
0.096000 0.669647 -0.192482 0.157709 -0.094705 0.072786 0.528906 -2.835156 2.515366 7.859231
0.097000 0.669551 -0.192408 0.158242 -0.097557 0.075323 0.536756 -2.868785 2.559744 7.839254
0.098000 0.669452 -0.192331 0.158782 -0.100442 0.077905 0.544584 -2.901884 2.603854 7.816493
0.099000 0.669350 -0.192252 0.159331 -0.103361 0.080531 0.552389 -2.934418 2.647652 7.790829
0.100000 0.669245 -0.192170 0.159887 -0.106311 0.083201 0.560166 -2.966370 2.691090 7.762272
0.101000 0.669137 -0.192085 0.160451 -0.109293 0.085913 0.567913 -2.997737 2.734122 7.730958
0.102000 0.669027 -0.191998 0.161023 -0.112307 0.088669 0.575628 -3.028500 2.776696 7.696882
0.103000 0.668913 -0.191908 0.161603 -0.115350 0.091467 0.583307 -3.058620 2.818769 7.659882
0.104000 0.668796 -0.191815 0.162190 -0.118424 0.094306 0.590948 -3.088095 2.860330 7.619913
0.105000 0.668676 -0.191720 0.162784 -0.121527 0.097187 0.598547 -3.116953 2.901395 7.577092
0.106000 0.668553 -0.191621 0.163387 -0.124658 0.100109 0.606102 -3.145220 2.941978 7.531577
0.107000 0.668427 -0.191519 0.163997 -0.127817 0.103071 0.613610 -3.172919 2.982091 7.483613
0.108000 0.668297 -0.191415 0.164614 -0.131004 0.106073 0.621069 -3.200069 3.021740 7.433488
0.109000 0.668165 -0.191307 0.165239 -0.134217 0.109115 0.628477 -3.226655 3.060906 7.381279
0.110000 0.668029 -0.191196 0.165871 -0.137457 0.112195 0.635832 -3.252639 3.099546 7.326877
0.111000 0.667890 -0.191083 0.166510 -0.140722 0.115314 0.643131 -3.278024 3.137632 7.270320
0.112000 0.667747 -0.190966 0.167157 -0.144013 0.118470 0.650372 -3.302844 3.175156 7.211799
0.113000 0.667602 -0.190846 0.167811 -0.147328 0.121664 0.657554 -3.327096 3.212087 7.151336
0.114000 0.667453 -0.190723 0.168472 -0.150667 0.124895 0.664675 -3.350740 3.248381 7.088773
0.115000 0.667300 -0.190596 0.169141 -0.154030 0.128161 0.671732 -3.373768 3.284023 7.024093
0.116000 0.667145 -0.190466 0.169816 -0.157415 0.131463 0.678723 -3.396201 3.319027 6.957426
0.117000 0.666986 -0.190333 0.170498 -0.160822 0.134799 0.685647 -3.418024 3.353375 6.888751
0.118000 0.666823 -0.190197 0.171187 -0.164251 0.138169 0.692501 -3.439195 3.387018 6.817933
0.119000 0.666657 -0.190057 0.171883 -0.167700 0.141573 0.699283 -3.459716 3.419934 6.745078
0.120000 0.666488 -0.189913 0.172586 -0.171170 0.145009 0.705991 -3.479630 3.452120 6.670496
0.121000 0.666315 -0.189767 0.173295 -0.174660 0.148477 0.712624 -3.498932 3.483546 6.594284
0.122000 0.666138 -0.189617 0.174011 -0.178168 0.151976 0.719179 -3.517567 3.514151 6.516312
0.123000 0.665958 -0.189463 0.174733 -0.181695 0.155506 0.725656 -3.535500 3.543897 6.436594
0.124000 0.665775 -0.189306 0.175462 -0.185239 0.159064 0.732053 -3.552725 3.572771 6.355312
0.125000 0.665588 -0.189145 0.176197 -0.188800 0.162651 0.738367 -3.569203 3.600730 6.272460
0.126000 0.665397 -0.188980 0.176939 -0.192378 0.166266 0.744597 -3.584875 3.627722 6.187853
0.127000 0.665203 -0.188812 0.177687 -0.195970 0.169907 0.750743 -3.599741 3.653744 6.101476
0.128000 0.665005 -0.188640 0.178440 -0.199577 0.173573 0.756800 -3.613851 3.678837 6.013483
0.129000 0.664804 -0.188465 0.179200 -0.203198 0.177264 0.762770 -3.627202 3.702997 5.923858
0.130000 0.664599 -0.188286 0.179966 -0.206831 0.180979 0.768648 -3.639741 3.726174 5.832452
0.131000 0.664390 -0.188103 0.180738 -0.210477 0.184717 0.774434 -3.651459 3.748358 5.739377
0.132000 0.664178 -0.187916 0.181515 -0.214134 0.188476 0.780127 -3.662389 3.769574 5.644971
0.133000 0.663962 -0.187726 0.182298 -0.217802 0.192256 0.785724 -3.672517 3.789806 5.549341
0.134000 0.663742 -0.187532 0.183086 -0.221479 0.196055 0.791226 -3.681785 3.809000 5.452346
0.135000 0.663519 -0.187334 0.183880 -0.225166 0.199874 0.796629 -3.690196 3.827155 5.354012
0.136000 0.663292 -0.187132 0.184680 -0.228860 0.203710 0.801934 -3.697803 3.844318 5.254550
0.137000 0.663061 -0.186927 0.185484 -0.232561 0.207562 0.807138 -3.704604 3.860482 5.153969
0.138000 0.662827 -0.186717 0.186294 -0.236269 0.211431 0.812242 -3.710535 3.875602 5.052066
0.139000 0.662589 -0.186504 0.187109 -0.239982 0.215314 0.817242 -3.715586 3.889687 4.948816
0.140000 0.662347 -0.186286 0.187928 -0.243700 0.219210 0.822139 -3.719815 3.902816 4.844430
0.141000 0.662101 -0.186065 0.188753 -0.247422 0.223119 0.826931 -3.723291 3.915063 4.739163
0.142000 0.661852 -0.185840 0.189582 -0.251147 0.227040 0.831617 -3.726112 3.926498 4.633336
0.143000 0.661599 -0.185611 0.190416 -0.254874 0.230972 0.836198 -3.728388 3.937186 4.527311
0.144000 0.661342 -0.185378 0.191255 -0.258603 0.234915 0.840672 -3.730143 3.947123 4.421170
0.145000 0.661082 -0.185141 0.192097 -0.262334 0.238866 0.845040 -3.731320 3.956244 4.314749
0.146000 0.660818 -0.184901 0.192945 -0.266066 0.242827 0.849302 -3.731912 3.964536 4.208072
0.147000 0.660550 -0.184656 0.193796 -0.269798 0.246795 0.853456 -3.731967 3.972036 4.101367
0.148000 0.660278 -0.184407 0.194652 -0.273530 0.250771 0.857504 -3.731472 3.978729 3.994645
0.149000 0.660003 -0.184154 0.195511 -0.277261 0.254753 0.861446 -3.730355 3.984566 3.887684
0.150000 0.659724 -0.183897 0.196374 -0.280991 0.258740 0.865280 -3.728617 3.989594 3.780438
0.151000 0.659441 -0.183637 0.197242 -0.284718 0.262732 0.869006 -3.726328 3.993938 3.673052
0.152000 0.659154 -0.183372 0.198112 -0.288443 0.266728 0.872626 -3.723484 3.997640 3.565479
0.153000 0.658864 -0.183103 0.198987 -0.292165 0.270727 0.876137 -3.720020 4.000657 3.457524
0.154000 0.658570 -0.182830 0.199865 -0.295883 0.274729 0.879541 -3.715952 4.003001 3.349276
0.155000 0.658272 -0.182554 0.200746 -0.299597 0.278733 0.882836 -3.711367 4.004745 3.241070
0.156000 0.657971 -0.182273 0.201630 -0.303306 0.282739 0.886023 -3.706273 4.005892 3.132994
0.157000 0.657666 -0.181988 0.202518 -0.307010 0.286745 0.889102 -3.700601 4.006372 3.024869
0.158000 0.657357 -0.181700 0.203409 -0.310707 0.290752 0.892073 -3.694353 4.006180 2.916705
0.159000 0.657044 -0.181407 0.204302 -0.314398 0.294758 0.894935 -3.687603 4.005375 2.808723
0.160000 0.656728 -0.181110 0.205198 -0.318083 0.298762 0.897690 -3.680345 4.003946 2.700921
0.161000 0.656408 -0.180809 0.206097 -0.321759 0.302765 0.900337 -3.672507 4.001830 2.593067
0.162000 0.656084 -0.180504 0.206999 -0.325428 0.306766 0.902876 -3.664102 3.999056 2.485130
0.163000 0.655757 -0.180196 0.207903 -0.329087 0.310764 0.905307 -3.655222 3.995734 2.377285
0.164000 0.655426 -0.179883 0.208810 -0.332738 0.314758 0.907631 -3.645875 3.991890 2.269501
0.165000 0.655092 -0.179566 0.209719 -0.336379 0.318747 0.909846 -3.635994 3.987464 2.161568
0.166000 0.654753 -0.179245 0.210629 -0.340010 0.322732 0.911954 -3.625606 3.982474 2.053546
0.167000 0.654412 -0.178921 0.211542 -0.343630 0.326712 0.913954 -3.614822 3.977014 1.945735
0.168000 0.654066 -0.178592 0.212457 -0.347240 0.330686 0.915845 -3.603663 3.971096 1.838194
0.169000 0.653717 -0.178259 0.213374 -0.350838 0.334654 0.917630 -3.592057 3.964644 1.730715
0.170000 0.653365 -0.177923 0.214293 -0.354424 0.338616 0.919307 -3.580017 3.957659 1.623279
0.171000 0.653008 -0.177582 0.215213 -0.357998 0.342570 0.920877 -3.567643 3.950222 1.516079
0.172000 0.652649 -0.177238 0.216134 -0.361559 0.346516 0.922339 -3.554939 3.942329 1.409087
0.173000 0.652285 -0.176889 0.217057 -0.365108 0.350454 0.923695 -3.541822 3.933912 1.302047
0.174000 0.651918 -0.176537 0.217982 -0.368643 0.354384 0.924943 -3.528289 3.925006 1.194906
0.175000 0.651548 -0.176180 0.218907 -0.372164 0.358304 0.926085 -3.514426 3.915745 1.087814
0.176000 0.651174 -0.175820 0.219834 -0.375672 0.362216 0.927119 -3.500227 3.906161 0.980723
0.177000 0.650797 -0.175456 0.220762 -0.379165 0.366117 0.928046 -3.485603 3.896178 0.873413
0.178000 0.650416 -0.175088 0.221690 -0.382643 0.370008 0.928866 -3.470565 3.885796 0.765950
0.179000 0.650031 -0.174716 0.222619 -0.386106 0.373888 0.929578 -3.455241 3.875122 0.658707
0.180000 0.649643 -0.174340 0.223549 -0.389553 0.377758 0.930183 -3.439758 3.864268 0.552022
0.181000 0.649252 -0.173960 0.224480 -0.392985 0.381617 0.930682 -3.424236 3.853357 0.446173
0.182000 0.648857 -0.173577 0.225411 -0.396402 0.385465 0.931075 -3.408794 3.842516 0.341403
0.183000 0.648459 -0.173189 0.226342 -0.399803 0.389302 0.931365 -3.393431 3.831753 0.237674
0.184000 0.648058 -0.172798 0.227273 -0.403189 0.393128 0.931551 -3.378053 3.820976 0.134744
0.185000 0.647653 -0.172403 0.228205 -0.406559 0.396944 0.931634 -3.362676 3.810184 0.032601
0.186000 0.647245 -0.172004 0.229137 -0.409914 0.400749 0.931616 -3.347415 3.799467 -0.068542
0.187000 0.646833 -0.171602 0.230068 -0.413254 0.404543 0.931497 -3.332281 3.788821 -0.168694
0.188000 0.646418 -0.171195 0.231000 -0.416579 0.408326 0.931279 -3.317191 3.778148 -0.268077
0.189000 0.646000 -0.170785 0.231931 -0.419888 0.412099 0.930961 -3.302172 3.767458 -0.366679
0.190000 0.645578 -0.170371 0.232861 -0.423183 0.415861 0.930545 -3.287361 3.756861 -0.464249
0.191000 0.645154 -0.169953 0.233792 -0.426463 0.419613 0.930032 -3.272781 3.746361 -0.560774
0.192000 0.644726 -0.169532 0.234722 -0.429728 0.423354 0.929424 -3.258334 3.735845 -0.656487
0.193000 0.644294 -0.169107 0.235651 -0.432980 0.427085 0.928719 -3.244012 3.725285 -0.751421
0.194000 0.643860 -0.168678 0.236579 -0.436216 0.430805 0.927921 -3.229905 3.714744 -0.845393
0.195000 0.643422 -0.168245 0.237506 -0.439439 0.434514 0.927029 -3.215998 3.704187 -0.938438
0.196000 0.642981 -0.167809 0.238433 -0.442648 0.438213 0.926044 -3.202182 3.693499 -1.030806
0.197000 0.642536 -0.167369 0.239359 -0.445844 0.441901 0.924967 -3.188459 3.682685 -1.122531
0.198000 0.642089 -0.166925 0.240283 -0.449025 0.445578 0.923799 -3.174941 3.671862 -1.213427
0.199000 0.641638 -0.166477 0.241206 -0.452194 0.449245 0.922540 -3.161627 3.661031 -1.303521
0.200000 0.641185 -0.166026 0.242128 -0.455349 0.452900 0.921192 -3.148404 3.650084 -1.393041
0.201000 0.640728 -0.165572 0.243049 -0.458490 0.456545 0.919754 -3.135265 3.639015 -1.481962
0.202000 0.640268 -0.165113 0.243968 -0.461619 0.460178 0.918228 -3.122308 3.627926 -1.570025
0.203000 0.639804 -0.164651 0.244885 -0.464735 0.463801 0.916614 -3.109521 3.616805 -1.657206
0.204000 0.639338 -0.164186 0.245801 -0.467838 0.467412 0.914913 -3.096779 3.605528 -1.743724
0.205000 0.638869 -0.163716 0.246715 -0.470929 0.471012 0.913127 -3.084061 3.594077 -1.829600
0.206000 0.638396 -0.163244 0.247627 -0.474006 0.474600 0.911254 -3.071455 3.582537 -1.914635
0.207000 0.637921 -0.162767 0.248537 -0.477072 0.478177 0.909297 -3.058937 3.570887 -1.998851
0.208000 0.637442 -0.162287 0.249446 -0.480124 0.481742 0.907257 -3.046381 3.559010 -2.082492
0.209000 0.636961 -0.161804 0.250352 -0.483164 0.485295 0.905132 -3.033779 3.546924 -2.165598
0.210000 0.636476 -0.161317 0.251256 -0.486192 0.488836 0.902925 -3.021242 3.534768 -2.247999
0.211000 0.635988 -0.160826 0.252158 -0.489207 0.492364 0.900636 -3.008759 3.522556 -2.329729
0.212000 0.635497 -0.160332 0.253057 -0.492209 0.495881 0.898266 -2.996202 3.510155 -2.411013
0.213000 0.635004 -0.159834 0.253954 -0.495199 0.499385 0.895814 -2.983554 3.497522 -2.491835
0.214000 0.634507 -0.159333 0.254849 -0.498176 0.502876 0.893282 -2.970913 3.484716 -2.571947
0.215000 0.634007 -0.158829 0.255741 -0.501141 0.506354 0.890670 -2.958256 3.471686 -2.651329
0.216000 0.633505 -0.158320 0.256630 -0.504093 0.509819 0.887980 -2.945443 3.458277 -2.730207
0.217000 0.632999 -0.157809 0.257517 -0.507032 0.513271 0.885210 -2.932447 3.444454 -2.808626
0.218000 0.632491 -0.157294 0.258401 -0.509958 0.516708 0.882362 -2.919384 3.430329 -2.886379
0.219000 0.631979 -0.156776 0.259281 -0.512871 0.520131 0.879437 -2.906374 3.416027 -2.963245
0.220000 0.631465 -0.156254 0.260159 -0.515771 0.523540 0.876436 -2.893553 3.401701 -3.038987
0.221000 0.630948 -0.155728 0.261034 -0.518658 0.526935 0.873359 -2.881060 3.387517 -3.113356
0.222000 0.630428 -0.155200 0.261906 -0.521533 0.530315 0.870209 -2.868879 3.373479 -3.186361
0.223000 0.629905 -0.154668 0.262775 -0.524395 0.533682 0.866987 -2.856872 3.359459 -3.258219
0.224000 0.629379 -0.154132 0.263640 -0.527246 0.537034 0.863693 -2.845018 3.345457 -3.328934
0.225000 0.628850 -0.153594 0.264502 -0.530086 0.540373 0.860329 -2.833416 3.331595 -3.398296
0.226000 0.628319 -0.153052 0.265361 -0.532913 0.543697 0.856896 -2.822041 3.317865 -3.466305
0.227000 0.627784 -0.152506 0.266216 -0.535730 0.547008 0.853396 -2.810742 3.304115 -3.533185
0.228000 0.627247 -0.151958 0.267068 -0.538535 0.550306 0.849830 -2.799488 3.290305 -3.598979
0.229000 0.626707 -0.151406 0.267916 -0.541329 0.553589 0.846198 -2.788366 3.276512 -3.663530
0.230000 0.626165 -0.150850 0.268760 -0.544111 0.556859 0.842503 -2.777341 3.262693 -3.726875
0.231000 0.625619 -0.150292 0.269601 -0.546883 0.560114 0.838744 -2.766251 3.248705 -3.789247
0.232000 0.625071 -0.149730 0.270437 -0.549644 0.563356 0.834924 -2.755053 3.234569 -3.850676
0.233000 0.624520 -0.149165 0.271270 -0.552393 0.566584 0.831043 -2.743826 3.220451 -3.910991
0.234000 0.623966 -0.148597 0.272100 -0.555132 0.569797 0.827102 -2.732525 3.206371 -3.970215
0.235000 0.623409 -0.148026 0.272925 -0.557858 0.572996 0.823103 -2.720999 3.192193 -4.028552
0.236000 0.622850 -0.147451 0.273746 -0.560574 0.576181 0.819045 -2.709246 3.177905 -4.085993
0.237000 0.622288 -0.146873 0.274563 -0.563277 0.579352 0.814931 -2.697400 3.163628 -4.142318
0.238000 0.621724 -0.146292 0.275376 -0.565968 0.582509 0.810760 -2.685458 3.149342 -4.197513
0.239000 0.621156 -0.145708 0.276184 -0.568648 0.585651 0.806536 -2.673277 3.134877 -4.251788
0.240000 0.620586 -0.145121 0.276989 -0.571315 0.588778 0.802257 -2.660848 3.120184 -4.305192
0.241000 0.620014 -0.144531 0.277789 -0.573970 0.591891 0.797925 -2.648296 3.105335 -4.357591
0.242000 0.619438 -0.143937 0.278585 -0.576612 0.594989 0.793542 -2.635605 3.090277 -4.409030
0.243000 0.618861 -0.143341 0.279376 -0.579241 0.598072 0.789107 -2.622624 3.074850 -4.459734
0.244000 0.618280 -0.142741 0.280163 -0.581857 0.601139 0.784622 -2.609334 3.059067 -4.509740
0.245000 0.617697 -0.142139 0.280945 -0.584459 0.604190 0.780088 -2.595848 3.043089 -4.558896
0.246000 0.617111 -0.141533 0.281723 -0.587048 0.607225 0.775504 -2.582143 3.026928 -4.607230
0.247000 0.616523 -0.140924 0.282496 -0.589624 0.610244 0.770873 -2.568054 3.010443 -4.654938
0.248000 0.615932 -0.140312 0.283265 -0.592185 0.613246 0.766195 -2.553554 2.993637 -4.702014
0.249000 0.615338 -0.139698 0.284028 -0.594731 0.616231 0.761469 -2.538746 2.976665 -4.748255
0.250000 0.614742 -0.139080 0.284788 -0.597262 0.619199 0.756698 -2.523594 2.959522 -4.793647
0.251000 0.614144 -0.138459 0.285542 -0.599778 0.622150 0.751882 -2.507927 2.942045 -4.838381
0.252000 0.613543 -0.137836 0.286291 -0.602278 0.625083 0.747021 -2.491706 2.924203 -4.882479
0.253000 0.612939 -0.137209 0.287036 -0.604761 0.627998 0.742117 -2.475059 2.906140 -4.925749
0.254000 0.612333 -0.136580 0.287776 -0.607228 0.630895 0.737170 -2.458124 2.888016 -4.968008
0.255000 0.611725 -0.135947 0.288510 -0.609678 0.633774 0.732181 -2.441048 2.870018 -5.009100
0.256000 0.611114 -0.135312 0.289240 -0.612110 0.636636 0.727152 -2.423988 2.852346 -5.048881
0.257000 0.610501 -0.134674 0.289965 -0.614526 0.639479 0.722083 -2.406921 2.835011 -5.087404
0.258000 0.609885 -0.134033 0.290684 -0.616924 0.642306 0.716977 -2.389700 2.817867 -5.124855
0.259000 0.609267 -0.133389 0.291399 -0.619305 0.645115 0.711833 -2.372345 2.800943 -5.161206
0.260000 0.608646 -0.132743 0.292108 -0.621669 0.647907 0.706654 -2.355037 2.784427 -5.196236
0.261000 0.608023 -0.132094 0.292812 -0.624015 0.650684 0.701441 -2.337792 2.768337 -5.229905
0.262000 0.607398 -0.131441 0.293511 -0.626344 0.653444 0.696195 -2.320453 2.752510 -5.262382
0.263000 0.606771 -0.130787 0.294204 -0.628656 0.656189 0.690916 -2.302985 2.736914 -5.293687
0.264000 0.606141 -0.130129 0.294892 -0.630950 0.658918 0.685607 -2.285489 2.721656 -5.323683
0.265000 0.605509 -0.129469 0.295575 -0.633227 0.661632 0.680269 -2.267928 2.706699 -5.352389
0.266000 0.604874 -0.128806 0.296253 -0.635486 0.664331 0.674902 -2.250132 2.691868 -5.380003
0.267000 0.604238 -0.128140 0.296925 -0.637727 0.667016 0.669509 -2.232107 2.677167 -5.406583
0.268000 0.603599 -0.127472 0.297592 -0.639950 0.669686 0.664089 -2.214014 2.662761 -5.432037
0.269000 0.602958 -0.126801 0.298253 -0.642155 0.672341 0.658645 -2.195855 2.648654 -5.456412
0.270000 0.602315 -0.126127 0.298909 -0.644342 0.674983 0.653176 -2.177475 2.634680 -5.479885
0.271000 0.601669 -0.125451 0.299560 -0.646510 0.677611 0.647685 -2.158872 2.620836 -5.502445
0.272000 0.601022 -0.124772 0.300205 -0.648660 0.680225 0.642172 -2.140201 2.607278 -5.523911
0.273000 0.600372 -0.124090 0.300844 -0.650791 0.682825 0.636637 -2.121452 2.593994 -5.544263
0.274000 0.599720 -0.123406 0.301478 -0.652903 0.685413 0.631083 -2.102454 2.580789 -5.563665
0.275000 0.599066 -0.122720 0.302106 -0.654996 0.687987 0.625510 -2.083169 2.567598 -5.582159
0.276000 0.598410 -0.122030 0.302729 -0.657069 0.690548 0.619919 -2.063708 2.554499 -5.599643
0.277000 0.597752 -0.121338 0.303346 -0.659123 0.693096 0.614311 -2.044033 2.541426 -5.616155
0.278000 0.597092 -0.120644 0.303958 -0.661157 0.695631 0.608686 -2.023959 2.528193 -5.631878
0.279000 0.596430 -0.119947 0.304563 -0.663171 0.698152 0.603047 -2.003469 2.514825 -5.646863
0.280000 0.595766 -0.119248 0.305164 -0.665164 0.700660 0.597393 -1.982699 2.501527 -5.661019
0.281000 0.595099 -0.118546 0.305758 -0.667136 0.703155 0.591725 -1.961630 2.488324 -5.674386
0.282000 0.594431 -0.117841 0.306347 -0.669087 0.705637 0.586044 -1.940103 2.475062 -5.687124
0.283000 0.593761 -0.117135 0.306930 -0.671016 0.708105 0.580351 -1.918144 2.461763 -5.699240
0.284000 0.593089 -0.116425 0.307508 -0.672924 0.710561 0.574645 -1.895948 2.448621 -5.710586
0.285000 0.592415 -0.115713 0.308080 -0.674808 0.713003 0.568929 -1.873538 2.435646 -5.721158
0.286000 0.591740 -0.114999 0.308646 -0.676671 0.715432 0.563203 -1.850746 2.422645 -5.731106
0.287000 0.591062 -0.114283 0.309206 -0.678510 0.717848 0.557467 -1.827542 2.409552 -5.740461
0.288000 0.590383 -0.113564 0.309761 -0.680326 0.720251 0.551722 -1.804048 2.396451 -5.749123
0.289000 0.589701 -0.112842 0.310310 -0.682118 0.722641 0.545969 -1.780228 2.383273 -5.757117
0.290000 0.589018 -0.112118 0.310853 -0.683886 0.725017 0.540208 -1.755886 2.369825 -5.764601
0.291000 0.588334 -0.111392 0.311390 -0.685630 0.727380 0.534440 -1.730982 2.356129 -5.771614
0.292000 0.587647 -0.110663 0.311921 -0.687348 0.729730 0.528665 -1.705676 2.342437 -5.778035
0.293000 0.586959 -0.109933 0.312447 -0.689041 0.732065 0.522884 -1.680150 2.328984 -5.783742
0.294000 0.586269 -0.109199 0.312967 -0.690708 0.734388 0.517097 -1.654631 2.315969 -5.788603
0.295000 0.585577 -0.108464 0.313481 -0.692350 0.736697 0.511306 -1.629369 2.303573 -5.792484
0.296000 0.584884 -0.107726 0.313990 -0.693967 0.738995 0.505512 -1.604395 2.291757 -5.795399
0.297000 0.584190 -0.106986 0.314492 -0.695559 0.741281 0.499716 -1.579542 2.280303 -5.797497
0.298000 0.583493 -0.106243 0.314989 -0.697126 0.743555 0.493917 -1.554790 2.269143 -5.798829
0.299000 0.582795 -0.105499 0.315480 -0.698669 0.745819 0.488118 -1.530275 2.258370 -5.799336
0.300000 0.582096 -0.104752 0.315966 -0.700187 0.748072 0.482319 -1.505971 2.247917 -5.799061
0.301000 0.581395 -0.104003 0.316445 -0.701681 0.750315 0.476520 -1.481686 2.237587 -5.798150
0.302000 0.580693 -0.103251 0.316919 -0.703150 0.752547 0.470722 -1.457389 2.227405 -5.796636
0.303000 0.579989 -0.102497 0.317386 -0.704595 0.754770 0.464927 -1.433210 2.217590 -5.794435
0.304000 0.579283 -0.101742 0.317848 -0.706017 0.756983 0.459133 -1.409122 2.208168 -5.791572
0.305000 0.578577 -0.100984 0.318305 -0.707414 0.759186 0.453343 -1.384945 2.198962 -5.788179
0.306000 0.577868 -0.100223 0.318755 -0.708786 0.761380 0.447557 -1.360696 2.189971 -5.784292
0.307000 0.577159 -0.099461 0.319200 -0.710135 0.763566 0.441775 -1.336567 2.181370 -5.779840
0.308000 0.576448 -0.098696 0.319639 -0.711460 0.765743 0.435997 -1.312572 2.173148 -5.774851
0.309000 0.575736 -0.097929 0.320072 -0.712760 0.767912 0.430225 -1.288526 2.165090 -5.769455
0.310000 0.575023 -0.097160 0.320499 -0.714037 0.770073 0.424458 -1.264393 2.157131 -5.763693
0.311000 0.574308 -0.096389 0.320921 -0.715289 0.772227 0.418698 -1.240293 2.149372 -5.757506
0.312000 0.573592 -0.095616 0.321336 -0.716517 0.774372 0.412943 -1.216183 2.141747 -5.750924
0.313000 0.572875 -0.094840 0.321747 -0.717721 0.776510 0.407196 -1.191867 2.134042 -5.744079
0.314000 0.572157 -0.094063 0.322151 -0.718901 0.778640 0.401455 -1.167323 2.126258 -5.737013
0.315000 0.571437 -0.093283 0.322549 -0.720056 0.780763 0.395722 -1.142700 2.118589 -5.729680
0.316000 0.570717 -0.092501 0.322942 -0.721186 0.782877 0.389996 -1.117982 2.111037 -5.722115
0.317000 0.569995 -0.091717 0.323329 -0.722292 0.784985 0.384278 -1.092995 2.103411 -5.714434
0.318000 0.569272 -0.090931 0.323711 -0.723372 0.787084 0.378567 -1.067767 2.095708 -5.706662
0.319000 0.568548 -0.090143 0.324087 -0.724428 0.789176 0.372864 -1.042513 2.088115 -5.698729
0.320000 0.567823 -0.089353 0.324457 -0.725457 0.791260 0.367170 -1.017257 2.080618 -5.690648
0.321000 0.567097 -0.088561 0.324821 -0.726462 0.793337 0.361483 -0.991822 2.072990 -5.682527
0.322000 0.566370 -0.087766 0.325180 -0.727441 0.795406 0.355805 -0.966186 2.065142 -5.674391
0.323000 0.565642 -0.086970 0.325533 -0.728394 0.797468 0.350134 -0.940490 2.057151 -5.666182
0.324000 0.564913 -0.086171 0.325880 -0.729322 0.799521 0.344472 -0.914704 2.048929 -5.657921
0.325000 0.564184 -0.085371 0.326221 -0.730224 0.801565 0.338818 -0.888628 2.040258 -5.649710
0.326000 0.563453 -0.084568 0.326557 -0.731099 0.803601 0.333173 -0.862230 2.031165 -5.641583
0.327000 0.562721 -0.083764 0.326888 -0.731948 0.805628 0.327535 -0.835692 2.021938 -5.633473
0.328000 0.561989 -0.082957 0.327213 -0.732771 0.807645 0.321906 -0.809205 2.012853 -5.625310
0.329000 0.561256 -0.082148 0.327532 -0.733567 0.809653 0.316285 -0.782971 2.004169 -5.617018
0.330000 0.560522 -0.081338 0.327845 -0.734337 0.811653 0.310672 -0.757202 1.996135 -5.608515
0.331000 0.559787 -0.080525 0.328153 -0.735081 0.813646 0.305068 -0.731891 1.988744 -5.599811
0.332000 0.559052 -0.079710 0.328455 -0.735800 0.815631 0.299472 -0.706851 1.981766 -5.591001
0.333000 0.558316 -0.078894 0.328752 -0.736495 0.817609 0.293886 -0.682074 1.975118 -5.582133
0.334000 0.557579 -0.078075 0.329043 -0.737165 0.819581 0.288308 -0.657724 1.968889 -5.573189
0.335000 0.556841 -0.077255 0.329329 -0.737810 0.821547 0.282739 -0.633791 1.962994 -5.564208
0.336000 0.556103 -0.076432 0.329609 -0.738432 0.823507 0.277180 -0.610074 1.957206 -5.555285
0.337000 0.555364 -0.075608 0.329883 -0.739030 0.825461 0.271629 -0.586536 1.951531 -5.546447
0.338000 0.554625 -0.074781 0.330152 -0.739605 0.827410 0.266087 -0.563309 1.946187 -5.537658
0.339000 0.553885 -0.073953 0.330415 -0.740157 0.829354 0.260553 -0.540353 1.941181 -5.528933
0.340000 0.553145 -0.073122 0.330673 -0.740686 0.831293 0.255029 -0.517479 1.936308 -5.520347
0.341000 0.552404 -0.072290 0.330925 -0.741192 0.833226 0.249513 -0.494696 1.931549 -5.511905
0.342000 0.551662 -0.071456 0.331172 -0.741675 0.835156 0.244005 -0.472200 1.927079 -5.503547
0.343000 0.550920 -0.070620 0.331413 -0.742136 0.837081 0.238506 -0.450000 1.922869 -5.495271
0.344000 0.550178 -0.069782 0.331649 -0.742575 0.839001 0.233014 -0.427902 1.918665 -5.487138
0.345000 0.549435 -0.068942 0.331879 -0.742992 0.840918 0.227531 -0.405866 1.914362 -5.479159
0.346000 0.548692 -0.068100 0.332104 -0.743387 0.842830 0.222056 -0.384018 1.910025 -5.471286
0.347000 0.547949 -0.067256 0.332323 -0.743760 0.844738 0.216589 -0.362313 1.905552 -5.463524
0.348000 0.547205 -0.066410 0.332537 -0.744112 0.846641 0.211129 -0.340538 1.900711 -5.455944
0.349000 0.546460 -0.065563 0.332746 -0.744441 0.848539 0.205677 -0.318646 1.895538 -5.448589
0.350000 0.545716 -0.064713 0.332949 -0.744749 0.850432 0.200232 -0.296763 1.890296 -5.441457
0.351000 0.544971 -0.063862 0.333146 -0.745035 0.852320 0.194794 -0.274846 1.885022 -5.434580
0.352000 0.544226 -0.063009 0.333338 -0.745299 0.854202 0.189363 -0.252699 1.879520 -5.428008
0.353000 0.543480 -0.062154 0.333525 -0.745540 0.856079 0.183938 -0.230328 1.873778 -5.421714
0.354000 0.542735 -0.061297 0.333706 -0.745759 0.857950 0.178519 -0.207923 1.867982 -5.415607
0.355000 0.541989 -0.060438 0.333882 -0.745956 0.859815 0.173107 -0.185488 1.862106 -5.409653
0.356000 0.541243 -0.059577 0.334052 -0.746130 0.861674 0.167700 -0.162827 1.855897 -5.403888
0.357000 0.540496 -0.058714 0.334217 -0.746282 0.863527 0.162299 -0.139896 1.849254 -5.398339
0.358000 0.539750 -0.057850 0.334377 -0.746410 0.865373 0.156903 -0.116818 1.842254 -5.392996
0.359000 0.539004 -0.056984 0.334531 -0.746515 0.867211 0.151513 -0.093547 1.834799 -5.387878
0.360000 0.538257 -0.056115 0.334680 -0.746597 0.869042 0.146128 -0.069875 1.826658 -5.383034
0.361000 0.537510 -0.055246 0.334823 -0.746655 0.870865 0.140747 -0.045782 1.817871 -5.378472
0.362000 0.536764 -0.054374 0.334961 -0.746689 0.872678 0.135371 -0.021468 1.808763 -5.374153
0.363000 0.536017 -0.053500 0.335094 -0.746698 0.874482 0.129999 0.002855 1.799632 -5.370021
0.364000 0.535270 -0.052625 0.335221 -0.746683 0.876277 0.124631 0.026963 1.790728 -5.366003
0.365000 0.534524 -0.051748 0.335343 -0.746644 0.878064 0.119267 0.050620 1.782274 -5.362011
0.366000 0.533777 -0.050869 0.335460 -0.746582 0.879842 0.113907 0.073823 1.774224 -5.358006
0.367000 0.533031 -0.049988 0.335571 -0.746496 0.881612 0.108551 0.096769 1.766292 -5.354008
0.368000 0.532284 -0.049105 0.335677 -0.746388 0.883374 0.103198 0.119504 1.758334 -5.350041
0.369000 0.531538 -0.048221 0.335777 -0.746257 0.885129 0.097850 0.141904 1.750374 -5.346105
0.370000 0.530792 -0.047335 0.335873 -0.746104 0.886875 0.092506 0.164018 1.742271 -5.342217
0.371000 0.530046 -0.046447 0.335962 -0.745929 0.888613 0.087166 0.186061 1.733774 -5.338408
0.372000 0.529300 -0.045558 0.336047 -0.745732 0.890343 0.081829 0.208083 1.724927 -5.334684
0.373000 0.528554 -0.044667 0.336126 -0.745513 0.892063 0.076497 0.229958 1.716021 -5.331025
0.374000 0.527809 -0.043774 0.336200 -0.745272 0.893775 0.071167 0.251732 1.707107 -5.327427
0.375000 0.527064 -0.042879 0.336268 -0.745010 0.895477 0.065842 0.273599 1.697989 -5.323901
0.376000 0.526319 -0.041983 0.336332 -0.744725 0.897171 0.060520 0.295554 1.688669 -5.320432
0.377000 0.525574 -0.041085 0.336389 -0.744419 0.898855 0.055201 0.317407 1.679360 -5.316979
0.378000 0.524830 -0.040185 0.336442 -0.744090 0.900529 0.049886 0.339149 1.670050 -5.313519
0.379000 0.524086 -0.039284 0.336489 -0.743740 0.902195 0.044574 0.360967 1.660463 -5.310052
0.380000 0.523342 -0.038381 0.336531 -0.743368 0.903850 0.039266 0.382874 1.650463 -5.306568
0.381000 0.522599 -0.037476 0.336568 -0.742975 0.905496 0.033961 0.404714 1.640089 -5.303040
0.382000 0.521856 -0.036570 0.336599 -0.742559 0.907131 0.028659 0.426505 1.629207 -5.299451
0.383000 0.521114 -0.035662 0.336625 -0.742122 0.908754 0.023362 0.448449 1.617566 -5.295801
0.384000 0.520372 -0.034752 0.336646 -0.741662 0.910366 0.018068 0.470590 1.605219 -5.292087
0.385000 0.519631 -0.033841 0.336661 -0.741180 0.911965 0.012778 0.492801 1.592470 -5.288294
0.386000 0.518890 -0.032928 0.336671 -0.740677 0.913551 0.007491 0.515121 1.579376 -5.284410
0.387000 0.518149 -0.032014 0.336676 -0.740150 0.915123 0.002209 0.537742 1.565733 -5.280425
0.388000 0.517410 -0.031098 0.336676 -0.739601 0.916682 -0.003070 0.560654 1.551524 -5.276316
0.389000 0.516670 -0.030181 0.336670 -0.739029 0.918226 -0.008344 0.583661 1.536945 -5.272049
0.390000 0.515931 -0.029262 0.336659 -0.738434 0.919756 -0.013614 0.606752 1.521963 -5.267595
0.391000 0.515193 -0.028341 0.336643 -0.737815 0.921270 -0.018879 0.630117 1.506284 -5.262944
0.392000 0.514456 -0.027419 0.336621 -0.737173 0.922768 -0.024140 0.653791 1.489754 -5.258102
0.393000 0.513719 -0.026496 0.336595 -0.736508 0.924250 -0.029395 0.677644 1.472393 -5.253084
0.394000 0.512983 -0.025571 0.336563 -0.735818 0.925713 -0.034646 0.701714 1.454051 -5.247889
0.395000 0.512247 -0.024644 0.336525 -0.735104 0.927158 -0.039891 0.726207 1.434480 -5.242508
0.396000 0.511513 -0.023716 0.336483 -0.734366 0.928582 -0.045131 0.751162 1.413766 -5.236930
0.397000 0.510779 -0.022787 0.336435 -0.733602 0.929985 -0.050365 0.776443 1.392264 -5.231149
0.398000 0.510045 -0.021856 0.336382 -0.732813 0.931367 -0.055593 0.802086 1.370065 -5.225147
0.399000 0.509313 -0.020924 0.336324 -0.731998 0.932726 -0.060815 0.828285 1.346978 -5.218904
0.400000 0.508581 -0.019991 0.336260 -0.731156 0.934061 -0.066031 0.855047 1.322999 -5.212414
0.401000 0.507851 -0.019056 0.336192 -0.730288 0.935372 -0.071240 0.882159 1.298384 -5.205690
0.402000 0.507121 -0.018120 0.336118 -0.729392 0.936657 -0.076442 0.909403 1.273341 -5.198745
0.403000 0.506392 -0.017183 0.336039 -0.728469 0.937918 -0.081637 0.936564 1.247982 -5.191606
0.404000 0.505664 -0.016244 0.335955 -0.727519 0.939153 -0.086825 0.963423 1.222366 -5.184300
0.405000 0.504937 -0.015305 0.335865 -0.726542 0.940363 -0.092006 0.989984 1.196334 -5.176824
0.406000 0.504211 -0.014364 0.335771 -0.725539 0.941546 -0.097179 1.016436 1.169631 -5.169144
0.407000 0.503486 -0.013421 0.335671 -0.724509 0.942702 -0.102344 1.042804 1.142356 -5.161222
0.408000 0.502762 -0.012478 0.335566 -0.723453 0.943831 -0.107502 1.068945 1.114882 -5.153030
0.409000 0.502039 -0.011534 0.335456 -0.722371 0.944932 -0.112650 1.094886 1.087317 -5.144525
0.410000 0.501317 -0.010588 0.335341 -0.721264 0.946005 -0.117791 1.120821 1.059473 -5.135670
0.411000 0.500596 -0.009642 0.335220 -0.720130 0.947051 -0.122922 1.146773 1.031362 -5.126485
0.412000 0.499877 -0.008694 0.335095 -0.718970 0.948068 -0.128044 1.172594 1.003217 -5.117021
0.413000 0.499158 -0.007746 0.334964 -0.717785 0.949057 -0.133156 1.198307 0.975031 -5.107294
0.414000 0.498441 -0.006796 0.334829 -0.716573 0.950018 -0.138258 1.224100 0.946520 -5.097276
0.415000 0.497725 -0.005846 0.334688 -0.715336 0.950950 -0.143350 1.249994 0.917559 -5.086973
0.416000 0.497011 -0.004894 0.334542 -0.714073 0.951853 -0.148432 1.275836 0.888205 -5.076416
0.417000 0.496297 -0.003942 0.334391 -0.712785 0.952727 -0.153503 1.301643 0.858336 -5.065600
0.418000 0.495585 -0.002989 0.334235 -0.711470 0.953570 -0.158563 1.327600 0.827707 -5.054479
0.419000 0.494874 -0.002035 0.334074 -0.710129 0.954382 -0.163612 1.353722 0.796407 -5.043037
0.420000 0.494165 -0.001080 0.333908 -0.708763 0.955163 -0.168649 1.379850 0.764798 -5.031288
0.421000 0.493457 -0.000124 0.333736 -0.707370 0.955912 -0.173675 1.405997 0.732979 -5.019208
0.422000 0.492750 0.000832 0.333560 -0.705951 0.956629 -0.178688 1.432343 0.700761 -5.006754
0.423000 0.492045 0.001789 0.333379 -0.704505 0.957313 -0.183688 1.458896 0.668172 -4.993940
0.424000 0.491341 0.002746 0.333193 -0.703033 0.957965 -0.188676 1.485494 0.635466 -4.980829
0.425000 0.490639 0.003705 0.333002 -0.701534 0.958584 -0.193650 1.512143 0.602652 -4.967429
0.426000 0.489938 0.004664 0.332806 -0.700009 0.959170 -0.198611 1.539018 0.569438 -4.953697
0.427000 0.489239 0.005623 0.332604 -0.698456 0.959723 -0.203557 1.566122 0.535663 -4.939631
0.428000 0.488541 0.006583 0.332398 -0.696876 0.960242 -0.208490 1.593285 0.501343 -4.925275
0.429000 0.487845 0.007544 0.332187 -0.695269 0.960726 -0.213408 1.620510 0.466323 -4.910618
0.430000 0.487150 0.008505 0.331972 -0.693635 0.961174 -0.218311 1.647975 0.430351 -4.895596
0.431000 0.486458 0.009466 0.331751 -0.691974 0.961587 -0.223199 1.675703 0.393532 -4.880189
0.432000 0.485766 0.010428 0.331525 -0.690284 0.961961 -0.228071 1.703553 0.356255 -4.864421
0.433000 0.485077 0.011390 0.331295 -0.688566 0.962299 -0.232928 1.731545 0.318636 -4.848264
0.434000 0.484389 0.012352 0.331059 -0.686821 0.962599 -0.237768 1.759862 0.280492 -4.831659
0.435000 0.483703 0.013315 0.330819 -0.685047 0.962860 -0.242591 1.788522 0.241844 -4.814616
0.436000 0.483019 0.014278 0.330574 -0.683244 0.963082 -0.247397 1.817376 0.202944 -4.797208
0.437000 0.482337 0.015241 0.330324 -0.681412 0.963266 -0.252186 1.846438 0.163795 -4.779442
0.438000 0.481656 0.016205 0.330070 -0.679551 0.963410 -0.256956 1.875873 0.124110 -4.761269
0.439000 0.480978 0.017168 0.329810 -0.677660 0.963514 -0.261708 1.905665 0.083751 -4.742711
0.440000 0.480301 0.018132 0.329546 -0.675740 0.963578 -0.266441 1.935627 0.042763 -4.723855
0.441000 0.479626 0.019095 0.329278 -0.673789 0.963600 -0.271156 1.965739 0.001014 -4.704713
0.442000 0.478954 0.020059 0.329004 -0.671808 0.963580 -0.275851 1.996160 -0.041743 -4.685205
0.443000 0.478283 0.021022 0.328726 -0.669797 0.963516 -0.280526 2.026891 -0.085402 -4.665287
0.444000 0.477614 0.021986 0.328443 -0.667754 0.963409 -0.285181 2.057731 -0.129517 -4.644979
0.445000 0.476947 0.022949 0.328156 -0.665681 0.963257 -0.289816 2.088484 -0.173676 -4.624333
0.446000 0.476283 0.023912 0.327863 -0.663577 0.963061 -0.294430 2.118971 -0.217529 -4.603455
0.447000 0.475620 0.024875 0.327567 -0.661443 0.962822 -0.299023 2.149015 -0.260756 -4.582484
0.448000 0.474960 0.025838 0.327265 -0.659279 0.962540 -0.303595 2.178636 -0.303354 -4.561453
0.449000 0.474302 0.026800 0.326959 -0.657086 0.962215 -0.308146 2.207997 -0.345598 -4.540305
0.450000 0.473646 0.027762 0.326649 -0.654863 0.961849 -0.312676 2.237089 -0.387601 -4.519043
0.451000 0.472992 0.028724 0.326334 -0.652612 0.961440 -0.317184 2.265735 -0.429281 -4.497737
0.452000 0.472340 0.029685 0.326015 -0.650332 0.960990 -0.321671 2.293924 -0.470747 -4.476378
0.453000 0.471691 0.030646 0.325691 -0.648024 0.960499 -0.326137 2.321821 -0.512254 -4.454869
0.454000 0.471044 0.031606 0.325362 -0.645688 0.959966 -0.330581 2.349456 -0.553742 -4.433169
0.455000 0.470400 0.032566 0.325030 -0.643325 0.959391 -0.335003 2.376713 -0.594889 -4.411297
0.456000 0.469758 0.033525 0.324692 -0.640935 0.958776 -0.339404 2.403620 -0.635629 -4.389206
0.457000 0.469118 0.034484 0.324351 -0.638518 0.958120 -0.343782 2.430356 -0.676162 -4.366815
0.458000 0.468481 0.035441 0.324005 -0.636074 0.957424 -0.348137 2.456944 -0.716466 -4.344163
0.459000 0.467846 0.036398 0.323655 -0.633604 0.956687 -0.352470 2.483260 -0.756285 -4.321388
0.460000 0.467213 0.037355 0.323300 -0.631108 0.955911 -0.356780 2.509319 -0.795610 -4.298527
0.461000 0.466584 0.038310 0.322941 -0.628585 0.955096 -0.361067 2.535269 -0.834721 -4.275500
0.462000 0.465956 0.039265 0.322578 -0.626037 0.954242 -0.365331 2.561075 -0.873749 -4.252286
0.463000 0.465331 0.040219 0.322210 -0.623463 0.953348 -0.369572 2.586531 -0.912639 -4.228939
0.464000 0.464709 0.041172 0.321839 -0.620864 0.952416 -0.373789 2.611600 -0.951518 -4.205428
0.465000 0.464090 0.042124 0.321463 -0.618240 0.951445 -0.377982 2.636428 -0.990643 -4.181636
0.466000 0.463473 0.043074 0.321083 -0.615591 0.950435 -0.382152 2.661044 -1.029947 -4.157521
0.467000 0.462859 0.044024 0.320698 -0.612918 0.949385 -0.386297 2.685334 -1.069100 -4.133123
0.468000 0.462247 0.044973 0.320310 -0.610220 0.948297 -0.390418 2.709326 -1.108025 -4.108399
0.469000 0.461638 0.045921 0.319918 -0.607499 0.947169 -0.394514 2.733187 -1.146912 -4.083256
0.470000 0.461032 0.046868 0.319521 -0.604754 0.946003 -0.398585 2.756941 -1.185730 -4.057741
0.471000 0.460429 0.047813 0.319120 -0.601985 0.944798 -0.402630 2.780464 -1.224211 -4.032010
0.472000 0.459828 0.048757 0.318716 -0.599193 0.943555 -0.406649 2.803770 -1.262335 -4.006105
0.473000 0.459230 0.049700 0.318307 -0.596378 0.942273 -0.410642 2.827007 -1.300369 -3.979939
0.474000 0.458635 0.050642 0.317895 -0.593539 0.940954 -0.414609 2.850161 -1.338434 -3.953495
0.475000 0.458043 0.051582 0.317478 -0.590677 0.939596 -0.418549 2.873064 -1.376461 -3.926850
0.476000 0.457454 0.052521 0.317057 -0.587793 0.938201 -0.422462 2.895695 -1.414566 -3.899973
0.477000 0.456868 0.053458 0.316633 -0.584886 0.936767 -0.426349 2.918191 -1.453001 -3.872721
0.478000 0.456284 0.054394 0.316205 -0.581957 0.935295 -0.430208 2.940549 -1.491713 -3.845009
0.479000 0.455704 0.055329 0.315773 -0.579005 0.933784 -0.434039 2.962626 -1.530389 -3.816828
0.480000 0.455126 0.056262 0.315337 -0.576031 0.932234 -0.437842 2.984419 -1.568966 -3.788095
0.481000 0.454552 0.057193 0.314897 -0.573036 0.930646 -0.441615 3.006082 -1.607638 -3.758702
0.482000 0.453980 0.058123 0.314453 -0.570019 0.929019 -0.445359 3.027656 -1.646386 -3.728723
0.483000 0.453412 0.059052 0.314006 -0.566981 0.927353 -0.449073 3.049015 -1.684911 -3.698400
0.484000 0.452846 0.059978 0.313555 -0.563921 0.925649 -0.452756 3.070016 -1.722967 -3.667933
0.485000 0.452284 0.060903 0.313101 -0.560841 0.923907 -0.456408 3.090480 -1.760395 -3.637459
0.486000 0.451724 0.061826 0.312642 -0.557740 0.922128 -0.460031 3.110209 -1.797087 -3.607078
0.487000 0.451168 0.062747 0.312181 -0.554620 0.920313 -0.463623 3.129181 -1.833170 -3.576749
0.488000 0.450615 0.063666 0.311715 -0.551482 0.918462 -0.467184 3.147528 -1.868897 -3.546319
0.489000 0.450065 0.064584 0.311246 -0.548325 0.916575 -0.470715 3.165272 -1.904227 -3.515716
0.490000 0.449518 0.065500 0.310774 -0.545151 0.914653 -0.474216 3.182300 -1.938862 -3.484959
0.491000 0.448975 0.066413 0.310298 -0.541961 0.912697 -0.477685 3.198633 -1.972747 -3.453977
0.492000 0.448435 0.067325 0.309818 -0.538754 0.910708 -0.481124 3.214434 -2.006079 -3.422655
0.493000 0.447897 0.068235 0.309336 -0.535532 0.908685 -0.484530 3.229763 -2.038845 -3.391058
0.494000 0.447363 0.069142 0.308849 -0.532294 0.906630 -0.487906 3.244566 -2.070810 -3.359396
0.495000 0.446833 0.070048 0.308360 -0.529043 0.904544 -0.491249 3.258896 -2.101970 -3.327733
0.496000 0.446305 0.070951 0.307867 -0.525777 0.902426 -0.494561 3.272892 -2.132584 -3.295959
0.497000 0.445781 0.071853 0.307371 -0.522497 0.900278 -0.497841 3.286531 -2.162765 -3.264035
0.498000 0.445260 0.072752 0.306871 -0.519204 0.898101 -0.501089 3.299643 -2.192438 -3.232021
0.499000 0.444743 0.073649 0.306368 -0.515898 0.895894 -0.504305 3.312194 -2.221707 -3.199865
0.500000 0.444229 0.074544 0.305863 -0.512579 0.893657 -0.507489 3.324302 -2.250815 -3.167392
0.501000 0.443718 0.075436 0.305353 -0.509249 0.891392 -0.510640 3.335974 -2.279720 -3.134519
0.502000 0.443210 0.076327 0.304841 -0.505907 0.889098 -0.513758 3.347097 -2.308134 -3.101261
0.503000 0.442706 0.077215 0.304326 -0.502555 0.886776 -0.516842 3.357680 -2.336006 -3.067536
0.504000 0.442205 0.078100 0.303808 -0.499192 0.884426 -0.519893 3.367866 -2.363526 -3.033221
0.505000 0.441708 0.078983 0.303286 -0.495819 0.882049 -0.522909 3.377707 -2.390684 -2.998398
0.506000 0.441213 0.079864 0.302762 -0.492437 0.879645 -0.525890 3.387141 -2.417253 -2.963304
0.507000 0.440723 0.080743 0.302234 -0.489045 0.877214 -0.528836 3.396212 -2.443229 -2.928023
0.508000 0.440235 0.081619 0.301704 -0.485644 0.874758 -0.531746 3.405040 -2.468855 -2.892446
0.509000 0.439751 0.082492 0.301171 -0.482235 0.872276 -0.534620 3.413588 -2.494217 -2.856554
0.510000 0.439271 0.083363 0.300635 -0.478817 0.869770 -0.537459 3.421682 -2.519213 -2.820440
0.511000 0.438794 0.084232 0.300096 -0.475391 0.867238 -0.540261 3.429279 -2.543926 -2.784066
0.512000 0.438320 0.085098 0.299554 -0.471958 0.864682 -0.543027 3.436487 -2.568588 -2.747254
0.513000 0.437850 0.085961 0.299010 -0.468518 0.862101 -0.545756 3.443327 -2.593182 -2.709915
0.514000 0.437383 0.086822 0.298463 -0.465072 0.859495 -0.548447 3.449713 -2.617459 -2.672063
0.515000 0.436920 0.087680 0.297913 -0.461619 0.856866 -0.551100 3.455667 -2.641392 -2.633612
0.516000 0.436460 0.088536 0.297361 -0.458160 0.854213 -0.553714 3.461325 -2.665173 -2.594422
0.517000 0.436003 0.089389 0.296806 -0.454696 0.851536 -0.556289 3.466724 -2.688791 -2.554570
0.518000 0.435550 0.090239 0.296248 -0.451227 0.848835 -0.558823 3.471801 -2.712024 -2.514296
0.519000 0.435101 0.091086 0.295688 -0.447753 0.846112 -0.561317 3.476585 -2.734865 -2.473676
0.520000 0.434655 0.091931 0.295125 -0.444274 0.843365 -0.563771 3.481187 -2.757547 -2.432592
0.521000 0.434212 0.092773 0.294560 -0.440790 0.840596 -0.566183 3.485584 -2.780152 -2.391020
0.522000 0.433773 0.093612 0.293993 -0.437303 0.837805 -0.568553 3.489629 -2.802584 -2.349054
0.523000 0.433338 0.094449 0.293423 -0.433811 0.834991 -0.570881 3.493291 -2.824921 -2.306656
0.524000 0.432906 0.095282 0.292851 -0.430316 0.832155 -0.573166 3.496667 -2.847397 -2.263637
0.525000 0.432477 0.096113 0.292277 -0.426818 0.829296 -0.575408 3.499767 -2.870012 -2.219905
0.526000 0.432052 0.096941 0.291700 -0.423316 0.826415 -0.577606 3.502478 -2.892507 -2.175522
0.527000 0.431630 0.097766 0.291122 -0.419813 0.823511 -0.579759 3.504699 -2.914617 -2.130613
0.528000 0.431212 0.098588 0.290541 -0.416307 0.820586 -0.581867 3.506356 -2.936075 -2.085425
0.529000 0.430798 0.099407 0.289958 -0.412800 0.817639 -0.583930 3.507388 -2.956611 -2.040271
0.530000 0.430387 0.100223 0.289373 -0.409292 0.814673 -0.585948 3.507844 -2.976214 -1.995254
0.531000 0.429979 0.101036 0.288786 -0.405784 0.811687 -0.587920 3.507839 -2.995097 -1.950264
0.532000 0.429575 0.101846 0.288197 -0.402277 0.808682 -0.589848 3.507364 -3.013314 -1.905281
0.533000 0.429175 0.102654 0.287606 -0.398770 0.805660 -0.591731 3.506304 -3.030736 -1.860410
0.534000 0.428778 0.103458 0.287014 -0.395264 0.802621 -0.593569 3.504643 -3.047413 -1.815617
0.535000 0.428384 0.104259 0.286419 -0.391760 0.799565 -0.595362 3.502473 -3.063569 -1.770711
0.536000 0.427994 0.105057 0.285823 -0.388259 0.796494 -0.597110 3.499794 -3.079224 -1.725606
0.537000 0.427608 0.105852 0.285225 -0.384761 0.793407 -0.598813 3.496510 -3.094204 -1.680332
0.538000 0.427225 0.106644 0.284625 -0.381266 0.790305 -0.600471 3.492623 -3.108525 -1.634810
0.539000 0.426845 0.107432 0.284024 -0.377776 0.787190 -0.602083 3.488250 -3.122398 -1.588905
0.540000 0.426469 0.108218 0.283421 -0.374290 0.784061 -0.603649 3.483457 -3.135854 -1.542724
0.541000 0.426097 0.109000 0.282817 -0.370809 0.780918 -0.605168 3.478237 -3.148742 -1.496563
0.542000 0.425727 0.109780 0.282211 -0.367333 0.777763 -0.606642 3.472649 -3.161089 -1.450533
0.543000 0.425362 0.110556 0.281604 -0.363863 0.774596 -0.608069 3.466796 -3.173106 -1.404522
0.544000 0.425000 0.111329 0.280995 -0.360399 0.771417 -0.609451 3.460661 -3.184813 -1.358518
0.545000 0.424641 0.112099 0.280385 -0.356942 0.768226 -0.610787 3.454119 -3.196046 -1.312642
0.546000 0.424286 0.112865 0.279773 -0.353491 0.765025 -0.612076 3.447143 -3.206823 -1.266867
0.547000 0.423934 0.113629 0.279161 -0.350048 0.761813 -0.613320 3.439803 -3.217350 -1.221005
0.548000 0.423586 0.114389 0.278547 -0.346612 0.758590 -0.614518 3.432085 -3.227663 -1.174978
0.549000 0.423241 0.115146 0.277931 -0.343184 0.755357 -0.615670 3.423888 -3.237618 -1.128834
0.550000 0.422899 0.115900 0.277315 -0.339764 0.752115 -0.616776 3.415200 -3.247247 -1.082502
0.551000 0.422561 0.116650 0.276698 -0.336353 0.748863 -0.617835 3.406131 -3.256753 -1.035841
0.552000 0.422227 0.117398 0.276080 -0.332952 0.745601 -0.618848 3.396757 -3.266162 -0.988944
0.553000 0.421895 0.118142 0.275460 -0.329560 0.742331 -0.619813 3.387100 -3.275316 -0.942093
0.554000 0.421568 0.118882 0.274840 -0.326177 0.739051 -0.620732 3.377230 -3.284235 -0.895382
0.555000 0.421243 0.119620 0.274219 -0.322805 0.735762 -0.621604 3.367244 -3.293110 -0.848688
0.556000 0.420922 0.120354 0.273597 -0.319443 0.732465 -0.622429 3.357109 -3.301952 -0.801983
0.557000 0.420604 0.121085 0.272974 -0.316091 0.729158 -0.623208 3.346699 -3.310593 -0.755377
0.558000 0.420290 0.121812 0.272350 -0.312750 0.725843 -0.623940 3.335971 -3.319042 -0.708829
0.559000 0.419979 0.122536 0.271726 -0.309419 0.722520 -0.624625 3.324989 -3.327498 -0.662140
0.560000 0.419671 0.123257 0.271101 -0.306100 0.719188 -0.625264 3.313751 -3.336010 -0.615221
0.561000 0.419367 0.123975 0.270475 -0.302791 0.715848 -0.625856 3.302185 -3.344465 -0.568109
0.562000 0.419065 0.124689 0.269849 -0.299495 0.712499 -0.626400 3.290293 -3.352908 -0.520722
0.563000 0.418768 0.125400 0.269223 -0.296211 0.709142 -0.626897 3.278174 -3.361534 -0.472910
0.564000 0.418473 0.126107 0.268596 -0.292939 0.705776 -0.627346 3.265897 -3.370360 -0.424758
0.565000 0.418182 0.126811 0.267968 -0.289679 0.702402 -0.627747 3.253458 -3.379181 -0.376575
0.566000 0.417894 0.127512 0.267340 -0.286432 0.699018 -0.628099 3.240823 -3.387791 -0.328637
0.567000 0.417609 0.128209 0.266712 -0.283197 0.695626 -0.628404 3.227913 -3.395981 -0.281159
0.568000 0.417327 0.128903 0.266083 -0.279976 0.692226 -0.628662 3.214617 -3.403538 -0.234319
0.569000 0.417049 0.129594 0.265454 -0.276768 0.688819 -0.628873 3.200912 -3.410464 -0.188101
0.570000 0.416774 0.130281 0.264826 -0.273574 0.685405 -0.629038 3.186855 -3.416953 -0.142319
0.571000 0.416502 0.130964 0.264196 -0.270395 0.681985 -0.629157 3.172441 -3.423071 -0.096908
0.572000 0.416233 0.131645 0.263567 -0.267229 0.678559 -0.629232 3.157594 -3.428735 -0.051936
0.573000 0.415967 0.132322 0.262938 -0.264079 0.675128 -0.629261 3.142313 -3.434010 -0.007342
0.574000 0.415705 0.132995 0.262309 -0.260945 0.671691 -0.629246 3.126692 -3.439095 0.037030
0.575000 0.415445 0.133665 0.261679 -0.257826 0.668249 -0.629187 3.110817 -3.444023 0.081119
0.576000 0.415189 0.134331 0.261050 -0.254723 0.664803 -0.629084 3.094737 -3.448666 0.124692
0.577000 0.414936 0.134995 0.260421 -0.251636 0.661352 -0.628938 3.078531 -3.453045 0.167684
0.578000 0.414686 0.135654 0.259792 -0.248566 0.657897 -0.628749 3.062270 -3.457328 0.210231
0.579000 0.414439 0.136310 0.259164 -0.245512 0.654437 -0.628517 3.045909 -3.461506 0.252342
0.580000 0.414195 0.136963 0.258535 -0.242474 0.650974 -0.628244 3.029315 -3.465404 0.293880
0.581000 0.413954 0.137612 0.257907 -0.239453 0.647507 -0.627930 3.012430 -3.469009 0.334865
0.582000 0.413716 0.138258 0.257280 -0.236449 0.644036 -0.627574 2.995296 -3.472495 0.375479
0.583000 0.413481 0.138900 0.256652 -0.233463 0.640562 -0.627179 2.977923 -3.475916 0.415787
0.584000 0.413249 0.139539 0.256025 -0.230494 0.637084 -0.626743 2.960267 -3.479183 0.455720
0.585000 0.413020 0.140175 0.255399 -0.227542 0.633603 -0.626267 2.942340 -3.482347 0.495338
0.586000 0.412794 0.140806 0.254773 -0.224609 0.630119 -0.625752 2.924222 -3.485587 0.534792
0.587000 0.412571 0.141435 0.254147 -0.221694 0.626632 -0.625198 2.905968 -3.488924 0.574020
0.588000 0.412350 0.142060 0.253522 -0.218797 0.623141 -0.624604 2.887592 -3.492221 0.612782
0.589000 0.412133 0.142681 0.252898 -0.215919 0.619648 -0.623972 2.869139 -3.495487 0.651015
0.590000 0.411919 0.143299 0.252274 -0.213059 0.616150 -0.623302 2.850669 -3.498869 0.688856
0.591000 0.411707 0.143913 0.251651 -0.210217 0.612650 -0.622594 2.832151 -3.502346 0.726336
0.592000 0.411498 0.144524 0.251029 -0.207394 0.609146 -0.621849 2.813486 -3.505735 0.763348
0.593000 0.411292 0.145132 0.250408 -0.204590 0.605638 -0.621068 2.794634 -3.509011 0.799930
0.594000 0.411089 0.145736 0.249787 -0.201805 0.602128 -0.620250 2.775635 -3.512340 0.836268
0.595000 0.410889 0.146336 0.249167 -0.199039 0.598614 -0.619395 2.756492 -3.515785 0.872422
0.596000 0.410691 0.146933 0.248548 -0.196292 0.595096 -0.618505 2.737162 -3.519286 0.908316
0.597000 0.410496 0.147526 0.247930 -0.193565 0.591575 -0.617579 2.717654 -3.522906 0.944003
0.598000 0.410304 0.148116 0.247313 -0.190857 0.588050 -0.616617 2.698044 -3.526826 0.979637
0.599000 0.410114 0.148702 0.246697 -0.188169 0.584522 -0.615619 2.678407 -3.531078 1.015172
0.600000 0.409927 0.149285 0.246082 -0.185500 0.580988 -0.614586 2.658791 -3.535554 1.050394
0.601000 0.409743 0.149864 0.245468 -0.182851 0.577450 -0.613518 2.639262 -3.540274 1.085254
0.602000 0.409562 0.150440 0.244855 -0.180221 0.573908 -0.612416 2.619877 -3.545376 1.119892
0.603000 0.409383 0.151012 0.244243 -0.177611 0.570360 -0.611279 2.600602 -3.550824 1.154329
0.604000 0.409207 0.151581 0.243632 -0.175020 0.566806 -0.610107 2.581330 -3.556398 1.188415
0.605000 0.409033 0.152146 0.243023 -0.172449 0.563247 -0.608902 2.561968 -3.561908 1.222016
0.606000 0.408862 0.152707 0.242414 -0.169896 0.559682 -0.607663 2.542449 -3.567221 1.255028
0.607000 0.408693 0.153265 0.241807 -0.167364 0.556112 -0.606392 2.522725 -3.572234 1.287361
0.608000 0.408527 0.153819 0.241202 -0.164851 0.552538 -0.605088 2.502799 -3.577001 1.319084
0.609000 0.408363 0.154370 0.240597 -0.162358 0.548958 -0.603754 2.482732 -3.581684 1.350358
0.610000 0.408202 0.154917 0.239994 -0.159885 0.545374 -0.602388 2.462571 -3.586305 1.381154
0.611000 0.408044 0.155461 0.239392 -0.157433 0.541786 -0.600991 2.442336 -3.590752 1.411278
0.612000 0.407887 0.156001 0.238792 -0.155001 0.538193 -0.599565 2.422069 -3.595033 1.440694
0.613000 0.407734 0.156537 0.238193 -0.152589 0.534596 -0.598110 2.401822 -3.599267 1.469539
0.614000 0.407582 0.157070 0.237596 -0.150197 0.530994 -0.596626 2.381584 -3.603409 1.497822
0.615000 0.407433 0.157599 0.237000 -0.147826 0.527389 -0.595114 2.361299 -3.607265 1.525410
0.616000 0.407287 0.158125 0.236406 -0.145474 0.523780 -0.593575 2.340950 -3.610788 1.552319
0.617000 0.407142 0.158647 0.235813 -0.143144 0.520167 -0.592010 2.320568 -3.614112 1.578730
0.618000 0.407000 0.159165 0.235222 -0.140833 0.516552 -0.590418 2.300156 -3.617302 1.604727
0.619000 0.406861 0.159680 0.234632 -0.138543 0.512933 -0.588800 2.279682 -3.620321 1.630272
0.620000 0.406723 0.160191 0.234044 -0.136274 0.509311 -0.587157 2.259151 -3.623232 1.655444
0.621000 0.406588 0.160698 0.233458 -0.134025 0.505686 -0.585489 2.238614 -3.626198 1.680408
0.622000 0.406455 0.161202 0.232873 -0.131797 0.502059 -0.583796 2.218118 -3.629251 1.705144
0.623000 0.406324 0.161703 0.232290 -0.129589 0.498428 -0.582079 2.197690 -3.632305 1.729474
0.624000 0.406196 0.162199 0.231709 -0.127401 0.494794 -0.580337 2.177372 -3.635381 1.753372
0.625000 0.406070 0.162692 0.231129 -0.125234 0.491157 -0.578572 2.157197 -3.638584 1.776976
0.626000 0.405945 0.163182 0.230552 -0.123087 0.487517 -0.576784 2.137130 -3.641856 1.800302
0.627000 0.405823 0.163667 0.229976 -0.120960 0.483873 -0.574972 2.117088 -3.644995 1.823234
0.628000 0.405704 0.164149 0.229402 -0.118853 0.480227 -0.573137 2.097030 -3.647939 1.845793
0.629000 0.405586 0.164628 0.228830 -0.116766 0.476577 -0.571280 2.076972 -3.650800 1.868150
0.630000 0.405470 0.165102 0.228259 -0.114699 0.472925 -0.569401 2.056917 -3.653628 1.890370
0.631000 0.405356 0.165574 0.227691 -0.112652 0.469270 -0.567499 2.036839 -3.656377 1.912397
0.632000 0.405245 0.166041 0.227124 -0.110625 0.465612 -0.565576 2.016746 -3.659097 1.934292
0.633000 0.405135 0.166505 0.226560 -0.108618 0.461952 -0.563631 1.996685 -3.661938 1.956219
0.634000 0.405027 0.166965 0.225997 -0.106632 0.458289 -0.561664 1.976704 -3.664944 1.978190
0.635000 0.404922 0.167421 0.225436 -0.104665 0.454622 -0.559674 1.956840 -3.668053 2.000071
0.636000 0.404818 0.167874 0.224878 -0.102718 0.450952 -0.557663 1.937138 -3.671295 2.021867
0.637000 0.404716 0.168323 0.224321 -0.100791 0.447279 -0.555631 1.917627 -3.674765 2.043726
0.638000 0.404617 0.168769 0.223766 -0.098883 0.443603 -0.553576 1.898275 -3.678391 2.065671
0.639000 0.404519 0.169210 0.223214 -0.096994 0.439923 -0.551499 1.879009 -3.681960 2.087596
0.640000 0.404423 0.169649 0.222663 -0.095125 0.436239 -0.549401 1.859793 -3.685398 2.109526
0.641000 0.404328 0.170083 0.222115 -0.093275 0.432552 -0.547280 1.840639 -3.688805 2.131619
0.642000 0.404236 0.170514 0.221569 -0.091444 0.428861 -0.545138 1.821553 -3.692240 2.153918
0.643000 0.404145 0.170941 0.221025 -0.089632 0.425167 -0.542972 1.802520 -3.695657 2.176311
0.644000 0.404057 0.171364 0.220483 -0.087839 0.421470 -0.540785 1.783531 -3.698998 2.198677
0.645000 0.403970 0.171784 0.219943 -0.086064 0.417769 -0.538575 1.764591 -3.702186 2.220875
0.646000 0.403885 0.172199 0.219406 -0.084309 0.414066 -0.536343 1.745712 -3.705132 2.242754
0.647000 0.403801 0.172612 0.218871 -0.082573 0.410359 -0.534090 1.726920 -3.707856 2.264324
0.648000 0.403719 0.173020 0.218338 -0.080856 0.406650 -0.531815 1.708234 -3.710443 2.285728
0.649000 0.403639 0.173425 0.217807 -0.079157 0.402938 -0.529518 1.689628 -3.712834 2.306995
0.650000 0.403561 0.173826 0.217279 -0.077476 0.399224 -0.527201 1.671045 -3.714846 2.328030
0.651000 0.403484 0.174223 0.216752 -0.075815 0.395509 -0.524862 1.652455 -3.716415 2.348860
0.652000 0.403410 0.174617 0.216229 -0.074171 0.391791 -0.522503 1.633871 -3.717633 2.369641
0.653000 0.403336 0.175007 0.215707 -0.072547 0.388073 -0.520123 1.615310 -3.718550 2.390419
0.654000 0.403264 0.175393 0.215189 -0.070941 0.384354 -0.517722 1.596774 -3.719136 2.411125
0.655000 0.403194 0.175776 0.214672 -0.069353 0.380635 -0.515301 1.578280 -3.719443 2.431798
0.656000 0.403126 0.176155 0.214158 -0.067784 0.376916 -0.512858 1.559854 -3.719598 2.452587
0.657000 0.403059 0.176530 0.213646 -0.066234 0.373196 -0.510395 1.541509 -3.719644 2.473504
0.658000 0.402993 0.176901 0.213137 -0.064701 0.369476 -0.507911 1.523244 -3.719539 2.494437
0.659000 0.402929 0.177269 0.212631 -0.063187 0.365757 -0.505406 1.505065 -3.719310 2.515392
0.660000 0.402867 0.177632 0.212126 -0.061691 0.362038 -0.502881 1.486983 -3.719031 2.536508
0.661000 0.402806 0.177993 0.211625 -0.060213 0.358319 -0.500333 1.468981 -3.718629 2.557811
0.662000 0.402746 0.178349 0.211126 -0.058753 0.354600 -0.497765 1.451014 -3.717909 2.579212
0.663000 0.402688 0.178702 0.210629 -0.057311 0.350883 -0.495175 1.433062 -3.716794 2.600738
0.664000 0.402632 0.179051 0.210135 -0.055887 0.347167 -0.492563 1.415130 -3.715364 2.622534
0.665000 0.402577 0.179396 0.209644 -0.054481 0.343452 -0.489930 1.397217 -3.713676 2.644646
0.666000 0.402523 0.179738 0.209155 -0.053093 0.339739 -0.487274 1.379308 -3.711727 2.667009
0.667000 0.402470 0.180076 0.208670 -0.051722 0.336029 -0.484596 1.361404 -3.709576 2.689665
0.668000 0.402419 0.180410 0.208186 -0.050370 0.332320 -0.481895 1.343526 -3.707338 2.712759
0.669000 0.402370 0.180740 0.207706 -0.049035 0.328614 -0.479170 1.325693 -3.705042 2.736329
0.670000 0.402321 0.181067 0.207228 -0.047718 0.324910 -0.476422 1.307920 -3.702635 2.760299
0.671000 0.402274 0.181390 0.206753 -0.046419 0.321209 -0.473650 1.290226 -3.700132 2.784697
0.672000 0.402229 0.181709 0.206281 -0.045138 0.317510 -0.470853 1.272625 -3.697592 2.809650
0.673000 0.402184 0.182025 0.205811 -0.043874 0.313814 -0.468031 1.255110 -3.694952 2.835157
0.674000 0.402141 0.182337 0.205345 -0.042628 0.310120 -0.465182 1.237656 -3.692043 2.861098
0.675000 0.402099 0.182645 0.204881 -0.041399 0.306429 -0.462308 1.220251 -3.688797 2.887468
0.676000 0.402058 0.182950 0.204420 -0.040187 0.302742 -0.459408 1.202896 -3.685281 2.914393
0.677000 0.402018 0.183251 0.203962 -0.038993 0.299059 -0.456480 1.185574 -3.681537 2.941911
0.678000 0.401980 0.183548 0.203507 -0.037816 0.295379 -0.453524 1.168258 -3.677553 2.969958
0.679000 0.401943 0.183842 0.203055 -0.036656 0.291704 -0.450540 1.150934 -3.673373 2.998571
0.680000 0.401907 0.184131 0.202606 -0.035514 0.288033 -0.447527 1.133618 -3.669101 3.027882
0.681000 0.401872 0.184418 0.202160 -0.034389 0.284366 -0.444484 1.116341 -3.664773 3.057923
0.682000 0.401838 0.184700 0.201717 -0.033281 0.280703 -0.441411 1.099134 -3.660343 3.088591
0.683000 0.401805 0.184979 0.201277 -0.032191 0.277045 -0.438307 1.082009 -3.655733 3.119784
0.684000 0.401774 0.185254 0.200840 -0.031117 0.273392 -0.435171 1.064948 -3.650818 3.151393
0.685000 0.401743 0.185526 0.200407 -0.030061 0.269743 -0.432004 1.047913 -3.645442 3.183311
0.686000 0.401713 0.185794 0.199976 -0.029022 0.266101 -0.428805 1.030881 -3.639552 3.215551
0.687000 0.401685 0.186058 0.199549 -0.027999 0.262464 -0.425573 1.013851 -3.633204 3.248226
0.688000 0.401657 0.186319 0.199125 -0.026994 0.258834 -0.422308 0.996820 -3.626432 3.281346
0.689000 0.401631 0.186576 0.198705 -0.026006 0.255211 -0.419010 0.979783 -3.619217 3.314814
0.690000 0.401605 0.186829 0.198287 -0.025034 0.251596 -0.415678 0.962737 -3.611592 3.348633
0.691000 0.401581 0.187079 0.197873 -0.024080 0.247988 -0.412313 0.945688 -3.603642 3.382915
0.692000 0.401557 0.187325 0.197463 -0.023143 0.244389 -0.408913 0.928632 -3.595392 3.417679
0.693000 0.401535 0.187568 0.197055 -0.022223 0.240797 -0.405477 0.911559 -3.586810 3.452852
0.694000 0.401513 0.187807 0.196652 -0.021320 0.237215 -0.402007 0.894462 -3.577912 3.488446
0.695000 0.401492 0.188042 0.196251 -0.020434 0.233642 -0.398501 0.877343 -3.568746 3.524559
0.696000 0.401472 0.188274 0.195855 -0.019565 0.230077 -0.394958 0.860194 -3.559274 3.561176
0.697000 0.401453 0.188502 0.195461 -0.018714 0.226523 -0.391378 0.843002 -3.549382 3.598173
0.698000 0.401434 0.188727 0.195072 -0.017879 0.222979 -0.387761 0.825759 -3.539028 3.635527
0.699000 0.401417 0.188948 0.194686 -0.017062 0.219445 -0.384107 0.808473 -3.528266 3.673323
0.700000 0.401400 0.189166 0.194304 -0.016262 0.215922 -0.380415 0.791158 -3.517144 3.711553
0.701000 0.401384 0.189380 0.193925 -0.015480 0.212411 -0.376684 0.773833 -3.505668 3.750114
0.702000 0.401369 0.189591 0.193550 -0.014715 0.208911 -0.372915 0.756511 -3.493883 3.788996
0.703000 0.401355 0.189798 0.193179 -0.013967 0.205423 -0.369106 0.739207 -3.481861 3.828289
0.704000 0.401341 0.190002 0.192812 -0.013236 0.201947 -0.365258 0.721936 -3.469616 3.867999
0.705000 0.401329 0.190202 0.192449 -0.012523 0.198484 -0.361370 0.704711 -3.457108 3.908042
0.706000 0.401316 0.190399 0.192089 -0.011827 0.195033 -0.357442 0.687543 -3.444341 3.948418
0.707000 0.401305 0.190592 0.191734 -0.011148 0.191595 -0.353473 0.670433 -3.431353 3.989199
0.708000 0.401294 0.190782 0.191382 -0.010486 0.188170 -0.349464 0.653367 -3.418116 4.030355
0.709000 0.401284 0.190968 0.191035 -0.009841 0.184759 -0.345413 0.636322 -3.404545 4.071752
0.710000 0.401274 0.191151 0.190692 -0.009213 0.181361 -0.341320 0.619283 -3.390608 4.113349
0.711000 0.401266 0.191331 0.190352 -0.008602 0.177978 -0.337186 0.602248 -3.376351 4.155205
0.712000 0.401257 0.191507 0.190017 -0.008009 0.174608 -0.333010 0.585226 -3.361808 4.197295
0.713000 0.401250 0.191680 0.189686 -0.007432 0.171254 -0.328791 0.568223 -3.346981 4.239505
0.714000 0.401242 0.191850 0.189360 -0.006872 0.167914 -0.324531 0.551247 -3.331900 4.281804
0.715000 0.401236 0.192016 0.189037 -0.006329 0.164590 -0.320228 0.534306 -3.316620 4.324243
0.716000 0.401230 0.192179 0.188719 -0.005804 0.161281 -0.315882 0.517405 -3.301140 4.366785
0.717000 0.401224 0.192339 0.188405 -0.005295 0.157988 -0.311494 0.500551 -3.285403 4.409277
0.718000 0.401219 0.192495 0.188096 -0.004803 0.154710 -0.307064 0.483750 -3.269340 4.451570
0.719000 0.401215 0.192648 0.187791 -0.004327 0.151449 -0.302591 0.467005 -3.252865 4.493528
0.720000 0.401210 0.192798 0.187491 -0.003869 0.148205 -0.298077 0.450322 -3.235879 4.535018
0.721000 0.401207 0.192944 0.187195 -0.003427 0.144977 -0.293521 0.433704 -3.218341 4.576005
0.722000 0.401204 0.193088 0.186904 -0.003001 0.141768 -0.288925 0.417155 -3.200283 4.616521
0.723000 0.401201 0.193228 0.186617 -0.002592 0.138577 -0.284288 0.400679 -3.181731 4.656500
0.724000 0.401198 0.193365 0.186335 -0.002200 0.135404 -0.279612 0.384277 -3.162686 4.695778
0.725000 0.401196 0.193499 0.186058 -0.001824 0.132251 -0.274896 0.367955 -3.143170 4.734278
0.726000 0.401195 0.193629 0.185786 -0.001464 0.129118 -0.270143 0.351723 -3.123235 4.772016
0.727000 0.401193 0.193757 0.185518 -0.001120 0.126005 -0.265352 0.335610 -3.102897 4.808929
0.728000 0.401193 0.193881 0.185255 -0.000793 0.122912 -0.260525 0.319649 -3.082147 4.844870
0.729000 0.401192 0.194003 0.184997 -0.000481 0.119841 -0.255663 0.303868 -3.060994 4.879768
0.730000 0.401192 0.194121 0.184744 -0.000185 0.116790 -0.250766 0.288277 -3.039465 4.913630
0.731000 0.401192 0.194236 0.184495 0.000096 0.113762 -0.245835 0.272878 -3.017542 4.946377
0.732000 0.401192 0.194349 0.184252 0.000361 0.110755 -0.240873 0.257672 -2.995166 4.977843
0.733000 0.401192 0.194458 0.184013 0.000611 0.107771 -0.235880 0.242657 -2.972314 5.007941
0.734000 0.401193 0.194564 0.183780 0.000846 0.104811 -0.230857 0.227834 -2.948999 5.036668
0.735000 0.401194 0.194667 0.183552 0.001067 0.101873 -0.225806 0.213202 -2.925214 5.063952
0.736000 0.401195 0.194768 0.183328 0.001273 0.098960 -0.220729 0.198760 -2.900925 5.089639
0.737000 0.401196 0.194865 0.183110 0.001464 0.096072 -0.215627 0.184508 -2.876121 5.113650
0.738000 0.401198 0.194960 0.182897 0.001642 0.093208 -0.210502 0.170456 -2.850827 5.135971
0.739000 0.401200 0.195052 0.182689 0.001805 0.090370 -0.205355 0.156627 -2.825051 5.156513
0.740000 0.401202 0.195141 0.182487 0.001955 0.087558 -0.200189 0.143054 -2.798782 5.175102
0.741000 0.401204 0.195227 0.182289 0.002091 0.084772 -0.195005 0.129760 -2.772019 5.191638
0.742000 0.401206 0.195310 0.182096 0.002214 0.082014 -0.189805 0.116755 -2.744767 5.206089
0.743000 0.401208 0.195391 0.181909 0.002325 0.079283 -0.184593 0.104037 -2.716973 5.218343
0.744000 0.401210 0.195469 0.181727 0.002422 0.076580 -0.179369 0.091604 -2.688546 5.228209
0.745000 0.401213 0.195544 0.181551 0.002508 0.073906 -0.174136 0.079455 -2.659430 5.235563
0.746000 0.401216 0.195617 0.181379 0.002581 0.071261 -0.168898 0.067586 -2.629617 5.240342
0.747000 0.401218 0.195687 0.181213 0.002643 0.068647 -0.163656 0.055995 -2.599092 5.242391
0.748000 0.401221 0.195754 0.181052 0.002693 0.066063 -0.158413 0.044679 -2.567821 5.241462
0.749000 0.401224 0.195819 0.180896 0.002732 0.063511 -0.153173 0.033639 -2.535789 5.237391
0.750000 0.401226 0.195881 0.180745 0.002761 0.060991 -0.147938 0.022881 -2.502997 5.230117
0.751000 0.401229 0.195941 0.180600 0.002778 0.058505 -0.142712 0.012428 -2.469425 5.219536
0.752000 0.401232 0.195998 0.180460 0.002785 0.056052 -0.137499 0.002311 -2.435028 5.205484
0.753000 0.401235 0.196053 0.180325 0.002783 0.053635 -0.132301 -0.007446 -2.399781 5.187848
0.754000 0.401237 0.196105 0.180195 0.002771 0.051253 -0.127123 -0.016836 -2.363677 5.166557
0.755000 0.401240 0.196155 0.180071 0.002749 0.048907 -0.121968 -0.025860 -2.326684 5.141441
0.756000 0.401243 0.196203 0.179951 0.002719 0.046600 -0.116840 -0.034518 -2.288746 5.112231
0.757000 0.401246 0.196249 0.179837 0.002680 0.044330 -0.111744 -0.042805 -2.249801 5.078660
0.758000 0.401248 0.196292 0.179728 0.002633 0.042100 -0.106683 -0.050696 -2.209787 5.040473
0.759000 0.401251 0.196333 0.179624 0.002579 0.039910 -0.101663 -0.058160 -2.168639 4.997417
0.760000 0.401253 0.196372 0.179525 0.002517 0.037763 -0.096688 -0.065174 -2.126317 4.949325
0.761000 0.401256 0.196408 0.179430 0.002448 0.035658 -0.091764 -0.071719 -2.082808 4.896099
0.762000 0.401258 0.196443 0.179341 0.002374 0.033597 -0.086896 -0.077770 -2.038092 4.837585
0.763000 0.401261 0.196475 0.179257 0.002293 0.031582 -0.082089 -0.083296 -1.992133 4.773564
0.764000 0.401263 0.196506 0.179177 0.002207 0.029613 -0.077349 -0.088273 -1.944908 4.703873
0.765000 0.401265 0.196535 0.179102 0.002116 0.027692 -0.072681 -0.092693 -1.896396 4.628408
0.766000 0.401267 0.196561 0.179032 0.002022 0.025820 -0.068092 -0.096556 -1.846544 4.546995
0.767000 0.401269 0.196586 0.178966 0.001923 0.023999 -0.063587 -0.099866 -1.795277 4.459399
0.768000 0.401271 0.196609 0.178904 0.001822 0.022229 -0.059173 -0.102622 -1.742537 4.365437
0.769000 0.401273 0.196631 0.178847 0.001718 0.020514 -0.054856 -0.104828 -1.688288 4.264974
0.770000 0.401274 0.196650 0.178795 0.001612 0.018853 -0.050643 -0.106485 -1.632466 4.157796
0.771000 0.401276 0.196668 0.178746 0.001505 0.017249 -0.046541 -0.107595 -1.574991 4.043615
0.772000 0.401277 0.196685 0.178702 0.001397 0.015703 -0.042556 -0.108158 -1.515799 3.922209
0.773000 0.401279 0.196700 0.178661 0.001289 0.014217 -0.038696 -0.108164 -1.454856 3.793440
0.774000 0.401280 0.196713 0.178624 0.001181 0.012793 -0.034969 -0.107589 -1.392120 3.657125
0.775000 0.401281 0.196725 0.178591 0.001073 0.011433 -0.031382 -0.106401 -1.327535 3.513028
0.776000 0.401282 0.196736 0.178561 0.000968 0.010138 -0.027943 -0.104575 -1.261058 3.360962
0.777000 0.401283 0.196746 0.178535 0.000864 0.008911 -0.024660 -0.102102 -1.192648 3.200784
0.778000 0.401284 0.196754 0.178512 0.000764 0.007753 -0.021542 -0.098980 -1.122235 3.032276
0.779000 0.401285 0.196761 0.178492 0.000666 0.006666 -0.018596 -0.095212 -1.049724 2.855154
0.780000 0.401285 0.196767 0.178475 0.000573 0.005653 -0.015831 -0.090797 -0.975044 2.669194
0.781000 0.401286 0.196773 0.178460 0.000485 0.004716 -0.013257 -0.085736 -0.898150 2.474241
0.782000 0.401286 0.196777 0.178448 0.000402 0.003857 -0.010883 -0.080029 -0.818990 2.270090
0.783000 0.401287 0.196780 0.178439 0.000325 0.003078 -0.008717 -0.073678 -0.737501 2.056479
0.784000 0.401287 0.196783 0.178431 0.000254 0.002382 -0.006770 -0.035171 -0.348083 0.973638
0.785000 0.401287 0.196785 0.178425 0.000254 0.002382 -0.006770 -0.035171 -0.348083 0.973638
