0.000000 0.673124 -0.195793 0.137499 0.037234 -0.000329 0.015355 0.286153 0.166633 0.909749
0.001000 0.673161 -0.195793 0.137513 0.037234 -0.000329 0.015355 0.286153 0.166633 0.909749
0.002000 0.673198 -0.195794 0.137530 0.037806 0.000004 0.017175 0.566445 0.341051 1.852161
0.003000 0.673236 -0.195793 0.137548 0.038367 0.000353 0.019060 0.554263 0.356889 1.918021
0.004000 0.673275 -0.195793 0.137568 0.038915 0.000718 0.021011 0.541150 0.373269 1.984936
0.005000 0.673314 -0.195792 0.137590 0.039449 0.001100 0.023030 0.527079 0.390200 2.052888
0.006000 0.673354 -0.195791 0.137614 0.039969 0.001498 0.025117 0.512013 0.407684 2.121854
0.007000 0.673394 -0.195789 0.137640 0.040473 0.001915 0.027273 0.495916 0.425718 2.191815
0.008000 0.673435 -0.195787 0.137668 0.040961 0.002350 0.029500 0.478759 0.444301 2.262753
0.009000 0.673476 -0.195784 0.137699 0.041431 0.002804 0.031799 0.460527 0.463431 2.334667
0.010000 0.673518 -0.195781 0.137732 0.041882 0.003277 0.034170 0.441215 0.483106 2.407561
0.011000 0.673560 -0.195778 0.137767 0.042313 0.003770 0.036614 0.420819 0.503323 2.481429
0.012000 0.673602 -0.195774 0.137805 0.042724 0.004283 0.039132 0.399333 0.524078 2.556246
0.013000 0.673645 -0.195769 0.137846 0.043112 0.004818 0.041726 0.376754 0.545367 2.631980
0.014000 0.673689 -0.195764 0.137889 0.043477 0.005374 0.044396 0.353075 0.567185 2.708613
0.015000 0.673732 -0.195758 0.137934 0.043818 0.005952 0.047144 0.328290 0.589529 2.786153
0.016000 0.673776 -0.195752 0.137983 0.044134 0.006553 0.049969 0.302392 0.612392 2.864623
0.017000 0.673820 -0.195745 0.138034 0.044423 0.007177 0.052873 0.275366 0.635770 2.944029
0.018000 0.673865 -0.195738 0.138089 0.044684 0.007825 0.055857 0.247188 0.659666 3.024352
0.019000 0.673910 -0.195730 0.138146 0.044917 0.008496 0.058922 0.217844 0.684098 3.105566
0.020000 0.673955 -0.195721 0.138206 0.045120 0.009193 0.062068 0.187324 0.709093 3.187655
0.021000 0.674000 -0.195711 0.138270 0.045292 0.009915 0.065297 0.155620 0.734666 3.270604
0.022000 0.674045 -0.195701 0.138337 0.045431 0.010662 0.068609 0.122724 0.760819 3.354413
0.023000 0.674091 -0.195690 0.138407 0.045537 0.011436 0.072006 0.088630 0.787546 3.439087
0.024000 0.674137 -0.195678 0.138481 0.045609 0.012237 0.075487 0.053342 0.814844 3.524620
0.025000 0.674182 -0.195665 0.138558 0.045644 0.013066 0.079055 0.016874 0.842730 3.610986
0.026000 0.674228 -0.195652 0.138639 0.045642 0.013923 0.082709 -0.020746 0.871223 3.698146
0.027000 0.674273 -0.195638 0.138724 0.045602 0.014808 0.086451 -0.059513 0.900339 3.786051
0.028000 0.674319 -0.195622 0.138812 0.045523 0.015723 0.090281 -0.099438 0.930084 3.874648
0.029000 0.674364 -0.195606 0.138904 0.045404 0.016669 0.094201 -0.140538 0.960471 3.963906
0.030000 0.674410 -0.195589 0.139000 0.045242 0.017644 0.098209 -0.182820 0.991516 4.053802
0.031000 0.674455 -0.195571 0.139101 0.045038 0.018652 0.102308 -0.226281 1.023231 4.144304
0.032000 0.674500 -0.195552 0.139205 0.044790 0.019691 0.106498 -0.270904 1.055606 4.235362
0.033000 0.674545 -0.195531 0.139314 0.044496 0.020763 0.110779 -0.316664 1.088625 4.326909
0.034000 0.674589 -0.195510 0.139427 0.044156 0.021868 0.115152 -0.363551 1.122268 4.418872
0.035000 0.674633 -0.195488 0.139544 0.043769 0.023007 0.119617 -0.411578 1.156515 4.511181
0.036000 0.674676 -0.195464 0.139666 0.043333 0.024181 0.124174 -0.460759 1.191344 4.603798
0.037000 0.674720 -0.195439 0.139792 0.042847 0.025390 0.128824 -0.511098 1.226733 4.696712
0.038000 0.674762 -0.195413 0.139924 0.042311 0.026635 0.133567 -0.562593 1.262668 4.789894
0.039000 0.674804 -0.195386 0.140059 0.041722 0.027915 0.138404 -0.615222 1.299149 4.883300
0.040000 0.674846 -0.195358 0.140200 0.041080 0.029233 0.143334 -0.668954 1.336185 4.976874
0.041000 0.674886 -0.195328 0.140346 0.040384 0.030588 0.148358 -0.723758 1.373784 5.070561
0.042000 0.674926 -0.195296 0.140497 0.039633 0.031980 0.153475 -0.779602 1.411953 5.164316
0.043000 0.674966 -0.195264 0.140653 0.038825 0.033412 0.158686 -0.836454 1.450696 5.258097
0.044000 0.675004 -0.195230 0.140814 0.037960 0.034882 0.163991 -0.894300 1.490010 5.351836
0.045000 0.675041 -0.195194 0.140981 0.037037 0.036392 0.169390 -0.953146 1.529880 5.445446
0.046000 0.675078 -0.195157 0.141153 0.036054 0.037942 0.174882 -1.013000 1.570300 5.538872
0.047000 0.675114 -0.195118 0.141331 0.035011 0.039532 0.180468 -1.073863 1.611267 5.632082
0.048000 0.675148 -0.195078 0.141514 0.033906 0.041164 0.186146 -1.135741 1.652771 5.725010
0.049000 0.675181 -0.195036 0.141703 0.032739 0.042838 0.191918 -1.198637 1.694792 5.817548
0.050000 0.675214 -0.194992 0.141898 0.031509 0.044554 0.197782 -1.262531 1.737316 5.909596
0.051000 0.675244 -0.194947 0.142099 0.030214 0.046312 0.203737 -1.327382 1.780339 6.001074
0.052000 0.675274 -0.194899 0.142305 0.028854 0.048114 0.209784 -1.393149 1.823863 6.091914
0.053000 0.675302 -0.194850 0.142518 0.027428 0.049960 0.215921 -1.459791 1.867901 6.182073
0.054000 0.675329 -0.194799 0.142737 0.025934 0.051850 0.222148 -1.527262 1.912477 6.271517
0.055000 0.675354 -0.194747 0.142963 0.024373 0.053785 0.228464 -1.595535 1.957593 6.360170
0.056000 0.675378 -0.194692 0.143194 0.022743 0.055765 0.234868 -1.664593 2.003229 6.447914
0.057000 0.675399 -0.194635 0.143432 0.021044 0.057792 0.241360 -1.734405 2.049359 6.534659
0.058000 0.675420 -0.194576 0.143677 0.019275 0.059864 0.247937 -1.804919 2.095966 6.620351
0.059000 0.675438 -0.194515 0.143928 0.017434 0.061984 0.254600 -1.876085 2.143039 6.704931
0.060000 0.675455 -0.194452 0.144186 0.015522 0.064150 0.261347 -1.947849 2.190580 6.788331
0.061000 0.675469 -0.194387 0.144451 0.013538 0.066365 0.268177 -2.020156 2.238596 6.870480
0.062000 0.675482 -0.194320 0.144722 0.011482 0.068627 0.275088 -2.092965 2.287076 6.951257
0.063000 0.675492 -0.194250 0.145001 0.009353 0.070939 0.282080 -2.166247 2.335986 7.030521
0.064000 0.675500 -0.194178 0.145287 0.007150 0.073299 0.289149 -2.239959 2.385286 7.108188
0.065000 0.675506 -0.194103 0.145579 0.004873 0.075709 0.296296 -2.314040 2.434941 7.184217
0.066000 0.675510 -0.194026 0.145879 0.002521 0.078169 0.303518 -2.388445 2.484906 7.258515
0.067000 0.675511 -0.193947 0.146186 0.000096 0.080679 0.310813 -2.463145 2.535137 7.330943
0.068000 0.675510 -0.193865 0.146501 -0.002405 0.083240 0.318180 -2.538113 2.585609 7.401418
0.069000 0.675507 -0.193780 0.146823 -0.004980 0.085850 0.325616 -2.613310 2.636314 7.469917
0.070000 0.675500 -0.193693 0.147152 -0.007631 0.088512 0.333119 -2.688687 2.687241 7.536414
0.071000 0.675491 -0.193603 0.147489 -0.010358 0.091225 0.340689 -2.764177 2.738375 7.600873
0.072000 0.675480 -0.193511 0.147833 -0.013160 0.093989 0.348321 -2.839701 2.789701 7.663251
0.073000 0.675465 -0.193415 0.148186 -0.016037 0.096804 0.356015 -2.915194 2.841185 7.723435
0.074000 0.675448 -0.193317 0.148545 -0.018990 0.099671 0.363768 -2.990613 2.892784 7.781275
0.075000 0.675427 -0.193216 0.148913 -0.022018 0.102590 0.371578 -3.065911 2.944483 7.836715
0.076000 0.675403 -0.193112 0.149289 -0.025122 0.105560 0.379442 -3.141032 2.996288 7.889790
0.077000 0.675377 -0.193005 0.149672 -0.028301 0.108582 0.387357 -3.215919 3.048195 7.940536
0.078000 0.675347 -0.192895 0.150063 -0.031554 0.111657 0.395323 -3.290509 3.100181 7.989000
0.079000 0.675314 -0.192782 0.150463 -0.034882 0.114783 0.403335 -3.364738 3.152211 8.035225
0.080000 0.675277 -0.192665 0.150870 -0.038283 0.117961 0.411393 -3.438547 3.204234 8.079145
0.081000 0.675237 -0.192546 0.151285 -0.041759 0.121191 0.419494 -3.511891 3.256197 8.120589
0.082000 0.675194 -0.192423 0.151709 -0.045307 0.124473 0.427634 -3.584728 3.308088 8.159426
0.083000 0.675146 -0.192297 0.152141 -0.048928 0.127807 0.435812 -3.657019 3.359931 8.195611
0.084000 0.675096 -0.192167 0.152581 -0.052621 0.131193 0.444025 -3.728726 3.411747 8.229141
0.085000 0.675041 -0.192034 0.153029 -0.056386 0.134631 0.452271 -3.799827 3.463550 8.260098
0.086000 0.674983 -0.191898 0.153485 -0.060221 0.138120 0.460546 -3.870303 3.515355 8.288605
0.087000 0.674921 -0.191758 0.153950 -0.064126 0.141662 0.468848 -3.940121 3.567138 8.314651
0.088000 0.674855 -0.191615 0.154423 -0.068101 0.145255 0.477175 -4.009232 3.618842 8.338099
0.089000 0.674785 -0.191468 0.154904 -0.072145 0.148899 0.485524 -4.077573 3.670438 8.358898
0.090000 0.674710 -0.191317 0.155394 -0.076256 0.152596 0.493893 -4.145076 3.721919 8.377088
0.091000 0.674632 -0.191162 0.155892 -0.080435 0.156343 0.502278 -4.211669 3.773245 8.392599
0.092000 0.674550 -0.191004 0.156398 -0.084680 0.160142 0.510678 -4.277288 3.824349 8.405241
0.093000 0.674463 -0.190842 0.156913 -0.088989 0.163992 0.519089 -4.341875 3.875185 8.414903
0.094000 0.674372 -0.190676 0.157437 -0.093363 0.167892 0.527508 -4.405387 3.925739 8.421594
0.095000 0.674276 -0.190506 0.157968 -0.097800 0.171843 0.535932 -4.467790 3.976002 8.425376
0.096000 0.674176 -0.190333 0.158509 -0.102299 0.175844 0.544358 -4.529076 4.025976 8.426409
0.097000 0.674071 -0.190155 0.159057 -0.106858 0.179895 0.552785 -4.589254 4.075670 8.424904
0.098000 0.673962 -0.189973 0.159614 -0.111477 0.183996 0.561208 -4.648300 4.125044 8.420893
0.099000 0.673848 -0.189787 0.160180 -0.116155 0.188145 0.569627 -4.706159 4.174012 8.414229
0.100000 0.673730 -0.189596 0.160753 -0.120890 0.192344 0.578037 -4.762776 4.222504 8.404858
0.101000 0.673607 -0.189402 0.161336 -0.125680 0.196590 0.586436 -4.818109 4.270482 8.392860
0.102000 0.673479 -0.189203 0.161926 -0.130526 0.200885 0.594822 -4.872119 4.317931 8.378300
0.103000 0.673346 -0.189000 0.162525 -0.135425 0.205226 0.603193 -4.924778 4.364875 8.361220
0.104000 0.673208 -0.188793 0.163133 -0.140375 0.209615 0.611545 -4.976062 4.411362 8.341645
0.105000 0.673065 -0.188581 0.163748 -0.145377 0.214049 0.619876 -5.025922 4.457379 8.319458
0.106000 0.672917 -0.188365 0.164372 -0.150427 0.218529 0.628184 -5.074299 4.502864 8.294488
0.107000 0.672764 -0.188144 0.165005 -0.155525 0.223055 0.636465 -5.121182 4.547795 8.266794
0.108000 0.672606 -0.187919 0.165645 -0.160670 0.227625 0.644717 -5.166602 4.592206 8.236643
0.109000 0.672443 -0.187689 0.166294 -0.165859 0.232239 0.652938 -5.210580 4.636117 8.204264
0.110000 0.672274 -0.187454 0.166951 -0.171091 0.236897 0.661126 -5.253139 4.679528 8.169814
0.111000 0.672100 -0.187215 0.167616 -0.176365 0.241598 0.669278 -5.294290 4.722426 8.133409
0.112000 0.671921 -0.186971 0.168290 -0.181679 0.246342 0.677393 -5.334002 4.764746 8.094971
0.113000 0.671737 -0.186722 0.168971 -0.187033 0.251128 0.685468 -5.372201 4.806404 8.054261
0.114000 0.671547 -0.186469 0.169661 -0.192424 0.255955 0.693501 -5.408844 4.847396 8.011161
0.115000 0.671352 -0.186210 0.170358 -0.197851 0.260822 0.701490 -5.443915 4.887782 7.965680
0.116000 0.671152 -0.185947 0.171064 -0.203312 0.265730 0.709433 -5.477367 4.927552 7.917696
0.117000 0.670946 -0.185679 0.171777 -0.208805 0.270678 0.717326 -5.509135 4.966624 7.867023
0.118000 0.670734 -0.185406 0.172498 -0.214330 0.275664 0.725167 -5.539231 5.004956 7.813738
0.119000 0.670517 -0.185128 0.173227 -0.219884 0.280688 0.732953 -5.567732 5.042566 7.758165
0.120000 0.670294 -0.184844 0.173964 -0.225465 0.285749 0.740683 -5.594691 5.079470 7.700578
0.121000 0.670066 -0.184556 0.174709 -0.231073 0.290846 0.748354 -5.620125 5.115677 7.641166
0.122000 0.669832 -0.184263 0.175461 -0.236706 0.295980 0.755965 -5.644030 5.151191 7.580069
0.123000 0.669593 -0.183964 0.176221 -0.242361 0.301149 0.763514 -5.666345 5.185947 7.517203
0.124000 0.669347 -0.183660 0.176988 -0.248038 0.306352 0.771000 -5.686978 5.219839 7.452297
0.125000 0.669097 -0.183351 0.177763 -0.253735 0.311589 0.778419 -5.705905 5.252837 7.385205
0.126000 0.668840 -0.183037 0.178545 -0.259450 0.316858 0.785770 -5.723171 5.285001 7.315974
0.127000 0.668578 -0.182718 0.179334 -0.265182 0.322159 0.793051 -5.738831 5.316391 7.244728
0.128000 0.668310 -0.182393 0.180131 -0.270928 0.327490 0.800260 -5.752966 5.347077 7.171739
0.129000 0.668036 -0.182063 0.180935 -0.276687 0.332853 0.807394 -5.765668 5.377135 7.097356
0.130000 0.667756 -0.181727 0.181746 -0.282459 0.338245 0.814454 -5.776941 5.406538 7.021655
0.131000 0.667471 -0.181386 0.182564 -0.288241 0.343666 0.821438 -5.786706 5.435163 6.944437
0.132000 0.667180 -0.181040 0.183389 -0.294033 0.349115 0.828343 -5.794932 5.462926 6.865623
0.133000 0.666883 -0.180688 0.184220 -0.299831 0.354592 0.835169 -5.801657 5.489817 6.785335
0.134000 0.666580 -0.180331 0.185059 -0.305636 0.360095 0.841914 -5.806924 5.515855 6.703681
0.135000 0.666272 -0.179968 0.185904 -0.311445 0.365623 0.848576 -5.810785 5.541115 6.620745
0.136000 0.665957 -0.179599 0.186756 -0.317257 0.371177 0.855155 -5.813294 5.565702 6.536599
0.137000 0.665637 -0.179225 0.187614 -0.323072 0.376755 0.861650 -5.814420 5.589608 6.451105
0.138000 0.665311 -0.178846 0.188479 -0.328886 0.382356 0.868058 -5.814075 5.612724 6.364019
0.139000 0.664979 -0.178461 0.189351 -0.334700 0.387980 0.874378 -5.812266 5.635007 6.275381
0.140000 0.664642 -0.178070 0.190228 -0.340511 0.393626 0.880608 -5.809076 5.656491 6.185465
0.141000 0.664298 -0.177673 0.191112 -0.346318 0.399293 0.886749 -5.804501 5.677120 6.094304
0.142000 0.663949 -0.177271 0.192002 -0.352120 0.404980 0.892797 -5.798441 5.696753 6.001659
0.143000 0.663594 -0.176863 0.192897 -0.357915 0.410687 0.898752 -5.790857 5.715324 5.907432
0.144000 0.663233 -0.176450 0.193799 -0.363701 0.416411 0.904612 -5.781798 5.732868 5.811752
0.145000 0.662867 -0.176031 0.194707 -0.369478 0.422152 0.910375 -5.771326 5.749429 5.714738
0.146000 0.662494 -0.175606 0.195620 -0.375244 0.427910 0.916041 -5.759526 5.765080 5.616505
0.147000 0.662116 -0.175175 0.196539 -0.380997 0.433683 0.921608 -5.746497 5.779900 5.517163
0.148000 0.661732 -0.174738 0.197463 -0.386737 0.439470 0.927076 -5.732225 5.793853 5.416589
0.149000 0.661343 -0.174296 0.198393 -0.392462 0.445270 0.932442 -5.716612 5.806798 5.314512
0.150000 0.660947 -0.173848 0.199328 -0.398170 0.451083 0.937705 -5.699656 5.818684 5.210943
0.151000 0.660546 -0.173394 0.200268 -0.403861 0.456908 0.942863 -5.681473 5.829573 5.106178
0.152000 0.660140 -0.172934 0.201214 -0.409533 0.462742 0.947917 -5.662171 5.839513 5.000484
0.153000 0.659727 -0.172468 0.202164 -0.415186 0.468587 0.952864 -5.641855 5.848528 4.894076
0.154000 0.659309 -0.171997 0.203119 -0.420817 0.474439 0.957705 -5.620621 5.856631 4.787141
0.155000 0.658886 -0.171519 0.204079 -0.426427 0.480300 0.962439 -5.598443 5.863724 4.679589
0.156000 0.658456 -0.171036 0.205044 -0.432014 0.486167 0.967064 -5.575195 5.869646 4.571106
0.157000 0.658022 -0.170547 0.206014 -0.437577 0.492039 0.971581 -5.550838 5.874381 4.461570
0.158000 0.657581 -0.170052 0.206987 -0.443116 0.497916 0.975987 -5.525425 5.878032 4.351056
0.159000 0.657135 -0.169551 0.207966 -0.448628 0.503795 0.980283 -5.498910 5.880578 4.239439
0.160000 0.656684 -0.169044 0.208948 -0.454113 0.509677 0.984466 -5.471167 5.881877 4.126429
0.161000 0.656227 -0.168532 0.209935 -0.459570 0.515559 0.988536 -5.442185 5.881898 4.012011
0.162000 0.655765 -0.168013 0.210925 -0.464998 0.521441 0.992490 -5.412091 5.880745 3.896472
0.163000 0.655297 -0.167489 0.211920 -0.470395 0.527320 0.996329 -5.381004 5.878500 3.780073
0.164000 0.654824 -0.166959 0.212918 -0.475760 0.533198 1.000051 -5.349041 5.875206 3.663044
0.165000 0.654346 -0.166423 0.213920 -0.481093 0.539071 1.003655 -5.316312 5.870886 3.545594
0.166000 0.653862 -0.165881 0.214925 -0.486392 0.544939 1.007142 -5.282786 5.865434 3.427640
0.167000 0.653373 -0.165333 0.215934 -0.491658 0.550802 1.010510 -5.248329 5.858678 3.308856
0.168000 0.652879 -0.164779 0.216946 -0.496889 0.556657 1.013759 -5.212925 5.850620 3.189104
0.169000 0.652379 -0.164219 0.217961 -0.502084 0.562503 1.016888 -5.176701 5.841433 3.068514
0.170000 0.651874 -0.163654 0.218980 -0.507242 0.568340 1.019896 -5.139788 5.831275 2.947253
0.171000 0.651365 -0.163083 0.220001 -0.512364 0.574166 1.022783 -5.102326 5.820284 2.825564
0.172000 0.650850 -0.162506 0.221025 -0.517447 0.579980 1.025548 -5.064459 5.808583 2.703727
0.173000 0.650330 -0.161923 0.222052 -0.522493 0.585783 1.028190 -5.026174 5.796123 2.581721
0.174000 0.649805 -0.161334 0.223082 -0.527499 0.591572 1.030711 -4.987331 5.782703 2.459257
0.175000 0.649275 -0.160740 0.224114 -0.532467 0.597348 1.033109 -4.947910 5.768214 2.336261
0.176000 0.648740 -0.160139 0.225148 -0.537395 0.603109 1.035384 -4.908035 5.752693 2.212939
0.177000 0.648200 -0.159533 0.226184 -0.542283 0.608854 1.037535 -4.867829 5.736213 2.089487
0.178000 0.647655 -0.158922 0.227223 -0.547131 0.614581 1.039563 -4.827406 5.718917 1.966082
0.179000 0.647106 -0.158304 0.228264 -0.551938 0.620291 1.041467 -4.786880 5.700985 1.842893
0.180000 0.646551 -0.157681 0.229306 -0.556705 0.625983 1.043248 -4.746207 5.682415 1.719808
0.181000 0.645992 -0.157052 0.230350 -0.561431 0.631656 1.044907 -4.705222 5.663048 1.596515
0.182000 0.645428 -0.156418 0.231396 -0.566115 0.637309 1.046441 -4.663897 5.642869 1.472971
0.183000 0.644860 -0.155778 0.232443 -0.570758 0.642942 1.047852 -4.622360 5.622040 1.349437
0.184000 0.644287 -0.155132 0.233492 -0.575360 0.648553 1.049140 -4.580735 5.600692 1.226159
0.185000 0.643709 -0.154481 0.234541 -0.579920 0.654143 1.050305 -4.539141 5.578903 1.103347
0.186000 0.643127 -0.153824 0.235592 -0.584438 0.659711 1.051347 -4.497695 5.556723 0.981197
0.187000 0.642540 -0.153161 0.236644 -0.588915 0.665257 1.052267 -4.456346 5.534036 0.859606
0.188000 0.641949 -0.152493 0.237697 -0.593351 0.670779 1.053066 -4.414922 5.510637 0.738233
0.189000 0.641354 -0.151820 0.238750 -0.597745 0.676278 1.053744 -4.373388 5.486516 0.616953
0.190000 0.640754 -0.151141 0.239804 -0.602098 0.681752 1.054300 -4.331844 5.461836 0.495859
0.191000 0.640149 -0.150456 0.240859 -0.606409 0.687202 1.054735 -4.290249 5.436585 0.374829
0.192000 0.639541 -0.149766 0.241914 -0.610678 0.692625 1.055050 -4.248423 5.410587 0.253537
0.193000 0.638928 -0.149071 0.242969 -0.614906 0.698023 1.055242 -4.206317 5.383822 0.131929
0.194000 0.638311 -0.148370 0.244024 -0.619091 0.703393 1.055314 -4.164048 5.356465 0.010258
0.195000 0.637690 -0.147664 0.245079 -0.623234 0.708736 1.055263 -4.121739 5.328657 -0.111251
0.196000 0.637065 -0.146953 0.246135 -0.627334 0.714050 1.055091 -4.079525 5.300492 -0.232419
0.197000 0.636435 -0.146236 0.247190 -0.631393 0.719337 1.054798 -4.037543 5.272030 -0.353090
0.198000 0.635802 -0.145514 0.248244 -0.635409 0.724595 1.054385 -3.995752 5.243154 -0.473393
0.199000 0.635164 -0.144787 0.249298 -0.639384 0.729823 1.053851 -3.953963 5.213637 -0.593673
0.200000 0.634523 -0.144054 0.250352 -0.643317 0.735022 1.053198 -3.912125 5.183472 -0.714034
0.201000 0.633878 -0.143317 0.251405 -0.647208 0.740190 1.052423 -3.870363 5.152869 -0.834286
0.202000 0.633229 -0.142574 0.252457 -0.651058 0.745328 1.051529 -3.828798 5.122028 -0.954220
0.203000 0.632576 -0.141826 0.253508 -0.654866 0.750434 1.050515 -3.787547 5.091128 -1.073596
0.204000 0.631919 -0.141073 0.254558 -0.658633 0.755510 1.049382 -3.746722 5.060333 -1.192159
0.205000 0.631258 -0.140315 0.255607 -0.662359 0.760555 1.048131 -3.706257 5.029588 -1.309957
0.206000 0.630594 -0.139552 0.256654 -0.666046 0.765569 1.046762 -3.665947 4.998642 -1.427321
0.207000 0.629926 -0.138784 0.257700 -0.669691 0.770552 1.045276 -3.625741 4.967381 -1.544394
0.208000 0.629255 -0.138011 0.258745 -0.673297 0.775504 1.043673 -3.585774 4.935884 -1.661051
0.209000 0.628580 -0.137233 0.259787 -0.676863 0.780424 1.041954 -3.546175 4.904260 -1.777158
0.210000 0.627901 -0.136450 0.260829 -0.680389 0.785312 1.040119 -3.507074 4.872672 -1.892563
0.211000 0.627219 -0.135662 0.261868 -0.683877 0.790169 1.038169 -3.468592 4.841316 -2.007105
0.212000 0.626533 -0.134870 0.262905 -0.687327 0.794995 1.036105 -3.430665 4.810158 -2.120895
0.213000 0.625844 -0.134072 0.263940 -0.690738 0.799789 1.033927 -3.393071 4.778976 -2.234252
0.214000 0.625152 -0.133270 0.264973 -0.694113 0.804553 1.031636 -3.355739 4.747727 -2.347234
0.215000 0.624456 -0.132463 0.266003 -0.697450 0.809285 1.029232 -3.318779 4.716587 -2.459606
0.216000 0.623757 -0.131651 0.267031 -0.700750 0.813986 1.026717 -3.282297 4.685692 -2.571164
0.217000 0.623055 -0.130835 0.268057 -0.704014 0.818656 1.024090 -3.246399 4.655114 -2.681763
0.218000 0.622349 -0.130014 0.269079 -0.707243 0.823296 1.021353 -3.211185 4.624883 -2.791287
0.219000 0.621640 -0.129189 0.270099 -0.710437 0.827906 1.018507 -3.176567 4.594836 -2.899889
0.220000 0.620928 -0.128358 0.271116 -0.713596 0.832486 1.015553 -3.142313 4.564699 -3.007921
0.221000 0.620213 -0.127524 0.272130 -0.716721 0.837035 1.012492 -3.108354 4.534440 -3.115505
0.222000 0.619495 -0.126684 0.273141 -0.719813 0.841555 1.009322 -3.074775 4.504232 -3.222542
0.223000 0.618773 -0.125840 0.274149 -0.722871 0.846044 1.006047 -3.041500 4.474045 -3.329142
0.224000 0.618049 -0.124992 0.275153 -0.725896 0.850503 1.002664 -3.008296 4.443637 -3.435615
0.225000 0.617322 -0.124139 0.276154 -0.728888 0.854931 0.999175 -2.975082 4.412944 -3.542018
0.226000 0.616591 -0.123282 0.277152 -0.731846 0.859329 0.995580 -2.941972 4.382128 -3.648120
0.227000 0.615858 -0.122421 0.278146 -0.734772 0.863695 0.991879 -2.909085 4.351313 -3.753719
0.228000 0.615122 -0.121555 0.279136 -0.737664 0.868031 0.988073 -2.876554 4.320556 -3.858674
0.229000 0.614382 -0.120685 0.280122 -0.740525 0.872337 0.984162 -2.844515 4.289876 -3.962871
0.230000 0.613641 -0.119810 0.281104 -0.743353 0.876611 0.980147 -2.812901 4.259090 -4.066452
0.231000 0.612896 -0.118932 0.282082 -0.746150 0.880855 0.976029 -2.781479 4.227894 -4.169754
0.232000 0.612148 -0.118049 0.283056 -0.748916 0.885067 0.971807 -2.750175 4.196239 -4.272887
0.233000 0.611398 -0.117161 0.284026 -0.751651 0.889247 0.967483 -2.719117 4.164334 -4.375694
0.234000 0.610645 -0.116270 0.284991 -0.754354 0.893396 0.963056 -2.688418 4.132373 -4.478002
0.235000 0.609889 -0.115375 0.285952 -0.757028 0.897512 0.958527 -2.658177 4.100536 -4.579619
0.236000 0.609131 -0.114475 0.286908 -0.759671 0.901597 0.953897 -2.628480 4.068984 -4.680343
0.237000 0.608370 -0.113571 0.287860 -0.762285 0.905650 0.949166 -2.599214 4.037625 -4.780238
0.238000 0.607606 -0.112664 0.288806 -0.764869 0.909672 0.944336 -2.570117 4.006141 -4.879611
0.239000 0.606840 -0.111752 0.289748 -0.767425 0.913662 0.939407 -2.541097 3.974357 -4.978590
0.240000 0.606071 -0.110836 0.290685 -0.769951 0.917621 0.934379 -2.512265 3.942324 -5.077059
0.241000 0.605300 -0.109917 0.291617 -0.772449 0.921547 0.929253 -2.483739 3.910139 -5.174894
0.242000 0.604527 -0.108993 0.292544 -0.774919 0.925441 0.924029 -2.455649 3.877986 -5.271969
0.243000 0.603750 -0.108066 0.293465 -0.777361 0.929303 0.918709 -2.428133 3.846099 -5.368152
0.244000 0.602972 -0.107135 0.294381 -0.779775 0.933133 0.913293 -2.401111 3.814438 -5.463550
0.245000 0.602191 -0.106200 0.295292 -0.782163 0.936932 0.907782 -2.374326 3.782731 -5.558455
0.246000 0.601408 -0.105261 0.296197 -0.784524 0.940699 0.902176 -2.347671 3.750884 -5.652938
0.247000 0.600622 -0.104318 0.297096 -0.786858 0.944434 0.896476 -2.321198 3.719003 -5.746863
0.248000 0.599834 -0.103372 0.297990 -0.789166 0.948137 0.890682 -2.294797 3.686980 -5.840293
0.249000 0.599043 -0.102422 0.298877 -0.791448 0.951807 0.884796 -2.268210 3.654474 -5.933508
0.250000 0.598251 -0.101468 0.299759 -0.793703 0.955446 0.878815 -2.241372 3.621298 -6.026607
0.251000 0.597456 -0.100511 0.300635 -0.795931 0.959050 0.872742 -2.214435 3.587498 -6.119451
0.252000 0.596659 -0.099550 0.301505 -0.798132 0.962621 0.866577 -2.187544 3.553164 -6.211894
0.253000 0.595860 -0.098586 0.302368 -0.800306 0.966156 0.860319 -2.160823 3.518477 -6.303783
0.254000 0.595058 -0.097618 0.303225 -0.802453 0.969657 0.853969 -2.134388 3.483666 -6.394963
0.255000 0.594255 -0.096647 0.304076 -0.804574 0.973124 0.847529 -2.108137 3.448682 -6.485507
0.256000 0.593449 -0.095672 0.304920 -0.806669 0.976555 0.840998 -2.081798 3.413242 -6.575684
0.257000 0.592642 -0.094693 0.305758 -0.808738 0.979950 0.834377 -2.055264 3.377267 -6.665580
0.258000 0.591832 -0.093712 0.306589 -0.810780 0.983309 0.827667 -2.028644 3.340941 -6.755051
0.259000 0.591020 -0.092727 0.307413 -0.812795 0.986632 0.820867 -2.002051 3.304407 -6.843952
0.260000 0.590206 -0.091739 0.308231 -0.814784 0.989918 0.813979 -1.975611 3.267746 -6.932148
0.261000 0.589390 -0.090747 0.309041 -0.816747 0.993168 0.807003 -1.949458 3.231001 -7.019506
0.262000 0.588573 -0.089752 0.309845 -0.818683 0.996380 0.799940 -1.923504 3.193980 -7.106109
0.263000 0.587753 -0.088754 0.310641 -0.820594 0.999556 0.792791 -1.897481 3.156354 -7.192210
0.264000 0.586932 -0.087753 0.311430 -0.822478 1.002693 0.785555 -1.871300 3.118092 -7.277877
0.265000 0.586108 -0.086749 0.312212 -0.824336 1.005792 0.778235 -1.845086 3.079464 -7.362955
0.266000 0.585283 -0.085742 0.312987 -0.826168 1.008852 0.770830 -1.818965 3.040720 -7.447297
0.267000 0.584456 -0.084731 0.313754 -0.827974 1.011873 0.763340 -1.793061 3.002077 -7.530782
0.268000 0.583627 -0.083718 0.314514 -0.829754 1.014856 0.755768 -1.767496 2.963731 -7.613297
0.269000 0.582796 -0.082701 0.315266 -0.831509 1.017801 0.748114 -1.742170 2.925585 -7.694931
0.270000 0.581964 -0.081682 0.316010 -0.833239 1.020707 0.740378 -1.716802 2.887281 -7.775925
0.271000 0.581130 -0.080660 0.316746 -0.834943 1.023575 0.732562 -1.691291 2.848622 -7.856354
0.272000 0.580294 -0.079635 0.317475 -0.836621 1.026404 0.724665 -1.665705 2.809596 -7.936118
0.273000 0.579457 -0.078607 0.318196 -0.838274 1.029194 0.716690 -1.639941 2.770007 -8.015276
0.274000 0.578617 -0.077577 0.318908 -0.839901 1.031944 0.708635 -1.613722 2.729514 -8.094039
0.275000 0.577777 -0.076543 0.319613 -0.841502 1.034653 0.700502 -1.586963 2.688082 -8.172449
0.276000 0.576934 -0.075507 0.320309 -0.843075 1.037321 0.692290 -1.559809 2.645984 -8.250341
0.277000 0.576091 -0.074469 0.320997 -0.844621 1.039945 0.684001 -1.532402 2.603475 -8.327556
0.278000 0.575245 -0.073427 0.321677 -0.846140 1.042528 0.675635 -1.504883 2.560777 -8.403959
0.279000 0.574398 -0.072384 0.322349 -0.847631 1.045067 0.667193 -1.477392 2.518093 -8.479424
0.280000 0.573550 -0.071337 0.323012 -0.849095 1.047564 0.658676 -1.449839 2.475323 -8.554010
0.281000 0.572700 -0.070289 0.323666 -0.850531 1.050018 0.650085 -1.421947 2.432100 -8.627935
0.282000 0.571849 -0.069237 0.324312 -0.851938 1.052428 0.641420 -1.393622 2.388225 -8.701289
0.283000 0.570996 -0.068184 0.324949 -0.853318 1.054794 0.632682 -1.364998 2.343755 -8.773987
0.284000 0.570142 -0.067128 0.325577 -0.854668 1.057115 0.623872 -1.336196 2.298807 -8.845924
0.285000 0.569287 -0.066069 0.326197 -0.855990 1.059392 0.614990 -1.307323 2.253601 -8.916975
0.286000 0.568430 -0.065009 0.326807 -0.857283 1.061623 0.606038 -1.278474 2.208413 -8.986994
0.287000 0.567572 -0.063946 0.327409 -0.858547 1.063808 0.597016 -1.249526 2.163214 -9.056010
0.288000 0.566713 -0.062881 0.328001 -0.859782 1.065949 0.587926 -1.220193 2.117702 -9.124199
0.289000 0.565853 -0.061814 0.328585 -0.860988 1.068044 0.578768 -1.190396 2.071794 -9.191621
0.290000 0.564991 -0.060745 0.329159 -0.862163 1.070093 0.569543 -1.160293 2.025693 -9.258167
0.291000 0.564128 -0.059674 0.329724 -0.863308 1.072095 0.560252 -1.130035 1.979566 -9.323740
0.292000 0.563265 -0.058601 0.330279 -0.864423 1.074052 0.550895 -1.099754 1.933515 -9.388263
0.293000 0.562400 -0.057526 0.330825 -0.865508 1.075962 0.541475 -1.069574 1.887610 -9.451667
0.294000 0.561534 -0.056449 0.331362 -0.866562 1.077827 0.531992 -1.039387 1.841656 -9.514020
0.295000 0.560667 -0.055370 0.331889 -0.867586 1.079646 0.522447 -1.008899 1.795309 -9.575488
0.296000 0.559798 -0.054290 0.332407 -0.868580 1.081418 0.512841 -0.977999 1.748539 -9.636098
0.297000 0.558929 -0.053207 0.332915 -0.869542 1.083143 0.503175 -0.946761 1.701583 -9.695742
0.298000 0.558059 -0.052124 0.333413 -0.870474 1.084821 0.493450 -0.915071 1.654419 -9.754428
0.299000 0.557188 -0.051038 0.333902 -0.871373 1.086452 0.483666 -0.882645 1.606743 -9.812296
0.300000 0.556317 -0.049951 0.334381 -0.872239 1.088034 0.473825 -0.849392 1.558480 -9.869383
0.301000 0.555444 -0.048862 0.334850 -0.873071 1.089568 0.463927 -0.815462 1.509848 -9.925589
0.302000 0.554570 -0.047771 0.335309 -0.873870 1.091054 0.453974 -0.781005 1.461019 -9.980818
0.303000 0.553696 -0.046680 0.335758 -0.874633 1.092491 0.443966 -0.746168 1.412088 -10.034999
0.304000 0.552821 -0.045586 0.336197 -0.875362 1.093878 0.433904 -0.711100 1.363106 -10.088066
0.305000 0.551945 -0.044492 0.336625 -0.876056 1.095217 0.423790 -0.675708 1.313864 -10.140063
0.306000 0.551069 -0.043396 0.337044 -0.876713 1.096506 0.413624 -0.639711 1.264010 -10.191114
0.307000 0.550192 -0.042299 0.337453 -0.877335 1.097745 0.403407 -0.603017 1.213523 -10.241219
0.308000 0.549314 -0.041201 0.337851 -0.877920 1.098933 0.393141 -0.565769 1.162720 -10.290247
0.309000 0.548436 -0.040101 0.338239 -0.878467 1.100070 0.382827 -0.528112 1.111893 -10.338082
0.310000 0.547557 -0.039000 0.338617 -0.878976 1.101157 0.372465 -0.490189 1.061285 -10.384642
0.311000 0.546678 -0.037899 0.338984 -0.879447 1.102193 0.362058 -0.452145 1.011115 -10.429862
0.312000 0.545799 -0.036796 0.339341 -0.879880 1.103179 0.351605 -0.413882 0.961280 -10.473776
0.313000 0.544918 -0.035692 0.339687 -0.880275 1.104115 0.341110 -0.375117 0.911399 -10.516497
0.314000 0.544038 -0.034588 0.340023 -0.880630 1.105002 0.330572 -0.335751 0.861275 -10.558061
0.315000 0.543157 -0.033482 0.340348 -0.880946 1.105838 0.319994 -0.295927 0.810985 -10.598403
0.316000 0.542276 -0.032376 0.340663 -0.881222 1.106624 0.309376 -0.255785 0.760664 -10.637448
0.317000 0.541395 -0.031269 0.340967 -0.881458 1.107359 0.298719 -0.215466 0.710556 -10.675109
0.318000 0.540513 -0.030161 0.341260 -0.881653 1.108045 0.288025 -0.175110 0.660963 -10.711290
0.319000 0.539631 -0.029053 0.341543 -0.881808 1.108681 0.277296 -0.134622 0.611859 -10.745983
0.320000 0.538750 -0.027944 0.341815 -0.881922 1.109269 0.266533 -0.093723 0.562930 -10.779269
0.321000 0.537868 -0.026834 0.342076 -0.881995 1.109807 0.255738 -0.052341 0.514079 -10.811191
0.322000 0.536986 -0.025724 0.342326 -0.882027 1.110297 0.244911 -0.010650 0.465504 -10.841718
0.323000 0.536104 -0.024614 0.342566 -0.882017 1.110738 0.234054 0.031185 0.417365 -10.870808
0.324000 0.535222 -0.023503 0.342795 -0.881965 1.111131 0.223169 0.073013 0.369765 -10.898408
0.325000 0.534340 -0.022392 0.343012 -0.881871 1.111478 0.212258 0.114693 0.322769 -10.924457
0.326000 0.533458 -0.021280 0.343219 -0.881735 1.111777 0.201321 0.156323 0.276177 -10.948950
0.327000 0.532576 -0.020168 0.343415 -0.881558 1.112030 0.190360 0.198191 0.229629 -10.971937
0.328000 0.531695 -0.019056 0.343600 -0.881339 1.112236 0.179377 0.240394 0.183091 -10.993415
0.329000 0.530813 -0.017944 0.343774 -0.881077 1.112396 0.168373 0.282790 0.136867 -11.013318
0.330000 0.529933 -0.016831 0.343937 -0.880773 1.112510 0.157350 0.325216 0.091246 -11.031588
0.331000 0.529052 -0.015719 0.344088 -0.880427 1.112579 0.146310 0.367482 0.046483 -11.048183
0.332000 0.528172 -0.014606 0.344229 -0.880038 1.112603 0.135254 0.409377 0.002819 -11.063070
0.333000 0.527292 -0.013493 0.344359 -0.879608 1.112584 0.124184 0.450947 -0.039835 -11.076253
0.334000 0.526412 -0.012381 0.344478 -0.879136 1.112523 0.113101 0.492458 -0.081869 -11.087777
0.335000 0.525534 -0.011268 0.344585 -0.878623 1.112420 0.102008 0.534002 -0.123514 -11.097673
0.336000 0.524655 -0.010156 0.344682 -0.878068 1.112276 0.090906 0.575484 -0.164800 -11.105944
0.337000 0.523777 -0.009044 0.344767 -0.877472 1.112091 0.079796 0.617000 -0.205956 -11.112602
0.338000 0.522900 -0.007932 0.344841 -0.876834 1.111864 0.068681 0.658844 -0.247350 -11.117669
0.339000 0.522024 -0.006820 0.344904 -0.876154 1.111596 0.057561 0.701136 -0.289019 -11.121135
0.340000 0.521148 -0.005709 0.344956 -0.875432 1.111286 0.046438 0.743763 -0.330659 -11.122959
0.341000 0.520273 -0.004597 0.344997 -0.874667 1.110935 0.035315 0.786593 -0.371981 -11.123104
0.342000 0.519399 -0.003487 0.345027 -0.873859 1.110542 0.024192 0.829465 -0.412726 -11.121555
0.343000 0.518525 -0.002376 0.345046 -0.873008 1.110109 0.013072 0.872199 -0.452652 -11.118300
0.344000 0.517653 -0.001267 0.345053 -0.872115 1.109637 0.001956 0.914859 -0.491847 -11.113334
0.345000 0.516781 -0.000157 0.345049 -0.871178 1.109126 -0.009155 0.957715 -0.530698 -11.106665
0.346000 0.515910 0.000952 0.345035 -0.870199 1.108576 -0.020258 1.000852 -0.569433 -11.098313
0.347000 0.515041 0.002060 0.345009 -0.869177 1.107987 -0.031351 1.044120 -0.608012 -11.088297
0.348000 0.514172 0.003168 0.344972 -0.868111 1.107360 -0.042434 1.087367 -0.646328 -11.076618
0.349000 0.513304 0.004275 0.344924 -0.867002 1.106694 -0.053505 1.130441 -0.684149 -11.063250
0.350000 0.512438 0.005381 0.344865 -0.865850 1.105991 -0.064561 1.173186 -0.721176 -11.048149
0.351000 0.511573 0.006487 0.344795 -0.864656 1.105252 -0.075601 1.215684 -0.757431 -11.031263
0.352000 0.510709 0.007592 0.344714 -0.863419 1.104476 -0.086623 1.258197 -0.793227 -11.012566
0.353000 0.509846 0.008696 0.344622 -0.862139 1.103665 -0.097626 1.300780 -0.828658 -10.992079
0.354000 0.508984 0.009799 0.344519 -0.860817 1.102819 -0.108608 1.343288 -0.863574 -10.969849
0.355000 0.508124 0.010901 0.344404 -0.859453 1.101938 -0.119566 1.385775 -0.898080 -10.945886
0.356000 0.507265 0.012003 0.344279 -0.858045 1.101023 -0.130499 1.428509 -0.932568 -10.920170
0.357000 0.506408 0.013103 0.344143 -0.856596 1.100073 -0.141406 1.471588 -0.967259 -10.892714
0.358000 0.505552 0.014203 0.343997 -0.855102 1.099088 -0.152285 1.514885 -1.002108 -10.863562
0.359000 0.504698 0.015302 0.343839 -0.853566 1.098069 -0.163133 1.558270 -1.037008 -10.832739
0.360000 0.503845 0.016399 0.343670 -0.851986 1.097014 -0.173950 1.601612 -1.071744 -10.800245
0.361000 0.502994 0.017496 0.343491 -0.850363 1.095925 -0.184734 1.644778 -1.106042 -10.766060
0.362000 0.502144 0.018591 0.343301 -0.848696 1.094802 -0.195482 1.687862 -1.139941 -10.730124
0.363000 0.501297 0.019685 0.343100 -0.846987 1.093645 -0.206194 1.731131 -1.173753 -10.692376
0.364000 0.500450 0.020778 0.342888 -0.845234 1.092455 -0.216867 1.774651 -1.207563 -10.652830
0.365000 0.499606 0.021870 0.342666 -0.843438 1.091230 -0.227500 1.818249 -1.241160 -10.611566
0.366000 0.498764 0.022961 0.342433 -0.841597 1.089972 -0.238090 1.861758 -1.274385 -10.568652
0.367000 0.497923 0.024050 0.342190 -0.839714 1.088682 -0.248637 1.905025 -1.307168 -10.524148
0.368000 0.497084 0.025138 0.341936 -0.837787 1.087358 -0.259139 1.947905 -1.339491 -10.478101
0.369000 0.496247 0.026225 0.341672 -0.835818 1.086003 -0.269593 1.990483 -1.371586 -10.430483
0.370000 0.495412 0.027310 0.341397 -0.833806 1.084615 -0.279999 2.033033 -1.403829 -10.381198
0.371000 0.494580 0.028394 0.341112 -0.831752 1.083195 -0.290356 2.075660 -1.436282 -10.330196
0.372000 0.493749 0.029476 0.340816 -0.829655 1.081742 -0.300660 2.118246 -1.468684 -10.277492
0.373000 0.492920 0.030557 0.340511 -0.827516 1.080258 -0.310911 2.160662 -1.500778 -10.223124
0.374000 0.492094 0.031637 0.340195 -0.825334 1.078741 -0.321106 2.202762 -1.532324 -10.167181
0.375000 0.491270 0.032715 0.339868 -0.823110 1.077193 -0.331245 2.244389 -1.563086 -10.109778
0.376000 0.490448 0.033791 0.339532 -0.820845 1.075615 -0.341326 2.285615 -1.593148 -10.050922
0.377000 0.489628 0.034866 0.339186 -0.818539 1.074007 -0.351347 2.326699 -1.622896 -9.990530
0.378000 0.488811 0.035939 0.338829 -0.816192 1.072369 -0.361307 2.367733 -1.652577 -9.928592
0.379000 0.487996 0.037011 0.338463 -0.813803 1.070701 -0.371204 2.408628 -1.682250 -9.865168
0.380000 0.487183 0.038081 0.338087 -0.811374 1.069004 -0.381037 2.449474 -1.712159 -9.800226
0.381000 0.486373 0.039149 0.337701 -0.808904 1.067277 -0.390804 2.490542 -1.742672 -9.733634
0.382000 0.485565 0.040215 0.337305 -0.806393 1.065519 -0.400504 2.531941 -1.773837 -9.665317
0.383000 0.484760 0.041280 0.336900 -0.803841 1.063729 -0.410135 2.573563 -1.805377 -9.595292
0.384000 0.483958 0.042343 0.336485 -0.801246 1.061908 -0.419695 2.615289 -1.837028 -9.523605
0.385000 0.483158 0.043404 0.336061 -0.798610 1.060055 -0.429182 2.656985 -1.868558 -9.450374
0.386000 0.482360 0.044463 0.335627 -0.795932 1.058171 -0.438596 2.698504 -1.899747 -9.375747
0.387000 0.481566 0.045520 0.335183 -0.793213 1.056256 -0.447934 2.739917 -1.930688 -9.299733
0.388000 0.480774 0.046575 0.334731 -0.790452 1.054310 -0.457195 2.781478 -1.961768 -9.222206
0.389000 0.479985 0.047629 0.334269 -0.787650 1.052332 -0.466378 2.823278 -1.993242 -9.143110
0.390000 0.479199 0.048680 0.333798 -0.784806 1.050323 -0.475481 2.865194 -2.025124 -9.062492
0.391000 0.478415 0.049729 0.333318 -0.781920 1.048282 -0.484503 2.907111 -2.057357 -8.980395
0.392000 0.477635 0.050777 0.332829 -0.778992 1.046209 -0.493442 2.948925 -2.089761 -8.896851
0.393000 0.476857 0.051822 0.332331 -0.776022 1.044103 -0.502297 2.990537 -2.122085 -8.811881
0.394000 0.476083 0.052865 0.331824 -0.773011 1.041964 -0.511066 3.032053 -2.154373 -8.725393
0.395000 0.475311 0.053906 0.331309 -0.769958 1.039794 -0.519748 3.073726 -2.186939 -8.637240
0.396000 0.474543 0.054944 0.330785 -0.766863 1.037591 -0.528340 3.115630 -2.219893 -8.547452
0.397000 0.473777 0.055981 0.330252 -0.763726 1.035354 -0.536843 3.157626 -2.253079 -8.456227
0.398000 0.473015 0.057015 0.329711 -0.760548 1.033084 -0.545253 3.199587 -2.286380 -8.363731
0.399000 0.472256 0.058047 0.329162 -0.757327 1.030781 -0.553570 3.241415 -2.319754 -8.270073
0.400000 0.471501 0.059077 0.328604 -0.754065 1.028445 -0.561793 3.282987 -2.353138 -8.175358
0.401000 0.470748 0.060104 0.328038 -0.750761 1.026075 -0.569921 3.324217 -2.386466 -8.079650
0.402000 0.469999 0.061129 0.327464 -0.747417 1.023672 -0.577952 3.365017 -2.419560 -7.983005
0.403000 0.469253 0.062151 0.326882 -0.744031 1.021236 -0.585887 3.405298 -2.452182 -7.885469
0.404000 0.468511 0.063171 0.326293 -0.740606 1.018768 -0.593723 3.445158 -2.484383 -7.786946
0.405000 0.467772 0.064189 0.325695 -0.737141 1.016267 -0.601461 3.484841 -2.516471 -7.687259
0.406000 0.467037 0.065204 0.325090 -0.733636 1.013735 -0.609098 3.524415 -2.548564 -7.586417
0.407000 0.466305 0.066216 0.324477 -0.730092 1.011170 -0.616633 3.563744 -2.580516 -7.484610
0.408000 0.465577 0.067226 0.323856 -0.726509 1.008574 -0.624067 3.602693 -2.612212 -7.382006
0.409000 0.464852 0.068233 0.323229 -0.722887 1.005946 -0.631397 3.641142 -2.643595 -7.278737
0.410000 0.464131 0.069238 0.322594 -0.719226 1.003286 -0.638624 3.678973 -2.674641 -7.174906
0.411000 0.463413 0.070240 0.321951 -0.715529 1.000596 -0.645747 3.716267 -2.705559 -7.070436
0.412000 0.462700 0.071239 0.321302 -0.711794 0.997875 -0.652765 3.753262 -2.736704 -6.965090
0.413000 0.461990 0.072236 0.320646 -0.708022 0.995123 -0.659677 3.790055 -2.768160 -6.858726
0.414000 0.461284 0.073230 0.319983 -0.704214 0.992339 -0.666483 3.826553 -2.799724 -6.751361
0.415000 0.460581 0.074220 0.319313 -0.700369 0.989523 -0.673180 3.862670 -2.831207 -6.643061
0.416000 0.459883 0.075209 0.318636 -0.696489 0.986677 -0.679769 3.898331 -2.862447 -6.533994
0.417000 0.459188 0.076194 0.317953 -0.692572 0.983799 -0.686248 3.933426 -2.893251 -6.424420
0.418000 0.458498 0.077176 0.317264 -0.688622 0.980890 -0.692618 3.967874 -2.923502 -6.314534
0.419000 0.457811 0.078156 0.316568 -0.684637 0.977952 -0.698877 4.001573 -2.953128 -6.204480
0.420000 0.457129 0.079132 0.315866 -0.680619 0.974984 -0.705027 4.034408 -2.982079 -6.094370
0.421000 0.456450 0.080106 0.315158 -0.676568 0.971987 -0.711066 4.066448 -3.010539 -5.984115
0.422000 0.455775 0.081076 0.314444 -0.672486 0.968963 -0.716995 4.097916 -3.038857 -5.873441
0.423000 0.455105 0.082043 0.313724 -0.668372 0.965910 -0.722813 4.128897 -3.067138 -5.762176
0.424000 0.454439 0.083008 0.312998 -0.664228 0.962828 -0.728519 4.159297 -3.095224 -5.650309
0.425000 0.453777 0.083969 0.312267 -0.660053 0.959719 -0.734113 4.189037 -3.122968 -5.537893
0.426000 0.453119 0.084927 0.311530 -0.655850 0.956583 -0.739595 4.218064 -3.150252 -5.425098
0.427000 0.452465 0.085882 0.310788 -0.651617 0.953419 -0.744964 4.246301 -3.176922 -5.312193
0.428000 0.451815 0.086834 0.310040 -0.647357 0.950229 -0.750219 4.273687 -3.202884 -5.199380
0.429000 0.451170 0.087783 0.309287 -0.643070 0.947013 -0.755362 4.300126 -3.228058 -5.086791
0.430000 0.450529 0.088728 0.308529 -0.638757 0.943773 -0.760393 4.325500 -3.252365 -4.974520
0.431000 0.449893 0.089670 0.307767 -0.634419 0.940508 -0.765311 4.349866 -3.275965 -4.862451
0.432000 0.449260 0.090609 0.306999 -0.630057 0.937221 -0.770118 4.373437 -3.299194 -4.750289
0.433000 0.448633 0.091545 0.306226 -0.625672 0.933910 -0.774812 4.396308 -3.322179 -4.637862
0.434000 0.448009 0.092477 0.305449 -0.621265 0.930576 -0.779394 4.418415 -3.344799 -4.525179
0.435000 0.447390 0.093406 0.304668 -0.616835 0.927220 -0.783862 4.439698 -3.366925 -4.412314
0.436000 0.446775 0.094331 0.303881 -0.612385 0.923842 -0.788218 4.460107 -3.388428 -4.299460
0.437000 0.446165 0.095254 0.303091 -0.607915 0.920443 -0.792461 4.479597 -3.409176 -4.186870
0.438000 0.445560 0.096172 0.302297 -0.603426 0.917024 -0.796592 4.498272 -3.429284 -4.074557
0.439000 0.444958 0.097088 0.301498 -0.598919 0.913585 -0.800610 4.516344 -3.449098 -3.962285
0.440000 0.444362 0.097999 0.300695 -0.594393 0.910126 -0.804517 4.533883 -3.468823 -3.849938
0.441000 0.443770 0.098908 0.299889 -0.589851 0.906647 -0.808310 4.550796 -3.488449 -3.737587
0.442000 0.443182 0.099813 0.299079 -0.585292 0.903149 -0.811992 4.566991 -3.507940 -3.625282
0.443000 0.442599 0.100714 0.298265 -0.580717 0.899631 -0.815561 4.582388 -3.527209 -3.513040
0.444000 0.442021 0.101612 0.297448 -0.576127 0.896095 -0.819018 4.596884 -3.546091 -3.400905
0.445000 0.441447 0.102506 0.296627 -0.571523 0.892539 -0.822363 4.610421 -3.564463 -3.288937
0.446000 0.440878 0.103397 0.295803 -0.566906 0.888966 -0.825596 4.622965 -3.582197 -3.177300
0.447000 0.440313 0.104284 0.294976 -0.562277 0.885375 -0.828717 4.634499 -3.599161 -3.066214
0.448000 0.439753 0.105168 0.294145 -0.557637 0.881767 -0.831728 4.645132 -3.615464 -2.955655
0.449000 0.439198 0.106048 0.293312 -0.552987 0.878144 -0.834629 4.655065 -3.631425 -2.845366
0.450000 0.438647 0.106924 0.292476 -0.548327 0.874504 -0.837419 4.664351 -3.647218 -2.735219
0.451000 0.438101 0.107797 0.291637 -0.543658 0.870849 -0.840099 4.672890 -3.662802 -2.625291
0.452000 0.437560 0.108666 0.290796 -0.538981 0.867179 -0.842669 4.680590 -3.678126 -2.515636
0.453000 0.437023 0.109531 0.289952 -0.534297 0.863493 -0.845130 4.687389 -3.693119 -2.406275
0.454000 0.436491 0.110393 0.289106 -0.529606 0.859793 -0.847482 4.693210 -3.707654 -2.297261
0.455000 0.435964 0.111251 0.288257 -0.524911 0.856078 -0.849725 4.698021 -3.721641 -2.188661
0.456000 0.435441 0.112105 0.287406 -0.520210 0.852349 -0.851859 4.701816 -3.734991 -2.080649
0.457000 0.434923 0.112955 0.286553 -0.515507 0.848608 -0.853886 4.704601 -3.747605 -1.973454
0.458000 0.434410 0.113802 0.285698 -0.510801 0.844854 -0.855806 4.706495 -3.759610 -1.867051
0.459000 0.433902 0.114645 0.284842 -0.506094 0.841089 -0.857620 4.707682 -3.771320 -1.761171
0.460000 0.433398 0.115484 0.283983 -0.501386 0.837311 -0.859329 4.708199 -3.782902 -1.655664
0.461000 0.432899 0.116320 0.283123 -0.496677 0.833523 -0.860932 4.707936 -3.794313 -1.550585
0.462000 0.432405 0.117151 0.282261 -0.491970 0.829723 -0.862430 4.706791 -3.805490 -1.445966
0.463000 0.431915 0.117979 0.281398 -0.487264 0.825912 -0.863824 4.704692 -3.816337 -1.341810
0.464000 0.431430 0.118803 0.280534 -0.482561 0.822090 -0.865113 4.701554 -3.826692 -1.238151
0.465000 0.430950 0.119623 0.279668 -0.477861 0.818258 -0.866300 4.697347 -3.836441 -1.135052
0.466000 0.430474 0.120440 0.278801 -0.473166 0.814417 -0.867383 4.692079 -3.845480 -1.032693
0.467000 0.430004 0.121252 0.277933 -0.468477 0.810567 -0.868365 4.685780 -3.853712 -0.931321
0.468000 0.429538 0.122061 0.277064 -0.463794 0.806710 -0.869246 4.678578 -3.861251 -0.830926
0.469000 0.429076 0.122866 0.276195 -0.459119 0.802845 -0.870027 4.670652 -3.868396 -0.731243
0.470000 0.428619 0.123667 0.275324 -0.454453 0.798973 -0.870709 4.662049 -3.875303 -0.632139
0.471000 0.428167 0.124464 0.274453 -0.449795 0.795094 -0.871291 4.652680 -3.881932 -0.533690
0.472000 0.427720 0.125257 0.273582 -0.445148 0.791209 -0.871776 4.642460 -3.888237 -0.435943
0.473000 0.427277 0.126046 0.272710 -0.440510 0.787318 -0.872163 4.631317 -3.894172 -0.338901
0.474000 0.426839 0.126831 0.271837 -0.435885 0.783421 -0.872454 4.619180 -3.899683 -0.242541
0.475000 0.426405 0.127613 0.270965 -0.431272 0.779519 -0.872648 4.606102 -3.904910 -0.146649
0.476000 0.425976 0.128390 0.270092 -0.426673 0.775611 -0.872747 4.592261 -3.910133 -0.050916
0.477000 0.425552 0.129164 0.269219 -0.422088 0.771698 -0.872750 4.577796 -3.915461 0.044705
0.478000 0.425132 0.129934 0.268347 -0.417517 0.767780 -0.872658 4.562759 -3.920791 0.140000
0.479000 0.424717 0.130700 0.267474 -0.412962 0.763857 -0.872470 4.547171 -3.926028 0.234789
0.480000 0.424306 0.131462 0.266602 -0.408423 0.759928 -0.872188 4.531004 -3.931087 0.328955
0.481000 0.423900 0.132220 0.265730 -0.403900 0.755995 -0.871812 4.514199 -3.935888 0.422411
0.482000 0.423498 0.132974 0.264858 -0.399394 0.752056 -0.871343 4.496800 -3.940547 0.515305
0.483000 0.423101 0.133724 0.263987 -0.394906 0.748113 -0.870782 4.478943 -3.945351 0.607976
0.484000 0.422708 0.134470 0.263117 -0.390437 0.744166 -0.870127 4.460689 -3.950456 0.700616
0.485000 0.422320 0.135212 0.262247 -0.385985 0.740213 -0.869380 4.441993 -3.955836 0.793207
0.486000 0.421936 0.135950 0.261378 -0.381553 0.736254 -0.868541 4.422826 -3.961445 0.885678
0.487000 0.421557 0.136684 0.260510 -0.377139 0.732290 -0.867609 4.403185 -3.967201 0.977867
0.488000 0.421182 0.137415 0.259643 -0.372746 0.728320 -0.866585 4.383080 -3.973003 1.069559
0.489000 0.420812 0.138141 0.258776 -0.368373 0.724344 -0.865470 4.362600 -3.978939 1.160790
0.490000 0.420445 0.138863 0.257912 -0.364021 0.720362 -0.864264 4.341883 -3.985257 1.251832
0.491000 0.420084 0.139582 0.257048 -0.359689 0.716373 -0.862966 4.320961 -3.992062 1.342815
0.492000 0.419726 0.140296 0.256186 -0.355379 0.712378 -0.861578 4.299762 -3.999271 1.433657
0.493000 0.419373 0.141007 0.255325 -0.351090 0.708375 -0.860099 4.278215 -4.006817 1.524301
0.494000 0.419024 0.141713 0.254465 -0.346823 0.704364 -0.858529 4.256261 -4.014656 1.614735
0.495000 0.418679 0.142415 0.253608 -0.342577 0.700345 -0.856869 4.233848 -4.022761 1.704969
0.496000 0.418339 0.143114 0.252752 -0.338355 0.696318 -0.855119 4.211017 -4.031271 1.795205
0.497000 0.418002 0.143808 0.251897 -0.334155 0.692283 -0.853279 4.187919 -4.040460 1.885746
0.498000 0.417670 0.144498 0.251045 -0.329979 0.688237 -0.851348 4.164683 -4.050460 1.976645
0.499000 0.417343 0.145184 0.250195 -0.325826 0.684182 -0.849326 4.141376 -4.061227 2.067704
0.500000 0.417019 0.145867 0.249347 -0.321696 0.680115 -0.847213 4.118027 -4.072694 2.158747
0.501000 0.416699 0.146545 0.248500 -0.317590 0.676036 -0.845008 4.094599 -4.084762 2.249642
0.502000 0.416384 0.147219 0.247656 -0.313507 0.671945 -0.842713 4.071002 -4.097279 2.340241
0.503000 0.416072 0.147889 0.246815 -0.309448 0.667842 -0.840328 4.047173 -4.110158 2.430469
0.504000 0.415765 0.148554 0.245976 -0.305413 0.663725 -0.837852 4.023073 -4.123368 2.520294
0.505000 0.415461 0.149216 0.245139 -0.301402 0.659595 -0.835287 3.998676 -4.136909 2.609708
0.506000 0.415162 0.149874 0.244305 -0.297415 0.655451 -0.832633 3.974039 -4.150933 2.698894
0.507000 0.414866 0.150527 0.243474 -0.293454 0.651293 -0.829889 3.949289 -4.165705 2.788154
0.508000 0.414575 0.151176 0.242645 -0.289517 0.647120 -0.827057 3.924520 -4.181347 2.877571
0.509000 0.414287 0.151821 0.241820 -0.285605 0.642931 -0.824134 3.899763 -4.197810 2.966993
0.510000 0.414004 0.152462 0.240997 -0.281717 0.638724 -0.821123 3.875028 -4.215036 3.056280
0.511000 0.413724 0.153099 0.240178 -0.277855 0.634500 -0.818022 3.850290 -4.232946 3.145322
0.512000 0.413448 0.153731 0.239361 -0.274017 0.630258 -0.814832 3.825490 -4.251416 3.233984
0.513000 0.413176 0.154359 0.238548 -0.270204 0.625998 -0.811554 3.800574 -4.270370 3.322199
0.514000 0.412908 0.154983 0.237738 -0.266416 0.621718 -0.808188 3.775488 -4.289757 3.409945
0.515000 0.412643 0.155603 0.236932 -0.262653 0.617418 -0.804734 3.750170 -4.309539 3.497220
0.516000 0.412382 0.156218 0.236129 -0.258915 0.613099 -0.801193 3.724641 -4.329831 3.584204
0.517000 0.412125 0.156829 0.235329 -0.255203 0.608758 -0.797565 3.699013 -4.350864 3.671192
0.518000 0.411872 0.157435 0.234533 -0.251517 0.604397 -0.793851 3.673392 -4.372744 3.758260
0.519000 0.411622 0.158038 0.233741 -0.247857 0.600013 -0.790049 3.647842 -4.395420 3.845263
0.520000 0.411376 0.158635 0.232953 -0.244222 0.595606 -0.786160 3.622384 -4.418824 3.932074
0.521000 0.411134 0.159229 0.232169 -0.240612 0.591175 -0.782185 3.596981 -4.442871 4.018609
0.522000 0.410895 0.159818 0.231389 -0.237028 0.586720 -0.778123 3.571552 -4.467464 4.104808
0.523000 0.410660 0.160402 0.230613 -0.233469 0.582240 -0.773975 3.546090 -4.492665 4.190808
0.524000 0.410428 0.160982 0.229841 -0.229935 0.577735 -0.769741 3.520661 -4.518685 4.276917
0.525000 0.410200 0.161558 0.229073 -0.226427 0.573203 -0.765421 3.495297 -4.545651 4.363312
0.526000 0.409975 0.162129 0.228310 -0.222945 0.568644 -0.761015 3.469975 -4.573549 4.449987
0.527000 0.409754 0.162695 0.227551 -0.219488 0.564056 -0.756521 3.444695 -4.602356 4.536906
0.528000 0.409536 0.163257 0.226797 -0.216055 0.559439 -0.751941 3.419499 -4.632027 4.623981
0.529000 0.409322 0.163814 0.226048 -0.212649 0.554792 -0.747273 3.394439 -4.662471 4.711057
0.530000 0.409111 0.164366 0.225303 -0.209267 0.550114 -0.742519 3.369538 -4.693605 4.798019
0.531000 0.408903 0.164914 0.224562 -0.205909 0.545405 -0.737677 3.344759 -4.725310 4.884761
0.532000 0.408699 0.165457 0.223827 -0.202577 0.540663 -0.732749 3.320025 -4.757443 4.971181
0.533000 0.408498 0.165995 0.223097 -0.199269 0.535890 -0.727735 3.295321 -4.790026 5.057376
0.534000 0.408301 0.166529 0.222372 -0.195986 0.531083 -0.722635 3.270700 -4.823234 5.143619
0.535000 0.408106 0.167058 0.221652 -0.192728 0.526243 -0.717448 3.246187 -4.857174 5.230068
0.536000 0.407915 0.167581 0.220937 -0.189494 0.521369 -0.712174 3.221762 -4.891824 5.316704
0.537000 0.407727 0.168100 0.220227 -0.186284 0.516460 -0.706814 3.197417 -4.927147 5.403480
0.538000 0.407543 0.168614 0.219523 -0.183099 0.511515 -0.701367 3.173171 -4.963089 5.490297
0.539000 0.407361 0.169123 0.218825 -0.179938 0.506533 -0.695834 3.149048 -4.999551 5.576990
0.540000 0.407183 0.169627 0.218132 -0.176801 0.501516 -0.690213 3.125050 -5.036438 5.663439
0.541000 0.407007 0.170126 0.217444 -0.173688 0.496461 -0.684507 3.101132 -5.073619 5.749549
0.542000 0.406835 0.170620 0.216763 -0.170599 0.491368 -0.678714 3.077221 -5.110941 5.835238
0.543000 0.406666 0.171109 0.216087 -0.167534 0.486239 -0.672836 3.053295 -5.148402 5.920601
0.544000 0.406500 0.171593 0.215417 -0.164492 0.481072 -0.666873 3.029399 -5.186152 6.005890
0.545000 0.406337 0.172071 0.214753 -0.161475 0.475866 -0.660825 3.005554 -5.224275 6.091237
0.546000 0.406177 0.172545 0.214095 -0.158481 0.470623 -0.654691 2.981744 -5.262737 6.176607
0.547000 0.406020 0.173012 0.213444 -0.155511 0.465341 -0.648471 2.957967 -5.301488 6.261942
0.548000 0.405866 0.173475 0.212798 -0.152565 0.460020 -0.642167 2.934249 -5.340459 6.347149
0.549000 0.405715 0.173933 0.212159 -0.149643 0.454660 -0.635777 2.910619 -5.379539 6.432076
0.550000 0.405567 0.174385 0.211527 -0.146744 0.449261 -0.629303 2.887086 -5.418617 6.516607
0.551000 0.405422 0.174831 0.210901 -0.143869 0.443823 -0.622744 2.863612 -5.457548 6.600633
0.552000 0.405279 0.175272 0.210281 -0.141017 0.438346 -0.616101 2.840129 -5.496163 6.684051
0.553000 0.405140 0.175708 0.209669 -0.138188 0.432830 -0.609376 2.816617 -5.534438 6.766920
0.554000 0.405003 0.176138 0.209063 -0.135384 0.427277 -0.602568 2.793109 -5.572503 6.849441
0.555000 0.404869 0.176562 0.208463 -0.132602 0.421685 -0.595677 2.769627 -5.610441 6.931685
0.556000 0.404738 0.176981 0.207871 -0.129844 0.416056 -0.588704 2.746161 -5.648234 7.013558
0.557000 0.404609 0.177394 0.207286 -0.127110 0.410389 -0.581650 2.722704 -5.685841 7.094960
0.558000 0.404483 0.177802 0.206708 -0.124399 0.404684 -0.574514 2.699266 -5.723187 7.175781
0.559000 0.404360 0.178204 0.206137 -0.121711 0.398943 -0.567298 2.675860 -5.760172 7.255907
0.560000 0.404240 0.178600 0.205573 -0.119047 0.393164 -0.560002 2.652520 -5.796805 7.335378
0.561000 0.404122 0.178990 0.205017 -0.116406 0.387349 -0.552627 2.629283 -5.833176 7.414356
0.562000 0.404007 0.179375 0.204468 -0.113789 0.381498 -0.545174 2.606131 -5.869261 7.492865
0.563000 0.403895 0.179753 0.203927 -0.111194 0.375611 -0.537642 2.582999 -5.904901 7.570766
0.564000 0.403785 0.180126 0.203393 -0.108623 0.369688 -0.530032 2.559828 -5.939963 7.647928
0.565000 0.403677 0.180492 0.202867 -0.106074 0.363731 -0.522346 2.536573 -5.974349 7.724246
0.566000 0.403573 0.180853 0.202348 -0.103549 0.357739 -0.514584 2.513192 -6.007964 7.799588
0.567000 0.403470 0.181208 0.201837 -0.101048 0.351715 -0.506747 2.489662 -6.040731 7.873834
0.568000 0.403371 0.181557 0.201335 -0.098570 0.345658 -0.498836 2.465993 -6.072567 7.946823
0.569000 0.403273 0.181899 0.200840 -0.096116 0.339570 -0.490853 2.442207 -6.103384 8.018371
0.570000 0.403178 0.182236 0.200353 -0.093686 0.333451 -0.482799 2.418341 -6.133183 8.088444
0.571000 0.403086 0.182566 0.199874 -0.091279 0.327303 -0.474676 2.394425 -6.162018 8.157140
0.572000 0.402996 0.182890 0.199403 -0.088897 0.321127 -0.466485 2.370445 -6.189807 8.224434
0.573000 0.402908 0.183208 0.198941 -0.086538 0.314924 -0.458227 2.346348 -6.216340 8.290146
0.574000 0.402823 0.183520 0.198487 -0.084204 0.308694 -0.449905 2.322086 -6.241443 8.354103
0.575000 0.402740 0.183826 0.198041 -0.081894 0.302441 -0.441519 2.297626 -6.265010 8.416158
0.576000 0.402659 0.184125 0.197604 -0.079609 0.296164 -0.433072 2.272940 -6.286976 8.476170
0.577000 0.402580 0.184418 0.197175 -0.077348 0.289867 -0.424567 2.248027 -6.307358 8.534126
0.578000 0.402504 0.184705 0.196755 -0.075113 0.283550 -0.416004 2.222925 -6.326226 8.590098
0.579000 0.402430 0.184985 0.196343 -0.072902 0.277214 -0.407387 2.197676 -6.343564 8.644010
0.580000 0.402358 0.185259 0.195940 -0.070717 0.270862 -0.398716 2.172312 -6.359249 8.695621
0.581000 0.402289 0.185527 0.195546 -0.068558 0.264496 -0.389995 2.146837 -6.373133 8.744692
0.582000 0.402221 0.185788 0.195160 -0.066424 0.258116 -0.381227 2.121205 -6.385036 8.790990
0.583000 0.402156 0.186043 0.194783 -0.064315 0.251726 -0.372413 2.095342 -6.394733 8.834257
0.584000 0.402093 0.186292 0.194415 -0.062233 0.245327 -0.363558 2.069190 -6.402040 8.874261
0.585000 0.402031 0.186534 0.194056 -0.060177 0.238922 -0.354665 2.042719 -6.406812 8.910780
0.586000 0.401972 0.186770 0.193706 -0.058148 0.232513 -0.345737 2.015913 -6.408922 8.943592
0.587000 0.401915 0.186999 0.193365 -0.056145 0.226104 -0.336778 1.988777 -6.408330 8.972603
0.588000 0.401860 0.187222 0.193032 -0.054170 0.219696 -0.327791 1.961337 -6.405066 8.997818
0.589000 0.401807 0.187438 0.192709 -0.052223 0.213294 -0.318782 1.933618 -6.399100 9.019127
0.590000 0.401756 0.187648 0.192395 -0.050303 0.206898 -0.309753 1.905631 -6.390318 9.036273
0.591000 0.401706 0.187852 0.192090 -0.048411 0.200513 -0.300709 1.877371 -6.378571 9.048992
0.592000 0.401659 0.188049 0.191793 -0.046548 0.194141 -0.291655 1.848799 -6.363661 9.057010
0.593000 0.401613 0.188240 0.191506 -0.044714 0.187786 -0.282595 1.819857 -6.345344 9.060019
0.594000 0.401569 0.188425 0.191228 -0.042908 0.181450 -0.273535 1.790501 -6.323417 9.057739
0.595000 0.401527 0.188603 0.190959 -0.041133 0.175139 -0.264480 1.760719 -6.297736 9.049894
0.596000 0.401487 0.188775 0.190699 -0.039387 0.168855 -0.255435 1.730512 -6.268180 9.036209
0.597000 0.401449 0.188941 0.190448 -0.037672 0.162602 -0.246408 1.699894 -6.234700 9.016531
0.598000 0.401412 0.189100 0.190206 -0.035987 0.156385 -0.237402 1.668880 -6.197282 8.990798
0.599000 0.401377 0.189254 0.189974 -0.034334 0.150208 -0.228426 1.637480 -6.155839 8.958838
0.600000 0.401343 0.189401 0.189750 -0.032712 0.144074 -0.219485 1.605691 -6.110197 8.920342
0.601000 0.401311 0.189542 0.189535 -0.031123 0.137988 -0.210585 1.573499 -6.060169 8.874994
0.602000 0.401281 0.189677 0.189328 -0.029565 0.131953 -0.201735 1.540874 -6.005545 8.822468
0.603000 0.401252 0.189806 0.189131 -0.028041 0.125976 -0.192940 1.507776 -5.946101 8.762429
0.604000 0.401225 0.189929 0.188943 -0.026550 0.120061 -0.184210 1.474181 -5.881697 8.694661
0.605000 0.401199 0.190046 0.188763 -0.025092 0.114213 -0.175551 1.440084 -5.812279 8.619042
0.606000 0.401175 0.190157 0.188591 -0.023670 0.108437 -0.166972 1.405482 -5.737766 8.535340
0.607000 0.401152 0.190263 0.188429 -0.022281 0.102737 -0.158480 1.370363 -5.658017 8.443188
0.608000 0.401130 0.190363 0.188274 -0.020929 0.097121 -0.150085 1.334713 -5.572884 8.342219
0.609000 0.401110 0.190457 0.188129 -0.019612 0.091592 -0.141796 1.298518 -5.482216 8.232075
0.610000 0.401091 0.190546 0.187991 -0.018332 0.086156 -0.133621 1.261759 -5.385838 8.112372
0.611000 0.401073 0.190629 0.187861 -0.017089 0.080820 -0.125571 1.224421 -5.283568 7.982744
0.612000 0.401057 0.190708 0.187740 -0.015883 0.075589 -0.117656 1.186483 -5.175186 7.842820
0.613000 0.401041 0.190781 0.187626 -0.014716 0.070470 -0.109885 1.147928 -5.060450 7.692217
0.614000 0.401027 0.190848 0.187520 -0.013587 0.065468 -0.102271 1.108743 -4.939193 7.530666
0.615000 0.401014 0.190911 0.187421 -0.012498 0.060591 -0.094824 1.068920 -4.811328 7.357985
0.616000 0.401002 0.190970 0.187330 -0.011449 0.055846 -0.087555 1.028447 -4.676747 7.173890
0.617000 0.400991 0.191023 0.187246 -0.010441 0.051238 -0.080476 0.987299 -4.535294 6.977971
0.618000 0.400981 0.191072 0.187169 -0.009475 0.046775 -0.073599 0.945463 -4.386806 6.769821
0.619000 0.400972 0.191117 0.187099 -0.008550 0.042464 -0.066937 0.902938 -4.231117 6.549040
0.620000 0.400964 0.191157 0.187035 -0.007669 0.038313 -0.060501 0.859728 -4.068044 6.315211
0.621000 0.400957 0.191193 0.186978 -0.006831 0.034328 -0.054306 0.815820 -3.897390 6.067930
0.622000 0.400950 0.191226 0.186927 -0.006037 0.030518 -0.048365 0.771170 -3.718925 5.806791
0.623000 0.400945 0.191254 0.186881 -0.005288 0.026890 -0.042693 0.725716 -3.532401 5.531379
0.624000 0.400940 0.191279 0.186841 -0.004586 0.023453 -0.037303 0.679414 -3.337631 5.241384
0.625000 0.400936 0.191301 0.186807 -0.003930 0.020215 -0.032210 0.632248 -3.134509 4.936569
0.626000 0.400932 0.191320 0.186777 -0.003321 0.017184 -0.027430 0.584219 -2.922915 4.616590
0.627000 0.400929 0.191336 0.186752 -0.002761 0.014369 -0.022977 0.535329 -2.702688 4.280980
0.628000 0.400927 0.191349 0.186731 -0.002251 0.011779 -0.018868 0.485582 -2.473665 3.929296
0.629000 0.400925 0.191359 0.186714 -0.001790 0.009422 -0.015118 0.434981 -2.235682 3.561135
0.630000 0.400923 0.191367 0.186701 -0.001381 0.007307 -0.011745 0.204734 -1.057214 1.686443
0.631000 0.400922 0.191374 0.186691 -0.001381 0.007307 -0.011745 0.204734 -1.057214 1.686443
