0.000000 0.670513 -0.192240 0.137954 0.005405 -0.014102 0.025179 -0.052804 -0.071026 0.839485
0.001000 0.670518 -0.192254 0.137979 0.005405 -0.014102 0.025179 -0.052804 -0.071026 0.839485
0.002000 0.670524 -0.192268 0.138005 0.005299 -0.014244 0.026858 -0.110680 -0.138325 1.703792
0.003000 0.670529 -0.192282 0.138032 0.005184 -0.014378 0.028587 -0.120999 -0.130706 1.753761
0.004000 0.670534 -0.192297 0.138062 0.005057 -0.014505 0.030366 -0.131664 -0.122763 1.804386
0.005000 0.670539 -0.192311 0.138093 0.004920 -0.014624 0.032196 -0.142679 -0.114507 1.855667
0.006000 0.670544 -0.192326 0.138126 0.004772 -0.014734 0.034077 -0.154038 -0.105934 1.907604
0.007000 0.670549 -0.192341 0.138161 0.004612 -0.014836 0.036011 -0.165722 -0.097032 1.960216
0.008000 0.670553 -0.192356 0.138198 0.004440 -0.014928 0.037997 -0.177699 -0.087786 2.013539
0.009000 0.670557 -0.192371 0.138237 0.004257 -0.015011 0.040038 -0.189949 -0.078182 2.067587
0.010000 0.670562 -0.192386 0.138278 0.004061 -0.015084 0.042133 -0.202467 -0.068205 2.122341
0.011000 0.670566 -0.192401 0.138322 0.003852 -0.015148 0.044282 -0.215253 -0.057840 2.177766
0.012000 0.670569 -0.192416 0.138367 0.003630 -0.015200 0.046488 -0.228313 -0.047073 2.233821
0.013000 0.670573 -0.192431 0.138415 0.003395 -0.015242 0.048750 -0.241650 -0.035890 2.290472
0.014000 0.670576 -0.192446 0.138464 0.003147 -0.015272 0.051069 -0.255267 -0.024274 2.347697
0.015000 0.670579 -0.192462 0.138517 0.002885 -0.015290 0.053446 -0.269167 -0.012211 2.405484
0.016000 0.670582 -0.192477 0.138571 0.002608 -0.015296 0.055880 -0.283353 0.000313 2.463807
0.017000 0.670584 -0.192492 0.138628 0.002318 -0.015290 0.058373 -0.297829 0.013313 2.522635
0.018000 0.670586 -0.192508 0.138688 0.002013 -0.015270 0.060925 -0.312596 0.026805 2.581938
0.019000 0.670588 -0.192523 0.138750 0.001693 -0.015236 0.063537 -0.327657 0.040803 2.641692
0.020000 0.670590 -0.192538 0.138815 0.001357 -0.015188 0.066209 -0.343012 0.055323 2.701867
0.021000 0.670591 -0.192553 0.138883 0.001007 -0.015125 0.068941 -0.358665 0.070378 2.762429
0.022000 0.670592 -0.192568 0.138953 0.000640 -0.015047 0.071734 -0.374615 0.085984 2.823364
0.023000 0.670592 -0.192583 0.139026 0.000257 -0.014953 0.074587 -0.390865 0.102155 2.884674
0.024000 0.670592 -0.192598 0.139102 -0.000142 -0.014843 0.077503 -0.407413 0.118907 2.946336
0.025000 0.670592 -0.192613 0.139181 -0.000557 -0.014716 0.080480 -0.424261 0.136253 3.008297
0.026000 0.670591 -0.192628 0.139263 -0.000990 -0.014571 0.083519 -0.441407 0.154208 3.070484
0.027000 0.670590 -0.192642 0.139348 -0.001440 -0.014407 0.086621 -0.458851 0.172784 3.132823
0.028000 0.670588 -0.192656 0.139436 -0.001908 -0.014225 0.089785 -0.476593 0.191986 3.195273
0.029000 0.670586 -0.192671 0.139528 -0.002393 -0.014023 0.093012 -0.494629 0.211801 3.257849
0.030000 0.670584 -0.192685 0.139622 -0.002897 -0.013801 0.096301 -0.512959 0.232210 3.320598
0.031000 0.670580 -0.192698 0.139720 -0.003419 -0.013559 0.099653 -0.531581 0.253200 3.383532
0.032000 0.670577 -0.192712 0.139822 -0.003960 -0.013295 0.103068 -0.550503 0.274775 3.446618
0.033000 0.670573 -0.192725 0.139927 -0.004520 -0.013009 0.106546 -0.569745 0.296945 3.509815
0.034000 0.670568 -0.192738 0.140035 -0.005100 -0.012701 0.110088 -0.589340 0.319724 3.573087
0.035000 0.670562 -0.192750 0.140147 -0.005699 -0.012370 0.113692 -0.609306 0.343122 3.636387
0.036000 0.670556 -0.192762 0.140262 -0.006318 -0.012015 0.117360 -0.629650 0.367142 3.699654
0.037000 0.670550 -0.192774 0.140381 -0.006958 -0.011636 0.121092 -0.650366 0.391769 3.762858
0.038000 0.670542 -0.192786 0.140504 -0.007619 -0.011231 0.124886 -0.671449 0.416981 3.825990
0.039000 0.670534 -0.192797 0.140631 -0.008301 -0.010802 0.128744 -0.692892 0.442764 3.889048
0.040000 0.670526 -0.192807 0.140762 -0.009005 -0.010346 0.132664 -0.714686 0.469118 3.952041
0.041000 0.670516 -0.192817 0.140897 -0.009731 -0.009863 0.136648 -0.736824 0.496052 4.014982
0.042000 0.670506 -0.192827 0.141035 -0.010478 -0.009354 0.140694 -0.759295 0.523575 4.077850
0.043000 0.670495 -0.192836 0.141178 -0.011249 -0.008816 0.144803 -0.782091 0.551697 4.140591
0.044000 0.670484 -0.192845 0.141325 -0.012043 -0.008250 0.148975 -0.805201 0.580427 4.203175
0.045000 0.670471 -0.192853 0.141476 -0.012859 -0.007655 0.153210 -0.828612 0.609773 4.265593
0.046000 0.670458 -0.192860 0.141631 -0.013700 -0.007031 0.157506 -0.852314 0.639743 4.327805
0.047000 0.670444 -0.192867 0.141791 -0.014564 -0.006376 0.161865 -0.876293 0.670343 4.389719
0.048000 0.670429 -0.192873 0.141955 -0.015452 -0.005690 0.166286 -0.900536 0.701581 4.451238
0.049000 0.670413 -0.192878 0.142123 -0.016365 -0.004973 0.170768 -0.925027 0.733461 4.512282
0.050000 0.670396 -0.192883 0.142297 -0.017303 -0.004223 0.175310 -0.949751 0.765977 4.572796
0.051000 0.670378 -0.192886 0.142474 -0.018265 -0.003441 0.179913 -0.974693 0.799109 4.632788
0.052000 0.670360 -0.192890 0.142656 -0.019252 -0.002625 0.184576 -0.999833 0.832826 4.692289
0.053000 0.670340 -0.192892 0.142843 -0.020264 -0.001775 0.189298 -1.025157 0.867105 4.751286
0.054000 0.670319 -0.192893 0.143035 -0.021302 -0.000891 0.194079 -1.050655 0.901928 4.809719
0.055000 0.670297 -0.192894 0.143231 -0.022366 0.000029 0.198917 -1.076332 0.937267 4.867564
0.056000 0.670274 -0.192893 0.143433 -0.023455 0.000984 0.203814 -1.102200 0.973090 4.924834
0.057000 0.670250 -0.192892 0.143639 -0.024570 0.001975 0.208767 -1.128266 1.009371 4.981494
0.058000 0.670225 -0.192889 0.143850 -0.025711 0.003003 0.213777 -1.154526 1.046098 5.037455
0.059000 0.670199 -0.192886 0.144067 -0.026879 0.004067 0.218842 -1.180982 1.083266 5.092649
0.060000 0.670172 -0.192881 0.144288 -0.028073 0.005169 0.223962 -1.207642 1.120872 5.147035
0.061000 0.670143 -0.192875 0.144515 -0.029294 0.006309 0.229136 -1.234508 1.158911 5.200538
0.062000 0.670113 -0.192868 0.144746 -0.030542 0.007487 0.234363 -1.261571 1.197365 5.253070
0.063000 0.670082 -0.192860 0.144983 -0.031818 0.008704 0.239642 -1.288829 1.236204 5.304618
0.064000 0.670049 -0.192851 0.145226 -0.033120 0.009959 0.244972 -1.316288 1.275386 5.355236
0.065000 0.670016 -0.192840 0.145473 -0.034450 0.011254 0.250353 -1.343952 1.314875 5.404974
0.066000 0.669980 -0.192828 0.145726 -0.035808 0.012589 0.255782 -1.371823 1.354652 5.453875
0.067000 0.669944 -0.192815 0.145985 -0.037194 0.013964 0.261260 -1.399903 1.394703 5.501979
0.068000 0.669906 -0.192800 0.146249 -0.038608 0.015379 0.266786 -1.428184 1.435017 5.549251
0.069000 0.669867 -0.192784 0.146518 -0.040050 0.016834 0.272359 -1.456648 1.475589 5.595597
0.070000 0.669826 -0.192767 0.146793 -0.041521 0.018330 0.277977 -1.485284 1.516430 5.640973
0.071000 0.669784 -0.192748 0.147074 -0.043021 0.019867 0.283641 -1.514088 1.557556 5.685381
0.072000 0.669740 -0.192727 0.147361 -0.044549 0.021445 0.289348 -1.543045 1.598976 5.728769
0.073000 0.669695 -0.192705 0.147653 -0.046107 0.023065 0.295098 -1.572132 1.640689 5.771041
0.074000 0.669648 -0.192681 0.147951 -0.047694 0.024726 0.300890 -1.601333 1.682701 5.812181
0.075000 0.669599 -0.192655 0.148255 -0.049309 0.026430 0.306723 -1.630637 1.725023 5.852239
0.076000 0.669549 -0.192628 0.148564 -0.050955 0.028176 0.312595 -1.660023 1.767656 5.891190
0.077000 0.669497 -0.192599 0.148880 -0.052630 0.029965 0.318505 -1.689462 1.810584 5.928937
0.078000 0.669444 -0.192568 0.149201 -0.054334 0.031797 0.324453 -1.718933 1.853778 5.965443
0.079000 0.669389 -0.192535 0.149529 -0.056067 0.033673 0.330436 -1.748415 1.897211 6.000736
0.080000 0.669332 -0.192501 0.149862 -0.057831 0.035592 0.336454 -1.777882 1.940851 6.034766
0.081000 0.669273 -0.192464 0.150202 -0.059623 0.037555 0.342506 -1.807300 1.984674 6.067403
0.082000 0.669212 -0.192426 0.150547 -0.061445 0.039561 0.348589 -1.836638 2.028671 6.098561
0.083000 0.669150 -0.192385 0.150899 -0.063296 0.041612 0.354703 -1.865876 2.072839 6.128233
0.084000 0.669086 -0.192342 0.151257 -0.065177 0.043707 0.360845 -1.895010 2.117174 6.156438
0.085000 0.669020 -0.192298 0.151621 -0.067086 0.045846 0.367016 -1.924064 2.161670 6.183249
0.086000 0.668952 -0.192251 0.151991 -0.069025 0.048030 0.373212 -1.953077 2.206321 6.208771
0.087000 0.668882 -0.192202 0.152367 -0.070993 0.050259 0.379433 -1.982062 2.251106 6.232996
0.088000 0.668810 -0.192150 0.152750 -0.072989 0.052532 0.385678 -2.011004 2.295999 6.255821
0.089000 0.668736 -0.192097 0.153138 -0.075015 0.054851 0.391945 -2.039887 2.340976 6.277228
0.090000 0.668660 -0.192041 0.153533 -0.077069 0.057214 0.398232 -2.068710 2.386024 6.297302
0.091000 0.668582 -0.191982 0.153935 -0.079152 0.059623 0.404539 -2.097471 2.431133 6.316122
0.092000 0.668501 -0.191921 0.154343 -0.081264 0.062077 0.410865 -2.126165 2.476307 6.333760
0.093000 0.668419 -0.191858 0.154757 -0.083404 0.064576 0.417207 -2.154785 2.521557 6.350284
0.094000 0.668335 -0.191792 0.155177 -0.085573 0.067120 0.423565 -2.183306 2.566878 6.365646
0.095000 0.668248 -0.191724 0.155604 -0.087771 0.069709 0.429938 -2.211699 2.612255 6.379722
0.096000 0.668159 -0.191653 0.156037 -0.089997 0.072344 0.436325 -2.239957 2.657702 6.392502
0.097000 0.668068 -0.191579 0.156476 -0.092251 0.075025 0.442723 -2.268096 2.703252 6.404073
0.098000 0.667974 -0.191503 0.156922 -0.094533 0.077751 0.449133 -2.296109 2.748914 6.414415
0.099000 0.667879 -0.191424 0.157375 -0.096843 0.080523 0.455552 -2.323967 2.794662 6.423400
0.100000 0.667781 -0.191342 0.157833 -0.099181 0.083340 0.461979 -2.351657 2.840477 6.430994
0.101000 0.667680 -0.191257 0.158299 -0.101546 0.086203 0.468414 -2.379187 2.886347 6.437261
0.102000 0.667578 -0.191169 0.158770 -0.103939 0.089113 0.474854 -2.406539 2.932246 6.442154
0.103000 0.667473 -0.191079 0.159248 -0.106359 0.092068 0.481298 -2.433676 2.978150 6.445520
0.104000 0.667365 -0.190985 0.159733 -0.108807 0.095069 0.487745 -2.460575 3.024077 6.447301
0.105000 0.667255 -0.190889 0.160224 -0.111281 0.098116 0.494193 -2.487241 3.070076 6.447565
0.106000 0.667142 -0.190789 0.160721 -0.113781 0.101209 0.500640 -2.513685 3.116186 6.446399
0.107000 0.667027 -0.190686 0.161225 -0.116308 0.104348 0.507086 -2.539929 3.162427 6.443931
0.108000 0.666910 -0.190580 0.161735 -0.118861 0.107534 0.513528 -2.566001 3.208808 6.440307
0.109000 0.666790 -0.190471 0.162252 -0.121440 0.110766 0.519966 -2.591896 3.255305 6.435519
0.110000 0.666667 -0.190359 0.162775 -0.124045 0.114045 0.526399 -2.617578 3.301875 6.429431
0.111000 0.666542 -0.190243 0.163305 -0.126675 0.117370 0.532825 -2.643036 3.348489 6.422022
0.112000 0.666414 -0.190124 0.163841 -0.129331 0.120742 0.539243 -2.668286 3.395137 6.413389
0.113000 0.666283 -0.190001 0.164383 -0.132012 0.124160 0.545652 -2.693309 3.441786 6.403497
0.114000 0.666150 -0.189876 0.164932 -0.134717 0.127625 0.552050 -2.718062 3.488401 6.392174
0.115000 0.666013 -0.189746 0.165488 -0.137448 0.131137 0.558436 -2.742522 3.534990 6.379349
0.116000 0.665875 -0.189613 0.166049 -0.140203 0.134695 0.564809 -2.766701 3.581605 6.365096
0.117000 0.665733 -0.189477 0.166617 -0.142981 0.138300 0.571166 -2.790617 3.628296 6.349513
0.118000 0.665589 -0.189337 0.167191 -0.145784 0.141952 0.577508 -2.814300 3.675109 6.332756
0.119000 0.665442 -0.189193 0.167772 -0.148610 0.145650 0.583832 -2.837786 3.722084 6.315008
0.120000 0.665291 -0.189045 0.168359 -0.151459 0.149396 0.590138 -2.861067 3.769216 6.296273
0.121000 0.665139 -0.188894 0.168952 -0.154332 0.153189 0.596424 -2.884100 3.816453 6.276397
0.122000 0.664983 -0.188739 0.169552 -0.157228 0.157029 0.602691 -2.906871 3.863758 6.255347
0.123000 0.664824 -0.188580 0.170158 -0.160146 0.160916 0.608935 -2.929399 3.911116 6.233219
0.124000 0.664663 -0.188417 0.170770 -0.163086 0.164851 0.615157 -2.951665 3.958485 6.209964
0.125000 0.664498 -0.188250 0.171388 -0.166049 0.168833 0.621355 -2.973615 4.005807 6.185386
0.126000 0.664330 -0.188080 0.172013 -0.169034 0.172863 0.627528 -2.995222 4.053080 6.159398
0.127000 0.664160 -0.187905 0.172643 -0.172040 0.176939 0.633674 -3.016495 4.100342 6.132038
0.128000 0.663986 -0.187726 0.173280 -0.175067 0.181063 0.639792 -3.037405 4.147585 6.103218
0.129000 0.663810 -0.187543 0.173923 -0.178114 0.185235 0.645880 -3.057894 4.194757 6.072767
0.130000 0.663630 -0.187355 0.174572 -0.181182 0.189453 0.651937 -3.077952 4.241843 6.040728
0.131000 0.663447 -0.187164 0.175227 -0.184270 0.193718 0.657962 -3.097607 4.288864 6.007318
0.132000 0.663262 -0.186968 0.175888 -0.187378 0.198031 0.663952 -3.116845 4.335793 5.972574
0.133000 0.663073 -0.186768 0.176555 -0.190504 0.202390 0.669907 -3.135606 4.382554 5.936331
0.134000 0.662881 -0.186563 0.177227 -0.193649 0.206796 0.675825 -3.153870 4.429088 5.898544
0.135000 0.662685 -0.186354 0.177906 -0.196812 0.211248 0.681704 -3.171664 4.475377 5.859340
0.136000 0.662487 -0.186140 0.178591 -0.199992 0.215747 0.687543 -3.189011 4.521419 5.818845
0.137000 0.662285 -0.185922 0.179281 -0.203190 0.220291 0.693342 -3.205933 4.567233 5.777176
0.138000 0.662081 -0.185700 0.179978 -0.206404 0.224881 0.699098 -3.222447 4.612853 5.734446
0.139000 0.661873 -0.185473 0.180679 -0.209635 0.229517 0.704811 -3.238521 4.658256 5.690580
0.140000 0.661661 -0.185241 0.181387 -0.212881 0.234197 0.710479 -3.254094 4.703371 5.645384
0.141000 0.661447 -0.185004 0.182100 -0.216143 0.238923 0.716101 -3.269175 4.748190 5.598869
0.142000 0.661229 -0.184763 0.182819 -0.219419 0.243694 0.721677 -3.283826 4.792753 5.551224
0.143000 0.661008 -0.184517 0.183544 -0.222710 0.248509 0.727204 -3.298054 4.837041 5.502453
0.144000 0.660784 -0.184266 0.184274 -0.226015 0.253368 0.732682 -3.311805 4.880968 5.452371
0.145000 0.660556 -0.184010 0.185009 -0.229334 0.258271 0.738109 -3.325079 4.924480 5.400947
0.146000 0.660325 -0.183749 0.185750 -0.232666 0.263217 0.743484 -3.337939 4.967584 5.348354
0.147000 0.660091 -0.183484 0.186496 -0.236010 0.268206 0.748805 -3.350446 5.010304 5.294743
0.148000 0.659853 -0.183213 0.187248 -0.239367 0.273238 0.754073 -3.362657 5.052710 5.240227
0.149000 0.659612 -0.182937 0.188004 -0.242735 0.278311 0.759286 -3.374625 5.094888 5.184899
0.150000 0.659367 -0.182656 0.188766 -0.246116 0.283427 0.764443 -3.386336 5.136842 5.128656
0.151000 0.659120 -0.182370 0.189533 -0.249508 0.288585 0.769543 -3.397723 5.178502 5.071287
0.152000 0.658868 -0.182079 0.190305 -0.252911 0.293784 0.774585 -3.408790 5.219861 5.012822
0.153000 0.658614 -0.181783 0.191082 -0.256325 0.299025 0.779569 -3.419596 5.260976 4.953496
0.154000 0.658356 -0.181481 0.191864 -0.259750 0.304306 0.784492 -3.430136 5.301826 4.893333
0.155000 0.658094 -0.181174 0.192651 -0.263186 0.309628 0.789355 -3.440333 5.342302 4.832134
0.156000 0.657829 -0.180862 0.193443 -0.266631 0.314991 0.794157 -3.450150 5.382325 4.769843
0.157000 0.657561 -0.180544 0.194240 -0.270086 0.320393 0.798895 -3.459617 5.421882 4.706614
0.158000 0.657289 -0.180221 0.195041 -0.273550 0.325835 0.803570 -3.468768 5.460978 4.642591
0.159000 0.657014 -0.179893 0.195847 -0.277024 0.331315 0.808180 -3.477650 5.499660 4.577894
0.160000 0.656735 -0.179559 0.196657 -0.280506 0.336834 0.812726 -3.486312 5.537997 4.512632
0.161000 0.656453 -0.179219 0.197472 -0.283996 0.342391 0.817206 -3.494733 5.575963 4.446704
0.162000 0.656167 -0.178874 0.198292 -0.287495 0.347986 0.821619 -3.502842 5.613460 4.379876
0.163000 0.655878 -0.178523 0.199115 -0.291002 0.353618 0.825965 -3.510654 5.650479 4.312159
0.164000 0.655585 -0.178166 0.199944 -0.294516 0.359287 0.830243 -3.518263 5.687084 4.243768
0.165000 0.655289 -0.177804 0.200776 -0.298038 0.364992 0.834453 -3.525681 5.723253 4.174710
0.166000 0.654989 -0.177437 0.201612 -0.301568 0.370733 0.838593 -3.532833 5.758855 4.104764
0.167000 0.654686 -0.177063 0.202453 -0.305104 0.376510 0.842662 -3.539701 5.793808 4.033880
0.168000 0.654379 -0.176683 0.203298 -0.308647 0.382321 0.846661 -3.546328 5.828087 3.962192
0.169000 0.654068 -0.176298 0.204146 -0.312197 0.388166 0.850587 -3.552690 5.861604 3.889634
0.170000 0.653755 -0.175907 0.204999 -0.315753 0.394044 0.854440 -3.558697 5.894238 3.815942
0.171000 0.653437 -0.175510 0.205855 -0.319314 0.399954 0.858219 -3.564342 5.926006 3.741021
0.172000 0.653116 -0.175107 0.206715 -0.322881 0.405896 0.861922 -3.569708 5.957055 3.665007
0.173000 0.652791 -0.174698 0.207579 -0.326454 0.411869 0.865549 -3.574874 5.987505 3.588079
0.174000 0.652463 -0.174284 0.208447 -0.330031 0.417871 0.869098 -3.579917 6.017444 3.510485
0.175000 0.652131 -0.173863 0.209317 -0.333613 0.423903 0.872570 -3.584910 6.046933 3.432514
0.176000 0.651796 -0.173436 0.210192 -0.337201 0.429965 0.875963 -3.589829 6.075917 3.354180
0.177000 0.651457 -0.173003 0.211069 -0.340793 0.436055 0.879278 -3.594583 6.104244 3.275245
0.178000 0.651114 -0.172564 0.211950 -0.344390 0.442174 0.882514 -3.599166 6.131847 3.195619
0.179000 0.650768 -0.172118 0.212834 -0.347991 0.448319 0.885669 -3.603652 6.158739 3.115398
0.180000 0.650418 -0.171667 0.213722 -0.351597 0.454491 0.888744 -3.608027 6.184845 3.034480
0.181000 0.650065 -0.171209 0.214612 -0.355207 0.460689 0.891738 -3.612187 6.210022 2.952573
0.182000 0.649708 -0.170746 0.215505 -0.358822 0.466911 0.894649 -3.616086 6.234253 2.869569
0.183000 0.649347 -0.170276 0.216401 -0.362440 0.473157 0.897477 -3.619773 6.257657 2.785607
0.184000 0.648983 -0.169799 0.217300 -0.366061 0.479426 0.900221 -3.623310 6.280347 2.700863
0.185000 0.648615 -0.169317 0.218202 -0.369686 0.485718 0.902879 -3.626785 6.302429 2.615589
0.186000 0.648244 -0.168828 0.219106 -0.373315 0.492031 0.905452 -3.630301 6.324005 2.530075
0.187000 0.647868 -0.168333 0.220012 -0.376947 0.498366 0.907939 -3.633849 6.345031 2.444335
0.188000 0.647490 -0.167831 0.220922 -0.380582 0.504721 0.910341 -3.637328 6.365341 2.358137
0.189000 0.647107 -0.167323 0.221833 -0.384221 0.511097 0.912655 -3.640723 6.384855 2.271443
0.190000 0.646721 -0.166809 0.222747 -0.387864 0.517491 0.914883 -3.644104 6.403590 2.184416
0.191000 0.646331 -0.166288 0.223663 -0.391510 0.523904 0.917024 -3.647446 6.421459 2.097009
0.192000 0.645938 -0.165761 0.224581 -0.395159 0.530334 0.919077 -3.650637 6.438301 2.008951
0.193000 0.645541 -0.165228 0.225501 -0.398811 0.536780 0.921042 -3.653645 6.454113 1.920165
0.194000 0.645141 -0.164688 0.226423 -0.402466 0.543242 0.922918 -3.656526 6.469019 1.830774
0.195000 0.644736 -0.164141 0.227347 -0.406124 0.549718 0.924704 -3.659245 6.483012 1.740703
0.196000 0.644328 -0.163588 0.228272 -0.409785 0.556208 0.926399 -3.661684 6.495945 1.649703
0.197000 0.643917 -0.163029 0.229200 -0.413447 0.562710 0.928003 -3.663823 6.507797 1.557791
0.198000 0.643501 -0.162463 0.230128 -0.417112 0.569224 0.929515 -3.665761 6.518696 1.465272
0.199000 0.643082 -0.161890 0.231059 -0.420779 0.575748 0.930934 -3.667593 6.528750 1.372423
0.200000 0.642660 -0.161311 0.231990 -0.424447 0.582281 0.932260 -3.669412 6.538026 1.279476
0.201000 0.642234 -0.160726 0.232923 -0.428118 0.588824 0.933493 -3.671303 6.546571 1.186632
0.202000 0.641804 -0.160134 0.233857 -0.431790 0.595374 0.934633 -3.673233 6.554287 1.093826
0.203000 0.641370 -0.159535 0.234792 -0.435464 0.601932 0.935680 -3.675067 6.561005 1.000768
0.204000 0.640933 -0.158930 0.235729 -0.439140 0.608496 0.936634 -3.676765 6.566757 0.907366
0.205000 0.640492 -0.158318 0.236666 -0.442818 0.615066 0.937495 -3.678376 6.571735 0.813726
0.206000 0.640047 -0.157700 0.237604 -0.446497 0.621640 0.938262 -3.679852 6.575964 0.719758
0.207000 0.639599 -0.157075 0.238542 -0.450177 0.628218 0.938935 -3.681056 6.579291 0.625201
0.208000 0.639147 -0.156443 0.239482 -0.453859 0.634798 0.939512 -3.681958 6.581680 0.530058
0.209000 0.638691 -0.155805 0.240421 -0.457541 0.641381 0.939995 -3.682626 6.583231 0.434570
0.210000 0.638232 -0.155160 0.241362 -0.461224 0.647965 0.940381 -3.683027 6.583891 0.338742
0.211000 0.637769 -0.154509 0.242302 -0.464907 0.654549 0.940672 -3.683028 6.583450 0.242331
0.212000 0.637302 -0.153851 0.243243 -0.468590 0.661132 0.940866 -3.682611 6.581819 0.145294
0.213000 0.636831 -0.153187 0.244184 -0.472273 0.667713 0.940963 -3.681894 6.579080 0.047855
0.214000 0.636357 -0.152516 0.245125 -0.475954 0.674290 0.940962 -3.680987 6.575349 -0.049772
0.215000 0.635879 -0.151838 0.246066 -0.479635 0.680863 0.940863 -3.680002 6.570815 -0.147386
0.216000 0.635398 -0.151154 0.247007 -0.483314 0.687432 0.940667 -3.679043 6.565700 -0.244796
0.217000 0.634913 -0.150463 0.247947 -0.486993 0.693995 0.940374 -3.678077 6.560015 -0.342071
0.218000 0.634424 -0.149766 0.248887 -0.490670 0.700552 0.939983 -3.676969 6.553589 -0.439465
0.219000 0.633931 -0.149062 0.249827 -0.494347 0.707102 0.939495 -3.675702 6.546394 -0.536975
0.220000 0.633435 -0.148352 0.250766 -0.498022 0.713644 0.938909 -3.674376 6.538562 -0.634360
0.221000 0.632935 -0.147635 0.251705 -0.501695 0.720179 0.938226 -3.672968 6.530050 -0.731614
0.222000 0.632432 -0.146912 0.252643 -0.505368 0.726705 0.937446 -3.671338 6.520640 -0.828979
0.223000 0.631925 -0.146182 0.253580 -0.509038 0.733220 0.936568 -3.669459 6.510254 -0.926496
0.224000 0.631414 -0.145445 0.254516 -0.512707 0.739725 0.935593 -3.667412 6.498962 -1.023989
0.225000 0.630899 -0.144702 0.255451 -0.516373 0.746218 0.934520 -3.665163 6.486680 -1.121502
0.226000 0.630381 -0.143953 0.256385 -0.520037 0.752698 0.933350 -3.662557 6.473205 -1.219304
0.227000 0.629859 -0.143197 0.257318 -0.523698 0.759165 0.932081 -3.659551 6.458559 -1.317461
0.228000 0.629334 -0.142434 0.258249 -0.527356 0.765616 0.930715 -3.656246 6.443001 -1.415770
0.229000 0.628804 -0.141666 0.259179 -0.531010 0.772051 0.929250 -3.652745 6.426768 -1.514015
0.230000 0.628272 -0.140890 0.260108 -0.534661 0.778469 0.927687 -3.649167 6.410059 -1.611942
0.231000 0.627735 -0.140109 0.261034 -0.538309 0.784871 0.926026 -3.645631 6.393050 -1.709282
0.232000 0.627195 -0.139320 0.261960 -0.541953 0.791255 0.924268 -3.642106 6.375682 -1.806046
0.233000 0.626651 -0.138526 0.262883 -0.545593 0.797622 0.922414 -3.638431 6.357698 -1.902493
0.234000 0.626104 -0.137725 0.263804 -0.549230 0.803971 0.920463 -3.634566 6.338980 -1.998702
0.235000 0.625553 -0.136918 0.264724 -0.552862 0.810300 0.918416 -3.630590 6.319562 -2.094551
0.236000 0.624998 -0.136105 0.265641 -0.556491 0.816610 0.916274 -3.626454 6.299323 -2.190120
0.237000 0.624440 -0.135285 0.266556 -0.560115 0.822899 0.914036 -3.621986 6.278032 -2.285693
0.238000 0.623878 -0.134459 0.267469 -0.563735 0.829166 0.911703 -3.617132 6.255720 -2.381343
0.239000 0.623312 -0.133627 0.268380 -0.567349 0.835410 0.909274 -3.611955 6.232636 -2.476942
0.240000 0.622743 -0.132788 0.269288 -0.570959 0.841631 0.906749 -3.606396 6.208808 -2.572557
0.241000 0.622170 -0.131943 0.270193 -0.574562 0.847828 0.904128 -3.600277 6.184032 -2.668440
0.242000 0.621594 -0.131092 0.271096 -0.578159 0.853999 0.901412 -3.593556 6.158276 -2.764608
0.243000 0.621014 -0.130235 0.271996 -0.581749 0.860144 0.898599 -3.586350 6.131741 -2.860802
0.244000 0.620431 -0.129372 0.272893 -0.585332 0.866263 0.895690 -3.578783 6.104595 -2.956788
0.245000 0.619843 -0.128503 0.273788 -0.588907 0.872353 0.892686 -3.570989 6.076958 -3.052375
0.246000 0.619253 -0.127627 0.274679 -0.592474 0.878416 0.889586 -3.563108 6.048913 -3.147394
0.247000 0.618659 -0.126746 0.275567 -0.596033 0.884451 0.886391 -3.555111 6.020328 -3.241923
0.248000 0.618061 -0.125858 0.276451 -0.599584 0.890457 0.883102 -3.546836 5.990945 -3.336225
0.249000 0.617459 -0.124965 0.277333 -0.603127 0.896433 0.879718 -3.538271 5.960784 -3.430349
0.250000 0.616854 -0.124066 0.278211 -0.606661 0.902379 0.876241 -3.529543 5.930098 -3.524134
0.251000 0.616246 -0.123160 0.279085 -0.610186 0.908293 0.872670 -3.520632 5.898903 -3.617619
0.252000 0.615634 -0.122249 0.279956 -0.613702 0.914177 0.869006 -3.511364 5.866970 -3.711033
0.253000 0.615019 -0.121332 0.280823 -0.617208 0.920027 0.865248 -3.501686 5.834258 -3.804383
0.254000 0.614400 -0.120409 0.281687 -0.620705 0.925845 0.861397 -3.491715 5.800974 -3.897415
0.255000 0.613777 -0.119480 0.282546 -0.624192 0.931629 0.857453 -3.481559 5.767294 -3.989904
0.256000 0.613151 -0.118546 0.283402 -0.627668 0.937380 0.853417 -3.471326 5.733343 -4.081683
0.257000 0.612522 -0.117605 0.284253 -0.631135 0.943096 0.849290 -3.461121 5.699215 -4.172614
0.258000 0.611889 -0.116660 0.285100 -0.634591 0.948778 0.845072 -3.450876 5.664767 -4.262794
0.259000 0.611253 -0.115708 0.285943 -0.638036 0.954425 0.840764 -3.440392 5.629720 -4.352497
0.260000 0.610613 -0.114751 0.286782 -0.641471 0.960037 0.836367 -3.429618 5.594086 -4.441811
0.261000 0.609970 -0.113788 0.287616 -0.644896 0.965614 0.831881 -3.418645 5.558121 -4.530634
0.262000 0.609323 -0.112819 0.288446 -0.648309 0.971154 0.827306 -3.407419 5.521837 -4.619043
0.263000 0.608673 -0.111846 0.289271 -0.651710 0.976657 0.822643 -3.395748 5.484984 -4.707275
0.264000 0.608020 -0.110866 0.290091 -0.655100 0.982124 0.817891 -3.383595 5.447512 -4.795348
0.265000 0.607363 -0.109881 0.290906 -0.658478 0.987552 0.813052 -3.371071 5.409590 -4.883076
0.266000 0.606703 -0.108891 0.291717 -0.661842 0.992943 0.808125 -3.358134 5.371149 -4.970470
0.267000 0.606039 -0.107895 0.292523 -0.665194 0.998295 0.803111 -3.344590 5.331869 -5.057759
0.268000 0.605372 -0.106894 0.293323 -0.668531 1.003607 0.798010 -3.330390 5.291599 -5.145017
0.269000 0.604702 -0.105888 0.294119 -0.671855 1.008878 0.792821 -3.315671 5.250446 -5.232094
0.270000 0.604029 -0.104877 0.294909 -0.675163 1.014107 0.787545 -3.300576 5.208572 -5.318839
0.271000 0.603352 -0.103860 0.295694 -0.678456 1.019295 0.782183 -3.285259 5.166240 -5.405093
0.272000 0.602672 -0.102838 0.296473 -0.681733 1.024440 0.776735 -3.269880 5.123768 -5.490693
0.273000 0.601988 -0.101811 0.297247 -0.684996 1.029543 0.771202 -3.254401 5.081164 -5.575689
0.274000 0.601302 -0.100779 0.298016 -0.688242 1.034602 0.765584 -3.238626 5.038159 -5.660295
0.275000 0.600612 -0.099742 0.298778 -0.691473 1.039619 0.759881 -3.222510 4.994705 -5.744527
0.276000 0.599919 -0.098700 0.299535 -0.694687 1.044592 0.754095 -3.206164 4.950980 -5.828212
0.277000 0.599223 -0.097653 0.300287 -0.697885 1.049521 0.748225 -3.189539 4.906914 -5.911357
0.278000 0.598523 -0.096601 0.301032 -0.701066 1.054406 0.742272 -3.172424 4.862160 -5.994176
0.279000 0.597820 -0.095544 0.301771 -0.704230 1.059245 0.736236 -3.154763 4.816541 -6.076735
0.280000 0.597115 -0.094482 0.302504 -0.707376 1.064039 0.730119 -3.136694 4.770149 -6.158897
0.281000 0.596406 -0.093416 0.303231 -0.710503 1.068785 0.723919 -3.118361 4.723137 -6.240511
0.282000 0.595694 -0.092345 0.303952 -0.713613 1.073485 0.717637 -3.099919 4.675776 -6.321401
0.283000 0.594978 -0.091269 0.304667 -0.716703 1.078137 0.711276 -3.081529 4.628400 -6.401380
0.284000 0.594260 -0.090188 0.305375 -0.719776 1.082742 0.704835 -3.063147 4.581020 -6.480466
0.285000 0.593539 -0.089103 0.306076 -0.722829 1.087299 0.698315 -3.044562 4.533369 -6.558848
0.286000 0.592815 -0.088014 0.306771 -0.725865 1.091808 0.691717 -3.025724 4.485424 -6.636557
0.287000 0.592087 -0.086920 0.307460 -0.728881 1.096270 0.685042 -3.006743 4.437415 -6.713453
0.288000 0.591357 -0.085821 0.308141 -0.731878 1.100683 0.678290 -2.987563 4.389298 -6.789560
0.289000 0.590623 -0.084718 0.308816 -0.734856 1.105048 0.671463 -2.967962 4.340719 -6.865082
0.290000 0.589887 -0.083611 0.309484 -0.737814 1.109365 0.664560 -2.947878 4.291482 -6.940103
0.291000 0.589148 -0.082500 0.310145 -0.740752 1.113631 0.657582 -2.927408 4.241596 -7.014558
0.292000 0.588406 -0.081384 0.310799 -0.743669 1.117848 0.650531 -2.906486 4.190864 -7.088519
0.293000 0.587660 -0.080264 0.311446 -0.746565 1.122013 0.643405 -2.884878 4.138956 -7.162185
0.294000 0.586912 -0.079140 0.312086 -0.749439 1.126126 0.636206 -2.862509 4.085904 -7.235591
0.295000 0.586162 -0.078012 0.312719 -0.752290 1.130185 0.628934 -2.839512 4.032106 -7.308573
0.296000 0.585408 -0.076879 0.313344 -0.755118 1.134190 0.621589 -2.816031 3.977933 -7.380965
0.297000 0.584651 -0.075743 0.313962 -0.757922 1.138141 0.614172 -2.792240 3.923702 -7.452589
0.298000 0.583892 -0.074603 0.314572 -0.760702 1.142037 0.606684 -2.768326 3.869705 -7.523263
0.299000 0.583130 -0.073459 0.315175 -0.763459 1.145880 0.599126 -2.744256 3.815880 -7.592988
0.300000 0.582365 -0.072311 0.315771 -0.766191 1.149669 0.591498 -2.719817 3.761847 -7.661934
0.301000 0.581598 -0.071160 0.316358 -0.768898 1.153404 0.583802 -2.694972 3.707396 -7.730158
0.302000 0.580827 -0.070005 0.316938 -0.771581 1.157084 0.576038 -2.669855 3.652524 -7.797588
0.303000 0.580054 -0.068846 0.317510 -0.774238 1.160709 0.568207 -2.644423 3.597024 -7.864270
0.304000 0.579279 -0.067683 0.318075 -0.776869 1.164278 0.560309 -2.618441 3.540551 -7.930365
0.305000 0.578501 -0.066517 0.318631 -0.779475 1.167790 0.552346 -2.591835 3.483149 -7.995879
0.306000 0.577720 -0.065348 0.319179 -0.782053 1.171244 0.544318 -2.564741 3.425249 -8.060644
0.307000 0.576937 -0.064175 0.319720 -0.784604 1.174641 0.536225 -2.537300 3.367249 -8.124502
0.308000 0.576151 -0.062998 0.320252 -0.787128 1.177979 0.528069 -2.509668 3.309502 -8.187317
0.309000 0.575362 -0.061819 0.320776 -0.789624 1.181260 0.519850 -2.482004 3.252328 -8.248960
0.310000 0.574571 -0.060636 0.321292 -0.792092 1.184483 0.511571 -2.454249 3.195683 -8.309458
0.311000 0.573778 -0.059450 0.321799 -0.794532 1.187651 0.503231 -2.426174 3.139177 -8.368964
0.312000 0.572982 -0.058261 0.322298 -0.796944 1.190762 0.494833 -2.397737 3.082592 -8.427536
0.313000 0.572184 -0.057068 0.322789 -0.799328 1.193816 0.486376 -2.369081 3.025924 -8.485116
0.314000 0.571384 -0.055873 0.323271 -0.801682 1.196814 0.477862 -2.340159 2.968955 -8.541746
0.315000 0.570581 -0.054675 0.323744 -0.804008 1.199754 0.469293 -2.310734 2.911326 -8.597570
0.316000 0.569776 -0.053473 0.324209 -0.806304 1.202636 0.460667 -2.280730 2.853074 -8.652615
0.317000 0.568968 -0.052269 0.324666 -0.808569 1.205460 0.451987 -2.250247 2.794558 -8.706790
0.318000 0.568159 -0.051062 0.325113 -0.810804 1.208225 0.443254 -2.219207 2.735823 -8.760105
0.319000 0.567347 -0.049853 0.325552 -0.813008 1.210932 0.434467 -2.187361 2.676581 -8.812681
0.320000 0.566533 -0.048641 0.325982 -0.815179 1.213579 0.425628 -2.154651 2.616800 -8.864537
0.321000 0.565716 -0.047426 0.326403 -0.817317 1.216165 0.416738 -2.121249 2.556787 -8.915557
0.322000 0.564898 -0.046208 0.326816 -0.819421 1.218692 0.407797 -2.087333 2.496784 -8.965639
0.323000 0.564077 -0.044988 0.327219 -0.821492 1.221159 0.398807 -2.053095 2.436926 -9.014699
0.324000 0.563255 -0.043766 0.327613 -0.823528 1.223566 0.389768 -2.018734 2.377285 -9.062663
0.325000 0.562430 -0.042541 0.327999 -0.825529 1.225914 0.380682 -1.984208 2.317642 -9.109561
0.326000 0.561604 -0.041314 0.328375 -0.827496 1.228201 0.371549 -1.949274 2.257641 -9.155505
0.327000 0.560775 -0.040085 0.328742 -0.829428 1.230429 0.362371 -1.913863 2.197343 -9.200506
0.328000 0.559945 -0.038853 0.329099 -0.831324 1.232596 0.353148 -1.878084 2.137147 -9.244480
0.329000 0.559113 -0.037620 0.329448 -0.833184 1.234703 0.343882 -1.841865 2.077126 -9.287427
0.330000 0.558279 -0.036384 0.329787 -0.835008 1.236750 0.334573 -1.804955 2.016993 -9.329440
0.331000 0.557443 -0.035146 0.330117 -0.836794 1.238737 0.325223 -1.767302 1.956723 -9.370549
0.332000 0.556605 -0.033906 0.330438 -0.838542 1.240664 0.315832 -1.729042 1.896569 -9.410700
0.333000 0.555766 -0.032665 0.330749 -0.840252 1.242530 0.306401 -1.690123 1.836480 -9.449908
0.334000 0.554925 -0.031421 0.331050 -0.841922 1.244337 0.296932 -1.650309 1.776041 -9.488262
0.335000 0.554082 -0.030176 0.331343 -0.843553 1.246082 0.287425 -1.609565 1.715007 -9.525783
0.336000 0.553237 -0.028929 0.331625 -0.845141 1.247767 0.277880 -1.568105 1.653432 -9.562399
0.337000 0.552391 -0.027681 0.331898 -0.846689 1.249389 0.268300 -1.526130 1.591474 -9.598027
0.338000 0.551544 -0.026430 0.332162 -0.848194 1.250950 0.258684 -1.483827 1.529470 -9.632578
0.339000 0.550695 -0.025179 0.332416 -0.849656 1.252448 0.249035 -1.441368 1.467861 -9.665952
0.340000 0.549845 -0.023926 0.332660 -0.851076 1.253885 0.239352 -1.398690 1.406698 -9.698128
0.341000 0.548993 -0.022671 0.332895 -0.852454 1.255262 0.229639 -1.355534 1.345689 -9.729171
0.342000 0.548140 -0.021415 0.333119 -0.853788 1.256577 0.219894 -1.311832 1.284813 -9.759115
0.343000 0.547285 -0.020158 0.333334 -0.855077 1.257831 0.210120 -1.267704 1.224342 -9.787941
0.344000 0.546430 -0.018899 0.333540 -0.856323 1.259025 0.200318 -1.223081 1.164234 -9.815670
0.345000 0.545573 -0.017640 0.333735 -0.857524 1.260160 0.190489 -1.177711 1.104077 -9.842369
0.346000 0.544715 -0.016379 0.333921 -0.858678 1.261234 0.180633 -1.131546 1.043638 -9.868063
0.347000 0.543855 -0.015117 0.334096 -0.859787 1.262247 0.170753 -1.084734 0.982911 -9.892730
0.348000 0.542995 -0.013855 0.334262 -0.860848 1.263199 0.160848 -1.037228 0.921664 -9.916376
0.349000 0.542134 -0.012591 0.334418 -0.861861 1.264090 0.150920 -0.988780 0.859514 -9.939029
0.350000 0.541271 -0.011326 0.334564 -0.862825 1.264918 0.140970 -0.939340 0.796489 -9.960653
0.351000 0.540408 -0.010061 0.334700 -0.863740 1.265683 0.130999 -0.889102 0.733029 -9.981146
0.352000 0.539544 -0.008795 0.334826 -0.864604 1.266384 0.121008 -0.838260 0.669561 -10.000420
0.353000 0.538679 -0.007528 0.334942 -0.865416 1.267022 0.110998 -0.787008 0.606475 -10.018426
0.354000 0.537813 -0.006261 0.335048 -0.866178 1.267597 0.100971 -0.735537 0.544148 -10.035128
0.355000 0.536946 -0.004993 0.335144 -0.866887 1.268111 0.090928 -0.683793 0.482551 -10.050524
0.356000 0.536079 -0.003725 0.335230 -0.867545 1.268563 0.080870 -0.631535 0.421264 -10.064647
0.357000 0.535211 -0.002456 0.335306 -0.868150 1.268953 0.070798 -0.578731 0.360020 -10.077521
0.358000 0.534343 -0.001187 0.335371 -0.868703 1.269283 0.060715 -0.525554 0.298773 -10.089154
0.359000 0.533474 0.000083 0.335427 -0.869202 1.269551 0.050620 -0.471972 0.237258 -10.099552
0.360000 0.532605 0.001352 0.335473 -0.869647 1.269757 0.040516 -0.417727 0.175074 -10.108707
0.361000 0.531735 0.002622 0.335508 -0.870037 1.269901 0.030403 -0.362740 0.112242 -10.116559
0.362000 0.530864 0.003892 0.335533 -0.870372 1.269982 0.020283 -0.307164 0.049199 -10.123007
0.363000 0.529994 0.005162 0.335549 -0.870651 1.269999 0.010157 -0.251171 -0.013637 -10.127985
0.364000 0.529123 0.006432 0.335554 -0.870874 1.269954 0.000027 -0.194963 -0.075875 -10.131491
0.365000 0.528252 0.007702 0.335549 -0.871041 1.269847 -0.010106 -0.138760 -0.137145 -10.133560
0.366000 0.527381 0.008972 0.335533 -0.871152 1.269680 -0.020241 -0.082528 -0.197475 -10.134212
0.367000 0.526510 0.010241 0.335508 -0.871206 1.269453 -0.030375 -0.026029 -0.257277 -10.133453
0.368000 0.525639 0.011511 0.335473 -0.871204 1.269165 -0.040507 0.030768 -0.316793 -10.131286
0.369000 0.524767 0.012780 0.335427 -0.871145 1.268819 -0.050637 0.087694 -0.376037 -10.127711
0.370000 0.523896 0.014048 0.335371 -0.871029 1.268413 -0.060763 0.144782 -0.435248 -10.122709
0.371000 0.523025 0.015317 0.335306 -0.870855 1.267948 -0.070883 0.202281 -0.494814 -10.116235
0.372000 0.522155 0.016584 0.335230 -0.870624 1.267424 -0.080995 0.260248 -0.554714 -10.108227
0.373000 0.521284 0.017851 0.335144 -0.870335 1.266839 -0.091099 0.318546 -0.614584 -10.098612
0.374000 0.520414 0.019118 0.335047 -0.869987 1.266195 -0.101193 0.377233 -0.674386 -10.087314
0.375000 0.519544 0.020384 0.334941 -0.869580 1.265490 -0.111274 0.436556 -0.734427 -10.074290
0.376000 0.518675 0.021649 0.334825 -0.869114 1.264726 -0.121341 0.496547 -0.794738 -10.059564
0.377000 0.517806 0.022913 0.334699 -0.868587 1.263901 -0.131393 0.556984 -0.854995 -10.043202
0.378000 0.516938 0.024177 0.334562 -0.868000 1.263016 -0.141428 0.617641 -0.914942 -10.025258
0.379000 0.516070 0.025439 0.334416 -0.867352 1.262071 -0.151443 0.678295 -0.974444 -10.005778
0.380000 0.515203 0.026701 0.334259 -0.866643 1.261067 -0.161439 0.738720 -1.033431 -9.984798
0.381000 0.514337 0.027961 0.334093 -0.865874 1.260004 -0.171413 0.798949 -1.092136 -9.962297
0.382000 0.513471 0.029221 0.333916 -0.865045 1.258883 -0.181364 0.859235 -1.150942 -9.938196
0.383000 0.512607 0.030479 0.333730 -0.864156 1.257702 -0.191289 0.919656 -1.209814 -9.912408
0.384000 0.511743 0.031736 0.333534 -0.863206 1.256463 -0.201189 0.980102 -1.268383 -9.884852
0.385000 0.510880 0.032992 0.333328 -0.862196 1.255165 -0.211059 1.040651 -1.326600 -9.855433
0.386000 0.510018 0.034247 0.333112 -0.861125 1.253810 -0.220899 1.101551 -1.384761 -9.824093
0.387000 0.509158 0.035500 0.332886 -0.859993 1.252396 -0.230707 1.162831 -1.442887 -9.790906
0.388000 0.508299 0.036751 0.332650 -0.858799 1.250924 -0.240481 1.224308 -1.500704 -9.756027
0.389000 0.507440 0.038002 0.332405 -0.857544 1.249394 -0.250219 1.286004 -1.558249 -9.719521
0.390000 0.506583 0.039250 0.332150 -0.856227 1.247807 -0.259920 1.348145 -1.615935 -9.681353
0.391000 0.505728 0.040497 0.331885 -0.854848 1.246163 -0.269582 1.410749 -1.674013 -9.641523
0.392000 0.504874 0.041742 0.331611 -0.853406 1.244459 -0.279203 1.473583 -1.732428 -9.600090
0.393000 0.504021 0.042986 0.331327 -0.851901 1.242698 -0.288782 1.536427 -1.791035 -9.557088
0.394000 0.503170 0.044228 0.331033 -0.850333 1.240877 -0.298317 1.599095 -1.849514 -9.512512
0.395000 0.502320 0.045468 0.330730 -0.848702 1.238999 -0.307807 1.661411 -1.907453 -9.466327
0.396000 0.501473 0.046706 0.330418 -0.847010 1.237062 -0.317250 1.723444 -1.964812 -9.418442
0.397000 0.500626 0.047942 0.330096 -0.845256 1.235069 -0.326644 1.785447 -2.021880 -9.368777
0.398000 0.499782 0.049176 0.329764 -0.843439 1.233019 -0.335988 1.847484 -2.078662 -9.317414
0.399000 0.498939 0.050408 0.329424 -0.841561 1.230912 -0.345279 1.909426 -2.134865 -9.264538
0.400000 0.498099 0.051638 0.329074 -0.839620 1.228749 -0.354517 1.971329 -2.190509 -9.210222
0.401000 0.497260 0.052866 0.328715 -0.837618 1.226531 -0.363699 2.033420 -2.245998 -9.154399
0.402000 0.496424 0.054091 0.328346 -0.835553 1.224257 -0.372826 2.095704 -2.301587 -9.097051
0.403000 0.495589 0.055314 0.327969 -0.833426 1.221928 -0.381894 2.157930 -2.357236 -9.038246
0.404000 0.494757 0.056535 0.327582 -0.831238 1.219543 -0.390902 2.219859 -2.412813 -8.978034
0.405000 0.493927 0.057753 0.327187 -0.828987 1.217102 -0.399850 2.281285 -2.468013 -8.916441
0.406000 0.493099 0.058969 0.326783 -0.826675 1.214606 -0.408735 2.342012 -2.522436 -8.853477
0.407000 0.492273 0.060182 0.326370 -0.824303 1.212057 -0.417557 2.402087 -2.576047 -8.789061
0.408000 0.491450 0.061393 0.325948 -0.821871 1.209454 -0.426313 2.461754 -2.629130 -8.723107
0.409000 0.490630 0.062601 0.325517 -0.819379 1.206799 -0.435003 2.521080 -2.681692 -8.655733
0.410000 0.489811 0.063807 0.325078 -0.816829 1.204091 -0.443625 2.579945 -2.733449 -8.587199
0.411000 0.488996 0.065009 0.324630 -0.814219 1.201332 -0.452177 2.638411 -2.784423 -8.517612
0.412000 0.488183 0.066209 0.324173 -0.811552 1.198522 -0.460660 2.696701 -2.834998 -8.446892
0.413000 0.487373 0.067406 0.323708 -0.808826 1.195662 -0.469071 2.754821 -2.885406 -8.375012
0.414000 0.486565 0.068601 0.323235 -0.806042 1.192751 -0.477410 2.812576 -2.935657 -8.302028
0.415000 0.485761 0.069792 0.322754 -0.803201 1.189791 -0.485675 2.869966 -2.985972 -8.227883
0.416000 0.484959 0.070980 0.322264 -0.800302 1.186779 -0.493866 2.927206 -3.036718 -8.152395
0.417000 0.484160 0.072166 0.321766 -0.797346 1.183717 -0.501980 2.984338 -3.087872 -8.075443
0.418000 0.483364 0.073348 0.321260 -0.794334 1.180604 -0.510016 3.041180 -3.139026 -7.997024
0.419000 0.482571 0.074527 0.320746 -0.791264 1.177439 -0.517974 3.097552 -3.189789 -7.917222
0.420000 0.481782 0.075703 0.320224 -0.788138 1.174224 -0.525851 3.153290 -3.239819 -7.836280
0.421000 0.480995 0.076875 0.319694 -0.784957 1.170959 -0.533646 3.208233 -3.288791 -7.754527
0.422000 0.480212 0.078044 0.319157 -0.781722 1.167646 -0.541360 3.262437 -3.336746 -7.672092
0.423000 0.479432 0.079210 0.318611 -0.778433 1.164286 -0.548991 3.316116 -3.384059 -7.588889
0.424000 0.478655 0.080373 0.318059 -0.775090 1.160878 -0.556538 3.369270 -3.430928 -7.504912
0.425000 0.477882 0.081532 0.317498 -0.771694 1.157424 -0.564000 3.421706 -3.477332 -7.420268
0.426000 0.477112 0.082688 0.316931 -0.768246 1.153924 -0.571378 3.473417 -3.523462 -7.334923
0.427000 0.476345 0.083840 0.316356 -0.764747 1.150377 -0.578670 3.524605 -3.569682 -7.248682
0.428000 0.475582 0.084989 0.315773 -0.761197 1.146784 -0.585876 3.575306 -3.616010 -7.161422
0.429000 0.474823 0.086134 0.315184 -0.757597 1.143145 -0.592993 3.625378 -3.662171 -7.073122
0.430000 0.474067 0.087275 0.314587 -0.753946 1.139460 -0.600022 3.674860 -3.708169 -6.983659
0.431000 0.473315 0.088413 0.313984 -0.750247 1.135729 -0.606960 3.723976 -3.754289 -6.892891
0.432000 0.472566 0.089546 0.313373 -0.746498 1.131951 -0.613808 3.772805 -3.800552 -6.800946
0.433000 0.471822 0.090676 0.312756 -0.742701 1.128128 -0.620562 3.821213 -3.846643 -6.708183
0.434000 0.471081 0.091803 0.312132 -0.738856 1.124258 -0.627224 3.869040 -3.892298 -6.614901
0.435000 0.470344 0.092925 0.311502 -0.734963 1.120343 -0.633792 3.916073 -3.937340 -6.521305
0.436000 0.469611 0.094043 0.310865 -0.731024 1.116383 -0.640267 3.962072 -3.981638 -6.427540
0.437000 0.468882 0.095158 0.310221 -0.727039 1.112380 -0.646647 4.007023 -4.025349 -6.333550
0.438000 0.468157 0.096268 0.309571 -0.723010 1.108333 -0.652934 4.051115 -4.068815 -6.239107
0.439000 0.467436 0.097374 0.308915 -0.718937 1.104242 -0.659125 4.094398 -4.112066 -6.144071
0.440000 0.466719 0.098477 0.308253 -0.714821 1.100109 -0.665222 4.136758 -4.154854 -6.048416
0.441000 0.466006 0.099575 0.307585 -0.710663 1.095933 -0.671222 4.178245 -4.197193 -5.952005
0.442000 0.465298 0.100668 0.306911 -0.706464 1.091714 -0.677126 4.219072 -4.239357 -5.854664
0.443000 0.464593 0.101758 0.306231 -0.702225 1.087454 -0.682932 4.259303 -4.281351 -5.756509
0.444000 0.463893 0.102843 0.305545 -0.697946 1.083152 -0.688639 4.298799 -4.322856 -5.657899
0.445000 0.463198 0.103924 0.304853 -0.693628 1.078808 -0.694247 4.337403 -4.363598 -5.559142
0.446000 0.462506 0.105001 0.304156 -0.689271 1.074424 -0.699757 4.374919 -4.403392 -5.460446
0.447000 0.461819 0.106073 0.303454 -0.684878 1.070001 -0.705168 4.411133 -4.442100 -5.361963
0.448000 0.461136 0.107141 0.302746 -0.680449 1.065540 -0.710481 4.446038 -4.479861 -5.263629
0.449000 0.460458 0.108204 0.302033 -0.675986 1.061042 -0.715696 4.479810 -4.517003 -5.165192
0.450000 0.459784 0.109263 0.301315 -0.671489 1.056506 -0.720811 4.512481 -4.553563 -5.066507
0.451000 0.459115 0.110317 0.300591 -0.666961 1.051934 -0.725829 4.543925 -4.589314 -4.967554
0.452000 0.458450 0.111367 0.299863 -0.662401 1.047328 -0.730747 4.574172 -4.624280 -4.868190
0.453000 0.457790 0.112412 0.299130 -0.657812 1.042686 -0.735565 4.603421 -4.658738 -4.768226
0.454000 0.457135 0.113452 0.298392 -0.653195 1.038010 -0.740283 4.631741 -4.692727 -4.667771
0.455000 0.456484 0.114488 0.297649 -0.648549 1.033300 -0.744900 4.659057 -4.726036 -4.567160
0.456000 0.455838 0.115519 0.296902 -0.643876 1.028558 -0.749417 4.685429 -4.758700 -4.466500
0.457000 0.455196 0.116545 0.296150 -0.639178 1.023783 -0.753833 4.711037 -4.791020 -4.365625
0.458000 0.454559 0.117566 0.295394 -0.634454 1.018976 -0.758149 4.735885 -4.823095 -4.264466
0.459000 0.453927 0.118583 0.294634 -0.629706 1.014137 -0.762362 4.759812 -4.854797 -4.163103
0.460000 0.453300 0.119595 0.293870 -0.624935 1.009266 -0.766475 4.782810 -4.886218 -4.061444
0.461000 0.452677 0.120602 0.293101 -0.620141 1.004364 -0.770485 4.805031 -4.917662 -3.959214
0.462000 0.452060 0.121603 0.292329 -0.615325 0.999431 -0.774393 4.826482 -4.949185 -3.856264
0.463000 0.451447 0.122600 0.291552 -0.610488 0.994466 -0.778198 4.846988 -4.980552 -3.752647
0.464000 0.450839 0.123592 0.290772 -0.605631 0.989470 -0.781899 4.866412 -5.011520 -3.648504
0.465000 0.450235 0.124579 0.289989 -0.600755 0.984443 -0.785495 4.884690 -5.041842 -3.544140
0.466000 0.449637 0.125561 0.289201 -0.595861 0.979386 -0.788987 4.901793 -5.071266 -3.439950
0.467000 0.449044 0.126538 0.288411 -0.590951 0.974300 -0.792375 4.917834 -5.099827 -3.336050
0.468000 0.448455 0.127510 0.287617 -0.586026 0.969187 -0.795659 4.932994 -5.127805 -3.232263
0.469000 0.447872 0.128477 0.286819 -0.581085 0.964045 -0.798839 4.947257 -5.155273 -3.128507
0.470000 0.447293 0.129438 0.286019 -0.576131 0.958876 -0.801916 4.960442 -5.182085 -3.024856
0.471000 0.446719 0.130394 0.285215 -0.571164 0.953681 -0.804889 4.972522 -5.208310 -2.921205
0.472000 0.446151 0.131345 0.284409 -0.566186 0.948459 -0.807758 4.983635 -5.234237 -2.817250
0.473000 0.445587 0.132291 0.283600 -0.561197 0.943212 -0.810523 4.993816 -5.259949 -2.712809
0.474000 0.445028 0.133232 0.282788 -0.556198 0.937940 -0.813184 5.002940 -5.285259 -2.607899
0.475000 0.444475 0.134167 0.281974 -0.551191 0.932642 -0.815739 5.010904 -5.309966 -2.502637
0.476000 0.443926 0.135097 0.281157 -0.546177 0.927320 -0.818189 5.017646 -5.333850 -2.397320
0.477000 0.443382 0.136022 0.280337 -0.541156 0.921974 -0.820534 5.023125 -5.356677 -2.292345
0.478000 0.442844 0.136941 0.279515 -0.536130 0.916606 -0.822774 5.027431 -5.378479 -2.187827
0.479000 0.442310 0.137855 0.278692 -0.531101 0.911217 -0.824910 5.030732 -5.399509 -2.083586
0.480000 0.441781 0.138763 0.277866 -0.526069 0.905807 -0.826941 5.033036 -5.419814 -1.979567
0.481000 0.441258 0.139667 0.277038 -0.521035 0.900377 -0.828869 5.034212 -5.439225 -1.875882
0.482000 0.440739 0.140564 0.276208 -0.516000 0.894929 -0.830693 5.034256 -5.457785 -1.772454
0.483000 0.440226 0.141456 0.275376 -0.510966 0.889462 -0.832414 5.033296 -5.475766 -1.668995
0.484000 0.439717 0.142343 0.274543 -0.505934 0.883977 -0.834031 5.031340 -5.493272 -1.565350
0.485000 0.439214 0.143224 0.273708 -0.500904 0.878475 -0.835544 5.028274 -5.510215 -1.461525
0.486000 0.438716 0.144100 0.272872 -0.495877 0.872957 -0.836954 5.024105 -5.526691 -1.357375
0.487000 0.438222 0.144970 0.272034 -0.490856 0.867422 -0.838259 5.019003 -5.542971 -1.252677
0.488000 0.437734 0.145835 0.271195 -0.485839 0.861871 -0.839459 5.013088 -5.559117 -1.147521
0.489000 0.437251 0.146694 0.270355 -0.480829 0.856304 -0.840554 5.006364 -5.574937 -1.042294
0.490000 0.436772 0.147548 0.269514 -0.475827 0.850721 -0.841544 4.998798 -5.590232 -0.937318
0.491000 0.436299 0.148395 0.268672 -0.470832 0.845123 -0.842429 4.990288 -5.604800 -0.832809
0.492000 0.435831 0.149238 0.267830 -0.465846 0.839511 -0.843209 4.980697 -5.618431 -0.728921
0.493000 0.435367 0.150074 0.266986 -0.460870 0.833886 -0.843887 4.970023 -5.631163 -0.625565
0.494000 0.434909 0.150906 0.266142 -0.455906 0.828249 -0.844461 4.958390 -5.643250 -0.522448
0.495000 0.434455 0.151731 0.265297 -0.450954 0.822600 -0.844931 4.945834 -5.654791 -0.419431
0.496000 0.434007 0.152551 0.264452 -0.446014 0.816939 -0.845299 4.932288 -5.665705 -0.316541
0.497000 0.433563 0.153365 0.263606 -0.441089 0.811268 -0.845565 4.917785 -5.676085 -0.213648
0.498000 0.433125 0.154173 0.262761 -0.436179 0.805587 -0.845727 4.902483 -5.686193 -0.110520
0.499000 0.432691 0.154976 0.261915 -0.431284 0.799896 -0.845786 4.886477 -5.696110 -0.007216
0.500000 0.432262 0.155773 0.261069 -0.426406 0.794195 -0.845741 4.869782 -5.705735 0.095967
0.501000 0.431838 0.156564 0.260223 -0.421545 0.788485 -0.845594 4.852485 -5.715133 0.198961
0.502000 0.431419 0.157350 0.259378 -0.416701 0.782765 -0.845343 4.834722 -5.724525 0.301959
0.503000 0.431005 0.158130 0.258533 -0.411875 0.777036 -0.844990 4.816501 -5.733919 0.404989
0.504000 0.430595 0.158904 0.257688 -0.407068 0.771297 -0.844533 4.797692 -5.743083 0.507848
0.505000 0.430191 0.159673 0.256844 -0.402280 0.765549 -0.843974 4.778180 -5.751824 0.610376
0.506000 0.429791 0.160435 0.256000 -0.397511 0.759793 -0.843313 4.757875 -5.760019 0.712488
0.507000 0.429396 0.161192 0.255157 -0.392764 0.754029 -0.842549 4.736699 -5.767582 0.814139
0.508000 0.429005 0.161943 0.254315 -0.388038 0.748258 -0.841684 4.714689 -5.774626 0.915485
0.509000 0.428620 0.162689 0.253474 -0.383335 0.742480 -0.840718 4.691990 -5.781412 1.016763
0.510000 0.428239 0.163428 0.252634 -0.378654 0.736695 -0.839651 4.668703 -5.788042 1.117912
0.511000 0.427862 0.164162 0.251794 -0.373997 0.730904 -0.838482 4.644858 -5.794455 1.218628
0.512000 0.427491 0.164890 0.250957 -0.369364 0.725106 -0.837213 4.620542 -5.800734 1.318841
0.513000 0.427124 0.165612 0.250120 -0.364756 0.719303 -0.835845 4.595875 -5.807078 1.418744
0.514000 0.426761 0.166329 0.249285 -0.360173 0.713492 -0.834376 4.570838 -5.813465 1.518382
0.515000 0.426403 0.167039 0.248451 -0.355614 0.707676 -0.832808 4.545311 -5.819673 1.617618
0.516000 0.426050 0.167744 0.247619 -0.351082 0.701853 -0.831141 4.519265 -5.825673 1.716508
0.517000 0.425701 0.168443 0.246789 -0.346576 0.696024 -0.829375 4.492790 -5.831673 1.815322
0.518000 0.425357 0.169136 0.245961 -0.342096 0.690190 -0.827510 4.465922 -5.837797 1.914184
0.519000 0.425017 0.169823 0.245134 -0.337644 0.684349 -0.825546 4.438609 -5.844004 2.012999
0.520000 0.424681 0.170505 0.244309 -0.333219 0.678502 -0.823484 4.410819 -5.850230 2.111618
0.521000 0.424350 0.171180 0.243487 -0.328822 0.672648 -0.821323 4.382564 -5.856373 2.209800
0.522000 0.424024 0.171850 0.242667 -0.324454 0.666789 -0.819064 4.353876 -5.862310 2.307250
0.523000 0.423702 0.172514 0.241849 -0.320115 0.660924 -0.816709 4.324849 -5.868090 2.403929
0.524000 0.423384 0.173172 0.241033 -0.315804 0.655053 -0.814257 4.295592 -5.873882 2.500033
0.525000 0.423070 0.173824 0.240220 -0.311523 0.649176 -0.811709 4.266096 -5.879652 2.595589
0.526000 0.422761 0.174470 0.239410 -0.307272 0.643293 -0.809065 4.236260 -5.885185 2.690440
0.527000 0.422455 0.175111 0.238602 -0.303051 0.637405 -0.806328 4.206061 -5.890442 2.784619
0.528000 0.422154 0.175745 0.237797 -0.298860 0.631512 -0.803496 4.175573 -5.895610 2.878383
0.529000 0.421858 0.176374 0.236995 -0.294700 0.625614 -0.800571 4.144813 -5.900806 2.971858
0.530000 0.421565 0.176996 0.236196 -0.290570 0.619711 -0.797552 4.113721 -5.905997 3.064959
0.531000 0.421277 0.177613 0.235400 -0.286472 0.613802 -0.794441 4.082266 -5.911138 3.157558
0.532000 0.420992 0.178224 0.234607 -0.282406 0.607889 -0.791237 4.050473 -5.916162 3.249446
0.533000 0.420712 0.178829 0.233818 -0.278371 0.601970 -0.787942 4.018399 -5.920988 3.340370
0.534000 0.420435 0.179428 0.233031 -0.274369 0.596047 -0.784557 3.986148 -5.925680 3.430313
0.535000 0.420163 0.180021 0.232249 -0.270399 0.590119 -0.781082 3.953826 -5.930383 3.519471
0.536000 0.419895 0.180608 0.231469 -0.266461 0.584186 -0.777518 3.921433 -5.935031 3.607869
0.537000 0.419630 0.181189 0.230693 -0.262556 0.578249 -0.773866 3.888890 -5.939380 3.695348
0.538000 0.419369 0.181765 0.229921 -0.258684 0.572307 -0.770127 3.856185 -5.943358 3.781936
0.539000 0.419113 0.182334 0.229153 -0.254844 0.566362 -0.766302 3.823378 -5.947117 3.867877
0.540000 0.418860 0.182897 0.228389 -0.251037 0.560413 -0.762391 3.790472 -5.950764 3.953286
0.541000 0.418611 0.183455 0.227628 -0.247263 0.554460 -0.758395 3.757410 -5.954303 4.038126
0.542000 0.418365 0.184006 0.226872 -0.243522 0.548504 -0.754315 3.724195 -5.957842 4.122507
0.543000 0.418124 0.184552 0.226120 -0.239815 0.542545 -0.750150 3.690924 -5.961580 4.206655
0.544000 0.417886 0.185091 0.225372 -0.236140 0.536581 -0.745902 3.657690 -5.965589 4.290576
0.545000 0.417651 0.185625 0.224628 -0.232499 0.530613 -0.741569 3.624539 -5.969780 4.374039
0.546000 0.417421 0.186153 0.223889 -0.228891 0.524641 -0.737154 3.591482 -5.974015 4.456824
0.547000 0.417194 0.186674 0.223154 -0.225316 0.518665 -0.732656 3.558461 -5.978074 4.538741
0.548000 0.416970 0.187190 0.222423 -0.221774 0.512685 -0.728076 3.525384 -5.981689 4.619607
0.549000 0.416750 0.187700 0.221698 -0.218265 0.506702 -0.723416 3.492227 -5.984777 4.699460
0.550000 0.416533 0.188203 0.220976 -0.214790 0.500716 -0.718677 3.459042 -5.987468 4.778517
0.551000 0.416320 0.188701 0.220260 -0.211347 0.494727 -0.713859 3.425845 -5.989859 4.856851
0.552000 0.416111 0.189193 0.219549 -0.207938 0.488736 -0.708964 3.392607 -5.991957 4.934379
0.553000 0.415905 0.189678 0.218842 -0.204562 0.482743 -0.703991 3.359347 -5.993860 5.011166
0.554000 0.415702 0.190158 0.218141 -0.201219 0.476748 -0.698941 3.326153 -5.995733 5.087423
0.555000 0.415502 0.190632 0.217444 -0.197910 0.470752 -0.693816 3.293110 -5.997612 5.163181
0.556000 0.415306 0.191100 0.216753 -0.194633 0.464753 -0.688615 3.260261 -5.999384 5.238265
0.557000 0.415113 0.191561 0.216067 -0.191389 0.458753 -0.683339 3.227615 -6.000902 5.312500
0.558000 0.414923 0.192017 0.215386 -0.188178 0.452751 -0.677990 3.195115 -6.001969 5.385726
0.559000 0.414736 0.192467 0.214711 -0.184999 0.446749 -0.672568 3.162668 -6.002356 5.457782
0.560000 0.414553 0.192911 0.214041 -0.181853 0.440747 -0.667074 3.130242 -6.001995 5.528705
0.561000 0.414373 0.193348 0.213377 -0.178739 0.434745 -0.661510 3.097883 -6.000993 5.598699
0.562000 0.414196 0.193780 0.212718 -0.175657 0.428745 -0.655877 3.065627 -5.999412 5.667836
0.563000 0.414021 0.194206 0.212065 -0.172607 0.422746 -0.650175 3.033477 -5.997232 5.736045
0.564000 0.413850 0.194626 0.211418 -0.169590 0.416750 -0.644405 3.001467 -5.994513 5.803390
0.565000 0.413682 0.195039 0.210776 -0.166604 0.410757 -0.638568 2.969672 -5.991399 5.870075
0.566000 0.413517 0.195447 0.210141 -0.163651 0.404767 -0.632665 2.938147 -5.987940 5.936153
0.567000 0.413355 0.195849 0.209511 -0.160728 0.398781 -0.626696 2.906906 -5.984063 6.001494
0.568000 0.413196 0.196245 0.208887 -0.157837 0.392799 -0.620662 2.875944 -5.979653 6.065963
0.569000 0.413039 0.196635 0.208270 -0.154976 0.386822 -0.614564 2.845222 -5.974531 6.129417
0.570000 0.412886 0.197018 0.207658 -0.152146 0.380850 -0.608403 2.814682 -5.968477 6.191709
0.571000 0.412735 0.197396 0.207053 -0.149347 0.374885 -0.602180 2.784313 -5.961412 6.252865
0.572000 0.412587 0.197768 0.206454 -0.146578 0.368927 -0.595897 2.754149 -5.953419 6.313057
0.573000 0.412442 0.198134 0.205861 -0.143839 0.362978 -0.589554 2.724196 -5.944553 6.372323
0.574000 0.412299 0.198494 0.205275 -0.141129 0.357038 -0.583152 2.694426 -5.934794 6.430561
0.575000 0.412160 0.198848 0.204695 -0.138450 0.351109 -0.576693 2.664846 -5.924195 6.487800
0.576000 0.412022 0.199196 0.204121 -0.135800 0.345190 -0.570177 2.635510 -5.912877 6.544206
0.577000 0.411888 0.199539 0.203555 -0.133179 0.339283 -0.563605 2.606467 -5.900880 6.599821
0.578000 0.411756 0.199875 0.202994 -0.130587 0.333388 -0.556977 2.577745 -5.888162 6.654552
0.579000 0.411627 0.200205 0.202441 -0.128023 0.327506 -0.550295 2.549389 -5.874747 6.708428
0.580000 0.411500 0.200530 0.201894 -0.125488 0.321639 -0.543560 2.521442 -5.860690 6.761600
0.581000 0.411376 0.200849 0.201353 -0.122980 0.315785 -0.536772 2.493897 -5.845908 6.814086
0.582000 0.411254 0.201161 0.200820 -0.120500 0.309947 -0.529932 2.466696 -5.830185 6.865733
0.583000 0.411135 0.201469 0.200294 -0.118047 0.304125 -0.523041 2.439790 -5.813352 6.916384
0.584000 0.411018 0.201770 0.199774 -0.115620 0.298320 -0.516099 2.413144 -5.795327 6.965871
0.585000 0.410904 0.202065 0.199261 -0.113221 0.292534 -0.509109 2.386725 -5.776071 7.014025
0.586000 0.410792 0.202355 0.198756 -0.110847 0.286768 -0.502071 2.360538 -5.755629 7.060833
0.587000 0.410682 0.202639 0.198257 -0.108500 0.281023 -0.494987 2.334622 -5.734110 7.106430
0.588000 0.410575 0.202917 0.197766 -0.106178 0.275300 -0.487858 2.308999 -5.711571 7.150862
0.589000 0.410470 0.203189 0.197282 -0.103882 0.269600 -0.480686 2.283673 -5.688011 7.194064
0.590000 0.410367 0.203456 0.196804 -0.101610 0.263924 -0.473470 2.258663 -5.663470 7.236071
0.591000 0.410266 0.203717 0.196335 -0.099364 0.258273 -0.466214 2.233998 -5.637994 7.277011
0.592000 0.410168 0.203973 0.195872 -0.097142 0.252648 -0.458916 2.209668 -5.611492 7.316882
0.593000 0.410072 0.204222 0.195417 -0.094945 0.247050 -0.451580 2.185628 -5.583760 7.355528
0.594000 0.409978 0.204467 0.194969 -0.092771 0.241480 -0.444205 2.161840 -5.554651 7.392785
0.595000 0.409886 0.204705 0.194528 -0.090621 0.235940 -0.436794 2.138276 -5.524116 7.428483
0.596000 0.409797 0.204939 0.194095 -0.088495 0.230432 -0.429348 2.114919 -5.492163 7.462444
0.597000 0.409709 0.205166 0.193670 -0.086391 0.224956 -0.421869 2.091772 -5.458854 7.494635
0.598000 0.409624 0.205388 0.193252 -0.084311 0.219514 -0.414359 2.068861 -5.424278 7.525152
0.599000 0.409541 0.205605 0.192841 -0.082254 0.214108 -0.406819 2.046187 -5.388464 7.554019
0.600000 0.409460 0.205817 0.192438 -0.080219 0.208737 -0.399251 2.023729 -5.351383 7.581158
0.601000 0.409380 0.206023 0.192042 -0.078206 0.203405 -0.391657 2.001482 -5.313049 7.606581
0.602000 0.409303 0.206224 0.191655 -0.076216 0.198111 -0.384038 1.979454 -5.273499 7.630376
0.603000 0.409228 0.206419 0.191274 -0.074247 0.192858 -0.376396 1.957612 -5.232688 7.652517
0.604000 0.409155 0.206609 0.190902 -0.072301 0.187646 -0.368733 1.935893 -5.190500 7.672863
0.605000 0.409083 0.206794 0.190537 -0.070375 0.182477 -0.361050 1.914264 -5.146885 7.691367
0.606000 0.409014 0.206974 0.190180 -0.068472 0.177352 -0.353350 1.892733 -5.101890 7.708070
0.607000 0.408946 0.207149 0.189830 -0.066590 0.172273 -0.345634 1.871310 -5.055574 7.722887
0.608000 0.408881 0.207319 0.189488 -0.064729 0.167241 -0.337904 1.849990 -5.007961 7.735592
0.609000 0.408817 0.207483 0.189154 -0.062890 0.162257 -0.330163 1.828765 -4.959066 7.745990
0.610000 0.408755 0.207643 0.188828 -0.061072 0.157323 -0.322412 1.807626 -4.908879 7.753936
0.611000 0.408695 0.207798 0.188510 -0.059275 0.152439 -0.314655 1.786562 -4.857380 7.759314
0.612000 0.408636 0.207948 0.188199 -0.057499 0.147608 -0.306894 1.765575 -4.804580 7.762103
0.613000 0.408580 0.208093 0.187896 -0.055744 0.142830 -0.299131 1.744670 -4.750504 7.762342
0.614000 0.408525 0.208234 0.187601 -0.054009 0.138107 -0.291369 1.723825 -4.695105 7.759948
0.615000 0.408472 0.208370 0.187313 -0.052296 0.133440 -0.283611 1.702989 -4.638284 7.754733
0.616000 0.408420 0.208501 0.187033 -0.050603 0.128830 -0.275860 1.682136 -4.579989 7.746600
0.617000 0.408371 0.208627 0.186761 -0.048932 0.124280 -0.268118 1.661264 -4.520245 7.735545
0.618000 0.408323 0.208749 0.186497 -0.047281 0.119790 -0.260388 1.640366 -4.459089 7.721478
0.619000 0.408276 0.208867 0.186241 -0.045651 0.115362 -0.252675 1.619416 -4.396532 7.704196
0.620000 0.408231 0.208980 0.185992 -0.044042 0.110997 -0.244980 1.598376 -4.332594 7.683506
0.621000 0.408188 0.209089 0.185751 -0.042454 0.106697 -0.237308 1.577194 -4.267302 7.659237
0.622000 0.408146 0.209193 0.185517 -0.040888 0.102462 -0.229662 1.555807 -4.200691 7.631228
0.623000 0.408106 0.209294 0.185291 -0.039343 0.098295 -0.222045 1.534174 -4.132801 7.599405
0.624000 0.408068 0.209390 0.185073 -0.037819 0.094197 -0.214463 1.512285 -4.063661 7.563755
0.625000 0.408031 0.209482 0.184862 -0.036318 0.090168 -0.206918 1.490121 -3.993232 7.524165
0.626000 0.407995 0.209570 0.184659 -0.034839 0.086210 -0.199414 1.467649 -3.921436 7.480432
0.627000 0.407961 0.209655 0.184464 -0.033383 0.082325 -0.191957 1.444852 -3.848228 7.432428
0.628000 0.407928 0.209735 0.184275 -0.031949 0.078514 -0.184550 1.421719 -3.773630 7.380099
0.629000 0.407897 0.209812 0.184094 -0.030539 0.074778 -0.177197 1.398231 -3.697685 7.323303
0.630000 0.407867 0.209884 0.183921 -0.029153 0.071118 -0.169903 1.374348 -3.620435 7.261807
0.631000 0.407839 0.209954 0.183755 -0.027791 0.067537 -0.162673 1.350048 -3.541924 7.195458
0.632000 0.407812 0.210020 0.183596 -0.026453 0.064035 -0.155512 1.325327 -3.462198 7.124194
0.633000 0.407786 0.210082 0.183444 -0.025140 0.060613 -0.148425 1.300183 -3.381294 7.047895
0.634000 0.407761 0.210141 0.183299 -0.023852 0.057272 -0.141416 1.274604 -3.299234 6.966350
0.635000 0.407738 0.210196 0.183161 -0.022591 0.054014 -0.134492 1.248568 -3.216020 6.879334
0.636000 0.407716 0.210249 0.183030 -0.021355 0.050840 -0.127658 1.222036 -3.131618 6.786598
0.637000 0.407695 0.210298 0.182905 -0.020147 0.047751 -0.120919 1.194959 -3.045977 6.687880
0.638000 0.407676 0.210344 0.182788 -0.018965 0.044748 -0.114282 1.167306 -2.959067 6.583002
0.639000 0.407657 0.210388 0.182677 -0.017812 0.041833 -0.107753 1.139066 -2.870903 6.471867
0.640000 0.407640 0.210428 0.182572 -0.016687 0.039006 -0.101338 1.110226 -2.781523 6.354308
0.641000 0.407624 0.210466 0.182474 -0.015592 0.036270 -0.095044 1.080771 -2.690966 6.230087
0.642000 0.407609 0.210501 0.182382 -0.014526 0.033624 -0.088878 1.050687 -2.599268 6.099030
0.643000 0.407595 0.210533 0.182296 -0.013490 0.031071 -0.082846 1.019959 -2.506463 5.961033
0.644000 0.407582 0.210563 0.182217 -0.012486 0.028611 -0.076956 0.988546 -2.412584 5.815933
0.645000 0.407570 0.210590 0.182143 -0.011513 0.026246 -0.071214 0.956393 -2.317658 5.663486
0.646000 0.407559 0.210615 0.182074 -0.010573 0.023976 -0.065629 0.923449 -2.221700 5.503431
0.647000 0.407549 0.210638 0.182011 -0.009666 0.021803 -0.060207 0.889679 -2.124711 5.335489
0.648000 0.407540 0.210659 0.181954 -0.008794 0.019727 -0.054958 0.855056 -2.026679 5.159366
0.649000 0.407531 0.210677 0.181901 -0.007956 0.017749 -0.049889 0.819563 -1.927601 4.974848
0.650000 0.407524 0.210694 0.181854 -0.007155 0.015871 -0.045008 0.783186 -1.827495 4.781793
0.651000 0.407517 0.210709 0.181811 -0.006390 0.014094 -0.040325 0.745905 -1.726400 4.580000
0.652000 0.407511 0.210722 0.181773 -0.005663 0.012419 -0.035848 0.707695 -1.624366 4.369206
0.653000 0.407506 0.210734 0.181740 -0.004974 0.010845 -0.031587 0.668530 -1.521432 4.149203
0.654000 0.407501 0.210744 0.181710 -0.004326 0.009376 -0.027550 0.628387 -1.417631 3.919853
0.655000 0.407497 0.210753 0.181685 -0.003718 0.008010 -0.023747 0.587216 -1.312999 3.680964
0.656000 0.407494 0.210760 0.181663 -0.003151 0.006750 -0.020188 0.544954 -1.207578 3.432289
0.657000 0.407491 0.210766 0.181644 -0.002628 0.005595 -0.016882 0.501552 -1.101403 3.173631
0.658000 0.407488 0.210771 0.181629 -0.002148 0.004547 -0.013841 0.456981 -0.994489 2.904835
0.659000 0.407486 0.210775 0.181617 -0.001714 0.003606 -0.011073 0.411216 -0.886843 2.625674
0.660000 0.407485 0.210779 0.181607 -0.001326 0.002773 -0.008589 0.194015 -0.416418 1.241732
0.661000 0.407484 0.210781 0.181599 -0.001326 0.002773 -0.008589 0.194015 -0.416418 1.241732
