0.000000 0.667825 -0.191657 0.137270 -0.001684 -0.008621 0.011010 -0.204186 -0.018039 0.647927
0.001000 0.667824 -0.191666 0.137281 -0.001684 -0.008621 0.011010 -0.204186 -0.018039 0.647927
0.002000 0.667822 -0.191674 0.137292 -0.002092 -0.008657 0.012306 -0.416592 -0.032258 1.319080
0.003000 0.667820 -0.191683 0.137305 -0.002517 -0.008686 0.013648 -0.433191 -0.024376 1.365909
0.004000 0.667817 -0.191692 0.137320 -0.002959 -0.008706 0.015038 -0.450108 -0.015994 1.413487
0.005000 0.667814 -0.191700 0.137336 -0.003418 -0.008718 0.016475 -0.467339 -0.007067 1.461800
0.006000 0.667810 -0.191709 0.137353 -0.003894 -0.008720 0.017961 -0.484882 0.002436 1.510832
0.007000 0.667806 -0.191718 0.137371 -0.004387 -0.008713 0.019497 -0.502746 0.012523 1.560567
0.008000 0.667801 -0.191727 0.137392 -0.004899 -0.008695 0.021082 -0.520949 0.023180 1.610986
0.009000 0.667796 -0.191735 0.137414 -0.005429 -0.008667 0.022719 -0.539523 0.034381 1.662070
0.010000 0.667790 -0.191744 0.137437 -0.005978 -0.008626 0.024406 -0.558487 0.046108 1.713797
0.011000 0.667784 -0.191752 0.137462 -0.006546 -0.008574 0.026146 -0.577846 0.058360 1.766145
0.012000 0.667777 -0.191761 0.137489 -0.007134 -0.008510 0.027939 -0.597595 0.071144 1.819088
0.013000 0.667770 -0.191769 0.137518 -0.007741 -0.008432 0.029784 -0.617728 0.084467 1.872602
0.014000 0.667762 -0.191778 0.137549 -0.008369 -0.008341 0.031684 -0.638237 0.098339 1.926669
0.015000 0.667753 -0.191786 0.137582 -0.009018 -0.008235 0.033638 -0.659115 0.112766 1.981285
0.016000 0.667744 -0.191794 0.137616 -0.009687 -0.008115 0.035646 -0.680353 0.127758 2.036452
0.017000 0.667734 -0.191802 0.137653 -0.010379 -0.007980 0.037711 -0.701944 0.143322 2.092161
0.018000 0.667723 -0.191810 0.137692 -0.011091 -0.007829 0.039831 -0.723888 0.159467 2.148387
0.019000 0.667712 -0.191818 0.137733 -0.011826 -0.007661 0.042007 -0.746201 0.176199 2.205095
0.020000 0.667699 -0.191826 0.137776 -0.012584 -0.007476 0.044241 -0.768904 0.193526 2.262245
0.021000 0.667686 -0.191833 0.137821 -0.013364 -0.007274 0.046532 -0.792013 0.211456 2.319806
0.022000 0.667673 -0.191840 0.137869 -0.014168 -0.007053 0.048881 -0.815524 0.229996 2.377760
0.023000 0.667658 -0.191847 0.137919 -0.014995 -0.006814 0.051287 -0.839425 0.249152 2.436094
0.024000 0.667643 -0.191854 0.137971 -0.015847 -0.006555 0.053753 -0.863704 0.268932 2.494786
0.025000 0.667626 -0.191860 0.138026 -0.016723 -0.006276 0.056277 -0.888343 0.289343 2.553805
0.026000 0.667609 -0.191866 0.138084 -0.017623 -0.005976 0.058860 -0.913329 0.310389 2.613126
0.027000 0.667591 -0.191872 0.138144 -0.018549 -0.005655 0.061503 -0.938643 0.332078 2.672725
0.028000 0.667572 -0.191878 0.138207 -0.019501 -0.005312 0.064206 -0.964268 0.354415 2.732571
0.029000 0.667552 -0.191883 0.138273 -0.020478 -0.004946 0.066968 -0.990186 0.377405 2.792623
0.030000 0.667531 -0.191888 0.138341 -0.021481 -0.004557 0.069791 -1.016377 0.401053 2.852845
0.031000 0.667509 -0.191892 0.138412 -0.022511 -0.004144 0.072674 -1.042823 0.425362 2.913206
0.032000 0.667486 -0.191896 0.138486 -0.023567 -0.003707 0.075617 -1.069512 0.450327 2.973671
0.033000 0.667462 -0.191899 0.138563 -0.024650 -0.003244 0.078621 -1.096447 0.475925 3.034204
0.034000 0.667437 -0.191902 0.138643 -0.025760 -0.002755 0.081686 -1.123639 0.502126 3.094766
0.035000 0.667410 -0.191905 0.138727 -0.026897 -0.002239 0.084811 -1.151092 0.528906 3.155307
0.036000 0.667383 -0.191907 0.138813 -0.028062 -0.001697 0.087997 -1.178812 0.556259 3.215777
0.037000 0.667354 -0.191908 0.138903 -0.029254 -0.001127 0.091242 -1.206824 0.584184 3.276144
0.038000 0.667324 -0.191909 0.138996 -0.030475 -0.000529 0.094549 -1.235168 0.612683 3.336388
0.039000 0.667293 -0.191909 0.139092 -0.031725 0.000099 0.097915 -1.263865 0.641757 3.396474
0.040000 0.667261 -0.191909 0.139191 -0.033003 0.000755 0.101342 -1.292907 0.671405 3.456336
0.041000 0.667227 -0.191908 0.139294 -0.034311 0.001441 0.104828 -1.322265 0.701627 3.515907
0.042000 0.667192 -0.191906 0.139401 -0.035648 0.002158 0.108374 -1.351907 0.732421 3.575124
0.043000 0.667156 -0.191903 0.139511 -0.037014 0.002906 0.111978 -1.381810 0.763775 3.633928
0.044000 0.667118 -0.191900 0.139625 -0.038411 0.003686 0.115641 -1.411964 0.795660 3.692274
0.045000 0.667079 -0.191896 0.139742 -0.039838 0.004498 0.119363 -1.442366 0.828040 3.750120
0.046000 0.667039 -0.191891 0.139864 -0.041296 0.005342 0.123142 -1.473006 0.860886 3.807410
0.047000 0.666997 -0.191885 0.139989 -0.042784 0.006219 0.126978 -1.503864 0.894182 3.864086
0.048000 0.666953 -0.191879 0.140118 -0.044304 0.007130 0.130870 -1.534926 0.927921 3.920133
0.049000 0.666908 -0.191871 0.140251 -0.045854 0.008075 0.134818 -1.566184 0.962096 3.975560
0.050000 0.666861 -0.191863 0.140387 -0.047436 0.009054 0.138821 -1.597621 0.996701 4.030345
0.051000 0.666813 -0.191853 0.140528 -0.049049 0.010069 0.142879 -1.629212 1.031727 4.084425
0.052000 0.666763 -0.191842 0.140673 -0.050694 0.011118 0.146990 -1.660936 1.067164 4.137748
0.053000 0.666712 -0.191831 0.140822 -0.052371 0.012203 0.151154 -1.692780 1.103002 4.190273
0.054000 0.666659 -0.191818 0.140975 -0.054080 0.013324 0.155370 -1.724721 1.139230 4.241937
0.055000 0.666604 -0.191804 0.141133 -0.055821 0.014481 0.159638 -1.756727 1.175836 4.292652
0.056000 0.666547 -0.191789 0.141295 -0.057593 0.015676 0.163956 -1.788771 1.212805 4.342345
0.057000 0.666488 -0.191773 0.141461 -0.059398 0.016907 0.168323 -1.820835 1.250123 4.390971
0.058000 0.666428 -0.191755 0.141631 -0.061235 0.018176 0.172738 -1.852909 1.287774 4.438493
0.059000 0.666366 -0.191736 0.141806 -0.063104 0.019482 0.177200 -1.884994 1.325741 4.484905
0.060000 0.666302 -0.191716 0.141986 -0.065005 0.020827 0.181707 -1.917101 1.364006 4.530210
0.061000 0.666236 -0.191695 0.142170 -0.066938 0.022210 0.186260 -1.949219 1.402549 4.574370
0.062000 0.666168 -0.191672 0.142358 -0.068904 0.023632 0.190856 -1.981314 1.441349 4.617308
0.063000 0.666098 -0.191648 0.142551 -0.070901 0.025093 0.195495 -2.013350 1.480383 4.658975
0.064000 0.666026 -0.191622 0.142749 -0.072930 0.026593 0.200174 -2.045292 1.519629 4.699353
0.065000 0.665952 -0.191594 0.142952 -0.074992 0.028132 0.204893 -2.077101 1.559060 4.738386
0.066000 0.665876 -0.191565 0.143159 -0.077084 0.029711 0.209651 -2.108744 1.598650 4.775991
0.067000 0.665798 -0.191535 0.143371 -0.079209 0.031330 0.214445 -2.140227 1.638371 4.812126
0.068000 0.665718 -0.191503 0.143588 -0.081365 0.032988 0.219275 -2.171577 1.678193 4.846803
0.069000 0.665635 -0.191469 0.143810 -0.083552 0.034686 0.224139 -2.202815 1.718085 4.880043
0.070000 0.665551 -0.191433 0.144036 -0.085771 0.036424 0.229035 -2.233941 1.758013 4.911898
0.071000 0.665464 -0.191396 0.144268 -0.088020 0.038202 0.233963 -2.264946 1.797943 4.942428
0.072000 0.665375 -0.191357 0.144504 -0.090300 0.040020 0.238920 -2.295798 1.837843 4.971622
0.073000 0.665283 -0.191316 0.144746 -0.092612 0.041878 0.243906 -2.326454 1.877694 4.999405
0.074000 0.665190 -0.191273 0.144992 -0.094953 0.043775 0.248919 -2.356876 1.917507 5.025732
0.075000 0.665093 -0.191229 0.145243 -0.097325 0.045713 0.253957 -2.387043 1.957308 5.050601
0.076000 0.664995 -0.191182 0.145500 -0.099727 0.047690 0.259020 -2.416918 1.997108 5.073961
0.077000 0.664894 -0.191133 0.145761 -0.102159 0.049707 0.264105 -2.446454 2.036889 5.095724
0.078000 0.664791 -0.191082 0.146028 -0.104620 0.051764 0.269212 -2.475634 2.076635 5.115879
0.079000 0.664685 -0.191030 0.146300 -0.107110 0.053860 0.274337 -2.504463 2.116331 5.134487
0.080000 0.664576 -0.190975 0.146577 -0.109629 0.055996 0.279480 -2.532947 2.155962 5.151615
0.081000 0.664465 -0.190918 0.146859 -0.112176 0.058172 0.284640 -2.561086 2.195509 5.167341
0.082000 0.664352 -0.190858 0.147146 -0.114751 0.060388 0.289815 -2.588878 2.234953 5.181744
0.083000 0.664236 -0.190797 0.147438 -0.117354 0.062642 0.295004 -2.616295 2.274264 5.194816
0.084000 0.664117 -0.190733 0.147736 -0.119984 0.064936 0.300205 -2.643285 2.313414 5.206477
0.085000 0.663996 -0.190667 0.148039 -0.122641 0.067269 0.305417 -2.669813 2.352392 5.216708
0.086000 0.663872 -0.190599 0.148347 -0.125324 0.069641 0.310638 -2.695863 2.391203 5.225555
0.087000 0.663745 -0.190528 0.148660 -0.128032 0.072051 0.315868 -2.721400 2.429836 5.232989
0.088000 0.663616 -0.190454 0.148979 -0.130766 0.074501 0.321104 -2.746382 2.468274 5.238921
0.089000 0.663484 -0.190379 0.149302 -0.133525 0.076988 0.326346 -2.770815 2.506523 5.243338
0.090000 0.663349 -0.190300 0.149631 -0.136308 0.079514 0.331591 -2.794746 2.544614 5.246316
0.091000 0.663211 -0.190220 0.149965 -0.139115 0.082077 0.336838 -2.818214 2.582558 5.247927
0.092000 0.663071 -0.190136 0.150305 -0.141945 0.084679 0.342087 -2.841236 2.620331 5.248240
0.093000 0.662927 -0.190050 0.150650 -0.144797 0.087318 0.347335 -2.863821 2.657891 5.247314
0.094000 0.662781 -0.189962 0.151000 -0.147672 0.089994 0.352581 -2.885939 2.695188 5.245117
0.095000 0.662632 -0.189870 0.151355 -0.150569 0.092708 0.357825 -2.907539 2.732185 5.241540
0.096000 0.662480 -0.189776 0.151715 -0.153487 0.095459 0.363064 -2.928611 2.768897 5.236563
0.097000 0.662325 -0.189679 0.152081 -0.156426 0.098246 0.368298 -2.949176 2.805369 5.230241
0.098000 0.662167 -0.189580 0.152452 -0.159386 0.101070 0.373525 -2.969219 2.841614 5.222548
0.099000 0.662006 -0.189477 0.152828 -0.162365 0.103929 0.378743 -2.988688 2.877606 5.213389
0.100000 0.661842 -0.189372 0.153209 -0.165363 0.106825 0.383952 -3.007563 2.913328 5.202773
0.101000 0.661675 -0.189264 0.153596 -0.168380 0.109756 0.389149 -3.025861 2.948783 5.190828
0.102000 0.661506 -0.189152 0.153988 -0.171415 0.112722 0.394333 -3.043600 2.983975 5.177679
0.103000 0.661333 -0.189038 0.154385 -0.174467 0.115724 0.399504 -3.060791 3.018900 5.163442
0.104000 0.661157 -0.188921 0.154787 -0.177536 0.118760 0.404660 -3.077445 3.053555 5.148230
0.105000 0.660978 -0.188801 0.155194 -0.180622 0.121831 0.409801 -3.093528 3.087909 5.132034
0.106000 0.660795 -0.188677 0.155606 -0.183723 0.124936 0.414924 -3.108977 3.121916 5.114752
0.107000 0.660610 -0.188551 0.156024 -0.186840 0.128075 0.420030 -3.123777 3.155563 5.096390
0.108000 0.660422 -0.188421 0.156446 -0.189971 0.131247 0.425117 -3.137962 3.188872 5.077075
0.109000 0.660230 -0.188288 0.156874 -0.193116 0.134453 0.430184 -3.151574 3.221869 5.056932
0.110000 0.660035 -0.188152 0.157307 -0.196274 0.137691 0.435231 -3.164666 3.254592 5.036079
0.111000 0.659838 -0.188013 0.157744 -0.199445 0.140962 0.440256 -3.177295 3.287086 5.014630
0.112000 0.659637 -0.187870 0.158187 -0.202629 0.144265 0.445260 -3.189458 3.319350 4.992566
0.113000 0.659432 -0.187724 0.158635 -0.205824 0.147600 0.450242 -3.201091 3.351336 4.969761
0.114000 0.659225 -0.187575 0.159088 -0.209031 0.150968 0.455200 -3.212160 3.383013 4.946188
0.115000 0.659014 -0.187422 0.159545 -0.212248 0.154366 0.460134 -3.222666 3.414370 4.921913
0.116000 0.658800 -0.187266 0.160008 -0.215476 0.157796 0.465044 -3.232571 3.445369 4.896902
0.117000 0.658583 -0.187107 0.160475 -0.218714 0.161257 0.469928 -3.241797 3.475950 4.871020
0.118000 0.658363 -0.186944 0.160948 -0.221960 0.164748 0.474786 -3.250322 3.506091 4.844244
0.119000 0.658139 -0.186777 0.161425 -0.225214 0.168269 0.479616 -3.258170 3.535804 4.816657
0.120000 0.657913 -0.186607 0.161907 -0.228476 0.171820 0.484419 -3.265314 3.565065 4.788233
0.121000 0.657682 -0.186434 0.162394 -0.231745 0.175399 0.489193 -3.271699 3.593818 4.758837
0.122000 0.657449 -0.186257 0.162885 -0.235019 0.179008 0.493937 -3.277340 3.622058 4.728456
0.123000 0.657212 -0.186076 0.163382 -0.238299 0.182644 0.498650 -3.282329 3.649823 4.697217
0.124000 0.656972 -0.185891 0.163883 -0.241584 0.186307 0.503331 -3.286736 3.677142 4.665245
0.125000 0.656729 -0.185703 0.164388 -0.244873 0.189998 0.507980 -3.290597 3.704023 4.632657
0.126000 0.656483 -0.185511 0.164899 -0.248165 0.193715 0.512596 -3.293928 3.730463 4.599567
0.127000 0.656233 -0.185316 0.165414 -0.251461 0.197459 0.517179 -3.296683 3.756414 4.565940
0.128000 0.655980 -0.185116 0.165933 -0.254759 0.201228 0.521728 -3.298782 3.781809 4.531622
0.129000 0.655723 -0.184913 0.166457 -0.258058 0.205022 0.526242 -3.300218 3.806640 4.496568
0.130000 0.655464 -0.184706 0.166986 -0.261359 0.208841 0.530721 -3.301064 3.830959 4.460876
0.131000 0.655201 -0.184496 0.167518 -0.264660 0.212684 0.535164 -3.301388 3.854814 4.424648
0.132000 0.654934 -0.184281 0.168056 -0.267962 0.216551 0.539571 -3.301255 3.878250 4.387998
0.133000 0.654665 -0.184062 0.168598 -0.271263 0.220441 0.543940 -3.300726 3.901308 4.351042
0.134000 0.654392 -0.183840 0.169144 -0.274563 0.224354 0.548273 -3.299784 3.923965 4.313745
0.135000 0.654116 -0.183614 0.169694 -0.277863 0.228289 0.552568 -3.298359 3.946146 4.275963
0.136000 0.653836 -0.183383 0.170249 -0.281160 0.232246 0.556825 -3.296450 3.967822 4.237700
0.137000 0.653553 -0.183149 0.170808 -0.284455 0.236224 0.561043 -3.294125 3.989005 4.199095
0.138000 0.653267 -0.182911 0.171371 -0.287748 0.240224 0.565223 -3.291380 4.009661 4.160146
0.139000 0.652978 -0.182669 0.171938 -0.291038 0.244244 0.569363 -3.288130 4.029708 4.120702
0.140000 0.652685 -0.182422 0.172510 -0.294325 0.248283 0.573464 -3.284338 4.049128 4.080728
0.141000 0.652389 -0.182172 0.173085 -0.297607 0.252342 0.577525 -3.280044 4.067967 4.040346
0.142000 0.652090 -0.181918 0.173665 -0.300885 0.256419 0.581545 -3.275301 4.086278 3.999672
0.143000 0.651787 -0.181659 0.174248 -0.304157 0.260515 0.585524 -3.270190 4.104123 3.958820
0.144000 0.651482 -0.181397 0.174836 -0.307425 0.264627 0.589463 -3.264804 4.121570 3.917900
0.145000 0.651173 -0.181130 0.175427 -0.310687 0.268758 0.593360 -3.259146 4.138607 3.876857
0.146000 0.650860 -0.180859 0.176022 -0.313943 0.272905 0.597216 -3.253139 4.155147 3.835513
0.147000 0.650545 -0.180584 0.176622 -0.317193 0.277068 0.601031 -3.246776 4.171145 3.793830
0.148000 0.650226 -0.180305 0.177225 -0.320437 0.281247 0.604804 -3.240126 4.186606 3.751905
0.149000 0.649904 -0.180022 0.177831 -0.323674 0.285441 0.608535 -3.233175 4.201478 3.709691
0.150000 0.649579 -0.179734 0.178442 -0.326903 0.289650 0.612223 -3.225835 4.215668 3.666996
0.151000 0.649250 -0.179442 0.179056 -0.330125 0.293873 0.615869 -3.218088 4.229165 3.623743
0.152000 0.648918 -0.179147 0.179673 -0.333339 0.298108 0.619471 -3.209988 4.242025 3.579980
0.153000 0.648583 -0.178846 0.180295 -0.336545 0.302357 0.623029 -3.201514 4.254232 3.535627
0.154000 0.648245 -0.178542 0.180919 -0.339742 0.306617 0.626542 -3.192584 4.265709 3.490507
0.155000 0.647904 -0.178233 0.181548 -0.342930 0.310888 0.630010 -3.183219 4.276455 3.444632
0.156000 0.647559 -0.177920 0.182179 -0.346109 0.315170 0.633431 -3.173549 4.286561 3.398205
0.157000 0.647212 -0.177603 0.182815 -0.349278 0.319461 0.636806 -3.163692 4.296105 3.351412
0.158000 0.646861 -0.177281 0.183453 -0.352436 0.323762 0.640134 -3.153746 4.305144 3.304405
0.159000 0.646507 -0.176955 0.184095 -0.355585 0.328071 0.643415 -3.143801 4.313723 3.257314
0.160000 0.646150 -0.176625 0.184740 -0.358724 0.332389 0.646649 -3.133837 4.321800 3.210086
0.161000 0.645789 -0.176290 0.185388 -0.361853 0.336715 0.649835 -3.123751 4.329278 3.162531
0.162000 0.645426 -0.175952 0.186040 -0.364971 0.341048 0.652974 -3.113519 4.336153 3.114614
0.163000 0.645059 -0.175608 0.186694 -0.368080 0.345387 0.656064 -3.103194 4.342504 3.066447
0.164000 0.644690 -0.175261 0.187352 -0.371178 0.349733 0.659107 -3.092747 4.348322 3.017994
0.165000 0.644317 -0.174909 0.188012 -0.374265 0.354084 0.662100 -3.082073 4.353513 2.969071
0.166000 0.643941 -0.174553 0.188676 -0.377342 0.358440 0.665045 -3.071161 4.358062 2.919660
0.167000 0.643562 -0.174192 0.189342 -0.380408 0.362800 0.667940 -3.060109 4.362048 2.869932
0.168000 0.643180 -0.173827 0.190012 -0.383462 0.367164 0.670785 -3.049011 4.365548 2.820049
0.169000 0.642795 -0.173458 0.190684 -0.386506 0.371531 0.673580 -3.037958 4.368636 2.770155
0.170000 0.642407 -0.173084 0.191359 -0.389538 0.375901 0.676325 -3.027041 4.371378 2.720381
0.171000 0.642016 -0.172706 0.192037 -0.392560 0.380274 0.679021 -3.016235 4.373741 2.670665
0.172000 0.641622 -0.172323 0.192717 -0.395571 0.384649 0.681666 -3.005436 4.375622 2.620786
0.173000 0.641225 -0.171937 0.193400 -0.398571 0.389025 0.684262 -2.994638 4.377024 2.570653
0.174000 0.640825 -0.171545 0.194085 -0.401560 0.393403 0.686808 -2.983930 4.378047 2.520315
0.175000 0.640422 -0.171150 0.194774 -0.404538 0.397781 0.689303 -2.973305 4.378691 2.469684
0.176000 0.640016 -0.170750 0.195464 -0.407506 0.402160 0.691747 -2.962666 4.378855 2.418567
0.177000 0.639607 -0.170345 0.196157 -0.410464 0.406539 0.694140 -2.952023 4.378531 2.366992
0.178000 0.639195 -0.169937 0.196852 -0.413410 0.410917 0.696481 -2.941488 4.377800 2.315167
0.179000 0.638780 -0.169524 0.197550 -0.416347 0.415295 0.698770 -2.931065 4.376645 2.263116
0.180000 0.638362 -0.169106 0.198250 -0.419273 0.419671 0.701007 -2.920646 4.374950 2.210659
0.181000 0.637942 -0.168684 0.198952 -0.422188 0.424044 0.703192 -2.910205 4.372687 2.157745
0.182000 0.637518 -0.168258 0.199656 -0.425093 0.428416 0.705323 -2.899834 4.369948 2.104509
0.183000 0.637091 -0.167827 0.200363 -0.427988 0.432784 0.707401 -2.889618 4.366826 2.051075
0.184000 0.636662 -0.167392 0.201071 -0.430872 0.437150 0.709425 -2.879642 4.363428 1.997551
0.185000 0.636230 -0.166953 0.201782 -0.433747 0.441511 0.711396 -2.869986 4.359863 1.944032
0.186000 0.635795 -0.166509 0.202494 -0.436612 0.445869 0.713313 -2.860612 4.356113 1.890433
0.187000 0.635357 -0.166061 0.203208 -0.439468 0.450223 0.715177 -2.851391 4.352060 1.836547
0.188000 0.634916 -0.165609 0.203924 -0.442315 0.454573 0.716986 -2.842303 4.347703 1.782380
0.189000 0.634472 -0.165152 0.204642 -0.445153 0.458919 0.718741 -2.833428 4.343144 1.728118
0.190000 0.634025 -0.164691 0.205362 -0.447982 0.463260 0.720442 -2.824741 4.338370 1.673764
0.191000 0.633576 -0.164226 0.206083 -0.450802 0.467596 0.722089 -2.816114 4.333237 1.619127
0.192000 0.633124 -0.163756 0.206806 -0.453614 0.471926 0.723681 -2.807517 4.327675 1.564160
0.193000 0.632669 -0.163282 0.207530 -0.456417 0.476251 0.725217 -2.799044 4.321734 1.509012
0.194000 0.632211 -0.162803 0.208256 -0.459212 0.480570 0.726699 -2.790786 4.315491 1.453814
0.195000 0.631750 -0.162321 0.208984 -0.461999 0.484882 0.728125 -2.782834 4.309082 1.398663
0.196000 0.631287 -0.161834 0.209713 -0.464778 0.489188 0.729496 -2.775273 4.302673 1.343639
0.197000 0.630821 -0.161342 0.210443 -0.467549 0.493487 0.730812 -2.768062 4.296276 1.288641
0.198000 0.630352 -0.160847 0.211174 -0.470314 0.497780 0.732073 -2.761062 4.289771 1.233465
0.199000 0.629880 -0.160347 0.211907 -0.473072 0.502067 0.733279 -2.754249 4.283138 1.178152
0.200000 0.629406 -0.159843 0.212641 -0.475822 0.506347 0.734430 -2.747709 4.276467 1.122939
0.201000 0.628928 -0.159334 0.213376 -0.478567 0.510620 0.735525 -2.741413 4.269727 1.067862
0.202000 0.628449 -0.158821 0.214112 -0.481305 0.514886 0.736565 -2.735223 4.262760 1.012715
0.203000 0.627966 -0.158304 0.214849 -0.484037 0.519145 0.737550 -2.729107 4.255503 0.957389
0.204000 0.627480 -0.157783 0.215587 -0.486763 0.523397 0.738480 -2.723138 4.247996 0.901913
0.205000 0.626992 -0.157258 0.216326 -0.489484 0.527641 0.739354 -2.717277 4.240170 0.846167
0.206000 0.626501 -0.156728 0.217066 -0.492198 0.531877 0.740172 -2.711377 4.231872 0.789879
0.207000 0.626008 -0.156194 0.217806 -0.494906 0.536105 0.740934 -2.705393 4.223096 0.732926
0.208000 0.625512 -0.155656 0.218547 -0.497609 0.540324 0.741638 -2.699416 4.213997 0.675383
0.209000 0.625013 -0.155113 0.219289 -0.500305 0.544533 0.742285 -2.693533 4.204721 0.617373
0.210000 0.624511 -0.154566 0.220032 -0.502996 0.548733 0.742873 -2.687829 4.195391 0.559111
0.211000 0.624007 -0.154016 0.220775 -0.505681 0.552924 0.743403 -2.682386 4.186118 0.500864
0.212000 0.623500 -0.153461 0.221519 -0.508361 0.557105 0.743875 -2.677150 4.176853 0.442661
0.213000 0.622990 -0.152901 0.222263 -0.511035 0.561277 0.744288 -2.671963 4.167412 0.384307
0.214000 0.622478 -0.152338 0.223007 -0.513705 0.565440 0.744643 -2.666788 4.157715 0.325738
0.215000 0.621963 -0.151771 0.223752 -0.516369 0.569593 0.744940 -2.661706 4.147790 0.267044
0.216000 0.621445 -0.151199 0.224497 -0.519028 0.573736 0.745177 -2.656674 4.137552 0.208148
0.217000 0.620925 -0.150623 0.225243 -0.521682 0.577868 0.745356 -2.651525 4.126822 0.148794
0.218000 0.620402 -0.150043 0.225988 -0.524331 0.581989 0.745475 -2.646188 4.115576 0.088856
0.219000 0.619876 -0.149459 0.226734 -0.526975 0.586099 0.745534 -2.640727 4.103963 0.028404
0.220000 0.619348 -0.148871 0.227479 -0.529613 0.590197 0.745532 -2.635222 4.092129 -0.032442
0.221000 0.618817 -0.148279 0.228225 -0.532245 0.594283 0.745469 -2.629780 4.080213 -0.093470
0.222000 0.618283 -0.147682 0.228970 -0.534872 0.598358 0.745345 -2.624523 4.068353 -0.154419
0.223000 0.617747 -0.147082 0.229715 -0.537494 0.602420 0.745160 -2.619419 4.056506 -0.215260
0.224000 0.617208 -0.146478 0.230460 -0.540111 0.606471 0.744914 -2.614302 4.044465 -0.276201
0.225000 0.616667 -0.145869 0.231205 -0.542723 0.610509 0.744608 -2.609111 4.032107 -0.337334
0.226000 0.616123 -0.145257 0.231950 -0.545329 0.614535 0.744240 -2.603925 4.019456 -0.398564
0.227000 0.615576 -0.144640 0.232694 -0.547930 0.618548 0.743810 -2.598821 4.006572 -0.459807
0.228000 0.615027 -0.144019 0.233437 -0.550527 0.622548 0.743320 -2.593873 3.993587 -0.520991
0.229000 0.614475 -0.143395 0.234180 -0.553118 0.626535 0.742768 -2.589152 3.980675 -0.582056
0.230000 0.613921 -0.142766 0.234923 -0.555705 0.630509 0.742156 -2.584585 3.967825 -0.643117
0.231000 0.613364 -0.142134 0.235665 -0.558287 0.634471 0.741482 -2.579988 3.954873 -0.704400
0.232000 0.612804 -0.141497 0.236406 -0.560865 0.638419 0.740747 -2.575307 3.941802 -0.765901
0.233000 0.612242 -0.140857 0.237146 -0.563438 0.642354 0.739950 -2.570608 3.928737 -0.827425
0.234000 0.611677 -0.140213 0.237886 -0.566006 0.646277 0.739092 -2.565832 3.915649 -0.888965
0.235000 0.611110 -0.139564 0.238624 -0.568570 0.650186 0.738172 -2.560796 3.902327 -0.950733
0.236000 0.610540 -0.138912 0.239362 -0.571128 0.654081 0.737191 -2.555438 3.888662 -1.012815
0.237000 0.609968 -0.138256 0.240099 -0.573681 0.657963 0.736147 -2.549845 3.874703 -1.075112
0.238000 0.609393 -0.137596 0.240834 -0.576228 0.661831 0.735041 -2.544113 3.860530 -1.137531
0.239000 0.608815 -0.136933 0.241569 -0.578769 0.665684 0.733872 -2.538349 3.846281 -1.199993
0.240000 0.608235 -0.136265 0.242302 -0.581304 0.669523 0.732641 -2.532667 3.832121 -1.262426
0.241000 0.607652 -0.135594 0.243034 -0.583834 0.673348 0.731347 -2.527018 3.818026 -1.324939
0.242000 0.607067 -0.134918 0.243765 -0.586358 0.677159 0.729991 -2.521223 3.803800 -1.387745
0.243000 0.606480 -0.134239 0.244494 -0.588877 0.680956 0.728571 -2.515227 3.789383 -1.450831
0.244000 0.605890 -0.133556 0.245222 -0.591389 0.684738 0.727089 -2.509105 3.774863 -1.513988
0.245000 0.605297 -0.132870 0.245948 -0.593895 0.688506 0.725543 -2.502797 3.760169 -1.577201
0.246000 0.604702 -0.132179 0.246673 -0.596394 0.692258 0.723935 -2.496114 3.745059 -1.640678
0.247000 0.604104 -0.131485 0.247396 -0.598887 0.695996 0.722262 -2.488993 3.729409 -1.704518
0.248000 0.603504 -0.130787 0.248117 -0.601372 0.699717 0.720526 -2.481529 3.713264 -1.768640
0.249000 0.602901 -0.130086 0.248837 -0.603850 0.703422 0.718725 -2.473816 3.696710 -1.832964
0.250000 0.602296 -0.129381 0.249555 -0.606320 0.707111 0.716860 -2.465944 3.679903 -1.897404
0.251000 0.601689 -0.128672 0.250271 -0.608782 0.710782 0.714930 -2.458002 3.663041 -1.961875
0.252000 0.601079 -0.127959 0.250985 -0.611236 0.714437 0.712936 -2.449915 3.646111 -2.026469
0.253000 0.600466 -0.127243 0.251697 -0.613682 0.718074 0.710877 -2.441487 3.628931 -2.091393
0.254000 0.599851 -0.126523 0.252406 -0.616119 0.721695 0.708753 -2.432664 3.611481 -2.156640
0.255000 0.599234 -0.125799 0.253114 -0.618547 0.725297 0.706564 -2.423527 3.593909 -2.222018
0.256000 0.598614 -0.125072 0.253820 -0.620966 0.728882 0.704309 -2.414018 3.576185 -2.287516
0.257000 0.597992 -0.124342 0.254523 -0.623375 0.732450 0.701989 -2.403954 3.558069 -2.353333
0.258000 0.597368 -0.123607 0.255224 -0.625774 0.735999 0.699602 -2.393296 3.539425 -2.419548
0.259000 0.596741 -0.122870 0.255922 -0.628162 0.739529 0.697150 -2.382183 3.520300 -2.486060
0.260000 0.596111 -0.122128 0.256618 -0.630538 0.743039 0.694630 -2.370745 3.500784 -2.552776
0.261000 0.595480 -0.121384 0.257311 -0.632903 0.746530 0.692044 -2.359092 3.481058 -2.619612
0.262000 0.594845 -0.120635 0.258002 -0.635256 0.750001 0.689391 -2.347323 3.461348 -2.686495
0.263000 0.594209 -0.119884 0.258690 -0.637598 0.753453 0.686671 -2.335367 3.441656 -2.753519
0.264000 0.593570 -0.119128 0.259375 -0.639927 0.756885 0.683884 -2.323020 3.421780 -2.820885
0.265000 0.592929 -0.118370 0.260058 -0.642244 0.760296 0.681029 -2.310230 3.401668 -2.888589
0.266000 0.592286 -0.117608 0.260737 -0.644548 0.763688 0.678107 -2.297122 3.381467 -2.956408
0.267000 0.591640 -0.116842 0.261414 -0.646838 0.767059 0.675117 -2.283819 3.361298 -3.024143
0.268000 0.590992 -0.116074 0.262088 -0.649115 0.770411 0.672059 -2.270439 3.341228 -3.091637
0.269000 0.590342 -0.115302 0.262758 -0.651379 0.773742 0.668933 -2.257103 3.321301 -3.158756
0.270000 0.589689 -0.114526 0.263425 -0.653629 0.777053 0.665741 -2.243747 3.301373 -3.225560
0.271000 0.589035 -0.113747 0.264090 -0.655867 0.780344 0.662482 -2.230177 3.281197 -3.292269
0.272000 0.588378 -0.112965 0.264750 -0.658090 0.783616 0.659157 -2.216349 3.260766 -3.358983
0.273000 0.587718 -0.112180 0.265408 -0.660299 0.786866 0.655764 -2.202371 3.240269 -3.425667
0.274000 0.587057 -0.111392 0.266062 -0.662495 0.790096 0.652305 -2.188201 3.219701 -3.492410
0.275000 0.586393 -0.110600 0.266713 -0.664676 0.793305 0.648779 -2.173641 3.198855 -3.559401
0.276000 0.585728 -0.109805 0.267360 -0.666842 0.796494 0.645186 -2.158643 3.177695 -3.626628
0.277000 0.585060 -0.109007 0.268003 -0.668993 0.799661 0.641526 -2.143345 3.156405 -3.693870
0.278000 0.584390 -0.108206 0.268643 -0.671129 0.802807 0.637799 -2.127880 3.135140 -3.760928
0.279000 0.583717 -0.107401 0.269279 -0.673249 0.805931 0.634004 -2.112381 3.114007 -3.827647
0.280000 0.583043 -0.106594 0.269911 -0.675353 0.809035 0.630143 -2.096977 3.093083 -3.893889
0.281000 0.582367 -0.105783 0.270539 -0.677443 0.812117 0.626217 -2.081610 3.072244 -3.959703
0.282000 0.581688 -0.104970 0.271163 -0.679517 0.815179 0.622224 -2.066068 3.051239 -4.025295
0.283000 0.581008 -0.104153 0.271783 -0.681575 0.818220 0.618166 -2.050290 3.030056 -4.090750
0.284000 0.580325 -0.103333 0.272399 -0.683617 0.821239 0.614042 -2.034360 3.008884 -4.156030
0.285000 0.579641 -0.102511 0.273011 -0.685643 0.824238 0.609854 -2.018213 2.987713 -4.221210
0.286000 0.578954 -0.101685 0.273619 -0.687654 0.827215 0.605600 -2.001640 2.966321 -4.286459
0.287000 0.578265 -0.100856 0.274223 -0.689647 0.830170 0.601281 -1.984596 2.944666 -4.351749
0.288000 0.577575 -0.100024 0.274822 -0.691623 0.833104 0.596897 -1.967231 2.922934 -4.416856
0.289000 0.576882 -0.099190 0.275416 -0.693581 0.836016 0.592447 -1.949693 2.901273 -4.481581
0.290000 0.576187 -0.098352 0.276007 -0.695522 0.838906 0.587933 -1.932128 2.879767 -4.545787
0.291000 0.575491 -0.097512 0.276592 -0.697445 0.841776 0.583356 -1.914680 2.858462 -4.609363
0.292000 0.574793 -0.096669 0.277173 -0.699351 0.844623 0.578715 -1.897296 2.837206 -4.672364
0.293000 0.574092 -0.095823 0.277750 -0.701240 0.847450 0.574011 -1.879764 2.815736 -4.734968
0.294000 0.573390 -0.094974 0.278321 -0.703111 0.850255 0.569245 -1.862028 2.794060 -4.797220
0.295000 0.572686 -0.094122 0.278888 -0.704964 0.853038 0.564416 -1.844185 2.772404 -4.859031
0.296000 0.571980 -0.093268 0.279450 -0.706799 0.855800 0.559527 -1.826175 2.750778 -4.920436
0.297000 0.571272 -0.092411 0.280007 -0.708616 0.858540 0.554576 -1.807778 2.728961 -4.981584
0.298000 0.570563 -0.091551 0.280559 -0.710415 0.861258 0.549564 -1.788930 2.706910 -5.042475
0.299000 0.569852 -0.090688 0.281106 -0.712194 0.863953 0.544491 -1.769761 2.684815 -5.102939
0.300000 0.569138 -0.089823 0.281648 -0.713954 0.866627 0.539358 -1.750398 2.662830 -5.162826
0.301000 0.568424 -0.088955 0.282185 -0.715695 0.869279 0.534165 -1.730968 2.641044 -5.222025
0.302000 0.567707 -0.088084 0.282717 -0.717416 0.871909 0.528914 -1.711594 2.619512 -5.280449
0.303000 0.566989 -0.087211 0.283243 -0.719118 0.874518 0.523604 -1.692205 2.598074 -5.338154
0.304000 0.566269 -0.086335 0.283764 -0.720801 0.877105 0.518237 -1.672581 2.576450 -5.395304
0.305000 0.565547 -0.085457 0.284279 -0.722463 0.879671 0.512814 -1.652671 2.554621 -5.451947
0.306000 0.564824 -0.084576 0.284789 -0.724106 0.882215 0.507333 -1.632587 2.532784 -5.508005
0.307000 0.564099 -0.083692 0.285294 -0.725729 0.884737 0.501797 -1.612278 2.510921 -5.563511
0.308000 0.563372 -0.082806 0.285793 -0.727331 0.887237 0.496206 -1.591527 2.488794 -5.618588
0.309000 0.562644 -0.081918 0.286286 -0.728912 0.889714 0.490560 -1.570278 2.466357 -5.673210
0.310000 0.561915 -0.081027 0.286774 -0.730471 0.892169 0.484860 -1.548679 2.443808 -5.727187
0.311000 0.561183 -0.080134 0.287256 -0.732009 0.894602 0.479106 -1.526888 2.421309 -5.780355
0.312000 0.560451 -0.079238 0.287732 -0.733525 0.897012 0.473299 -1.505073 2.398958 -5.832608
0.313000 0.559716 -0.078340 0.288203 -0.735019 0.899400 0.467441 -1.483411 2.376816 -5.883869
0.314000 0.558981 -0.077439 0.288667 -0.736492 0.901766 0.461531 -1.461865 2.354729 -5.934186
0.315000 0.558243 -0.076536 0.289126 -0.737943 0.904109 0.455572 -1.440218 2.332418 -5.983696
0.316000 0.557505 -0.075631 0.289578 -0.739372 0.906430 0.449564 -1.418405 2.309891 -6.032412
0.317000 0.556765 -0.074723 0.290025 -0.740780 0.908729 0.443508 -1.396522 2.287387 -6.080232
0.318000 0.556023 -0.073813 0.290465 -0.742165 0.911005 0.437404 -1.374502 2.264915 -6.127156
0.319000 0.555280 -0.072901 0.290900 -0.743529 0.913259 0.431253 -1.352110 2.242241 -6.173299
0.320000 0.554536 -0.071987 0.291328 -0.744870 0.915490 0.425057 -1.329277 2.219323 -6.218673
0.321000 0.553791 -0.071070 0.291750 -0.746187 0.917697 0.418816 -1.306134 2.196368 -6.263165
0.322000 0.553044 -0.070151 0.292165 -0.747482 0.919882 0.412531 -1.282822 2.173538 -6.306670
0.323000 0.552296 -0.069231 0.292575 -0.748753 0.922045 0.406203 -1.259496 2.150916 -6.349109
0.324000 0.551546 -0.068307 0.292978 -0.750001 0.924184 0.399832 -1.236317 2.128542 -6.390413
0.325000 0.550796 -0.067382 0.293375 -0.751226 0.926302 0.393422 -1.213232 2.106236 -6.430623
0.326000 0.550044 -0.066455 0.293765 -0.752427 0.928397 0.386971 -1.190009 2.083709 -6.469859
0.327000 0.549291 -0.065525 0.294148 -0.753606 0.930469 0.380482 -1.166571 2.060969 -6.508148
0.328000 0.548537 -0.064594 0.294526 -0.754760 0.932519 0.373955 -1.143000 2.038265 -6.545422
0.329000 0.547781 -0.063660 0.294896 -0.755892 0.934546 0.367391 -1.119214 2.015608 -6.581695
0.330000 0.547025 -0.062725 0.295260 -0.756999 0.936550 0.360792 -1.094978 1.992753 -6.617063
0.331000 0.546267 -0.061787 0.295618 -0.758082 0.938531 0.354157 -1.070233 1.969635 -6.651528
0.332000 0.545509 -0.060848 0.295969 -0.759139 0.940489 0.347488 -1.045131 1.946441 -6.684977
0.333000 0.544749 -0.059906 0.296313 -0.760172 0.942424 0.340787 -1.019827 1.923320 -6.717308
0.334000 0.543988 -0.058963 0.296650 -0.761179 0.944336 0.334054 -0.994473 1.900360 -6.748445
0.335000 0.543227 -0.058018 0.296981 -0.762161 0.946225 0.327290 -0.969218 1.877612 -6.778319
0.336000 0.542464 -0.057070 0.297305 -0.763117 0.948091 0.320497 -0.944004 1.854902 -6.806953
0.337000 0.541700 -0.056121 0.297622 -0.764049 0.949934 0.313676 -0.918606 1.831940 -6.834440
0.338000 0.540936 -0.055171 0.297932 -0.764955 0.951755 0.306828 -0.892986 1.808739 -6.860788
0.339000 0.540170 -0.054218 0.298236 -0.765835 0.953552 0.299955 -0.867284 1.785562 -6.885926
0.340000 0.539404 -0.053263 0.298532 -0.766689 0.955326 0.293057 -0.841459 1.762428 -6.909853
0.341000 0.538637 -0.052307 0.298822 -0.767518 0.957077 0.286135 -0.815295 1.739089 -6.932642
0.342000 0.537869 -0.051349 0.299104 -0.768320 0.958804 0.279191 -0.788753 1.715490 -6.954303
0.343000 0.537100 -0.050390 0.299380 -0.769095 0.960508 0.272226 -0.762009 1.691831 -6.974758
0.344000 0.536331 -0.049428 0.299649 -0.769844 0.962188 0.265242 -0.735233 1.668280 -6.993939
0.345000 0.535561 -0.048465 0.299911 -0.770566 0.963844 0.258239 -0.708578 1.644939 -7.011801
0.346000 0.534790 -0.047501 0.300165 -0.771261 0.965478 0.251218 -0.682186 1.621877 -7.028311
0.347000 0.534018 -0.046534 0.300413 -0.771930 0.967088 0.244182 -0.655986 1.598926 -7.043500
0.348000 0.533246 -0.045566 0.300654 -0.772573 0.968676 0.237131 -0.629738 1.575787 -7.057446
0.349000 0.532473 -0.044597 0.300887 -0.773189 0.970240 0.230067 -0.603367 1.552458 -7.070165
0.350000 0.531700 -0.043626 0.301114 -0.773780 0.971780 0.222991 -0.576970 1.529183 -7.081614
0.351000 0.530925 -0.042653 0.301333 -0.774343 0.973298 0.215904 -0.550475 1.505963 -7.091797
0.352000 0.530151 -0.041679 0.301546 -0.774881 0.974792 0.208807 -0.523648 1.482546 -7.100775
0.353000 0.529376 -0.040704 0.301751 -0.775391 0.976263 0.201702 -0.496439 1.458882 -7.108563
0.354000 0.528600 -0.039727 0.301949 -0.775873 0.977710 0.194590 -0.468977 1.435142 -7.115123
0.355000 0.527824 -0.038748 0.302140 -0.776329 0.979133 0.187472 -0.441213 1.411266 -7.120460
0.356000 0.527047 -0.037769 0.302324 -0.776756 0.980533 0.180349 -0.412908 1.386932 -7.124639
0.357000 0.526270 -0.036787 0.302501 -0.777154 0.981907 0.173223 -0.383989 1.361980 -7.127700
0.358000 0.525493 -0.035805 0.302671 -0.777524 0.983257 0.166094 -0.354593 1.336500 -7.129633
0.359000 0.524715 -0.034821 0.302833 -0.777864 0.984580 0.158963 -0.324863 1.310630 -7.130417
0.360000 0.523937 -0.033836 0.302988 -0.778174 0.985878 0.151833 -0.294959 1.284599 -7.130006
0.361000 0.523159 -0.032849 0.303137 -0.778454 0.987149 0.144703 -0.265051 1.258687 -7.128339
0.362000 0.522380 -0.031861 0.303278 -0.778704 0.988395 0.137576 -0.235086 1.232880 -7.125400
0.363000 0.521602 -0.030872 0.303412 -0.778924 0.989615 0.130453 -0.204835 1.206910 -7.121227
0.364000 0.520823 -0.029882 0.303539 -0.779113 0.990809 0.123334 -0.174248 1.180713 -7.115836
0.365000 0.520043 -0.028891 0.303659 -0.779272 0.991977 0.116221 -0.143448 1.154446 -7.109215
0.366000 0.519264 -0.027898 0.303771 -0.779400 0.993118 0.109115 -0.112383 1.128034 -7.101376
0.367000 0.518485 -0.026904 0.303877 -0.779497 0.994233 0.102018 -0.080825 1.101142 -7.092367
0.368000 0.517705 -0.025910 0.303975 -0.779562 0.995320 0.094931 -0.048720 1.073597 -7.082234
0.369000 0.516926 -0.024914 0.304067 -0.779594 0.996380 0.087854 -0.016235 1.045475 -7.070997
0.370000 0.516146 -0.023917 0.304151 -0.779594 0.997411 0.080789 0.016472 1.016915 -7.058654
0.371000 0.515366 -0.022919 0.304228 -0.779562 0.998414 0.073736 0.049258 0.988156 -7.045165
0.372000 0.514587 -0.021920 0.304298 -0.779496 0.999388 0.066698 0.081988 0.959501 -7.030465
0.373000 0.513807 -0.020920 0.304362 -0.779398 1.000333 0.059675 0.114741 0.930951 -7.014521
0.374000 0.513028 -0.019919 0.304418 -0.779266 1.001249 0.052669 0.147755 0.902245 -6.997353
0.375000 0.512249 -0.018918 0.304467 -0.779102 1.002137 0.045681 0.181086 0.873337 -6.979009
0.376000 0.511470 -0.017915 0.304509 -0.778904 1.002996 0.038711 0.214564 0.844455 -6.959540
0.377000 0.510691 -0.016912 0.304544 -0.778673 1.003826 0.031762 0.248021 0.815784 -6.938996
0.378000 0.509912 -0.015907 0.304573 -0.778408 1.004628 0.024833 0.281287 0.787434 -6.917437
0.379000 0.509134 -0.014902 0.304594 -0.778110 1.005401 0.017927 0.314193 0.759468 -6.894925
0.380000 0.508356 -0.013897 0.304609 -0.777780 1.006147 0.011043 0.346793 0.731709 -6.871505
0.381000 0.507579 -0.012890 0.304616 -0.777417 1.006864 0.004184 0.379325 0.703838 -6.847191
0.382000 0.506801 -0.011883 0.304617 -0.777021 1.007554 -0.002651 0.411863 0.675843 -6.821966
0.383000 0.506025 -0.010875 0.304611 -0.776593 1.008216 -0.009460 0.444317 0.647964 -6.795798
0.384000 0.505248 -0.009866 0.304598 -0.776133 1.008850 -0.016243 0.476761 0.620197 -6.768659
0.385000 0.504472 -0.008857 0.304578 -0.775639 1.009457 -0.022997 0.509432 0.592271 -6.740557
0.386000 0.503697 -0.007848 0.304552 -0.775114 1.010035 -0.029724 0.542380 0.564131 -6.711549
0.387000 0.502922 -0.006837 0.304519 -0.774555 1.010585 -0.036421 0.575433 0.535998 -6.681713
0.388000 0.502148 -0.005826 0.304479 -0.773963 1.011107 -0.043087 0.608419 0.508051 -6.651116
0.389000 0.501374 -0.004815 0.304433 -0.773338 1.011601 -0.049723 0.641163 0.480390 -6.619799
0.390000 0.500601 -0.003803 0.304380 -0.772680 1.012068 -0.056327 0.673492 0.453073 -6.587791
0.391000 0.499829 -0.002791 0.304320 -0.771991 1.012507 -0.062898 0.705456 0.425917 -6.555095
0.392000 0.499057 -0.001778 0.304254 -0.771270 1.012919 -0.069437 0.737297 0.398607 -6.521694
0.393000 0.498286 -0.000765 0.304181 -0.770516 1.013304 -0.075942 0.769111 0.371151 -6.487577
0.394000 0.497516 0.000248 0.304102 -0.769731 1.013662 -0.082412 0.800833 0.343818 -6.452741
0.395000 0.496747 0.001262 0.304016 -0.768915 1.013992 -0.088847 0.832558 0.316621 -6.417169
0.396000 0.495978 0.002276 0.303924 -0.768066 1.014295 -0.095246 0.864526 0.289297 -6.380849
0.397000 0.495211 0.003291 0.303826 -0.767186 1.014570 -0.101609 0.896782 0.261787 -6.343822
0.398000 0.494444 0.004306 0.303721 -0.766273 1.014818 -0.107934 0.929148 0.234307 -6.306171
0.399000 0.493678 0.005321 0.303610 -0.765327 1.015039 -0.114221 0.961452 0.207018 -6.267971
0.400000 0.492913 0.006336 0.303493 -0.764350 1.015233 -0.120470 0.993540 0.179994 -6.229293
0.401000 0.492149 0.007351 0.303369 -0.763340 1.015399 -0.126680 1.025261 0.153253 -6.190201
0.402000 0.491387 0.008366 0.303239 -0.762299 1.015539 -0.132850 1.056681 0.126585 -6.150709
0.403000 0.490625 0.009382 0.303103 -0.761227 1.015652 -0.138981 1.088033 0.099661 -6.110782
0.404000 0.489864 0.010398 0.302961 -0.760123 1.015738 -0.145072 1.119379 0.072483 -6.070398
0.405000 0.489105 0.011414 0.302813 -0.758988 1.015797 -0.151122 1.150611 0.045319 -6.029554
0.406000 0.488346 0.012429 0.302659 -0.757822 1.015829 -0.157131 1.181790 0.018181 -5.988221
0.407000 0.487589 0.013445 0.302499 -0.756625 1.015834 -0.163098 1.213145 -0.009199 -5.946360
0.408000 0.486833 0.014461 0.302333 -0.755396 1.015811 -0.169024 1.244733 -0.036879 -5.904000
0.409000 0.486078 0.015477 0.302161 -0.754135 1.015760 -0.174906 1.276441 -0.064694 -5.861217
0.410000 0.485325 0.016493 0.301983 -0.752843 1.015681 -0.180746 1.308325 -0.092718 -5.818036
0.411000 0.484572 0.017508 0.301799 -0.751518 1.015574 -0.186543 1.340610 -0.121298 -5.774425
0.412000 0.483822 0.018524 0.301610 -0.750162 1.015439 -0.192295 1.373348 -0.150627 -5.730395
0.413000 0.483072 0.019539 0.301415 -0.748772 1.015273 -0.198003 1.406381 -0.180646 -5.686008
0.414000 0.482324 0.020554 0.301214 -0.747349 1.015077 -0.203667 1.439557 -0.211227 -5.641304
0.415000 0.481577 0.021569 0.301007 -0.745893 1.014851 -0.209286 1.472739 -0.242120 -5.596286
0.416000 0.480832 0.022584 0.300795 -0.744403 1.014593 -0.214860 1.505795 -0.273009 -5.550933
0.417000 0.480089 0.023598 0.300578 -0.742881 1.014305 -0.220388 1.538798 -0.303880 -5.505185
0.418000 0.479347 0.024613 0.300355 -0.741326 1.013985 -0.225870 1.571972 -0.334999 -5.458982
0.419000 0.478606 0.025626 0.300126 -0.739737 1.013635 -0.231306 1.605362 -0.366423 -5.412370
0.420000 0.477867 0.026640 0.299892 -0.738115 1.013252 -0.236695 1.638797 -0.397936 -5.365481
0.421000 0.477130 0.027653 0.299653 -0.736459 1.012839 -0.242037 1.672106 -0.429363 -5.318434
0.422000 0.476394 0.028665 0.299408 -0.734771 1.012394 -0.247332 1.705114 -0.460605 -5.271327
0.423000 0.475660 0.029678 0.299158 -0.733049 1.011918 -0.252579 1.737647 -0.491605 -5.224245
0.424000 0.474928 0.030689 0.298903 -0.731295 1.011411 -0.257780 1.769742 -0.522548 -5.177186
0.425000 0.474198 0.031700 0.298642 -0.729510 1.010872 -0.262934 1.801624 -0.553759 -5.130064
0.426000 0.473469 0.032711 0.298377 -0.727692 1.010303 -0.268040 1.833376 -0.585255 -5.082819
0.427000 0.472742 0.033721 0.298106 -0.725843 1.009702 -0.273099 1.864926 -0.616797 -5.035431
0.428000 0.472017 0.034730 0.297831 -0.723962 1.009069 -0.278111 1.896354 -0.648392 -4.987834
0.429000 0.471294 0.035739 0.297550 -0.722050 1.008405 -0.283075 1.927888 -0.680300 -4.939955
0.430000 0.470573 0.036747 0.297265 -0.720107 1.007709 -0.287991 1.959582 -0.712551 -4.891836
0.431000 0.469854 0.037755 0.296974 -0.718131 1.006980 -0.292859 1.991281 -0.744889 -4.843625
0.432000 0.469137 0.038761 0.296679 -0.716124 1.006219 -0.297678 2.022830 -0.777118 -4.795448
0.433000 0.468422 0.039767 0.296379 -0.714085 1.005426 -0.302450 2.054072 -0.809148 -4.747393
0.434000 0.467709 0.040772 0.296074 -0.712016 1.004601 -0.307173 2.084847 -0.840949 -4.699529
0.435000 0.466998 0.041776 0.295764 -0.709916 1.003744 -0.311849 2.115197 -0.872723 -4.651829
0.436000 0.466289 0.042780 0.295450 -0.707785 1.002855 -0.316477 2.145325 -0.904785 -4.604185
0.437000 0.465582 0.043782 0.295131 -0.705625 1.001934 -0.321057 2.175270 -0.937122 -4.556537
0.438000 0.464878 0.044783 0.294808 -0.703435 1.000981 -0.325590 2.204903 -0.969455 -4.508880
0.439000 0.464175 0.045784 0.294480 -0.701215 0.999995 -0.330075 2.234263 -1.001756 -4.461154
0.440000 0.463475 0.046783 0.294148 -0.698966 0.998978 -0.334512 2.263565 -1.034278 -4.413273
0.441000 0.462777 0.047782 0.293811 -0.696688 0.997927 -0.338901 2.292889 -1.067065 -4.365286
0.442000 0.462082 0.048779 0.293470 -0.694381 0.996843 -0.343243 2.322126 -1.099884 -4.317359
0.443000 0.461389 0.049776 0.293125 -0.692044 0.995727 -0.347536 2.351149 -1.132545 -4.269641
0.444000 0.460698 0.050771 0.292775 -0.689678 0.994578 -0.351782 2.379797 -1.164933 -4.222244
0.445000 0.460009 0.051765 0.292421 -0.687284 0.993397 -0.355981 2.407890 -1.196974 -4.175258
0.446000 0.459323 0.052758 0.292063 -0.684863 0.992184 -0.360132 2.435448 -1.228836 -4.128663
0.447000 0.458640 0.053749 0.291701 -0.682413 0.990940 -0.364238 2.462659 -1.260824 -4.082346
0.448000 0.457958 0.054739 0.291335 -0.679937 0.989663 -0.368297 2.489564 -1.292937 -4.036253
0.449000 0.457280 0.055728 0.290964 -0.677434 0.988354 -0.372310 2.516044 -1.324916 -3.990403
0.450000 0.456604 0.056716 0.290590 -0.674905 0.987013 -0.376278 2.542138 -1.356749 -3.944742
0.451000 0.455930 0.057702 0.290212 -0.672350 0.985640 -0.380200 2.568044 -1.388685 -3.899180
0.452000 0.455259 0.058687 0.289830 -0.669769 0.984236 -0.384076 2.593819 -1.420758 -3.853776
0.453000 0.454590 0.059671 0.289444 -0.667162 0.982799 -0.387907 2.619370 -1.452771 -3.808701
0.454000 0.453925 0.060653 0.289054 -0.664530 0.981330 -0.391694 2.644747 -1.484766 -3.764010
0.455000 0.453261 0.061634 0.288660 -0.661873 0.979829 -0.395435 2.670141 -1.517045 -3.719617
0.456000 0.452601 0.062613 0.288263 -0.659190 0.978296 -0.399133 2.695575 -1.549743 -3.675498
0.457000 0.451943 0.063590 0.287862 -0.656482 0.976730 -0.402786 2.720872 -1.582734 -3.631729
0.458000 0.451288 0.064566 0.287457 -0.653748 0.975130 -0.406396 2.745863 -1.615849 -3.588371
0.459000 0.450635 0.065540 0.287049 -0.650990 0.973498 -0.409963 2.770392 -1.648840 -3.545470
0.460000 0.449986 0.066513 0.286637 -0.648208 0.971833 -0.413487 2.794306 -1.681417 -3.503058
0.461000 0.449339 0.067484 0.286222 -0.645401 0.970135 -0.416969 2.817645 -1.713579 -3.461067
0.462000 0.448695 0.068453 0.285804 -0.642572 0.968406 -0.420410 2.840609 -1.745579 -3.419390
0.463000 0.448054 0.069421 0.285381 -0.639720 0.966644 -0.423808 2.863279 -1.777460 -3.378071
0.464000 0.447416 0.070387 0.284956 -0.636846 0.964851 -0.427166 2.885601 -1.809044 -3.337278
0.465000 0.446780 0.071351 0.284527 -0.633949 0.963026 -0.430483 2.907649 -1.840380 -3.297056
0.466000 0.446148 0.072313 0.284095 -0.631030 0.961170 -0.433760 2.929615 -1.871763 -3.257311
0.467000 0.445518 0.073273 0.283660 -0.628090 0.959282 -0.436997 2.951518 -1.903312 -3.218035
0.468000 0.444892 0.074231 0.283221 -0.625127 0.957363 -0.440196 2.973226 -1.934941 -3.179314
0.469000 0.444268 0.075188 0.282779 -0.622143 0.955413 -0.443356 2.994752 -1.966763 -3.141122
0.470000 0.443647 0.076142 0.282334 -0.619138 0.953430 -0.446478 3.016265 -1.999056 -3.103304
0.471000 0.443030 0.077095 0.281886 -0.616111 0.951414 -0.449563 3.037797 -2.031833 -3.065758
0.472000 0.442415 0.078045 0.281435 -0.613062 0.949366 -0.452610 3.059236 -2.064865 -3.028456
0.473000 0.441803 0.078993 0.280981 -0.609992 0.947285 -0.455619 3.080614 -2.098159 -2.991295
0.474000 0.441195 0.079940 0.280524 -0.606901 0.945170 -0.458592 3.102119 -2.131965 -2.954150
0.475000 0.440590 0.080884 0.280064 -0.603788 0.943021 -0.461528 3.123823 -2.166332 -2.917079
0.476000 0.439987 0.081826 0.279601 -0.600653 0.940837 -0.464426 3.145634 -2.201040 -2.880308
0.477000 0.439388 0.082765 0.279135 -0.597497 0.938619 -0.467288 3.167442 -2.235887 -2.844033
0.478000 0.438792 0.083703 0.278666 -0.594318 0.936365 -0.470114 3.189100 -2.270696 -2.808402
0.479000 0.438200 0.084638 0.278195 -0.591119 0.934077 -0.472905 3.210443 -2.305308 -2.773534
0.480000 0.437610 0.085571 0.277720 -0.587898 0.931755 -0.475661 3.231479 -2.339812 -2.739399
0.481000 0.437024 0.086502 0.277243 -0.584656 0.929398 -0.478384 3.252366 -2.374475 -2.705832
0.482000 0.436441 0.087430 0.276764 -0.581393 0.927006 -0.481073 3.273128 -2.409312 -2.672726
0.483000 0.435861 0.088356 0.276281 -0.578109 0.924579 -0.483729 3.293654 -2.444105 -2.640056
0.484000 0.435285 0.089279 0.275796 -0.574806 0.922118 -0.486353 3.313969 -2.478863 -2.607714
0.485000 0.434712 0.090200 0.275309 -0.571481 0.919621 -0.488945 3.334246 -2.513833 -2.575555
0.486000 0.434142 0.091118 0.274818 -0.568137 0.917090 -0.491504 3.354553 -2.549065 -2.543611
0.487000 0.433575 0.092034 0.274326 -0.564772 0.914523 -0.494032 3.374831 -2.584402 -2.512048
0.488000 0.433012 0.092947 0.273830 -0.561387 0.911921 -0.496528 3.395141 -2.619893 -2.480901
0.489000 0.432452 0.093858 0.273332 -0.557982 0.909283 -0.498994 3.415643 -2.655808 -2.450054
0.490000 0.431896 0.094766 0.272832 -0.554556 0.906609 -0.501429 3.436342 -2.692215 -2.419488
0.491000 0.431343 0.095671 0.272330 -0.551109 0.903899 -0.503833 3.457068 -2.728927 -2.389317
0.492000 0.430794 0.096574 0.271825 -0.547642 0.901152 -0.506207 3.477656 -2.765746 -2.359627
0.493000 0.430248 0.097473 0.271317 -0.544154 0.898367 -0.508552 3.497953 -2.802454 -2.330456
0.494000 0.429706 0.098370 0.270807 -0.540646 0.895547 -0.510868 3.517811 -2.838824 -2.301816
0.495000 0.429167 0.099264 0.270295 -0.537118 0.892690 -0.513156 3.537247 -2.874888 -2.273599
0.496000 0.428631 0.100156 0.269781 -0.533572 0.889797 -0.515415 3.556428 -2.910896 -2.245653
0.497000 0.428100 0.101044 0.269265 -0.530006 0.886868 -0.517647 3.575438 -2.946898 -2.218012
0.498000 0.427571 0.101929 0.268746 -0.526421 0.883903 -0.519851 3.594250 -2.982741 -2.190851
0.499000 0.427047 0.102812 0.268225 -0.522817 0.880903 -0.522029 3.612939 -3.018472 -2.164204
0.500000 0.426526 0.103691 0.267702 -0.519195 0.877866 -0.524180 3.631660 -3.054351 -2.137942
0.501000 0.426008 0.104568 0.267177 -0.515554 0.874794 -0.526305 3.650408 -3.090443 -2.112020
0.502000 0.425495 0.105441 0.266649 -0.511894 0.871685 -0.528404 3.669014 -3.126566 -2.086530
0.503000 0.424985 0.106311 0.266120 -0.508216 0.868541 -0.530478 3.687319 -3.162525 -2.061533
0.504000 0.424478 0.107178 0.265588 -0.504519 0.865360 -0.532527 3.705194 -3.198109 -2.037043
0.505000 0.423976 0.108042 0.265055 -0.500805 0.862144 -0.534552 3.722521 -3.233092 -2.013048
0.506000 0.423477 0.108902 0.264519 -0.497074 0.858894 -0.536553 3.739333 -3.267504 -1.989420
0.507000 0.422981 0.109759 0.263982 -0.493327 0.855609 -0.538531 3.755787 -3.301580 -1.965995
0.508000 0.422490 0.110613 0.263442 -0.489563 0.852291 -0.540485 3.771957 -3.335367 -1.942807
0.509000 0.422002 0.111464 0.262901 -0.485783 0.848939 -0.542416 3.787810 -3.368709 -1.920044
0.510000 0.421518 0.112311 0.262357 -0.481987 0.845553 -0.544325 3.803410 -3.401650 -1.897746
0.511000 0.421038 0.113155 0.261812 -0.478176 0.842135 -0.546212 3.818891 -3.434433 -1.875780
0.512000 0.420562 0.113996 0.261265 -0.474349 0.838685 -0.548077 3.834236 -3.467118 -1.854110
0.513000 0.420090 0.114832 0.260716 -0.470507 0.835201 -0.549920 3.849299 -3.499571 -1.832813
0.514000 0.419621 0.115666 0.260165 -0.466651 0.831685 -0.551742 3.864053 -3.531847 -1.811840
0.515000 0.419156 0.116496 0.259612 -0.462779 0.828138 -0.553544 3.878608 -3.564187 -1.790990
0.516000 0.418696 0.117322 0.259058 -0.458894 0.824557 -0.555324 3.892979 -3.596638 -1.770138
0.517000 0.418239 0.118145 0.258502 -0.454993 0.820944 -0.557084 3.907049 -3.629006 -1.749290
0.518000 0.417786 0.118964 0.257944 -0.451079 0.817299 -0.558823 3.920722 -3.661093 -1.728499
0.519000 0.417336 0.119780 0.257384 -0.447152 0.813622 -0.560541 3.933946 -3.692699 -1.707911
0.520000 0.416891 0.120591 0.256823 -0.443212 0.809914 -0.562239 3.946689 -3.723619 -1.687720
0.521000 0.416450 0.121399 0.256260 -0.439259 0.806175 -0.563916 3.959024 -3.753885 -1.667943
0.522000 0.416013 0.122204 0.255695 -0.435293 0.802406 -0.565574 3.971076 -3.783723 -1.648418
0.523000 0.415579 0.123004 0.255128 -0.431316 0.798607 -0.567213 3.982815 -3.813180 -1.629064
0.524000 0.415150 0.123801 0.254560 -0.427328 0.794780 -0.568833 3.994086 -3.842119 -1.609907
0.525000 0.414725 0.124594 0.253991 -0.423328 0.790923 -0.570433 4.004848 -3.870583 -1.590854
0.526000 0.414303 0.125383 0.253420 -0.419318 0.787038 -0.572014 4.015202 -3.898792 -1.571687
0.527000 0.413886 0.126168 0.252847 -0.415298 0.783126 -0.573576 4.025171 -3.926782 -1.552285
0.528000 0.413473 0.126949 0.252272 -0.411268 0.779185 -0.575119 4.034686 -3.954400 -1.532634
0.529000 0.413064 0.127726 0.251697 -0.407229 0.775217 -0.576642 4.043772 -3.981673 -1.512620
0.530000 0.412658 0.128499 0.251119 -0.403180 0.771221 -0.578144 4.052564 -4.008806 -1.492069
0.531000 0.412257 0.129269 0.250540 -0.399123 0.767199 -0.579626 4.061126 -4.035821 -1.471007
0.532000 0.411860 0.130034 0.249960 -0.395058 0.763150 -0.581086 4.069416 -4.062505 -1.449648
0.533000 0.411467 0.130795 0.249378 -0.390985 0.759074 -0.582525 4.077362 -4.088661 -1.428170
0.534000 0.411078 0.131552 0.248795 -0.386903 0.754973 -0.583942 4.084843 -4.114118 -1.406691
0.535000 0.410693 0.132305 0.248210 -0.382815 0.750846 -0.585338 4.091707 -4.138719 -1.385292
0.536000 0.410313 0.133054 0.247624 -0.378720 0.746695 -0.586713 4.097925 -4.162518 -1.363887
0.537000 0.409936 0.133798 0.247037 -0.374619 0.742521 -0.588066 4.103583 -4.185733 -1.342254
0.538000 0.409563 0.134539 0.246448 -0.370513 0.738324 -0.589398 4.108690 -4.208412 -1.320258
0.539000 0.409195 0.135275 0.245858 -0.366402 0.734104 -0.590707 4.113168 -4.230425 -1.297869
0.540000 0.408830 0.136007 0.245267 -0.362286 0.729863 -0.591993 4.117027 -4.251809 -1.274958
0.541000 0.408470 0.136735 0.244674 -0.358168 0.725600 -0.593257 4.120375 -4.272770 -1.251336
0.542000 0.408114 0.137458 0.244080 -0.354046 0.721317 -0.594496 4.123262 -4.293335 -1.227013
0.543000 0.407762 0.138177 0.243485 -0.349921 0.717014 -0.595711 4.125661 -4.313360 -1.202160
0.544000 0.407414 0.138892 0.242889 -0.345794 0.712691 -0.596900 4.127612 -4.332868 -1.176787
0.545000 0.407071 0.139603 0.242291 -0.341666 0.708348 -0.598064 4.129210 -4.352056 -1.150721
0.546000 0.406731 0.140309 0.241693 -0.337536 0.703986 -0.599202 4.130438 -4.370962 -1.123876
0.547000 0.406395 0.141011 0.241093 -0.333405 0.699606 -0.600312 4.131167 -4.389420 -1.096309
0.548000 0.406064 0.141708 0.240492 -0.329274 0.695208 -0.601394 4.131269 -4.407280 -1.068056
0.549000 0.405737 0.142401 0.239890 -0.325142 0.690792 -0.602448 4.130627 -4.424413 -1.039124
0.550000 0.405414 0.143090 0.239287 -0.321012 0.686359 -0.603473 4.129132 -4.440708 -1.009500
0.551000 0.405095 0.143774 0.238683 -0.316884 0.681910 -0.604467 4.126777 -4.456233 -0.979045
0.552000 0.404780 0.144453 0.238078 -0.312759 0.677446 -0.605431 4.123657 -4.471186 -0.947580
0.553000 0.404469 0.145129 0.237472 -0.308637 0.672968 -0.606362 4.119831 -4.485580 -0.915153
0.554000 0.404163 0.145799 0.236865 -0.304519 0.668475 -0.607261 4.115295 -4.499257 -0.881990
0.555000 0.403860 0.146466 0.236258 -0.300406 0.663969 -0.608126 4.110100 -4.512219 -0.848142
0.556000 0.403562 0.147127 0.235649 -0.296299 0.659451 -0.608957 4.104337 -4.524637 -0.813445
0.557000 0.403268 0.147785 0.235040 -0.292198 0.654920 -0.609753 4.098001 -4.536529 -0.777806
0.558000 0.402978 0.148437 0.234430 -0.288103 0.650378 -0.610513 4.091004 -4.547752 -0.741243
0.559000 0.402692 0.149085 0.233819 -0.284016 0.645824 -0.611236 4.083332 -4.558326 -0.703648
0.560000 0.402410 0.149729 0.233207 -0.279936 0.641261 -0.611920 4.075050 -4.568451 -0.664785
0.561000 0.402132 0.150368 0.232595 -0.275865 0.636688 -0.612565 4.066159 -4.578234 -0.624520
0.562000 0.401858 0.151002 0.231982 -0.271804 0.632104 -0.613169 4.056577 -4.587612 -0.582875
0.563000 0.401588 0.151632 0.231369 -0.267752 0.627512 -0.613731 4.046246 -4.596495 -0.539932
0.564000 0.401322 0.152257 0.230755 -0.263711 0.622912 -0.614249 4.035147 -4.604742 -0.495877
0.565000 0.401061 0.152878 0.230140 -0.259682 0.618303 -0.614723 4.023285 -4.612184 -0.450957
0.566000 0.400803 0.153494 0.229525 -0.255665 0.613687 -0.615151 4.010718 -4.618828 -0.405219
0.567000 0.400549 0.154105 0.228910 -0.251661 0.609065 -0.615533 3.997526 -4.624835 -0.358512
0.568000 0.400300 0.154712 0.228294 -0.247670 0.604437 -0.615868 3.983687 -4.630230 -0.310789
0.569000 0.400054 0.155314 0.227678 -0.243693 0.599805 -0.616155 3.969106 -4.634888 -0.262128
0.570000 0.399812 0.155912 0.227062 -0.239732 0.595168 -0.616392 3.953753 -4.638833 -0.212469
0.571000 0.399575 0.156504 0.226445 -0.235786 0.590527 -0.616580 3.937681 -4.642258 -0.161587
0.572000 0.399341 0.157093 0.225829 -0.231856 0.585883 -0.616715 3.920899 -4.645273 -0.109351
0.573000 0.399111 0.157676 0.225212 -0.227944 0.581236 -0.616798 3.903365 -4.647874 -0.055736
0.574000 0.398885 0.158255 0.224595 -0.224049 0.576587 -0.616827 3.885088 -4.650162 -0.000616
0.575000 0.398663 0.158829 0.223978 -0.220174 0.571936 -0.616800 3.866145 -4.652336 0.056193
0.576000 0.398444 0.159399 0.223361 -0.216317 0.567283 -0.616715 3.846587 -4.654441 0.114650
0.577000 0.398230 0.159964 0.222745 -0.212481 0.562627 -0.616570 3.826408 -4.656354 0.174507
0.578000 0.398020 0.160524 0.222128 -0.208664 0.557970 -0.616366 3.805582 -4.657935 0.235549
0.579000 0.397813 0.161080 0.221512 -0.204869 0.553311 -0.616099 3.784050 -4.659027 0.297621
0.580000 0.397610 0.161631 0.220896 -0.201096 0.548652 -0.615770 3.761731 -4.659461 0.360605
0.581000 0.397411 0.162177 0.220280 -0.197346 0.543992 -0.615378 3.738609 -4.659237 0.424558
0.582000 0.397215 0.162719 0.219665 -0.193619 0.539334 -0.614921 3.714735 -4.658531 0.489693
0.583000 0.397023 0.163256 0.219051 -0.189916 0.534675 -0.614399 3.690133 -4.657455 0.556118
0.584000 0.396835 0.163788 0.218436 -0.186239 0.530019 -0.613809 3.664787 -4.656021 0.623819
0.585000 0.396651 0.164316 0.217823 -0.182587 0.525363 -0.613151 3.638720 -4.654337 0.692894
0.586000 0.396470 0.164839 0.217210 -0.178961 0.520710 -0.612423 3.612009 -4.652590 0.763514
0.587000 0.396293 0.165357 0.216598 -0.175363 0.516058 -0.611624 3.584720 -4.650832 0.835633
0.588000 0.396119 0.165871 0.215987 -0.171792 0.511408 -0.610752 3.556888 -4.648991 0.909031
0.589000 0.395949 0.166380 0.215377 -0.168249 0.506760 -0.609806 3.528570 -4.647102 0.983657
0.590000 0.395783 0.166885 0.214767 -0.164735 0.502114 -0.608785 3.499829 -4.645305 1.059647
0.591000 0.395620 0.167384 0.214159 -0.161249 0.497470 -0.607687 3.470669 -4.643605 1.137017
0.592000 0.395460 0.167879 0.213552 -0.157793 0.492827 -0.606511 3.441036 -4.641851 1.215616
0.593000 0.395304 0.168370 0.212946 -0.154367 0.488186 -0.605255 3.410880 -4.639926 1.295318
0.594000 0.395152 0.168856 0.212341 -0.150972 0.483547 -0.603920 3.380166 -4.637767 1.376038
0.595000 0.395002 0.169337 0.211738 -0.147607 0.478910 -0.602503 3.348863 -4.635341 1.457720
0.596000 0.394856 0.169814 0.211136 -0.144274 0.474276 -0.601004 3.316982 -4.632735 1.540450
0.597000 0.394714 0.170286 0.210536 -0.140973 0.469645 -0.599422 3.284585 -4.630129 1.624388
0.598000 0.394574 0.170753 0.209938 -0.137705 0.465016 -0.597756 3.251726 -4.627602 1.709475
0.599000 0.394438 0.171216 0.209341 -0.134470 0.460390 -0.596003 3.218438 -4.625133 1.795479
0.600000 0.394306 0.171674 0.208746 -0.131268 0.455766 -0.594165 3.184769 -4.622787 1.882336
0.601000 0.394176 0.172127 0.208152 -0.128100 0.451144 -0.592239 3.150768 -4.620695 1.970177
0.602000 0.394049 0.172576 0.207561 -0.124966 0.446524 -0.590224 3.116427 -4.618842 2.059029
0.603000 0.393926 0.173020 0.206972 -0.121867 0.441906 -0.588121 3.081700 -4.617086 2.148789
0.604000 0.393806 0.173460 0.206385 -0.118803 0.437290 -0.585927 3.046574 -4.615408 2.239489
0.605000 0.393688 0.173895 0.205800 -0.115774 0.432676 -0.583642 3.011074 -4.613940 2.331303
0.606000 0.393574 0.174325 0.205218 -0.112781 0.428062 -0.581264 2.975204 -4.612771 2.424283
0.607000 0.393463 0.174751 0.204637 -0.109824 0.423450 -0.578793 2.938937 -4.611889 2.518312
0.608000 0.393354 0.175172 0.204060 -0.106903 0.418839 -0.576228 2.902271 -4.611273 2.613248
0.609000 0.393249 0.175589 0.203485 -0.104019 0.414228 -0.573567 2.865243 -4.610877 2.708897
0.610000 0.393146 0.176001 0.202913 -0.101172 0.409617 -0.570810 2.827917 -4.610646 2.805041
0.611000 0.393047 0.176408 0.202343 -0.098363 0.405006 -0.567957 2.790360 -4.610624 2.901642
0.612000 0.392950 0.176811 0.201777 -0.095592 0.400396 -0.565006 2.752618 -4.610923 2.998826
0.613000 0.392855 0.177209 0.201213 -0.092858 0.395784 -0.561959 2.714683 -4.611530 3.096598
0.614000 0.392764 0.177602 0.200653 -0.090162 0.391173 -0.558813 2.676509 -4.612324 3.194828
0.615000 0.392675 0.177991 0.200096 -0.087505 0.386560 -0.555569 2.638080 -4.613287 3.293521
0.616000 0.392589 0.178375 0.199542 -0.084886 0.381946 -0.552226 2.599410 -4.614533 3.392832
0.617000 0.392505 0.178755 0.198991 -0.082306 0.377331 -0.548784 2.560500 -4.616131 3.492809
0.618000 0.392424 0.179130 0.198444 -0.079765 0.372714 -0.545241 2.521330 -4.618055 3.593341
0.619000 0.392346 0.179500 0.197901 -0.077264 0.368095 -0.541597 2.481903 -4.620270 3.694287
0.620000 0.392270 0.179866 0.197361 -0.074801 0.363473 -0.537852 2.442264 -4.622717 3.795458
0.621000 0.392196 0.180227 0.196825 -0.072379 0.358849 -0.534006 2.402481 -4.625326 3.896635
0.622000 0.392125 0.180584 0.196293 -0.069996 0.354222 -0.530059 2.362623 -4.628121 3.997773
0.623000 0.392056 0.180936 0.195765 -0.067654 0.349593 -0.526010 2.322727 -4.631183 4.098970
0.624000 0.391990 0.181283 0.195241 -0.065351 0.344960 -0.521861 2.282784 -4.634478 4.200195
0.625000 0.391925 0.181626 0.194721 -0.063088 0.340324 -0.517610 2.242758 -4.637868 4.301280
0.626000 0.391864 0.181964 0.194206 -0.060865 0.335684 -0.513258 2.202629 -4.641313 4.402189
0.627000 0.391804 0.182297 0.193695 -0.058683 0.331041 -0.508806 2.162409 -4.644898 4.503038
0.628000 0.391746 0.182626 0.193188 -0.056541 0.326395 -0.504252 2.122100 -4.648670 4.603832
0.629000 0.391691 0.182950 0.192686 -0.054439 0.321744 -0.499598 2.081689 -4.652590 4.704420
0.630000 0.391637 0.183269 0.192189 -0.052377 0.317089 -0.494843 2.041179 -4.656619 4.804639
0.631000 0.391586 0.183584 0.191697 -0.050356 0.312431 -0.489989 2.000603 -4.660711 4.904304
0.632000 0.391537 0.183894 0.191209 -0.048376 0.307768 -0.485035 1.960007 -4.664815 5.003221
0.633000 0.391489 0.184200 0.190727 -0.046436 0.303101 -0.479982 1.919436 -4.668956 5.101347
0.634000 0.391444 0.184500 0.190249 -0.044537 0.298430 -0.474832 1.878916 -4.673197 5.198777
0.635000 0.391400 0.184796 0.189777 -0.042679 0.293755 -0.469585 1.838440 -4.677483 5.295485
0.636000 0.391358 0.185088 0.189310 -0.040860 0.289075 -0.464241 1.797982 -4.681660 5.391318
0.637000 0.391318 0.185375 0.188848 -0.039083 0.284391 -0.458802 1.757531 -4.685666 5.486244
0.638000 0.391280 0.185657 0.188392 -0.037345 0.279704 -0.453269 1.717096 -4.689556 5.580356
0.639000 0.391244 0.185934 0.187942 -0.035648 0.275012 -0.447641 1.676683 -4.693354 5.673635
0.640000 0.391209 0.186207 0.187497 -0.033992 0.270317 -0.441921 1.636296 -4.697023 5.765940
0.641000 0.391176 0.186475 0.187058 -0.032376 0.265618 -0.436110 1.595942 -4.700585 5.857243
0.642000 0.391144 0.186738 0.186625 -0.030800 0.260916 -0.430207 1.555644 -4.704118 5.947614
0.643000 0.391114 0.186996 0.186198 -0.029265 0.256210 -0.424214 1.515429 -4.707634 6.036987
0.644000 0.391086 0.187250 0.185776 -0.027769 0.251501 -0.418133 1.475327 -4.711057 6.125137
0.645000 0.391059 0.187499 0.185361 -0.026314 0.246788 -0.411964 1.435355 -4.714283 6.211842
0.646000 0.391033 0.187744 0.184952 -0.024898 0.242072 -0.405709 1.395513 -4.717158 6.296890
0.647000 0.391009 0.187984 0.184550 -0.023523 0.237354 -0.399370 1.355792 -4.719497 6.380071
0.648000 0.390986 0.188219 0.184154 -0.022187 0.232633 -0.392949 1.316189 -4.721213 6.461317
0.649000 0.390964 0.188449 0.183764 -0.020890 0.227911 -0.386448 1.276706 -4.722333 6.540677
0.650000 0.390944 0.188674 0.183381 -0.019633 0.223188 -0.379868 1.237336 -4.722855 6.618094
0.651000 0.390925 0.188895 0.183004 -0.018416 0.218465 -0.373211 1.198065 -4.722728 6.693398
0.652000 0.390907 0.189111 0.182634 -0.017237 0.213743 -0.366481 1.158891 -4.721950 6.766520
0.653000 0.390891 0.189323 0.182271 -0.016098 0.209022 -0.359678 1.119840 -4.720567 6.837495
0.654000 0.390875 0.189529 0.181915 -0.014998 0.204302 -0.352806 1.080979 -4.718569 6.906241
0.655000 0.390861 0.189731 0.181566 -0.013936 0.199584 -0.345866 1.042388 -4.715866 6.972534
0.656000 0.390847 0.189929 0.181223 -0.012913 0.194870 -0.338861 1.004123 -4.712339 7.036144
0.657000 0.390835 0.190121 0.180888 -0.011928 0.190160 -0.331794 0.966190 -4.707818 7.096833
0.658000 0.390823 0.190309 0.180560 -0.010980 0.185454 -0.324667 0.928573 -4.702103 7.154356
0.659000 0.390813 0.190492 0.180239 -0.010071 0.180756 -0.317485 0.891255 -4.695084 7.208601
0.660000 0.390803 0.190670 0.179925 -0.009198 0.176064 -0.310250 0.854239 -4.686757 7.259564
0.661000 0.390794 0.190844 0.179618 -0.008362 0.171382 -0.302966 0.817530 -4.677098 7.307141
0.662000 0.390787 0.191013 0.179319 -0.007563 0.166710 -0.295636 0.781137 -4.666039 7.351121
0.663000 0.390779 0.191177 0.179027 -0.006800 0.162050 -0.288264 0.745071 -4.653554 7.391390
0.664000 0.390773 0.191337 0.178742 -0.006073 0.157403 -0.280853 0.709348 -4.639661 7.427936
0.665000 0.390767 0.191492 0.178465 -0.005381 0.152771 -0.273408 0.674001 -4.624324 7.460655
0.666000 0.390762 0.191643 0.178195 -0.004725 0.148154 -0.265932 0.639068 -4.607443 7.489315
0.667000 0.390758 0.191789 0.177933 -0.004103 0.143556 -0.258429 0.604580 -4.588892 7.513669
0.668000 0.390754 0.191930 0.177679 -0.003516 0.138977 -0.250904 0.570553 -4.568513 7.533447
0.669000 0.390751 0.192067 0.177431 -0.002962 0.134419 -0.243362 0.536991 -4.546126 7.548364
0.670000 0.390748 0.192199 0.177192 -0.002442 0.129884 -0.235808 0.503899 -4.521626 7.558254
0.671000 0.390746 0.192326 0.176960 -0.001954 0.125375 -0.228246 0.471291 -4.494987 7.563055
0.672000 0.390744 0.192449 0.176735 -0.001499 0.120894 -0.220681 0.439193 -4.466167 7.562612
0.673000 0.390743 0.192568 0.176519 -0.001076 0.116443 -0.213120 0.407642 -4.435080 7.556666
0.674000 0.390742 0.192682 0.176309 -0.000684 0.112024 -0.205568 0.376668 -4.401680 7.545052
0.675000 0.390741 0.192792 0.176107 -0.000322 0.107640 -0.198030 0.346303 -4.365954 7.527708
0.676000 0.390741 0.192898 0.175913 0.000009 0.103292 -0.190513 0.316599 -4.327848 7.504502
0.677000 0.390741 0.192999 0.175726 0.000311 0.098984 -0.183021 0.287624 -4.287247 7.475193
0.678000 0.390742 0.193096 0.175547 0.000584 0.094718 -0.175562 0.259430 -4.244013 7.439525
0.679000 0.390743 0.193188 0.175375 0.000830 0.090496 -0.168142 0.232037 -4.197977 7.397219
0.680000 0.390744 0.193277 0.175211 0.001048 0.086322 -0.160768 0.205446 -4.148946 7.347980
0.681000 0.390745 0.193361 0.175054 0.001241 0.082198 -0.153446 0.179659 -4.096795 7.291615
0.682000 0.390746 0.193441 0.174904 0.001407 0.078128 -0.146185 0.154686 -4.041473 7.228011
0.683000 0.390748 0.193517 0.174761 0.001550 0.074115 -0.138990 0.130549 -3.982917 7.156962
0.684000 0.390749 0.193589 0.174626 0.001669 0.070162 -0.131871 0.107281 -3.921031 7.078164
0.685000 0.390751 0.193657 0.174498 0.001764 0.066273 -0.124834 0.084911 -3.855750 6.991399
0.686000 0.390753 0.193722 0.174376 0.001838 0.062451 -0.117888 0.063465 -3.787039 6.896560
0.687000 0.390755 0.193782 0.174262 0.001891 0.058699 -0.111041 0.042996 -3.714823 6.793487
0.688000 0.390756 0.193839 0.174154 0.001924 0.055021 -0.104301 0.023572 -3.638981 6.681931
0.689000 0.390758 0.193892 0.174053 0.001939 0.051421 -0.097677 0.005252 -3.559368 6.561621
0.690000 0.390760 0.193942 0.173959 0.001935 0.047902 -0.091178 -0.011919 -3.475809 6.432247
0.691000 0.390762 0.193988 0.173871 0.001915 0.044469 -0.084812 -0.027908 -3.388104 6.293476
0.692000 0.390764 0.194031 0.173789 0.001879 0.041126 -0.078591 -0.042688 -3.296113 6.145070
0.693000 0.390766 0.194070 0.173714 0.001829 0.037877 -0.072522 -0.056241 -3.199767 5.986874
0.694000 0.390768 0.194107 0.173644 0.001767 0.034727 -0.066617 -0.068541 -3.098990 5.818661
0.695000 0.390770 0.194140 0.173580 0.001692 0.031679 -0.060885 -0.079556 -2.993680 5.640124
0.696000 0.390771 0.194170 0.173522 0.001607 0.028739 -0.055337 -0.089259 -2.883762 5.451033
0.697000 0.390773 0.194197 0.173470 0.001514 0.025912 -0.049983 -0.097621 -2.769184 5.251249
0.698000 0.390774 0.194222 0.173422 0.001412 0.023201 -0.044834 -0.104590 -2.649863 5.040602
0.699000 0.390776 0.194244 0.173380 0.001305 0.020612 -0.039902 -0.110100 -2.525677 4.818848
0.700000 0.390777 0.194263 0.173343 0.001192 0.018150 -0.035197 -0.114102 -2.396485 4.585724
0.701000 0.390778 0.194280 0.173310 0.001076 0.015819 -0.030730 -0.116577 -2.262112 4.340930
0.702000 0.390779 0.194295 0.173281 0.000959 0.013625 -0.026515 -0.117521 -2.122365 4.084145
0.703000 0.390780 0.194307 0.173257 0.000841 0.011574 -0.022562 -0.116934 -1.977098 3.815124
0.704000 0.390781 0.194318 0.173236 0.000725 0.009671 -0.018884 -0.114794 -1.826232 3.533688
0.705000 0.390781 0.194327 0.173219 0.000612 0.007922 -0.015495 -0.111053 -1.669693 3.239586
0.706000 0.390782 0.194334 0.173205 0.000503 0.006332 -0.012405 -0.105642 -1.507385 2.932494
0.707000 0.390782 0.194339 0.173194 0.000400 0.004907 -0.009630 -0.051255 -0.712389 1.387830
0.708000 0.390783 0.194344 0.173186 0.000400 0.004907 -0.009630 -0.051255 -0.712389 1.387830
