0.000000 0.670624 -0.191206 0.137907 0.019619 -0.013577 0.011495 0.146527 -0.072985 0.844371
0.001000 0.670644 -0.191220 0.137918 0.019619 -0.013577 0.011495 0.146527 -0.072985 0.844371
0.002000 0.670664 -0.191233 0.137930 0.019912 -0.013723 0.013184 0.289661 -0.142361 1.720448
0.003000 0.670684 -0.191247 0.137944 0.020199 -0.013862 0.014936 0.282579 -0.134907 1.784418
0.004000 0.670704 -0.191261 0.137960 0.020477 -0.013993 0.016753 0.274889 -0.126979 1.849493
0.005000 0.670725 -0.191275 0.137978 0.020748 -0.014116 0.018635 0.266573 -0.118565 1.915658
0.006000 0.670746 -0.191289 0.137998 0.021011 -0.014230 0.020584 0.257610 -0.109660 1.982895
0.007000 0.670767 -0.191304 0.138019 0.021264 -0.014335 0.022601 0.247980 -0.100277 2.051185
0.008000 0.670788 -0.191318 0.138043 0.021507 -0.014431 0.024687 0.237662 -0.090436 2.120508
0.009000 0.670810 -0.191332 0.138069 0.021739 -0.014516 0.026842 0.226637 -0.080150 2.190840
0.010000 0.670832 -0.191347 0.138096 0.021960 -0.014591 0.029068 0.214894 -0.069425 2.262156
0.011000 0.670854 -0.191362 0.138127 0.022169 -0.014655 0.031366 0.202438 -0.058275 2.334429
0.012000 0.670876 -0.191376 0.138159 0.022365 -0.014707 0.033737 0.189281 -0.046720 2.407629
0.013000 0.670898 -0.191391 0.138194 0.022547 -0.014748 0.036182 0.175425 -0.034769 2.481726
0.014000 0.670921 -0.191406 0.138232 0.022716 -0.014777 0.038701 0.160849 -0.022407 2.556696
0.015000 0.670944 -0.191421 0.138272 0.022869 -0.014793 0.041295 0.145506 -0.009597 2.632529
0.016000 0.670967 -0.191435 0.138314 0.023007 -0.014796 0.043966 0.129343 0.003709 2.709221
0.017000 0.670990 -0.191450 0.138359 0.023128 -0.014786 0.046714 0.112320 0.017539 2.786766
0.018000 0.671013 -0.191465 0.138408 0.023231 -0.014761 0.049539 0.094432 0.031894 2.865156
0.019000 0.671036 -0.191480 0.138459 0.023317 -0.014722 0.052444 0.075687 0.046755 2.944380
0.020000 0.671060 -0.191494 0.138512 0.023383 -0.014668 0.055428 0.056092 0.062111 3.024412
0.021000 0.671083 -0.191509 0.138569 0.023429 -0.014598 0.058493 0.035642 0.077965 3.105210
0.022000 0.671106 -0.191524 0.138629 0.023454 -0.014512 0.061639 0.014343 0.094332 3.186722
0.023000 0.671130 -0.191538 0.138693 0.023457 -0.014409 0.064866 -0.007793 0.111224 3.268887
0.024000 0.671153 -0.191552 0.138759 0.023438 -0.014289 0.068176 -0.030765 0.128656 3.351646
0.025000 0.671177 -0.191567 0.138829 0.023396 -0.014152 0.071569 -0.054585 0.146641 3.434945
0.026000 0.671200 -0.191581 0.138902 0.023329 -0.013996 0.075046 -0.079274 0.165195 3.518740
0.027000 0.671223 -0.191595 0.138979 0.023237 -0.013821 0.078607 -0.104853 0.184328 3.602995
0.028000 0.671247 -0.191608 0.139060 0.023119 -0.013627 0.082252 -0.131334 0.204044 3.687660
0.029000 0.671270 -0.191622 0.139144 0.022975 -0.013413 0.085982 -0.158715 0.224331 3.772667
0.030000 0.671293 -0.191635 0.139231 0.022802 -0.013179 0.089798 -0.186984 0.245168 3.857936
0.031000 0.671315 -0.191648 0.139323 0.022601 -0.012923 0.093698 -0.216137 0.266542 3.943384
0.032000 0.671338 -0.191661 0.139419 0.022370 -0.012646 0.097684 -0.246175 0.288444 4.028943
0.033000 0.671360 -0.191674 0.139519 0.022108 -0.012346 0.101756 -0.277094 0.310861 4.114570
0.034000 0.671382 -0.191686 0.139622 0.021816 -0.012024 0.105913 -0.308878 0.333767 4.200238
0.035000 0.671404 -0.191698 0.139730 0.021491 -0.011679 0.110156 -0.341514 0.357140 4.285919
0.036000 0.671425 -0.191709 0.139843 0.021133 -0.011310 0.114485 -0.374986 0.380954 4.371578
0.037000 0.671446 -0.191720 0.139959 0.020741 -0.010917 0.118900 -0.409280 0.405186 4.457177
0.038000 0.671466 -0.191731 0.140080 0.020314 -0.010499 0.123400 -0.444388 0.429823 4.542656
0.039000 0.671487 -0.191741 0.140206 0.019852 -0.010057 0.127985 -0.480311 0.454874 4.627938
0.040000 0.671506 -0.191751 0.140336 0.019353 -0.009589 0.132655 -0.517041 0.480373 4.712956
0.041000 0.671525 -0.191760 0.140471 0.018818 -0.009096 0.137411 -0.554563 0.506365 4.797649
0.042000 0.671544 -0.191769 0.140611 0.018244 -0.008577 0.142251 -0.592869 0.532884 4.881943
0.043000 0.671562 -0.191778 0.140756 0.017632 -0.008030 0.147175 -0.631956 0.559948 4.965751
0.044000 0.671579 -0.191785 0.140906 0.016980 -0.007457 0.152182 -0.671814 0.587568 5.049014
0.045000 0.671596 -0.191792 0.141060 0.016288 -0.006855 0.157273 -0.712427 0.615751 5.131686
0.046000 0.671612 -0.191799 0.141220 0.015555 -0.006225 0.162446 -0.753784 0.644504 5.213700
0.047000 0.671627 -0.191805 0.141385 0.014781 -0.005566 0.167700 -0.795892 0.673834 5.294973
0.048000 0.671641 -0.191810 0.141556 0.013964 -0.004878 0.173036 -0.838763 0.703745 5.375450
0.049000 0.671655 -0.191815 0.141731 0.013103 -0.004159 0.178451 -0.882411 0.734244 5.455102
0.050000 0.671667 -0.191818 0.141912 0.012199 -0.003409 0.183946 -0.926847 0.765334 5.533863
0.051000 0.671679 -0.191821 0.142099 0.011250 -0.002628 0.189519 -0.972075 0.797020 5.611630
0.052000 0.671690 -0.191824 0.142292 0.010255 -0.001815 0.195169 -1.018079 0.829303 5.688304
0.053000 0.671700 -0.191825 0.142490 0.009213 -0.000970 0.200895 -1.064835 0.862186 5.763808
0.054000 0.671708 -0.191826 0.142693 0.008125 -0.000091 0.206697 -1.112317 0.895658 5.838088
0.055000 0.671716 -0.191825 0.142903 0.006989 0.000822 0.212572 -1.160497 0.929694 5.911129
0.056000 0.671722 -0.191824 0.143118 0.005804 0.001769 0.218519 -1.209347 0.964261 5.982935
0.057000 0.671728 -0.191822 0.143340 0.004570 0.002750 0.224537 -1.258846 0.999331 6.053459
0.058000 0.671731 -0.191818 0.143568 0.003286 0.003767 0.230626 -1.308979 1.034892 6.122608
0.059000 0.671734 -0.191814 0.143801 0.001952 0.004820 0.236783 -1.359721 1.070939 6.190322
0.060000 0.671735 -0.191809 0.144041 0.000567 0.005909 0.243007 -1.411042 1.107468 6.256579
0.061000 0.671735 -0.191802 0.144287 -0.000870 0.007035 0.249296 -1.462913 1.144473 6.321305
0.062000 0.671734 -0.191795 0.144540 -0.002359 0.008198 0.255649 -1.515305 1.181949 6.384373
0.063000 0.671730 -0.191786 0.144799 -0.003901 0.009399 0.262065 -1.568161 1.219887 6.445675
0.064000 0.671726 -0.191776 0.145064 -0.005495 0.010638 0.268540 -1.621413 1.258279 6.505144
0.065000 0.671720 -0.191765 0.145336 -0.007143 0.011915 0.275075 -1.675003 1.297116 6.562740
0.066000 0.671712 -0.191752 0.145614 -0.008845 0.013232 0.281666 -1.728906 1.336386 6.618480
0.067000 0.671702 -0.191738 0.145899 -0.010601 0.014588 0.288312 -1.783111 1.376077 6.672405
0.068000 0.671690 -0.191723 0.146191 -0.012411 0.015984 0.295011 -1.837607 1.416176 6.724484
0.069000 0.671677 -0.191706 0.146489 -0.014276 0.017421 0.301761 -1.892383 1.456667 6.774615
0.070000 0.671662 -0.191688 0.146794 -0.016196 0.018898 0.308560 -1.947428 1.497535 6.822752
0.071000 0.671645 -0.191668 0.147106 -0.018171 0.020416 0.315406 -2.002725 1.538761 6.868905
0.072000 0.671625 -0.191647 0.147425 -0.020202 0.021975 0.322298 -2.058258 1.580329 6.913013
0.073000 0.671604 -0.191625 0.147751 -0.022288 0.023576 0.329232 -2.114008 1.622227 6.954949
0.074000 0.671581 -0.191600 0.148083 -0.024430 0.025220 0.336208 -2.169954 1.664459 6.994640
0.075000 0.671555 -0.191574 0.148423 -0.026628 0.026905 0.343222 -2.226074 1.707035 7.032091
0.076000 0.671528 -0.191546 0.148770 -0.028882 0.028634 0.350272 -2.282343 1.749956 7.067332
0.077000 0.671498 -0.191517 0.149124 -0.031192 0.030405 0.357356 -2.338734 1.793205 7.100449
0.078000 0.671465 -0.191486 0.149485 -0.033559 0.032220 0.364473 -2.395217 1.836754 7.131554
0.079000 0.671430 -0.191452 0.149853 -0.035983 0.034079 0.371619 -2.451761 1.880574 7.160648
0.080000 0.671393 -0.191417 0.150228 -0.038463 0.035981 0.378794 -2.508332 1.924631 7.187626
0.081000 0.671354 -0.191380 0.150610 -0.040999 0.037928 0.385995 -2.564893 1.968891 7.212450
0.082000 0.671311 -0.191342 0.151000 -0.043593 0.039919 0.393219 -2.621406 2.013320 7.235157
0.083000 0.671266 -0.191301 0.151397 -0.046242 0.041955 0.400465 -2.677830 2.057881 7.255692
0.084000 0.671219 -0.191258 0.151801 -0.048948 0.044035 0.407730 -2.734121 2.102556 7.273902
0.085000 0.671168 -0.191213 0.152212 -0.051711 0.046160 0.415013 -2.790232 2.147353 7.289694
0.086000 0.671115 -0.191165 0.152631 -0.054529 0.048329 0.422310 -2.846118 2.192298 7.303070
0.087000 0.671059 -0.191116 0.153057 -0.057403 0.050544 0.429619 -2.901747 2.237407 7.314075
0.088000 0.671001 -0.191064 0.153490 -0.060332 0.052804 0.436938 -2.957116 2.282676 7.322840
0.089000 0.670939 -0.191010 0.153931 -0.063317 0.055110 0.444265 -3.012235 2.328094 7.329539
0.090000 0.670874 -0.190954 0.154379 -0.066357 0.057460 0.451597 -3.067097 2.373634 7.334204
0.091000 0.670806 -0.190895 0.154834 -0.069451 0.059857 0.458933 -3.121669 2.419263 7.336735
0.092000 0.670735 -0.190834 0.155296 -0.072600 0.062299 0.466270 -3.175913 2.464950 7.337125
0.093000 0.670661 -0.190771 0.155766 -0.075803 0.064787 0.473607 -3.229795 2.510671 7.335467
0.094000 0.670583 -0.190705 0.156244 -0.079060 0.067320 0.480941 -3.283272 2.556391 7.331736
0.095000 0.670503 -0.190636 0.156728 -0.082370 0.069900 0.488271 -3.336298 2.602078 7.325784
0.096000 0.670419 -0.190565 0.157220 -0.085732 0.072524 0.495593 -3.388847 2.647717 7.317547
0.097000 0.670331 -0.190491 0.157719 -0.089147 0.075195 0.502906 -3.440905 2.693306 7.307056
0.098000 0.670240 -0.190415 0.158226 -0.092614 0.077911 0.510207 -3.492444 2.738828 7.294242
0.099000 0.670146 -0.190335 0.158740 -0.096132 0.080673 0.517494 -3.543425 2.784250 7.278967
0.100000 0.670048 -0.190253 0.159261 -0.099701 0.083480 0.524765 -3.593837 2.829547 7.261265
0.101000 0.669947 -0.190168 0.159789 -0.103320 0.086332 0.532017 -3.643689 2.874712 7.241341
0.102000 0.669841 -0.190081 0.160325 -0.106988 0.089229 0.539248 -3.692979 2.919732 7.219372
0.103000 0.669733 -0.189990 0.160868 -0.110706 0.092171 0.546456 -3.741687 2.964595 7.195499
0.104000 0.669620 -0.189896 0.161418 -0.114472 0.095158 0.553639 -3.789780 3.009281 7.169840
0.105000 0.669504 -0.189799 0.161975 -0.118285 0.098190 0.560795 -3.837202 3.053759 7.142345
0.106000 0.669383 -0.189700 0.162539 -0.122146 0.101266 0.567923 -3.883893 3.097995 7.112829
0.107000 0.669259 -0.189597 0.163111 -0.126053 0.104386 0.575021 -3.929815 3.141997 7.081206
0.108000 0.669131 -0.189491 0.163689 -0.130006 0.107550 0.582086 -3.974949 3.185801 7.047496
0.109000 0.668999 -0.189382 0.164275 -0.134003 0.110757 0.589116 -4.019255 3.229411 7.011610
0.110000 0.668863 -0.189269 0.164868 -0.138044 0.114009 0.596109 -4.062687 3.272792 6.973395
0.111000 0.668723 -0.189154 0.165467 -0.142128 0.117303 0.603063 -4.105243 3.315919 6.932915
0.112000 0.668579 -0.189035 0.166074 -0.146255 0.120640 0.609975 -4.146958 3.358779 6.890400
0.113000 0.668431 -0.188913 0.166687 -0.150422 0.124021 0.616843 -4.187825 3.401339 6.845908
0.114000 0.668278 -0.188787 0.167308 -0.154630 0.127443 0.623667 -4.227791 3.443541 6.799300
0.115000 0.668122 -0.188658 0.167935 -0.158878 0.130908 0.630442 -4.266819 3.485344 6.750547
0.116000 0.667961 -0.188525 0.168568 -0.163164 0.134414 0.637168 -4.304900 3.526731 6.699788
0.117000 0.667795 -0.188389 0.169209 -0.167488 0.137961 0.643842 -4.342031 3.567701 6.647155
0.118000 0.667626 -0.188249 0.169856 -0.171848 0.141549 0.650462 -4.378218 3.608280 6.592773
0.119000 0.667451 -0.188106 0.170510 -0.176244 0.145178 0.657027 -4.413473 3.648506 6.536760
0.120000 0.667273 -0.187959 0.171170 -0.180675 0.148846 0.663536 -4.447764 3.688377 6.479061
0.121000 0.667090 -0.187808 0.171837 -0.185140 0.152554 0.669985 -4.481029 3.727849 6.419510
0.122000 0.666903 -0.187654 0.172510 -0.189637 0.156302 0.676375 -4.513252 3.766914 6.358155
0.123000 0.666711 -0.187495 0.173190 -0.194166 0.160088 0.682702 -4.544453 3.805590 6.295226
0.124000 0.666514 -0.187333 0.173876 -0.198726 0.163913 0.688965 -4.574610 3.843857 6.230762
0.125000 0.666313 -0.187168 0.174568 -0.203315 0.167776 0.695163 -4.603652 3.881650 6.164593
0.126000 0.666108 -0.186998 0.175266 -0.207933 0.171676 0.701294 -4.631548 3.918916 6.096677
0.127000 0.665898 -0.186824 0.175970 -0.212578 0.175614 0.707357 -4.658300 3.955626 6.027115
0.128000 0.665683 -0.186647 0.176681 -0.217250 0.179588 0.713348 -4.683868 3.991724 5.955845
0.129000 0.665463 -0.186465 0.177397 -0.221946 0.183597 0.719268 -4.708176 4.027137 5.882633
0.130000 0.665239 -0.186279 0.178119 -0.226666 0.187642 0.725114 -4.731197 4.061850 5.807381
0.131000 0.665010 -0.186090 0.178847 -0.231409 0.191721 0.730883 -4.752968 4.095894 5.730184
0.132000 0.664776 -0.185896 0.179581 -0.236172 0.195834 0.736574 -4.773534 4.129300 5.651199
0.133000 0.664537 -0.185698 0.180320 -0.240956 0.199979 0.742185 -4.792970 4.162093 5.570701
0.134000 0.664294 -0.185496 0.181065 -0.245758 0.204158 0.747715 -4.811360 4.194294 5.489026
0.135000 0.664046 -0.185290 0.181816 -0.250578 0.208368 0.753163 -4.828709 4.225870 5.406257
0.136000 0.663793 -0.185079 0.182572 -0.255416 0.212610 0.758528 -4.844950 4.256741 5.322235
0.137000 0.663535 -0.184865 0.183333 -0.260268 0.216882 0.763808 -4.860055 4.286867 5.236936
0.138000 0.663272 -0.184646 0.184099 -0.265136 0.221183 0.769002 -4.874044 4.316240 5.150503
0.139000 0.663005 -0.184422 0.184871 -0.270016 0.225514 0.774109 -4.886880 4.344815 5.062892
0.140000 0.662732 -0.184195 0.185647 -0.274909 0.229873 0.779128 -4.898465 4.372515 4.973862
0.141000 0.662455 -0.183963 0.186429 -0.279813 0.234259 0.784057 -4.908750 4.399335 4.883311
0.142000 0.662173 -0.183726 0.187216 -0.284727 0.238672 0.788894 -4.917756 4.425333 4.791348
0.143000 0.661885 -0.183485 0.188007 -0.289649 0.243110 0.793639 -4.925525 4.450577 4.698146
0.144000 0.661593 -0.183240 0.188803 -0.294578 0.247573 0.798291 -4.932137 4.475141 4.603993
0.145000 0.661296 -0.182990 0.189603 -0.299513 0.252060 0.802847 -4.937697 4.499108 4.509243
0.146000 0.660994 -0.182736 0.190408 -0.304453 0.256571 0.807309 -4.942212 4.522474 4.413978
0.147000 0.660687 -0.182477 0.191218 -0.309398 0.261105 0.811675 -4.945603 4.545155 4.318027
0.148000 0.660376 -0.182213 0.192032 -0.314345 0.265661 0.815945 -4.947842 4.567092 4.221369
0.149000 0.660059 -0.181946 0.192850 -0.319293 0.270239 0.820118 -4.948968 4.588267 4.124161
0.150000 0.659737 -0.181673 0.193672 -0.324242 0.274838 0.824193 -4.948943 4.608616 4.026367
0.151000 0.659410 -0.181396 0.194498 -0.329191 0.279456 0.828171 -4.947670 4.628056 3.927747
0.152000 0.659079 -0.181114 0.195328 -0.334138 0.284094 0.832049 -4.945126 4.646610 3.828231
0.153000 0.658742 -0.180828 0.196162 -0.339081 0.288750 0.835827 -4.941385 4.664395 3.727985
0.154000 0.658400 -0.180537 0.197000 -0.344021 0.293423 0.839505 -4.936533 4.681512 3.627220
0.155000 0.658054 -0.180241 0.197841 -0.348954 0.298113 0.843082 -4.930678 4.698047 3.526237
0.156000 0.657703 -0.179940 0.198686 -0.353882 0.302819 0.846557 -4.923946 4.714068 3.425384
0.157000 0.657346 -0.179635 0.199535 -0.358802 0.307541 0.849932 -4.916344 4.729555 3.324728
0.158000 0.656985 -0.179325 0.200386 -0.363715 0.312278 0.853207 -4.907781 4.744402 3.224063
0.159000 0.656619 -0.179011 0.201241 -0.368618 0.317030 0.856381 -4.898232 4.758554 3.123329
0.160000 0.656248 -0.178691 0.202099 -0.373511 0.321795 0.859453 -4.887750 4.772012 3.022646
0.161000 0.655872 -0.178367 0.202960 -0.378393 0.326574 0.862426 -4.876302 4.784713 2.921936
0.162000 0.655491 -0.178038 0.203824 -0.383264 0.331364 0.865297 -4.863786 4.796556 2.820922
0.163000 0.655105 -0.177704 0.204690 -0.388121 0.336167 0.868068 -4.850210 4.807541 2.719498
0.164000 0.654715 -0.177366 0.205560 -0.392964 0.340980 0.870736 -4.835673 4.817751 2.617738
0.165000 0.654319 -0.177022 0.206432 -0.397792 0.345802 0.873303 -4.820174 4.827182 2.515540
0.166000 0.653919 -0.176674 0.207306 -0.402604 0.350634 0.875767 -4.803615 4.835744 2.412676
0.167000 0.653514 -0.176321 0.208183 -0.407400 0.355474 0.878128 -4.785985 4.843424 2.309208
0.168000 0.653104 -0.175963 0.209063 -0.412176 0.360321 0.880386 -4.767392 4.850306 2.205487
0.169000 0.652690 -0.175600 0.209944 -0.416934 0.365174 0.882539 -4.747946 4.856458 2.101829
0.170000 0.652270 -0.175233 0.210828 -0.421672 0.370034 0.884589 -4.727769 4.861930 1.998487
0.171000 0.651846 -0.174860 0.211713 -0.426390 0.374898 0.886536 -4.706985 4.866757 1.895677
0.172000 0.651418 -0.174483 0.212601 -0.431086 0.379767 0.888381 -4.685588 4.870884 1.793351
0.173000 0.650984 -0.174101 0.213490 -0.435761 0.384640 0.890123 -4.663468 4.874207 1.691246
0.174000 0.650546 -0.173714 0.214381 -0.440413 0.389516 0.891763 -4.640610 4.876756 1.589285
0.175000 0.650103 -0.173322 0.215274 -0.445042 0.394393 0.893302 -4.617097 4.878662 1.487587
0.176000 0.649656 -0.172925 0.216168 -0.449647 0.399273 0.894739 -4.592909 4.879949 1.386078
0.177000 0.649204 -0.172523 0.217063 -0.454228 0.404153 0.896074 -4.567937 4.880528 1.284530
0.178000 0.648748 -0.172117 0.217960 -0.458783 0.409034 0.897308 -4.542198 4.880388 1.182986
0.179000 0.648286 -0.171705 0.218858 -0.463312 0.413914 0.898440 -4.515853 4.879631 1.081779
0.180000 0.647821 -0.171289 0.219757 -0.467815 0.418793 0.899471 -4.489049 4.878347 0.981207
0.181000 0.647351 -0.170868 0.220657 -0.472291 0.423671 0.900402 -4.461914 4.876604 0.881505
0.182000 0.646876 -0.170442 0.221558 -0.476739 0.428546 0.901234 -4.434562 4.874456 0.782874
0.183000 0.646397 -0.170011 0.222459 -0.481160 0.433420 0.901968 -4.406967 4.871848 0.685248
0.184000 0.645914 -0.169575 0.223361 -0.485553 0.438290 0.902605 -4.379001 4.868654 0.588340
0.185000 0.645426 -0.169134 0.224264 -0.489918 0.443157 0.903145 -4.350651 4.864881 0.492036
0.186000 0.644934 -0.168688 0.225168 -0.494254 0.448020 0.903589 -4.322022 4.860642 0.396408
0.187000 0.644438 -0.168238 0.226072 -0.498562 0.452878 0.903937 -4.293096 4.855938 0.301347
0.188000 0.643937 -0.167783 0.226976 -0.502840 0.457732 0.904191 -4.263749 4.850658 0.206605
0.189000 0.643432 -0.167322 0.227880 -0.507089 0.462580 0.904351 -4.233979 4.844792 0.112216
0.190000 0.642923 -0.166857 0.228784 -0.511308 0.467421 0.904416 -4.203937 4.838459 0.018503
0.191000 0.642409 -0.166388 0.229689 -0.515497 0.472257 0.904388 -4.173769 4.831758 -0.074252
0.192000 0.641892 -0.165913 0.230593 -0.519656 0.477085 0.904267 -4.143617 4.824749 -0.165846
0.193000 0.641370 -0.165433 0.231497 -0.523784 0.481906 0.904056 -4.113620 4.817474 -0.256115
0.194000 0.640844 -0.164949 0.232401 -0.527883 0.486720 0.903755 -4.083757 4.809852 -0.345152
0.195000 0.640314 -0.164460 0.233305 -0.531952 0.491526 0.903366 -4.053885 4.801738 -0.433246
0.196000 0.639780 -0.163966 0.234208 -0.535991 0.496323 0.902889 -4.023975 4.793138 -0.520489
0.197000 0.639242 -0.163467 0.235111 -0.540000 0.501112 0.902325 -3.994120 4.784182 -0.606775
0.198000 0.638700 -0.162964 0.236013 -0.543979 0.505892 0.901675 -3.964286 4.774874 -0.692191
0.199000 0.638154 -0.162456 0.236914 -0.547928 0.510662 0.900940 -3.934322 4.765090 -0.776993
0.200000 0.637605 -0.161943 0.237815 -0.551848 0.515422 0.900121 -3.904212 4.754825 -0.861195
0.201000 0.637051 -0.161425 0.238714 -0.555737 0.520171 0.899218 -3.874065 4.744190 -0.944585
0.202000 0.636493 -0.160902 0.239613 -0.559596 0.524910 0.898232 -3.843859 4.733168 -1.027178
0.203000 0.635932 -0.160375 0.240511 -0.563424 0.529638 0.897164 -3.813438 4.721596 -1.109236
0.204000 0.635366 -0.159843 0.241407 -0.567223 0.534353 0.896013 -3.782771 4.709398 -1.190868
0.205000 0.634797 -0.159306 0.242303 -0.570990 0.539057 0.894782 -3.751987 4.696635 -1.271945
0.206000 0.634224 -0.158765 0.243197 -0.574727 0.543747 0.893470 -3.721220 4.683394 -1.352331
0.207000 0.633648 -0.158219 0.244090 -0.578432 0.548423 0.892077 -3.690615 4.669822 -1.431872
0.208000 0.633067 -0.157668 0.244981 -0.582108 0.553086 0.890606 -3.660323 4.656093 -1.510405
0.209000 0.632483 -0.157113 0.245871 -0.585753 0.557736 0.889056 -3.630322 4.642213 -1.588007
0.210000 0.631896 -0.156552 0.246759 -0.589368 0.562371 0.887430 -3.600450 4.628037 -1.664945
0.211000 0.631305 -0.155988 0.247646 -0.592954 0.566992 0.885727 -3.570680 4.613539 -1.741270
0.212000 0.630710 -0.155418 0.248531 -0.596510 0.571598 0.883947 -3.541114 4.598815 -1.816826
0.213000 0.630112 -0.154845 0.249414 -0.600036 0.576189 0.882093 -3.511719 4.583823 -1.891662
0.214000 0.629510 -0.154266 0.250295 -0.603533 0.580765 0.880164 -3.482317 4.568383 -1.966048
0.215000 0.628905 -0.153683 0.251174 -0.607001 0.585326 0.878161 -3.452867 4.552423 -2.040077
0.216000 0.628296 -0.153095 0.252051 -0.610439 0.589870 0.876084 -3.423495 4.536020 -2.113605
0.217000 0.627684 -0.152503 0.252926 -0.613848 0.594398 0.873934 -3.394331 4.519276 -2.186478
0.218000 0.627068 -0.151907 0.253799 -0.617228 0.598909 0.871711 -3.365518 4.502333 -2.258523
0.219000 0.626449 -0.151306 0.254670 -0.620579 0.603403 0.869417 -3.337203 4.485353 -2.329557
0.220000 0.625827 -0.150700 0.255538 -0.623902 0.607880 0.867052 -3.309356 4.468322 -2.399641
0.221000 0.625201 -0.150090 0.256404 -0.627198 0.612339 0.864617 -3.281797 4.451077 -2.469028
0.222000 0.624573 -0.149475 0.257267 -0.630466 0.616782 0.862114 -3.254488 4.433597 -2.537775
0.223000 0.623941 -0.148856 0.258128 -0.633707 0.621207 0.859542 -3.227530 4.415994 -2.605735
0.224000 0.623305 -0.148233 0.258986 -0.636921 0.625614 0.856902 -3.200879 4.398234 -2.672964
0.225000 0.622667 -0.147605 0.259842 -0.640108 0.630003 0.854196 -3.174344 4.380118 -2.739726
0.226000 0.622025 -0.146973 0.260694 -0.643269 0.634374 0.851423 -3.147873 4.361553 -2.806118
0.227000 0.621380 -0.146336 0.261544 -0.646404 0.638726 0.848584 -3.121590 4.342610 -2.872006
0.228000 0.620732 -0.145695 0.262392 -0.649513 0.643059 0.845679 -3.095617 4.323398 -2.937255
0.229000 0.620081 -0.145050 0.263236 -0.652595 0.647373 0.842709 -3.070072 4.304098 -3.001726
0.230000 0.619427 -0.144401 0.264077 -0.655653 0.651667 0.839675 -3.045070 4.284930 -3.065280
0.231000 0.618770 -0.143747 0.264915 -0.658685 0.655943 0.836578 -3.020546 4.265910 -3.128001
0.232000 0.618110 -0.143089 0.265750 -0.661694 0.660199 0.833419 -2.996298 4.246869 -3.190155
0.233000 0.617446 -0.142426 0.266582 -0.664678 0.664437 0.830198 -2.972280 4.227768 -3.251822
0.234000 0.616780 -0.141760 0.267411 -0.667638 0.668655 0.826916 -2.948593 4.208710 -3.312895
0.235000 0.616111 -0.141089 0.268236 -0.670575 0.672854 0.823572 -2.925189 4.189640 -3.373447
0.236000 0.615439 -0.140414 0.269058 -0.673489 0.677034 0.820169 -2.901873 4.170345 -3.433732
0.237000 0.614764 -0.139735 0.269876 -0.676379 0.681195 0.816705 -2.878616 4.150738 -3.493817
0.238000 0.614086 -0.139052 0.270691 -0.679246 0.685335 0.813181 -2.855577 4.130915 -3.553536
0.239000 0.613406 -0.138364 0.271503 -0.682090 0.689456 0.809598 -2.832908 4.111000 -3.612731
0.240000 0.612722 -0.137673 0.272310 -0.684912 0.693557 0.805956 -2.810741 4.091174 -3.671253
0.241000 0.612036 -0.136977 0.273114 -0.687712 0.697639 0.802255 -2.789196 4.071650 -3.728962
0.242000 0.611347 -0.136278 0.273915 -0.690490 0.701701 0.798498 -2.768205 4.052427 -3.785930
0.243000 0.610655 -0.135574 0.274711 -0.693248 0.705744 0.794683 -2.747554 4.033325 -3.842399
0.244000 0.609960 -0.134866 0.275504 -0.695985 0.709767 0.790813 -2.727195 4.014310 -3.898411
0.245000 0.609263 -0.134154 0.276293 -0.698702 0.713772 0.786887 -2.707231 3.995511 -3.953821
0.246000 0.608563 -0.133438 0.277078 -0.701400 0.717758 0.782905 -2.687608 3.976879 -4.008668
0.247000 0.607860 -0.132719 0.277859 -0.704078 0.721726 0.778869 -2.668114 3.958178 -4.063184
0.248000 0.607155 -0.131995 0.278636 -0.706736 0.725675 0.774779 -2.648688 3.939281 -4.117449
0.249000 0.606447 -0.131267 0.279408 -0.709375 0.729605 0.770634 -2.629425 3.920197 -4.171369
0.250000 0.605736 -0.130536 0.280177 -0.711995 0.733515 0.766436 -2.610261 3.900799 -4.225017
0.251000 0.605023 -0.129800 0.280941 -0.714596 0.737406 0.762184 -2.590972 3.880863 -4.278633
0.252000 0.604307 -0.129061 0.281701 -0.717177 0.741277 0.757879 -2.571488 3.860396 -4.332280
0.253000 0.603588 -0.128318 0.282457 -0.719739 0.745127 0.753520 -2.551936 3.839640 -4.385806
0.254000 0.602867 -0.127571 0.283208 -0.722281 0.748956 0.749107 -2.532445 3.818825 -4.439046
0.255000 0.602144 -0.126820 0.283955 -0.724803 0.752765 0.744642 -2.513160 3.798160 -4.491813
0.256000 0.601418 -0.126065 0.284698 -0.727307 0.756553 0.740124 -2.494230 3.777843 -4.543909
0.257000 0.600689 -0.125307 0.285436 -0.729792 0.760320 0.735554 -2.475602 3.757839 -4.595358
0.258000 0.599958 -0.124545 0.286169 -0.732258 0.764068 0.730933 -2.457053 3.737900 -4.646388
0.259000 0.599225 -0.123779 0.286897 -0.734706 0.767796 0.726261 -2.438526 3.717886 -4.697110
0.260000 0.598489 -0.123009 0.287621 -0.737135 0.771504 0.721539 -2.420120 3.697799 -4.747485
0.261000 0.597750 -0.122236 0.288341 -0.739546 0.775192 0.716766 -2.401771 3.677500 -4.797618
0.262000 0.597010 -0.121459 0.289055 -0.741939 0.778859 0.711943 -2.383250 3.656756 -4.847752
0.263000 0.596266 -0.120678 0.289764 -0.744313 0.782505 0.707071 -2.364486 3.635585 -4.897959
0.264000 0.595521 -0.119894 0.290469 -0.746668 0.786130 0.702148 -2.345614 3.614259 -4.948108
0.265000 0.594773 -0.119106 0.291169 -0.749004 0.789734 0.697174 -2.326773 3.593028 -4.998054
0.266000 0.594023 -0.118314 0.291863 -0.751321 0.793316 0.692151 -2.308118 3.572108 -5.047633
0.267000 0.593271 -0.117519 0.292553 -0.753620 0.796878 0.687079 -2.289807 3.551694 -5.096666
0.268000 0.592516 -0.116720 0.293238 -0.755901 0.800420 0.681958 -2.271788 3.531741 -5.145177
0.269000 0.591759 -0.115918 0.293917 -0.758164 0.803941 0.676789 -2.253835 3.511990 -5.193364
0.270000 0.590999 -0.115113 0.294591 -0.760409 0.807444 0.671571 -2.235890 3.492318 -5.241286
0.271000 0.590238 -0.114303 0.295260 -0.762636 0.810926 0.666306 -2.218064 3.472755 -5.288853
0.272000 0.589474 -0.113491 0.295924 -0.764845 0.814389 0.660994 -2.200291 3.453175 -5.336120
0.273000 0.588708 -0.112675 0.296582 -0.767036 0.817832 0.655634 -2.182329 3.433337 -5.383295
0.274000 0.587940 -0.111855 0.297235 -0.769209 0.821256 0.650227 -2.164084 3.413252 -5.430447
0.275000 0.587170 -0.111032 0.297882 -0.771364 0.824659 0.644773 -2.145668 3.393189 -5.477461
0.276000 0.586397 -0.110206 0.298525 -0.773501 0.828042 0.639272 -2.127207 3.373395 -5.524208
0.277000 0.585623 -0.109376 0.299161 -0.775619 0.831406 0.633725 -2.108855 3.354086 -5.570539
0.278000 0.584846 -0.108543 0.299792 -0.777718 0.834750 0.628131 -2.090784 3.335455 -5.616289
0.279000 0.584067 -0.107706 0.300417 -0.779800 0.838077 0.622492 -2.072941 3.317447 -5.661482
0.280000 0.583287 -0.106867 0.301037 -0.781864 0.841385 0.616808 -2.055088 3.299788 -5.706308
0.281000 0.582504 -0.106024 0.301651 -0.783910 0.844676 0.611079 -2.037146 3.282343 -5.750850
0.282000 0.581719 -0.105177 0.302259 -0.785939 0.847950 0.605306 -2.019200 3.265141 -5.795059
0.283000 0.580932 -0.104328 0.302862 -0.787949 0.851207 0.599489 -2.001169 3.248049 -5.839013
0.284000 0.580143 -0.103475 0.303458 -0.789941 0.854446 0.593628 -1.982804 3.230808 -5.882911
0.285000 0.579352 -0.102619 0.304049 -0.791914 0.857668 0.587724 -1.964042 3.213422 -5.926816
0.286000 0.578559 -0.101760 0.304634 -0.793869 0.860873 0.581775 -1.945041 3.196159 -5.970626
0.287000 0.577764 -0.100897 0.305212 -0.795805 0.864060 0.575782 -1.925955 3.179279 -6.014222
0.288000 0.576967 -0.100031 0.305785 -0.797721 0.867231 0.569746 -1.906939 3.163023 -6.057463
0.289000 0.576169 -0.099163 0.306352 -0.799618 0.870386 0.563667 -1.888143 3.147619 -6.100195
0.290000 0.575368 -0.098291 0.306912 -0.801497 0.873527 0.557546 -1.869496 3.133028 -6.142433
0.291000 0.574566 -0.097416 0.307467 -0.803357 0.876653 0.551382 -1.850749 3.118962 -6.184344
0.292000 0.573761 -0.096537 0.308015 -0.805199 0.879765 0.545177 -1.831827 3.105255 -6.226002
0.293000 0.572955 -0.095656 0.308557 -0.807021 0.882863 0.538930 -1.812830 3.091901 -6.267363
0.294000 0.572147 -0.094772 0.309093 -0.808824 0.885948 0.532643 -1.793680 3.078735 -6.308494
0.295000 0.571338 -0.093884 0.309623 -0.810608 0.889021 0.526313 -1.774119 3.065474 -6.349570
0.296000 0.570526 -0.092994 0.310146 -0.812373 0.892079 0.519943 -1.754066 3.052113 -6.390644
0.297000 0.569713 -0.092100 0.310662 -0.814117 0.895125 0.513532 -1.733614 3.038872 -6.431648
0.298000 0.568898 -0.091203 0.311173 -0.815840 0.898157 0.507080 -1.712681 3.025748 -6.472622
0.299000 0.568081 -0.090304 0.311677 -0.817542 0.901176 0.500587 -1.691023 3.012509 -6.513706
0.300000 0.567263 -0.089401 0.312174 -0.819222 0.904182 0.494053 -1.668602 2.999125 -6.554903
0.301000 0.566443 -0.088495 0.312665 -0.820879 0.907174 0.487477 -1.645618 2.985812 -6.596060
0.302000 0.565621 -0.087587 0.313149 -0.822513 0.910154 0.480861 -1.622261 2.972745 -6.637045
0.303000 0.564798 -0.086675 0.313626 -0.824124 0.913120 0.474203 -1.598705 2.960015 -6.677762
0.304000 0.563973 -0.085760 0.314097 -0.825711 0.916074 0.467505 -1.575112 2.947673 -6.718137
0.305000 0.563146 -0.084843 0.314561 -0.827274 0.919015 0.460767 -1.551413 2.935544 -6.758219
0.306000 0.562318 -0.083922 0.315019 -0.828813 0.921945 0.453989 -1.527353 2.923338 -6.798145
0.307000 0.561489 -0.082999 0.315469 -0.830329 0.924862 0.447171 -1.502860 2.911042 -6.837926
0.308000 0.560658 -0.082073 0.315913 -0.831819 0.927767 0.440313 -1.478043 2.898877 -6.877458
0.309000 0.559825 -0.081143 0.316350 -0.833285 0.930660 0.433416 -1.452828 2.886837 -6.916740
0.310000 0.558991 -0.080211 0.316780 -0.834725 0.933541 0.426479 -1.426965 2.874667 -6.955881
0.311000 0.558156 -0.079276 0.317203 -0.836139 0.936409 0.419504 -1.400400 2.862305 -6.994890
0.312000 0.557319 -0.078339 0.317619 -0.837526 0.939265 0.412489 -1.373317 2.849941 -7.033651
0.313000 0.556481 -0.077398 0.318028 -0.838885 0.942109 0.405437 -1.345890 2.837726 -7.072063
0.314000 0.555641 -0.076454 0.318430 -0.840217 0.944941 0.398345 -1.318275 2.825747 -7.110066
0.315000 0.554800 -0.075508 0.318825 -0.841522 0.947760 0.391216 -1.290621 2.814056 -7.147618
0.316000 0.553958 -0.074559 0.319212 -0.842799 0.950569 0.384050 -1.262843 2.802477 -7.184775
0.317000 0.553115 -0.073607 0.319593 -0.844047 0.953365 0.376847 -1.234682 2.790706 -7.221661
0.318000 0.552270 -0.072652 0.319966 -0.845268 0.956150 0.369607 -1.206076 2.778729 -7.258294
0.319000 0.551424 -0.071695 0.320332 -0.846460 0.958923 0.362330 -1.177152 2.766771 -7.294596
0.320000 0.550577 -0.070734 0.320691 -0.847622 0.961684 0.355018 -1.147849 2.754820 -7.330570
0.321000 0.549729 -0.069771 0.321042 -0.848755 0.964433 0.347669 -1.117911 2.742613 -7.366301
0.322000 0.548879 -0.068805 0.321386 -0.849858 0.967169 0.340285 -1.087274 2.730086 -7.401777
0.323000 0.548029 -0.067837 0.321723 -0.850930 0.969893 0.332866 -1.056110 2.717431 -7.436875
0.324000 0.547178 -0.066866 0.322052 -0.851970 0.972604 0.325411 -1.024590 2.704796 -7.471489
0.325000 0.546325 -0.065892 0.322373 -0.852979 0.975302 0.317923 -0.992882 2.692247 -7.505553
0.326000 0.545472 -0.064915 0.322688 -0.853956 0.977988 0.310400 -0.961157 2.679809 -7.539018
0.327000 0.544617 -0.063936 0.322994 -0.854901 0.980662 0.302845 -0.929342 2.667280 -7.571916
0.328000 0.543762 -0.062954 0.323293 -0.855815 0.983323 0.295256 -0.897177 2.654347 -7.604333
0.329000 0.542906 -0.061969 0.323585 -0.856696 0.985971 0.287636 -0.864590 2.641017 -7.636262
0.330000 0.542048 -0.060982 0.323869 -0.857544 0.988605 0.279984 -0.831697 2.627554 -7.667614
0.331000 0.541190 -0.059992 0.324145 -0.858359 0.991226 0.272301 -0.798426 2.613971 -7.698368
0.332000 0.540332 -0.058999 0.324413 -0.859141 0.993833 0.264587 -0.764524 2.600005 -7.728591
0.333000 0.539472 -0.058004 0.324674 -0.859888 0.996426 0.256843 -0.729939 2.585593 -7.758295
0.334000 0.538612 -0.057006 0.324927 -0.860601 0.999004 0.249070 -0.694820 2.570886 -7.787429
0.335000 0.537751 -0.056006 0.325172 -0.861278 1.001567 0.241269 -0.659116 2.555801 -7.815995
0.336000 0.536889 -0.055003 0.325409 -0.861919 1.004116 0.233438 -0.622568 2.539986 -7.844060
0.337000 0.536027 -0.053998 0.325639 -0.862523 1.006647 0.225580 -0.585102 2.523232 -7.871635
0.338000 0.535164 -0.052990 0.325861 -0.863089 1.009162 0.217695 -0.546875 2.505575 -7.898659
0.339000 0.534301 -0.051980 0.326074 -0.863617 1.011659 0.209783 -0.508046 2.487125 -7.925062
0.340000 0.533437 -0.050967 0.326280 -0.864105 1.014136 0.201845 -0.468775 2.468124 -7.950766
0.341000 0.532573 -0.049951 0.326478 -0.864554 1.016595 0.193882 -0.429217 2.448891 -7.975687
0.342000 0.531708 -0.048933 0.326668 -0.864964 1.019034 0.185894 -0.389296 2.429440 -7.999803
0.343000 0.530843 -0.047913 0.326850 -0.865333 1.021454 0.177882 -0.348760 2.409513 -8.023157
0.344000 0.529977 -0.046891 0.327024 -0.865661 1.023853 0.169847 -0.307579 2.389070 -8.045759
0.345000 0.529111 -0.045866 0.327189 -0.865948 1.026232 0.161791 -0.265929 2.368306 -8.067576
0.346000 0.528245 -0.044838 0.327347 -0.866193 1.028590 0.153712 -0.223781 2.347161 -8.088607
0.347000 0.527379 -0.043808 0.327497 -0.866396 1.030926 0.145613 -0.180892 2.325275 -8.108894
0.348000 0.526513 -0.042776 0.327638 -0.866555 1.033240 0.137494 -0.137208 2.302420 -8.128446
0.349000 0.525646 -0.041742 0.327772 -0.866670 1.035531 0.129356 -0.092920 2.278608 -8.147223
0.350000 0.524779 -0.040705 0.327897 -0.866741 1.037798 0.121200 -0.048206 2.253941 -8.165187
0.351000 0.523913 -0.039666 0.328014 -0.866766 1.040039 0.113026 -0.003231 2.228690 -8.182307
0.352000 0.523046 -0.038625 0.328123 -0.866747 1.042255 0.104835 0.041847 2.203216 -8.198553
0.353000 0.522179 -0.037582 0.328224 -0.866683 1.044445 0.096629 0.087109 2.177558 -8.213923
0.354000 0.521312 -0.036536 0.328316 -0.866573 1.046610 0.088408 0.132808 2.151466 -8.228431
0.355000 0.520446 -0.035489 0.328401 -0.866417 1.048748 0.080172 0.178976 2.124904 -8.242061
0.356000 0.519580 -0.034439 0.328477 -0.866215 1.050860 0.071923 0.225437 2.098076 -8.254758
0.357000 0.518713 -0.033387 0.328545 -0.865966 1.052944 0.063663 0.272224 2.070925 -8.266493
0.358000 0.517848 -0.032333 0.328604 -0.865670 1.055002 0.055390 0.319588 2.043090 -8.277281
0.359000 0.516982 -0.031277 0.328655 -0.865327 1.057031 0.047108 0.367609 2.014342 -8.287148
0.360000 0.516117 -0.030219 0.328698 -0.864935 1.059030 0.038816 0.416130 1.984709 -8.296105
0.361000 0.515252 -0.029159 0.328733 -0.864495 1.061000 0.030516 0.464982 1.954305 -8.304150
0.362000 0.514388 -0.028097 0.328759 -0.864005 1.062939 0.022208 0.513986 1.923412 -8.311254
0.363000 0.513524 -0.027033 0.328777 -0.863467 1.064847 0.013893 0.562949 1.892406 -8.317374
0.364000 0.512661 -0.025967 0.328787 -0.862879 1.066724 0.005573 0.611924 1.861332 -8.322476
0.365000 0.511798 -0.024899 0.328789 -0.862243 1.068570 -0.002752 0.661162 1.829937 -8.326549
0.366000 0.510937 -0.023830 0.328782 -0.861557 1.070384 -0.011080 0.710714 1.798191 -8.329592
0.367000 0.510075 -0.022759 0.328766 -0.860822 1.072166 -0.019411 0.760433 1.766310 -8.331598
0.368000 0.509215 -0.021686 0.328743 -0.860036 1.073916 -0.027743 0.810372 1.734243 -8.332553
0.369000 0.508355 -0.020611 0.328711 -0.859201 1.075634 -0.036076 0.860776 1.701617 -8.332444
0.370000 0.507497 -0.019534 0.328671 -0.858315 1.077319 -0.044408 0.911696 1.668187 -8.331267
0.371000 0.506639 -0.018456 0.328622 -0.857377 1.078971 -0.052739 0.962981 1.633889 -8.329015
0.372000 0.505782 -0.017376 0.328565 -0.856389 1.080587 -0.061066 1.014681 1.598484 -8.325668
0.373000 0.504926 -0.016295 0.328500 -0.855348 1.082168 -0.069390 1.067050 1.561644 -8.321191
0.374000 0.504071 -0.015212 0.328426 -0.854255 1.083711 -0.077709 1.120158 1.523435 -8.315549
0.375000 0.503217 -0.014128 0.328345 -0.853108 1.085215 -0.086021 1.173835 1.484293 -8.308709
0.376000 0.502365 -0.013042 0.328254 -0.851907 1.086679 -0.094326 1.227894 1.444621 -8.300659
0.377000 0.501514 -0.011954 0.328156 -0.850652 1.088104 -0.102622 1.282115 1.404757 -8.291423
0.378000 0.500664 -0.010865 0.328049 -0.849343 1.089489 -0.110909 1.336260 1.365004 -8.281042
0.379000 0.499815 -0.009775 0.327934 -0.847979 1.090834 -0.119184 1.390344 1.325321 -8.269523
0.380000 0.498968 -0.008684 0.327811 -0.846562 1.092139 -0.127448 1.444592 1.285340 -8.256845
0.381000 0.498122 -0.007591 0.327679 -0.845090 1.093405 -0.135698 1.499039 1.244826 -8.243024
0.382000 0.497277 -0.006497 0.327539 -0.843564 1.094629 -0.143934 1.553524 1.203733 -8.228100
0.383000 0.496435 -0.005402 0.327391 -0.841983 1.095812 -0.152154 1.608083 1.161833 -8.212072
0.384000 0.495593 -0.004305 0.327235 -0.840348 1.096953 -0.160358 1.662955 1.118792 -8.194887
0.385000 0.494754 -0.003208 0.327071 -0.838657 1.098050 -0.168544 1.718198 1.074663 -8.176505
0.386000 0.493916 -0.002109 0.326898 -0.836911 1.099102 -0.176711 1.773676 1.029805 -8.156899
0.387000 0.493080 -0.001010 0.326717 -0.835110 1.100109 -0.184858 1.829446 0.984283 -8.136018
0.388000 0.492246 0.000091 0.326528 -0.833252 1.101071 -0.192983 1.885750 0.937840 -8.113808
0.389000 0.491414 0.001193 0.326331 -0.831338 1.101985 -0.201085 1.942640 0.890444 -8.090295
0.390000 0.490583 0.002295 0.326126 -0.829367 1.102851 -0.209164 1.999926 0.842365 -8.065572
0.391000 0.489755 0.003398 0.325913 -0.827339 1.103670 -0.217217 2.057409 0.793803 -8.039712
0.392000 0.488929 0.004502 0.325692 -0.825252 1.104439 -0.225243 2.114869 0.744835 -8.012770
0.393000 0.488104 0.005607 0.325462 -0.823109 1.105159 -0.233242 2.172080 0.695470 -7.984781
0.394000 0.487282 0.006713 0.325225 -0.820908 1.105830 -0.241213 2.229059 0.645467 -7.955709
0.395000 0.486463 0.007819 0.324980 -0.818651 1.106450 -0.249154 2.286035 0.594483 -7.925457
0.396000 0.485645 0.008926 0.324727 -0.816336 1.107019 -0.257064 2.343071 0.542562 -7.893949
0.397000 0.484830 0.010033 0.324466 -0.813965 1.107535 -0.264941 2.400045 0.490054 -7.861145
0.398000 0.484017 0.011141 0.324197 -0.811536 1.107999 -0.272786 2.457015 0.437016 -7.826962
0.399000 0.483207 0.012249 0.323920 -0.809051 1.108409 -0.280595 2.514212 0.383195 -7.791323
0.400000 0.482399 0.013357 0.323636 -0.806508 1.108765 -0.288368 2.571667 0.328576 -7.754273
0.401000 0.481594 0.014466 0.323344 -0.803907 1.109067 -0.296104 2.629169 0.273458 -7.715961
0.402000 0.480791 0.015576 0.323044 -0.801249 1.109312 -0.303800 2.686513 0.218071 -7.676509
0.403000 0.479991 0.016685 0.322736 -0.798534 1.109503 -0.311457 2.743508 0.162520 -7.636003
0.404000 0.479194 0.017795 0.322421 -0.795762 1.109637 -0.319072 2.799967 0.106847 -7.594503
0.405000 0.478400 0.018904 0.322098 -0.792934 1.109716 -0.326646 2.855934 0.050830 -7.551973
0.406000 0.477608 0.020014 0.321767 -0.790050 1.109739 -0.334176 2.911632 -0.005867 -7.508291
0.407000 0.476820 0.021124 0.321429 -0.787111 1.109705 -0.341662 2.967097 -0.063201 -7.463382
0.408000 0.476034 0.022233 0.321084 -0.784116 1.109613 -0.349103 3.022181 -0.120827 -7.417223
0.409000 0.475251 0.023343 0.320731 -0.781067 1.109463 -0.356497 3.076915 -0.178690 -7.369732
0.410000 0.474472 0.024452 0.320371 -0.777962 1.109255 -0.363843 3.131523 -0.237043 -7.320810
0.411000 0.473695 0.025561 0.320004 -0.774804 1.108989 -0.371139 3.186055 -0.295903 -7.270503
0.412000 0.472922 0.026670 0.319629 -0.771590 1.108663 -0.378384 3.240339 -0.354973 -7.218986
0.413000 0.472152 0.027779 0.319247 -0.768323 1.108279 -0.385577 3.294188 -0.414021 -7.166409
0.414000 0.471386 0.028887 0.318858 -0.765002 1.107835 -0.392716 3.347401 -0.472941 -7.112883
0.415000 0.470622 0.029994 0.318461 -0.761628 1.107333 -0.399802 3.399762 -0.531691 -7.058498
0.416000 0.469862 0.031102 0.318058 -0.758202 1.106772 -0.406833 3.451284 -0.590491 -7.003217
0.417000 0.469106 0.032208 0.317648 -0.754725 1.106152 -0.413809 3.502178 -0.649673 -6.946892
0.418000 0.468353 0.033314 0.317230 -0.751198 1.105473 -0.420727 3.552497 -0.709193 -6.889425
0.419000 0.467604 0.034419 0.316806 -0.747621 1.104734 -0.427588 3.602126 -0.768701 -6.830784
0.420000 0.466858 0.035523 0.316375 -0.743994 1.103935 -0.434389 3.651115 -0.828138 -6.770869
0.421000 0.466116 0.036627 0.315937 -0.740318 1.103077 -0.441129 3.699681 -0.887765 -6.709564
0.422000 0.465377 0.037729 0.315493 -0.736594 1.102160 -0.447808 3.747868 -0.947617 -6.646948
0.423000 0.464642 0.038831 0.315042 -0.732823 1.101182 -0.454423 3.795501 -1.007422 -6.583257
0.424000 0.463911 0.039932 0.314584 -0.729003 1.100145 -0.460974 3.842406 -1.066958 -6.518689
0.425000 0.463184 0.041031 0.314120 -0.725138 1.099048 -0.467461 3.888402 -1.126096 -6.453375
0.426000 0.462461 0.042130 0.313649 -0.721227 1.097893 -0.473881 3.933305 -1.184753 -6.387405
0.427000 0.461742 0.043227 0.313172 -0.717271 1.096679 -0.480235 3.977143 -1.243118 -6.320724
0.428000 0.461027 0.044323 0.312689 -0.713272 1.095406 -0.486523 4.020116 -1.301524 -6.253153
0.429000 0.460315 0.045418 0.312199 -0.709231 1.094076 -0.492742 4.062267 -1.359965 -6.184578
0.430000 0.459608 0.046511 0.311703 -0.705148 1.092687 -0.498892 4.103474 -1.418150 -6.114964
0.431000 0.458905 0.047603 0.311201 -0.701024 1.091239 -0.504972 4.143775 -1.476058 -6.044197
0.432000 0.458206 0.048694 0.310693 -0.696860 1.089734 -0.510980 4.183388 -1.533960 -5.972145
0.433000 0.457511 0.049783 0.310179 -0.692657 1.088171 -0.516916 4.222391 -1.591879 -5.898894
0.434000 0.456821 0.050870 0.309659 -0.688415 1.086551 -0.522778 4.260672 -1.649532 -5.824721
0.435000 0.456134 0.051956 0.309134 -0.684136 1.084872 -0.528565 4.298087 -1.706684 -5.749854
0.436000 0.455452 0.053040 0.308602 -0.679819 1.083137 -0.534278 4.334443 -1.763188 -5.674438
0.437000 0.454775 0.054122 0.308065 -0.675467 1.081346 -0.539914 4.369518 -1.818949 -5.598570
0.438000 0.454102 0.055203 0.307523 -0.671080 1.079499 -0.545475 4.403298 -1.874141 -5.522187
0.439000 0.453433 0.056281 0.306974 -0.666660 1.077598 -0.550959 4.435959 -1.929103 -5.445085
0.440000 0.452768 0.057358 0.306421 -0.662208 1.075641 -0.556365 4.467550 -1.983863 -5.367141
0.441000 0.452108 0.058433 0.305862 -0.657725 1.073630 -0.561693 4.497970 -2.038178 -5.288327
0.442000 0.451453 0.059505 0.305297 -0.653212 1.071565 -0.566942 4.527268 -2.092062 -5.208522
0.443000 0.450802 0.060576 0.304728 -0.648671 1.069446 -0.572110 4.555655 -2.145786 -5.127584
0.444000 0.450155 0.061644 0.304153 -0.644101 1.067273 -0.577197 4.583216 -2.199358 -5.045621
0.445000 0.449514 0.062710 0.303573 -0.639504 1.065047 -0.582201 4.609865 -2.252477 -4.962956
0.446000 0.448876 0.063774 0.302989 -0.634881 1.062768 -0.587123 4.635493 -2.304896 -4.879854
0.447000 0.448244 0.064836 0.302399 -0.630233 1.060437 -0.591961 4.659957 -2.356473 -4.796486
0.448000 0.447616 0.065895 0.301805 -0.625561 1.058055 -0.596716 4.683090 -2.407126 -4.712965
0.449000 0.446993 0.066952 0.301206 -0.620867 1.055623 -0.601387 4.704909 -2.457032 -4.629225
0.450000 0.446374 0.068006 0.300602 -0.616152 1.053141 -0.605974 4.725581 -2.506529 -4.545051
0.451000 0.445760 0.069058 0.299994 -0.611416 1.050610 -0.610477 4.745137 -2.555648 -4.460319
0.452000 0.445151 0.070107 0.299381 -0.606661 1.048030 -0.614895 4.763461 -2.604156 -4.375013
0.453000 0.444547 0.071154 0.298764 -0.601889 1.045402 -0.619227 4.780583 -2.652071 -4.289018
0.454000 0.443948 0.072198 0.298142 -0.597100 1.042726 -0.623473 4.796703 -2.699670 -4.202179
0.455000 0.443353 0.073240 0.297517 -0.592296 1.040002 -0.627631 4.811937 -2.746988 -4.114609
0.456000 0.442763 0.074278 0.296887 -0.587476 1.037232 -0.631702 4.826250 -2.793762 -4.026651
0.457000 0.442178 0.075314 0.296254 -0.582643 1.034415 -0.635685 4.839569 -2.839761 -3.938595
0.458000 0.441598 0.076347 0.295616 -0.577797 1.031552 -0.639579 4.851757 -2.884811 -3.850633
0.459000 0.441022 0.077377 0.294974 -0.572940 1.028645 -0.643386 4.862636 -2.928769 -3.762905
0.460000 0.440452 0.078404 0.294329 -0.568072 1.025695 -0.647105 4.872198 -2.971765 -3.675350
0.461000 0.439886 0.079429 0.293680 -0.563195 1.022702 -0.650737 4.880592 -3.014115 -3.587739
0.462000 0.439325 0.080450 0.293028 -0.558311 1.019667 -0.654280 4.887849 -3.055871 -3.499933
0.463000 0.438770 0.081468 0.292372 -0.553419 1.016590 -0.657736 4.893870 -3.096838 -3.411907
0.464000 0.438219 0.082483 0.291712 -0.548523 1.013473 -0.661104 4.898685 -3.137059 -3.323530
0.465000 0.437673 0.083495 0.291049 -0.543622 1.010316 -0.664384 4.902486 -3.176820 -3.234629
0.466000 0.437131 0.084504 0.290383 -0.538718 1.007119 -0.667574 4.905390 -3.216179 -3.145300
0.467000 0.436595 0.085509 0.289714 -0.533811 1.003884 -0.670674 4.907414 -3.254964 -3.055849
0.468000 0.436064 0.086511 0.289042 -0.528903 1.000609 -0.673685 4.908667 -3.293234 -2.966373
0.469000 0.435537 0.087510 0.288367 -0.523994 0.997297 -0.676607 4.909319 -3.331292 -2.876729
0.470000 0.435016 0.088506 0.287689 -0.519085 0.993947 -0.679439 4.909373 -3.369239 -2.786865
0.471000 0.434499 0.089498 0.287008 -0.514175 0.990559 -0.682181 4.908664 -3.406900 -2.696904
0.472000 0.433987 0.090487 0.286324 -0.509267 0.987133 -0.684833 4.907037 -3.444091 -2.606947
0.473000 0.433481 0.091472 0.285638 -0.504361 0.983670 -0.687394 4.904363 -3.480606 -2.517061
0.474000 0.432979 0.092454 0.284950 -0.499458 0.980172 -0.689867 4.900526 -3.516232 -2.427297
0.475000 0.432482 0.093433 0.284259 -0.494560 0.976638 -0.692249 4.895560 -3.551025 -2.337541
0.476000 0.431990 0.094408 0.283565 -0.489667 0.973070 -0.694542 4.889644 -3.585269 -2.247620
0.477000 0.431502 0.095379 0.282869 -0.484781 0.969467 -0.696744 4.882897 -3.619013 -2.157632
0.478000 0.431020 0.096347 0.282172 -0.479902 0.965832 -0.698857 4.875351 -3.652085 -2.067885
0.479000 0.430543 0.097311 0.281472 -0.475030 0.962163 -0.700880 4.867115 -3.684532 -1.978478
0.480000 0.430070 0.098271 0.280770 -0.470167 0.958463 -0.702814 4.858338 -3.716641 -1.889257
0.481000 0.429602 0.099228 0.280066 -0.465313 0.954730 -0.704659 4.848999 -3.748502 -1.800177
0.482000 0.429139 0.100180 0.279361 -0.460469 0.950966 -0.706414 4.838918 -3.779941 -1.711365
0.483000 0.428681 0.101129 0.278653 -0.455636 0.947170 -0.708081 4.827933 -3.810792 -1.622925
0.484000 0.428228 0.102075 0.277944 -0.450813 0.943344 -0.709660 4.815924 -3.840899 -1.534912
0.485000 0.427780 0.103016 0.277234 -0.446004 0.939488 -0.711151 4.802793 -3.870110 -1.447355
0.486000 0.427336 0.103954 0.276522 -0.441208 0.935604 -0.712555 4.788575 -3.898523 -1.360119
0.487000 0.426897 0.104887 0.275809 -0.436427 0.931691 -0.713871 4.773438 -3.926420 -1.273011
0.488000 0.426463 0.105817 0.275094 -0.431661 0.927751 -0.715101 4.757502 -3.953844 -1.186110
0.489000 0.426034 0.106743 0.274379 -0.426912 0.923784 -0.716244 4.740818 -3.980614 -1.099704
0.490000 0.425609 0.107665 0.273662 -0.422179 0.919790 -0.717300 4.723495 -4.006764 -1.013877
0.491000 0.425190 0.108582 0.272944 -0.417465 0.915770 -0.718271 4.705673 -4.032560 -0.928470
0.492000 0.424774 0.109496 0.272225 -0.412768 0.911725 -0.719157 4.687332 -4.058078 -0.843445
0.493000 0.424364 0.110406 0.271506 -0.408090 0.907654 -0.719958 4.668313 -4.083139 -0.758952
0.494000 0.423958 0.111312 0.270785 -0.403431 0.903558 -0.720675 4.648475 -4.107569 -0.675106
0.495000 0.423557 0.112213 0.270064 -0.398793 0.899439 -0.721308 4.627718 -4.131204 -0.591959
0.496000 0.423161 0.113110 0.269343 -0.394176 0.895296 -0.721859 4.605964 -4.153887 -0.509529
0.497000 0.422769 0.114004 0.268621 -0.389581 0.891131 -0.722328 4.583254 -4.175704 -0.427674
0.498000 0.422382 0.114893 0.267898 -0.385009 0.886945 -0.722714 4.559743 -4.196933 -0.346188
0.499000 0.421999 0.115778 0.267175 -0.380462 0.882737 -0.723020 4.535560 -4.217652 -0.265141
0.500000 0.421621 0.116658 0.266452 -0.375938 0.878509 -0.723245 4.510770 -4.237738 -0.184814
0.501000 0.421247 0.117535 0.265729 -0.371440 0.874262 -0.723390 4.485490 -4.257261 -0.105284
0.502000 0.420878 0.118407 0.265005 -0.366967 0.869995 -0.723455 4.459849 -4.276482 -0.026385
0.503000 0.420513 0.119275 0.264282 -0.362520 0.865709 -0.723442 4.433834 -4.295463 0.051926
0.504000 0.420153 0.120138 0.263558 -0.358100 0.861404 -0.723351 4.407306 -4.314019 0.129503
0.505000 0.419797 0.120997 0.262835 -0.353706 0.857081 -0.723183 4.380147 -4.331989 0.206225
0.506000 0.419445 0.121852 0.262112 -0.349339 0.852740 -0.722939 4.352281 -4.349251 0.282015
0.507000 0.419098 0.122703 0.261389 -0.345001 0.848382 -0.722619 4.323653 -4.365704 0.356825
0.508000 0.418755 0.123549 0.260667 -0.340692 0.844008 -0.722225 4.294307 -4.381467 0.430775
0.509000 0.418417 0.124391 0.259945 -0.336413 0.839619 -0.721758 4.264383 -4.396815 0.504071
0.510000 0.418082 0.125228 0.259223 -0.332163 0.835215 -0.721217 4.233988 -4.411809 0.576665
0.511000 0.417752 0.126061 0.258502 -0.327945 0.830796 -0.720604 4.203177 -4.426313 0.648309
0.512000 0.417427 0.126890 0.257782 -0.323757 0.826362 -0.719921 4.172046 -4.440377 0.718952
0.513000 0.417105 0.127714 0.257063 -0.319601 0.821915 -0.719166 4.140709 -4.454239 0.788765
0.514000 0.416787 0.128534 0.256344 -0.315476 0.817454 -0.718343 4.109161 -4.467939 0.857790
0.515000 0.416474 0.129349 0.255626 -0.311382 0.812979 -0.717451 4.077286 -4.481284 0.925875
0.516000 0.416165 0.130160 0.254909 -0.307321 0.808491 -0.716491 4.044981 -4.494111 0.992894
0.517000 0.415859 0.130966 0.254193 -0.303292 0.803991 -0.715465 4.012171 -4.506310 1.058765
0.518000 0.415558 0.131768 0.253478 -0.299297 0.799478 -0.714374 3.978794 -4.517806 1.123433
0.519000 0.415261 0.132565 0.252764 -0.295335 0.794955 -0.713218 3.944877 -4.528724 1.187013
0.520000 0.414967 0.133358 0.252052 -0.291407 0.790421 -0.712000 3.910547 -4.539343 1.249722
0.521000 0.414678 0.134146 0.251340 -0.287514 0.785876 -0.710719 3.875921 -4.549756 1.311556
0.522000 0.414392 0.134929 0.250630 -0.283655 0.781321 -0.709377 3.841076 -4.559882 1.372325
0.523000 0.414111 0.135708 0.249921 -0.279831 0.776757 -0.707974 3.806121 -4.569801 1.432016
0.524000 0.413833 0.136483 0.249214 -0.276043 0.772182 -0.706513 3.771166 -4.579742 1.490811
0.525000 0.413558 0.137253 0.248508 -0.272289 0.767597 -0.704993 3.736218 -4.589730 1.548742
0.526000 0.413288 0.138018 0.247804 -0.268570 0.763002 -0.703415 3.701205 -4.599596 1.605681
0.527000 0.413021 0.138779 0.247102 -0.264887 0.758398 -0.701781 3.666118 -4.609360 1.661670
0.528000 0.412758 0.139535 0.246401 -0.261238 0.753784 -0.700092 3.631026 -4.619264 1.716943
0.529000 0.412499 0.140286 0.245701 -0.257625 0.749159 -0.698347 3.595936 -4.629439 1.771633
0.530000 0.412243 0.141033 0.245004 -0.254046 0.744525 -0.696548 3.560789 -4.639828 1.825699
0.531000 0.411991 0.141775 0.244308 -0.250503 0.739880 -0.694696 3.525552 -4.650366 1.879057
0.532000 0.411742 0.142513 0.243615 -0.246995 0.735224 -0.692790 3.490252 -4.660963 1.931543
0.533000 0.411497 0.143246 0.242923 -0.243523 0.730558 -0.690833 3.454946 -4.671520 1.982948
0.534000 0.411255 0.143974 0.242233 -0.240085 0.725881 -0.688824 3.419731 -4.682123 2.033271
0.535000 0.411017 0.144698 0.241545 -0.236683 0.721194 -0.686766 3.384699 -4.692991 2.082693
0.536000 0.410782 0.145416 0.240859 -0.233316 0.716495 -0.684659 3.349845 -4.704152 2.131258
0.537000 0.410550 0.146130 0.240176 -0.229983 0.711785 -0.682504 3.315092 -4.715458 2.178850
0.538000 0.410322 0.146840 0.239494 -0.226686 0.707064 -0.680301 3.280423 -4.726932 2.225518
0.539000 0.410097 0.147545 0.238815 -0.223423 0.702331 -0.678053 3.245899 -4.738794 2.271497
0.540000 0.409875 0.148245 0.238138 -0.220194 0.697587 -0.675758 3.211545 -4.751155 2.316926
0.541000 0.409656 0.148940 0.237464 -0.216999 0.692829 -0.673419 3.177340 -4.763983 2.361818
0.542000 0.409441 0.149630 0.236791 -0.213839 0.688059 -0.671035 3.143310 -4.777383 2.406307
0.543000 0.409229 0.150316 0.236122 -0.210713 0.683274 -0.668606 3.109555 -4.791601 2.450619
0.544000 0.409019 0.150997 0.235454 -0.207620 0.678475 -0.666133 3.076166 -4.806733 2.494790
0.545000 0.408813 0.151673 0.234789 -0.204560 0.673661 -0.663617 3.043200 -4.822688 2.538652
0.546000 0.408610 0.152344 0.234127 -0.201534 0.668830 -0.661056 3.010672 -4.839332 2.582052
0.547000 0.408410 0.153011 0.233467 -0.198539 0.663982 -0.658453 2.978536 -4.856470 2.624866
0.548000 0.408213 0.153672 0.232810 -0.195577 0.659117 -0.655806 2.946709 -4.873864 2.666984
0.549000 0.408019 0.154329 0.232156 -0.192646 0.654234 -0.653119 2.915168 -4.891493 2.708478
0.550000 0.407828 0.154981 0.231504 -0.189746 0.649334 -0.650389 2.883960 -4.909558 2.749579
0.551000 0.407640 0.155627 0.230855 -0.186878 0.644415 -0.647619 2.853104 -4.928191 2.790401
0.552000 0.407454 0.156269 0.230209 -0.184040 0.639478 -0.644809 2.822580 -4.947413 2.830931
0.553000 0.407272 0.156906 0.229565 -0.181233 0.634521 -0.641958 2.792411 -4.967355 2.871279
0.554000 0.407092 0.157538 0.228925 -0.178455 0.629543 -0.639066 2.762682 -4.988251 2.911663
0.555000 0.406915 0.158165 0.228287 -0.175707 0.624544 -0.636134 2.733482 -5.010176 2.952140
0.556000 0.406740 0.158788 0.227652 -0.172988 0.619523 -0.633162 2.704870 -5.033024 2.992584
0.557000 0.406569 0.159405 0.227021 -0.170298 0.614478 -0.630149 2.676868 -5.056666 3.032873
0.558000 0.406400 0.160016 0.226392 -0.167635 0.609409 -0.627096 2.649434 -5.080939 3.072899
0.559000 0.406233 0.160623 0.225766 -0.164999 0.604316 -0.624003 2.622490 -5.105657 3.112560
0.560000 0.406070 0.161225 0.225144 -0.162390 0.599198 -0.620871 2.596012 -5.130820 3.151924
0.561000 0.405909 0.161822 0.224525 -0.159807 0.594054 -0.617699 2.570035 -5.156607 3.191223
0.562000 0.405750 0.162413 0.223909 -0.157249 0.588885 -0.614489 2.544572 -5.183072 3.230559
0.563000 0.405594 0.163000 0.223296 -0.154718 0.583688 -0.611238 2.519566 -5.209996 3.269761
0.564000 0.405441 0.163581 0.222686 -0.152210 0.578465 -0.607949 2.494929 -5.236997 3.308479
0.565000 0.405290 0.164156 0.222080 -0.149728 0.573214 -0.604621 2.470563 -5.263632 3.346304
0.566000 0.405141 0.164727 0.221477 -0.147269 0.567938 -0.601256 2.446350 -5.289437 3.382854
0.567000 0.404995 0.165292 0.220877 -0.144835 0.562635 -0.597856 2.422191 -5.314071 3.417912
0.568000 0.404852 0.165852 0.220281 -0.142425 0.557309 -0.594421 2.398062 -5.337492 3.451542
0.569000 0.404710 0.166407 0.219689 -0.140039 0.551960 -0.590953 2.374001 -5.359868 3.483967
0.570000 0.404571 0.166956 0.219099 -0.137677 0.546590 -0.587453 2.350033 -5.381295 3.515301
0.571000 0.404435 0.167500 0.218514 -0.135339 0.541198 -0.583922 2.326152 -5.401739 3.545511
0.572000 0.404301 0.168039 0.217931 -0.133025 0.535786 -0.580362 2.302359 -5.421158 3.574562
0.573000 0.404169 0.168572 0.217353 -0.130734 0.530356 -0.576773 2.278669 -5.439505 3.602414
0.574000 0.404039 0.169099 0.216778 -0.128467 0.524907 -0.573157 2.255099 -5.456729 3.629024
0.575000 0.403912 0.169621 0.216207 -0.126224 0.519442 -0.569515 2.231692 -5.472903 3.654490
0.576000 0.403787 0.170138 0.215639 -0.124004 0.513961 -0.565848 2.208491 -5.488167 3.679022
0.577000 0.403664 0.170649 0.215075 -0.121807 0.508466 -0.562157 2.185484 -5.502490 3.702711
0.578000 0.403543 0.171155 0.214515 -0.119633 0.502956 -0.558442 2.162621 -5.515688 3.725529
0.579000 0.403425 0.171655 0.213958 -0.117482 0.497434 -0.554706 2.139886 -5.527721 3.747561
0.580000 0.403308 0.172150 0.213405 -0.115353 0.491901 -0.550947 2.117303 -5.538731 3.769013
0.581000 0.403194 0.172639 0.212856 -0.113247 0.486357 -0.547168 2.094874 -5.548808 3.789986
0.582000 0.403082 0.173123 0.212311 -0.111163 0.480803 -0.543367 2.072572 -5.557928 3.810447
0.583000 0.402972 0.173601 0.211769 -0.109102 0.475241 -0.539547 2.050383 -5.566064 3.830365
0.584000 0.402864 0.174073 0.211232 -0.107063 0.469671 -0.535707 2.028322 -5.573181 3.849723
0.585000 0.402758 0.174540 0.210698 -0.105045 0.464095 -0.531847 2.006413 -5.579212 3.868481
0.586000 0.402653 0.175001 0.210168 -0.103050 0.458513 -0.527970 1.984655 -5.584080 3.886614
0.587000 0.402551 0.175457 0.209642 -0.101076 0.452927 -0.524074 1.963004 -5.587660 3.904076
0.588000 0.402451 0.175907 0.209120 -0.099124 0.447337 -0.520161 1.941385 -5.589794 3.920811
0.589000 0.402353 0.176352 0.208602 -0.097193 0.441747 -0.516232 1.919764 -5.590467 3.936895
0.590000 0.402257 0.176791 0.208087 -0.095284 0.436157 -0.512288 1.898167 -5.589816 3.952516
0.591000 0.402163 0.177224 0.207577 -0.093397 0.430567 -0.508327 1.876627 -5.587934 3.967766
0.592000 0.402070 0.177652 0.207071 -0.091531 0.424981 -0.504352 1.855164 -5.584816 3.982609
0.593000 0.401980 0.178074 0.206568 -0.089686 0.419398 -0.500362 1.833785 -5.580449 3.997012
0.594000 0.401891 0.178491 0.206070 -0.087863 0.413820 -0.496358 1.812483 -5.574817 4.010956
0.595000 0.401804 0.178902 0.205576 -0.086062 0.408248 -0.492340 1.791239 -5.567897 4.024425
0.596000 0.401719 0.179307 0.205085 -0.084281 0.402684 -0.488309 1.770055 -5.559757 4.037518
0.597000 0.401635 0.179707 0.204599 -0.082521 0.397129 -0.484265 1.748954 -5.550508 4.050416
0.598000 0.401554 0.180101 0.204117 -0.080783 0.391583 -0.480208 1.727934 -5.540109 4.063189
0.599000 0.401474 0.180490 0.203639 -0.079066 0.386048 -0.476139 1.706975 -5.528402 4.075795
0.600000 0.401395 0.180874 0.203165 -0.077369 0.380526 -0.472057 1.686073 -5.515342 4.088295
0.601000 0.401319 0.181251 0.202695 -0.075693 0.375018 -0.467962 1.665254 -5.501048 4.100855
0.602000 0.401244 0.181624 0.202229 -0.074039 0.369524 -0.463855 1.644536 -5.485631 4.113551
0.603000 0.401171 0.181990 0.201767 -0.072404 0.364046 -0.459735 1.623922 -5.469131 4.126336
0.604000 0.401099 0.182352 0.201309 -0.070791 0.358586 -0.455602 1.603411 -5.451574 4.139162
0.605000 0.401029 0.182707 0.200856 -0.069197 0.353143 -0.451457 1.583001 -5.432965 4.151974
0.606000 0.400961 0.183058 0.200406 -0.067625 0.347720 -0.447299 1.562690 -5.413296 4.164714
0.607000 0.400894 0.183403 0.199961 -0.066072 0.342317 -0.443127 1.542489 -5.392631 4.177439
0.608000 0.400829 0.183743 0.199520 -0.064540 0.336935 -0.438944 1.522411 -5.371072 4.190299
0.609000 0.400765 0.184077 0.199083 -0.063027 0.331575 -0.434747 1.502439 -5.348602 4.203342
0.610000 0.400703 0.184406 0.198651 -0.061535 0.326237 -0.430537 1.482536 -5.325105 4.216517
0.611000 0.400642 0.184729 0.198222 -0.060062 0.320924 -0.426314 1.462680 -5.300556 4.229869
0.612000 0.400583 0.185048 0.197798 -0.058609 0.315636 -0.422077 1.442881 -5.275056 4.243539
0.613000 0.400525 0.185361 0.197378 -0.057176 0.310374 -0.417827 1.423139 -5.248689 4.257584
0.614000 0.400468 0.185668 0.196962 -0.055763 0.305139 -0.413562 1.403442 -5.221476 4.271953
0.615000 0.400413 0.185971 0.196551 -0.054370 0.299931 -0.409283 1.383783 -5.193429 4.286594
0.616000 0.400359 0.186268 0.196144 -0.052996 0.294752 -0.404989 1.364169 -5.164559 4.301473
0.617000 0.400307 0.186560 0.195741 -0.051641 0.289602 -0.400680 1.344617 -5.134870 4.316554
0.618000 0.400256 0.186847 0.195342 -0.050306 0.284482 -0.396356 1.325148 -5.104426 4.331903
0.619000 0.400207 0.187129 0.194948 -0.048991 0.279393 -0.392016 1.305782 -5.073322 4.347653
0.620000 0.400158 0.187406 0.194558 -0.047695 0.274336 -0.387660 1.286514 -5.041565 4.363836
0.621000 0.400111 0.187678 0.194173 -0.046418 0.269310 -0.383288 1.267323 -5.009085 4.380391
0.622000 0.400065 0.187945 0.193792 -0.045160 0.264318 -0.378900 1.248203 -4.975880 4.397340
0.623000 0.400021 0.188207 0.193415 -0.043922 0.259358 -0.374494 1.229168 -4.942037 4.414789
0.624000 0.399978 0.188463 0.193043 -0.042702 0.254433 -0.370070 1.210232 -4.907616 4.432750
0.625000 0.399935 0.188715 0.192675 -0.041501 0.249543 -0.365628 1.191403 -4.872629 4.451147
0.626000 0.399895 0.188963 0.192311 -0.040319 0.244688 -0.361168 1.172694 -4.837133 4.469984
0.627000 0.399855 0.189205 0.191953 -0.039156 0.239869 -0.356688 1.154113 -4.801236 4.489361
0.628000 0.399816 0.189442 0.191598 -0.038011 0.235086 -0.352189 1.135647 -4.765010 4.509301
0.629000 0.399779 0.189675 0.191248 -0.036884 0.230339 -0.347670 1.117263 -4.728469 4.529718
0.630000 0.399742 0.189903 0.190903 -0.035776 0.225629 -0.343130 1.098937 -4.691604 4.550528
0.631000 0.399707 0.190126 0.190562 -0.034686 0.220956 -0.338569 1.080659 -4.654372 4.571636
0.632000 0.399673 0.190345 0.190226 -0.033615 0.216320 -0.333986 1.062425 -4.616710 4.592949
0.633000 0.399640 0.190559 0.189894 -0.032562 0.211722 -0.329383 1.044242 -4.578617 4.614468
0.634000 0.399608 0.190768 0.189567 -0.031526 0.207163 -0.324757 1.026121 -4.540170 4.636283
0.635000 0.399577 0.190973 0.189244 -0.030509 0.202642 -0.320110 1.008066 -4.501432 4.658411
0.636000 0.399547 0.191174 0.188927 -0.029510 0.198160 -0.315441 0.990074 -4.462433 4.680792
0.637000 0.399518 0.191370 0.188614 -0.028529 0.193717 -0.310749 0.972147 -4.423229 4.703436
0.638000 0.399490 0.191561 0.188305 -0.027566 0.189313 -0.306034 0.954293 -4.383901 4.726413
0.639000 0.399463 0.191748 0.188001 -0.026621 0.184949 -0.301296 0.936511 -4.344472 4.749699
0.640000 0.399437 0.191931 0.187703 -0.025693 0.180625 -0.296534 0.918794 -4.304911 4.773163
0.641000 0.399411 0.192109 0.187408 -0.024783 0.176339 -0.291749 0.901130 -4.265169 4.796679
0.642000 0.399387 0.192284 0.187119 -0.023891 0.172094 -0.286941 0.883508 -4.225182 4.820131
0.643000 0.399364 0.192454 0.186834 -0.023016 0.167889 -0.282109 0.865915 -4.184872 4.843406
0.644000 0.399341 0.192619 0.186555 -0.022159 0.163724 -0.277254 0.848349 -4.144218 4.866482
0.645000 0.399319 0.192781 0.186280 -0.021319 0.159601 -0.272376 0.830809 -4.103271 4.889407
0.646000 0.399298 0.192939 0.186010 -0.020497 0.155518 -0.267475 0.813291 -4.062074 4.912150
0.647000 0.399278 0.193092 0.185745 -0.019693 0.151476 -0.262552 0.795781 -4.020644 4.934601
0.648000 0.399259 0.193242 0.185485 -0.018906 0.147477 -0.257606 0.778274 -3.979023 4.956717
0.649000 0.399240 0.193387 0.185230 -0.018136 0.143518 -0.252638 0.760777 -3.937273 4.978529
0.650000 0.399223 0.193529 0.184980 -0.017384 0.139602 -0.247649 0.743307 -3.895429 4.999985
0.651000 0.399206 0.193666 0.184735 -0.016650 0.135728 -0.242638 0.725882 -3.853492 5.020956
0.652000 0.399189 0.193800 0.184494 -0.015932 0.131895 -0.237607 0.708516 -3.811486 5.041381
0.653000 0.399174 0.193930 0.184259 -0.015233 0.128105 -0.232556 0.691215 -3.769450 5.061270
0.654000 0.399159 0.194056 0.184029 -0.014550 0.124356 -0.227485 0.673969 -3.727377 5.080552
0.655000 0.399145 0.194179 0.183804 -0.013885 0.120650 -0.222395 0.656758 -3.685212 5.099062
0.656000 0.399131 0.194298 0.183584 -0.013236 0.116986 -0.217287 0.639571 -3.642908 5.116635
0.657000 0.399118 0.194413 0.183370 -0.012606 0.113364 -0.212161 0.622409 -3.600425 5.133119
0.658000 0.399106 0.194524 0.183160 -0.011992 0.109785 -0.207020 0.605286 -3.557733 5.148364
0.659000 0.399094 0.194632 0.182956 -0.011395 0.106249 -0.201865 0.588211 -3.514830 5.162300
0.660000 0.399083 0.194737 0.182756 -0.010815 0.102755 -0.196696 0.571197 -3.471728 5.174902
0.661000 0.399073 0.194838 0.182562 -0.010253 0.099305 -0.191515 0.554255 -3.428396 5.186040
0.662000 0.399063 0.194935 0.182373 -0.009707 0.095898 -0.186324 0.537394 -3.384761 5.195497
0.663000 0.399053 0.195030 0.182190 -0.009178 0.092536 -0.181124 0.520625 -3.340786 5.203132
0.664000 0.399044 0.195120 0.182011 -0.008665 0.089217 -0.175917 0.503956 -3.296470 5.208903
0.665000 0.399036 0.195208 0.181838 -0.008170 0.085943 -0.170706 0.487397 -3.251790 5.212705
0.666000 0.399028 0.195292 0.181670 -0.007691 0.082713 -0.165492 0.470954 -3.206691 5.214353
0.667000 0.399021 0.195373 0.181507 -0.007228 0.079529 -0.160277 0.454624 -3.161111 5.213651
0.668000 0.399014 0.195451 0.181349 -0.006781 0.076391 -0.155065 0.438390 -3.114987 5.210402
0.669000 0.399007 0.195526 0.181197 -0.006351 0.073299 -0.149857 0.422223 -3.068252 5.204403
0.670000 0.399001 0.195598 0.181049 -0.005937 0.070255 -0.144656 0.406107 -3.020872 5.195527
0.671000 0.398995 0.195667 0.180907 -0.005539 0.067258 -0.139465 0.390047 -2.972844 5.183693
0.672000 0.398990 0.195733 0.180771 -0.005157 0.064309 -0.134288 0.374073 -2.924153 5.168718
0.673000 0.398985 0.195795 0.180639 -0.004791 0.061409 -0.129128 0.358224 -2.874761 5.150325
0.674000 0.398980 0.195855 0.180512 -0.004440 0.058559 -0.123988 0.342530 -2.824646 5.128322
0.675000 0.398976 0.195913 0.180391 -0.004106 0.055760 -0.118871 0.327007 -2.773796 5.102607
0.676000 0.398972 0.195967 0.180275 -0.003786 0.053012 -0.113783 0.311660 -2.722157 5.073024
0.677000 0.398968 0.196019 0.180163 -0.003482 0.050316 -0.108725 0.296494 -2.669644 5.039328
0.678000 0.398965 0.196068 0.180057 -0.003193 0.047672 -0.103704 0.281511 -2.616174 5.001271
0.679000 0.398962 0.196114 0.179956 -0.002919 0.045083 -0.098723 0.266714 -2.561677 4.958601
0.680000 0.398959 0.196158 0.179860 -0.002660 0.042549 -0.093787 0.252108 -2.506089 4.911057
0.681000 0.398957 0.196199 0.179768 -0.002415 0.040071 -0.088901 0.237696 -2.449371 4.858460
0.682000 0.398954 0.196238 0.179682 -0.002185 0.037650 -0.084070 0.223491 -2.391491 4.800672
0.683000 0.398952 0.196274 0.179600 -0.001968 0.035288 -0.079299 0.209521 -2.332379 4.737457
0.684000 0.398950 0.196308 0.179523 -0.001766 0.032986 -0.074595 0.195821 -2.271936 4.668485
0.685000 0.398949 0.196340 0.179451 -0.001577 0.030744 -0.069962 0.182422 -2.210087 4.593507
0.686000 0.398947 0.196370 0.179383 -0.001401 0.028565 -0.065408 0.169345 -2.146792 4.512359
0.687000 0.398946 0.196397 0.179320 -0.001238 0.026451 -0.060938 0.156618 -2.081997 4.424807
0.688000 0.398945 0.196423 0.179261 -0.001088 0.024401 -0.056558 0.144278 -2.015622 4.330521
0.689000 0.398944 0.196446 0.179207 -0.000949 0.022419 -0.052277 0.132349 -1.947584 4.229176
0.690000 0.398943 0.196468 0.179157 -0.000823 0.020506 -0.048100 0.120843 -1.877800 4.120458
0.691000 0.398942 0.196487 0.179111 -0.000708 0.018664 -0.044036 0.109764 -1.806184 4.004057
0.692000 0.398941 0.196505 0.179069 -0.000603 0.016894 -0.040092 0.099113 -1.732671 3.879745
0.693000 0.398941 0.196521 0.179031 -0.000509 0.015198 -0.036276 0.088900 -1.657207 3.747348
0.694000 0.398940 0.196535 0.178996 -0.000425 0.013580 -0.032597 0.079154 -1.579701 3.606608
0.695000 0.398940 0.196548 0.178965 -0.000351 0.012039 -0.029063 0.069907 -1.500031 3.457182
0.696000 0.398940 0.196559 0.178938 -0.000286 0.010579 -0.025683 0.061186 -1.418101 3.298802
0.697000 0.398939 0.196569 0.178914 -0.000229 0.009203 -0.022465 0.053001 -1.333852 3.131271
0.698000 0.398939 0.196578 0.178893 -0.000180 0.007912 -0.019420 0.045355 -1.247211 2.954313
0.699000 0.398939 0.196585 0.178875 -0.000138 0.006708 -0.016557 0.038247 -1.158082 2.767575
0.700000 0.398939 0.196591 0.178860 -0.000103 0.005596 -0.013885 0.031680 -1.066394 2.570775
0.701000 0.398939 0.196596 0.178848 -0.000075 0.004576 -0.011415 0.025663 -0.972102 2.363703
0.702000 0.398939 0.196600 0.178837 -0.000052 0.003651 -0.009158 0.020223 -0.875155 2.146073
0.703000 0.398939 0.196604 0.178829 -0.000034 0.002825 -0.007123 0.008826 -0.413005 1.017286
0.704000 0.398939 0.196606 0.178823 -0.000034 0.002825 -0.007123 0.008826 -0.413005 1.017286
