0.000000 0.671221 -0.191302 0.137548 0.019197 -0.013704 0.011132 0.062434 -0.084919 0.849860
0.001000 0.671240 -0.191316 0.137558 0.019197 -0.013704 0.011132 0.062434 -0.084919 0.849860
0.002000 0.671259 -0.191330 0.137570 0.019322 -0.013874 0.012832 0.118164 -0.166964 1.732123
0.003000 0.671279 -0.191344 0.137584 0.019433 -0.014038 0.014597 0.104491 -0.161053 1.797562
0.004000 0.671298 -0.191358 0.137600 0.019531 -0.014196 0.016427 0.090283 -0.154828 1.864277
0.005000 0.671318 -0.191372 0.137617 0.019614 -0.014347 0.018325 0.075522 -0.148311 1.932287
0.006000 0.671337 -0.191387 0.137636 0.019682 -0.014492 0.020292 0.060190 -0.141511 2.001598
0.007000 0.671357 -0.191401 0.137657 0.019734 -0.014630 0.022328 0.044280 -0.134425 2.072193
0.008000 0.671377 -0.191416 0.137681 0.019770 -0.014761 0.024436 0.027797 -0.127042 2.144026
0.009000 0.671397 -0.191431 0.137706 0.019790 -0.014884 0.026616 0.010756 -0.119345 2.217040
0.010000 0.671417 -0.191446 0.137734 0.019792 -0.015000 0.028870 -0.006838 -0.111321 2.291186
0.011000 0.671436 -0.191461 0.137764 0.019776 -0.015107 0.031199 -0.025005 -0.102956 2.366426
0.012000 0.671456 -0.191476 0.137796 0.019742 -0.015206 0.033603 -0.043787 -0.094234 2.442729
0.013000 0.671476 -0.191491 0.137831 0.019689 -0.015296 0.036084 -0.063238 -0.085141 2.520064
0.014000 0.671495 -0.191506 0.137869 0.019615 -0.015376 0.038643 -0.083401 -0.075662 2.598398
0.015000 0.671515 -0.191522 0.137909 0.019522 -0.015447 0.041281 -0.104296 -0.065782 2.677706
0.016000 0.671534 -0.191537 0.137951 0.019407 -0.015508 0.043999 -0.125916 -0.055487 2.757972
0.017000 0.671554 -0.191553 0.137997 0.019270 -0.015558 0.046797 -0.148247 -0.044760 2.839191
0.018000 0.671573 -0.191568 0.138045 0.019110 -0.015597 0.049677 -0.171269 -0.033587 2.921342
0.019000 0.671592 -0.191584 0.138096 0.018927 -0.015625 0.052640 -0.194968 -0.021953 3.004388
0.020000 0.671611 -0.191600 0.138150 0.018720 -0.015641 0.055686 -0.219325 -0.009842 3.088283
0.021000 0.671629 -0.191615 0.138207 0.018489 -0.015645 0.058816 -0.244335 0.002762 3.172975
0.022000 0.671648 -0.191631 0.138268 0.018232 -0.015636 0.062032 -0.270003 0.015884 3.258430
0.023000 0.671666 -0.191647 0.138331 0.017949 -0.015613 0.065333 -0.296348 0.029567 3.344641
0.024000 0.671684 -0.191662 0.138398 0.017639 -0.015576 0.068721 -0.323387 0.043857 3.431612
0.025000 0.671701 -0.191678 0.138469 0.017302 -0.015525 0.072196 -0.351134 0.058797 3.519332
0.026000 0.671718 -0.191693 0.138543 0.016937 -0.015459 0.075760 -0.379597 0.074410 3.607763
0.027000 0.671735 -0.191709 0.138620 0.016543 -0.015376 0.079412 -0.408768 0.090715 3.696861
0.028000 0.671751 -0.191724 0.138702 0.016119 -0.015277 0.083153 -0.438627 0.107726 3.786584
0.029000 0.671767 -0.191739 0.138787 0.015666 -0.015161 0.086985 -0.469165 0.125458 3.876880
0.030000 0.671783 -0.191754 0.138876 0.015181 -0.015027 0.090907 -0.500375 0.143925 3.967687
0.031000 0.671798 -0.191769 0.138968 0.014665 -0.014873 0.094920 -0.532246 0.163143 4.058945
0.032000 0.671812 -0.191784 0.139065 0.014116 -0.014700 0.099025 -0.564757 0.183126 4.150601
0.033000 0.671826 -0.191799 0.139166 0.013535 -0.014507 0.103222 -0.597899 0.203889 4.242607
0.034000 0.671839 -0.191813 0.139272 0.012921 -0.014292 0.107510 -0.631672 0.225445 4.334925
0.035000 0.671852 -0.191827 0.139382 0.012272 -0.014056 0.111891 -0.666090 0.247808 4.427521
0.036000 0.671864 -0.191841 0.139496 0.011588 -0.013797 0.116365 -0.701162 0.270993 4.520342
0.037000 0.671875 -0.191855 0.139614 0.010870 -0.013514 0.120932 -0.736890 0.295014 4.613308
0.038000 0.671885 -0.191868 0.139737 0.010115 -0.013207 0.125592 -0.773259 0.319882 4.706330
0.039000 0.671895 -0.191881 0.139865 0.009323 -0.012874 0.130345 -0.810246 0.345612 4.799324
0.040000 0.671904 -0.191894 0.139998 0.008494 -0.012516 0.135191 -0.847833 0.372216 4.892193
0.041000 0.671912 -0.191906 0.140136 0.007627 -0.012130 0.140129 -0.886009 0.399706 4.984839
0.042000 0.671919 -0.191918 0.140278 0.006722 -0.011716 0.145160 -0.924754 0.428094 5.077180
0.043000 0.671926 -0.191930 0.140426 0.005778 -0.011274 0.150284 -0.964040 0.457393 5.169145
0.044000 0.671931 -0.191941 0.140579 0.004794 -0.010801 0.155499 -1.003849 0.487612 5.260648
0.045000 0.671935 -0.191951 0.140737 0.003770 -0.010298 0.160805 -1.044176 0.518764 5.351600
0.046000 0.671938 -0.191961 0.140901 0.002706 -0.009764 0.166202 -1.085022 0.550858 5.441954
0.047000 0.671941 -0.191971 0.141070 0.001600 -0.009197 0.171689 -1.126390 0.583903 5.531690
0.048000 0.671942 -0.191980 0.141244 0.000453 -0.008596 0.177265 -1.168270 0.617910 5.620776
0.049000 0.671942 -0.191988 0.141424 -0.000736 -0.007961 0.182930 -1.210640 0.652887 5.709160
0.050000 0.671940 -0.191996 0.141610 -0.001968 -0.007290 0.188683 -1.253464 0.688841 5.796774
0.051000 0.671938 -0.192003 0.141801 -0.003243 -0.006583 0.194524 -1.296714 0.725779 5.883525
0.052000 0.671934 -0.192009 0.141999 -0.004562 -0.005839 0.200450 -1.340369 0.763697 5.969317
0.053000 0.671928 -0.192014 0.142202 -0.005924 -0.005056 0.206462 -1.384395 0.802576 6.054116
0.054000 0.671922 -0.192019 0.142412 -0.007331 -0.004234 0.212559 -1.428755 0.842388 6.137928
0.055000 0.671914 -0.192023 0.142627 -0.008782 -0.003371 0.218738 -1.473416 0.883109 6.220711
0.056000 0.671904 -0.192026 0.142849 -0.010277 -0.002467 0.225000 -1.518360 0.924723 6.302379
0.057000 0.671893 -0.192028 0.143077 -0.011818 -0.001522 0.231343 -1.563576 0.967206 6.382878
0.058000 0.671881 -0.192029 0.143312 -0.013405 -0.000533 0.237766 -1.609053 1.010525 6.462189
0.059000 0.671866 -0.192029 0.143553 -0.015036 0.000499 0.244267 -1.654779 1.054656 6.540248
0.060000 0.671851 -0.192028 0.143801 -0.016714 0.001576 0.250846 -1.700740 1.099589 6.616941
0.061000 0.671833 -0.192026 0.144055 -0.018438 0.002699 0.257501 -1.746921 1.145321 6.692190
0.062000 0.671814 -0.192022 0.144316 -0.020208 0.003867 0.264231 -1.793304 1.191850 6.765953
0.063000 0.671793 -0.192018 0.144583 -0.022024 0.005082 0.271033 -1.839870 1.239170 6.838141
0.064000 0.671770 -0.192012 0.144858 -0.023888 0.006345 0.277907 -1.886600 1.287268 6.908648
0.065000 0.671745 -0.192005 0.145139 -0.025798 0.007657 0.284851 -1.933470 1.336112 6.977445
0.066000 0.671718 -0.191997 0.145427 -0.027755 0.009018 0.291862 -1.980456 1.385661 7.044565
0.067000 0.671689 -0.191987 0.145723 -0.029759 0.010428 0.298940 -2.027532 1.435879 7.109969
0.068000 0.671659 -0.191976 0.146025 -0.031810 0.011889 0.306082 -2.074671 1.486738 7.173543
0.069000 0.671626 -0.191963 0.146335 -0.033908 0.013402 0.313287 -2.121842 1.538198 7.235212
0.070000 0.671591 -0.191949 0.146652 -0.036053 0.014966 0.320552 -2.169013 1.590214 7.294945
0.071000 0.671554 -0.191933 0.146976 -0.038246 0.016582 0.327877 -2.216150 1.642747 7.352652
0.072000 0.671514 -0.191916 0.147307 -0.040486 0.018251 0.335258 -2.263216 1.695771 7.408179
0.073000 0.671473 -0.191897 0.147646 -0.042772 0.019974 0.342693 -2.310175 1.749267 7.461421
0.074000 0.671429 -0.191876 0.147993 -0.045106 0.021750 0.350180 -2.356987 1.803217 7.512342
0.075000 0.671382 -0.191853 0.148347 -0.047486 0.023580 0.357718 -2.403631 1.857600 7.560941
0.076000 0.671334 -0.191829 0.148708 -0.049913 0.025465 0.365302 -2.450112 1.912394 7.607284
0.077000 0.671283 -0.191802 0.149077 -0.052387 0.027405 0.372932 -2.496452 1.967576 7.651477
0.078000 0.671229 -0.191774 0.149454 -0.054906 0.029400 0.380605 -2.542652 2.023117 7.693514
0.079000 0.671173 -0.191744 0.149839 -0.057472 0.031451 0.388319 -2.588691 2.078981 7.733303
0.080000 0.671114 -0.191711 0.150231 -0.060084 0.033558 0.396072 -2.634544 2.135111 7.770849
0.081000 0.671053 -0.191677 0.150631 -0.062741 0.035721 0.403861 -2.680186 2.191441 7.806245
0.082000 0.670989 -0.191640 0.151039 -0.065444 0.037941 0.411684 -2.725586 2.247915 7.839480
0.083000 0.670922 -0.191601 0.151454 -0.068192 0.040217 0.419540 -2.770701 2.304496 7.870420
0.084000 0.670852 -0.191559 0.151878 -0.070985 0.042550 0.427425 -2.815494 2.361171 7.898991
0.085000 0.670780 -0.191516 0.152309 -0.073823 0.044939 0.435338 -2.859930 2.417931 7.925187
0.086000 0.670704 -0.191469 0.152748 -0.076705 0.047386 0.443276 -2.903968 2.474764 7.948927
0.087000 0.670626 -0.191421 0.153196 -0.079631 0.049889 0.451236 -2.947578 2.531643 7.970098
0.088000 0.670545 -0.191370 0.153651 -0.082600 0.052449 0.459216 -2.990760 2.588548 7.988769
0.089000 0.670461 -0.191316 0.154114 -0.085613 0.055066 0.467213 -3.033537 2.645464 8.005143
0.090000 0.670374 -0.191260 0.154585 -0.088667 0.057740 0.475226 -3.075909 2.702363 8.019279
0.091000 0.670284 -0.191200 0.155064 -0.091764 0.060471 0.483252 -3.117853 2.759200 8.031076
0.092000 0.670190 -0.191139 0.155552 -0.094903 0.063258 0.491288 -3.159362 2.815920 8.040507
0.093000 0.670094 -0.191074 0.156047 -0.098083 0.066103 0.499333 -3.200447 2.872462 8.047640
0.094000 0.669994 -0.191006 0.156550 -0.101304 0.069003 0.507384 -3.241093 2.928768 8.052428
0.095000 0.669891 -0.190936 0.157062 -0.104565 0.071960 0.515438 -3.281256 2.984803 8.054707
0.096000 0.669785 -0.190862 0.157581 -0.107867 0.074973 0.523493 -3.320890 3.040575 8.054414
0.097000 0.669676 -0.190786 0.158109 -0.111207 0.078041 0.531547 -3.359960 3.096114 8.051586
0.098000 0.669563 -0.190706 0.158644 -0.114586 0.081165 0.539596 -3.398416 3.151425 8.046155
0.099000 0.669446 -0.190624 0.159188 -0.118004 0.084344 0.547639 -3.436211 3.206482 8.037986
0.100000 0.669327 -0.190538 0.159740 -0.121459 0.087578 0.555672 -3.473336 3.261261 8.027138
0.101000 0.669204 -0.190448 0.160299 -0.124951 0.090867 0.563693 -3.509810 3.315746 8.013819
0.102000 0.669077 -0.190356 0.160867 -0.128479 0.094210 0.571700 -3.545623 3.369904 7.998082
0.103000 0.668947 -0.190260 0.161443 -0.132042 0.097607 0.579689 -3.580732 3.423687 7.979812
0.104000 0.668813 -0.190161 0.162026 -0.135640 0.101057 0.587659 -3.615119 3.477055 7.959020
0.105000 0.668675 -0.190058 0.162618 -0.139272 0.104561 0.595607 -3.648790 3.529978 7.935852
0.106000 0.668534 -0.189952 0.163218 -0.142938 0.108117 0.603531 -3.681719 3.582416 7.910300
0.107000 0.668389 -0.189842 0.163825 -0.146636 0.111725 0.611428 -3.713851 3.634324 7.882187
0.108000 0.668241 -0.189728 0.164440 -0.150365 0.115386 0.619295 -3.745153 3.685702 7.851440
0.109000 0.668089 -0.189611 0.165064 -0.154126 0.119097 0.627131 -3.775616 3.736574 7.818106
0.110000 0.667933 -0.189490 0.165695 -0.157916 0.122859 0.634932 -3.805204 3.786933 7.782109
0.111000 0.667773 -0.189365 0.166334 -0.161736 0.126671 0.642695 -3.833868 3.836733 7.743300
0.112000 0.667609 -0.189237 0.166980 -0.165584 0.130532 0.650418 -3.861612 3.885935 7.701780
0.113000 0.667442 -0.189104 0.167634 -0.169459 0.134443 0.658099 -3.888489 3.934521 7.657876
0.114000 0.667270 -0.188968 0.168296 -0.173361 0.138401 0.665734 -3.914552 3.982468 7.611885
0.115000 0.667095 -0.188827 0.168966 -0.177289 0.142408 0.673322 -3.939847 4.029752 7.564048
0.116000 0.666916 -0.188683 0.169643 -0.181241 0.146461 0.680862 -3.964417 4.076343 7.514574
0.117000 0.666733 -0.188534 0.170328 -0.185217 0.150560 0.688352 -3.988250 4.122187 7.463455
0.118000 0.666545 -0.188382 0.171020 -0.189217 0.154705 0.695789 -4.011290 4.167242 7.410503
0.119000 0.666354 -0.188225 0.171719 -0.193240 0.158895 0.703173 -4.033519 4.211544 7.355670
0.120000 0.666159 -0.188064 0.172426 -0.197284 0.163128 0.710500 -4.054953 4.255176 7.299057
0.121000 0.665960 -0.187899 0.173140 -0.201350 0.167405 0.717771 -4.075568 4.298172 7.240611
0.122000 0.665756 -0.187729 0.173862 -0.205436 0.171725 0.724982 -4.095315 4.340501 7.180166
0.123000 0.665549 -0.187555 0.174590 -0.209541 0.176086 0.732131 -4.114208 4.382164 7.117797
0.124000 0.665337 -0.187377 0.175326 -0.213664 0.180489 0.739217 -4.132317 4.423195 7.053780
0.125000 0.665121 -0.187194 0.176069 -0.217805 0.184932 0.746239 -4.149651 4.463582 6.988183
0.126000 0.664901 -0.187007 0.176818 -0.221963 0.189416 0.753194 -4.166155 4.503260 6.920855
0.127000 0.664677 -0.186816 0.177575 -0.226137 0.193939 0.760080 -4.181804 4.542183 6.851801
0.128000 0.664449 -0.186619 0.178338 -0.230327 0.198500 0.766897 -4.196619 4.580334 6.781203
0.129000 0.664217 -0.186419 0.179109 -0.234531 0.203100 0.773643 -4.210569 4.617662 6.709047
0.130000 0.663980 -0.186213 0.179886 -0.238748 0.207736 0.780315 -4.223581 4.654094 6.635113
0.131000 0.663739 -0.186003 0.180669 -0.242978 0.212408 0.786913 -4.235640 4.689616 6.559328
0.132000 0.663494 -0.185788 0.181460 -0.247219 0.217115 0.793434 -4.246783 4.724261 6.481777
0.133000 0.663245 -0.185569 0.182256 -0.251471 0.221856 0.799876 -4.256993 4.758014 6.402383
0.134000 0.662991 -0.185345 0.183059 -0.255733 0.226631 0.806239 -4.266209 4.790812 6.320950
0.135000 0.662733 -0.185116 0.183869 -0.260004 0.231438 0.812518 -4.274453 4.822653 6.237554
0.136000 0.662471 -0.184882 0.184684 -0.264282 0.236276 0.818714 -4.281814 4.853585 6.152494
0.137000 0.662205 -0.184643 0.185506 -0.268567 0.241145 0.824823 -4.288306 4.883598 6.065841
0.138000 0.661934 -0.184399 0.186334 -0.272859 0.246044 0.830845 -4.293864 4.912611 5.977414
0.139000 0.661659 -0.184151 0.187168 -0.277155 0.250970 0.836778 -4.298470 4.940578 5.887201
0.140000 0.661380 -0.183897 0.188008 -0.281456 0.255925 0.842620 -4.302163 4.967495 5.795376
0.141000 0.661096 -0.183639 0.188853 -0.285760 0.260905 0.848369 -4.304916 4.993312 5.701907
0.142000 0.660808 -0.183376 0.189704 -0.290066 0.265911 0.854024 -4.306647 5.017948 5.606552
0.143000 0.660516 -0.183107 0.190561 -0.294373 0.270941 0.859582 -4.307347 5.041415 5.509244
0.144000 0.660219 -0.182834 0.191423 -0.298680 0.275994 0.865042 -4.307087 5.063805 5.410159
0.145000 0.659919 -0.182555 0.192291 -0.302987 0.281069 0.870402 -4.305947 5.085199 5.309530
0.146000 0.659613 -0.182272 0.193164 -0.307292 0.286165 0.875661 -4.304016 5.105658 5.207687
0.147000 0.659304 -0.181983 0.194042 -0.311595 0.291280 0.880818 -4.301388 5.125227 5.105018
0.148000 0.658990 -0.181689 0.194926 -0.315895 0.296415 0.885871 -4.298061 5.143870 5.001611
0.149000 0.658672 -0.181390 0.195814 -0.320191 0.301568 0.890821 -4.293965 5.161485 4.897280
0.150000 0.658350 -0.181086 0.196708 -0.324483 0.306738 0.895666 -4.289114 5.178024 4.792008
0.151000 0.658023 -0.180777 0.197606 -0.328769 0.311924 0.900405 -4.283603 5.193497 4.685978
0.152000 0.657692 -0.180462 0.198508 -0.333050 0.317125 0.905038 -4.277439 5.207852 4.579157
0.153000 0.657357 -0.180142 0.199416 -0.337324 0.322340 0.909563 -4.270546 5.220997 4.471286
0.154000 0.657018 -0.179817 0.200327 -0.341591 0.327567 0.913980 -4.262921 5.232942 4.362300
0.155000 0.656674 -0.179487 0.201244 -0.345850 0.332806 0.918288 -4.254644 5.243778 4.252329
0.156000 0.656326 -0.179152 0.202164 -0.350100 0.338055 0.922485 -4.245703 5.253511 4.141307
0.157000 0.655974 -0.178811 0.203089 -0.354342 0.343313 0.926570 -4.236006 5.262069 4.029009
0.158000 0.655617 -0.178465 0.204017 -0.358572 0.348579 0.930543 -4.225536 5.269473 3.915504
0.159000 0.655257 -0.178114 0.204950 -0.362793 0.353852 0.934401 -4.214374 5.275846 3.801165
0.160000 0.654892 -0.177757 0.205886 -0.367001 0.359130 0.938145 -4.202608 5.281288 3.686328
0.161000 0.654523 -0.177396 0.206826 -0.371198 0.364414 0.941774 -4.190336 5.285866 3.571263
0.162000 0.654149 -0.177029 0.207770 -0.375382 0.369702 0.945288 -4.177660 5.289624 3.456203
0.163000 0.653772 -0.176656 0.208717 -0.379553 0.374993 0.948687 -4.164572 5.292507 3.341098
0.164000 0.653390 -0.176279 0.209667 -0.383711 0.380287 0.951970 -4.150968 5.294407 3.225667
0.165000 0.653004 -0.175896 0.210620 -0.387855 0.385582 0.955138 -4.136831 5.295333 3.109829
0.166000 0.652615 -0.175507 0.211577 -0.391985 0.390878 0.958190 -4.122225 5.295387 2.993708
0.167000 0.652221 -0.175114 0.212537 -0.396100 0.396173 0.961125 -4.107127 5.294571 2.877225
0.168000 0.651822 -0.174715 0.213499 -0.400199 0.401467 0.963944 -4.091441 5.292786 2.760139
0.169000 0.651420 -0.174311 0.214465 -0.404282 0.406759 0.966646 -4.075180 5.290026 2.642507
0.170000 0.651014 -0.173902 0.215433 -0.408349 0.412047 0.969229 -4.058465 5.286372 2.524647
0.171000 0.650603 -0.173487 0.216403 -0.412399 0.417331 0.971695 -4.041304 5.281804 2.406615
0.172000 0.650189 -0.173067 0.217376 -0.416432 0.422611 0.974042 -4.023594 5.276194 2.288178
0.173000 0.649771 -0.172642 0.218351 -0.420447 0.427884 0.976271 -4.005313 5.269488 2.169294
0.174000 0.649348 -0.172211 0.219329 -0.424443 0.433150 0.978381 -3.986555 5.261743 2.050189
0.175000 0.648922 -0.171775 0.220308 -0.428420 0.438407 0.980372 -3.967419 5.253055 1.931089
0.176000 0.648491 -0.171334 0.221289 -0.432377 0.443656 0.982243 -3.948013 5.243591 1.812217
0.177000 0.648057 -0.170888 0.222273 -0.436316 0.448894 0.983996 -3.928452 5.233555 1.693795
0.178000 0.647619 -0.170437 0.223257 -0.440234 0.454123 0.985631 -3.908722 5.222998 1.575770
0.179000 0.647176 -0.169980 0.224244 -0.444133 0.459340 0.987148 -3.888712 5.211827 1.457895
0.180000 0.646730 -0.169518 0.225232 -0.448012 0.464546 0.988547 -3.868426 5.200035 1.340209
0.181000 0.646280 -0.169051 0.226221 -0.451870 0.469740 0.989828 -3.847971 5.187715 1.223007
0.182000 0.645827 -0.168578 0.227211 -0.455708 0.474922 0.990993 -3.827344 5.174847 1.106326
0.183000 0.645369 -0.168101 0.228203 -0.459525 0.480090 0.992041 -3.806431 5.161286 0.989925
0.184000 0.644908 -0.167618 0.229195 -0.463321 0.485244 0.992972 -3.785219 5.146976 0.873768
0.185000 0.644442 -0.167130 0.230189 -0.467095 0.490384 0.993788 -3.763804 5.131957 0.758043
0.186000 0.643973 -0.166637 0.231183 -0.470848 0.495508 0.994488 -3.742168 5.116167 0.642705
0.187000 0.643501 -0.166139 0.232178 -0.474579 0.500616 0.995074 -3.720191 5.099474 0.527468
0.188000 0.643024 -0.165636 0.233173 -0.478289 0.505707 0.995543 -3.697873 5.081901 0.412263
0.189000 0.642544 -0.165128 0.234169 -0.481975 0.510780 0.995898 -3.675355 5.063637 0.297303
0.190000 0.642060 -0.164615 0.235165 -0.485639 0.515835 0.996138 -3.652765 5.044864 0.182839
0.191000 0.641573 -0.164096 0.236161 -0.489281 0.520870 0.996264 -3.630212 5.025762 0.069179
0.192000 0.641082 -0.163573 0.237157 -0.492900 0.525886 0.996276 -3.607795 5.006501 -0.043335
0.193000 0.640587 -0.163045 0.238154 -0.496496 0.530883 0.996177 -3.585474 4.987087 -0.154673
0.194000 0.640089 -0.162511 0.239150 -0.500071 0.535860 0.995967 -3.563113 4.967371 -0.265092
0.195000 0.639587 -0.161973 0.240146 -0.503623 0.540818 0.995647 -3.540713 4.947299 -0.374659
0.196000 0.639081 -0.161430 0.241141 -0.507152 0.545755 0.995218 -3.518396 4.926924 -0.483223
0.197000 0.638573 -0.160881 0.242136 -0.510659 0.550672 0.994680 -3.496158 4.906187 -0.590858
0.198000 0.638060 -0.160328 0.243130 -0.514144 0.555567 0.994036 -3.473859 4.884941 -0.697871
0.199000 0.637544 -0.159770 0.244124 -0.517607 0.560441 0.993285 -3.451465 4.863211 -0.804359
0.200000 0.637025 -0.159207 0.245117 -0.521047 0.565294 0.992427 -3.429051 4.841167 -0.910202
0.201000 0.636502 -0.158640 0.246109 -0.524465 0.570124 0.991464 -3.406574 4.818830 -1.015491
0.202000 0.635976 -0.158067 0.247100 -0.527860 0.574931 0.990396 -3.383883 4.796064 -1.120499
0.203000 0.635446 -0.157490 0.248090 -0.531233 0.579716 0.989223 -3.360952 4.772858 -1.225219
0.204000 0.634914 -0.156908 0.249078 -0.534582 0.584477 0.987946 -3.337878 4.749328 -1.329393
0.205000 0.634377 -0.156321 0.250066 -0.537909 0.589215 0.986565 -3.314631 4.725448 -1.433009
0.206000 0.633838 -0.155729 0.251052 -0.541212 0.593928 0.985080 -3.291067 4.701033 -1.536327
0.207000 0.633295 -0.155133 0.252036 -0.544491 0.598617 0.983492 -3.267175 4.675999 -1.639405
0.208000 0.632749 -0.154532 0.253019 -0.547746 0.603280 0.981801 -3.243106 4.650418 -1.742021
0.209000 0.632199 -0.153926 0.253999 -0.550977 0.607917 0.980008 -3.219016 4.624409 -1.843945
0.210000 0.631647 -0.153316 0.254979 -0.554184 0.612529 0.978113 -3.195073 4.598176 -1.944930
0.211000 0.631091 -0.152701 0.255956 -0.557367 0.617114 0.976118 -3.171451 4.571971 -2.044718
0.212000 0.630532 -0.152082 0.256931 -0.560527 0.621673 0.974024 -3.148150 4.545844 -2.143337
0.213000 0.629970 -0.151458 0.257904 -0.563663 0.626205 0.971831 -3.125023 4.519660 -2.241043
0.214000 0.629405 -0.150830 0.258874 -0.566777 0.630712 0.969542 -3.102042 4.493415 -2.337860
0.215000 0.628836 -0.150197 0.259843 -0.569868 0.635192 0.967156 -3.079300 4.467242 -2.433578
0.216000 0.628265 -0.149559 0.260809 -0.572936 0.639646 0.964674 -3.056763 4.441120 -2.528221
0.217000 0.627691 -0.148917 0.261772 -0.575981 0.644075 0.962099 -3.034271 4.414857 -2.622068
0.218000 0.627113 -0.148271 0.262733 -0.579004 0.648476 0.959430 -3.011808 4.388373 -2.715209
0.219000 0.626533 -0.147620 0.263691 -0.582005 0.652851 0.956669 -2.989490 4.361720 -2.807527
0.220000 0.625949 -0.146965 0.264646 -0.584983 0.657200 0.953815 -2.967295 4.334815 -2.899112
0.221000 0.625363 -0.146306 0.265599 -0.587939 0.661521 0.950871 -2.945064 4.307478 -2.990264
0.222000 0.624773 -0.145642 0.266548 -0.590873 0.665815 0.947835 -2.922768 4.279739 -3.081067
0.223000 0.624181 -0.144974 0.267494 -0.593785 0.670080 0.944708 -2.900545 4.251840 -3.171338
0.224000 0.623586 -0.144302 0.268437 -0.596674 0.674318 0.941492 -2.878521 4.224002 -3.260883
0.225000 0.622987 -0.143626 0.269377 -0.599542 0.678528 0.938187 -2.856804 4.196411 -3.349488
0.226000 0.622386 -0.142945 0.270314 -0.602388 0.682711 0.934793 -2.835493 4.169232 -3.436930
0.227000 0.621783 -0.142260 0.271247 -0.605213 0.686867 0.931313 -2.814520 4.142426 -3.523252
0.228000 0.621176 -0.141571 0.272176 -0.608017 0.690996 0.927747 -2.793706 4.115785 -3.608721
0.229000 0.620567 -0.140878 0.273102 -0.610800 0.695098 0.924095 -2.773027 4.089236 -3.693398
0.230000 0.619954 -0.140181 0.274025 -0.613563 0.699174 0.920360 -2.752604 4.062853 -3.777131
0.231000 0.619340 -0.139480 0.274943 -0.616305 0.703224 0.916541 -2.732410 4.036561 -3.859975
0.232000 0.618722 -0.138775 0.275858 -0.619028 0.707248 0.912640 -2.712274 4.010167 -3.942194
0.233000 0.618101 -0.138065 0.276768 -0.621730 0.711244 0.908657 -2.692167 3.983683 -4.023835
0.234000 0.617478 -0.137352 0.277675 -0.624412 0.715215 0.904592 -2.672232 3.957345 -4.104682
0.235000 0.616853 -0.136635 0.278578 -0.627074 0.719159 0.900447 -2.652612 3.931375 -4.184521
0.236000 0.616224 -0.135914 0.279476 -0.629717 0.723078 0.896223 -2.633448 3.905977 -4.263151
0.237000 0.615593 -0.135189 0.280370 -0.632341 0.726971 0.891921 -2.614875 3.881342 -4.340375
0.238000 0.614960 -0.134460 0.281260 -0.634947 0.730840 0.887542 -2.596852 3.857439 -4.416248
0.239000 0.614323 -0.133727 0.282145 -0.637535 0.734686 0.883088 -2.579200 3.834049 -4.491026
0.240000 0.613684 -0.132991 0.283026 -0.640105 0.738508 0.878560 -2.561895 3.811085 -4.564755
0.241000 0.613043 -0.132250 0.283902 -0.642659 0.742308 0.873959 -2.545064 3.788612 -4.637274
0.242000 0.612399 -0.131506 0.284774 -0.645196 0.746086 0.869286 -2.528678 3.766542 -4.708623
0.243000 0.611753 -0.130758 0.285641 -0.647716 0.749841 0.864542 -2.512560 3.744671 -4.779049
0.244000 0.611104 -0.130006 0.286503 -0.650221 0.753575 0.859728 -2.496678 3.723023 -4.848609
0.245000 0.610452 -0.129251 0.287360 -0.652710 0.757287 0.854845 -2.481146 3.701816 -4.917154
0.246000 0.609798 -0.128492 0.288213 -0.655183 0.760979 0.849893 -2.465930 3.681074 -4.984734
0.247000 0.609142 -0.127729 0.289060 -0.657641 0.764649 0.844875 -2.450851 3.660619 -5.051585
0.248000 0.608483 -0.126962 0.289902 -0.660085 0.768300 0.839790 -2.435894 3.640442 -5.117747
0.249000 0.607822 -0.126192 0.290740 -0.662513 0.771930 0.834640 -2.421199 3.620715 -5.183053
0.250000 0.607158 -0.125418 0.291572 -0.664927 0.775541 0.829424 -2.406745 3.601417 -5.247534
0.251000 0.606492 -0.124641 0.292398 -0.667327 0.779133 0.824144 -2.392344 3.582313 -5.311430
0.252000 0.605823 -0.123860 0.293220 -0.669712 0.782706 0.818801 -2.377946 3.563304 -5.374810
0.253000 0.605152 -0.123076 0.294036 -0.672083 0.786260 0.813395 -2.363649 3.544444 -5.437554
0.254000 0.604479 -0.122288 0.294847 -0.674439 0.789795 0.807926 -2.349398 3.525631 -5.499726
0.255000 0.603804 -0.121496 0.295652 -0.676781 0.793311 0.802395 -2.334996 3.506637 -5.561563
0.256000 0.603126 -0.120701 0.296452 -0.679109 0.796808 0.796803 -2.320408 3.487471 -5.623117
0.257000 0.602445 -0.119903 0.297246 -0.681422 0.800286 0.791149 -2.305796 3.468391 -5.684202
0.258000 0.601763 -0.119100 0.298034 -0.683721 0.803745 0.785435 -2.291316 3.449644 -5.744629
0.259000 0.601078 -0.118295 0.298816 -0.686005 0.807185 0.779660 -2.277125 3.431458 -5.804201
0.260000 0.600391 -0.117486 0.299593 -0.688275 0.810608 0.773826 -2.263376 3.414049 -5.862720
0.261000 0.599701 -0.116674 0.300364 -0.690532 0.814013 0.767934 -2.250025 3.397384 -5.920208
0.262000 0.599010 -0.115858 0.301129 -0.692775 0.817403 0.761986 -2.236870 3.381213 -5.976877
0.263000 0.598316 -0.115039 0.301888 -0.695005 0.820776 0.755981 -2.223861 3.365426 -6.032764
0.264000 0.597620 -0.114217 0.302641 -0.697223 0.824133 0.749920 -2.211104 3.350075 -6.087723
0.265000 0.596921 -0.113391 0.303388 -0.699428 0.827476 0.743805 -2.198548 3.335048 -6.141782
0.266000 0.596221 -0.112562 0.304129 -0.701620 0.830804 0.737637 -2.185992 3.320112 -6.195151
0.267000 0.595518 -0.111729 0.304863 -0.703799 0.834116 0.731415 -2.173404 3.305291 -6.247868
0.268000 0.594813 -0.110893 0.305591 -0.705967 0.837414 0.725141 -2.160914 3.290828 -6.299801
0.269000 0.594106 -0.110054 0.306313 -0.708121 0.840698 0.718815 -2.148491 3.276750 -6.350977
0.270000 0.593397 -0.109212 0.307029 -0.710264 0.843968 0.712439 -2.135946 3.262861 -6.401580
0.271000 0.592686 -0.108366 0.307738 -0.712393 0.847224 0.706012 -2.123265 3.249158 -6.451601
0.272000 0.591972 -0.107518 0.308441 -0.714510 0.850466 0.699536 -2.110604 3.235836 -6.500849
0.273000 0.591257 -0.106665 0.309137 -0.716614 0.853695 0.693011 -2.097950 3.222878 -6.549308
0.274000 0.590539 -0.105810 0.309827 -0.718706 0.856912 0.686437 -2.085114 3.210024 -6.597167
0.275000 0.589819 -0.104952 0.310510 -0.720785 0.860115 0.679816 -2.072077 3.197155 -6.644493
0.276000 0.589097 -0.104090 0.311187 -0.722850 0.863306 0.673148 -2.058987 3.184318 -6.691204
0.277000 0.588374 -0.103225 0.311857 -0.724903 0.866484 0.666434 -2.045819 3.171390 -6.737358
0.278000 0.587648 -0.102357 0.312520 -0.726942 0.869649 0.659673 -2.032366 3.158121 -6.783150
0.279000 0.586920 -0.101486 0.313176 -0.728967 0.872800 0.652867 -2.018576 3.144523 -6.828601
0.280000 0.586190 -0.100611 0.313825 -0.730979 0.875938 0.646016 -2.004599 3.130888 -6.873532
0.281000 0.585458 -0.099734 0.314468 -0.732977 0.879062 0.639120 -1.990588 3.117497 -6.917753
0.282000 0.584724 -0.098853 0.315104 -0.734960 0.882173 0.632181 -1.976714 3.104611 -6.961070
0.283000 0.583988 -0.097969 0.315732 -0.736930 0.885271 0.625198 -1.963151 3.092480 -7.003281
0.284000 0.583250 -0.097083 0.316354 -0.738886 0.888358 0.618174 -1.949862 3.081076 -7.044381
0.285000 0.582510 -0.096193 0.316969 -0.740830 0.891433 0.611110 -1.936639 3.070117 -7.084545
0.286000 0.581768 -0.095300 0.317576 -0.742760 0.894498 0.604005 -1.923440 3.059452 -7.123851
0.287000 0.581024 -0.094404 0.318177 -0.744677 0.897552 0.596862 -1.910392 3.049093 -7.162244
0.288000 0.580279 -0.093505 0.318770 -0.746581 0.900596 0.589681 -1.897449 3.038889 -7.199792
0.289000 0.579531 -0.092603 0.319356 -0.748471 0.903630 0.582462 -1.884396 3.028574 -7.236674
0.290000 0.578782 -0.091697 0.319935 -0.750349 0.906653 0.575207 -1.871183 3.018182 -7.272921
0.291000 0.578031 -0.090789 0.320506 -0.752214 0.909666 0.567916 -1.857930 3.007985 -7.308414
0.292000 0.577277 -0.089878 0.321071 -0.754065 0.912669 0.560590 -1.844587 2.998020 -7.343169
0.293000 0.576523 -0.088964 0.321628 -0.755903 0.915662 0.553230 -1.830940 2.988072 -7.377326
0.294000 0.575766 -0.088047 0.322177 -0.757727 0.918645 0.545836 -1.816958 2.978124 -7.410885
0.295000 0.575007 -0.087127 0.322719 -0.759537 0.921619 0.538408 -1.802788 2.968370 -7.443701
0.296000 0.574247 -0.086204 0.323254 -0.761333 0.924582 0.530948 -1.788397 2.958776 -7.475764
0.297000 0.573484 -0.085277 0.323781 -0.763114 0.927536 0.523457 -1.773575 2.949054 -7.507217
0.298000 0.572720 -0.084348 0.324301 -0.764880 0.930480 0.515934 -1.758286 2.939071 -7.538108
0.299000 0.571955 -0.083417 0.324813 -0.766630 0.933414 0.508381 -1.742669 2.928873 -7.568363
0.300000 0.571187 -0.082482 0.325318 -0.768365 0.936338 0.500797 -1.726685 2.918325 -7.598021
0.301000 0.570418 -0.081544 0.325815 -0.770084 0.939251 0.493185 -1.710116 2.907159 -7.627226
0.302000 0.569647 -0.080603 0.326304 -0.771785 0.942152 0.485543 -1.692920 2.895400 -7.655999
0.303000 0.568874 -0.079660 0.326786 -0.773470 0.945042 0.477873 -1.675274 2.883378 -7.684214
0.304000 0.568100 -0.078713 0.327260 -0.775136 0.947919 0.470174 -1.657365 2.871402 -7.711743
0.305000 0.567324 -0.077764 0.327726 -0.776784 0.950785 0.462449 -1.639392 2.859748 -7.738467
0.306000 0.566546 -0.076811 0.328185 -0.778415 0.953639 0.454697 -1.621559 2.848671 -7.764267
0.307000 0.565767 -0.075856 0.328635 -0.780027 0.956482 0.446920 -1.603844 2.838134 -7.789159
0.308000 0.564986 -0.074899 0.329078 -0.781622 0.959315 0.439119 -1.586038 2.827826 -7.813275
0.309000 0.564204 -0.073938 0.329514 -0.783199 0.962138 0.431294 -1.568114 2.817585 -7.836664
0.310000 0.563420 -0.072974 0.329941 -0.784759 0.964950 0.423446 -1.550228 2.807427 -7.859274
0.311000 0.562634 -0.072008 0.330361 -0.786300 0.967752 0.415575 -1.532348 2.797188 -7.881140
0.312000 0.561847 -0.071039 0.330772 -0.787823 0.970544 0.407683 -1.514250 2.786591 -7.902385
0.313000 0.561059 -0.070067 0.331176 -0.789328 0.973326 0.399771 -1.495874 2.775681 -7.923030
0.314000 0.560269 -0.069092 0.331572 -0.790815 0.976096 0.391837 -1.477338 2.764769 -7.942992
0.315000 0.559477 -0.068115 0.331960 -0.792283 0.978855 0.383885 -1.458578 2.753907 -7.962278
0.316000 0.558684 -0.067134 0.332340 -0.793732 0.981604 0.375913 -1.439364 2.742865 -7.980990
0.317000 0.557890 -0.066151 0.332711 -0.795162 0.984341 0.367923 -1.419657 2.731619 -7.999144
0.318000 0.557094 -0.065166 0.333075 -0.796571 0.987067 0.359915 -1.399600 2.720365 -8.016660
0.319000 0.556297 -0.064177 0.333431 -0.797961 0.989782 0.351889 -1.379151 2.709061 -8.033542
0.320000 0.555498 -0.063186 0.333779 -0.799330 0.992485 0.343847 -1.358084 2.697384 -8.049893
0.321000 0.554698 -0.062192 0.334119 -0.800677 0.995176 0.335790 -1.336355 2.685166 -8.065749
0.322000 0.553897 -0.061196 0.334451 -0.802003 0.997855 0.327716 -1.314103 2.672425 -8.081067
0.323000 0.553094 -0.060197 0.334774 -0.803305 1.000521 0.319627 -1.291279 2.658993 -8.095871
0.324000 0.552290 -0.059195 0.335090 -0.804585 1.003173 0.311524 -1.267653 2.644580 -8.110253
0.325000 0.551485 -0.058190 0.335397 -0.805841 1.005810 0.303407 -1.243175 2.629228 -8.124220
0.326000 0.550678 -0.057183 0.335697 -0.807071 1.008432 0.295276 -1.218027 2.613310 -8.137683
0.327000 0.549871 -0.056173 0.335988 -0.808277 1.011037 0.287132 -1.192396 2.597181 -8.150550
0.328000 0.549062 -0.055161 0.336271 -0.809456 1.013626 0.278975 -1.166484 2.581163 -8.162737
0.329000 0.548252 -0.054146 0.336546 -0.810610 1.016199 0.270806 -1.140500 2.565557 -8.174163
0.330000 0.547441 -0.053129 0.336813 -0.811737 1.018757 0.262626 -1.114417 2.550341 -8.184827
0.331000 0.546628 -0.052109 0.337071 -0.812839 1.021300 0.254436 -1.088015 2.535187 -8.194817
0.332000 0.545815 -0.051086 0.337322 -0.813913 1.023828 0.246237 -1.061264 2.519900 -8.204189
0.333000 0.545000 -0.050061 0.337564 -0.814961 1.026340 0.238028 -1.034324 2.504471 -8.212948
0.334000 0.544185 -0.049033 0.337798 -0.815982 1.028837 0.229811 -1.007160 2.488706 -8.221138
0.335000 0.543368 -0.048003 0.338023 -0.816975 1.031317 0.221586 -0.979540 2.472296 -8.228822
0.336000 0.542551 -0.046971 0.338241 -0.817941 1.033781 0.213353 -0.951402 2.455283 -8.235980
0.337000 0.541733 -0.045936 0.338450 -0.818878 1.036228 0.205114 -0.922870 2.437985 -8.242518
0.338000 0.540913 -0.044898 0.338651 -0.819787 1.038657 0.196868 -0.893882 2.420449 -8.248399
0.339000 0.540093 -0.043858 0.338844 -0.820666 1.041069 0.188617 -0.864211 2.402430 -8.253666
0.340000 0.539272 -0.042816 0.339028 -0.821515 1.043462 0.180361 -0.833844 2.383897 -8.258339
0.341000 0.538450 -0.041771 0.339204 -0.822334 1.045836 0.172100 -0.802965 2.365058 -8.262395
0.342000 0.537627 -0.040724 0.339372 -0.823121 1.048192 0.163836 -0.771560 2.345866 -8.265844
0.343000 0.536804 -0.039675 0.339532 -0.823877 1.050528 0.155569 -0.739397 2.325971 -8.268736
0.344000 0.535979 -0.038623 0.339684 -0.824600 1.052844 0.147299 -0.706412 2.305179 -8.271091
0.345000 0.535154 -0.037569 0.339827 -0.825290 1.055139 0.139026 -0.672719 2.283483 -8.272886
0.346000 0.534329 -0.036513 0.339962 -0.825945 1.057411 0.130753 -0.638249 2.260689 -8.274124
0.347000 0.533503 -0.035455 0.340088 -0.826566 1.059660 0.122478 -0.602759 2.236482 -8.274835
0.348000 0.532676 -0.034394 0.340207 -0.827151 1.061884 0.114203 -0.566204 2.210902 -8.275006
0.349000 0.531848 -0.033331 0.340317 -0.827698 1.064082 0.105928 -0.528777 2.184336 -8.274579
0.350000 0.531020 -0.032266 0.340418 -0.828208 1.066253 0.097654 -0.490672 2.157146 -8.273501
0.351000 0.530192 -0.031198 0.340512 -0.828680 1.068396 0.089381 -0.452081 2.129646 -8.271744
0.352000 0.529363 -0.030129 0.340597 -0.829113 1.070512 0.081111 -0.413197 2.102121 -8.269290
0.353000 0.528534 -0.029057 0.340674 -0.829506 1.072600 0.072843 -0.373973 2.074524 -8.266141
0.354000 0.527704 -0.027984 0.340743 -0.829860 1.074661 0.064578 -0.334184 2.046505 -8.262322
0.355000 0.526874 -0.026908 0.340803 -0.830175 1.076693 0.056318 -0.293808 2.017871 -8.257842
0.356000 0.526044 -0.025830 0.340856 -0.830448 1.078697 0.048063 -0.253022 1.988628 -8.252693
0.357000 0.525213 -0.024751 0.340899 -0.830681 1.080671 0.039813 -0.211801 1.958585 -8.246872
0.358000 0.524382 -0.023669 0.340935 -0.830872 1.082614 0.031569 -0.169908 1.927424 -8.240379
0.359000 0.523551 -0.022585 0.340963 -0.831020 1.084525 0.023332 -0.127271 1.895190 -8.233195
0.360000 0.522720 -0.021500 0.340982 -0.831126 1.086404 0.015102 -0.083998 1.862219 -8.225280
0.361000 0.521889 -0.020413 0.340993 -0.831188 1.088250 0.006881 -0.040016 1.828563 -8.216601
0.362000 0.521058 -0.019323 0.340996 -0.831206 1.090061 -0.001331 0.004913 1.793957 -8.207149
0.363000 0.520227 -0.018232 0.340990 -0.831179 1.091838 -0.009533 0.050814 1.758353 -8.196922
0.364000 0.519395 -0.017140 0.340976 -0.831105 1.093578 -0.017725 0.097463 1.721998 -8.185919
0.365000 0.518564 -0.016045 0.340955 -0.830984 1.095282 -0.025905 0.144646 1.685086 -8.174147
0.366000 0.517734 -0.014949 0.340925 -0.830815 1.096948 -0.034073 0.192163 1.647720 -8.161635
0.367000 0.516903 -0.013851 0.340887 -0.830599 1.098577 -0.042228 0.239823 1.609946 -8.148423
0.368000 0.516072 -0.012752 0.340840 -0.830336 1.100168 -0.050370 0.287675 1.571558 -8.134525
0.369000 0.515242 -0.011651 0.340786 -0.830024 1.101720 -0.058497 0.335969 1.532229 -8.119928
0.370000 0.514412 -0.010549 0.340723 -0.829664 1.103233 -0.066610 0.384776 1.492008 -8.104607
0.371000 0.513583 -0.009445 0.340653 -0.829254 1.104704 -0.074706 0.433989 1.451249 -8.088536
0.372000 0.512754 -0.008339 0.340574 -0.828796 1.106135 -0.082787 0.483677 1.410012 -8.071677
0.373000 0.511925 -0.007232 0.340487 -0.828287 1.107524 -0.090850 0.534077 1.368036 -8.054006
0.374000 0.511097 -0.006124 0.340392 -0.827728 1.108871 -0.098895 0.585211 1.325281 -8.035541
0.375000 0.510270 -0.005015 0.340289 -0.827117 1.110175 -0.106921 0.636901 1.281960 -8.016326
0.376000 0.509443 -0.003904 0.340178 -0.826454 1.111435 -0.114927 0.689166 1.238013 -7.996370
0.377000 0.508617 -0.002792 0.340059 -0.825738 1.112651 -0.122914 0.742230 1.193062 -7.975646
0.378000 0.507791 -0.001678 0.339932 -0.824969 1.113821 -0.130879 0.796136 1.146877 -7.954147
0.379000 0.506967 -0.000564 0.339798 -0.824146 1.114945 -0.138822 0.850688 1.099498 -7.931890
0.380000 0.506143 0.000551 0.339655 -0.823268 1.116020 -0.146742 0.905702 1.051059 -7.908877
0.381000 0.505320 0.001668 0.339504 -0.822335 1.117047 -0.154640 0.961007 1.001859 -7.885085
0.382000 0.504499 0.002786 0.339346 -0.821346 1.118024 -0.162513 1.016439 0.952291 -7.860477
0.383000 0.503678 0.003904 0.339179 -0.820302 1.118951 -0.170361 1.072062 0.902404 -7.834988
0.384000 0.502858 0.005023 0.339005 -0.819202 1.119829 -0.178183 1.128104 0.851945 -7.808568
0.385000 0.502039 0.006144 0.338823 -0.818046 1.120655 -0.185978 1.184580 0.800914 -7.781256
0.386000 0.501222 0.007265 0.338633 -0.816833 1.121431 -0.193745 1.241300 0.749578 -7.753147
0.387000 0.500406 0.008387 0.338435 -0.815563 1.122154 -0.201484 1.298276 0.697918 -7.724272
0.388000 0.499591 0.009509 0.338230 -0.814236 1.122826 -0.209194 1.355720 0.645565 -7.694591
0.389000 0.498777 0.010632 0.338017 -0.812852 1.123446 -0.216873 1.413664 0.592284 -7.664096
0.390000 0.497965 0.011756 0.337796 -0.811409 1.124011 -0.224522 1.471902 0.538106 -7.632827
0.391000 0.497154 0.012880 0.337568 -0.809908 1.124522 -0.232139 1.530237 0.483165 -7.600809
0.392000 0.496345 0.014005 0.337332 -0.808348 1.124977 -0.239723 1.588485 0.427779 -7.568044
0.393000 0.495538 0.015130 0.337088 -0.806731 1.125377 -0.247275 1.646469 0.372365 -7.534518
0.394000 0.494732 0.016256 0.336837 -0.805055 1.125722 -0.254792 1.704243 0.316989 -7.500165
0.395000 0.493928 0.017382 0.336579 -0.803322 1.126011 -0.262275 1.762040 0.261392 -7.464914
0.396000 0.493125 0.018508 0.336313 -0.801531 1.126245 -0.269722 1.819910 0.205543 -7.428805
0.397000 0.492324 0.019634 0.336039 -0.799682 1.126422 -0.277133 1.877718 0.149670 -7.391950
0.398000 0.491526 0.020761 0.335758 -0.797776 1.126544 -0.284506 1.935507 0.093725 -7.354383
0.399000 0.490729 0.021887 0.335470 -0.795811 1.126610 -0.291842 1.993495 0.037333 -7.316042
0.400000 0.489934 0.023014 0.335175 -0.793789 1.126619 -0.299138 2.051698 -0.019720 -7.276922
0.401000 0.489141 0.024140 0.334872 -0.791708 1.126570 -0.306395 2.109895 -0.077373 -7.237088
0.402000 0.488351 0.025267 0.334562 -0.789569 1.126464 -0.313612 2.167880 -0.135481 -7.196594
0.403000 0.487562 0.026393 0.334245 -0.787372 1.126299 -0.320789 2.225473 -0.193744 -7.155467
0.404000 0.486776 0.027520 0.333920 -0.785118 1.126077 -0.327923 2.282513 -0.251778 -7.113723
0.405000 0.485992 0.028646 0.333589 -0.782807 1.125796 -0.335016 2.339058 -0.309541 -7.071298
0.406000 0.485210 0.029771 0.333250 -0.780440 1.125457 -0.342066 2.395342 -0.367295 -7.028105
0.407000 0.484431 0.030896 0.332905 -0.778017 1.125061 -0.349072 2.451420 -0.425044 -6.984184
0.408000 0.483654 0.032021 0.332552 -0.775537 1.124607 -0.356034 2.507168 -0.482527 -6.939676
0.409000 0.482880 0.033146 0.332193 -0.773002 1.124096 -0.362952 2.562631 -0.539764 -6.894613
0.410000 0.482108 0.034269 0.331826 -0.770412 1.123528 -0.369824 2.618014 -0.597118 -6.848911
0.411000 0.481339 0.035393 0.331453 -0.767766 1.122902 -0.376649 2.673311 -0.654799 -6.802542
0.412000 0.480573 0.036515 0.331073 -0.765065 1.122218 -0.383429 2.728319 -0.712814 -6.755551
0.413000 0.479809 0.037637 0.330686 -0.762310 1.121476 -0.390161 2.783030 -0.771371 -6.707892
0.414000 0.479048 0.038758 0.330293 -0.759499 1.120676 -0.396844 2.837647 -0.830807 -6.659423
0.415000 0.478290 0.039879 0.329893 -0.756634 1.119815 -0.403479 2.892225 -0.891091 -6.610061
0.416000 0.477535 0.040998 0.329486 -0.753715 1.118893 -0.410065 2.946613 -0.951819 -6.559819
0.417000 0.476783 0.042116 0.329072 -0.750741 1.117911 -0.416599 3.000653 -1.012614 -6.508755
0.418000 0.476033 0.043234 0.328653 -0.747714 1.116868 -0.423082 3.054185 -1.073144 -6.457012
0.419000 0.475287 0.044350 0.328226 -0.744633 1.115765 -0.429513 3.107049 -1.133099 -6.404776
0.420000 0.474544 0.045465 0.327794 -0.741499 1.114602 -0.435892 3.159290 -1.192521 -6.352089
0.421000 0.473804 0.046579 0.327354 -0.738314 1.113380 -0.442217 3.211111 -1.251770 -6.298846
0.422000 0.473067 0.047692 0.326909 -0.735077 1.112098 -0.448489 3.262528 -1.311050 -6.245004
0.423000 0.472334 0.048803 0.326458 -0.731789 1.110758 -0.454707 3.313376 -1.370359 -6.190607
0.424000 0.471604 0.049914 0.326000 -0.728450 1.109358 -0.460871 3.363665 -1.429895 -6.135592
0.425000 0.470877 0.051022 0.325536 -0.725062 1.107898 -0.466978 3.413584 -1.490006 -6.079789
0.426000 0.470154 0.052129 0.325066 -0.721623 1.106378 -0.473030 3.463161 -1.550698 -6.023102
0.427000 0.469434 0.053235 0.324590 -0.718135 1.104796 -0.479025 3.512252 -1.611689 -5.965513
0.428000 0.468717 0.054339 0.324108 -0.714599 1.103154 -0.484961 3.560881 -1.672973 -5.906925
0.429000 0.468005 0.055441 0.323620 -0.711014 1.101451 -0.490839 3.609269 -1.734818 -5.847205
0.430000 0.467295 0.056542 0.323126 -0.707380 1.099685 -0.496656 3.657506 -1.797236 -5.786409
0.431000 0.466590 0.057641 0.322626 -0.703699 1.097856 -0.502411 3.705492 -1.859921 -5.724762
0.432000 0.465888 0.058738 0.322121 -0.699969 1.095965 -0.508105 3.753087 -1.922622 -5.662451
0.433000 0.465190 0.059833 0.321610 -0.696192 1.094011 -0.513736 3.800089 -1.985194 -5.599596
0.434000 0.464496 0.060926 0.321094 -0.692369 1.091994 -0.519304 3.846256 -2.047550 -5.536275
0.435000 0.463805 0.062016 0.320572 -0.688500 1.089916 -0.524809 3.891564 -2.109874 -5.472419
0.436000 0.463119 0.063105 0.320044 -0.684586 1.087775 -0.530249 3.936185 -2.172505 -5.407823
0.437000 0.462436 0.064192 0.319511 -0.680628 1.085571 -0.535624 3.980158 -2.235455 -5.342359
0.438000 0.461757 0.065276 0.318973 -0.676626 1.083304 -0.540934 4.023367 -2.298457 -5.275982
0.439000 0.461083 0.066359 0.318429 -0.672581 1.080974 -0.546176 4.065852 -2.361510 -5.208565
0.440000 0.460412 0.067438 0.317881 -0.668494 1.078581 -0.551351 4.107832 -2.424895 -5.139955
0.441000 0.459746 0.068516 0.317327 -0.664365 1.076124 -0.556456 4.149412 -2.488654 -5.070228
0.442000 0.459084 0.069591 0.316768 -0.660195 1.073603 -0.561491 4.190560 -2.552579 -4.999624
0.443000 0.458425 0.070663 0.316204 -0.655984 1.071019 -0.566456 4.231373 -2.616718 -4.928217
0.444000 0.457772 0.071733 0.315635 -0.651732 1.068370 -0.571348 4.272041 -2.681402 -4.855876
0.445000 0.457122 0.072800 0.315061 -0.647440 1.065656 -0.576167 4.312557 -2.746770 -4.782543
0.446000 0.456477 0.073864 0.314482 -0.643107 1.062876 -0.580913 4.352703 -2.812678 -4.708297
0.447000 0.455836 0.074926 0.313899 -0.638735 1.060031 -0.585584 4.392281 -2.878955 -4.633186
0.448000 0.455199 0.075984 0.313311 -0.634323 1.057119 -0.590179 4.431136 -2.945380 -4.557207
0.449000 0.454567 0.077040 0.312719 -0.629872 1.054140 -0.594698 4.469134 -3.011707 -4.480330
0.450000 0.453939 0.078092 0.312122 -0.625384 1.051095 -0.599140 4.506322 -3.077986 -4.402400
0.451000 0.453316 0.079142 0.311520 -0.620860 1.047984 -0.603503 4.542906 -3.144518 -4.323245
0.452000 0.452698 0.080188 0.310915 -0.616299 1.044806 -0.607786 4.578971 -3.211374 -4.242942
0.453000 0.452084 0.081232 0.310305 -0.611702 1.041561 -0.611989 4.614475 -3.278383 -4.161750
0.454000 0.451474 0.082271 0.309691 -0.607070 1.038249 -0.616110 4.649496 -3.345615 -4.079743
0.455000 0.450870 0.083308 0.309073 -0.602403 1.034870 -0.620149 4.684219 -3.413400 -3.996774
0.456000 0.450270 0.084341 0.308451 -0.597701 1.031423 -0.624104 4.718667 -3.481872 -3.912765
0.457000 0.449674 0.085371 0.307824 -0.592965 1.027906 -0.627974 4.752710 -3.550952 -3.827757
0.458000 0.449084 0.086397 0.307195 -0.588196 1.024321 -0.631759 4.786359 -3.620768 -3.741651
0.459000 0.448498 0.087420 0.306561 -0.583393 1.020665 -0.635457 4.819771 -3.691647 -3.654191
0.460000 0.447917 0.088438 0.305924 -0.578556 1.016937 -0.639067 4.852945 -3.763609 -3.565243
0.461000 0.447341 0.089453 0.305283 -0.573687 1.013137 -0.642588 4.885603 -3.836154 -3.474996
0.462000 0.446769 0.090465 0.304638 -0.568785 1.009265 -0.646017 4.917355 -3.908509 -3.383931
0.463000 0.446203 0.091472 0.303991 -0.563852 1.005320 -0.649356 4.947806 -3.979864 -3.292682
0.464000 0.445642 0.092475 0.303340 -0.558889 1.001305 -0.652603 4.976556 -4.049487 -3.201843
0.465000 0.445085 0.093475 0.302686 -0.553899 0.997221 -0.655759 5.003280 -4.116877 -3.111787
0.466000 0.444534 0.094470 0.302028 -0.548883 0.993072 -0.658826 5.027809 -4.181822 -3.022630
0.467000 0.443988 0.095461 0.301368 -0.543843 0.988858 -0.661805 5.050045 -4.244173 -2.934379
0.468000 0.443446 0.096447 0.300705 -0.538783 0.984583 -0.664695 5.069907 -4.303789 -2.847004
0.469000 0.442910 0.097430 0.300039 -0.533704 0.980250 -0.667499 5.087466 -4.360786 -2.760339
0.470000 0.442379 0.098408 0.299370 -0.528608 0.975862 -0.670216 5.102928 -4.415479 -2.674182
0.471000 0.441853 0.099382 0.298698 -0.523498 0.971419 -0.672847 5.116425 -4.467953 -2.588601
0.472000 0.441332 0.100351 0.298024 -0.518375 0.966926 -0.675393 5.127994 -4.518068 -2.503857
0.473000 0.440816 0.101315 0.297347 -0.513242 0.962383 -0.677855 5.137755 -4.565904 -2.420019
0.474000 0.440305 0.102276 0.296668 -0.508099 0.957794 -0.680233 5.145884 -4.611766 -2.336916
0.475000 0.439800 0.103231 0.295987 -0.502950 0.953160 -0.682529 5.152397 -4.655772 -2.254468
0.476000 0.439299 0.104182 0.295303 -0.497795 0.948482 -0.684742 5.157148 -4.697783 -2.172757
0.477000 0.438804 0.105128 0.294617 -0.492636 0.943764 -0.686874 5.160013 -4.737652 -2.091846
0.478000 0.438314 0.106069 0.293929 -0.487475 0.939007 -0.688926 5.160908 -4.775233 -2.011766
0.479000 0.437829 0.107006 0.293239 -0.482314 0.934214 -0.690898 5.159772 -4.810370 -1.932526
0.480000 0.437350 0.107938 0.292548 -0.477155 0.929386 -0.692791 5.156671 -4.843161 -1.853987
0.481000 0.436875 0.108865 0.291854 -0.472000 0.924527 -0.694606 5.151787 -4.873903 -1.775954
0.482000 0.436406 0.109787 0.291158 -0.466852 0.919638 -0.696343 5.145228 -4.902682 -1.698496
0.483000 0.435941 0.110704 0.290461 -0.461710 0.914722 -0.698003 5.137007 -4.929379 -1.621889
0.484000 0.435482 0.111616 0.289762 -0.456578 0.909780 -0.699586 5.127220 -4.954071 -1.546205
0.485000 0.435028 0.112524 0.289062 -0.451456 0.904814 -0.701095 5.116030 -4.977048 -1.471271
0.486000 0.434579 0.113426 0.288360 -0.446345 0.899826 -0.702529 5.103475 -4.998402 -1.397015
0.487000 0.434135 0.114323 0.287657 -0.441249 0.894817 -0.703889 5.089482 -5.018028 -1.323499
0.488000 0.433697 0.115216 0.286952 -0.436167 0.889790 -0.705176 5.074077 -5.036014 -1.250632
0.489000 0.433263 0.116103 0.286247 -0.431100 0.884745 -0.706390 5.057392 -5.052660 -1.178145
0.490000 0.432835 0.116985 0.285540 -0.426052 0.879684 -0.707532 5.039468 -5.068091 -1.105872
0.491000 0.432411 0.117862 0.284832 -0.421022 0.874609 -0.708602 5.020228 -5.082202 -1.033818
0.492000 0.431993 0.118734 0.284122 -0.416011 0.869520 -0.709600 4.999628 -5.094874 -0.962063
0.493000 0.431579 0.119601 0.283412 -0.411022 0.864419 -0.710526 4.977676 -5.105968 -0.890824
0.494000 0.431170 0.120463 0.282701 -0.406056 0.859308 -0.711382 4.954413 -5.115331 -0.820392
0.495000 0.430767 0.121320 0.281990 -0.401113 0.854188 -0.712167 4.929958 -5.123042 -0.750829
0.496000 0.430368 0.122171 0.281277 -0.396196 0.849062 -0.712883 4.904459 -5.129364 -0.681961
0.497000 0.429975 0.123018 0.280564 -0.391305 0.843930 -0.713531 4.877931 -5.134366 -0.613726
0.498000 0.429586 0.123859 0.279850 -0.386440 0.838793 -0.714111 4.850281 -5.137921 -0.546213
0.499000 0.429202 0.124696 0.279136 -0.381604 0.833654 -0.714623 4.821511 -5.140091 -0.479347
0.500000 0.428822 0.125527 0.278421 -0.376797 0.828513 -0.715069 4.791731 -5.141153 -0.412882
0.501000 0.428448 0.126353 0.277705 -0.372021 0.823371 -0.715449 4.760980 -5.141230 -0.346694
0.502000 0.428078 0.127173 0.276990 -0.367275 0.818230 -0.715763 4.729215 -5.140277 -0.280801
0.503000 0.427713 0.127989 0.276274 -0.362562 0.813091 -0.716011 4.696478 -5.138414 -0.215088
0.504000 0.427353 0.128800 0.275558 -0.357882 0.807954 -0.716193 4.662919 -5.135915 -0.149358
0.505000 0.426998 0.129605 0.274842 -0.353236 0.802819 -0.716309 4.628666 -5.132865 -0.083662
0.506000 0.426647 0.130405 0.274125 -0.348625 0.797688 -0.716360 4.593772 -5.129121 -0.018292
0.507000 0.426300 0.131200 0.273409 -0.344049 0.792561 -0.716346 4.558254 -5.124533 0.046500
0.508000 0.425959 0.131990 0.272693 -0.339508 0.787439 -0.716267 4.522061 -5.118950 0.110541
0.509000 0.425621 0.132775 0.271976 -0.335005 0.782323 -0.716125 4.485104 -5.112213 0.173700
0.510000 0.425289 0.133555 0.271260 -0.330538 0.777214 -0.715920 4.447390 -5.104384 0.236051
0.511000 0.424960 0.134330 0.270544 -0.326110 0.772114 -0.715653 4.409017 -5.095723 0.297845
0.512000 0.424636 0.135099 0.269829 -0.321720 0.767023 -0.715324 4.370032 -5.086356 0.359203
0.513000 0.424317 0.135864 0.269114 -0.317370 0.761941 -0.714934 4.330409 -5.076250 0.420110
0.514000 0.424002 0.136623 0.268399 -0.313059 0.756870 -0.714484 4.290192 -5.065523 0.480679
0.515000 0.423691 0.137377 0.267685 -0.308789 0.751810 -0.713973 4.249504 -5.054435 0.541107
0.516000 0.423384 0.138127 0.266971 -0.304560 0.746762 -0.713402 4.208427 -5.043072 0.601341
0.517000 0.423082 0.138871 0.266258 -0.300372 0.741724 -0.712770 4.166988 -5.031347 0.661124
0.518000 0.422783 0.139610 0.265546 -0.296226 0.736699 -0.712079 4.125262 -5.019331 0.720398
0.519000 0.422489 0.140344 0.264834 -0.292122 0.731686 -0.711330 4.083354 -5.007246 0.779339
0.520000 0.422199 0.141074 0.264123 -0.288060 0.726684 -0.710521 4.041284 -4.995127 0.838004
0.521000 0.421913 0.141798 0.263413 -0.284039 0.721695 -0.709653 3.998978 -4.982802 0.896271
0.522000 0.421631 0.142517 0.262704 -0.280062 0.716719 -0.708728 3.956370 -4.970123 0.954029
0.523000 0.421353 0.143231 0.261995 -0.276127 0.711755 -0.707745 3.913402 -4.957002 1.011201
0.524000 0.421079 0.143940 0.261288 -0.272235 0.706805 -0.706706 3.870023 -4.943379 1.067724
0.525000 0.420809 0.144645 0.260582 -0.268387 0.701868 -0.705610 3.826261 -4.929371 1.123705
0.526000 0.420542 0.145344 0.259877 -0.264582 0.696946 -0.704458 3.782237 -4.915227 1.179343
0.527000 0.420279 0.146039 0.259173 -0.260822 0.692038 -0.703251 3.738068 -4.901032 1.234601
0.528000 0.420020 0.146728 0.258470 -0.257106 0.687144 -0.701989 3.693840 -4.886714 1.289248
0.529000 0.419765 0.147413 0.257769 -0.253434 0.682264 -0.700673 3.649662 -4.872343 1.343239
0.530000 0.419514 0.148093 0.257069 -0.249807 0.677399 -0.699303 3.605628 -4.858119 1.396750
0.531000 0.419266 0.148768 0.256370 -0.246223 0.672548 -0.697879 3.561721 -4.844054 1.449829
0.532000 0.419021 0.149438 0.255673 -0.242683 0.667711 -0.696403 3.517831 -4.829957 1.502341
0.533000 0.418780 0.150103 0.254978 -0.239188 0.662888 -0.694875 3.473870 -4.815676 1.554163
0.534000 0.418543 0.150764 0.254284 -0.235736 0.658080 -0.693295 3.429792 -4.801131 1.605205
0.535000 0.418309 0.151419 0.253591 -0.232328 0.653286 -0.691664 3.385574 -4.786278 1.655389
0.536000 0.418078 0.152070 0.252900 -0.228965 0.648507 -0.689984 3.341257 -4.771238 1.704812
0.537000 0.417851 0.152716 0.252211 -0.225645 0.643744 -0.688255 3.296944 -4.756247 1.753679
0.538000 0.417627 0.153358 0.251524 -0.222371 0.638995 -0.686477 3.252716 -4.741393 1.801988
0.539000 0.417406 0.153994 0.250838 -0.219140 0.634261 -0.684651 3.208622 -4.726621 1.849558
0.540000 0.417188 0.154626 0.250154 -0.215953 0.629542 -0.682777 3.164737 -4.712003 1.896382
0.541000 0.416974 0.155253 0.249473 -0.212811 0.624837 -0.680858 3.121139 -4.697717 1.942635
0.542000 0.416763 0.155876 0.248793 -0.209711 0.620146 -0.678892 3.077825 -4.683752 1.988354
0.543000 0.416555 0.156494 0.248115 -0.206655 0.615469 -0.676881 3.034718 -4.669905 2.033384
0.544000 0.416350 0.157107 0.247439 -0.203642 0.610806 -0.674825 2.991744 -4.656019 2.077585
0.545000 0.416147 0.157715 0.246765 -0.200671 0.606157 -0.672726 2.948843 -4.642023 2.120845
0.546000 0.415948 0.158319 0.246094 -0.197744 0.601522 -0.670584 2.905961 -4.627892 2.163068
0.547000 0.415752 0.158918 0.245424 -0.194859 0.596901 -0.668400 2.863107 -4.613750 2.204334
0.548000 0.415558 0.159513 0.244757 -0.192018 0.592295 -0.666175 2.820359 -4.599813 2.244848
0.549000 0.415368 0.160103 0.244092 -0.189219 0.587702 -0.663910 2.777792 -4.586148 2.284636
0.550000 0.415180 0.160688 0.243429 -0.186462 0.583122 -0.661606 2.735457 -4.572682 2.323565
0.551000 0.414995 0.161269 0.242768 -0.183748 0.578556 -0.659263 2.693422 -4.559468 2.361657
0.552000 0.414813 0.161845 0.242110 -0.181075 0.574004 -0.656882 2.651757 -4.546662 2.399097
0.553000 0.414633 0.162417 0.241455 -0.178444 0.569463 -0.654465 2.610452 -4.534259 2.435925
0.554000 0.414456 0.162984 0.240801 -0.175854 0.564935 -0.652011 2.569437 -4.522074 2.472000
0.555000 0.414281 0.163547 0.240151 -0.173305 0.560419 -0.649521 2.528654 -4.509949 2.507193
0.556000 0.414109 0.164105 0.239502 -0.170797 0.555915 -0.646996 2.488076 -4.497787 2.541404
0.557000 0.413940 0.164659 0.238857 -0.168329 0.551423 -0.644438 2.447688 -4.485518 2.574547
0.558000 0.413772 0.165208 0.238214 -0.165902 0.546944 -0.641847 2.407520 -4.473218 2.606704
0.559000 0.413608 0.165753 0.237573 -0.163514 0.542477 -0.639225 2.367645 -4.461078 2.638074
0.560000 0.413445 0.166293 0.236935 -0.161166 0.538022 -0.636571 2.328112 -4.449164 2.668686
0.561000 0.413285 0.166829 0.236300 -0.158858 0.533579 -0.633887 2.288943 -4.437426 2.698414
0.562000 0.413128 0.167360 0.235667 -0.156589 0.529147 -0.631174 2.250183 -4.425920 2.727283
0.563000 0.412972 0.167887 0.235037 -0.154358 0.524727 -0.628433 2.211883 -4.414796 2.755480
0.564000 0.412819 0.168410 0.234410 -0.152165 0.520317 -0.625663 2.174036 -4.404055 2.783071
0.565000 0.412668 0.168928 0.233786 -0.150010 0.515919 -0.622867 2.136577 -4.393533 2.809955
0.566000 0.412519 0.169442 0.233165 -0.147892 0.511530 -0.620043 2.099450 -4.383087 2.836024
0.567000 0.412372 0.169951 0.232546 -0.145811 0.507153 -0.617194 2.062611 -4.372616 2.861172
0.568000 0.412227 0.170456 0.231930 -0.143766 0.502785 -0.614321 2.026024 -4.362041 2.885286
0.569000 0.412085 0.170956 0.231317 -0.141759 0.498428 -0.611424 1.989699 -4.351417 2.908425
0.570000 0.411944 0.171453 0.230707 -0.139787 0.494082 -0.608504 1.953704 -4.340908 2.930775
0.571000 0.411805 0.171945 0.230100 -0.137851 0.489747 -0.605562 1.918116 -4.330560 2.952389
0.572000 0.411668 0.172432 0.229496 -0.135951 0.485421 -0.602599 1.883003 -4.320310 2.973178
0.573000 0.411533 0.172915 0.228895 -0.134085 0.481106 -0.599616 1.848437 -4.310195 2.993186
0.574000 0.411400 0.173394 0.228297 -0.132254 0.476801 -0.596613 1.814468 -4.300338 3.012591
0.575000 0.411269 0.173869 0.227702 -0.130456 0.472505 -0.593591 1.781069 -4.290720 3.031432
0.576000 0.411139 0.174339 0.227110 -0.128692 0.468219 -0.590550 1.748165 -4.281193 3.049609
0.577000 0.411011 0.174805 0.226521 -0.126960 0.463943 -0.587492 1.715722 -4.271731 3.067160
0.578000 0.410885 0.175267 0.225935 -0.125260 0.459676 -0.584416 1.683762 -4.262463 3.084270
0.579000 0.410761 0.175725 0.225352 -0.123592 0.455418 -0.581323 1.652296 -4.253451 3.101017
0.580000 0.410638 0.176178 0.224772 -0.121956 0.451169 -0.578214 1.621304 -4.244642 3.117327
0.581000 0.410517 0.176627 0.224196 -0.120350 0.446929 -0.575088 1.590773 -4.235978 3.133110
0.582000 0.410397 0.177072 0.223622 -0.118774 0.442697 -0.571948 1.560705 -4.227397 3.148261
0.583000 0.410279 0.177513 0.223052 -0.117228 0.438474 -0.568792 1.531106 -4.218833 3.162662
0.584000 0.410163 0.177949 0.222485 -0.115712 0.434259 -0.565622 1.502010 -4.210330 3.176355
0.585000 0.410048 0.178381 0.221921 -0.114224 0.430053 -0.562439 1.473458 -4.202009 3.189514
0.586000 0.409934 0.178809 0.221360 -0.112765 0.425855 -0.559243 1.445454 -4.193858 3.202198
0.587000 0.409822 0.179233 0.220802 -0.111334 0.421666 -0.556035 1.417975 -4.185750 3.214341
0.588000 0.409712 0.179652 0.220248 -0.109929 0.417484 -0.552815 1.391019 -4.177670 3.226000
0.589000 0.409602 0.180068 0.219696 -0.108551 0.413310 -0.549583 1.364613 -4.169729 3.237358
0.590000 0.409495 0.180479 0.219148 -0.107200 0.409144 -0.546340 1.338755 -4.161973 3.248488
0.591000 0.409388 0.180886 0.218604 -0.105874 0.404986 -0.543086 1.313411 -4.154341 3.259316
0.592000 0.409283 0.181289 0.218062 -0.104573 0.400836 -0.539821 1.288562 -4.146764 3.269767
0.593000 0.409179 0.181688 0.217524 -0.103297 0.396693 -0.536546 1.264219 -4.139172 3.279762
0.594000 0.409076 0.182082 0.216989 -0.102045 0.392557 -0.533262 1.240409 -4.131488 3.289219
0.595000 0.408975 0.182473 0.216458 -0.100816 0.388430 -0.529968 1.217171 -4.123740 3.298196
0.596000 0.408875 0.182859 0.215929 -0.099610 0.384310 -0.526665 1.194533 -4.116024 3.306866
0.597000 0.408776 0.183241 0.215404 -0.098427 0.380198 -0.523354 1.172462 -4.108311 3.315280
0.598000 0.408678 0.183620 0.214883 -0.097265 0.376093 -0.520035 1.150884 -4.100464 3.323373
0.599000 0.408581 0.183994 0.214364 -0.096125 0.371997 -0.516707 1.129763 -4.092449 3.331191
0.600000 0.408485 0.184364 0.213849 -0.095006 0.367908 -0.513372 1.109110 -4.084367 3.338903
0.601000 0.408391 0.184729 0.213337 -0.093907 0.363828 -0.510030 1.088935 -4.076272 3.346576
0.602000 0.408298 0.185091 0.212829 -0.092828 0.359756 -0.506679 1.069226 -4.068147 3.354162
0.603000 0.408205 0.185449 0.212324 -0.091769 0.355692 -0.503321 1.049996 -4.060044 3.361723
0.604000 0.408114 0.185803 0.211822 -0.090728 0.351636 -0.499956 1.031283 -4.052077 3.369425
0.605000 0.408024 0.186152 0.211324 -0.089706 0.347588 -0.496582 1.013120 -4.044265 3.377320
0.606000 0.407935 0.186498 0.210829 -0.088702 0.343547 -0.493201 0.995520 -4.036520 3.385324
0.607000 0.407846 0.186839 0.210338 -0.087715 0.339515 -0.489812 0.978479 -4.028740 3.393347
0.608000 0.407759 0.187177 0.209850 -0.086745 0.335490 -0.486414 0.961960 -4.020803 3.401299
0.609000 0.407673 0.187510 0.209365 -0.085791 0.331473 -0.483009 0.945909 -4.012576 3.409082
0.610000 0.407588 0.187840 0.208884 -0.084853 0.327465 -0.479596 0.930303 -4.004037 3.416737
0.611000 0.407503 0.188165 0.208406 -0.083930 0.323465 -0.476176 0.915154 -3.995270 3.424415
0.612000 0.407420 0.188487 0.207931 -0.083023 0.319474 -0.472747 0.900461 -3.986317 3.432174
0.613000 0.407337 0.188804 0.207460 -0.082129 0.315492 -0.469311 0.886204 -3.977151 3.439965
0.614000 0.407256 0.189118 0.206993 -0.081250 0.311520 -0.465867 0.872382 -3.967809 3.447842
0.615000 0.407175 0.189427 0.206528 -0.080385 0.307557 -0.462416 0.859024 -3.958393 3.455965
0.616000 0.407095 0.189733 0.206068 -0.079532 0.303603 -0.458956 0.846154 -3.948933 3.464403
0.617000 0.407016 0.190034 0.205611 -0.078692 0.299659 -0.455487 0.833776 -3.939367 3.473105
0.618000 0.406937 0.190332 0.205157 -0.077865 0.295724 -0.452009 0.821885 -3.929610 3.482018
0.619000 0.406860 0.190626 0.204707 -0.077049 0.291800 -0.448523 0.810462 -3.919545 3.491084
0.620000 0.406783 0.190916 0.204260 -0.076244 0.287885 -0.445027 0.799476 -3.909034 3.500243
0.621000 0.406707 0.191202 0.203816 -0.075450 0.283982 -0.441522 0.788919 -3.898039 3.509547
0.622000 0.406632 0.191484 0.203377 -0.074666 0.280089 -0.438008 0.778806 -3.886634 3.519132
0.623000 0.406558 0.191762 0.202940 -0.073892 0.276208 -0.434484 0.769127 -3.874871 3.529021
0.624000 0.406485 0.192036 0.202508 -0.073128 0.272339 -0.430950 0.759850 -3.862734 3.539109
0.625000 0.406412 0.192306 0.202079 -0.072372 0.268483 -0.427406 0.750949 -3.850206 3.549312
0.626000 0.406340 0.192573 0.201653 -0.071626 0.264639 -0.423851 0.742413 -3.837265 3.559590
0.627000 0.406269 0.192836 0.201231 -0.070888 0.260808 -0.420287 0.734240 -3.823884 3.569924
0.628000 0.406198 0.193095 0.200812 -0.070157 0.256991 -0.416712 0.726444 -3.810097 3.580396
0.629000 0.406128 0.193350 0.200397 -0.069435 0.253188 -0.413126 0.719041 -3.795962 3.591149
0.630000 0.406059 0.193601 0.199986 -0.068719 0.249399 -0.409529 0.712020 -3.781435 3.602209
0.631000 0.405991 0.193849 0.199578 -0.068011 0.245625 -0.405921 0.705346 -3.766386 3.613501
0.632000 0.405923 0.194092 0.199174 -0.067309 0.241866 -0.402302 0.699006 -3.750765 3.625044
0.633000 0.405856 0.194332 0.198774 -0.066613 0.238124 -0.398671 0.693015 -3.734638 3.636956
0.634000 0.405790 0.194569 0.198377 -0.065922 0.234397 -0.395028 0.687383 -3.718065 3.649272
0.635000 0.405724 0.194801 0.197984 -0.065238 0.230688 -0.391373 0.682102 -3.701062 3.661917
0.636000 0.405660 0.195030 0.197594 -0.064558 0.226995 -0.387704 0.677165 -3.683631 3.674819
0.637000 0.405595 0.195255 0.197208 -0.063883 0.223320 -0.384023 0.672563 -3.665756 3.687921
0.638000 0.405532 0.195477 0.196826 -0.063213 0.219664 -0.380329 0.668288 -3.647408 3.701168
0.639000 0.405469 0.195694 0.196448 -0.062547 0.216025 -0.376621 0.664345 -3.628609 3.714607
0.640000 0.405407 0.195909 0.196073 -0.061884 0.212406 -0.372899 0.660745 -3.609420 3.728361
0.641000 0.405345 0.196119 0.195702 -0.061225 0.208807 -0.369164 0.657468 -3.589834 3.742470
0.642000 0.405284 0.196326 0.195335 -0.060570 0.205227 -0.365414 0.654473 -3.569783 3.756887
0.643000 0.405224 0.196530 0.194971 -0.059916 0.201667 -0.361650 0.651738 -3.549256 3.771641
0.644000 0.405164 0.196730 0.194611 -0.059266 0.198128 -0.357871 0.649271 -3.528307 3.786832
0.645000 0.405105 0.196926 0.194255 -0.058618 0.194610 -0.354077 0.647075 -3.506965 3.802459
0.646000 0.405047 0.197119 0.193903 -0.057972 0.191114 -0.350266 0.645138 -3.485219 3.818426
0.647000 0.404989 0.197308 0.193555 -0.057328 0.187640 -0.346440 0.643464 -3.463094 3.834729
0.648000 0.404932 0.197494 0.193210 -0.056685 0.184188 -0.342597 0.642068 -3.440663 3.851472
0.649000 0.404876 0.197677 0.192870 -0.056044 0.180759 -0.338737 0.640951 -3.417969 3.868715
0.650000 0.404820 0.197856 0.192533 -0.055403 0.177352 -0.334859 0.640097 -3.395009 3.886428
0.651000 0.404765 0.198031 0.192200 -0.054763 0.173969 -0.330964 0.639488 -3.371759 3.904563
0.652000 0.404711 0.198204 0.191871 -0.054124 0.170609 -0.327050 0.639107 -3.348159 3.923037
0.653000 0.404657 0.198372 0.191546 -0.053485 0.167272 -0.323118 0.638937 -3.324131 3.941743
0.654000 0.404604 0.198538 0.191225 -0.052846 0.163960 -0.319167 0.638974 -3.299654 3.960676
0.655000 0.404551 0.198700 0.190907 -0.052207 0.160673 -0.315197 0.639230 -3.274778 3.979913
0.656000 0.404499 0.198859 0.190594 -0.051568 0.157411 -0.311207 0.639701 -3.249547 3.999463
0.657000 0.404448 0.199015 0.190285 -0.050928 0.154174 -0.307198 0.640370 -3.223980 4.019256
0.658000 0.404398 0.199168 0.189980 -0.050287 0.150963 -0.303168 0.641235 -3.198120 4.039296
0.659000 0.404348 0.199317 0.189679 -0.049645 0.147778 -0.299119 0.642313 -3.172034 4.059656
0.660000 0.404298 0.199463 0.189382 -0.049002 0.144619 -0.295049 0.643624 -3.145760 4.080330
0.661000 0.404250 0.199606 0.189089 -0.048358 0.141486 -0.290958 0.645180 -3.119294 4.101216
0.662000 0.404202 0.199746 0.188800 -0.047712 0.138380 -0.286847 0.646982 -3.092624 4.122218
0.663000 0.404154 0.199883 0.188515 -0.047064 0.135301 -0.282714 0.649016 -3.065717 4.143249
0.664000 0.404107 0.200017 0.188234 -0.046414 0.132249 -0.278560 0.651259 -3.038530 4.164230
0.665000 0.404061 0.200148 0.187958 -0.045762 0.129224 -0.274385 0.653701 -3.011059 4.185160
0.666000 0.404016 0.200275 0.187685 -0.045107 0.126227 -0.270190 0.656347 -2.983340 4.206094
0.667000 0.403971 0.200400 0.187417 -0.044449 0.123257 -0.265973 0.659186 -2.955387 4.226999
0.668000 0.403927 0.200522 0.187154 -0.043788 0.120316 -0.261736 0.662194 -2.927186 4.247764
0.669000 0.403884 0.200641 0.186894 -0.043124 0.117403 -0.257478 0.665360 -2.898748 4.268350
0.670000 0.403841 0.200757 0.186639 -0.042458 0.114518 -0.253199 0.668684 -2.870118 4.288805
0.671000 0.403799 0.200870 0.186388 -0.041787 0.111663 -0.248900 0.672155 -2.841325 4.309130
0.672000 0.403757 0.200980 0.186141 -0.041113 0.108836 -0.244581 0.675742 -2.812371 4.329248
0.673000 0.403716 0.201087 0.185898 -0.040436 0.106038 -0.240242 0.679413 -2.783247 4.349065
0.674000 0.403676 0.201192 0.185660 -0.039754 0.103269 -0.235883 0.683138 -2.753924 4.368474
0.675000 0.403637 0.201294 0.185427 -0.039069 0.100530 -0.231505 0.686884 -2.724362 4.387349
0.676000 0.403598 0.201393 0.185197 -0.038381 0.097820 -0.227108 0.690638 -2.694555 4.405647
0.677000 0.403560 0.201490 0.184972 -0.037688 0.095141 -0.222693 0.694405 -2.664527 4.423387
0.678000 0.403523 0.201583 0.184752 -0.036992 0.092491 -0.218261 0.698195 -2.634288 4.440518
0.679000 0.403486 0.201675 0.184536 -0.036292 0.089872 -0.213812 0.702009 -2.603830 4.456912
0.680000 0.403450 0.201763 0.184324 -0.035588 0.087284 -0.209347 0.705854 -2.573159 4.472512
0.681000 0.403415 0.201849 0.184117 -0.034880 0.084726 -0.204867 0.709735 -2.542312 4.487330
0.682000 0.403381 0.201933 0.183915 -0.034168 0.082199 -0.200373 0.713633 -2.511317 4.501320
0.683000 0.403347 0.202014 0.183716 -0.033453 0.079703 -0.195865 0.717514 -2.480186 4.514375
0.684000 0.403314 0.202092 0.183523 -0.032733 0.077239 -0.191344 0.721357 -2.448943 4.526441
0.685000 0.403281 0.202168 0.183334 -0.032010 0.074805 -0.186812 0.725153 -2.417614 4.537526
0.686000 0.403250 0.202242 0.183149 -0.031283 0.072404 -0.182269 0.728880 -2.386192 4.547567
0.687000 0.403219 0.202313 0.182969 -0.030552 0.070033 -0.177717 0.732496 -2.354642 4.556424
0.688000 0.403188 0.202382 0.182794 -0.029818 0.067694 -0.173156 0.735962 -2.322927 4.563952
0.689000 0.403159 0.202448 0.182623 -0.029080 0.065387 -0.168589 0.739234 -2.291005 4.569999
0.690000 0.403130 0.202512 0.182457 -0.028340 0.063112 -0.164016 0.742270 -2.258837 4.574412
0.691000 0.403102 0.202574 0.182295 -0.027596 0.060870 -0.159440 0.745046 -2.226402 4.577107
0.692000 0.403075 0.202634 0.182138 -0.026849 0.058659 -0.154862 0.747558 -2.193713 4.578058
0.693000 0.403049 0.202692 0.181985 -0.026101 0.056482 -0.150284 0.749804 -2.160769 4.577174
0.694000 0.403023 0.202747 0.181837 -0.025350 0.054338 -0.145708 0.751776 -2.127561 4.574297
0.695000 0.402998 0.202800 0.181694 -0.024597 0.052227 -0.141135 0.753469 -2.094087 4.569329
0.696000 0.402974 0.202852 0.181555 -0.023843 0.050150 -0.136569 0.754878 -2.060358 4.562235
0.697000 0.402950 0.202901 0.181421 -0.023087 0.048106 -0.132011 0.755972 -2.026371 4.552932
0.698000 0.402928 0.202948 0.181291 -0.022331 0.046097 -0.127463 0.756705 -1.992102 4.541264
0.699000 0.402906 0.202993 0.181166 -0.021574 0.044122 -0.122928 0.757026 -1.957525 4.527060
0.700000 0.402884 0.203036 0.181045 -0.020817 0.042182 -0.118409 0.756886 -1.922613 4.510133
0.701000 0.402864 0.203077 0.180929 -0.020060 0.040277 -0.113908 0.756233 -1.887337 4.490281
0.702000 0.402844 0.203117 0.180817 -0.019304 0.038407 -0.109428 0.755033 -1.851682 4.467373
0.703000 0.402825 0.203154 0.180710 -0.018550 0.036573 -0.104973 0.753264 -1.815647 4.441346
0.704000 0.402807 0.203190 0.180607 -0.017798 0.034776 -0.100546 0.750890 -1.779214 4.412085
0.705000 0.402790 0.203224 0.180509 -0.017048 0.033015 -0.096149 0.747862 -1.742348 4.379417
0.706000 0.402773 0.203256 0.180415 -0.016302 0.031291 -0.091787 0.744143 -1.705030 4.343221
0.707000 0.402757 0.203286 0.180325 -0.015560 0.029605 -0.087463 0.739719 -1.667250 4.303412
0.708000 0.402742 0.203315 0.180240 -0.014823 0.027957 -0.083180 0.734577 -1.628982 4.259837
0.709000 0.402728 0.203342 0.180159 -0.014091 0.026347 -0.078943 0.728695 -1.590184 4.212258
0.710000 0.402714 0.203368 0.180082 -0.013365 0.024776 -0.074756 0.722041 -1.550810 4.160444
0.711000 0.402701 0.203392 0.180009 -0.012647 0.023245 -0.070622 0.714566 -1.510813 4.104173
0.712000 0.402688 0.203414 0.179941 -0.011936 0.021755 -0.066547 0.706214 -1.470146 4.043229
0.713000 0.402677 0.203435 0.179876 -0.011234 0.020305 -0.062536 0.696943 -1.428777 3.977462
0.714000 0.402666 0.203455 0.179816 -0.010542 0.018897 -0.058592 0.686722 -1.386685 3.906771
0.715000 0.402656 0.203473 0.179759 -0.009861 0.017532 -0.054722 0.675508 -1.343835 3.830998
0.716000 0.402646 0.203490 0.179706 -0.009191 0.016210 -0.050930 0.663243 -1.300177 3.749926
0.717000 0.402637 0.203505 0.179657 -0.008534 0.014931 -0.047222 0.649881 -1.255674 3.663390
0.718000 0.402629 0.203520 0.179612 -0.007892 0.013698 -0.043604 0.635392 -1.210312 3.571273
0.719000 0.402622 0.203533 0.179570 -0.007264 0.012511 -0.040080 0.619728 -1.164075 3.473402
0.720000 0.402615 0.203545 0.179532 -0.006652 0.011370 -0.036657 0.602829 -1.116942 3.369547
0.721000 0.402608 0.203556 0.179497 -0.006058 0.010277 -0.033341 0.584649 -1.068896 3.259527
0.722000 0.402603 0.203565 0.179465 -0.005483 0.009232 -0.030138 0.565164 -1.019917 3.143214
0.723000 0.402597 0.203574 0.179436 -0.004928 0.008237 -0.027054 0.544350 -0.969960 3.020420
0.724000 0.402593 0.203582 0.179411 -0.004394 0.007292 -0.024097 0.522175 -0.918965 2.890889
0.725000 0.402589 0.203589 0.179388 -0.003883 0.006399 -0.021272 0.498598 -0.866867 2.754360
0.726000 0.402585 0.203595 0.179368 -0.003397 0.005559 -0.018588 0.473561 -0.813601 2.610568
0.727000 0.402582 0.203600 0.179351 -0.002936 0.004772 -0.016051 0.446998 -0.759102 2.459249
0.728000 0.402579 0.203604 0.179336 -0.002503 0.004040 -0.013670 0.418861 -0.703322 2.300202
0.729000 0.402577 0.203608 0.179324 -0.002098 0.003365 -0.011451 0.389120 -0.646236 2.133278
0.730000 0.402575 0.203611 0.179313 -0.001725 0.002748 -0.009403 0.357750 -0.587817 1.958272
0.731000 0.402573 0.203613 0.179305 -0.001383 0.002190 -0.007534 0.324717 -0.528036 1.774921
0.732000 0.402572 0.203615 0.179298 -0.001075 0.001692 -0.005853 0.153891 -0.248900 0.840564
0.733000 0.402571 0.203617 0.179293 -0.001075 0.001692 -0.005853 0.153891 -0.248900 0.840564
