0.000000 0.669497 -0.191424 0.137495 0.023175 -0.022370 0.020256 0.173510 -0.212938 0.907962
0.001000 0.669520 -0.191446 0.137515 0.023175 -0.022370 0.020256 0.173510 -0.212938 0.907962
0.002000 0.669544 -0.191468 0.137536 0.023522 -0.022796 0.022072 0.342934 -0.424046 1.846343
0.003000 0.669567 -0.191491 0.137559 0.023861 -0.023218 0.023948 0.334460 -0.420090 1.907658
0.004000 0.669591 -0.191515 0.137584 0.024191 -0.023636 0.025887 0.325366 -0.415531 1.969922
0.005000 0.669616 -0.191539 0.137611 0.024511 -0.024049 0.027888 0.315605 -0.410344 2.033136
0.006000 0.669640 -0.191563 0.137640 0.024822 -0.024457 0.029953 0.305119 -0.404508 2.097307
0.007000 0.669665 -0.191587 0.137671 0.025122 -0.024858 0.032083 0.293861 -0.397999 2.162434
0.008000 0.669691 -0.191612 0.137704 0.025410 -0.025253 0.034278 0.281806 -0.390792 2.228508
0.009000 0.669716 -0.191638 0.137739 0.025685 -0.025640 0.036540 0.268954 -0.382863 2.295523
0.010000 0.669742 -0.191664 0.137777 0.025948 -0.026018 0.038869 0.255313 -0.374188 2.363479
0.011000 0.669768 -0.191690 0.137817 0.026196 -0.026388 0.041267 0.240883 -0.364742 2.432366
0.012000 0.669794 -0.191717 0.137859 0.026429 -0.026748 0.043734 0.225650 -0.354512 2.502167
0.013000 0.669821 -0.191743 0.137904 0.026647 -0.027097 0.046271 0.209589 -0.343495 2.572865
0.014000 0.669848 -0.191771 0.137952 0.026849 -0.027435 0.048880 0.192676 -0.331701 2.644456
0.015000 0.669875 -0.191798 0.138002 0.027033 -0.027760 0.051560 0.174895 -0.319128 2.716939
0.016000 0.669902 -0.191826 0.138055 0.027198 -0.028073 0.054314 0.156247 -0.305759 2.790326
0.017000 0.669929 -0.191854 0.138111 0.027345 -0.028372 0.057141 0.136737 -0.291570 2.864634
0.018000 0.669956 -0.191883 0.138169 0.027472 -0.028656 0.060043 0.116366 -0.276534 2.939863
0.019000 0.669984 -0.191912 0.138231 0.027578 -0.028925 0.063021 0.095117 -0.260633 3.015986
0.020000 0.670011 -0.191941 0.138295 0.027662 -0.029177 0.066075 0.072964 -0.243865 3.092971
0.021000 0.670039 -0.191970 0.138363 0.027724 -0.029413 0.069206 0.049882 -0.226236 3.170790
0.022000 0.670067 -0.192000 0.138434 0.027762 -0.029630 0.072416 0.025844 -0.207745 3.249406
0.023000 0.670095 -0.192029 0.138508 0.027775 -0.029828 0.075705 0.000834 -0.188395 3.328780
0.024000 0.670122 -0.192059 0.138585 0.027763 -0.030007 0.079074 -0.025151 -0.168210 3.408894
0.025000 0.670150 -0.192089 0.138666 0.027725 -0.030165 0.082523 -0.052102 -0.147227 3.489739
0.026000 0.670178 -0.192120 0.138750 0.027659 -0.030301 0.086053 -0.080021 -0.125470 3.571290
0.027000 0.670206 -0.192150 0.138838 0.027565 -0.030416 0.089666 -0.108913 -0.102930 3.653507
0.028000 0.670233 -0.192181 0.138930 0.027441 -0.030507 0.093360 -0.138779 -0.079579 3.736358
0.029000 0.670260 -0.192211 0.139025 0.027287 -0.030575 0.097138 -0.169610 -0.055389 3.819823
0.030000 0.670288 -0.192242 0.139124 0.027102 -0.030618 0.101000 -0.201408 -0.030331 3.903861
0.031000 0.670315 -0.192272 0.139227 0.026885 -0.030635 0.104946 -0.234176 -0.004386 3.988418
0.032000 0.670341 -0.192303 0.139334 0.026634 -0.030627 0.108977 -0.267916 0.022450 4.073447
0.033000 0.670368 -0.192334 0.139445 0.026349 -0.030590 0.113093 -0.302614 0.050173 4.158916
0.034000 0.670394 -0.192364 0.139560 0.026029 -0.030526 0.117295 -0.338251 0.078776 4.244787
0.035000 0.670420 -0.192395 0.139679 0.025672 -0.030433 0.121583 -0.374791 0.108253 4.331020
0.036000 0.670445 -0.192425 0.139803 0.025279 -0.030310 0.125957 -0.412190 0.138598 4.417569
0.037000 0.670471 -0.192455 0.139931 0.024848 -0.030156 0.130418 -0.450422 0.169814 4.504372
0.038000 0.670495 -0.192485 0.140064 0.024378 -0.029970 0.134966 -0.489490 0.201910 4.591364
0.039000 0.670519 -0.192515 0.140201 0.023869 -0.029752 0.139600 -0.529416 0.234887 4.678522
0.040000 0.670543 -0.192545 0.140343 0.023319 -0.029500 0.144323 -0.570222 0.268742 4.765849
0.041000 0.670566 -0.192574 0.140490 0.022728 -0.029214 0.149132 -0.611929 0.303475 4.853310
0.042000 0.670588 -0.192603 0.140641 0.022095 -0.028893 0.154029 -0.654538 0.339095 4.940826
0.043000 0.670610 -0.192632 0.140798 0.021419 -0.028536 0.159014 -0.698021 0.375604 5.028304
0.044000 0.670631 -0.192660 0.140959 0.020699 -0.028142 0.164086 -0.742329 0.412995 5.115662
0.045000 0.670651 -0.192688 0.141126 0.019935 -0.027710 0.169245 -0.787433 0.451266 5.202800
0.046000 0.670671 -0.192716 0.141298 0.019125 -0.027240 0.174491 -0.833320 0.490414 5.289628
0.047000 0.670690 -0.192743 0.141475 0.018268 -0.026729 0.179824 -0.879980 0.530414 5.376109
0.048000 0.670708 -0.192769 0.141658 0.017365 -0.026179 0.185244 -0.927396 0.571220 5.462247
0.049000 0.670724 -0.192795 0.141846 0.016413 -0.025587 0.190749 -0.975550 0.612787 5.548033
0.050000 0.670740 -0.192820 0.142039 0.015414 -0.024953 0.196340 -1.024423 0.655068 5.633436
0.051000 0.670755 -0.192845 0.142238 0.014364 -0.024277 0.202016 -1.073994 0.698016 5.718412
0.052000 0.670769 -0.192869 0.142443 0.013266 -0.023557 0.207776 -1.124251 0.741605 5.802877
0.053000 0.670782 -0.192892 0.142654 0.012116 -0.022794 0.213621 -1.175186 0.785836 5.886725
0.054000 0.670793 -0.192914 0.142870 0.010915 -0.021985 0.219550 -1.226786 0.830730 5.969883
0.055000 0.670804 -0.192936 0.143093 0.009662 -0.021132 0.225561 -1.279027 0.876307 6.052311
0.056000 0.670813 -0.192957 0.143321 0.008357 -0.020233 0.231655 -1.331890 0.922586 6.133929
0.057000 0.670820 -0.192977 0.143556 0.006999 -0.019287 0.237829 -1.385353 0.969566 6.214626
0.058000 0.670827 -0.192995 0.143797 0.005586 -0.018294 0.244084 -1.439372 1.017216 6.294336
0.059000 0.670832 -0.193013 0.144044 0.004120 -0.017253 0.250418 -1.493884 1.065486 6.373028
0.060000 0.670835 -0.193030 0.144298 0.002599 -0.016163 0.256830 -1.548842 1.114340 6.450625
0.061000 0.670837 -0.193045 0.144558 0.001022 -0.015024 0.263319 -1.604231 1.163765 6.527013
0.062000 0.670837 -0.193060 0.144825 -0.000610 -0.013835 0.269884 -1.660048 1.213746 6.602126
0.063000 0.670836 -0.193073 0.145098 -0.002298 -0.012596 0.276523 -1.716292 1.264264 6.675956
0.064000 0.670832 -0.193085 0.145378 -0.004042 -0.011307 0.283236 -1.772951 1.315307 6.748485
0.065000 0.670827 -0.193096 0.145664 -0.005844 -0.009966 0.290020 -1.829996 1.366876 6.819691
0.066000 0.670821 -0.193105 0.145958 -0.007702 -0.008573 0.296875 -1.887389 1.418980 6.889543
0.067000 0.670812 -0.193113 0.146258 -0.009619 -0.007128 0.303799 -1.945095 1.471625 6.957951
0.068000 0.670801 -0.193119 0.146565 -0.011593 -0.005630 0.310791 -2.003086 1.524810 7.024796
0.069000 0.670789 -0.193124 0.146880 -0.013625 -0.004078 0.317849 -2.061324 1.578515 7.090045
0.070000 0.670774 -0.193127 0.147201 -0.015715 -0.002473 0.324971 -2.119762 1.632711 7.153732
0.071000 0.670757 -0.193129 0.147530 -0.017864 -0.000813 0.332156 -2.178360 1.687372 7.215816
0.072000 0.670738 -0.193129 0.147865 -0.020072 0.000902 0.339403 -2.237079 1.742482 7.276182
0.073000 0.670717 -0.193127 0.148208 -0.022338 0.002672 0.346709 -2.295875 1.798011 7.334772
0.074000 0.670694 -0.193124 0.148559 -0.024664 0.004498 0.354072 -2.354694 1.853925 7.391594
0.075000 0.670668 -0.193118 0.148917 -0.027048 0.006380 0.361492 -2.413486 1.910193 7.446576
0.076000 0.670640 -0.193111 0.149282 -0.029491 0.008318 0.368966 -2.472216 1.966788 7.499576
0.077000 0.670609 -0.193102 0.149654 -0.031992 0.010314 0.376491 -2.530856 2.023677 7.550508
0.078000 0.670576 -0.193090 0.150035 -0.034552 0.012366 0.384067 -2.589375 2.080816 7.599349
0.079000 0.670540 -0.193077 0.150423 -0.037171 0.014475 0.391690 -2.647743 2.138170 7.646008
0.080000 0.670501 -0.193061 0.150818 -0.039848 0.016642 0.399359 -2.705934 2.195715 7.690350
0.081000 0.670460 -0.193044 0.151221 -0.042583 0.018867 0.407070 -2.763937 2.253434 7.732365
0.082000 0.670416 -0.193024 0.151632 -0.045376 0.021149 0.414823 -2.821745 2.311310 7.772136
0.083000 0.670369 -0.193001 0.152051 -0.048226 0.023489 0.422615 -2.879341 2.369321 7.809642
0.084000 0.670320 -0.192977 0.152477 -0.051134 0.025888 0.430443 -2.936702 2.427436 7.844762
0.085000 0.670267 -0.192950 0.152912 -0.054100 0.028344 0.438304 -2.993806 2.485604 7.877460
0.086000 0.670212 -0.192920 0.153354 -0.057122 0.030859 0.446197 -3.050636 2.543767 7.907789
0.087000 0.670153 -0.192888 0.153804 -0.060201 0.033432 0.454120 -3.107164 2.601869 7.935696
0.088000 0.670091 -0.192853 0.154262 -0.063336 0.036063 0.462069 -3.163354 2.659881 7.961018
0.089000 0.670026 -0.192816 0.154728 -0.066528 0.038752 0.470042 -3.219173 2.717792 7.983663
0.090000 0.669958 -0.192776 0.155202 -0.069775 0.041498 0.478036 -3.274591 2.775601 8.003621
0.091000 0.669887 -0.192733 0.155684 -0.073077 0.044303 0.486049 -3.329573 2.833295 8.020791
0.092000 0.669812 -0.192687 0.156174 -0.076434 0.047165 0.494078 -3.384077 2.890866 8.035031
0.093000 0.669734 -0.192638 0.156673 -0.079845 0.050084 0.502119 -3.438085 2.948319 8.046371
0.094000 0.669652 -0.192587 0.157179 -0.083310 0.053061 0.510171 -3.491589 3.005679 8.054999
0.095000 0.669567 -0.192532 0.157693 -0.086828 0.056096 0.518229 -3.544571 3.062955 8.061093
0.096000 0.669479 -0.192475 0.158215 -0.090399 0.059187 0.526293 -3.596995 3.120141 8.064802
0.097000 0.669386 -0.192414 0.158746 -0.094022 0.062336 0.534359 -3.648811 3.177217 8.066263
0.098000 0.669291 -0.192350 0.159284 -0.097697 0.065542 0.542425 -3.699960 3.234151 8.065446
0.099000 0.669191 -0.192283 0.159830 -0.101422 0.068804 0.550490 -3.750390 3.290903 8.062184
0.100000 0.669088 -0.192212 0.160385 -0.105198 0.072124 0.558550 -3.800080 3.347433 8.056407
0.101000 0.668981 -0.192139 0.160947 -0.109022 0.075499 0.566602 -3.849034 3.403706 8.048154
0.102000 0.668870 -0.192061 0.161518 -0.112896 0.078931 0.574646 -3.897228 3.459680 8.037351
0.103000 0.668755 -0.191981 0.162097 -0.116817 0.082419 0.582677 -3.944627 3.515308 8.023860
0.104000 0.668636 -0.191897 0.162683 -0.120785 0.085962 0.590694 -3.991225 3.570567 8.007758
0.105000 0.668513 -0.191809 0.163278 -0.124799 0.089560 0.598693 -4.037044 3.625440 7.989288
0.106000 0.668386 -0.191717 0.163881 -0.128859 0.093213 0.606672 -4.082071 3.679898 7.968521
0.107000 0.668256 -0.191622 0.164491 -0.132963 0.096920 0.614630 -4.126265 3.733891 7.945338
0.108000 0.668121 -0.191524 0.165110 -0.137112 0.100680 0.622563 -4.169607 3.787383 7.919746
0.109000 0.667981 -0.191421 0.165737 -0.141303 0.104494 0.630469 -4.212102 3.840344 7.891891
0.110000 0.667838 -0.191315 0.166371 -0.145536 0.108361 0.638347 -4.253722 3.892732 7.861756
0.111000 0.667690 -0.191204 0.167013 -0.149810 0.112280 0.646193 -4.294409 3.944505 7.829152
0.112000 0.667538 -0.191090 0.167663 -0.154125 0.116250 0.654005 -4.334129 3.995662 7.793999
0.113000 0.667382 -0.190972 0.168321 -0.158478 0.120271 0.661781 -4.372868 4.046225 7.756345
0.114000 0.667221 -0.190849 0.168987 -0.162870 0.124342 0.669518 -4.410587 4.096189 7.716107
0.115000 0.667056 -0.190723 0.169660 -0.167299 0.128463 0.677213 -4.447232 4.145517 7.673137
0.116000 0.666887 -0.190593 0.170341 -0.171765 0.132633 0.684864 -4.482802 4.194193 7.627550
0.117000 0.666713 -0.190458 0.171030 -0.176265 0.136852 0.692468 -4.517334 4.242226 7.579670
0.118000 0.666534 -0.190319 0.171726 -0.180799 0.141118 0.700023 -4.550824 4.289595 7.529607
0.119000 0.666351 -0.190176 0.172430 -0.185367 0.145431 0.707527 -4.583219 4.336245 7.477234
0.120000 0.666163 -0.190028 0.173141 -0.189966 0.149790 0.714978 -4.614503 4.382145 7.422550
0.121000 0.665971 -0.189876 0.173860 -0.194596 0.154195 0.722372 -4.644699 4.427288 7.365713
0.122000 0.665774 -0.189720 0.174586 -0.199255 0.158645 0.729709 -4.673780 4.471636 7.306702
0.123000 0.665573 -0.189559 0.175319 -0.203943 0.163139 0.736986 -4.701678 4.515141 7.245319
0.124000 0.665366 -0.189393 0.176060 -0.208659 0.167675 0.744200 -4.728360 4.557804 7.181530
0.125000 0.665155 -0.189223 0.176808 -0.213400 0.172254 0.751349 -4.753828 4.599669 7.115463
0.126000 0.664940 -0.189049 0.177563 -0.218166 0.176875 0.758431 -4.778045 4.640732 7.047081
0.127000 0.664719 -0.188870 0.178325 -0.222956 0.181536 0.765443 -4.800954 4.680948 6.976229
0.128000 0.664494 -0.188686 0.179094 -0.227768 0.186237 0.772383 -4.822579 4.720303 6.903025
0.129000 0.664263 -0.188497 0.179870 -0.232601 0.190976 0.779249 -4.843007 4.758823 6.827805
0.130000 0.664028 -0.188304 0.180652 -0.237454 0.195754 0.786039 -4.862256 4.796485 6.750679
0.131000 0.663789 -0.188106 0.181442 -0.242326 0.200569 0.792750 -4.880259 4.833214 6.671494
0.132000 0.663544 -0.187903 0.182238 -0.247215 0.205421 0.799382 -4.896976 4.868953 6.590249
0.133000 0.663294 -0.187695 0.183040 -0.252120 0.210307 0.805931 -4.912406 4.903676 6.507122
0.134000 0.663040 -0.187482 0.183850 -0.257040 0.215228 0.812396 -4.926500 4.937319 6.422086
0.135000 0.662780 -0.187264 0.184665 -0.261973 0.220182 0.818775 -4.939174 4.969810 6.334905
0.136000 0.662516 -0.187042 0.185487 -0.266918 0.225168 0.825066 -4.950414 5.001147 6.245495
0.137000 0.662246 -0.186814 0.186315 -0.271874 0.230184 0.831266 -4.960289 5.031399 6.153999
0.138000 0.661972 -0.186581 0.187150 -0.276838 0.235230 0.837374 -4.968878 5.060631 6.060639
0.139000 0.661693 -0.186344 0.187990 -0.281811 0.240305 0.843387 -4.976285 5.088900 5.965788
0.140000 0.661408 -0.186101 0.188836 -0.286791 0.245408 0.849305 -4.982627 5.116261 5.869892
0.141000 0.661119 -0.185853 0.189689 -0.291777 0.250538 0.855127 -4.987926 5.142694 5.773097
0.142000 0.660825 -0.185600 0.190547 -0.296767 0.255694 0.860852 -4.992124 5.168121 5.675245
0.143000 0.660525 -0.185341 0.191410 -0.301761 0.260874 0.866478 -4.995234 5.192513 5.576326
0.144000 0.660221 -0.185078 0.192280 -0.306757 0.266079 0.872004 -4.997337 5.215890 5.476518
0.145000 0.659912 -0.184809 0.193154 -0.311755 0.271306 0.877431 -4.998438 5.238218 5.375790
0.146000 0.659598 -0.184535 0.194034 -0.316754 0.276555 0.882756 -4.998458 5.259429 5.273901
0.147000 0.659278 -0.184256 0.194920 -0.321752 0.281825 0.887978 -4.997391 5.279550 5.170809
0.148000 0.658954 -0.183972 0.195810 -0.326749 0.287114 0.893097 -4.995299 5.298682 5.066671
0.149000 0.658625 -0.183682 0.196706 -0.331743 0.292422 0.898112 -4.992169 5.316847 4.961450
0.150000 0.658291 -0.183387 0.197607 -0.336733 0.297748 0.903020 -4.987925 5.333987 4.854966
0.151000 0.657951 -0.183086 0.198512 -0.341719 0.303090 0.907822 -4.982592 5.350113 4.747361
0.152000 0.657607 -0.182781 0.199422 -0.346699 0.308448 0.912515 -4.976280 5.365307 4.639045
0.153000 0.657258 -0.182469 0.200337 -0.351671 0.313821 0.917100 -4.969006 5.379567 4.530154
0.154000 0.656904 -0.182153 0.201256 -0.356637 0.319207 0.921575 -4.960685 5.392792 4.420511
0.155000 0.656545 -0.181831 0.202180 -0.361593 0.324606 0.925941 -4.951299 5.404924 4.310100
0.156000 0.656181 -0.181504 0.203108 -0.366539 0.330017 0.930196 -4.940908 5.415954 4.199109
0.157000 0.655812 -0.181171 0.204041 -0.371475 0.335438 0.934339 -4.929483 5.425817 4.087502
0.158000 0.655438 -0.180833 0.204977 -0.376398 0.340869 0.938371 -4.916922 5.434423 3.975013
0.159000 0.655059 -0.180489 0.205917 -0.381308 0.346307 0.942289 -4.903210 5.441815 3.861574
0.160000 0.654675 -0.180140 0.206862 -0.386205 0.351752 0.946094 -4.888421 5.448134 3.747323
0.161000 0.654287 -0.179786 0.207810 -0.391085 0.357203 0.949784 -4.872538 5.453421 3.632196
0.162000 0.653893 -0.179426 0.208761 -0.395950 0.362659 0.953358 -4.855468 5.457616 3.515983
0.163000 0.653495 -0.179060 0.209716 -0.400796 0.368119 0.956816 -4.837230 5.460748 3.398804
0.164000 0.653091 -0.178690 0.210675 -0.405624 0.373581 0.960156 -4.817948 5.462937 3.281054
0.165000 0.652683 -0.178313 0.211637 -0.410432 0.379044 0.963378 -4.797637 5.464198 3.162849
0.166000 0.652271 -0.177931 0.212602 -0.415219 0.384509 0.966481 -4.776217 5.464417 3.043986
0.167000 0.651853 -0.177544 0.213570 -0.419985 0.389973 0.969466 -4.753717 5.463529 2.924432
0.168000 0.651431 -0.177152 0.214541 -0.424727 0.395436 0.972330 -4.730276 5.461528 2.804366
0.169000 0.651003 -0.176753 0.215514 -0.429445 0.400896 0.975075 -4.705914 5.458343 2.683739
0.170000 0.650572 -0.176350 0.216491 -0.434139 0.406353 0.977698 -4.680533 5.453870 2.562275
0.171000 0.650135 -0.175941 0.217470 -0.438806 0.411804 0.980199 -4.654120 5.448168 2.439920
0.172000 0.649694 -0.175526 0.218451 -0.443447 0.417249 0.982578 -4.626790 5.441445 2.316910
0.173000 0.649248 -0.175106 0.219435 -0.448060 0.422687 0.984833 -4.598667 5.433892 2.193539
0.174000 0.648798 -0.174681 0.220421 -0.452644 0.428117 0.986965 -4.569904 5.425681 2.070203
0.175000 0.648343 -0.174250 0.221409 -0.457200 0.433538 0.988973 -4.540666 5.416971 1.947358
0.176000 0.647884 -0.173814 0.222399 -0.461725 0.438951 0.990859 -4.510973 5.407774 1.825121
0.177000 0.647420 -0.173372 0.223390 -0.466221 0.444354 0.992624 -4.480734 5.397971 1.703291
0.178000 0.646951 -0.172925 0.224384 -0.470687 0.449747 0.994266 -4.449986 5.387515 1.581864
0.179000 0.646478 -0.172473 0.225379 -0.475121 0.455129 0.995787 -4.418883 5.376445 1.461059
0.180000 0.646001 -0.172015 0.226376 -0.479525 0.460500 0.997188 -4.387453 5.364711 1.340859
0.181000 0.645519 -0.171552 0.227373 -0.483896 0.465858 0.998469 -4.355586 5.352203 1.220995
0.182000 0.645033 -0.171083 0.228372 -0.488236 0.471204 0.999630 -4.323279 5.338977 1.101423
0.183000 0.644543 -0.170609 0.229373 -0.492543 0.476536 1.000672 -4.290635 5.325223 0.982322
0.184000 0.644048 -0.170130 0.230374 -0.496817 0.481854 1.001595 -4.257642 5.310993 0.863653
0.185000 0.643549 -0.169645 0.231376 -0.501058 0.487158 1.002399 -4.224185 5.296200 0.745185
0.186000 0.643046 -0.169156 0.232379 -0.505266 0.492447 1.003085 -4.190291 5.280860 0.626992
0.187000 0.642538 -0.168661 0.233382 -0.509439 0.497720 1.003653 -4.156116 5.265110 0.509423
0.188000 0.642027 -0.168160 0.234386 -0.513578 0.502977 1.004104 -4.121681 5.248951 0.392554
0.189000 0.641511 -0.167655 0.235390 -0.517682 0.508218 1.004438 -4.086876 5.232245 0.276162
0.190000 0.640992 -0.167144 0.236395 -0.521752 0.513442 1.004656 -4.051714 5.214936 0.160227
0.191000 0.640468 -0.166628 0.237400 -0.525786 0.518648 1.004759 -4.016335 5.197070 0.044959
0.192000 0.639940 -0.166106 0.238404 -0.529784 0.523836 1.004746 -3.980746 5.178589 -0.069670
0.193000 0.639408 -0.165580 0.239409 -0.533747 0.529005 1.004619 -3.944820 5.159361 -0.183936
0.194000 0.638873 -0.165048 0.240414 -0.537674 0.534154 1.004378 -3.908555 5.139436 -0.297892
0.195000 0.638333 -0.164512 0.241418 -0.541564 0.539284 1.004024 -3.872075 5.119011 -0.411360
0.196000 0.637789 -0.163970 0.242422 -0.545418 0.544392 1.003556 -3.835373 5.098132 -0.524388
0.197000 0.637242 -0.163423 0.243425 -0.549235 0.549480 1.002975 -3.798317 5.076701 -0.637219
0.198000 0.636691 -0.162871 0.244428 -0.553015 0.554546 1.002281 -3.760915 5.054755 -0.749806
0.199000 0.636136 -0.162314 0.245429 -0.556757 0.559590 1.001475 -3.723310 5.032470 -0.861833
0.200000 0.635577 -0.161752 0.246430 -0.560461 0.564611 1.000558 -3.685508 5.009868 -0.973249
0.201000 0.635015 -0.161185 0.247431 -0.564128 0.569609 0.999529 -3.647381 4.986788 -1.084284
0.202000 0.634449 -0.160613 0.248430 -0.567756 0.574584 0.998389 -3.608951 4.963148 -1.194957
0.203000 0.633880 -0.160035 0.249427 -0.571346 0.579536 0.997139 -3.570381 4.938967 -1.305050
0.204000 0.633306 -0.159453 0.250424 -0.574897 0.584462 0.995779 -3.531686 4.914157 -1.414585
0.205000 0.632730 -0.158867 0.251419 -0.578409 0.589364 0.994310 -3.492736 4.888570 -1.523818
0.206000 0.632150 -0.158275 0.252412 -0.581882 0.594239 0.992731 -3.453541 4.862275 -1.632767
0.207000 0.631566 -0.157678 0.253404 -0.585316 0.599088 0.991044 -3.414249 4.835510 -1.741211
0.208000 0.630979 -0.157077 0.254395 -0.588711 0.603910 0.989249 -3.374860 4.808343 -1.849163
0.209000 0.630389 -0.156470 0.255383 -0.592066 0.608705 0.987346 -3.335221 4.780657 -1.956862
0.210000 0.629795 -0.155859 0.256369 -0.595381 0.613472 0.985335 -3.295302 4.752464 -2.064296
0.211000 0.629198 -0.155243 0.257354 -0.598656 0.618210 0.983217 -3.255242 4.723946 -2.171144
0.212000 0.628598 -0.154623 0.258336 -0.601892 0.622920 0.980993 -3.215193 4.695259 -2.277100
0.213000 0.627994 -0.153997 0.259315 -0.605087 0.627601 0.978663 -3.175336 4.666507 -2.381889
0.214000 0.627387 -0.153367 0.260293 -0.608242 0.632253 0.976229 -3.135864 4.637764 -2.485247
0.215000 0.626778 -0.152733 0.261268 -0.611359 0.636876 0.973692 -3.096785 4.608942 -2.587201
0.216000 0.626165 -0.152094 0.262240 -0.614436 0.641471 0.971055 -3.057953 4.579872 -2.687997
0.217000 0.625549 -0.151450 0.263210 -0.617474 0.646036 0.968316 -3.019368 4.550601 -2.787633
0.218000 0.624930 -0.150802 0.264177 -0.620475 0.650572 0.965479 -2.981179 4.521352 -2.885865
0.219000 0.624308 -0.150149 0.265141 -0.623437 0.655079 0.962545 -2.943380 4.492171 -2.982683
0.220000 0.623683 -0.149492 0.266102 -0.626361 0.659556 0.959514 -2.905813 4.462922 -3.078323
0.221000 0.623055 -0.148830 0.267060 -0.629248 0.664004 0.956388 -2.868469 4.433618 -3.172797
0.222000 0.622424 -0.148164 0.268015 -0.632098 0.668423 0.953168 -2.831483 4.404430 -3.265881
0.223000 0.621791 -0.147493 0.268966 -0.634911 0.672813 0.949856 -2.794840 4.375358 -3.357584
0.224000 0.621155 -0.146818 0.269915 -0.637688 0.677174 0.946453 -2.758383 4.346205 -3.448149
0.225000 0.620515 -0.146139 0.270859 -0.640428 0.681506 0.942960 -2.722115 4.316891 -3.537600
0.226000 0.619874 -0.145455 0.271800 -0.643132 0.685808 0.939378 -2.686195 4.287468 -3.625737
0.227000 0.619229 -0.144767 0.272738 -0.645801 0.690081 0.935709 -2.650622 4.257852 -3.712579
0.228000 0.618582 -0.144075 0.273672 -0.648433 0.694324 0.931953 -2.615239 4.227872 -3.798367
0.229000 0.617932 -0.143378 0.274602 -0.651031 0.698536 0.928112 -2.580039 4.197603 -3.883113
0.230000 0.617280 -0.142678 0.275528 -0.653594 0.702719 0.924187 -2.545172 4.167319 -3.966602
0.231000 0.616625 -0.141973 0.276450 -0.656121 0.706871 0.920179 -2.510627 4.137094 -4.048842
0.232000 0.615968 -0.141264 0.277368 -0.658615 0.710993 0.916089 -2.476234 4.106793 -4.130067
0.233000 0.615308 -0.140551 0.278283 -0.661074 0.715085 0.911918 -2.441980 4.076435 -4.210300
0.234000 0.614646 -0.139834 0.279192 -0.663499 0.719146 0.907668 -2.408003 4.046208 -4.289345
0.235000 0.613981 -0.139113 0.280098 -0.665890 0.723177 0.903340 -2.374285 4.016116 -4.367218
0.236000 0.613314 -0.138387 0.280999 -0.668247 0.727178 0.898934 -2.340657 3.985956 -4.444148
0.237000 0.612644 -0.137658 0.281896 -0.670571 0.731149 0.894451 -2.307121 3.955652 -4.520144
0.238000 0.611973 -0.136925 0.282788 -0.672862 0.735089 0.889894 -2.273841 3.925275 -4.594991
0.239000 0.611299 -0.136188 0.283675 -0.675119 0.738999 0.885262 -2.240813 3.894746 -4.668690
0.240000 0.610622 -0.135447 0.284558 -0.677343 0.742879 0.880556 -2.207871 3.863865 -4.741464
0.241000 0.609944 -0.134702 0.285437 -0.679535 0.746727 0.875779 -2.175009 3.832664 -4.813328
0.242000 0.609263 -0.133954 0.286310 -0.681693 0.750544 0.870930 -2.142382 3.801369 -4.884084
0.243000 0.608581 -0.133201 0.287178 -0.683819 0.754330 0.866010 -2.109978 3.770010 -4.953743
0.244000 0.607896 -0.132445 0.288042 -0.685913 0.758084 0.861022 -2.077622 3.738414 -5.022529
0.245000 0.607209 -0.131685 0.288901 -0.687975 0.761807 0.855965 -2.045299 3.706580 -5.090464
0.246000 0.606520 -0.130921 0.289754 -0.690004 0.765497 0.850841 -2.013155 3.674686 -5.157367
0.247000 0.605829 -0.130154 0.290602 -0.692001 0.769156 0.845651 -1.981173 3.642717 -5.223254
0.248000 0.605136 -0.129383 0.291445 -0.693966 0.772783 0.840395 -1.949179 3.610445 -5.288351
0.249000 0.604441 -0.128608 0.292283 -0.695899 0.776377 0.835074 -1.917175 3.577777 -5.352688
0.250000 0.603744 -0.127830 0.293115 -0.697800 0.779938 0.829689 -1.885378 3.544826 -5.416046
0.251000 0.603045 -0.127049 0.293942 -0.699670 0.783467 0.824242 -1.854001 3.511762 -5.478203
0.252000 0.602345 -0.126263 0.294764 -0.701508 0.786962 0.818733 -1.823255 3.478859 -5.538928
0.253000 0.601642 -0.125475 0.295580 -0.703317 0.790424 0.813164 -1.793350 3.446445 -5.597988
0.254000 0.600938 -0.124682 0.296390 -0.705095 0.793855 0.807537 -1.764279 3.414591 -5.655390
0.255000 0.600232 -0.123887 0.297195 -0.706845 0.797254 0.801853 -1.735856 3.383138 -5.711342
0.256000 0.599524 -0.123088 0.297994 -0.708567 0.800621 0.796114 -1.708047 3.352101 -5.765867
0.257000 0.598815 -0.122286 0.298787 -0.710261 0.803958 0.790321 -1.680979 3.321690 -5.818790
0.258000 0.598104 -0.121480 0.299575 -0.711929 0.807264 0.784477 -1.654613 3.291904 -5.870127
0.259000 0.597391 -0.120671 0.300356 -0.713570 0.810542 0.778581 -1.628757 3.262520 -5.920095
0.260000 0.596677 -0.119859 0.301132 -0.715186 0.813789 0.772636 -1.603395 3.233462 -5.968745
0.261000 0.595961 -0.119044 0.301901 -0.716777 0.817009 0.766644 -1.578679 3.204822 -6.015948
0.262000 0.595243 -0.118225 0.302665 -0.718344 0.820199 0.760605 -1.554593 3.176521 -6.061748
0.263000 0.594524 -0.117403 0.303423 -0.719886 0.823362 0.754520 -1.530947 3.148342 -6.106358
0.264000 0.593803 -0.116578 0.304174 -0.721406 0.826496 0.748392 -1.507720 3.120320 -6.149810
0.265000 0.593081 -0.115750 0.304919 -0.722902 0.829602 0.742221 -1.485059 3.092703 -6.191952
0.266000 0.592358 -0.114919 0.305658 -0.724376 0.832681 0.736008 -1.462940 3.065527 -6.232803
0.267000 0.591632 -0.114085 0.306391 -0.725828 0.835733 0.729755 -1.441169 3.038602 -6.272552
0.268000 0.590906 -0.113248 0.307118 -0.727258 0.838758 0.723463 -1.419717 3.011935 -6.311207
0.269000 0.590178 -0.112407 0.307838 -0.728667 0.841757 0.717133 -1.398729 2.985729 -6.348592
0.270000 0.589449 -0.111564 0.308552 -0.730056 0.844730 0.710766 -1.378174 2.959976 -6.384707
0.271000 0.588718 -0.110718 0.309260 -0.731424 0.847677 0.704363 -1.357864 2.934436 -6.419749
0.272000 0.587986 -0.109869 0.309961 -0.732771 0.850599 0.697926 -1.337791 2.909022 -6.453776
0.273000 0.587252 -0.109017 0.310656 -0.734099 0.853495 0.691456 -1.318125 2.883827 -6.486689
0.274000 0.586518 -0.108162 0.311344 -0.735408 0.856366 0.684953 -1.298857 2.858762 -6.518540
0.275000 0.585781 -0.107304 0.312026 -0.736697 0.859213 0.678419 -1.279792 2.833595 -6.549518
0.276000 0.585044 -0.106443 0.312701 -0.737967 0.862034 0.671854 -1.260893 2.808354 -6.579637
0.277000 0.584306 -0.105580 0.313369 -0.739219 0.864829 0.665259 -1.242292 2.783286 -6.608740
0.278000 0.583566 -0.104714 0.314031 -0.740452 0.867600 0.658636 -1.223951 2.758419 -6.636829
0.279000 0.582825 -0.103845 0.314687 -0.741666 0.870346 0.651986 -1.205668 2.733551 -6.664079
0.280000 0.582082 -0.102973 0.315335 -0.742863 0.873067 0.645308 -1.187428 2.708680 -6.690527
0.281000 0.581339 -0.102099 0.315977 -0.744041 0.875764 0.638605 -1.169391 2.684011 -6.716058
0.282000 0.580594 -0.101221 0.316612 -0.745202 0.878435 0.631876 -1.151539 2.659528 -6.740700
0.283000 0.579849 -0.100342 0.317241 -0.746344 0.881083 0.625123 -1.133677 2.634979 -6.764635
0.284000 0.579102 -0.099459 0.317863 -0.747469 0.883705 0.618347 -1.115784 2.610274 -6.787901
0.285000 0.578354 -0.098574 0.318478 -0.748576 0.886303 0.611547 -1.098018 2.585503 -6.810390
0.286000 0.577604 -0.097687 0.319086 -0.749665 0.888876 0.604726 -1.080353 2.560575 -6.832134
0.287000 0.576854 -0.096796 0.319687 -0.750737 0.891424 0.597883 -1.062581 2.535246 -6.853305
0.288000 0.576103 -0.095904 0.320282 -0.751790 0.893947 0.591019 -1.044653 2.509538 -6.873945
0.289000 0.575351 -0.095009 0.320869 -0.752826 0.896443 0.584135 -1.026685 2.483703 -6.893954
0.290000 0.574597 -0.094111 0.321450 -0.753844 0.898914 0.577231 -1.008626 2.457766 -6.913359
0.291000 0.573843 -0.093211 0.322024 -0.754843 0.901359 0.570308 -0.990262 2.431525 -6.932319
0.292000 0.573088 -0.092308 0.322590 -0.755824 0.903777 0.563367 -0.971565 2.405000 -6.950850
0.293000 0.572331 -0.091403 0.323150 -0.756786 0.906169 0.556407 -0.952724 2.378481 -6.968793
0.294000 0.571574 -0.090496 0.323703 -0.757730 0.908534 0.549429 -0.933932 2.352213 -6.986001
0.295000 0.570816 -0.089586 0.324249 -0.758654 0.910873 0.542435 -0.915379 2.326362 -7.002350
0.296000 0.570057 -0.088674 0.324788 -0.759560 0.913187 0.535424 -0.897252 2.301050 -7.017725
0.297000 0.569297 -0.087760 0.325320 -0.760449 0.915475 0.528399 -0.879521 2.276161 -7.032161
0.298000 0.568536 -0.086843 0.325845 -0.761319 0.917739 0.521360 -0.861973 2.251446 -7.045811
0.299000 0.567774 -0.085924 0.326363 -0.762173 0.919978 0.514308 -0.844576 2.226953 -7.058696
0.300000 0.567012 -0.085003 0.326874 -0.763009 0.922193 0.507243 -0.827470 2.202975 -7.070709
0.301000 0.566248 -0.084080 0.327377 -0.763828 0.924384 0.500166 -0.810620 2.179562 -7.081862
0.302000 0.565484 -0.083154 0.327874 -0.764630 0.926552 0.493079 -0.793824 2.156496 -7.092298
0.303000 0.564719 -0.082227 0.328363 -0.765415 0.928697 0.485982 -0.777070 2.133753 -7.102063
0.304000 0.563953 -0.081297 0.328846 -0.766184 0.930820 0.478875 -0.760529 2.111514 -7.111091
0.305000 0.563186 -0.080365 0.329321 -0.766936 0.932920 0.471759 -0.744187 2.089740 -7.119416
0.306000 0.562419 -0.079431 0.329789 -0.767672 0.934999 0.464636 -0.727839 2.068144 -7.127176
0.307000 0.561651 -0.078495 0.330250 -0.768392 0.937057 0.457505 -0.711446 2.046610 -7.134391
0.308000 0.560882 -0.077557 0.330704 -0.769095 0.939092 0.450367 -0.695142 2.025212 -7.140966
0.309000 0.560113 -0.076617 0.331151 -0.769782 0.941107 0.443223 -0.678886 2.003835 -7.146911
0.310000 0.559343 -0.075675 0.331591 -0.770453 0.943100 0.436073 -0.662458 1.982228 -7.152346
0.311000 0.558572 -0.074731 0.332023 -0.771107 0.945071 0.428919 -0.645814 1.960438 -7.157288
0.312000 0.557801 -0.073785 0.332449 -0.771745 0.947021 0.421759 -0.629087 1.938769 -7.161649
0.313000 0.557029 -0.072837 0.332867 -0.772365 0.948949 0.414595 -0.612235 1.917275 -7.165439
0.314000 0.556256 -0.071887 0.333278 -0.772969 0.950856 0.407428 -0.595044 1.895747 -7.168769
0.315000 0.555483 -0.070935 0.333682 -0.773555 0.952740 0.400258 -0.577496 1.874186 -7.171656
0.316000 0.554709 -0.069981 0.334078 -0.774124 0.954604 0.393085 -0.559754 1.852821 -7.174018
0.317000 0.553934 -0.069026 0.334468 -0.774675 0.956446 0.385910 -0.541798 1.831639 -7.175865
0.318000 0.553159 -0.068068 0.334850 -0.775208 0.958267 0.378733 -0.523425 1.810363 -7.177311
0.319000 0.552384 -0.067109 0.335225 -0.775722 0.960067 0.371555 -0.504613 1.788883 -7.178399
0.320000 0.551608 -0.066148 0.335593 -0.776217 0.961845 0.364376 -0.485525 1.767283 -7.179086
0.321000 0.550831 -0.065186 0.335954 -0.776693 0.963601 0.357197 -0.466137 1.745452 -7.179404
0.322000 0.550055 -0.064221 0.336308 -0.777149 0.965336 0.350017 -0.446233 1.723127 -7.179449
0.323000 0.549277 -0.063255 0.336654 -0.777585 0.967048 0.342838 -0.425765 1.700335 -7.179214
0.324000 0.548499 -0.062287 0.336993 -0.778001 0.968737 0.335659 -0.404859 1.677359 -7.178594
0.325000 0.547721 -0.061317 0.337325 -0.778395 0.970402 0.328481 -0.383467 1.654231 -7.177571
0.326000 0.546943 -0.060346 0.337650 -0.778768 0.972045 0.321304 -0.361381 1.630721 -7.176222
0.327000 0.546164 -0.059373 0.337968 -0.779118 0.973664 0.314128 -0.338601 1.606809 -7.174562
0.328000 0.545384 -0.058399 0.338279 -0.779445 0.975259 0.306955 -0.315366 1.582753 -7.172510
0.329000 0.544605 -0.057423 0.338582 -0.779749 0.976829 0.299783 -0.291904 1.558766 -7.169986
0.330000 0.543825 -0.056445 0.338878 -0.780029 0.978376 0.292615 -0.268431 1.534982 -7.166918
0.331000 0.543045 -0.055466 0.339167 -0.780285 0.979899 0.285449 -0.245151 1.511493 -7.163236
0.332000 0.542264 -0.054485 0.339449 -0.780519 0.981399 0.278288 -0.222037 1.488148 -7.158951
0.333000 0.541484 -0.053503 0.339724 -0.780730 0.982876 0.271132 -0.198869 1.464674 -7.154133
0.334000 0.540703 -0.052520 0.339991 -0.780917 0.984328 0.263980 -0.175594 1.441134 -7.148778
0.335000 0.539922 -0.051535 0.340252 -0.781081 0.985758 0.256834 -0.152337 1.417859 -7.142806
0.336000 0.539141 -0.050548 0.340505 -0.781221 0.987164 0.249694 -0.129045 1.394919 -7.136203
0.337000 0.538359 -0.049560 0.340751 -0.781339 0.988548 0.242562 -0.105509 1.372096 -7.129033
0.338000 0.537578 -0.048571 0.340990 -0.781432 0.989908 0.235436 -0.081725 1.349385 -7.121314
0.339000 0.536797 -0.047580 0.341222 -0.781502 0.991246 0.228319 -0.057883 1.327012 -7.113006
0.340000 0.536015 -0.046589 0.341447 -0.781548 0.992562 0.221210 -0.033982 1.304953 -7.104122
0.341000 0.535233 -0.045595 0.341664 -0.781570 0.993856 0.214111 -0.009820 1.282907 -7.094725
0.342000 0.534452 -0.044601 0.341875 -0.781568 0.995128 0.207021 0.014628 1.260728 -7.084836
0.343000 0.533670 -0.043605 0.342078 -0.781541 0.996378 0.199941 0.039205 1.238468 -7.074423
0.344000 0.532889 -0.042608 0.342275 -0.781489 0.997605 0.192872 0.063940 1.215986 -7.063493
0.345000 0.532107 -0.041610 0.342464 -0.781413 0.998810 0.185814 0.089043 1.193004 -7.052094
0.346000 0.531326 -0.040610 0.342646 -0.781311 0.999991 0.178768 0.114540 1.169568 -7.040221
0.347000 0.530545 -0.039610 0.342822 -0.781184 1.001149 0.171734 0.140277 1.145997 -7.027814
0.348000 0.529764 -0.038608 0.342990 -0.781031 1.002283 0.164712 0.166279 1.122345 -7.014856
0.349000 0.528983 -0.037605 0.343151 -0.780851 1.003394 0.157704 0.192758 1.098392 -7.001390
0.350000 0.528202 -0.036601 0.343305 -0.780645 1.004480 0.150709 0.219739 1.074141 -6.987432
0.351000 0.527421 -0.035596 0.343453 -0.780412 1.005542 0.143729 0.247067 1.049839 -6.972964
0.352000 0.526641 -0.034590 0.343593 -0.780151 1.006580 0.136763 0.274766 1.025474 -6.957994
0.353000 0.525861 -0.033583 0.343726 -0.779862 1.007593 0.129813 0.303048 1.000740 -6.942568
0.354000 0.525081 -0.032575 0.343852 -0.779545 1.008581 0.122878 0.331938 0.975481 -6.926704
0.355000 0.524302 -0.031566 0.343972 -0.779199 1.009544 0.115960 0.361278 0.949734 -6.910390
0.356000 0.523523 -0.030556 0.344084 -0.778823 1.010481 0.109058 0.391094 0.923348 -6.893633
0.357000 0.522744 -0.029545 0.344190 -0.778416 1.011391 0.102172 0.421594 0.896041 -6.876461
0.358000 0.521966 -0.028533 0.344289 -0.777979 1.012273 0.095305 0.452802 0.867875 -6.858869
0.359000 0.521188 -0.027521 0.344381 -0.777511 1.013126 0.088455 0.484560 0.839187 -6.840817
0.360000 0.520411 -0.026507 0.344466 -0.777010 1.013951 0.081623 0.516891 0.810047 -6.822289
0.361000 0.519634 -0.025493 0.344544 -0.776477 1.014746 0.074810 0.550001 0.780219 -6.803307
0.362000 0.518858 -0.024478 0.344615 -0.775910 1.015511 0.068016 0.583913 0.749675 -6.783889
0.363000 0.518083 -0.023462 0.344680 -0.775309 1.016246 0.061242 0.618419 0.718667 -6.764036
0.364000 0.517308 -0.022445 0.344738 -0.774673 1.016949 0.054488 0.653299 0.687415 -6.743749
0.365000 0.516533 -0.021428 0.344789 -0.774003 1.017621 0.047755 0.688321 0.656074 -6.723039
0.366000 0.515760 -0.020410 0.344833 -0.773297 1.018261 0.041042 0.723240 0.624766 -6.701918
0.367000 0.514987 -0.019391 0.344871 -0.772556 1.018870 0.034351 0.758054 0.593357 -6.680400
0.368000 0.514214 -0.018372 0.344902 -0.771781 1.019448 0.027681 0.792965 0.561567 -6.658492
0.369000 0.513443 -0.017352 0.344926 -0.770970 1.019993 0.021034 0.828014 0.529450 -6.636170
0.370000 0.512672 -0.016332 0.344944 -0.770125 1.020507 0.014409 0.863069 0.497339 -6.613392
0.371000 0.511903 -0.015311 0.344955 -0.769244 1.020988 0.007807 0.898173 0.465295 -6.590126
0.372000 0.511134 -0.014290 0.344960 -0.768328 1.021437 0.001229 0.933533 0.433100 -6.566384
0.373000 0.510366 -0.013268 0.344958 -0.767377 1.021854 -0.005326 0.969169 0.400768 -6.542217
0.374000 0.509599 -0.012246 0.344949 -0.766390 1.022239 -0.011856 1.004909 0.368561 -6.517692
0.375000 0.508833 -0.011224 0.344934 -0.765367 1.022591 -0.018361 1.040768 0.336477 -6.492852
0.376000 0.508068 -0.010201 0.344912 -0.764308 1.022912 -0.024841 1.076941 0.304203 -6.467714
0.377000 0.507305 -0.009178 0.344884 -0.763213 1.023200 -0.031296 1.113439 0.271571 -6.442285
0.378000 0.506542 -0.008155 0.344850 -0.762081 1.023455 -0.037726 1.150088 0.238603 -6.416572
0.379000 0.505781 -0.007131 0.344809 -0.760913 1.023677 -0.044130 1.186900 0.205134 -6.390570
0.380000 0.505020 -0.006107 0.344761 -0.759708 1.023865 -0.050507 1.224075 0.170882 -6.364257
0.381000 0.504261 -0.005083 0.344708 -0.758465 1.024019 -0.056858 1.261646 0.135918 -6.337617
0.382000 0.503503 -0.004059 0.344648 -0.757184 1.024137 -0.063182 1.299470 0.100606 -6.310628
0.383000 0.502747 -0.003035 0.344581 -0.755866 1.024220 -0.069479 1.337574 0.065028 -6.283269
0.384000 0.501992 -0.002011 0.344509 -0.754509 1.024267 -0.075749 1.376157 0.028960 -6.255534
0.385000 0.501238 -0.000987 0.344430 -0.753114 1.024278 -0.081990 1.415222 -0.007608 -6.227482
0.386000 0.500485 0.000038 0.344345 -0.751679 1.024252 -0.088204 1.454585 -0.044453 -6.199206
0.387000 0.499734 0.001062 0.344253 -0.750204 1.024189 -0.094389 1.494246 -0.081602 -6.170757
0.388000 0.498985 0.002086 0.344156 -0.748690 1.024089 -0.100545 1.534385 -0.119382 -6.142139
0.389000 0.498237 0.003110 0.344052 -0.747136 1.023950 -0.106673 1.574998 -0.157963 -6.113368
0.390000 0.497491 0.004134 0.343943 -0.745540 1.023773 -0.112772 1.615897 -0.197325 -6.084477
0.391000 0.496746 0.005158 0.343827 -0.743904 1.023555 -0.118842 1.657076 -0.237632 -6.055467
0.392000 0.496003 0.006181 0.343705 -0.742226 1.023297 -0.124883 1.698720 -0.279168 -6.026298
0.393000 0.495261 0.007204 0.343577 -0.740506 1.022997 -0.130895 1.740845 -0.321860 -5.996934
0.394000 0.494522 0.008227 0.343443 -0.738744 1.022654 -0.136877 1.783289 -0.365344 -5.967351
0.395000 0.493784 0.009249 0.343303 -0.736940 1.022266 -0.142829 1.826066 -0.409534 -5.937508
0.396000 0.493048 0.010272 0.343157 -0.735092 1.021835 -0.148752 1.869365 -0.454643 -5.907372
0.397000 0.492314 0.011293 0.343006 -0.733201 1.021357 -0.154644 1.913197 -0.500655 -5.876982
0.398000 0.491582 0.012314 0.342848 -0.731266 1.020833 -0.160506 1.957348 -0.547254 -5.846439
0.399000 0.490851 0.013335 0.342685 -0.729286 1.020263 -0.166337 2.001604 -0.594177 -5.815830
0.400000 0.490123 0.014355 0.342515 -0.727263 1.019645 -0.172137 2.045749 -0.641250 -5.785220
0.401000 0.489397 0.015374 0.342340 -0.725195 1.018980 -0.177907 2.089565 -0.688351 -5.754659
0.402000 0.488673 0.016393 0.342160 -0.723084 1.018268 -0.183647 2.133053 -0.735616 -5.724138
0.403000 0.487951 0.017411 0.341973 -0.720929 1.017509 -0.189356 2.176401 -0.783325 -5.693594
0.404000 0.487231 0.018428 0.341781 -0.718731 1.016702 -0.195034 2.219629 -0.831421 -5.662982
0.405000 0.486513 0.019444 0.341583 -0.716490 1.015846 -0.200682 2.262589 -0.879571 -5.632286
0.406000 0.485798 0.020459 0.341380 -0.714206 1.014942 -0.206299 2.305300 -0.927708 -5.601456
0.407000 0.485085 0.021474 0.341170 -0.711879 1.013991 -0.211885 2.347950 -0.976046 -5.570448
0.408000 0.484374 0.022487 0.340956 -0.709510 1.012990 -0.217439 2.390554 -1.024564 -5.539321
0.409000 0.483666 0.023500 0.340736 -0.707098 1.011941 -0.222963 2.432954 -1.072992 -5.508205
0.410000 0.482960 0.024511 0.340510 -0.704644 1.010844 -0.228456 2.475161 -1.121321 -5.477155
0.411000 0.482256 0.025522 0.340279 -0.702148 1.009699 -0.233917 2.517354 -1.169843 -5.446135
0.412000 0.481556 0.026531 0.340042 -0.699609 1.008505 -0.239348 2.559537 -1.218689 -5.415139
0.413000 0.480857 0.027539 0.339800 -0.697029 1.007261 -0.244748 2.601543 -1.267789 -5.384209
0.414000 0.480161 0.028545 0.339553 -0.694406 1.005969 -0.250117 2.643374 -1.317270 -5.353326
0.415000 0.479468 0.029551 0.339300 -0.691742 1.004627 -0.255454 2.685197 -1.367409 -5.322401
0.416000 0.478778 0.030554 0.339042 -0.689036 1.003234 -0.260761 2.727008 -1.418164 -5.291380
0.417000 0.478090 0.031557 0.338778 -0.686288 1.001791 -0.266037 2.768630 -1.469223 -5.260248
0.418000 0.477405 0.032558 0.338510 -0.683498 1.000296 -0.271282 2.810057 -1.520530 -5.228949
0.419000 0.476723 0.033558 0.338236 -0.680668 0.998750 -0.276495 2.851466 -1.572296 -5.197415
0.420000 0.476044 0.034556 0.337957 -0.677795 0.997151 -0.281677 2.892894 -1.624487 -5.165695
0.421000 0.475368 0.035552 0.337672 -0.674882 0.995501 -0.286826 2.934177 -1.676765 -5.133944
0.422000 0.474694 0.036547 0.337383 -0.671927 0.993798 -0.291945 2.975134 -1.728843 -5.102292
0.423000 0.474024 0.037539 0.337088 -0.668932 0.992043 -0.297031 3.015549 -1.780520 -5.070835
0.424000 0.473356 0.038531 0.336789 -0.665896 0.990237 -0.302086 3.055186 -1.831649 -5.039645
0.425000 0.472692 0.039520 0.336484 -0.662821 0.988380 -0.307110 3.094019 -1.882342 -5.008701
0.426000 0.472031 0.040507 0.336175 -0.659708 0.986472 -0.312104 3.132207 -1.932870 -4.977887
0.427000 0.471373 0.041493 0.335860 -0.656557 0.984514 -0.317066 3.169765 -1.983198 -4.947124
0.428000 0.470718 0.042476 0.335541 -0.653368 0.982506 -0.321998 3.206552 -2.033030 -4.916377
0.429000 0.470066 0.043458 0.335216 -0.650144 0.980448 -0.326899 3.242584 -2.082319 -4.885564
0.430000 0.469417 0.044437 0.334887 -0.646883 0.978341 -0.331769 3.278036 -2.131278 -4.854604
0.431000 0.468772 0.045415 0.334553 -0.643588 0.976185 -0.336608 3.312940 -2.179880 -4.823571
0.432000 0.468130 0.046390 0.334213 -0.640257 0.973981 -0.341416 3.347177 -2.227854 -4.792649
0.433000 0.467492 0.047363 0.333870 -0.636893 0.971729 -0.346193 3.380773 -2.275179 -4.761910
0.434000 0.466856 0.048333 0.333521 -0.633496 0.969431 -0.350940 3.413891 -2.322121 -4.731283
0.435000 0.466225 0.049301 0.333168 -0.630065 0.967085 -0.355656 3.446527 -2.368773 -4.700735
0.436000 0.465596 0.050267 0.332810 -0.626603 0.964693 -0.360341 3.478513 -2.415025 -4.670295
0.437000 0.464971 0.051231 0.332447 -0.623108 0.962255 -0.364997 3.509839 -2.460968 -4.639911
0.438000 0.464350 0.052192 0.332080 -0.619583 0.959771 -0.369621 3.540656 -2.506856 -4.609446
0.439000 0.463732 0.053150 0.331708 -0.616027 0.957241 -0.374215 3.570967 -2.552656 -4.578814
0.440000 0.463118 0.054106 0.331331 -0.612441 0.954666 -0.378779 3.600628 -2.598078 -4.547992
0.441000 0.462507 0.055060 0.330950 -0.608826 0.952045 -0.383311 3.629642 -2.643076 -4.516899
0.442000 0.461900 0.056010 0.330565 -0.605182 0.949380 -0.387813 3.658175 -2.687856 -4.485437
0.443000 0.461297 0.056958 0.330175 -0.601510 0.946670 -0.392282 3.686273 -2.732390 -4.453682
0.444000 0.460697 0.057904 0.329780 -0.597809 0.943915 -0.396720 3.713806 -2.776361 -4.421853
0.445000 0.460101 0.058846 0.329381 -0.594082 0.941117 -0.401126 3.740624 -2.819493 -4.390132
0.446000 0.459509 0.059786 0.328978 -0.590328 0.938276 -0.405500 3.766542 -2.861582 -4.358635
0.447000 0.458921 0.060723 0.328570 -0.586549 0.935394 -0.409843 3.791357 -2.902465 -4.327441
0.448000 0.458336 0.061657 0.328158 -0.582745 0.932471 -0.414155 3.815047 -2.942231 -4.296501
0.449000 0.457755 0.062588 0.327742 -0.578919 0.929509 -0.418436 3.837753 -2.981139 -4.265660
0.450000 0.457178 0.063516 0.327321 -0.575070 0.926509 -0.422686 3.859493 -3.019178 -4.234813
0.451000 0.456605 0.064441 0.326897 -0.571200 0.923471 -0.426906 3.880151 -3.056096 -4.203925
0.452000 0.456036 0.065363 0.326468 -0.567310 0.920397 -0.431094 3.899743 -3.091873 -4.172896
0.453000 0.455470 0.066282 0.326034 -0.563400 0.917287 -0.435252 3.918437 -3.126722 -4.141612
0.454000 0.454909 0.067197 0.325597 -0.559473 0.914143 -0.439378 3.936291 -3.160641 -4.110155
0.455000 0.454352 0.068110 0.325156 -0.555528 0.910966 -0.443472 3.953240 -3.193399 -4.078745
0.456000 0.453798 0.069019 0.324710 -0.551566 0.907756 -0.447535 3.969334 -3.224995 -4.047460
0.457000 0.453248 0.069925 0.324261 -0.547589 0.904516 -0.451567 3.984713 -3.255671 -4.016202
0.458000 0.452703 0.070828 0.323807 -0.543597 0.901245 -0.455567 3.999348 -3.285490 -3.984922
0.459000 0.452161 0.071728 0.323349 -0.539590 0.897945 -0.459537 4.013056 -3.314312 -3.953653
0.460000 0.451624 0.072624 0.322888 -0.535571 0.894616 -0.463475 4.025799 -3.342195 -3.922329
0.461000 0.451090 0.073517 0.322422 -0.531539 0.891261 -0.467381 4.037703 -3.369392 -3.890776
0.462000 0.450561 0.074407 0.321953 -0.527495 0.887878 -0.471256 4.048794 -3.395932 -3.858894
0.463000 0.450035 0.075293 0.321480 -0.523441 0.884469 -0.475099 4.058949 -3.421574 -3.826705
0.464000 0.449514 0.076176 0.321003 -0.519377 0.881035 -0.478910 4.068058 -3.446075 -3.794292
0.465000 0.448996 0.077055 0.320522 -0.515305 0.877577 -0.482688 4.076036 -3.469191 -3.761859
0.466000 0.448483 0.077931 0.320038 -0.511225 0.874096 -0.486433 4.082815 -3.490670 -3.729674
0.467000 0.447974 0.078803 0.319549 -0.507139 0.870595 -0.490147 4.088454 -3.510527 -3.697825
0.468000 0.447469 0.079672 0.319057 -0.503048 0.867075 -0.493829 4.093092 -3.529001 -3.666216
0.469000 0.446968 0.080537 0.318562 -0.498953 0.863537 -0.497480 4.096710 -3.546145 -3.634809
0.470000 0.446471 0.081399 0.318062 -0.494855 0.859983 -0.501099 4.099150 -3.561817 -3.603667
0.471000 0.445978 0.082257 0.317559 -0.490755 0.856414 -0.504687 4.100385 -3.576067 -3.572734
0.472000 0.445489 0.083112 0.317053 -0.486654 0.852831 -0.508244 4.100538 -3.589130 -3.541826
0.473000 0.445005 0.083963 0.316543 -0.482554 0.849235 -0.511771 4.099645 -3.601023 -3.510833
0.474000 0.444524 0.084810 0.316029 -0.478455 0.845629 -0.515266 4.097635 -3.611558 -3.479736
0.475000 0.444048 0.085654 0.315512 -0.474359 0.842012 -0.518730 4.094542 -3.620744 -3.448427
0.476000 0.443576 0.086494 0.314992 -0.470266 0.838387 -0.522163 4.090514 -3.628804 -3.416771
0.477000 0.443107 0.087331 0.314468 -0.466178 0.834755 -0.525564 4.085602 -3.635765 -3.384844
0.478000 0.442643 0.088164 0.313941 -0.462095 0.831116 -0.528932 4.079753 -3.641456 -3.352884
0.479000 0.442183 0.088993 0.313410 -0.458018 0.827472 -0.532269 4.073010 -3.645904 -3.320969
0.480000 0.441727 0.089819 0.312876 -0.453949 0.823824 -0.535574 4.065504 -3.649334 -3.288990
0.481000 0.441275 0.090641 0.312339 -0.449887 0.820173 -0.538847 4.057247 -3.651787 -3.256923
0.482000 0.440827 0.091459 0.311799 -0.445834 0.816520 -0.542088 4.048134 -3.653114 -3.224856
0.483000 0.440384 0.092274 0.311255 -0.441791 0.812867 -0.545297 4.038170 -3.653353 -3.192748
0.484000 0.439944 0.093085 0.310708 -0.437758 0.809214 -0.548474 4.027471 -3.652735 -3.160416
0.485000 0.439508 0.093892 0.310158 -0.433736 0.805561 -0.551618 4.016055 -3.651315 -3.127767
0.486000 0.439076 0.094696 0.309605 -0.429726 0.801911 -0.554729 4.003837 -3.648964 -3.094807
0.487000 0.438649 0.095496 0.309048 -0.425728 0.798263 -0.557807 3.990834 -3.645728 -3.061445
0.488000 0.438225 0.096293 0.308489 -0.421744 0.794619 -0.560852 3.977178 -3.641838 -3.027536
0.489000 0.437805 0.097085 0.307927 -0.417774 0.790980 -0.563863 3.962923 -3.637336 -2.993149
0.490000 0.437389 0.097874 0.307361 -0.413818 0.787345 -0.566838 3.948037 -3.632075 -2.958518
0.491000 0.436977 0.098660 0.306793 -0.409878 0.783716 -0.569780 3.932571 -3.626094 -2.923709
0.492000 0.436570 0.099442 0.306222 -0.405953 0.780093 -0.572686 3.916650 -3.619616 -2.888599
0.493000 0.436166 0.100220 0.305648 -0.402044 0.776476 -0.575557 3.900293 -3.612695 -2.853153
0.494000 0.435765 0.100995 0.305071 -0.398152 0.772867 -0.578392 3.883395 -3.605163 -2.817487
0.495000 0.435369 0.101766 0.304491 -0.394278 0.769266 -0.581192 3.865856 -3.596859 -2.781697
0.496000 0.434977 0.102533 0.303908 -0.390421 0.765673 -0.583956 3.847590 -3.587629 -2.745844
0.497000 0.434588 0.103297 0.303323 -0.386582 0.762091 -0.586683 3.828511 -3.577329 -2.709970
0.498000 0.434204 0.104058 0.302735 -0.382764 0.758519 -0.589375 3.808650 -3.566020 -2.673982
0.499000 0.433823 0.104814 0.302144 -0.378965 0.754959 -0.592031 3.788135 -3.553925 -2.637734
0.500000 0.433446 0.105567 0.301551 -0.375187 0.751411 -0.594651 3.767035 -3.541074 -2.601318
0.501000 0.433073 0.106317 0.300955 -0.371431 0.747877 -0.597234 3.745345 -3.527319 -2.565004
0.502000 0.432703 0.107063 0.300356 -0.367697 0.744356 -0.599781 3.723125 -3.512684 -2.528884
0.503000 0.432337 0.107806 0.299755 -0.363985 0.740851 -0.602292 3.700491 -3.497376 -2.492833
0.504000 0.431975 0.108545 0.299152 -0.360296 0.737362 -0.604767 3.677448 -3.481438 -2.456818
0.505000 0.431617 0.109281 0.298546 -0.356630 0.733888 -0.607205 3.653909 -3.464739 -2.420930
0.506000 0.431262 0.110013 0.297937 -0.352988 0.730432 -0.609608 3.629870 -3.447320 -2.385120
0.507000 0.430911 0.110741 0.297327 -0.349370 0.726994 -0.611976 3.605423 -3.429406 -2.349181
0.508000 0.430563 0.111467 0.296714 -0.345777 0.723573 -0.614307 3.580581 -3.411076 -2.313013
0.509000 0.430219 0.112189 0.296098 -0.342209 0.720171 -0.616602 3.555276 -3.392257 -2.276629
0.510000 0.429879 0.112907 0.295480 -0.338667 0.716789 -0.618860 3.529521 -3.373025 -2.239931
0.511000 0.429542 0.113622 0.294860 -0.335150 0.713425 -0.621082 3.503422 -3.353601 -2.202757
0.512000 0.429208 0.114334 0.294238 -0.331660 0.710082 -0.623266 3.477032 -3.334030 -2.165169
0.513000 0.428878 0.115042 0.293614 -0.328196 0.706757 -0.625412 3.450337 -3.314191 -2.127410
0.514000 0.428552 0.115747 0.292987 -0.324759 0.703453 -0.627520 3.423383 -3.294120 -2.089547
0.515000 0.428229 0.116449 0.292359 -0.321349 0.700169 -0.629591 3.396275 -3.274016 -2.051436
0.516000 0.427909 0.117148 0.291728 -0.317966 0.696905 -0.631623 3.369031 -3.253910 -2.013044
0.517000 0.427593 0.117843 0.291096 -0.314611 0.693661 -0.633617 3.341587 -3.233667 -1.974469
0.518000 0.427280 0.118535 0.290461 -0.311283 0.690438 -0.635572 3.313957 -3.213317 -1.935663
0.519000 0.426970 0.119224 0.289824 -0.307983 0.687235 -0.637488 3.286229 -3.193075 -1.896416
0.520000 0.426664 0.119910 0.289186 -0.304711 0.684052 -0.639365 3.258432 -3.173037 -1.856627
0.521000 0.426361 0.120592 0.288546 -0.301466 0.680889 -0.641202 3.230525 -3.153156 -1.816319
0.522000 0.426061 0.121271 0.287904 -0.298250 0.677745 -0.642998 3.202532 -3.133523 -1.775397
0.523000 0.425764 0.121948 0.287260 -0.295061 0.674622 -0.644752 3.174552 -3.114353 -1.733683
0.524000 0.425471 0.122621 0.286614 -0.291901 0.671517 -0.646465 3.146627 -3.095681 -1.691220
0.525000 0.425181 0.123291 0.285967 -0.288768 0.668430 -0.648135 3.118721 -3.077344 -1.648265
0.526000 0.424893 0.123957 0.285318 -0.285663 0.665362 -0.649762 3.090786 -3.059185 -1.605050
0.527000 0.424609 0.124621 0.284667 -0.282586 0.662312 -0.651345 3.062755 -3.041059 -1.561757
0.528000 0.424328 0.125282 0.284015 -0.279538 0.659280 -0.652885 3.034550 -3.022824 -1.518544
0.529000 0.424050 0.125940 0.283361 -0.276517 0.656266 -0.654382 3.006173 -3.004531 -1.475367
0.530000 0.423775 0.126595 0.282706 -0.273525 0.653271 -0.655836 2.977704 -2.986391 -1.432008
0.531000 0.423503 0.127246 0.282050 -0.270562 0.650293 -0.657246 2.949162 -2.968496 -1.388350
0.532000 0.423234 0.127895 0.281392 -0.267627 0.647334 -0.658613 2.920507 -2.950801 -1.344399
0.533000 0.422968 0.128541 0.280733 -0.264721 0.644392 -0.659935 2.891760 -2.933393 -1.300043
0.534000 0.422705 0.129184 0.280072 -0.261844 0.641467 -0.661213 2.863017 -2.916483 -1.255099
0.535000 0.422444 0.129824 0.279410 -0.258995 0.638559 -0.662445 2.834342 -2.900128 -1.209617
0.536000 0.422187 0.130461 0.278747 -0.256175 0.635667 -0.663632 2.805734 -2.884204 -1.163874
0.537000 0.421932 0.131095 0.278083 -0.253383 0.632790 -0.664773 2.777174 -2.868580 -1.118111
0.538000 0.421680 0.131727 0.277418 -0.250620 0.629930 -0.665868 2.748610 -2.853126 -1.072506
0.539000 0.421431 0.132355 0.276751 -0.247886 0.627084 -0.666918 2.719970 -2.837707 -1.027205
0.540000 0.421184 0.132981 0.276084 -0.245181 0.624254 -0.667922 2.691253 -2.822368 -0.982151
0.541000 0.420940 0.133604 0.275415 -0.242504 0.621439 -0.668882 2.662526 -2.807311 -0.937123
0.542000 0.420699 0.134224 0.274746 -0.239855 0.618640 -0.669797 2.633808 -2.792623 -0.892017
0.543000 0.420461 0.134841 0.274076 -0.237236 0.615854 -0.670666 2.605061 -2.778262 -0.846860
0.544000 0.420225 0.135455 0.273405 -0.234645 0.613083 -0.671490 2.576306 -2.764312 -0.801552
0.545000 0.419991 0.136067 0.272733 -0.232083 0.610326 -0.672269 2.547641 -2.750972 -0.755897
0.546000 0.419760 0.136676 0.272060 -0.229550 0.607581 -0.673002 2.519150 -2.738298 -0.709913
0.547000 0.419532 0.137282 0.271387 -0.227045 0.604849 -0.673689 2.490890 -2.726203 -0.663793
0.548000 0.419306 0.137886 0.270713 -0.224568 0.602129 -0.674330 2.462940 -2.714734 -0.617556
0.549000 0.419083 0.138487 0.270038 -0.222119 0.599420 -0.674924 2.435377 -2.704071 -0.571025
0.550000 0.418862 0.139085 0.269363 -0.219698 0.596721 -0.675472 2.408182 -2.694256 -0.524146
0.551000 0.418644 0.139680 0.268687 -0.217303 0.594031 -0.675973 2.381251 -2.685161 -0.477042
0.552000 0.418428 0.140273 0.268011 -0.214935 0.591350 -0.676426 2.354496 -2.676672 -0.429820
0.553000 0.418214 0.140863 0.267334 -0.212594 0.588678 -0.676832 2.327858 -2.668705 -0.382555
0.554000 0.418002 0.141450 0.266657 -0.210279 0.586013 -0.677191 2.301293 -2.661187 -0.335304
0.555000 0.417793 0.142035 0.265980 -0.207991 0.583355 -0.677503 2.274820 -2.654204 -0.287962
0.556000 0.417586 0.142617 0.265302 -0.205730 0.580704 -0.677767 2.248532 -2.647956 -0.240325
0.557000 0.417382 0.143196 0.264624 -0.203494 0.578059 -0.677983 2.222516 -2.642522 -0.192407
0.558000 0.417179 0.143773 0.263946 -0.201285 0.575419 -0.678152 2.196823 -2.637821 -0.144432
0.559000 0.416979 0.144347 0.263268 -0.199101 0.572784 -0.678272 2.171466 -2.633751 -0.096602
0.560000 0.416781 0.144918 0.262590 -0.196942 0.570152 -0.678345 2.146396 -2.630179 -0.049072
0.561000 0.416585 0.145487 0.261911 -0.194808 0.567523 -0.678370 2.121526 -2.626951 -0.001971
0.562000 0.416392 0.146053 0.261233 -0.192699 0.564898 -0.678349 2.096835 -2.624083 0.044769
0.563000 0.416200 0.146617 0.260555 -0.190614 0.562275 -0.678281 2.072367 -2.621748 0.091390
0.564000 0.416010 0.147178 0.259876 -0.188554 0.559654 -0.678166 2.048142 -2.620029 0.138032
0.565000 0.415823 0.147736 0.259198 -0.186518 0.557035 -0.678005 2.024136 -2.618865 0.184669
0.566000 0.415637 0.148292 0.258520 -0.184506 0.554417 -0.677797 2.000336 -2.618182 0.231232
0.567000 0.415454 0.148845 0.257843 -0.182517 0.551799 -0.677542 1.976760 -2.617889 0.277577
0.568000 0.415272 0.149396 0.257165 -0.180552 0.549181 -0.677242 1.953441 -2.617886 0.323516
0.569000 0.415093 0.149944 0.256488 -0.178610 0.546563 -0.676895 1.930442 -2.618220 0.369059
0.570000 0.414915 0.150489 0.255811 -0.176691 0.543945 -0.676504 1.907825 -2.619056 0.414397
0.571000 0.414739 0.151031 0.255135 -0.174795 0.541325 -0.676067 1.885578 -2.620437 0.459588
0.572000 0.414565 0.151571 0.254459 -0.172920 0.538704 -0.675584 1.863635 -2.622279 0.504544
0.573000 0.414393 0.152109 0.253784 -0.171067 0.536080 -0.675057 1.841977 -2.624622 0.549329
0.574000 0.414223 0.152644 0.253109 -0.169236 0.533454 -0.674486 1.820638 -2.627643 0.594171
0.575000 0.414055 0.153176 0.252435 -0.167426 0.530825 -0.673869 1.799621 -2.631425 0.639182
0.576000 0.413888 0.153705 0.251762 -0.165637 0.528192 -0.673207 1.778878 -2.635914 0.684299
0.577000 0.413724 0.154232 0.251089 -0.163868 0.525553 -0.672501 1.758390 -2.641044 0.729434
0.578000 0.413561 0.154756 0.250417 -0.162120 0.522909 -0.671749 1.738178 -2.646732 0.774452
0.579000 0.413399 0.155278 0.249745 -0.160392 0.520260 -0.670952 1.718291 -2.652885 0.819193
0.580000 0.413240 0.155797 0.249075 -0.158684 0.517604 -0.670110 1.698797 -2.659546 0.863689
0.581000 0.413082 0.156313 0.248405 -0.156994 0.514941 -0.669224 1.679761 -2.666865 0.908144
0.582000 0.412926 0.156827 0.247736 -0.155324 0.512270 -0.668294 1.661179 -2.674856 0.952637
0.583000 0.412771 0.157338 0.247068 -0.153672 0.509591 -0.667319 1.642990 -2.683384 0.997073
0.584000 0.412619 0.157846 0.246402 -0.152038 0.506903 -0.666300 1.625128 -2.692334 1.041374
0.585000 0.412467 0.158352 0.245736 -0.150422 0.504206 -0.665236 1.607530 -2.701635 1.085491
0.586000 0.412318 0.158854 0.245071 -0.148823 0.501500 -0.664129 1.590129 -2.711240 1.129392
0.587000 0.412170 0.159355 0.244407 -0.147242 0.498784 -0.662977 1.572912 -2.721228 1.173201
0.588000 0.412023 0.159852 0.243745 -0.145677 0.496057 -0.661782 1.555931 -2.731770 1.217148
0.589000 0.411878 0.160347 0.243084 -0.144130 0.493320 -0.660543 1.539243 -2.742919 1.261285
0.590000 0.411735 0.160839 0.242424 -0.142599 0.490572 -0.659260 1.522879 -2.754583 1.305472
0.591000 0.411593 0.161328 0.241765 -0.141084 0.487811 -0.657932 1.506850 -2.766661 1.349578
0.592000 0.411453 0.161814 0.241108 -0.139585 0.485038 -0.656561 1.491137 -2.779032 1.393484
0.593000 0.411314 0.162298 0.240452 -0.138102 0.482253 -0.655145 1.475702 -2.791567 1.437080
0.594000 0.411177 0.162779 0.239798 -0.136634 0.479455 -0.653686 1.460544 -2.804277 1.480437
0.595000 0.411041 0.163257 0.239145 -0.135181 0.476644 -0.652184 1.445694 -2.817304 1.523785
0.596000 0.410906 0.163732 0.238493 -0.133742 0.473821 -0.650639 1.431150 -2.830704 1.567240
0.597000 0.410773 0.164204 0.237844 -0.132318 0.470983 -0.649050 1.416867 -2.844404 1.610757
0.598000 0.410642 0.164674 0.237195 -0.130908 0.468132 -0.647417 1.402817 -2.858330 1.654269
0.599000 0.410511 0.165141 0.236549 -0.129513 0.465266 -0.645741 1.389001 -2.872403 1.697679
0.600000 0.410383 0.165604 0.235904 -0.128130 0.462387 -0.644022 1.375435 -2.886542 1.740872
0.601000 0.410255 0.166065 0.235261 -0.126762 0.459493 -0.642260 1.362159 -2.900790 1.783907
0.602000 0.410129 0.166523 0.234619 -0.125406 0.456585 -0.640454 1.349217 -2.915280 1.826991
0.603000 0.410004 0.166979 0.233980 -0.124063 0.453663 -0.638606 1.336599 -2.930024 1.870205
0.604000 0.409881 0.167431 0.233342 -0.122733 0.450725 -0.636714 1.324248 -2.944901 1.913458
0.605000 0.409759 0.167880 0.232706 -0.121415 0.447773 -0.634779 1.312118 -2.959810 1.956670
0.606000 0.409638 0.168326 0.232073 -0.120109 0.444806 -0.632800 1.300175 -2.974695 1.999770
0.607000 0.409519 0.168770 0.231441 -0.118814 0.441824 -0.630779 1.288391 -2.989521 2.042697
0.608000 0.409401 0.169210 0.230811 -0.117532 0.438827 -0.628715 1.276775 -3.004365 2.085546
0.609000 0.409284 0.169647 0.230183 -0.116261 0.435815 -0.626608 1.265372 -3.019382 2.128523
0.610000 0.409168 0.170082 0.229558 -0.115001 0.432788 -0.624458 1.254212 -3.034617 2.171672
0.611000 0.409054 0.170513 0.228934 -0.113752 0.429746 -0.622265 1.243299 -3.049993 2.214855
0.612000 0.408940 0.170941 0.228313 -0.112515 0.426688 -0.620028 1.232629 -3.065408 2.257953
0.613000 0.408829 0.171366 0.227694 -0.111287 0.423615 -0.617749 1.222177 -3.080731 2.300870
0.614000 0.408718 0.171788 0.227078 -0.110070 0.420526 -0.615427 1.211913 -3.095806 2.343530
0.615000 0.408608 0.172207 0.226464 -0.108863 0.417423 -0.613062 1.201835 -3.110618 2.386017
0.616000 0.408500 0.172623 0.225852 -0.107667 0.414305 -0.610654 1.191968 -3.125289 2.428552
0.617000 0.408393 0.173036 0.225242 -0.106479 0.411173 -0.608205 1.182310 -3.139891 2.471242
0.618000 0.408287 0.173446 0.224635 -0.105302 0.408025 -0.605712 1.172828 -3.154418 2.514067
0.619000 0.408183 0.173852 0.224031 -0.104134 0.404864 -0.603176 1.163521 -3.168942 2.557129
0.620000 0.408079 0.174255 0.223429 -0.102975 0.401688 -0.600598 1.154429 -3.183602 2.600639
0.621000 0.407977 0.174655 0.222830 -0.101825 0.398497 -0.597975 1.145595 -3.198441 2.644668
0.622000 0.407875 0.175052 0.222233 -0.100684 0.395291 -0.595308 1.137045 -3.213383 2.689122
0.623000 0.407775 0.175446 0.221639 -0.099551 0.392070 -0.592597 1.128785 -3.228339 2.733905
0.624000 0.407676 0.175836 0.221048 -0.098426 0.388834 -0.589841 1.120790 -3.243206 2.778917
0.625000 0.407578 0.176224 0.220459 -0.097309 0.385583 -0.587039 1.113010 -3.257845 2.824026
0.626000 0.407482 0.176608 0.219874 -0.096200 0.382318 -0.584193 1.105399 -3.272165 2.869137
0.627000 0.407386 0.176988 0.219291 -0.095098 0.379039 -0.581301 1.097907 -3.286118 2.914169
0.628000 0.407291 0.177366 0.218711 -0.094004 0.375746 -0.578364 1.090486 -3.299676 2.959045
0.629000 0.407198 0.177740 0.218134 -0.092918 0.372440 -0.575383 1.083123 -3.312908 3.003839
0.630000 0.407106 0.178111 0.217560 -0.091838 0.369120 -0.572357 1.075858 -3.325943 3.048734
0.631000 0.407014 0.178478 0.216989 -0.090766 0.365788 -0.569285 1.068750 -3.338817 3.093777
0.632000 0.406924 0.178842 0.216422 -0.089701 0.362443 -0.566169 1.061853 -3.351481 3.138877
0.633000 0.406835 0.179203 0.215857 -0.088642 0.359085 -0.563008 1.055224 -3.363961 3.184073
0.634000 0.406747 0.179560 0.215296 -0.087590 0.355715 -0.559801 1.048898 -3.376355 3.229537
0.635000 0.406660 0.179914 0.214738 -0.086544 0.352332 -0.556548 1.042857 -3.388657 3.275326
0.636000 0.406574 0.180265 0.214183 -0.085504 0.348937 -0.553250 1.037046 -3.400755 3.321343
0.637000 0.406489 0.180612 0.213631 -0.084470 0.345531 -0.549906 1.031414 -3.412557 3.367494
0.638000 0.406405 0.180956 0.213083 -0.083442 0.342112 -0.546515 1.025928 -3.424013 3.413703
0.639000 0.406322 0.181296 0.212538 -0.082418 0.338683 -0.543078 1.020560 -3.435097 3.459893
0.640000 0.406240 0.181633 0.211997 -0.081400 0.335242 -0.539595 1.015312 -3.445867 3.506134
0.641000 0.406159 0.181967 0.211459 -0.080388 0.331791 -0.536066 1.010212 -3.456438 3.552607
0.642000 0.406079 0.182297 0.210925 -0.079380 0.328329 -0.532490 1.005284 -3.466836 3.599373
0.643000 0.406000 0.182624 0.210394 -0.078377 0.324857 -0.528867 1.000536 -3.477009 3.646375
0.644000 0.405922 0.182947 0.209867 -0.077379 0.321375 -0.525197 0.995990 -3.486977 3.693666
0.645000 0.405845 0.183266 0.209343 -0.076385 0.317883 -0.521480 0.991671 -3.496830 3.741403
0.646000 0.405770 0.183582 0.208824 -0.075396 0.314382 -0.517715 0.987574 -3.506580 3.789608
0.647000 0.405695 0.183895 0.208308 -0.074410 0.310870 -0.513901 0.983666 -3.516146 3.838148
0.648000 0.405621 0.184204 0.207796 -0.073428 0.307349 -0.510038 0.979912 -3.525460 3.886904
0.649000 0.405548 0.184510 0.207288 -0.072450 0.303819 -0.506127 0.976277 -3.534483 3.935783
0.650000 0.405476 0.184812 0.206784 -0.071476 0.300280 -0.502167 0.972726 -3.543187 3.984706
0.651000 0.405405 0.185110 0.206284 -0.070505 0.296733 -0.498158 0.969249 -3.551621 4.033728
0.652000 0.405335 0.185405 0.205787 -0.069537 0.293177 -0.494099 0.965863 -3.559882 4.083012
0.653000 0.405266 0.185697 0.205295 -0.068573 0.289613 -0.489992 0.962581 -3.567986 4.132606
0.654000 0.405198 0.185984 0.204807 -0.067612 0.286041 -0.485834 0.959403 -3.575878 4.182444
0.655000 0.405131 0.186269 0.204324 -0.066654 0.282461 -0.481627 0.956339 -3.583564 4.232566
0.656000 0.405064 0.186549 0.203844 -0.065699 0.278874 -0.477369 0.953403 -3.591107 4.283106
0.657000 0.404999 0.186826 0.203369 -0.064747 0.275279 -0.473060 0.950579 -3.598484 4.334072
0.658000 0.404935 0.187100 0.202898 -0.063798 0.271677 -0.468701 0.947827 -3.605578 4.385323
0.659000 0.404872 0.187370 0.202432 -0.062852 0.268068 -0.464290 0.945111 -3.612305 4.436732
0.660000 0.404809 0.187636 0.201970 -0.061908 0.264452 -0.459827 0.942412 -3.618636 4.488197
0.661000 0.404748 0.187899 0.201512 -0.060967 0.260831 -0.455313 0.939718 -3.624576 4.539629
0.662000 0.404687 0.188158 0.201059 -0.060029 0.257203 -0.450748 0.937033 -3.630184 4.591066
0.663000 0.404628 0.188413 0.200610 -0.059093 0.253570 -0.446131 0.934378 -3.635552 4.642632
0.664000 0.404569 0.188665 0.200167 -0.058160 0.249932 -0.441463 0.931754 -3.640686 4.694331
0.665000 0.404511 0.188913 0.199728 -0.057229 0.246289 -0.436743 0.929152 -3.645526 4.746051
0.666000 0.404455 0.189157 0.199293 -0.056302 0.242641 -0.431971 0.926572 -3.650069 4.797787
0.667000 0.404399 0.189398 0.198864 -0.055376 0.238989 -0.427147 0.924031 -3.654370 4.849634
0.668000 0.404344 0.189635 0.198439 -0.054453 0.235332 -0.422271 0.921528 -3.658419 4.901577
0.669000 0.404290 0.189869 0.198019 -0.053533 0.231672 -0.417344 0.919048 -3.662140 4.953485
0.670000 0.404237 0.190099 0.197604 -0.052615 0.228008 -0.412365 0.916589 -3.665521 5.005334
0.671000 0.404185 0.190325 0.197194 -0.051700 0.224341 -0.407333 0.914164 -3.668621 5.057212
0.672000 0.404133 0.190547 0.196790 -0.050787 0.220671 -0.402250 0.911767 -3.671467 5.109108
0.673000 0.404083 0.190766 0.196390 -0.049876 0.216998 -0.397115 0.909381 -3.674039 5.160908
0.674000 0.404034 0.190981 0.195995 -0.048968 0.213323 -0.391928 0.907000 -3.676358 5.212593
0.675000 0.403985 0.191193 0.195606 -0.048062 0.209645 -0.386690 0.904632 -3.678480 5.264253
0.676000 0.403938 0.191401 0.195222 -0.047159 0.205966 -0.381400 0.902269 -3.680395 5.315886
0.677000 0.403891 0.191605 0.194843 -0.046258 0.202284 -0.376058 0.899886 -3.682022 5.367363
0.678000 0.403845 0.191805 0.194470 -0.045359 0.198602 -0.370665 0.897459 -3.683272 5.418544
0.679000 0.403800 0.192002 0.194102 -0.044463 0.194918 -0.365221 0.894959 -3.684056 5.469269
0.680000 0.403756 0.192195 0.193739 -0.043569 0.191234 -0.359726 0.892360 -3.684280 5.519360
0.681000 0.403713 0.192385 0.193382 -0.042678 0.187549 -0.354182 0.889651 -3.683917 5.568766
0.682000 0.403671 0.192570 0.193031 -0.041790 0.183866 -0.348589 0.886845 -3.682997 5.617539
0.683000 0.403629 0.192752 0.192685 -0.040905 0.180183 -0.342947 0.883953 -3.681510 5.665637
0.684000 0.403589 0.192931 0.192345 -0.040022 0.176503 -0.337258 0.880981 -3.679395 5.712924
0.685000 0.403549 0.193105 0.192011 -0.039143 0.172825 -0.331521 0.877941 -3.676636 5.759348
0.686000 0.403511 0.193276 0.191682 -0.038266 0.169149 -0.325739 0.874839 -3.673272 5.804939
0.687000 0.403473 0.193444 0.191359 -0.037393 0.165478 -0.319911 0.871662 -3.669305 5.849610
0.688000 0.403436 0.193607 0.191042 -0.036523 0.161811 -0.314040 0.868378 -3.664693 5.893167
0.689000 0.403400 0.193767 0.190731 -0.035656 0.158149 -0.308125 0.864970 -3.659430 5.935514
0.690000 0.403365 0.193924 0.190426 -0.034793 0.154492 -0.302169 0.861443 -3.653529 5.976668
0.691000 0.403330 0.194076 0.190127 -0.033933 0.150842 -0.296172 0.857802 -3.646928 6.016570
0.692000 0.403297 0.194225 0.189834 -0.033077 0.147198 -0.290136 0.854047 -3.639505 6.055069
0.693000 0.403264 0.194371 0.189547 -0.032225 0.143563 -0.284062 0.850181 -3.631191 6.092096
0.694000 0.403232 0.194512 0.189266 -0.031377 0.139936 -0.277951 0.846206 -3.621996 6.127655
0.695000 0.403201 0.194650 0.188991 -0.030533 0.136319 -0.271806 0.842100 -3.611917 6.161641
0.696000 0.403171 0.194785 0.188722 -0.029693 0.132712 -0.265628 0.837825 -3.600919 6.193845
0.697000 0.403142 0.194916 0.188459 -0.028857 0.129117 -0.259419 0.833358 -3.588995 6.224150
0.698000 0.403113 0.195043 0.188203 -0.028026 0.125534 -0.253180 0.828697 -3.576160 6.252525
0.699000 0.403086 0.195167 0.187953 -0.027200 0.121964 -0.246914 0.823841 -3.562378 6.278839
0.700000 0.403059 0.195287 0.187709 -0.026378 0.118409 -0.240622 0.818783 -3.547564 6.302860
0.701000 0.403033 0.195404 0.187472 -0.025562 0.114869 -0.234308 0.813522 -3.531673 6.324448
0.702000 0.403008 0.195517 0.187241 -0.024751 0.111346 -0.227973 0.808063 -3.514696 6.343558
0.703000 0.402984 0.195626 0.187016 -0.023946 0.107840 -0.221621 0.802403 -3.496580 6.360060
0.704000 0.402960 0.195733 0.186797 -0.023147 0.104353 -0.215253 0.796529 -3.477218 6.373710
0.705000 0.402937 0.195835 0.186585 -0.022353 0.100885 -0.208873 0.790417 -3.456512 6.384256
0.706000 0.402915 0.195934 0.186380 -0.021566 0.097440 -0.202485 0.784029 -3.434371 6.391442
0.707000 0.402894 0.196030 0.186180 -0.020785 0.094017 -0.196090 0.777316 -3.410713 6.395002
0.708000 0.402874 0.196122 0.185987 -0.020011 0.090618 -0.189695 0.770246 -3.385494 6.394778
0.709000 0.402854 0.196211 0.185801 -0.019244 0.087246 -0.183301 0.762809 -3.358703 6.390680
0.710000 0.402835 0.196297 0.185621 -0.018485 0.083901 -0.176913 0.754995 -3.330291 6.382512
0.711000 0.402817 0.196379 0.185447 -0.017734 0.080585 -0.170536 0.746788 -3.300171 6.369974
0.712000 0.402800 0.196458 0.185280 -0.016992 0.077300 -0.164173 0.738178 -3.268285 6.352857
0.713000 0.402783 0.196534 0.185119 -0.016258 0.074049 -0.157830 0.729161 -3.234599 6.331060
0.714000 0.402767 0.196606 0.184964 -0.015534 0.070831 -0.151511 0.719728 -3.199024 6.304408
0.715000 0.402752 0.196675 0.184816 -0.014819 0.067651 -0.145221 0.709859 -3.161428 6.272646
0.716000 0.402738 0.196741 0.184674 -0.014114 0.064508 -0.138966 0.699541 -3.121717 6.235589
0.717000 0.402724 0.196804 0.184538 -0.013420 0.061407 -0.132750 0.688769 -3.079855 6.193121
0.718000 0.402711 0.196864 0.184408 -0.012736 0.058349 -0.126580 0.677528 -3.035790 6.145023
0.719000 0.402698 0.196921 0.184285 -0.012065 0.055335 -0.120460 0.665799 -2.989445 6.090979
0.720000 0.402687 0.196975 0.184167 -0.011405 0.052370 -0.114398 0.653566 -2.940767 6.030755
0.721000 0.402676 0.197026 0.184056 -0.010757 0.049454 -0.108399 0.640833 -2.889727 5.964203
0.722000 0.402665 0.197074 0.183950 -0.010123 0.046590 -0.102469 0.627607 -2.836266 5.891076
0.723000 0.402655 0.197119 0.183851 -0.009502 0.043781 -0.096616 0.613899 -2.780293 5.811035
0.724000 0.402646 0.197161 0.183757 -0.008895 0.041030 -0.090847 0.599717 -2.721744 5.723824
0.725000 0.402638 0.197201 0.183669 -0.008303 0.038338 -0.085169 0.585060 -2.660567 5.629270
0.726000 0.402630 0.197238 0.183587 -0.007725 0.035709 -0.079589 0.569911 -2.596667 5.527104
0.727000 0.402622 0.197272 0.183510 -0.007163 0.033145 -0.074115 0.554241 -2.529904 5.416947
0.728000 0.402615 0.197304 0.183439 -0.006617 0.030649 -0.068755 0.538021 -2.460155 5.298429
0.729000 0.402609 0.197334 0.183373 -0.006087 0.028224 -0.063518 0.521224 -2.387323 5.171208
0.730000 0.402603 0.197361 0.183312 -0.005574 0.025874 -0.058412 0.503820 -2.311326 5.034952
0.731000 0.402598 0.197386 0.183256 -0.005079 0.023602 -0.053448 0.485787 -2.232108 4.889418
0.732000 0.402593 0.197408 0.183205 -0.004603 0.021410 -0.048634 0.467111 -2.149621 4.734416
0.733000 0.402589 0.197428 0.183158 -0.004145 0.019302 -0.043979 0.447769 -2.063779 4.569645
0.734000 0.402585 0.197447 0.183117 -0.003707 0.017282 -0.039494 0.427730 -1.974469 4.394709
0.735000 0.402581 0.197463 0.183079 -0.003290 0.015353 -0.035190 0.406972 -1.881595 4.209297
0.736000 0.402578 0.197477 0.183046 -0.002893 0.013519 -0.031076 0.385477 -1.785084 4.013190
0.737000 0.402575 0.197490 0.183017 -0.002519 0.011783 -0.027163 0.363221 -1.684815 3.806093
0.738000 0.402573 0.197501 0.182992 -0.002167 0.010150 -0.023463 0.340174 -1.580630 3.587627
0.739000 0.402571 0.197510 0.182970 -0.001838 0.008622 -0.019988 0.316310 -1.472407 3.357491
0.740000 0.402569 0.197518 0.182952 -0.001534 0.007205 -0.016748 0.291623 -1.360075 3.115474
0.741000 0.402568 0.197525 0.182937 -0.001255 0.005902 -0.013757 0.266112 -1.243555 2.861291
0.742000 0.402567 0.197530 0.182925 -0.001002 0.004718 -0.011026 0.239778 -1.122753 2.594585
0.743000 0.402566 0.197534 0.182915 -0.000775 0.003656 -0.008568 0.113203 -0.530635 1.229028
0.744000 0.402565 0.197537 0.182907 -0.000775 0.003656 -0.008568 0.113203 -0.530635 1.229028
