0.000000 0.673431 -0.192059 0.137855 0.019456 -0.015207 0.003473 0.078780 -0.073195 0.807374
0.001000 0.673450 -0.192074 0.137857 0.019456 -0.015207 0.003473 0.078780 -0.073195 0.807374
0.002000 0.673469 -0.192089 0.137862 0.019614 -0.015353 0.005088 0.151241 -0.141967 1.648861
0.003000 0.673489 -0.192105 0.137868 0.019758 -0.015491 0.006771 0.138243 -0.132851 1.717784
0.004000 0.673509 -0.192120 0.137875 0.019890 -0.015619 0.008524 0.124515 -0.123187 1.788106
0.005000 0.673529 -0.192136 0.137885 0.020008 -0.015737 0.010347 0.110037 -0.112961 1.859815
0.006000 0.673549 -0.192152 0.137896 0.020110 -0.015845 0.012243 0.094791 -0.102169 1.932894
0.007000 0.673569 -0.192167 0.137909 0.020197 -0.015942 0.014213 0.078756 -0.090820 2.007305
0.008000 0.673589 -0.192183 0.137924 0.020268 -0.016027 0.016258 0.061914 -0.078932 2.083002
0.009000 0.673610 -0.192200 0.137942 0.020321 -0.016099 0.018379 0.044245 -0.066515 2.159945
0.010000 0.673630 -0.192216 0.137961 0.020356 -0.016160 0.020578 0.025742 -0.053564 2.238106
0.011000 0.673650 -0.192232 0.137983 0.020372 -0.016207 0.022855 0.006408 -0.040065 2.317465
0.012000 0.673671 -0.192248 0.138007 0.020369 -0.016240 0.025213 -0.013740 -0.026002 2.398001
0.013000 0.673691 -0.192264 0.138033 0.020345 -0.016259 0.027651 -0.034685 -0.011359 2.479689
0.014000 0.673711 -0.192281 0.138062 0.020300 -0.016262 0.030172 -0.056412 0.003880 2.562506
0.015000 0.673732 -0.192297 0.138093 0.020232 -0.016251 0.032776 -0.078904 0.019730 2.646421
0.016000 0.673752 -0.192313 0.138128 0.020142 -0.016223 0.035465 -0.102157 0.036206 2.731405
0.017000 0.673772 -0.192329 0.138164 0.020028 -0.016178 0.038239 -0.126179 0.053313 2.817424
0.018000 0.673792 -0.192345 0.138204 0.019889 -0.016116 0.041100 -0.150988 0.071042 2.904442
0.019000 0.673812 -0.192362 0.138247 0.019726 -0.016036 0.044048 -0.176604 0.089373 2.992421
0.020000 0.673831 -0.192377 0.138292 0.019536 -0.015938 0.047085 -0.203044 0.108298 3.081319
0.021000 0.673851 -0.192393 0.138341 0.019320 -0.015820 0.050211 -0.230317 0.127821 3.171091
0.022000 0.673870 -0.192409 0.138393 0.019076 -0.015682 0.053427 -0.258417 0.147956 3.261690
0.023000 0.673889 -0.192425 0.138448 0.018803 -0.015524 0.056734 -0.287329 0.168719 3.353066
0.024000 0.673908 -0.192440 0.138506 0.018501 -0.015345 0.060133 -0.317044 0.190125 3.445167
0.025000 0.673926 -0.192455 0.138568 0.018169 -0.015144 0.063624 -0.347560 0.212188 3.537945
0.026000 0.673944 -0.192470 0.138633 0.017806 -0.014920 0.067209 -0.378867 0.234924 3.631366
0.027000 0.673962 -0.192485 0.138702 0.017411 -0.014674 0.070887 -0.410949 0.258347 3.725402
0.028000 0.673979 -0.192500 0.138775 0.016984 -0.014403 0.074660 -0.443797 0.282472 3.820020
0.029000 0.673996 -0.192514 0.138852 0.016523 -0.014109 0.078527 -0.477418 0.307313 3.915185
0.030000 0.674012 -0.192528 0.138932 0.016029 -0.013789 0.082490 -0.511827 0.332883 4.010859
0.031000 0.674028 -0.192542 0.139017 0.015500 -0.013443 0.086549 -0.547038 0.359197 4.106991
0.032000 0.674043 -0.192555 0.139105 0.014935 -0.013070 0.090704 -0.583055 0.386267 4.203517
0.033000 0.674057 -0.192568 0.139198 0.014334 -0.012670 0.094956 -0.619869 0.414106 4.300380
0.034000 0.674072 -0.192580 0.139295 0.013695 -0.012242 0.099305 -0.657459 0.442728 4.397522
0.035000 0.674085 -0.192592 0.139397 0.013019 -0.011785 0.103751 -0.695813 0.472143 4.494875
0.036000 0.674098 -0.192604 0.139503 0.012304 -0.011298 0.108295 -0.734923 0.502365 4.592362
0.037000 0.674109 -0.192615 0.139613 0.011549 -0.010780 0.112936 -0.774773 0.533403 4.689905
0.038000 0.674121 -0.192625 0.139729 0.010754 -0.010231 0.117674 -0.815341 0.565267 4.787435
0.039000 0.674131 -0.192635 0.139849 0.009918 -0.009650 0.122511 -0.856601 0.597958 4.884886
0.040000 0.674140 -0.192645 0.139974 0.009041 -0.009035 0.127444 -0.898526 0.631458 4.982200
0.041000 0.674149 -0.192653 0.140103 0.008121 -0.008387 0.132475 -0.941091 0.665744 5.079326
0.042000 0.674157 -0.192661 0.140238 0.007159 -0.007704 0.137603 -0.984279 0.700798 5.176194
0.043000 0.674163 -0.192669 0.140379 0.006153 -0.006985 0.142827 -1.028086 0.736617 5.272722
0.044000 0.674169 -0.192675 0.140524 0.005103 -0.006231 0.148148 -1.072517 0.773207 5.368855
0.045000 0.674174 -0.192681 0.140675 0.004008 -0.005439 0.153565 -1.117578 0.810575 5.464551
0.046000 0.674177 -0.192686 0.140831 0.002867 -0.004609 0.159077 -1.163271 0.848725 5.559745
0.047000 0.674179 -0.192690 0.140993 0.001681 -0.003741 0.164685 -1.209590 0.887664 5.654334
0.048000 0.674180 -0.192694 0.141161 0.000448 -0.002834 0.170386 -1.256511 0.927395 5.748217
0.049000 0.674180 -0.192696 0.141334 -0.000832 -0.001887 0.176181 -1.304002 0.967921 5.841298
0.050000 0.674179 -0.192698 0.141513 -0.002160 -0.000898 0.182069 -1.352035 1.009244 5.933468
0.051000 0.674176 -0.192698 0.141698 -0.003536 0.000132 0.188048 -1.400589 1.051367 6.024624
0.052000 0.674172 -0.192697 0.141889 -0.004961 0.001205 0.194118 -1.449633 1.094288 6.114716
0.053000 0.674166 -0.192696 0.142086 -0.006435 0.002320 0.200277 -1.499130 1.138008 6.203737
0.054000 0.674159 -0.192693 0.142290 -0.007959 0.003481 0.206525 -1.549047 1.182525 6.291672
0.055000 0.674150 -0.192689 0.142499 -0.009533 0.004686 0.212861 -1.599369 1.227836 6.378502
0.056000 0.674140 -0.192683 0.142715 -0.011158 0.005936 0.219282 -1.650084 1.273936 6.464202
0.057000 0.674128 -0.192677 0.142938 -0.012834 0.007233 0.225789 -1.701182 1.320822 6.548695
0.058000 0.674114 -0.192669 0.143167 -0.014560 0.008578 0.232380 -1.752652 1.368485 6.631856
0.059000 0.674099 -0.192660 0.143403 -0.016339 0.009970 0.239053 -1.804480 1.416920 6.713573
0.060000 0.674081 -0.192649 0.143645 -0.018169 0.011412 0.245807 -1.856652 1.466115 6.793751
0.061000 0.674062 -0.192637 0.143894 -0.020052 0.012903 0.252640 -1.909150 1.516061 6.872269
0.062000 0.674041 -0.192623 0.144150 -0.021988 0.014444 0.259551 -1.961956 1.566733 6.949008
0.063000 0.674018 -0.192608 0.144413 -0.023976 0.016036 0.266538 -2.015049 1.618094 7.023928
0.064000 0.673993 -0.192591 0.144683 -0.026018 0.017680 0.273599 -2.068407 1.670095 7.097058
0.065000 0.673966 -0.192572 0.144961 -0.028113 0.019376 0.280733 -2.122006 1.722695 7.168421
0.066000 0.673937 -0.192552 0.145245 -0.030262 0.021125 0.287936 -2.175818 1.775864 7.238031
0.067000 0.673906 -0.192530 0.145536 -0.032465 0.022928 0.295209 -2.229816 1.829582 7.305899
0.068000 0.673872 -0.192506 0.145835 -0.034721 0.024785 0.302548 -2.283969 1.883828 7.371954
0.069000 0.673836 -0.192481 0.146142 -0.037032 0.026696 0.309952 -2.338245 1.938590 7.436060
0.070000 0.673798 -0.192453 0.146455 -0.039398 0.028662 0.317420 -2.392607 1.993868 7.498108
0.071000 0.673758 -0.192423 0.146776 -0.041818 0.030683 0.324949 -2.447020 2.049669 7.558033
0.072000 0.673714 -0.192392 0.147105 -0.044292 0.032761 0.332536 -2.501443 2.105988 7.615718
0.073000 0.673669 -0.192358 0.147441 -0.046821 0.034895 0.340180 -2.555834 2.162806 7.671038
0.074000 0.673621 -0.192322 0.147785 -0.049404 0.037087 0.347878 -2.610150 2.220091 7.723983
0.075000 0.673570 -0.192284 0.148137 -0.052041 0.039336 0.355628 -2.664343 2.277808 7.774626
0.076000 0.673517 -0.192243 0.148497 -0.054732 0.041642 0.363427 -2.718365 2.335919 7.822948
0.077000 0.673461 -0.192200 0.148864 -0.057478 0.044007 0.371274 -2.772174 2.394385 7.868834
0.078000 0.673402 -0.192155 0.149239 -0.060277 0.046431 0.379165 -2.825742 2.453165 7.912226
0.079000 0.673340 -0.192108 0.149622 -0.063129 0.048914 0.387098 -2.879045 2.512214 7.953134
0.080000 0.673276 -0.192057 0.150013 -0.066035 0.051456 0.395071 -2.932050 2.571489 7.991482
0.081000 0.673208 -0.192005 0.150413 -0.068993 0.054057 0.403081 -2.984715 2.630961 8.027114
0.082000 0.673138 -0.191949 0.150820 -0.072004 0.056717 0.411126 -3.037001 2.690632 8.059940
0.083000 0.673064 -0.191891 0.151235 -0.075067 0.059438 0.419201 -3.088878 2.750515 8.089962
0.084000 0.672987 -0.191830 0.151658 -0.078182 0.062218 0.427306 -3.140331 2.810617 8.117209
0.085000 0.672908 -0.191767 0.152089 -0.081348 0.065059 0.435436 -3.191370 2.870923 8.141764
0.086000 0.672825 -0.191700 0.152529 -0.084565 0.067960 0.443589 -3.242023 2.931409 8.163734
0.087000 0.672739 -0.191631 0.152977 -0.087832 0.070922 0.451763 -3.292288 2.992035 8.183099
0.088000 0.672649 -0.191558 0.153432 -0.091149 0.073944 0.459955 -3.342133 3.052744 8.199729
0.089000 0.672556 -0.191483 0.153896 -0.094516 0.077028 0.468163 -3.391526 3.113466 8.213589
0.090000 0.672460 -0.191404 0.154369 -0.097932 0.080171 0.476382 -3.440444 3.174128 8.224734
0.091000 0.672360 -0.191323 0.154849 -0.101397 0.083376 0.484612 -3.488848 3.234660 8.233111
0.092000 0.672257 -0.191238 0.155338 -0.104910 0.086641 0.492849 -3.536682 3.295010 8.238548
0.093000 0.672151 -0.191149 0.155835 -0.108470 0.089966 0.501089 -3.583900 3.355174 8.240951
0.094000 0.672040 -0.191058 0.156340 -0.112078 0.093351 0.509331 -3.630465 3.415167 8.240311
0.095000 0.671926 -0.190963 0.156854 -0.115731 0.096796 0.517570 -3.676329 3.474980 8.236529
0.096000 0.671809 -0.190864 0.157375 -0.119430 0.100301 0.525804 -3.721442 3.534571 8.229462
0.097000 0.671688 -0.190762 0.157905 -0.123174 0.103865 0.534029 -3.765794 3.593899 8.219159
0.098000 0.671562 -0.190656 0.158443 -0.126962 0.107489 0.542242 -3.809408 3.652937 8.205852
0.099000 0.671434 -0.190547 0.158990 -0.130793 0.111171 0.550440 -3.852295 3.711654 8.189744
0.100000 0.671301 -0.190434 0.159544 -0.134667 0.114912 0.558621 -3.894446 3.770013 8.171003
0.101000 0.671164 -0.190317 0.160107 -0.138582 0.118711 0.566782 -3.935841 3.827978 8.149768
0.102000 0.671024 -0.190197 0.160678 -0.142538 0.122568 0.574921 -3.976429 3.885490 8.126006
0.103000 0.670879 -0.190072 0.161257 -0.146535 0.126482 0.583034 -4.016146 3.942495 8.099540
0.104000 0.670731 -0.189944 0.161844 -0.150571 0.130453 0.591120 -4.054957 3.998977 8.070295
0.105000 0.670578 -0.189811 0.162439 -0.154645 0.134480 0.599175 -4.092855 4.054944 8.038312
0.106000 0.670421 -0.189675 0.163042 -0.158756 0.138563 0.607197 -4.129802 4.110379 8.003510
0.107000 0.670261 -0.189534 0.163653 -0.162904 0.142701 0.615182 -4.165747 4.165228 7.965729
0.108000 0.670096 -0.189389 0.164273 -0.167088 0.146893 0.623128 -4.200695 4.219464 7.925017
0.109000 0.669926 -0.189240 0.164900 -0.171306 0.151140 0.631032 -4.234695 4.273086 7.881625
0.110000 0.669753 -0.189087 0.165535 -0.175557 0.155440 0.638891 -4.267787 4.326083 7.835788
0.111000 0.669575 -0.188929 0.166177 -0.179841 0.159792 0.646704 -4.299991 4.378421 7.787719
0.112000 0.669393 -0.188767 0.166828 -0.184157 0.164196 0.654467 -4.331313 4.430056 7.737614
0.113000 0.669207 -0.188601 0.167486 -0.188504 0.168652 0.662179 -4.361714 4.480917 7.685460
0.114000 0.669016 -0.188430 0.168152 -0.192881 0.173158 0.669838 -4.391123 4.530932 7.631066
0.115000 0.668821 -0.188255 0.168826 -0.197286 0.177714 0.677441 -4.419518 4.580094 7.574356
0.116000 0.668622 -0.188075 0.169507 -0.201720 0.182318 0.684986 -4.446912 4.628435 7.515387
0.117000 0.668418 -0.187890 0.170196 -0.206180 0.186971 0.692472 -4.473277 4.675943 7.454080
0.118000 0.668209 -0.187701 0.170892 -0.210666 0.191670 0.699895 -4.498557 4.722561 7.390262
0.119000 0.667996 -0.187507 0.171596 -0.215177 0.196416 0.707252 -4.522763 4.768268 7.324005
0.120000 0.667779 -0.187308 0.172307 -0.219712 0.201207 0.714543 -4.545971 4.813088 7.255616
0.121000 0.667557 -0.187104 0.173025 -0.224269 0.206042 0.721764 -4.568245 4.857042 7.185373
0.122000 0.667330 -0.186896 0.173750 -0.228848 0.210921 0.728913 -4.589629 4.900145 7.113498
0.123000 0.667099 -0.186682 0.174483 -0.233448 0.215842 0.735991 -4.610153 4.942410 7.040181
0.124000 0.666864 -0.186464 0.175222 -0.238068 0.220806 0.742994 -4.629782 4.983794 6.965388
0.125000 0.666623 -0.186241 0.175969 -0.242708 0.225810 0.749921 -4.648429 5.024228 6.888898
0.126000 0.666378 -0.186012 0.176722 -0.247365 0.230854 0.756772 -4.666051 5.063707 6.810637
0.127000 0.666128 -0.185779 0.177482 -0.252040 0.235937 0.763543 -4.682646 5.102283 6.730687
0.128000 0.665874 -0.185541 0.178249 -0.256731 0.241059 0.770233 -4.698168 5.139943 6.648972
0.129000 0.665615 -0.185297 0.179023 -0.261436 0.246217 0.776841 -4.712541 5.176620 6.565306
0.130000 0.665351 -0.185048 0.179803 -0.266156 0.251412 0.783364 -4.725779 5.212294 6.479766
0.131000 0.665083 -0.184794 0.180589 -0.270888 0.256642 0.789800 -4.737967 5.246993 6.392645
0.132000 0.664809 -0.184535 0.181382 -0.275632 0.261906 0.796149 -4.749111 5.280688 6.304014
0.133000 0.664531 -0.184270 0.182182 -0.280386 0.267203 0.802408 -4.759140 5.313289 6.213690
0.134000 0.664249 -0.184000 0.182987 -0.285150 0.272533 0.808576 -4.768030 5.344756 6.121636
0.135000 0.663961 -0.183725 0.183799 -0.289922 0.277893 0.814651 -4.775827 5.375117 6.028030
0.136000 0.663669 -0.183445 0.184617 -0.294702 0.283283 0.820632 -4.782583 5.404418 5.933033
0.137000 0.663372 -0.183159 0.185440 -0.299487 0.288702 0.826517 -4.788360 5.432748 5.836788
0.138000 0.663070 -0.182867 0.186270 -0.304278 0.294148 0.832306 -4.793223 5.460216 5.739420
0.139000 0.662763 -0.182570 0.187105 -0.309074 0.299622 0.837996 -4.797154 5.486837 5.640844
0.140000 0.662452 -0.182268 0.187946 -0.313873 0.305122 0.843588 -4.800078 5.512533 5.540856
0.141000 0.662135 -0.181960 0.188792 -0.318674 0.310647 0.849078 -4.802014 5.537286 5.439549
0.142000 0.661814 -0.181647 0.189644 -0.323477 0.316197 0.854467 -4.803062 5.561134 5.337253
0.143000 0.661488 -0.181328 0.190501 -0.328280 0.321769 0.859753 -4.803233 5.584044 5.234057
0.144000 0.661158 -0.181003 0.191363 -0.333083 0.327365 0.864935 -4.802445 5.605910 5.129777
0.145000 0.660822 -0.180673 0.192231 -0.337885 0.332981 0.870012 -4.800676 5.626688 5.024396
0.146000 0.660482 -0.180337 0.193103 -0.342684 0.338618 0.874984 -4.797973 5.646394 4.918088
0.147000 0.660137 -0.179996 0.193981 -0.347481 0.344274 0.879848 -4.794305 5.664980 4.810817
0.148000 0.659787 -0.179649 0.194863 -0.352273 0.349948 0.884605 -4.789571 5.682347 4.702317
0.149000 0.659432 -0.179296 0.195750 -0.357060 0.355639 0.889253 -4.783754 5.698504 4.592495
0.150000 0.659073 -0.178937 0.196641 -0.361841 0.361345 0.893790 -4.776939 5.713573 4.481498
0.151000 0.658709 -0.178573 0.197538 -0.366614 0.367066 0.898216 -4.769213 5.727667 4.369527
0.152000 0.658340 -0.178203 0.198438 -0.371379 0.372800 0.902529 -4.760675 5.740897 4.256886
0.153000 0.657966 -0.177828 0.199343 -0.376135 0.378548 0.906730 -4.751429 5.753364 4.143937
0.154000 0.657587 -0.177446 0.200251 -0.380882 0.384307 0.910817 -4.741465 5.765055 4.030741
0.155000 0.657204 -0.177059 0.201164 -0.385618 0.390078 0.914791 -4.730677 5.775854 3.917074
0.156000 0.656816 -0.176666 0.202081 -0.390343 0.395859 0.918651 -4.719048 5.785710 3.802873
0.157000 0.656423 -0.176267 0.203002 -0.395056 0.401649 0.922397 -4.706639 5.794648 3.688264
0.158000 0.656026 -0.175863 0.203926 -0.399756 0.407448 0.926028 -4.693425 5.802612 3.573163
0.159000 0.655624 -0.175452 0.204854 -0.404443 0.413254 0.929543 -4.679292 5.809483 3.457272
0.160000 0.655217 -0.175036 0.205785 -0.409115 0.419067 0.932942 -4.664228 5.815262 3.340478
0.161000 0.654806 -0.174614 0.206719 -0.413772 0.424885 0.936224 -4.648337 5.820081 3.222919
0.162000 0.654390 -0.174186 0.207657 -0.418412 0.430707 0.939388 -4.631729 5.824064 3.104792
0.163000 0.653969 -0.173753 0.208598 -0.423035 0.436533 0.942434 -4.614524 5.827329 2.986396
0.164000 0.653544 -0.173313 0.209542 -0.427641 0.442362 0.945361 -4.596844 5.829990 2.868087
0.165000 0.653114 -0.172868 0.210489 -0.432229 0.448193 0.948170 -4.578686 5.832021 2.749919
0.166000 0.652679 -0.172417 0.211439 -0.436798 0.454026 0.950861 -4.559946 5.833275 2.631674
0.167000 0.652240 -0.171960 0.212391 -0.441349 0.459860 0.953433 -4.540635 5.833669 2.513327
0.168000 0.651796 -0.171497 0.213345 -0.445879 0.465693 0.955887 -4.520869 5.833199 2.395073
0.169000 0.651348 -0.171029 0.214302 -0.450390 0.471526 0.958223 -4.500650 5.831779 2.276876
0.170000 0.650896 -0.170554 0.215262 -0.454881 0.477357 0.960441 -4.479868 5.829278 2.158456
0.171000 0.650438 -0.170074 0.216223 -0.459350 0.483184 0.962540 -4.458517 5.825740 2.039724
0.172000 0.649977 -0.169588 0.217187 -0.463798 0.489008 0.964521 -4.436696 5.821343 1.920798
0.173000 0.649511 -0.169096 0.218152 -0.468223 0.494827 0.966382 -4.414390 5.816128 1.801591
0.174000 0.649040 -0.168598 0.219120 -0.472627 0.500640 0.968124 -4.391471 5.809994 1.681857
0.175000 0.648566 -0.168095 0.220089 -0.477006 0.506447 0.969746 -4.367915 5.802946 1.561650
0.176000 0.648086 -0.167585 0.221059 -0.481362 0.512246 0.971247 -4.343833 5.795131 1.441338
0.177000 0.647603 -0.167070 0.222031 -0.485694 0.518037 0.972628 -4.319337 5.786665 1.321257
0.178000 0.647115 -0.166549 0.223004 -0.490001 0.523820 0.973890 -4.294555 5.777611 1.201676
0.179000 0.646623 -0.166023 0.223979 -0.494283 0.529593 0.975032 -4.269615 5.768002 1.082833
0.180000 0.646127 -0.165490 0.224954 -0.498540 0.535356 0.976055 -4.244501 5.757743 0.964671
0.181000 0.645626 -0.164952 0.225931 -0.502772 0.541108 0.976961 -4.219075 5.746682 0.846893
0.182000 0.645121 -0.164408 0.226908 -0.506978 0.546849 0.977749 -4.193312 5.734855 0.729393
0.183000 0.644612 -0.163858 0.227887 -0.511159 0.552578 0.978420 -4.167298 5.722447 0.612274
0.184000 0.644099 -0.163303 0.228865 -0.515313 0.558294 0.978974 -4.141003 5.709488 0.495433
0.185000 0.643581 -0.162742 0.229844 -0.519441 0.563997 0.979411 -4.114293 5.695846 0.378613
0.186000 0.643060 -0.162175 0.230824 -0.523542 0.569686 0.979731 -4.087178 5.681494 0.261854
0.187000 0.642534 -0.161602 0.231804 -0.527615 0.575360 0.979934 -4.059795 5.666526 0.145459
0.188000 0.642005 -0.161024 0.232784 -0.531661 0.581019 0.980022 -4.032148 5.650897 0.029472
0.189000 0.641471 -0.160440 0.233764 -0.535679 0.586662 0.979993 -4.004109 5.634410 -0.086360
0.190000 0.640933 -0.159851 0.234744 -0.539669 0.592288 0.979849 -3.975674 5.616963 -0.202111
0.191000 0.640392 -0.159256 0.235724 -0.543631 0.597896 0.979589 -3.946996 5.598598 -0.317594
0.192000 0.639846 -0.158655 0.236703 -0.547563 0.603485 0.979214 -3.918215 5.579403 -0.432610
0.193000 0.639296 -0.158049 0.237682 -0.551467 0.609054 0.978724 -3.889452 5.559553 -0.546946
0.194000 0.638743 -0.157437 0.238661 -0.555342 0.614604 0.978120 -3.860816 5.539268 -0.660379
0.195000 0.638186 -0.156819 0.239638 -0.559189 0.620133 0.977403 -3.832260 5.518574 -0.772962
0.196000 0.637625 -0.156196 0.240615 -0.563007 0.625641 0.976574 -3.803628 5.497330 -0.884942
0.197000 0.637060 -0.155568 0.241591 -0.566796 0.631128 0.975633 -3.774915 5.475528 -0.996297
0.198000 0.636491 -0.154934 0.242567 -0.570557 0.636592 0.974581 -3.746250 5.453304 -1.106757
0.199000 0.635919 -0.154295 0.243541 -0.574289 0.642034 0.973420 -3.717623 5.430635 -1.216296
0.200000 0.635342 -0.153650 0.244513 -0.577992 0.647453 0.972149 -3.688883 5.407326 -1.325160
0.201000 0.634763 -0.153000 0.245485 -0.581666 0.652849 0.970769 -3.660014 5.383296 -1.433395
0.202000 0.634179 -0.152344 0.246455 -0.585312 0.658220 0.969282 -3.631130 5.358592 -1.540826
0.203000 0.633592 -0.151684 0.247423 -0.588929 0.663566 0.967688 -3.602206 5.333127 -1.647499
0.204000 0.633001 -0.151017 0.248390 -0.592516 0.668886 0.965987 -3.573079 5.306716 -1.753687
0.205000 0.632407 -0.150346 0.249355 -0.596075 0.674179 0.964180 -3.543715 5.279381 -1.859432
0.206000 0.631809 -0.149669 0.250319 -0.599604 0.679445 0.962268 -3.514252 5.251358 -1.964498
0.207000 0.631208 -0.148987 0.251280 -0.603103 0.684682 0.960251 -3.484832 5.222870 -2.068634
0.208000 0.630603 -0.148300 0.252239 -0.606573 0.689891 0.958131 -3.455608 5.194119 -2.171574
0.209000 0.629995 -0.147607 0.253196 -0.610015 0.695070 0.955908 -3.426738 5.165294 -2.273041
0.210000 0.629383 -0.146909 0.254151 -0.613427 0.700221 0.953585 -3.398199 5.136369 -2.373047
0.211000 0.628768 -0.146207 0.255103 -0.616811 0.705343 0.951162 -3.369812 5.107134 -2.471861
0.212000 0.628149 -0.145499 0.256053 -0.620167 0.710435 0.948641 -3.341525 5.077505 -2.569563
0.213000 0.627527 -0.144786 0.257001 -0.623494 0.715498 0.946023 -3.313413 5.047539 -2.666024
0.214000 0.626902 -0.144068 0.257945 -0.626793 0.720531 0.943309 -3.285419 5.017150 -2.761324
0.215000 0.626274 -0.143345 0.258887 -0.630065 0.725532 0.940500 -3.257360 4.986136 -2.855752
0.216000 0.625642 -0.142617 0.259826 -0.633308 0.730503 0.937598 -3.229220 4.954519 -2.949383
0.217000 0.625007 -0.141884 0.260763 -0.636523 0.735441 0.934602 -3.201132 4.922507 -3.042077
0.218000 0.624369 -0.141146 0.261696 -0.639710 0.740348 0.931513 -3.173072 4.890119 -3.133900
0.219000 0.623728 -0.140403 0.262626 -0.642869 0.745222 0.928334 -3.144859 4.857176 -3.225109
0.220000 0.623083 -0.139655 0.263552 -0.646000 0.750062 0.925063 -3.116438 4.823663 -3.315716
0.221000 0.622436 -0.138903 0.264476 -0.649102 0.754869 0.921702 -3.087935 4.789774 -3.405451
0.222000 0.621785 -0.138146 0.265396 -0.652176 0.759642 0.918252 -3.059477 4.755674 -3.494067
0.223000 0.621131 -0.137384 0.266312 -0.655221 0.764380 0.914714 -3.031205 4.721475 -3.581360
0.224000 0.620475 -0.136617 0.267225 -0.658238 0.769085 0.911090 -3.003266 4.687261 -3.667145
0.225000 0.619815 -0.135845 0.268134 -0.661228 0.773755 0.907380 -2.975619 4.652921 -3.751498
0.226000 0.619152 -0.135069 0.269040 -0.664190 0.778391 0.903587 -2.948080 4.618233 -3.834692
0.227000 0.618487 -0.134289 0.269942 -0.667124 0.782991 0.899711 -2.920628 4.583219 -3.916794
0.228000 0.617818 -0.133503 0.270839 -0.670031 0.787557 0.895753 -2.893396 4.548104 -3.997662
0.229000 0.617147 -0.132714 0.271733 -0.672911 0.792088 0.891715 -2.866356 4.512910 -4.077355
0.230000 0.616472 -0.131919 0.272623 -0.675764 0.796583 0.887598 -2.839313 4.477449 -4.156121
0.231000 0.615795 -0.131120 0.273508 -0.678589 0.801042 0.883403 -2.812209 4.441709 -4.233985
0.232000 0.615115 -0.130317 0.274390 -0.681388 0.805466 0.879130 -2.785172 4.405906 -4.310711
0.233000 0.614432 -0.129509 0.275267 -0.684160 0.809854 0.874782 -2.758334 4.370214 -4.386092
0.234000 0.613747 -0.128697 0.276139 -0.686905 0.814207 0.870358 -2.731840 4.334745 -4.459978
0.235000 0.613058 -0.127881 0.277007 -0.689623 0.818524 0.865862 -2.705842 4.299570 -4.532248
0.236000 0.612367 -0.127060 0.277871 -0.692316 0.822806 0.861294 -2.680295 4.264559 -4.603014
0.237000 0.611674 -0.126235 0.278730 -0.694984 0.827053 0.856656 -2.654994 4.229473 -4.672555
0.238000 0.610977 -0.125406 0.279584 -0.697626 0.831265 0.851949 -2.629890 4.194339 -4.740949
0.239000 0.610279 -0.124573 0.280434 -0.700244 0.835442 0.847174 -2.605084 4.159402 -4.808076
0.240000 0.609577 -0.123735 0.281278 -0.702836 0.839584 0.842332 -2.580522 4.124691 -4.874005
0.241000 0.608873 -0.122894 0.282118 -0.705405 0.843691 0.837426 -2.555989 4.090000 -4.938997
0.242000 0.608166 -0.122048 0.282953 -0.707948 0.847764 0.832454 -2.531425 4.055301 -5.003136
0.243000 0.607457 -0.121198 0.283783 -0.710468 0.851802 0.827419 -2.506921 4.020757 -5.066316
0.244000 0.606745 -0.120344 0.284608 -0.712962 0.855805 0.822322 -2.482415 3.986321 -5.128614
0.245000 0.606031 -0.119487 0.285428 -0.715432 0.859774 0.817162 -2.457691 3.951711 -5.190294
0.246000 0.605314 -0.118625 0.286242 -0.717878 0.863708 0.811941 -2.432706 3.916779 -5.251445
0.247000 0.604595 -0.117759 0.287052 -0.720298 0.867608 0.806659 -2.407617 3.881590 -5.311933
0.248000 0.603874 -0.116890 0.287856 -0.722693 0.871472 0.801317 -2.382579 3.846262 -5.371619
0.249000 0.603150 -0.116016 0.288654 -0.725063 0.875300 0.795916 -2.357748 3.811020 -5.430358
0.250000 0.602424 -0.115139 0.289448 -0.727408 0.879094 0.790457 -2.333273 3.776142 -5.488001
0.251000 0.601695 -0.114258 0.290235 -0.729730 0.882853 0.784940 -2.309100 3.741640 -5.544614
0.252000 0.600964 -0.113373 0.291018 -0.732027 0.886577 0.779367 -2.285009 3.707288 -5.600434
0.253000 0.600231 -0.112485 0.291794 -0.734300 0.890267 0.773739 -2.260939 3.673043 -5.655515
0.254000 0.599496 -0.111593 0.292565 -0.736549 0.893923 0.768056 -2.236992 3.639059 -5.709732
0.255000 0.598758 -0.110697 0.293330 -0.738774 0.897545 0.762320 -2.213105 3.605276 -5.763132
0.256000 0.598018 -0.109798 0.294090 -0.740975 0.901134 0.756530 -2.189047 3.571392 -5.815950
0.257000 0.597276 -0.108895 0.294843 -0.743152 0.904688 0.750688 -2.164751 3.537245 -5.868271
0.258000 0.596532 -0.107988 0.295591 -0.745304 0.908208 0.744794 -2.140352 3.502894 -5.919973
0.259000 0.595785 -0.107078 0.296333 -0.747432 0.911694 0.738848 -2.115991 3.468455 -5.970940
0.260000 0.595037 -0.106165 0.297069 -0.749536 0.915145 0.732852 -2.091823 3.434149 -6.021063
0.261000 0.594286 -0.105248 0.297799 -0.751616 0.918562 0.726806 -2.068008 3.400252 -6.070236
0.262000 0.593534 -0.104328 0.298522 -0.753672 0.921946 0.720711 -2.044496 3.366763 -6.118544
0.263000 0.592779 -0.103404 0.299240 -0.755705 0.925296 0.714569 -2.021063 3.333439 -6.166212
0.264000 0.592022 -0.102477 0.299951 -0.757714 0.928612 0.708379 -1.997653 3.300226 -6.213289
0.265000 0.591263 -0.101547 0.300657 -0.759700 0.931896 0.702142 -1.974379 3.267275 -6.259653
0.266000 0.590503 -0.100613 0.301356 -0.761663 0.935147 0.695859 -1.951181 3.234516 -6.305343
0.267000 0.589740 -0.099677 0.302048 -0.763603 0.938365 0.689531 -1.927828 3.201643 -6.350582
0.268000 0.588976 -0.098737 0.302735 -0.765519 0.941550 0.683158 -1.904256 3.168508 -6.395467
0.269000 0.588209 -0.097794 0.303415 -0.767411 0.944702 0.676740 -1.880613 3.135205 -6.439918
0.270000 0.587441 -0.096847 0.304088 -0.769280 0.947821 0.670278 -1.857044 3.101875 -6.483836
0.271000 0.586671 -0.095898 0.304755 -0.771125 0.950906 0.663773 -1.833693 3.068749 -6.527103
0.272000 0.585899 -0.094946 0.305416 -0.772947 0.953958 0.657224 -1.810700 3.036105 -6.569585
0.273000 0.585125 -0.093990 0.306070 -0.774747 0.956978 0.650634 -1.787997 3.003936 -6.611331
0.274000 0.584349 -0.093032 0.306717 -0.776523 0.959966 0.644002 -1.765348 2.971984 -6.652550
0.275000 0.583572 -0.092070 0.307358 -0.778277 0.962922 0.637329 -1.742703 2.940188 -6.693326
0.276000 0.582792 -0.091106 0.307992 -0.780009 0.965846 0.630615 -1.720189 2.908699 -6.733602
0.277000 0.582012 -0.090138 0.308619 -0.781718 0.968739 0.623861 -1.697753 2.877442 -6.773454
0.278000 0.581229 -0.089168 0.309239 -0.783404 0.971601 0.617068 -1.675164 2.846084 -6.813085
0.279000 0.580445 -0.088195 0.309853 -0.785068 0.974432 0.610235 -1.652367 2.814450 -6.852554
0.280000 0.579659 -0.087219 0.310460 -0.786709 0.977230 0.603363 -1.629481 2.782542 -6.891780
0.281000 0.578871 -0.086241 0.311060 -0.788327 0.979997 0.596452 -1.606446 2.750183 -6.930812
0.282000 0.578082 -0.085259 0.311653 -0.789922 0.982731 0.589501 -1.583015 2.717062 -6.969837
0.283000 0.577292 -0.084275 0.312239 -0.791493 0.985431 0.582512 -1.559100 2.683163 -7.008914
0.284000 0.576499 -0.083289 0.312818 -0.793040 0.988097 0.575483 -1.534826 2.648773 -7.047937
0.285000 0.575705 -0.082299 0.313390 -0.794563 0.990728 0.568416 -1.510335 2.614171 -7.086790
0.286000 0.574910 -0.081307 0.313955 -0.796061 0.993325 0.561310 -1.485795 2.579615 -7.125354
0.287000 0.574113 -0.080312 0.314512 -0.797534 0.995888 0.554165 -1.461393 2.545355 -7.163501
0.288000 0.573315 -0.079315 0.315063 -0.798984 0.998416 0.546983 -1.437085 2.511337 -7.201261
0.289000 0.572515 -0.078316 0.315606 -0.800408 1.000910 0.539763 -1.412632 2.477232 -7.238804
0.290000 0.571714 -0.077313 0.316143 -0.801809 1.003370 0.532505 -1.387965 2.442863 -7.276194
0.291000 0.570912 -0.076309 0.316671 -0.803184 1.005796 0.525210 -1.363231 2.408302 -7.313346
0.292000 0.570108 -0.075302 0.317193 -0.804535 1.008187 0.517879 -1.338576 2.373686 -7.350169
0.293000 0.569303 -0.074292 0.317707 -0.805862 1.010543 0.510510 -1.314143 2.339274 -7.386563
0.294000 0.568496 -0.073281 0.318214 -0.807164 1.012866 0.503105 -1.290078 2.305389 -7.422425
0.295000 0.567688 -0.072267 0.318713 -0.808442 1.015154 0.495665 -1.266299 2.272048 -7.457785
0.296000 0.566879 -0.071250 0.319205 -0.809696 1.017410 0.488190 -1.242552 2.238996 -7.492784
0.297000 0.566069 -0.070232 0.319690 -0.810927 1.019632 0.480680 -1.218754 2.206198 -7.527438
0.298000 0.565257 -0.069211 0.320167 -0.812134 1.021822 0.473135 -1.194999 2.173853 -7.561641
0.299000 0.564445 -0.068188 0.320636 -0.813317 1.023980 0.465556 -1.171205 2.141908 -7.595401
0.300000 0.563631 -0.067163 0.321098 -0.814476 1.026106 0.457944 -1.147121 2.110029 -7.628859
0.301000 0.562816 -0.066136 0.321552 -0.815611 1.028200 0.450299 -1.122686 2.078042 -7.662079
0.302000 0.562000 -0.065107 0.321998 -0.816721 1.030262 0.442620 -1.098025 2.045966 -7.695028
0.303000 0.561182 -0.064076 0.322437 -0.817807 1.032292 0.434909 -1.073074 2.013627 -7.727758
0.304000 0.560364 -0.063042 0.322868 -0.818868 1.034289 0.427165 -1.047590 1.980714 -7.760401
0.305000 0.559545 -0.062007 0.323292 -0.819902 1.036253 0.419388 -1.021509 1.947239 -7.792971
0.306000 0.558724 -0.060970 0.323707 -0.820911 1.038184 0.411579 -0.994996 1.913547 -7.825346
0.307000 0.557903 -0.059931 0.324115 -0.821892 1.040080 0.403737 -0.968216 1.879962 -7.857407
0.308000 0.557080 -0.058890 0.324514 -0.822847 1.041944 0.395864 -0.941330 1.846777 -7.889041
0.309000 0.556257 -0.057847 0.324906 -0.823775 1.043774 0.387959 -0.914503 1.814267 -7.920136
0.310000 0.555433 -0.056802 0.325290 -0.824676 1.045572 0.380023 -0.887666 1.782385 -7.950697
0.311000 0.554608 -0.055756 0.325666 -0.825550 1.047339 0.372058 -0.860577 1.750796 -7.980832
0.312000 0.553782 -0.054707 0.326035 -0.826397 1.049074 0.364062 -0.833194 1.719333 -8.010578
0.313000 0.552955 -0.053657 0.326395 -0.827217 1.050777 0.356036 -0.805661 1.688027 -8.039887
0.314000 0.552127 -0.052606 0.326747 -0.828009 1.052450 0.347982 -0.777934 1.656713 -8.068783
0.315000 0.551299 -0.051553 0.327091 -0.828773 1.054091 0.339899 -0.749767 1.625078 -8.097363
0.316000 0.550470 -0.050498 0.327426 -0.829508 1.055700 0.331787 -0.721089 1.593144 -8.125638
0.317000 0.549640 -0.049441 0.327754 -0.830215 1.057277 0.323648 -0.692008 1.561209 -8.153526
0.318000 0.548809 -0.048383 0.328074 -0.830892 1.058822 0.315480 -0.662451 1.529298 -8.181020
0.319000 0.547978 -0.047323 0.328385 -0.831540 1.060336 0.307286 -0.632159 1.497145 -8.208186
0.320000 0.547146 -0.046262 0.328688 -0.832156 1.061817 0.299064 -0.601056 1.464702 -8.235002
0.321000 0.546314 -0.045200 0.328983 -0.832742 1.063265 0.290816 -0.569296 1.432212 -8.261340
0.322000 0.545481 -0.044136 0.329270 -0.833295 1.064681 0.282541 -0.537043 1.399885 -8.287091
0.323000 0.544647 -0.043070 0.329548 -0.833816 1.066065 0.274241 -0.504474 1.367866 -8.312181
0.324000 0.543813 -0.042004 0.329818 -0.834304 1.067417 0.265917 -0.471775 1.336266 -8.336555
0.325000 0.542979 -0.040936 0.330080 -0.834759 1.068737 0.257568 -0.438895 1.304928 -8.360231
0.326000 0.542144 -0.039866 0.330333 -0.835182 1.070027 0.249196 -0.405590 1.273536 -8.383282
0.327000 0.541308 -0.038796 0.330579 -0.835571 1.071284 0.240802 -0.371810 1.242095 -8.405710
0.328000 0.540472 -0.037724 0.330815 -0.835925 1.072511 0.232385 -0.337691 1.210887 -8.427447
0.329000 0.539636 -0.036651 0.331043 -0.836246 1.073706 0.223947 -0.303181 1.179927 -8.448479
0.330000 0.538800 -0.035576 0.331263 -0.836532 1.074871 0.215488 -0.268035 1.148942 -8.468845
0.331000 0.537963 -0.034501 0.331474 -0.836782 1.076004 0.207009 -0.232201 1.117896 -8.488515
0.332000 0.537126 -0.033424 0.331677 -0.836996 1.077106 0.198511 -0.195862 1.087050 -8.507378
0.333000 0.536289 -0.032347 0.331871 -0.837174 1.078178 0.189994 -0.159201 1.056616 -8.525341
0.334000 0.535452 -0.031268 0.332057 -0.837315 1.079220 0.181460 -0.122403 1.026711 -8.542348
0.335000 0.534615 -0.030188 0.332234 -0.837419 1.080232 0.172910 -0.085651 0.997399 -8.558362
0.336000 0.533777 -0.029107 0.332403 -0.837486 1.081215 0.164344 -0.048891 0.968486 -8.573389
0.337000 0.532940 -0.028026 0.332563 -0.837516 1.082169 0.155763 -0.011878 0.939633 -8.587461
0.338000 0.532102 -0.026943 0.332714 -0.837510 1.083094 0.147169 0.025443 0.910831 -8.600546
0.339000 0.531265 -0.025860 0.332857 -0.837465 1.083990 0.138562 0.062937 0.882353 -8.612554
0.340000 0.530427 -0.024775 0.332991 -0.837384 1.084858 0.129944 0.100658 0.854200 -8.623438
0.341000 0.529590 -0.023690 0.333117 -0.837264 1.085699 0.121315 0.138851 0.826101 -8.633204
0.342000 0.528753 -0.022604 0.333234 -0.837106 1.086511 0.112677 0.177571 0.798035 -8.641837
0.343000 0.527916 -0.021517 0.333342 -0.836909 1.087295 0.104031 0.216681 0.770233 -8.649281
0.344000 0.527079 -0.020429 0.333442 -0.836673 1.088051 0.095379 0.256235 0.742657 -8.655509
0.345000 0.526242 -0.019341 0.333533 -0.836396 1.088780 0.086720 0.296465 0.714940 -8.660535
0.346000 0.525406 -0.018252 0.333616 -0.836080 1.089481 0.078058 0.337400 0.686851 -8.664365
0.347000 0.524570 -0.017162 0.333689 -0.835722 1.090154 0.069392 0.378823 0.658415 -8.666969
0.348000 0.523735 -0.016071 0.333754 -0.835322 1.090798 0.060724 0.420535 0.629731 -8.668303
0.349000 0.522900 -0.014980 0.333811 -0.834881 1.091413 0.052055 0.462366 0.601039 -8.668296
0.350000 0.522065 -0.013888 0.333858 -0.834397 1.092000 0.043387 0.504163 0.572650 -8.666863
0.351000 0.521231 -0.012796 0.333898 -0.833872 1.092558 0.034721 0.546002 0.544561 -8.663948
0.352000 0.520397 -0.011703 0.333928 -0.833305 1.093089 0.026059 0.588137 0.516491 -8.659536
0.353000 0.519564 -0.010610 0.333950 -0.832696 1.093591 0.017402 0.630620 0.488412 -8.653626
0.354000 0.518732 -0.009516 0.333963 -0.832044 1.094066 0.008752 0.673310 0.460548 -8.646204
0.355000 0.517900 -0.008422 0.333967 -0.831349 1.094513 0.000110 0.716257 0.432853 -8.637258
0.356000 0.517069 -0.007327 0.333963 -0.830612 1.094932 -0.008523 0.759701 0.404944 -8.626781
0.357000 0.516239 -0.006232 0.333950 -0.829830 1.095322 -0.017144 0.803689 0.376556 -8.614768
0.358000 0.515409 -0.005136 0.333929 -0.829004 1.095685 -0.025752 0.848034 0.347678 -8.601206
0.359000 0.514581 -0.004041 0.333899 -0.828134 1.096018 -0.034346 0.892555 0.318388 -8.586075
0.360000 0.513753 -0.002944 0.333860 -0.827219 1.096321 -0.042924 0.937084 0.288935 -8.569345
0.361000 0.512926 -0.001848 0.333813 -0.826260 1.096596 -0.051485 0.981463 0.259658 -8.550979
0.362000 0.512101 -0.000751 0.333757 -0.825256 1.096841 -0.060026 1.025762 0.230573 -8.530935
0.363000 0.511276 0.000346 0.333693 -0.824208 1.097057 -0.068547 1.070225 0.201395 -8.509190
0.364000 0.510452 0.001443 0.333620 -0.823116 1.097244 -0.077045 1.114896 0.172067 -8.485758
0.365000 0.509630 0.002540 0.333539 -0.821978 1.097401 -0.085518 1.159625 0.142778 -8.460670
0.366000 0.508808 0.003638 0.333449 -0.820796 1.097529 -0.093966 1.204453 0.113452 -8.433930
0.367000 0.507988 0.004735 0.333351 -0.819570 1.097628 -0.102386 1.249609 0.083704 -8.405521
0.368000 0.507169 0.005833 0.333244 -0.818297 1.097697 -0.110777 1.295131 0.053291 -8.375456
0.369000 0.506351 0.006931 0.333129 -0.816979 1.097734 -0.119137 1.340820 0.022231 -8.343771
0.370000 0.505535 0.008028 0.333006 -0.815616 1.097741 -0.127465 1.386495 -0.009372 -8.310487
0.371000 0.504720 0.009126 0.332874 -0.814206 1.097716 -0.135758 1.432003 -0.041263 -8.275601
0.372000 0.503907 0.010224 0.332734 -0.812752 1.097658 -0.144016 1.477206 -0.073100 -8.239094
0.373000 0.503095 0.011321 0.332586 -0.811252 1.097570 -0.152236 1.522188 -0.104872 -8.200918
0.374000 0.502284 0.012419 0.332430 -0.809707 1.097449 -0.160418 1.567200 -0.136861 -8.161043
0.375000 0.501475 0.013516 0.332265 -0.808117 1.097296 -0.168558 1.612299 -0.169126 -8.119524
0.376000 0.500668 0.014614 0.332093 -0.806483 1.097110 -0.176657 1.657356 -0.201480 -8.076474
0.377000 0.499862 0.015711 0.331912 -0.804803 1.096893 -0.184711 1.702423 -0.233996 -8.031940
0.378000 0.499058 0.016807 0.331723 -0.803078 1.096642 -0.192721 1.747734 -0.267061 -7.985900
0.379000 0.498256 0.017904 0.331527 -0.801307 1.096359 -0.200683 1.793340 -0.300916 -7.938361
0.380000 0.497456 0.019000 0.331322 -0.799491 1.096041 -0.208597 1.839059 -0.335541 -7.889379
0.381000 0.496657 0.020096 0.331109 -0.797629 1.095688 -0.216462 1.884718 -0.370832 -7.838997
0.382000 0.495861 0.021191 0.330889 -0.795722 1.095299 -0.224275 1.930158 -0.406531 -7.787230
0.383000 0.495066 0.022287 0.330661 -0.793769 1.094875 -0.232036 1.975225 -0.442296 -7.734080
0.384000 0.494273 0.023381 0.330425 -0.791771 1.094414 -0.239743 2.019984 -0.478108 -7.679497
0.385000 0.493482 0.024475 0.330181 -0.789729 1.093918 -0.247395 2.064667 -0.514240 -7.623435
0.386000 0.492694 0.025569 0.329930 -0.787642 1.093386 -0.254990 2.109313 -0.550720 -7.565973
0.387000 0.491907 0.026662 0.329671 -0.785510 1.092817 -0.262527 2.153772 -0.587323 -7.507275
0.388000 0.491123 0.027755 0.329405 -0.783334 1.092211 -0.270005 2.198079 -0.624094 -7.447410
0.389000 0.490340 0.028847 0.329131 -0.781114 1.091569 -0.277422 2.242457 -0.661404 -7.386345
0.390000 0.489560 0.029938 0.328850 -0.778849 1.090888 -0.284778 2.286961 -0.699488 -7.324088
0.391000 0.488783 0.031028 0.328562 -0.776540 1.090170 -0.292070 2.331423 -0.738322 -7.260720
0.392000 0.488007 0.032118 0.328266 -0.774187 1.089412 -0.299299 2.375685 -0.777796 -7.196306
0.393000 0.487234 0.033207 0.327963 -0.771789 1.088614 -0.306463 2.419599 -0.817645 -7.130891
0.394000 0.486464 0.034295 0.327653 -0.769347 1.087777 -0.313561 2.463024 -0.857521 -7.064501
0.395000 0.485696 0.035383 0.327336 -0.766863 1.086899 -0.320592 2.506031 -0.897401 -6.997091
0.396000 0.484930 0.036469 0.327012 -0.764335 1.085982 -0.327555 2.548859 -0.937559 -6.928595
0.397000 0.484167 0.037555 0.326681 -0.761765 1.085024 -0.334449 2.591573 -0.978043 -6.859095
0.398000 0.483406 0.038639 0.326343 -0.759152 1.084026 -0.341273 2.634069 -1.018654 -6.788780
0.399000 0.482649 0.039723 0.325998 -0.756497 1.082987 -0.348027 2.676403 -1.059452 -6.717724
0.400000 0.481893 0.040805 0.325647 -0.753799 1.081907 -0.354709 2.718796 -1.100799 -6.645876
0.401000 0.481141 0.041887 0.325289 -0.751059 1.080785 -0.361318 2.761278 -1.142897 -6.573252
0.402000 0.480391 0.042967 0.324924 -0.748277 1.079621 -0.367855 2.803655 -1.185680 -6.499962
0.403000 0.479644 0.044046 0.324553 -0.745452 1.078414 -0.374318 2.845741 -1.229012 -6.426096
0.404000 0.478900 0.045124 0.324176 -0.742585 1.077163 -0.380707 2.887361 -1.272635 -6.351705
0.405000 0.478159 0.046200 0.323792 -0.739677 1.075868 -0.387022 2.928346 -1.316220 -6.276816
0.406000 0.477421 0.047275 0.323402 -0.736729 1.074530 -0.393261 2.968740 -1.359759 -6.201368
0.407000 0.476686 0.048349 0.323005 -0.733740 1.073149 -0.399424 3.008764 -1.403526 -6.125275
0.408000 0.475954 0.049422 0.322603 -0.730711 1.071723 -0.405511 3.048479 -1.447556 -6.048629
0.409000 0.475224 0.050493 0.322194 -0.727643 1.070254 -0.411522 3.087782 -1.491637 -5.971649
0.410000 0.474498 0.051562 0.321780 -0.724536 1.068740 -0.417455 3.126731 -1.535818 -5.894421
0.411000 0.473775 0.052630 0.321359 -0.721389 1.067182 -0.423311 3.165533 -1.580446 -5.816866
0.412000 0.473055 0.053696 0.320933 -0.718204 1.065579 -0.429089 3.204213 -1.625709 -5.738963
0.413000 0.472339 0.054761 0.320501 -0.714981 1.063931 -0.434788 3.242584 -1.671528 -5.660792
0.414000 0.471625 0.055824 0.320064 -0.711719 1.062236 -0.440410 3.280460 -1.717763 -5.582412
0.415000 0.470915 0.056886 0.319620 -0.708420 1.060495 -0.445953 3.317671 -1.764164 -5.503846
0.416000 0.470209 0.057945 0.319172 -0.705084 1.058708 -0.451418 3.354050 -1.810423 -5.425092
0.417000 0.469505 0.059003 0.318718 -0.701712 1.056874 -0.456803 3.389635 -1.856540 -5.346056
0.418000 0.468805 0.060059 0.318258 -0.698305 1.054995 -0.462110 3.424645 -1.902793 -5.266631
0.419000 0.468109 0.061113 0.317793 -0.694863 1.053069 -0.467337 3.459159 -1.949228 -5.186925
0.420000 0.467416 0.062165 0.317323 -0.691386 1.051096 -0.472484 3.493108 -1.995649 -5.107200
0.421000 0.466726 0.063215 0.316848 -0.687876 1.049078 -0.477551 3.526567 -2.042108 -5.027559
0.422000 0.466040 0.064263 0.316368 -0.684333 1.047012 -0.482539 3.559738 -2.088935 -4.947918
0.423000 0.465357 0.065309 0.315883 -0.680757 1.044900 -0.487447 3.592641 -2.136276 -4.868252
0.424000 0.464678 0.066353 0.315393 -0.677148 1.042740 -0.492275 3.625125 -2.184060 -4.788633
0.425000 0.464003 0.067395 0.314899 -0.673507 1.040532 -0.497024 3.657202 -2.232427 -4.709015
0.426000 0.463331 0.068434 0.314399 -0.669834 1.038275 -0.501693 3.689062 -2.281688 -4.629221
0.427000 0.462663 0.069471 0.313895 -0.666129 1.035968 -0.506283 3.720756 -2.331858 -4.549150
0.428000 0.461999 0.070506 0.313387 -0.662392 1.033611 -0.510792 3.752154 -2.382631 -4.468822
0.429000 0.461338 0.071539 0.312874 -0.658624 1.031203 -0.515220 3.783125 -2.433715 -4.388313
0.430000 0.460682 0.072569 0.312356 -0.654826 1.028744 -0.519568 3.813555 -2.484847 -4.307801
0.431000 0.460029 0.073596 0.311835 -0.650997 1.026233 -0.523836 3.843333 -2.535777 -4.227519
0.432000 0.459380 0.074621 0.311309 -0.647139 1.023672 -0.528023 3.872520 -2.586561 -4.147525
0.433000 0.458735 0.075643 0.310779 -0.643252 1.021060 -0.532131 3.901299 -2.637527 -4.067704
0.434000 0.458093 0.076663 0.310244 -0.639337 1.018397 -0.536159 3.929679 -2.688819 -3.988035
0.435000 0.457456 0.077680 0.309706 -0.635393 1.015682 -0.540107 3.957465 -2.740317 -3.908633
0.436000 0.456822 0.078695 0.309164 -0.631422 1.012916 -0.543976 3.984479 -2.791854 -3.829587
0.437000 0.456193 0.079706 0.308618 -0.627424 1.010099 -0.547766 4.010569 -2.843185 -3.750934
0.438000 0.455568 0.080715 0.308069 -0.623400 1.007230 -0.551478 4.035594 -2.894019 -3.672683
0.439000 0.454946 0.081720 0.307515 -0.619353 1.004311 -0.555112 4.059598 -2.944364 -3.594719
0.440000 0.454329 0.082723 0.306959 -0.615281 1.001341 -0.558667 4.082790 -2.994486 -3.516891
0.441000 0.453716 0.083723 0.306398 -0.611187 0.998322 -0.562145 4.105275 -3.044434 -3.439268
0.442000 0.453107 0.084720 0.305834 -0.607071 0.995252 -0.565546 4.127040 -3.094027 -3.362086
0.443000 0.452502 0.085714 0.305267 -0.602933 0.992134 -0.568870 4.148182 -3.143314 -3.285414
0.444000 0.451901 0.086704 0.304696 -0.598774 0.988966 -0.572117 4.168883 -3.192592 -3.209115
0.445000 0.451304 0.087692 0.304123 -0.594595 0.985748 -0.575288 4.189137 -3.241951 -3.133133
0.446000 0.450711 0.088676 0.303546 -0.590396 0.982482 -0.578383 4.208745 -3.291210 -3.057547
0.447000 0.450123 0.089657 0.302966 -0.586178 0.979166 -0.581403 4.227529 -3.340176 -2.982417
0.448000 0.449539 0.090634 0.302383 -0.581941 0.975801 -0.584348 4.245355 -3.388637 -2.907770
0.449000 0.448959 0.091608 0.301797 -0.577687 0.972389 -0.587218 4.262107 -3.436370 -2.833613
0.450000 0.448384 0.092579 0.301209 -0.573417 0.968929 -0.590015 4.277838 -3.483425 -2.759822
0.451000 0.447812 0.093546 0.300617 -0.569131 0.965422 -0.592738 4.292742 -3.530077 -2.686232
0.452000 0.447245 0.094510 0.300023 -0.564831 0.961869 -0.595388 4.306909 -3.576370 -2.612907
0.453000 0.446683 0.095470 0.299426 -0.560518 0.958269 -0.597964 4.320315 -3.622121 -2.540083
0.454000 0.446124 0.096426 0.298827 -0.556191 0.954624 -0.600468 4.333040 -3.667372 -2.467825
0.455000 0.445570 0.097379 0.298226 -0.551851 0.950934 -0.602900 4.345251 -3.712402 -2.395997
0.456000 0.445021 0.098328 0.297621 -0.547500 0.947200 -0.605260 4.356950 -3.757294 -2.324563
0.457000 0.444475 0.099273 0.297015 -0.543138 0.943420 -0.607549 4.367960 -3.801866 -2.253643
0.458000 0.443934 0.100215 0.296406 -0.538764 0.939596 -0.609767 4.378121 -3.845932 -2.183317
0.459000 0.443398 0.101153 0.295796 -0.534381 0.935728 -0.611915 4.387297 -3.889304 -2.113605
0.460000 0.442866 0.102086 0.295183 -0.529990 0.931817 -0.613994 4.395363 -3.931788 -2.044490
0.461000 0.442338 0.103016 0.294568 -0.525591 0.927864 -0.616004 4.402356 -3.973452 -1.975824
0.462000 0.441815 0.103942 0.293951 -0.521185 0.923870 -0.617946 4.408452 -4.014569 -1.907426
0.463000 0.441296 0.104864 0.293332 -0.516774 0.919835 -0.619819 4.413750 -4.055198 -1.839359
0.464000 0.440781 0.105782 0.292711 -0.512357 0.915760 -0.621625 4.418243 -4.095185 -1.771871
0.465000 0.440271 0.106696 0.292088 -0.507937 0.911645 -0.623363 4.422022 -4.134580 -1.705027
0.466000 0.439765 0.107605 0.291464 -0.503513 0.907491 -0.625035 4.425247 -4.173642 -1.638679
0.467000 0.439264 0.108510 0.290838 -0.499087 0.903298 -0.626640 4.427926 -4.212414 -1.572773
0.468000 0.438767 0.109412 0.290211 -0.494658 0.899066 -0.628180 4.429909 -4.250676 -1.507407
0.469000 0.438274 0.110309 0.289582 -0.490227 0.894796 -0.629655 4.431058 -4.288220 -1.442652
0.470000 0.437786 0.111201 0.288952 -0.485795 0.890489 -0.631065 4.431262 -4.324864 -1.378534
0.471000 0.437303 0.112090 0.288320 -0.481364 0.886147 -0.632412 4.430421 -4.360439 -1.315049
0.472000 0.436824 0.112974 0.287687 -0.476935 0.881769 -0.633696 4.428577 -4.395024 -1.252059
0.473000 0.436349 0.113853 0.287052 -0.472507 0.877356 -0.634916 4.425901 -4.428887 -1.189374
0.474000 0.435879 0.114728 0.286417 -0.468083 0.872911 -0.636074 4.422497 -4.462097 -1.127043
0.475000 0.435413 0.115599 0.285780 -0.463662 0.868432 -0.637170 4.418354 -4.494473 -1.065330
0.476000 0.434951 0.116465 0.285143 -0.459246 0.863922 -0.638205 4.413432 -4.525827 -1.004456
0.477000 0.434494 0.117327 0.284504 -0.454835 0.859381 -0.639179 4.407640 -4.555968 -0.944565
0.478000 0.434042 0.118184 0.283864 -0.450431 0.854810 -0.640094 4.400857 -4.584701 -0.885756
0.479000 0.433593 0.119036 0.283224 -0.446034 0.850211 -0.640951 4.393091 -4.612079 -0.827947
0.480000 0.433150 0.119884 0.282582 -0.441645 0.845586 -0.641750 4.384463 -4.638369 -0.770901
0.481000 0.432710 0.120728 0.281940 -0.437265 0.840935 -0.642493 4.374995 -4.663688 -0.714486
0.482000 0.432275 0.121566 0.281297 -0.432895 0.836258 -0.643179 4.364605 -4.687972 -0.658689
0.483000 0.431844 0.122400 0.280654 -0.428535 0.831559 -0.643810 4.353317 -4.711331 -0.603384
0.484000 0.431418 0.123229 0.280010 -0.424188 0.826836 -0.644386 4.341284 -4.734036 -0.548383
0.485000 0.430996 0.124054 0.279365 -0.419853 0.822090 -0.644907 4.328617 -4.756163 -0.493727
0.486000 0.430578 0.124873 0.278720 -0.415531 0.817323 -0.645373 4.315327 -4.777550 -0.439672
0.487000 0.430165 0.125688 0.278074 -0.411222 0.812535 -0.645786 4.301387 -4.798022 -0.386441
0.488000 0.429756 0.126499 0.277428 -0.406928 0.807727 -0.646146 4.286707 -4.817383 -0.334195
0.489000 0.429351 0.127304 0.276782 -0.402649 0.802901 -0.646454 4.271155 -4.835427 -0.283062
0.490000 0.428951 0.128104 0.276135 -0.398386 0.798057 -0.646712 4.254723 -4.852182 -0.232977
0.491000 0.428554 0.128900 0.275489 -0.394139 0.793196 -0.646920 4.237515 -4.867899 -0.183708
0.492000 0.428162 0.129691 0.274842 -0.389911 0.788321 -0.647080 4.219560 -4.882694 -0.135119
0.493000 0.427775 0.130477 0.274194 -0.385700 0.783431 -0.647191 4.200799 -4.896521 -0.087191
0.494000 0.427391 0.131258 0.273547 -0.381509 0.778528 -0.647254 4.181261 -4.909492 -0.039794
0.495000 0.427012 0.132034 0.272900 -0.377338 0.773612 -0.647270 4.161085 -4.921869 0.007275
0.496000 0.426636 0.132805 0.272253 -0.373187 0.768684 -0.647239 4.140364 -4.933728 0.054004
0.497000 0.426265 0.133571 0.271605 -0.369057 0.763744 -0.647162 4.119103 -4.944928 0.100172
0.498000 0.425898 0.134332 0.270958 -0.364949 0.758794 -0.647039 4.097287 -4.955312 0.145584
0.499000 0.425535 0.135089 0.270311 -0.360862 0.753834 -0.646871 4.074866 -4.964706 0.190091
0.500000 0.425176 0.135840 0.269665 -0.356799 0.748865 -0.646659 4.051768 -4.972918 0.233568
0.501000 0.424822 0.136586 0.269018 -0.352759 0.743888 -0.646404 4.028017 -4.979982 0.276079
0.502000 0.424471 0.137328 0.268372 -0.348743 0.738905 -0.646107 4.003712 -4.986136 0.317858
0.503000 0.424124 0.138064 0.267726 -0.344751 0.733916 -0.645768 3.978871 -4.991496 0.359038
0.504000 0.423781 0.138796 0.267080 -0.340785 0.728922 -0.645389 3.953423 -4.996032 0.399639
0.505000 0.423443 0.139522 0.266435 -0.336845 0.723924 -0.644969 3.927382 -4.999858 0.439788
0.506000 0.423108 0.140243 0.265790 -0.332930 0.718922 -0.644509 3.900876 -5.003221 0.479687
0.507000 0.422777 0.140960 0.265146 -0.329043 0.713917 -0.644009 3.874005 -5.006202 0.519322
0.508000 0.422450 0.141671 0.264502 -0.325182 0.708910 -0.643470 3.846821 -5.008716 0.558503
0.509000 0.422126 0.142378 0.263859 -0.321349 0.703900 -0.642892 3.819418 -5.010829 0.597212
0.510000 0.421807 0.143079 0.263216 -0.317544 0.698888 -0.642276 3.791907 -5.012739 0.635616
0.511000 0.421491 0.143775 0.262575 -0.313765 0.693874 -0.641621 3.764280 -5.014454 0.673765
0.512000 0.421179 0.144467 0.261933 -0.310015 0.688859 -0.640928 3.736422 -5.015767 0.711538
0.513000 0.420871 0.145153 0.261293 -0.306293 0.683843 -0.640198 3.708238 -5.016513 0.748831
0.514000 0.420567 0.145835 0.260653 -0.302599 0.678826 -0.639431 3.679678 -5.016595 0.785571
0.515000 0.420266 0.146511 0.260014 -0.298933 0.673810 -0.638627 3.650711 -5.015953 0.821698
0.516000 0.419969 0.147182 0.259376 -0.295297 0.668794 -0.637787 3.621388 -5.014703 0.857312
0.517000 0.419675 0.147848 0.258738 -0.291690 0.663780 -0.636912 3.591825 -5.013079 0.892606
0.518000 0.419386 0.148510 0.258102 -0.288113 0.658768 -0.636002 3.562088 -5.011162 0.927584
0.519000 0.419099 0.149166 0.257466 -0.284566 0.653758 -0.635057 3.532188 -5.008882 0.962083
0.520000 0.418816 0.149817 0.256832 -0.281049 0.648750 -0.634078 3.502185 -5.006305 0.996100
0.521000 0.418537 0.150463 0.256198 -0.277562 0.643745 -0.633065 3.472181 -5.003615 1.029806
0.522000 0.418261 0.151105 0.255566 -0.274105 0.638743 -0.632018 3.442205 -5.000822 1.063244
0.523000 0.417989 0.151741 0.254934 -0.270677 0.633744 -0.630939 3.412205 -4.997737 1.096282
0.524000 0.417720 0.152372 0.254304 -0.267280 0.628747 -0.629826 3.382124 -4.994211 1.128808
0.525000 0.417454 0.152998 0.253674 -0.263913 0.623755 -0.628681 3.351904 -4.990166 1.160736
0.526000 0.417192 0.153620 0.253046 -0.260576 0.618767 -0.627504 3.321483 -4.985561 1.192000
0.527000 0.416933 0.154236 0.252419 -0.257270 0.613784 -0.626297 3.290876 -4.980510 1.222689
0.528000 0.416678 0.154847 0.251794 -0.253995 0.608806 -0.625059 3.260183 -4.975236 1.252996
0.529000 0.416425 0.155454 0.251169 -0.250750 0.603834 -0.623791 3.229485 -4.969821 1.282938
0.530000 0.416176 0.156055 0.250546 -0.247536 0.598866 -0.622493 3.198824 -4.964208 1.312375
0.531000 0.415930 0.156651 0.249924 -0.244352 0.593905 -0.621166 3.168274 -4.958463 1.341318
0.532000 0.415687 0.157243 0.249304 -0.241199 0.588950 -0.619811 3.137922 -4.952749 1.369934
0.533000 0.415448 0.157829 0.248685 -0.238076 0.584000 -0.618426 3.107765 -4.947048 1.398256
0.534000 0.415211 0.158411 0.248067 -0.234984 0.579055 -0.617014 3.077716 -4.941156 1.426142
0.535000 0.414978 0.158987 0.247451 -0.231921 0.574117 -0.615574 3.047695 -4.934917 1.453474
0.536000 0.414747 0.159559 0.246836 -0.228888 0.569186 -0.614107 3.017634 -4.928260 1.480182
0.537000 0.414520 0.160126 0.246222 -0.225886 0.564261 -0.612614 2.987469 -4.921161 1.506216
0.538000 0.414296 0.160688 0.245611 -0.222913 0.559343 -0.611095 2.957212 -4.913734 1.531679
0.539000 0.414074 0.161244 0.245000 -0.219971 0.554433 -0.609550 2.926946 -4.906179 1.556771
0.540000 0.413856 0.161796 0.244391 -0.217059 0.549531 -0.607981 2.896747 -4.898553 1.581519
0.541000 0.413640 0.162343 0.243784 -0.214178 0.544636 -0.606387 2.866647 -4.890748 1.605770
0.542000 0.413427 0.162886 0.243179 -0.211326 0.539749 -0.604770 2.836656 -4.882634 1.629375
0.543000 0.413217 0.163423 0.242575 -0.208504 0.534871 -0.603129 2.806753 -4.874047 1.652201
0.544000 0.413010 0.163955 0.241972 -0.205713 0.530001 -0.601465 2.776895 -4.864800 1.674120
0.545000 0.412806 0.164483 0.241372 -0.202951 0.525141 -0.599780 2.747095 -4.854876 1.695179
0.546000 0.412604 0.165006 0.240773 -0.200218 0.520292 -0.598075 2.717409 -4.844433 1.715576
0.547000 0.412406 0.165524 0.240176 -0.197516 0.515453 -0.596349 2.687842 -4.833564 1.735400
0.548000 0.412209 0.166037 0.239580 -0.194843 0.510624 -0.594604 2.658352 -4.822262 1.754624
0.549000 0.412016 0.166545 0.238986 -0.192199 0.505808 -0.592840 2.628943 -4.810619 1.773333
0.550000 0.411825 0.167048 0.238394 -0.189585 0.501003 -0.591057 2.599693 -4.798813 1.791719
0.551000 0.411637 0.167547 0.237804 -0.187000 0.496210 -0.589256 2.570673 -4.786901 1.809818
0.552000 0.411451 0.168041 0.237216 -0.184444 0.491429 -0.587438 2.541919 -4.774796 1.827495
0.553000 0.411268 0.168530 0.236629 -0.181916 0.486661 -0.585601 2.513438 -4.762385 1.844617
0.554000 0.411087 0.169014 0.236045 -0.179417 0.481905 -0.583748 2.485190 -4.749526 1.861069
0.555000 0.410909 0.169493 0.235462 -0.176946 0.477162 -0.581879 2.457106 -4.736049 1.876740
0.556000 0.410733 0.169968 0.234881 -0.174502 0.472433 -0.579995 2.429172 -4.721941 1.891686
0.557000 0.410560 0.170438 0.234302 -0.172087 0.467718 -0.578096 2.401425 -4.707350 1.906104
0.558000 0.410389 0.170904 0.233725 -0.169700 0.463018 -0.576183 2.373871 -4.692371 1.920094
0.559000 0.410221 0.171364 0.233150 -0.167339 0.458333 -0.574256 2.346470 -4.677016 1.933640
0.560000 0.410054 0.171820 0.232576 -0.165007 0.453664 -0.572315 2.319229 -4.661379 1.946836
0.561000 0.409891 0.172272 0.232005 -0.162701 0.449010 -0.570362 2.292206 -4.645628 1.959874
0.562000 0.409729 0.172718 0.231436 -0.160422 0.444373 -0.568396 2.265450 -4.629824 1.972798
0.563000 0.409570 0.173160 0.230868 -0.158170 0.439751 -0.566417 2.238982 -4.613927 1.985518
0.564000 0.409413 0.173598 0.230303 -0.155944 0.435145 -0.564425 2.212845 -4.597981 1.998070
0.565000 0.409258 0.174031 0.229739 -0.153744 0.430555 -0.562420 2.187090 -4.582098 2.010629
0.566000 0.409105 0.174459 0.229178 -0.151570 0.425981 -0.560403 2.161709 -4.566240 2.023253
0.567000 0.408955 0.174883 0.228619 -0.149421 0.421422 -0.558374 2.136638 -4.550229 2.035848
0.568000 0.408806 0.175302 0.228061 -0.147297 0.416880 -0.556332 2.111819 -4.533920 2.048326
0.569000 0.408660 0.175716 0.227506 -0.145197 0.412354 -0.554277 2.087208 -4.517244 2.060613
0.570000 0.408516 0.176127 0.226953 -0.143122 0.407846 -0.552211 2.062768 -4.500167 2.072643
0.571000 0.408374 0.176532 0.226401 -0.141072 0.403354 -0.550132 2.038507 -4.482760 2.084492
0.572000 0.408234 0.176933 0.225852 -0.139045 0.398880 -0.548042 2.014481 -4.465165 2.096351
0.573000 0.408096 0.177330 0.225305 -0.137043 0.394424 -0.545939 1.990742 -4.447419 2.108293
0.574000 0.407960 0.177722 0.224760 -0.135064 0.389985 -0.543825 1.967314 -4.429445 2.120243
0.575000 0.407826 0.178110 0.224218 -0.133108 0.385565 -0.541699 1.944202 -4.411149 2.132126
0.576000 0.407693 0.178493 0.223677 -0.131176 0.381163 -0.539561 1.921379 -4.392421 2.143864
0.577000 0.407563 0.178872 0.223139 -0.129266 0.376780 -0.537411 1.898799 -4.373137 2.155378
0.578000 0.407435 0.179247 0.222602 -0.127378 0.372417 -0.535250 1.876454 -4.353290 2.166729
0.579000 0.407309 0.179617 0.222068 -0.125513 0.368073 -0.533078 1.854377 -4.332991 2.178094
0.580000 0.407184 0.179983 0.221536 -0.123669 0.363751 -0.530894 1.832581 -4.312295 2.189531
0.581000 0.407061 0.180345 0.221006 -0.121847 0.359449 -0.528698 1.811052 -4.291186 2.200981
0.582000 0.406940 0.180702 0.220479 -0.120047 0.355168 -0.526492 1.789800 -4.269719 2.212498
0.583000 0.406821 0.181055 0.219953 -0.118268 0.350909 -0.524273 1.768861 -4.248028 2.224261
0.584000 0.406704 0.181404 0.219430 -0.116509 0.346672 -0.522043 1.748243 -4.226182 2.236345
0.585000 0.406588 0.181748 0.218909 -0.114771 0.342457 -0.519801 1.727924 -4.204183 2.248715
0.586000 0.406474 0.182089 0.218391 -0.113054 0.338264 -0.517546 1.707909 -4.182089 2.261442
0.587000 0.406362 0.182425 0.217874 -0.111356 0.334093 -0.515278 1.688227 -4.159996 2.274696
0.588000 0.406251 0.182757 0.217360 -0.109677 0.329944 -0.512996 1.668879 -4.137885 2.288519
0.589000 0.406143 0.183085 0.216848 -0.108018 0.325817 -0.510701 1.649828 -4.115622 2.302809
0.590000 0.406035 0.183408 0.216339 -0.106377 0.321713 -0.508391 1.631039 -4.093103 2.317479
0.591000 0.405930 0.183728 0.215831 -0.104756 0.317631 -0.506066 1.612473 -4.070281 2.332469
0.592000 0.405826 0.184044 0.215326 -0.103152 0.313572 -0.503726 1.594091 -4.047140 2.347734
0.593000 0.405724 0.184355 0.214824 -0.101568 0.309537 -0.501370 1.575886 -4.023743 2.363356
0.594000 0.405623 0.184663 0.214324 -0.100001 0.305525 -0.498999 1.557887 -4.000209 2.379510
0.595000 0.405524 0.184966 0.213826 -0.098452 0.301536 -0.496611 1.540110 -3.976594 2.396249
0.596000 0.405426 0.185266 0.213330 -0.096920 0.297571 -0.494207 1.522543 -3.952868 2.413488
0.597000 0.405330 0.185561 0.212837 -0.095407 0.293630 -0.491784 1.505176 -3.928982 2.431137
0.598000 0.405235 0.185853 0.212347 -0.093910 0.289713 -0.489344 1.487993 -3.904851 2.449106
0.599000 0.405142 0.186141 0.211859 -0.092431 0.285821 -0.486886 1.470981 -3.880372 2.467303
0.600000 0.405050 0.186425 0.211373 -0.090968 0.281953 -0.484410 1.454149 -3.855530 2.485769
0.601000 0.404960 0.186705 0.210890 -0.089522 0.278110 -0.481915 1.437525 -3.830409 2.504662
0.602000 0.404871 0.186981 0.210409 -0.088093 0.274292 -0.479400 1.421114 -3.805059 2.524042
0.603000 0.404784 0.187253 0.209931 -0.086680 0.270500 -0.476867 1.404903 -3.779477 2.543870
0.604000 0.404698 0.187522 0.209456 -0.085283 0.266733 -0.474313 1.388894 -3.753711 2.564201
0.605000 0.404613 0.187787 0.208983 -0.083902 0.262992 -0.471738 1.373110 -3.727860 2.585195
0.606000 0.404530 0.188048 0.208512 -0.082537 0.259277 -0.469142 1.357551 -3.701964 2.606904
0.607000 0.404448 0.188305 0.208044 -0.081187 0.255588 -0.466524 1.342198 -3.676005 2.629277
0.608000 0.404368 0.188559 0.207579 -0.079853 0.251925 -0.463884 1.327047 -3.650016 2.652362
0.609000 0.404288 0.188809 0.207117 -0.078533 0.248288 -0.461220 1.312116 -3.624070 2.676307
0.610000 0.404211 0.189056 0.206657 -0.077228 0.244677 -0.458531 1.297402 -3.598168 2.701154
0.611000 0.404134 0.189299 0.206199 -0.075938 0.241092 -0.455817 1.282875 -3.572234 2.726816
0.612000 0.404059 0.189538 0.205745 -0.074663 0.237533 -0.453078 1.268512 -3.546213 2.753203
0.613000 0.403985 0.189774 0.205293 -0.073401 0.233999 -0.450311 1.254306 -3.520095 2.780223
0.614000 0.403912 0.190006 0.204844 -0.072154 0.230492 -0.447517 1.240256 -3.493889 2.807781
0.615000 0.403840 0.190235 0.204398 -0.070921 0.227012 -0.444695 1.226377 -3.467657 2.835905
0.616000 0.403770 0.190460 0.203955 -0.069701 0.223557 -0.441845 1.212698 -3.441489 2.864724
0.617000 0.403701 0.190682 0.203515 -0.068495 0.220129 -0.438966 1.199235 -3.415417 2.894264
0.618000 0.403633 0.190900 0.203077 -0.067303 0.216726 -0.436057 1.185986 -3.389418 2.924442
0.619000 0.403566 0.191115 0.202642 -0.066123 0.213350 -0.433117 1.172961 -3.363514 2.955279
0.620000 0.403501 0.191327 0.202211 -0.064957 0.209999 -0.430146 1.160174 -3.337761 2.986903
0.621000 0.403436 0.191535 0.201782 -0.063803 0.206674 -0.427143 1.147610 -3.312150 3.019352
0.622000 0.403373 0.191740 0.201357 -0.062662 0.203375 -0.424107 1.135229 -3.286612 3.052567
0.623000 0.403311 0.191942 0.200934 -0.061533 0.200101 -0.421038 1.123013 -3.261133 3.086584
0.624000 0.403250 0.192140 0.200514 -0.060416 0.196853 -0.417934 1.110971 -3.235779 3.121527
0.625000 0.403190 0.192336 0.200098 -0.059311 0.193630 -0.414795 1.099107 -3.210601 3.157425
0.626000 0.403131 0.192528 0.199685 -0.058217 0.190431 -0.411619 1.087407 -3.185610 3.194184
0.627000 0.403074 0.192716 0.199275 -0.057136 0.187258 -0.408407 1.075859 -3.160803 3.231707
0.628000 0.403017 0.192902 0.198868 -0.056066 0.184110 -0.405156 1.064446 -3.136163 3.269894
0.629000 0.402962 0.193085 0.198465 -0.055007 0.180986 -0.401867 1.053152 -3.111655 3.308641
0.630000 0.402907 0.193264 0.198064 -0.053959 0.177887 -0.398539 1.041978 -3.087294 3.347961
0.631000 0.402854 0.193440 0.197667 -0.052923 0.174811 -0.395171 1.030936 -3.063122 3.387960
0.632000 0.402801 0.193614 0.197274 -0.051898 0.171760 -0.391763 1.020023 -3.039123 3.428642
0.633000 0.402750 0.193784 0.196884 -0.050883 0.168733 -0.388314 1.009223 -3.015226 3.469916
0.634000 0.402700 0.193951 0.196497 -0.049879 0.165730 -0.384823 0.998531 -2.991413 3.511781
0.635000 0.402650 0.194115 0.196114 -0.048886 0.162750 -0.381290 0.987955 -2.967735 3.554340
0.636000 0.402602 0.194277 0.195735 -0.047903 0.159794 -0.377714 0.977490 -2.944238 3.597611
0.637000 0.402554 0.194435 0.195359 -0.046931 0.156862 -0.374095 0.967112 -2.920935 3.641499
0.638000 0.402508 0.194590 0.194987 -0.045969 0.153953 -0.370431 0.956807 -2.897825 3.685907
0.639000 0.402462 0.194743 0.194618 -0.045017 0.151066 -0.366723 0.946573 -2.874894 3.730734
0.640000 0.402418 0.194893 0.194253 -0.044076 0.148203 -0.362970 0.936418 -2.852112 3.775874
0.641000 0.402374 0.195039 0.193892 -0.043145 0.145362 -0.359171 0.926357 -2.829488 3.821330
0.642000 0.402332 0.195183 0.193535 -0.042223 0.142544 -0.355327 0.916401 -2.807053 3.867189
0.643000 0.402290 0.195324 0.193181 -0.041312 0.139748 -0.351437 0.906540 -2.784785 3.913445
0.644000 0.402249 0.195463 0.192832 -0.040410 0.136974 -0.347500 0.896745 -2.762619 3.960000
0.645000 0.402209 0.195598 0.192486 -0.039518 0.134223 -0.343517 0.887004 -2.740528 4.006842
0.646000 0.402170 0.195731 0.192145 -0.038636 0.131493 -0.339487 0.877325 -2.718543 4.054042
0.647000 0.402132 0.195861 0.191807 -0.037764 0.128786 -0.335409 0.867718 -2.696682 4.101579
0.648000 0.402094 0.195989 0.191474 -0.036901 0.126100 -0.331283 0.858185 -2.674936 4.149341
0.649000 0.402058 0.196114 0.191145 -0.036047 0.123436 -0.327110 0.848736 -2.653320 4.197299
0.650000 0.402022 0.196236 0.190820 -0.035203 0.120793 -0.322889 0.839386 -2.631874 4.245508
0.651000 0.401988 0.196355 0.190499 -0.034368 0.118172 -0.318619 0.830144 -2.610608 4.293931
0.652000 0.401954 0.196472 0.190183 -0.033543 0.115572 -0.314301 0.821004 -2.589495 4.342420
0.653000 0.401920 0.196586 0.189870 -0.032726 0.112993 -0.309934 0.811955 -2.568494 4.390828
0.654000 0.401888 0.196698 0.189563 -0.031919 0.110435 -0.305519 0.802967 -2.547549 4.439020
0.655000 0.401857 0.196807 0.189259 -0.031120 0.107898 -0.301056 0.794002 -2.526593 4.486868
0.656000 0.401826 0.196914 0.188961 -0.030331 0.105382 -0.296546 0.785039 -2.505599 4.534339
0.657000 0.401796 0.197018 0.188666 -0.029550 0.102887 -0.291988 0.776076 -2.484589 4.581480
0.658000 0.401767 0.197120 0.188377 -0.028779 0.100413 -0.287383 0.767115 -2.463580 4.628252
0.659000 0.401738 0.197219 0.188092 -0.028016 0.097959 -0.282731 0.758149 -2.442570 4.674529
0.660000 0.401711 0.197315 0.187811 -0.027263 0.095527 -0.278034 0.749180 -2.421572 4.720263
0.661000 0.401684 0.197410 0.187536 -0.026518 0.093116 -0.273291 0.740225 -2.400610 4.765482
0.662000 0.401658 0.197502 0.187265 -0.025782 0.090726 -0.268503 0.731308 -2.379667 4.810128
0.663000 0.401632 0.197591 0.186999 -0.025055 0.088357 -0.263670 0.722453 -2.358690 4.854037
0.664000 0.401608 0.197678 0.186737 -0.024337 0.086009 -0.258795 0.713662 -2.337625 4.897040
0.665000 0.401584 0.197763 0.186481 -0.023628 0.083682 -0.253876 0.704909 -2.316412 4.938963
0.666000 0.401560 0.197846 0.186230 -0.022927 0.081376 -0.248917 0.696151 -2.294993 4.979627
0.667000 0.401538 0.197926 0.185983 -0.022236 0.079092 -0.243917 0.687355 -2.273341 5.018952
0.668000 0.401516 0.198004 0.185742 -0.021553 0.076829 -0.238879 0.678515 -2.251462 5.056933
0.669000 0.401495 0.198080 0.185505 -0.020879 0.074589 -0.233803 0.669623 -2.229349 5.093479
0.670000 0.401474 0.198153 0.185274 -0.020213 0.072371 -0.228692 0.660664 -2.206975 5.128411
0.671000 0.401454 0.198224 0.185048 -0.019557 0.070175 -0.223546 0.651634 -2.184330 5.161631
0.672000 0.401435 0.198293 0.184827 -0.018910 0.068002 -0.218369 0.642542 -2.161434 5.193124
0.673000 0.401416 0.198360 0.184611 -0.018272 0.065852 -0.213160 0.633404 -2.138296 5.222805
0.674000 0.401398 0.198425 0.184401 -0.017643 0.063725 -0.207923 0.624238 -2.114908 5.250492
0.675000 0.401381 0.198488 0.184195 -0.017024 0.061622 -0.202659 0.615049 -2.091241 5.275997
0.676000 0.401364 0.198548 0.183995 -0.016413 0.059543 -0.197371 0.605831 -2.067233 5.299129
0.677000 0.401348 0.198607 0.183801 -0.015812 0.057488 -0.192061 0.596566 -2.042804 5.319689
0.678000 0.401333 0.198663 0.183611 -0.015220 0.055457 -0.186732 0.587241 -2.017907 5.337568
0.679000 0.401318 0.198718 0.183427 -0.014638 0.053452 -0.181386 0.577853 -1.992534 5.352726
0.680000 0.401304 0.198770 0.183248 -0.014064 0.051472 -0.176026 0.568388 -1.966682 5.365043
0.681000 0.401290 0.198821 0.183075 -0.013501 0.049519 -0.170656 0.558825 -1.940333 5.374320
0.682000 0.401277 0.198869 0.182907 -0.012947 0.047592 -0.165277 0.549154 -1.913483 5.380426
0.683000 0.401264 0.198916 0.182745 -0.012402 0.045692 -0.159895 0.539376 -1.886137 5.383300
0.684000 0.401252 0.198961 0.182587 -0.011868 0.043819 -0.154511 0.529503 -1.858288 5.382803
0.685000 0.401240 0.199004 0.182436 -0.011343 0.041975 -0.149129 0.519544 -1.829906 5.378695
0.686000 0.401229 0.199045 0.182289 -0.010829 0.040159 -0.143753 0.509501 -1.800962 5.370743
0.687000 0.401218 0.199084 0.182148 -0.010324 0.038373 -0.138388 0.499358 -1.771425 5.358723
0.688000 0.401208 0.199121 0.182012 -0.009830 0.036617 -0.133036 0.489093 -1.741262 5.342412
0.689000 0.401199 0.199157 0.181882 -0.009346 0.034891 -0.127703 0.478690 -1.710455 5.321671
0.690000 0.401190 0.199191 0.181757 -0.008873 0.033196 -0.122393 0.468149 -1.678998 5.296412
0.691000 0.401181 0.199224 0.181637 -0.008410 0.031533 -0.117110 0.457475 -1.646870 5.266458
0.692000 0.401173 0.199254 0.181523 -0.007958 0.029902 -0.111860 0.446679 -1.614034 5.231554
0.693000 0.401165 0.199283 0.181413 -0.007517 0.028304 -0.106647 0.435767 -1.580468 5.191515
0.694000 0.401158 0.199311 0.181309 -0.007086 0.026741 -0.101477 0.424748 -1.546170 5.146243
0.695000 0.401151 0.199337 0.181210 -0.006667 0.025212 -0.096354 0.413628 -1.511138 5.095591
0.696000 0.401145 0.199361 0.181117 -0.006259 0.023719 -0.091286 0.402413 -1.475358 5.039334
0.697000 0.401138 0.199384 0.181028 -0.005862 0.022261 -0.086276 0.391098 -1.438811 4.977230
0.698000 0.401133 0.199406 0.180944 -0.005477 0.020841 -0.081331 0.379664 -1.401455 4.909020
0.699000 0.401128 0.199426 0.180865 -0.005103 0.019459 -0.076458 0.368082 -1.363244 4.834431
0.700000 0.401123 0.199445 0.180791 -0.004741 0.018115 -0.071662 0.356333 -1.324143 4.753267
0.701000 0.401118 0.199462 0.180722 -0.004390 0.016810 -0.066951 0.344410 -1.284142 4.665397
0.702000 0.401114 0.199478 0.180657 -0.004052 0.015546 -0.062331 0.332315 -1.243227 4.570616
0.703000 0.401110 0.199493 0.180597 -0.003726 0.014324 -0.057810 0.320055 -1.201381 4.468647
0.704000 0.401106 0.199507 0.180542 -0.003412 0.013144 -0.053394 0.307631 -1.158592 4.359282
0.705000 0.401103 0.199520 0.180490 -0.003110 0.012007 -0.049091 0.295048 -1.114853 4.242390
0.706000 0.401100 0.199531 0.180444 -0.002822 0.010914 -0.044909 0.282309 -1.070148 4.117800
0.707000 0.401097 0.199541 0.180401 -0.002546 0.009866 -0.040856 0.269416 -1.024455 3.985287
0.708000 0.401095 0.199551 0.180362 -0.002283 0.008865 -0.036939 0.256372 -0.977756 3.844673
0.709000 0.401093 0.199559 0.180327 -0.002033 0.007911 -0.033166 0.243166 -0.930041 3.695823
0.710000 0.401091 0.199567 0.180295 -0.001796 0.007005 -0.029547 0.229777 -0.881290 3.538528
0.711000 0.401089 0.199573 0.180268 -0.001573 0.006148 -0.026089 0.216172 -0.831473 3.372497
0.712000 0.401088 0.199579 0.180243 -0.001364 0.005342 -0.022802 0.202328 -0.780550 3.197437
0.713000 0.401087 0.199584 0.180222 -0.001169 0.004587 -0.019695 0.188234 -0.728466 3.013051
0.714000 0.401085 0.199588 0.180204 -0.000988 0.003885 -0.016776 0.173892 -0.675156 2.819038
0.715000 0.401085 0.199592 0.180189 -0.000821 0.003237 -0.014056 0.159301 -0.620572 2.615172
0.716000 0.401084 0.199595 0.180176 -0.000669 0.002644 -0.011546 0.144463 -0.564687 2.401296
0.717000 0.401083 0.199597 0.180165 -0.000532 0.002107 -0.009254 0.129378 -0.507474 2.177203
0.718000 0.401083 0.199599 0.180157 -0.000410 0.001629 -0.007191 0.060887 -0.239266 1.031285
0.719000 0.401082 0.199600 0.180151 -0.000410 0.001629 -0.007191 0.060887 -0.239266 1.031285
