0.000000 0.675234 -0.191775 0.137091 0.015342 -0.016530 0.020036 -0.076297 -0.019612 0.937367
0.001000 0.675249 -0.191792 0.137110 0.015342 -0.016530 0.020036 -0.076297 -0.019612 0.937367
0.002000 0.675264 -0.191808 0.137131 0.015190 -0.016569 0.021911 -0.163726 -0.031753 1.906500
0.003000 0.675280 -0.191825 0.137154 0.015015 -0.016593 0.023849 -0.186407 -0.016461 1.970565
0.004000 0.675294 -0.191842 0.137178 0.014817 -0.016602 0.025852 -0.209930 -0.000456 2.035708
0.005000 0.675309 -0.191858 0.137205 0.014595 -0.016594 0.027921 -0.234308 0.016274 2.101933
0.006000 0.675324 -0.191875 0.137234 0.014348 -0.016570 0.030056 -0.259545 0.033736 2.169244
0.007000 0.675338 -0.191891 0.137265 0.014076 -0.016527 0.032259 -0.285630 0.051920 2.237665
0.008000 0.675352 -0.191908 0.137299 0.013777 -0.016466 0.034532 -0.312544 0.070805 2.307229
0.009000 0.675365 -0.191924 0.137335 0.013451 -0.016385 0.036874 -0.340274 0.090361 2.377925
0.010000 0.675379 -0.191941 0.137373 0.013096 -0.016285 0.039287 -0.368823 0.110544 2.449659
0.011000 0.675392 -0.191957 0.137413 0.012713 -0.016164 0.041773 -0.398202 0.131298 2.522298
0.012000 0.675404 -0.191973 0.137456 0.012300 -0.016022 0.044332 -0.428425 0.152590 2.595727
0.013000 0.675416 -0.191989 0.137502 0.011856 -0.015859 0.046965 -0.459503 0.174413 2.669882
0.014000 0.675428 -0.192005 0.137550 0.011381 -0.015674 0.049672 -0.491448 0.196782 2.744742
0.015000 0.675439 -0.192020 0.137601 0.010873 -0.015465 0.052454 -0.524272 0.219710 2.820291
0.016000 0.675450 -0.192036 0.137655 0.010332 -0.015234 0.055312 -0.557983 0.243212 2.896510
0.017000 0.675460 -0.192051 0.137712 0.009757 -0.014979 0.058247 -0.592582 0.267291 2.973376
0.018000 0.675469 -0.192066 0.137771 0.009147 -0.014700 0.061259 -0.628052 0.291938 3.050887
0.019000 0.675478 -0.192080 0.137834 0.008501 -0.014395 0.064349 -0.664369 0.317132 3.129052
0.020000 0.675486 -0.192094 0.137900 0.007819 -0.014065 0.067517 -0.701515 0.342861 3.207862
0.021000 0.675494 -0.192108 0.137969 0.007098 -0.013709 0.070765 -0.739476 0.369117 3.287272
0.022000 0.675500 -0.192122 0.138042 0.006340 -0.013327 0.074092 -0.778233 0.395888 3.367217
0.023000 0.675506 -0.192135 0.138117 0.005542 -0.012918 0.077499 -0.817758 0.423153 3.447629
0.024000 0.675511 -0.192148 0.138197 0.004704 -0.012481 0.080987 -0.858031 0.450898 3.528437
0.025000 0.675516 -0.192160 0.138279 0.003826 -0.012016 0.084556 -0.899047 0.479127 3.609595
0.026000 0.675519 -0.192172 0.138366 0.002906 -0.011523 0.088206 -0.940808 0.507850 3.691100
0.027000 0.675521 -0.192183 0.138456 0.001944 -0.011000 0.091938 -0.983318 0.537078 3.772968
0.028000 0.675523 -0.192194 0.138550 0.000939 -0.010448 0.095752 -1.026577 0.566819 3.855193
0.029000 0.675523 -0.192204 0.138647 -0.000109 -0.009867 0.099649 -1.070577 0.597076 3.937746
0.030000 0.675523 -0.192213 0.138749 -0.001202 -0.009254 0.103628 -1.115293 0.627831 4.020612
0.031000 0.675521 -0.192222 0.138855 -0.002340 -0.008611 0.107690 -1.160689 0.659060 4.103795
0.032000 0.675518 -0.192231 0.138964 -0.003523 -0.007936 0.111835 -1.206738 0.690747 4.187273
0.033000 0.675514 -0.192238 0.139078 -0.004753 -0.007229 0.116064 -1.253416 0.722888 4.271000
0.034000 0.675509 -0.192245 0.139196 -0.006030 -0.006490 0.120377 -1.300692 0.755490 4.354947
0.035000 0.675502 -0.192251 0.139319 -0.007355 -0.005718 0.124774 -1.348526 0.788559 4.439100
0.036000 0.675494 -0.192257 0.139446 -0.008727 -0.004913 0.129255 -1.396884 0.822102 4.523419
0.037000 0.675484 -0.192261 0.139578 -0.010148 -0.004074 0.133821 -1.445739 0.856137 4.607832
0.038000 0.675473 -0.192265 0.139714 -0.011619 -0.003201 0.138471 -1.495054 0.890691 4.692266
0.039000 0.675461 -0.192267 0.139854 -0.013138 -0.002293 0.143206 -1.544785 0.925803 4.776657
0.040000 0.675447 -0.192269 0.140000 -0.014708 -0.001349 0.148024 -1.594893 0.961502 4.860918
0.041000 0.675432 -0.192270 0.140151 -0.016328 -0.000370 0.152927 -1.645357 0.997798 4.944929
0.042000 0.675415 -0.192270 0.140306 -0.017999 0.000646 0.157914 -1.696157 1.034695 5.028547
0.043000 0.675396 -0.192269 0.140466 -0.019720 0.001700 0.162984 -1.747279 1.072193 5.111618
0.044000 0.675375 -0.192267 0.140632 -0.021493 0.002791 0.168137 -1.798703 1.110288 5.194002
0.045000 0.675353 -0.192263 0.140803 -0.023318 0.003920 0.173372 -1.850410 1.148968 5.275618
0.046000 0.675328 -0.192259 0.140979 -0.025194 0.005089 0.178689 -1.902377 1.188205 5.356503
0.047000 0.675302 -0.192253 0.141160 -0.027123 0.006297 0.184085 -1.954581 1.227959 5.436758
0.048000 0.675274 -0.192246 0.141347 -0.029103 0.007545 0.189562 -2.006996 1.268198 5.516419
0.049000 0.675244 -0.192238 0.141539 -0.031137 0.008833 0.195118 -2.059595 1.308895 5.595435
0.050000 0.675212 -0.192229 0.141737 -0.033223 0.010162 0.200753 -2.112348 1.350015 5.673761
0.051000 0.675178 -0.192218 0.141941 -0.035361 0.011533 0.206466 -2.165225 1.391515 5.751383
0.052000 0.675141 -0.192205 0.142150 -0.037553 0.012945 0.212256 -2.218192 1.433370 5.828279
0.053000 0.675103 -0.192192 0.142365 -0.039798 0.014400 0.218122 -2.271212 1.475583 5.904425
0.054000 0.675062 -0.192177 0.142586 -0.042095 0.015897 0.224065 -2.324249 1.518173 5.979789
0.055000 0.675018 -0.192160 0.142813 -0.044446 0.017436 0.230082 -2.377263 1.561153 6.054299
0.056000 0.674973 -0.192142 0.143046 -0.046850 0.019019 0.236173 -2.430211 1.604528 6.127875
0.057000 0.674925 -0.192122 0.143286 -0.049307 0.020645 0.242338 -2.483049 1.648305 6.200528
0.058000 0.674874 -0.192100 0.143531 -0.051816 0.022315 0.248574 -2.535729 1.692501 6.272332
0.059000 0.674821 -0.192077 0.143783 -0.054378 0.024030 0.254882 -2.588205 1.737121 6.343287
0.060000 0.674765 -0.192052 0.144041 -0.056992 0.025790 0.261261 -2.640435 1.782164 6.413312
0.061000 0.674707 -0.192026 0.144305 -0.059659 0.027594 0.267709 -2.692390 1.827632 6.482350
0.062000 0.674646 -0.191997 0.144576 -0.062377 0.029445 0.274226 -2.744046 1.873532 6.550379
0.063000 0.674582 -0.191967 0.144854 -0.065147 0.031342 0.280810 -2.795372 1.919865 6.617324
0.064000 0.674516 -0.191935 0.145138 -0.067968 0.033285 0.287460 -2.846325 1.966620 6.683037
0.065000 0.674446 -0.191900 0.145429 -0.070840 0.035275 0.294176 -2.896868 2.013794 6.747380
0.066000 0.674374 -0.191864 0.145726 -0.073762 0.037312 0.300955 -2.946967 2.061387 6.810239
0.067000 0.674299 -0.191826 0.146031 -0.076734 0.039398 0.307796 -2.996581 2.109392 6.871472
0.068000 0.674221 -0.191785 0.146342 -0.079755 0.041531 0.314698 -3.045668 2.157790 6.930956
0.069000 0.674139 -0.191743 0.146660 -0.082825 0.043713 0.321658 -3.094203 2.206571 6.988702
0.070000 0.674055 -0.191698 0.146985 -0.085943 0.045944 0.328675 -3.142175 2.255725 7.044807
0.071000 0.673967 -0.191651 0.147317 -0.089109 0.048225 0.335748 -3.189556 2.305234 7.099277
0.072000 0.673877 -0.191601 0.147657 -0.092322 0.050555 0.342874 -3.236302 2.355064 7.152000
0.073000 0.673783 -0.191550 0.148003 -0.095582 0.052935 0.350052 -3.282378 2.405167 7.202897
0.074000 0.673686 -0.191495 0.148357 -0.098887 0.055365 0.357280 -3.327762 2.455493 7.251936
0.075000 0.673585 -0.191439 0.148718 -0.102237 0.057846 0.364556 -3.372413 2.505992 7.299014
0.076000 0.673481 -0.191380 0.149086 -0.105632 0.060377 0.371878 -3.416286 2.556631 7.343941
0.077000 0.673374 -0.191318 0.149461 -0.109070 0.062959 0.379244 -3.459358 2.607401 7.386554
0.078000 0.673263 -0.191254 0.149844 -0.112551 0.065592 0.386651 -3.501634 2.658316 7.426750
0.079000 0.673149 -0.191187 0.150235 -0.116073 0.068276 0.394097 -3.543124 2.709383 7.464499
0.080000 0.673031 -0.191117 0.150633 -0.119637 0.071011 0.401580 -3.583848 2.760609 7.499898
0.081000 0.672909 -0.191045 0.151038 -0.123241 0.073797 0.409097 -3.623833 2.811998 7.533117
0.082000 0.672784 -0.190970 0.151451 -0.126885 0.076635 0.416646 -3.663070 2.863531 7.564192
0.083000 0.672656 -0.190892 0.151871 -0.130567 0.079524 0.424225 -3.701517 2.915165 7.593027
0.084000 0.672523 -0.190811 0.152299 -0.134288 0.082465 0.431832 -3.739159 2.966854 7.619595
0.085000 0.672387 -0.190727 0.152735 -0.138045 0.085458 0.439464 -3.776002 3.018553 7.643956
0.086000 0.672247 -0.190640 0.153178 -0.141840 0.088502 0.447120 -3.812022 3.070211 7.666064
0.087000 0.672103 -0.190550 0.153629 -0.145669 0.091598 0.454797 -3.847164 3.121797 7.685763
0.088000 0.671956 -0.190457 0.154088 -0.149534 0.094746 0.462492 -3.881398 3.173324 7.702969
0.089000 0.671804 -0.190360 0.154554 -0.153432 0.097945 0.470203 -3.914714 3.224839 7.717676
0.090000 0.671649 -0.190261 0.155028 -0.157363 0.101195 0.477927 -3.947079 3.276355 7.729793
0.091000 0.671490 -0.190158 0.155510 -0.161326 0.104497 0.485662 -3.978442 3.327858 7.739186
0.092000 0.671326 -0.190052 0.155999 -0.165320 0.107851 0.493405 -4.008807 3.379356 7.745890
0.093000 0.671159 -0.189942 0.156497 -0.169344 0.111256 0.501154 -4.038220 3.430882 7.750075
0.094000 0.670988 -0.189829 0.157002 -0.173397 0.114713 0.508905 -4.066681 3.482434 7.751770
0.095000 0.670812 -0.189713 0.157515 -0.177477 0.118221 0.516657 -4.094143 3.533964 7.750849
0.096000 0.670633 -0.189593 0.158035 -0.181585 0.121781 0.524407 -4.120601 3.585416 7.747279
0.097000 0.670449 -0.189469 0.158563 -0.185719 0.125392 0.532152 -4.146083 3.636740 7.741129
0.098000 0.670261 -0.189342 0.159099 -0.189877 0.129054 0.539889 -4.170574 3.687874 7.732344
0.099000 0.670069 -0.189211 0.159643 -0.194060 0.132767 0.547617 -4.194024 3.738755 7.720728
0.100000 0.669873 -0.189076 0.160195 -0.198265 0.136532 0.555331 -4.216436 3.789362 7.706163
0.101000 0.669673 -0.188938 0.160754 -0.202493 0.140346 0.563029 -4.237855 3.839697 7.688620
0.102000 0.669468 -0.188796 0.161321 -0.206741 0.144211 0.570708 -4.258278 3.889737 7.667980
0.103000 0.669259 -0.188650 0.161895 -0.211009 0.148126 0.578365 -4.277659 3.939435 7.644100
0.104000 0.669046 -0.188499 0.162477 -0.215296 0.152090 0.585996 -4.296010 3.988783 7.617080
0.105000 0.668829 -0.188345 0.163067 -0.219601 0.156103 0.593599 -4.313395 4.037803 7.587205
0.106000 0.668607 -0.188187 0.163665 -0.223923 0.160165 0.601171 -4.329820 4.086482 7.554573
0.107000 0.668381 -0.188025 0.164270 -0.228261 0.164276 0.608708 -4.345232 4.134755 7.519082
0.108000 0.668150 -0.187859 0.164882 -0.232614 0.168435 0.616209 -4.359628 4.182575 7.480746
0.109000 0.667916 -0.187688 0.165502 -0.236980 0.172641 0.623670 -4.373056 4.229917 7.439716
0.110000 0.667676 -0.187513 0.166129 -0.241360 0.176895 0.631088 -4.385504 4.276728 7.395985
0.111000 0.667433 -0.187334 0.166764 -0.245751 0.181195 0.638462 -4.396902 4.322951 7.349379
0.112000 0.667185 -0.187151 0.167406 -0.250153 0.185541 0.645787 -4.407231 4.368595 7.299852
0.113000 0.666933 -0.186963 0.168056 -0.254566 0.189932 0.653061 -4.416521 4.413720 7.247494
0.114000 0.666676 -0.186771 0.168712 -0.258986 0.194368 0.660282 -4.424747 4.458333 7.192254
0.115000 0.666415 -0.186575 0.169376 -0.263415 0.198849 0.667446 -4.431842 4.502390 7.133991
0.116000 0.666149 -0.186373 0.170047 -0.267850 0.203373 0.674550 -4.437820 4.545889 7.072809
0.117000 0.665879 -0.186168 0.170725 -0.272291 0.207940 0.681592 -4.442781 4.588885 7.009049
0.118000 0.665604 -0.185958 0.171410 -0.276736 0.212551 0.688568 -4.446817 4.631428 6.943029
0.119000 0.665325 -0.185743 0.172102 -0.281184 0.217203 0.695478 -4.450018 4.673561 6.875030
0.120000 0.665042 -0.185523 0.172801 -0.285636 0.221898 0.702318 -4.452469 4.715326 6.805309
0.121000 0.664754 -0.185299 0.173507 -0.290089 0.226634 0.709088 -4.454168 4.756700 6.733888
0.122000 0.664462 -0.185070 0.174220 -0.294544 0.231411 0.715786 -4.455048 4.797618 6.660577
0.123000 0.664165 -0.184836 0.174939 -0.298999 0.236229 0.722409 -4.455122 4.838073 6.585313
0.124000 0.663864 -0.184597 0.175664 -0.303454 0.241087 0.728957 -4.454474 4.878108 6.508179
0.125000 0.663558 -0.184354 0.176397 -0.307908 0.245985 0.735426 -4.453112 4.917710 6.429107
0.126000 0.663248 -0.184105 0.177135 -0.312361 0.250923 0.741815 -4.450973 4.956815 6.347945
0.127000 0.662933 -0.183852 0.177880 -0.316810 0.255899 0.748122 -4.448078 4.995424 6.264828
0.128000 0.662614 -0.183594 0.178631 -0.321257 0.260914 0.754344 -4.444529 5.033596 6.180118
0.129000 0.662291 -0.183330 0.179389 -0.325699 0.265966 0.760482 -4.440342 5.071322 6.093946
0.130000 0.661963 -0.183062 0.180152 -0.330137 0.271056 0.766532 -4.435445 5.108517 6.006187
0.131000 0.661631 -0.182788 0.180922 -0.334570 0.276183 0.772494 -4.429846 5.145141 5.916864
0.132000 0.661294 -0.182509 0.181697 -0.338997 0.281347 0.778366 -4.423629 5.181198 5.826179
0.133000 0.660953 -0.182225 0.182479 -0.343417 0.286546 0.784147 -4.416793 5.216639 5.734137
0.134000 0.660607 -0.181936 0.183266 -0.347831 0.291780 0.789834 -4.409262 5.251382 5.640536
0.135000 0.660257 -0.181642 0.184058 -0.352236 0.297048 0.795428 -4.401051 5.285437 5.545345
0.136000 0.659903 -0.181342 0.184857 -0.356633 0.302351 0.800925 -4.392259 5.318894 5.448711
0.137000 0.659544 -0.181037 0.185660 -0.361021 0.307686 0.806325 -4.382898 5.351758 5.350602
0.138000 0.659180 -0.180727 0.186469 -0.365399 0.313054 0.811626 -4.372891 5.383956 5.250857
0.139000 0.658813 -0.180411 0.187283 -0.369766 0.318454 0.816827 -4.362266 5.415487 5.149599
0.140000 0.658441 -0.180090 0.188103 -0.374123 0.323885 0.821925 -4.351138 5.446414 5.047192
0.141000 0.658065 -0.179763 0.188927 -0.378469 0.329347 0.826921 -4.339524 5.476726 4.943756
0.142000 0.657684 -0.179431 0.189757 -0.382802 0.334839 0.831813 -4.327333 5.506328 4.839151
0.143000 0.657299 -0.179094 0.190591 -0.387123 0.340360 0.836600 -4.314550 5.535195 4.733417
0.144000 0.656910 -0.178750 0.191430 -0.391431 0.345909 0.841280 -4.301240 5.563373 4.626794
0.145000 0.656516 -0.178402 0.192274 -0.395726 0.351486 0.845853 -4.287381 5.590829 4.519303
0.146000 0.656118 -0.178048 0.193122 -0.400006 0.357091 0.850318 -4.272876 5.617469 4.410723
0.147000 0.655716 -0.177688 0.193974 -0.404271 0.362721 0.854675 -4.257742 5.643297 4.300995
0.148000 0.655310 -0.177322 0.194831 -0.408522 0.368377 0.858920 -4.242096 5.668404 4.190239
0.149000 0.654899 -0.176951 0.195692 -0.412756 0.374058 0.863055 -4.225950 5.692790 4.078395
0.150000 0.654484 -0.176574 0.196557 -0.416973 0.379763 0.867077 -4.209211 5.716369 3.965277
0.151000 0.654065 -0.176191 0.197426 -0.421174 0.385491 0.870986 -4.191882 5.739151 3.851009
0.152000 0.653642 -0.175803 0.198299 -0.425357 0.391241 0.874779 -4.174092 5.761260 3.736018
0.153000 0.653214 -0.175409 0.199176 -0.429522 0.397013 0.878458 -4.155974 5.782798 3.620690
0.154000 0.652783 -0.175009 0.200056 -0.433669 0.402807 0.882021 -4.137671 5.803828 3.505326
0.155000 0.652347 -0.174603 0.200940 -0.437798 0.408621 0.885468 -4.119333 5.824393 3.390185
0.156000 0.651907 -0.174192 0.201827 -0.441908 0.414456 0.888801 -4.100970 5.844430 3.275246
0.157000 0.651463 -0.173774 0.202717 -0.446000 0.420310 0.892019 -4.082480 5.863823 3.160267
0.158000 0.651015 -0.173351 0.203611 -0.450073 0.426183 0.895122 -4.063866 5.882595 3.045198
0.159000 0.650563 -0.172922 0.204508 -0.454127 0.432075 0.898109 -4.045235 5.900877 2.930188
0.160000 0.650107 -0.172487 0.205407 -0.458163 0.437985 0.900982 -4.026582 5.918684 2.815190
0.161000 0.649647 -0.172046 0.206310 -0.462180 0.443912 0.903740 -4.007800 5.935921 2.700013
0.162000 0.649183 -0.171599 0.207215 -0.466179 0.449857 0.906382 -3.988902 5.952593 2.584770
0.163000 0.648714 -0.171146 0.208122 -0.470158 0.455818 0.908909 -3.970011 5.968806 2.469838
0.164000 0.648242 -0.170687 0.209032 -0.474119 0.461794 0.911322 -3.951135 5.984553 2.355330
0.165000 0.647766 -0.170223 0.209945 -0.478061 0.467787 0.913620 -3.932160 5.999692 2.241063
0.166000 0.647286 -0.169752 0.210860 -0.481983 0.473794 0.915804 -3.913084 6.014155 2.127025
0.167000 0.646802 -0.169275 0.211777 -0.485887 0.479815 0.917874 -3.894018 6.027957 2.013414
0.168000 0.646314 -0.168792 0.212695 -0.489771 0.485850 0.919831 -3.874953 6.041025 1.900207
0.169000 0.645823 -0.168303 0.213616 -0.493637 0.491897 0.921674 -3.855759 6.053224 1.787160
0.170000 0.645327 -0.167808 0.214539 -0.497483 0.497956 0.923405 -3.836420 6.064585 1.674247
0.171000 0.644828 -0.167307 0.215463 -0.501309 0.504026 0.925023 -3.817031 6.075272 1.561655
0.172000 0.644325 -0.166800 0.216389 -0.505117 0.510107 0.926528 -3.797570 6.085314 1.449362
0.173000 0.643818 -0.166287 0.217316 -0.508905 0.516197 0.927921 -3.777903 6.094603 1.337158
0.174000 0.643307 -0.165768 0.218245 -0.512673 0.522296 0.929202 -3.758024 6.103156 1.225112
0.175000 0.642792 -0.165243 0.219175 -0.516421 0.528403 0.930372 -3.738047 6.111113 1.113544
0.176000 0.642274 -0.164711 0.220105 -0.520149 0.534518 0.931430 -3.717961 6.118475 1.002521
0.177000 0.641752 -0.164174 0.221037 -0.523857 0.540640 0.932377 -3.697639 6.125092 0.891840
0.178000 0.641226 -0.163630 0.221970 -0.527544 0.546768 0.933213 -3.677088 6.130905 0.781495
0.179000 0.640697 -0.163080 0.222904 -0.531211 0.552902 0.933940 -3.656440 6.135964 0.671699
0.180000 0.640164 -0.162524 0.223838 -0.534857 0.559040 0.934557 -3.635697 6.140200 0.562436
0.181000 0.639627 -0.161962 0.224773 -0.538482 0.565182 0.935065 -3.614727 6.143461 0.453448
0.182000 0.639087 -0.161394 0.225708 -0.542086 0.571327 0.935464 -3.593523 6.145761 0.344671
0.183000 0.638543 -0.160819 0.226644 -0.545669 0.577474 0.935754 -3.572205 6.147262 0.236247
0.184000 0.637995 -0.160239 0.227580 -0.549231 0.583622 0.935936 -3.550758 6.147975 0.128117
0.185000 0.637444 -0.159652 0.228516 -0.552771 0.589770 0.936010 -3.529037 6.147762 0.020052
0.186000 0.636890 -0.159059 0.229452 -0.556289 0.595917 0.935976 -3.507022 6.146623 -0.087890
0.187000 0.636332 -0.158460 0.230388 -0.559785 0.602063 0.935834 -3.484818 6.144693 -0.195397
0.188000 0.635770 -0.157855 0.231323 -0.563258 0.608207 0.935585 -3.462400 6.141957 -0.302410
0.189000 0.635205 -0.157244 0.232259 -0.566710 0.614347 0.935230 -3.439618 6.138233 -0.409146
0.190000 0.634637 -0.156626 0.233194 -0.570138 0.620483 0.934767 -3.416464 6.133445 -0.515640
0.191000 0.634065 -0.156003 0.234128 -0.573542 0.626614 0.934198 -3.393099 6.127679 -0.621660
0.192000 0.633490 -0.155373 0.235062 -0.576924 0.632738 0.933524 -3.369678 6.121055 -0.726977
0.193000 0.632911 -0.154737 0.235995 -0.580282 0.638856 0.932744 -3.346355 6.113766 -0.831356
0.194000 0.632329 -0.154096 0.236928 -0.583617 0.644966 0.931861 -3.323281 6.106041 -0.934566
0.195000 0.631744 -0.153448 0.237859 -0.586928 0.651068 0.930875 -3.300432 6.097904 -1.036640
0.196000 0.631155 -0.152793 0.238790 -0.590217 0.657162 0.929788 -3.277658 6.089204 -1.137801
0.197000 0.630564 -0.152133 0.239719 -0.593484 0.663246 0.928600 -3.254954 6.079931 -1.238011
0.198000 0.629968 -0.151467 0.240647 -0.596727 0.669322 0.927312 -3.232456 6.070222 -1.336984
0.199000 0.629370 -0.150795 0.241573 -0.599949 0.675387 0.925926 -3.210157 6.060050 -1.434679
0.200000 0.628769 -0.150116 0.242499 -0.603148 0.681442 0.924442 -3.187901 6.049209 -1.531316
0.201000 0.628164 -0.149432 0.243422 -0.606324 0.687485 0.922863 -3.165673 6.037612 -1.626920
0.202000 0.627556 -0.148741 0.244344 -0.609479 0.693517 0.921189 -3.143598 6.025307 -1.721304
0.203000 0.626945 -0.148045 0.245265 -0.612612 0.699536 0.919420 -3.121654 6.012201 -1.814498
0.204000 0.626331 -0.147342 0.246183 -0.615722 0.705541 0.917560 -3.099675 5.998104 -1.906756
0.205000 0.625713 -0.146634 0.247100 -0.618811 0.711532 0.915607 -3.077632 5.983058 -1.998128
0.206000 0.625093 -0.145919 0.248014 -0.621878 0.717508 0.913563 -3.055638 5.967288 -2.088454
0.207000 0.624470 -0.145199 0.248927 -0.624922 0.723467 0.911430 -3.033661 5.950832 -2.177777
0.208000 0.623843 -0.144472 0.249837 -0.627945 0.729409 0.909208 -3.011533 5.933527 -2.266336
0.209000 0.623214 -0.143740 0.250745 -0.630945 0.735334 0.906897 -2.989240 5.915375 -2.354122
0.210000 0.622581 -0.143001 0.251651 -0.633923 0.741240 0.904499 -2.966915 5.896546 -2.440899
0.211000 0.621946 -0.142257 0.252554 -0.636879 0.747127 0.902015 -2.944542 5.877021 -2.526657
0.212000 0.621308 -0.141507 0.253455 -0.639812 0.752994 0.899446 -2.921949 5.856575 -2.611635
0.213000 0.620666 -0.140751 0.254353 -0.642723 0.758840 0.896792 -2.899113 5.835109 -2.695888
0.214000 0.620022 -0.139989 0.255249 -0.645611 0.764664 0.894054 -2.876156 5.812667 -2.779273
0.215000 0.619375 -0.139222 0.256141 -0.648475 0.770465 0.891234 -2.853049 5.789142 -2.861845
0.216000 0.618725 -0.138449 0.257031 -0.651317 0.776242 0.888331 -2.829610 5.764317 -2.943864
0.217000 0.618072 -0.137669 0.257918 -0.654135 0.781994 0.885346 -2.805804 5.738216 -3.025379
0.218000 0.617417 -0.136885 0.258802 -0.656928 0.787719 0.882280 -2.781743 5.711066 -3.106236
0.219000 0.616759 -0.136094 0.259682 -0.659698 0.793416 0.879133 -2.757388 5.682889 -3.186479
0.220000 0.616098 -0.135298 0.260560 -0.662443 0.799085 0.875907 -2.732556 5.653496 -3.266344
0.221000 0.615434 -0.134496 0.261434 -0.665163 0.804723 0.872601 -2.707227 5.622875 -3.345844
0.222000 0.614767 -0.133688 0.262305 -0.667858 0.810330 0.869215 -2.681536 5.591195 -3.424778
0.223000 0.614098 -0.132875 0.263173 -0.670526 0.815906 0.865751 -2.655456 5.558425 -3.503154
0.224000 0.613426 -0.132056 0.264037 -0.673169 0.821447 0.862209 -2.628796 5.524302 -3.581205
0.225000 0.612752 -0.131232 0.264897 -0.675784 0.826954 0.858589 -2.601500 5.488689 -3.658982
0.226000 0.612075 -0.130403 0.265754 -0.678372 0.832425 0.854891 -2.573658 5.451597 -3.736338
0.227000 0.611395 -0.129567 0.266607 -0.680931 0.837857 0.851116 -2.545211 5.412884 -3.813319
0.228000 0.610713 -0.128727 0.267456 -0.683462 0.843250 0.847264 -2.515956 5.372307 -3.890177
0.229000 0.610028 -0.127881 0.268301 -0.685963 0.848602 0.843336 -2.485852 5.329903 -3.966975
0.230000 0.609341 -0.127030 0.269143 -0.688434 0.853910 0.839330 -2.455053 5.285988 -4.043535
0.231000 0.608651 -0.126173 0.269980 -0.690873 0.859174 0.835249 -2.423722 5.240853 -4.119656
0.232000 0.607959 -0.125311 0.270813 -0.693281 0.864392 0.831091 -2.392032 5.194755 -4.195105
0.233000 0.607265 -0.124444 0.271642 -0.695657 0.869563 0.826858 -2.360164 5.147929 -4.269626
0.234000 0.606568 -0.123572 0.272467 -0.698001 0.874688 0.822552 -2.328092 5.100337 -4.343217
0.235000 0.605869 -0.122695 0.273287 -0.700313 0.879764 0.818172 -2.295617 5.051703 -4.416111
0.236000 0.605167 -0.121813 0.274103 -0.702593 0.884791 0.813720 -2.262684 5.001884 -4.488393
0.237000 0.604463 -0.120925 0.274915 -0.704839 0.889768 0.809195 -2.229393 4.950906 -4.559976
0.238000 0.603757 -0.120033 0.275722 -0.707051 0.894693 0.804600 -2.195684 4.898623 -4.630941
0.239000 0.603049 -0.119136 0.276524 -0.709230 0.899565 0.799933 -2.161349 4.844778 -4.701533
0.240000 0.602339 -0.118234 0.277322 -0.711374 0.904383 0.795197 -2.126348 4.789408 -4.771803
0.241000 0.601627 -0.117327 0.278114 -0.713483 0.909144 0.790390 -2.090806 4.732790 -4.841610
0.242000 0.600912 -0.116416 0.278902 -0.715556 0.913848 0.785513 -2.054680 4.674961 -4.910992
0.243000 0.600195 -0.115499 0.279685 -0.717592 0.918494 0.780568 -2.017763 4.615705 -4.980166
0.244000 0.599477 -0.114579 0.280464 -0.719591 0.923080 0.775553 -1.980011 4.555005 -5.049163
0.245000 0.598756 -0.113653 0.281237 -0.721552 0.927604 0.770469 -1.941537 4.493050 -5.117820
0.246000 0.598034 -0.112723 0.282004 -0.723474 0.932066 0.765317 -1.902295 4.429803 -5.186164
0.247000 0.597309 -0.111789 0.282767 -0.725357 0.936463 0.760097 -1.862080 4.364968 -5.254421
0.248000 0.596583 -0.110851 0.283525 -0.727199 0.940796 0.754809 -1.820865 4.298404 -5.322678
0.249000 0.595855 -0.109908 0.284277 -0.728999 0.945060 0.749452 -1.778791 4.230148 -5.390857
0.250000 0.595125 -0.108960 0.285024 -0.730756 0.949256 0.744027 -1.735828 4.160055 -5.459037
0.251000 0.594393 -0.108009 0.285765 -0.732470 0.953380 0.738534 -1.691764 4.087844 -5.527458
0.252000 0.593660 -0.107054 0.286501 -0.734140 0.957432 0.732972 -1.646581 4.013585 -5.596145
0.253000 0.592925 -0.106094 0.287231 -0.735763 0.961408 0.727341 -1.600625 3.937872 -5.664746
0.254000 0.592189 -0.105131 0.287955 -0.737341 0.965307 0.721642 -1.554405 3.861503 -5.732723
0.255000 0.591450 -0.104164 0.288674 -0.738872 0.969131 0.715876 -1.508304 3.785070 -5.799649
0.256000 0.590711 -0.103193 0.289387 -0.740357 0.972877 0.710043 -1.462511 3.708836 -5.865323
0.257000 0.589970 -0.102218 0.290094 -0.741797 0.976548 0.704145 -1.417188 3.632958 -5.929623
0.258000 0.589227 -0.101240 0.290795 -0.743192 0.980143 0.698184 -1.372503 3.557560 -5.992448
0.259000 0.588483 -0.100258 0.291491 -0.744542 0.983663 0.692160 -1.328411 3.482517 -6.053882
0.260000 0.587738 -0.099272 0.292180 -0.745849 0.987108 0.686076 -1.284699 3.407555 -6.114144
0.261000 0.586992 -0.098283 0.292863 -0.747112 0.990478 0.679932 -1.241320 3.332709 -6.173280
0.262000 0.586244 -0.097291 0.293540 -0.748331 0.993774 0.673730 -1.198438 3.258331 -6.231138
0.263000 0.585495 -0.096296 0.294210 -0.749508 0.996995 0.667470 -1.156218 3.184757 -6.287565
0.264000 0.584745 -0.095297 0.294875 -0.750644 1.000143 0.661154 -1.114822 3.112285 -6.342420
0.265000 0.583994 -0.094296 0.295532 -0.751738 1.003220 0.654785 -1.074410 3.041194 -6.395564
0.266000 0.583241 -0.093291 0.296184 -0.752793 1.006226 0.648363 -1.034934 2.971454 -6.447043
0.267000 0.582488 -0.092283 0.296829 -0.753808 1.009163 0.641891 -0.996179 2.902759 -6.497063
0.268000 0.581734 -0.091272 0.297468 -0.754785 1.012031 0.635369 -0.958116 2.834976 -6.545707
0.269000 0.580978 -0.090259 0.298100 -0.755724 1.014833 0.628800 -0.920895 2.768175 -6.592915
0.270000 0.580222 -0.089243 0.298725 -0.756627 1.017568 0.622183 -0.884484 2.702223 -6.638761
0.271000 0.579465 -0.088224 0.299344 -0.757493 1.020237 0.615522 -0.848668 2.636833 -6.683446
0.272000 0.578707 -0.087202 0.299956 -0.758324 1.022841 0.608816 -0.813389 2.572034 -6.727028
0.273000 0.577949 -0.086178 0.300562 -0.759120 1.025381 0.602068 -0.778760 2.508122 -6.769426
0.274000 0.577189 -0.085152 0.301161 -0.759882 1.027857 0.595278 -0.744722 2.445129 -6.810684
0.275000 0.576429 -0.084122 0.301753 -0.760609 1.030271 0.588447 -0.711056 2.382809 -6.850979
0.276000 0.575668 -0.083091 0.302338 -0.761304 1.032623 0.581576 -0.677725 2.321142 -6.890344
0.277000 0.574906 -0.082057 0.302916 -0.761965 1.034914 0.574666 -0.644874 2.260346 -6.928668
0.278000 0.574144 -0.081021 0.303487 -0.762593 1.037144 0.567718 -0.612465 2.200387 -6.965975
0.279000 0.573381 -0.079983 0.304051 -0.763190 1.039314 0.560734 -0.580286 2.140948 -7.002435
0.280000 0.572618 -0.078943 0.304608 -0.763754 1.041426 0.553713 -0.548302 2.081894 -7.038103
0.281000 0.571854 -0.077900 0.305159 -0.764286 1.043478 0.546658 -0.516651 2.023300 -7.072910
0.282000 0.571089 -0.076856 0.305702 -0.764787 1.045472 0.539568 -0.485297 1.965031 -7.106904
0.283000 0.570324 -0.075809 0.306238 -0.765257 1.047408 0.532444 -0.454024 1.906793 -7.140245
0.284000 0.569558 -0.074761 0.306767 -0.765695 1.049286 0.525287 -0.422794 1.848617 -7.172968
0.285000 0.568793 -0.073711 0.307288 -0.766103 1.051105 0.518098 -0.391790 1.790867 -7.204948
0.286000 0.568026 -0.072659 0.307803 -0.766479 1.052868 0.510877 -0.361192 1.733880 -7.236072
0.287000 0.567260 -0.071605 0.308310 -0.766825 1.054573 0.503626 -0.331182 1.677948 -7.266249
0.288000 0.566493 -0.070549 0.308810 -0.767141 1.056224 0.496345 -0.301941 1.623333 -7.295400
0.289000 0.565725 -0.069492 0.309303 -0.767429 1.057820 0.489035 -0.273430 1.569983 -7.323576
0.290000 0.564958 -0.068434 0.309788 -0.767688 1.059363 0.481698 -0.245430 1.517582 -7.350931
0.291000 0.564190 -0.067374 0.310266 -0.767920 1.060855 0.474333 -0.217901 1.466025 -7.377504
0.292000 0.563422 -0.066312 0.310737 -0.768124 1.062296 0.466943 -0.190978 1.415435 -7.403216
0.293000 0.562654 -0.065249 0.311200 -0.768302 1.063686 0.459527 -0.164620 1.365712 -7.428090
0.294000 0.561885 -0.064185 0.311656 -0.768453 1.065027 0.452086 -0.138609 1.316564 -7.452252
0.295000 0.561117 -0.063119 0.312104 -0.768579 1.066319 0.444622 -0.112902 1.268005 -7.475711
0.296000 0.560348 -0.062052 0.312545 -0.768679 1.067563 0.437135 -0.087635 1.220323 -7.498360
0.297000 0.559579 -0.060984 0.312978 -0.768754 1.068760 0.429626 -0.062767 1.173535 -7.520197
0.298000 0.558811 -0.059915 0.313404 -0.768805 1.069910 0.422095 -0.038090 1.127375 -7.541351
0.299000 0.558042 -0.058844 0.313823 -0.768830 1.071014 0.414543 -0.013587 1.081811 -7.561877
0.300000 0.557273 -0.057773 0.314233 -0.768832 1.072074 0.406971 0.010573 1.037058 -7.581741
0.301000 0.556504 -0.056700 0.314637 -0.768809 1.073089 0.399379 0.034405 0.993073 -7.600990
0.302000 0.555735 -0.055626 0.315032 -0.768763 1.074060 0.391769 0.058108 0.949547 -7.619752
0.303000 0.554967 -0.054552 0.315420 -0.768693 1.074988 0.384140 0.081697 0.906388 -7.638058
0.304000 0.554198 -0.053476 0.315800 -0.768600 1.075873 0.376493 0.105004 0.863738 -7.655845
0.305000 0.553429 -0.052400 0.316173 -0.768483 1.076715 0.368828 0.128044 0.821509 -7.673128
0.306000 0.552661 -0.051323 0.316538 -0.768343 1.077516 0.361147 0.151027 0.779405 -7.689995
0.307000 0.551893 -0.050245 0.316895 -0.768181 1.078274 0.353448 0.173993 0.737432 -7.706423
0.308000 0.551125 -0.049166 0.317245 -0.767995 1.078990 0.345734 0.196805 0.695864 -7.722285
0.309000 0.550357 -0.048087 0.317587 -0.767787 1.079666 0.338004 0.219506 0.654710 -7.737545
0.310000 0.549589 -0.047007 0.317921 -0.767556 1.080300 0.330259 0.242313 0.613702 -7.752281
0.311000 0.548822 -0.045926 0.318247 -0.767303 1.080893 0.322499 0.265268 0.572823 -7.766516
0.312000 0.548054 -0.044845 0.318566 -0.767026 1.081446 0.314726 0.288234 0.532313 -7.780194
0.313000 0.547288 -0.043764 0.318877 -0.766726 1.081958 0.306939 0.311250 0.492144 -7.793326
0.314000 0.546521 -0.042681 0.319180 -0.766403 1.082430 0.299139 0.334523 0.451995 -7.806003
0.315000 0.545755 -0.041599 0.319475 -0.766057 1.082862 0.291327 0.358068 0.411745 -7.818245
0.316000 0.544989 -0.040516 0.319762 -0.765687 1.083253 0.283502 0.381670 0.371561 -7.829983
0.317000 0.544223 -0.039432 0.320042 -0.765294 1.083605 0.275667 0.405122 0.331664 -7.841139
0.318000 0.543458 -0.038348 0.320314 -0.764877 1.083917 0.267820 0.428232 0.292363 -7.851631
0.319000 0.542694 -0.037264 0.320578 -0.764437 1.084190 0.259963 0.450814 0.254019 -7.861364
0.320000 0.541929 -0.036180 0.320834 -0.763975 1.084425 0.252097 0.472906 0.216660 -7.870331
0.321000 0.541166 -0.035096 0.321082 -0.763492 1.084623 0.244223 0.494711 0.180014 -7.878607
0.322000 0.540402 -0.034011 0.321322 -0.762986 1.084785 0.236340 0.516242 0.144035 -7.886238
0.323000 0.539640 -0.032926 0.321555 -0.762459 1.084911 0.228450 0.537324 0.108923 -7.893220
0.324000 0.538878 -0.031841 0.321779 -0.761911 1.085003 0.220554 0.557969 0.074625 -7.899591
0.325000 0.538116 -0.030756 0.321996 -0.761343 1.085060 0.212651 0.578378 0.040818 -7.905426
0.326000 0.537355 -0.029671 0.322204 -0.760755 1.085084 0.204743 0.598586 0.007398 -7.910745
0.327000 0.536594 -0.028586 0.322405 -0.760146 1.085075 0.196830 0.618449 -0.025500 -7.915515
0.328000 0.535835 -0.027501 0.322598 -0.759518 1.085033 0.188912 0.638002 -0.057976 -7.919739
0.329000 0.535075 -0.026416 0.322783 -0.758870 1.084959 0.180990 0.657455 -0.090320 -7.923452
0.330000 0.534317 -0.025331 0.322960 -0.758203 1.084853 0.173065 0.676839 -0.122511 -7.926619
0.331000 0.533559 -0.024246 0.323129 -0.757516 1.084714 0.165137 0.696012 -0.154248 -7.929139
0.332000 0.532802 -0.023161 0.323290 -0.756811 1.084544 0.157207 0.715004 -0.185501 -7.930968
0.333000 0.532045 -0.022077 0.323444 -0.756086 1.084343 0.149275 0.734022 -0.216534 -7.932139
0.334000 0.531290 -0.020993 0.323589 -0.755343 1.084111 0.141342 0.753098 -0.247365 -7.932686
0.335000 0.530535 -0.019909 0.323726 -0.754580 1.083848 0.133410 0.772084 -0.277760 -7.932616
0.336000 0.529780 -0.018825 0.323856 -0.753799 1.083555 0.125477 0.791008 -0.307749 -7.931952
0.337000 0.529027 -0.017742 0.323977 -0.752998 1.083233 0.117546 0.810075 -0.337653 -7.930739
0.338000 0.528274 -0.016659 0.324091 -0.752178 1.082880 0.109616 0.829312 -0.367597 -7.928987
0.339000 0.527523 -0.015576 0.324196 -0.751339 1.082498 0.101688 0.848570 -0.397481 -7.926672
0.340000 0.526772 -0.014494 0.324294 -0.750481 1.082085 0.093762 0.867872 -0.427424 -7.923786
0.341000 0.526022 -0.013412 0.324384 -0.749604 1.081643 0.085840 0.887422 -0.457727 -7.920345
0.342000 0.525273 -0.012330 0.324466 -0.748706 1.081170 0.077922 0.907243 -0.488366 -7.916326
0.343000 0.524524 -0.011249 0.324540 -0.747789 1.080666 0.070007 0.927181 -0.519036 -7.911673
0.344000 0.523777 -0.010169 0.324606 -0.746852 1.080132 0.062098 0.947259 -0.549706 -7.906355
0.345000 0.523031 -0.009089 0.324664 -0.745895 1.079567 0.054195 0.967673 -0.580633 -7.900384
0.346000 0.522285 -0.008010 0.324714 -0.744917 1.078970 0.046298 0.988446 -0.611832 -7.893786
0.347000 0.521541 -0.006931 0.324757 -0.743918 1.078343 0.038407 1.009419 -0.643063 -7.886575
0.348000 0.520797 -0.005853 0.324791 -0.742898 1.077684 0.030524 1.030612 -0.674354 -7.878767
0.349000 0.520055 -0.004776 0.324818 -0.741857 1.076994 0.022650 1.052230 -0.706030 -7.870373
0.350000 0.519314 -0.003699 0.324836 -0.740793 1.076272 0.014784 1.074315 -0.738235 -7.861392
0.351000 0.518573 -0.002623 0.324847 -0.739708 1.075518 0.006927 1.096696 -0.770829 -7.851808
0.352000 0.517834 -0.001548 0.324850 -0.738600 1.074731 -0.000920 1.119203 -0.803610 -7.841595
0.353000 0.517096 -0.000474 0.324845 -0.737470 1.073911 -0.008756 1.141663 -0.836272 -7.830719
0.354000 0.516359 0.000600 0.324833 -0.736317 1.073058 -0.016581 1.163905 -0.868443 -7.819141
0.355000 0.515624 0.001672 0.324812 -0.735142 1.072174 -0.024395 1.185963 -0.900086 -7.806826
0.356000 0.514889 0.002744 0.324784 -0.733945 1.071258 -0.032195 1.208036 -0.931438 -7.793764
0.357000 0.514156 0.003815 0.324748 -0.732726 1.070311 -0.039982 1.230134 -0.962483 -7.779977
0.358000 0.513424 0.004885 0.324704 -0.731484 1.069333 -0.047755 1.252088 -0.992939 -7.765499
0.359000 0.512693 0.005954 0.324652 -0.730221 1.068325 -0.055513 1.273905 -1.022798 -7.750342
0.360000 0.511963 0.007021 0.324593 -0.728937 1.067287 -0.063256 1.295778 -1.052378 -7.734507
0.361000 0.511235 0.008088 0.324526 -0.727630 1.066220 -0.070982 1.317737 -1.081839 -7.718016
0.362000 0.510508 0.009154 0.324451 -0.726301 1.065124 -0.078692 1.339641 -1.111132 -7.700906
0.363000 0.509782 0.010218 0.324368 -0.724951 1.063998 -0.086384 1.361518 -1.140409 -7.683183
0.364000 0.509058 0.011282 0.324278 -0.723578 1.062843 -0.094058 1.383566 -1.169964 -7.664818
0.365000 0.508335 0.012344 0.324180 -0.722183 1.061658 -0.101714 1.405810 -1.199733 -7.645779
0.366000 0.507614 0.013405 0.324075 -0.720767 1.060443 -0.109350 1.428105 -1.229358 -7.626038
0.367000 0.506894 0.014465 0.323962 -0.719327 1.059199 -0.116966 1.450473 -1.258763 -7.605556
0.368000 0.506175 0.015524 0.323841 -0.717866 1.057926 -0.124561 1.473094 -1.288175 -7.584302
0.369000 0.505458 0.016581 0.323712 -0.716381 1.056623 -0.132134 1.495964 -1.317588 -7.562315
0.370000 0.504742 0.017637 0.323577 -0.714874 1.055291 -0.139685 1.518898 -1.346739 -7.539675
0.371000 0.504028 0.018691 0.323433 -0.713343 1.053929 -0.147214 1.541889 -1.375635 -7.516409
0.372000 0.503315 0.019745 0.323282 -0.711790 1.052539 -0.154718 1.565111 -1.404589 -7.492490
0.373000 0.502604 0.020796 0.323124 -0.710213 1.051120 -0.162199 1.588577 -1.433748 -7.467909
0.374000 0.501895 0.021847 0.322958 -0.708613 1.049672 -0.169654 1.612132 -1.463049 -7.442682
0.375000 0.501187 0.022896 0.322784 -0.706989 1.048194 -0.177084 1.635789 -1.492631 -7.416783
0.376000 0.500481 0.023943 0.322604 -0.705341 1.046687 -0.184488 1.659737 -1.522783 -7.390157
0.377000 0.499777 0.024989 0.322415 -0.703669 1.045149 -0.191864 1.684009 -1.553450 -7.362789
0.378000 0.499074 0.026034 0.322220 -0.701973 1.043580 -0.199213 1.708478 -1.584294 -7.334699
0.379000 0.498373 0.027076 0.322017 -0.700252 1.041980 -0.206534 1.733174 -1.615246 -7.305865
0.380000 0.497673 0.028118 0.321807 -0.698507 1.040349 -0.213825 1.758279 -1.646528 -7.276243
0.381000 0.496976 0.029157 0.321589 -0.696736 1.038687 -0.221086 1.783797 -1.678118 -7.245868
0.382000 0.496280 0.030195 0.321365 -0.694939 1.036993 -0.228317 1.809559 -1.709736 -7.214833
0.383000 0.495586 0.031231 0.321133 -0.693117 1.035267 -0.235516 1.835563 -1.741372 -7.183165
0.384000 0.494894 0.032265 0.320894 -0.691268 1.033510 -0.242683 1.861987 -1.773320 -7.150821
0.385000 0.494203 0.033298 0.320647 -0.689393 1.031721 -0.249817 1.888850 -1.805709 -7.117813
0.386000 0.493515 0.034329 0.320394 -0.687490 1.029899 -0.256919 1.916010 -1.838457 -7.084206
0.387000 0.492828 0.035358 0.320133 -0.685561 1.028044 -0.263986 1.943485 -1.871687 -7.049995
0.388000 0.492144 0.036385 0.319866 -0.683603 1.026155 -0.271019 1.971454 -1.905676 -7.015090
0.389000 0.491461 0.037410 0.319591 -0.681618 1.024233 -0.278016 1.999931 -1.940378 -6.979423
0.390000 0.490780 0.038433 0.319310 -0.679604 1.022275 -0.284977 2.028727 -1.975402 -6.942987
0.391000 0.490102 0.039455 0.319021 -0.677560 1.020282 -0.291902 2.057647 -2.010375 -6.905819
0.392000 0.489425 0.040474 0.318726 -0.675488 1.018254 -0.298789 2.086497 -2.044951 -6.868041
0.393000 0.488751 0.041491 0.318424 -0.673387 1.016192 -0.305638 2.115079 -2.078798 -6.829819
0.394000 0.488079 0.042506 0.318115 -0.671258 1.014096 -0.312449 2.143398 -2.111913 -6.791208
0.395000 0.487408 0.043519 0.317799 -0.669101 1.011968 -0.319221 2.171619 -2.144591 -6.752153
0.396000 0.486740 0.044530 0.317476 -0.666915 1.009807 -0.325953 2.199742 -2.176966 -6.712647
0.397000 0.486074 0.045539 0.317147 -0.664701 1.007614 -0.332646 2.227603 -2.208969 -6.672750
0.398000 0.485411 0.046546 0.316811 -0.662460 1.005389 -0.339299 2.255200 -2.240728 -6.632442
0.399000 0.484750 0.047550 0.316468 -0.660191 1.003133 -0.345911 2.282700 -2.272522 -6.591618
0.400000 0.484091 0.048552 0.316119 -0.657894 1.000844 -0.352482 2.310120 -2.304306 -6.550244
0.401000 0.483434 0.049551 0.315764 -0.655570 0.998524 -0.359011 2.337321 -2.335765 -6.508353
0.402000 0.482779 0.050549 0.315401 -0.653220 0.996173 -0.365498 2.364316 -2.366843 -6.465906
0.403000 0.482127 0.051544 0.315033 -0.650842 0.993790 -0.371943 2.391274 -2.397745 -6.422825
0.404000 0.481478 0.052536 0.314657 -0.648437 0.991377 -0.378344 2.418205 -2.428435 -6.379178
0.405000 0.480830 0.053527 0.314276 -0.646005 0.988933 -0.384701 2.444961 -2.458621 -6.335142
0.406000 0.480186 0.054514 0.313888 -0.643547 0.986460 -0.391014 2.471546 -2.488275 -6.290779
0.407000 0.479543 0.055500 0.313494 -0.641062 0.983957 -0.397283 2.498121 -2.517688 -6.246015
0.408000 0.478904 0.056482 0.313093 -0.638551 0.981425 -0.403506 2.524685 -2.547017 -6.200851
0.409000 0.478266 0.057462 0.312687 -0.636013 0.978863 -0.409685 2.551081 -2.576234 -6.155373
0.410000 0.477632 0.058440 0.312274 -0.633449 0.976272 -0.415817 2.577305 -2.605491 -6.109563
0.411000 0.476999 0.059415 0.311855 -0.630858 0.973652 -0.421904 2.603518 -2.635069 -6.063295
0.412000 0.476370 0.060387 0.311430 -0.628242 0.971002 -0.427944 2.629735 -2.664925 -6.016516
0.413000 0.475743 0.061357 0.310999 -0.625599 0.968322 -0.433937 2.655822 -2.694748 -5.969253
0.414000 0.475119 0.062324 0.310562 -0.622930 0.965612 -0.439882 2.681791 -2.724479 -5.921451
0.415000 0.474497 0.063288 0.310119 -0.620235 0.962873 -0.445780 2.707803 -2.754317 -5.873010
0.416000 0.473878 0.064250 0.309671 -0.617514 0.960104 -0.451628 2.733864 -2.784219 -5.824005
0.417000 0.473262 0.065208 0.309216 -0.614768 0.957305 -0.457428 2.759830 -2.813900 -5.774645
0.418000 0.472649 0.066164 0.308756 -0.611995 0.954476 -0.463178 2.785704 -2.843326 -5.724997
0.419000 0.472038 0.067117 0.308290 -0.609196 0.951618 -0.468878 2.811635 -2.872766 -5.674972
0.420000 0.471430 0.068067 0.307818 -0.606371 0.948730 -0.474528 2.837618 -2.902348 -5.624555
0.421000 0.470825 0.069015 0.307341 -0.603521 0.945813 -0.480127 2.863499 -2.932013 -5.573829
0.422000 0.470223 0.069959 0.306858 -0.600644 0.942866 -0.485675 2.889271 -2.961884 -5.522763
0.423000 0.469624 0.070900 0.306369 -0.597742 0.939890 -0.491172 2.915081 -2.992230 -5.471190
0.424000 0.469028 0.071839 0.305876 -0.594814 0.936882 -0.496618 2.940941 -3.023025 -5.419020
0.425000 0.468434 0.072774 0.305376 -0.591860 0.933843 -0.502010 2.966685 -3.053938 -5.366284
0.426000 0.467844 0.073707 0.304872 -0.588881 0.930774 -0.507350 2.992149 -3.084640 -5.313078
0.427000 0.467257 0.074636 0.304362 -0.585876 0.927674 -0.512637 3.017187 -3.114816 -5.259612
0.428000 0.466672 0.075562 0.303846 -0.582847 0.924544 -0.517869 3.041655 -3.144157 -5.206161
0.429000 0.466091 0.076485 0.303326 -0.579793 0.921386 -0.523049 3.065576 -3.172651 -5.152815
0.430000 0.465513 0.077405 0.302800 -0.576715 0.918199 -0.528175 3.089099 -3.200564 -5.099475
0.431000 0.464937 0.078321 0.302269 -0.573615 0.914985 -0.533248 3.112218 -3.228022 -5.046123
0.432000 0.464365 0.079235 0.301734 -0.570491 0.911743 -0.538267 3.134780 -3.254967 -4.992855
0.433000 0.463796 0.080145 0.301193 -0.567345 0.908475 -0.543233 3.156772 -3.281515 -4.939636
0.434000 0.463231 0.081052 0.300647 -0.564177 0.905180 -0.548147 3.178331 -3.307923 -4.886283
0.435000 0.462668 0.081955 0.300097 -0.560988 0.901859 -0.553006 3.199463 -3.334159 -4.832706
0.436000 0.462109 0.082855 0.299541 -0.557779 0.898512 -0.557812 3.220036 -3.359948 -4.778910
0.437000 0.461553 0.083752 0.298981 -0.554548 0.895139 -0.562564 3.240054 -3.385245 -4.724803
0.438000 0.461000 0.084646 0.298416 -0.551298 0.891741 -0.567262 3.259660 -3.410239 -4.670248
0.439000 0.460450 0.085536 0.297846 -0.548029 0.888319 -0.571904 3.278876 -3.434904 -4.615332
0.440000 0.459904 0.086422 0.297272 -0.544741 0.884871 -0.576492 3.297590 -3.458984 -4.560318
0.441000 0.459360 0.087305 0.296693 -0.541434 0.881401 -0.581025 3.315818 -3.482454 -4.505289
0.442000 0.458821 0.088185 0.296110 -0.538109 0.877907 -0.585503 3.333689 -3.505553 -4.450119
0.443000 0.458284 0.089061 0.295522 -0.534766 0.874390 -0.589925 3.351189 -3.528368 -4.394767
0.444000 0.457751 0.089934 0.294930 -0.531407 0.870850 -0.594292 3.368160 -3.550802 -4.339304
0.445000 0.457221 0.090803 0.294334 -0.528030 0.867288 -0.598604 3.384580 -3.572937 -4.283668
0.446000 0.456695 0.091668 0.293733 -0.524637 0.863704 -0.602860 3.400567 -3.595020 -4.227644
0.447000 0.456172 0.092530 0.293128 -0.521229 0.860098 -0.607059 3.416116 -3.617056 -4.171113
0.448000 0.455653 0.093389 0.292519 -0.517805 0.856470 -0.611202 3.431091 -3.638830 -4.114063
0.449000 0.455137 0.094243 0.291906 -0.514367 0.852820 -0.615287 3.445483 -3.660335 -4.056378
0.450000 0.454624 0.095094 0.291288 -0.510914 0.849149 -0.619315 3.459430 -3.681761 -3.997900
0.451000 0.454115 0.095942 0.290667 -0.507448 0.845457 -0.623283 3.472965 -3.703069 -3.938719
0.452000 0.453609 0.096785 0.290042 -0.503968 0.841743 -0.627192 3.486006 -3.723997 -3.879112
0.453000 0.453107 0.097625 0.289413 -0.500476 0.838009 -0.631041 3.498579 -3.744504 -3.819167
0.454000 0.452608 0.098461 0.288780 -0.496971 0.834254 -0.634830 3.510809 -3.764809 -3.758741
0.455000 0.452113 0.099294 0.288143 -0.493454 0.830479 -0.638559 3.522666 -3.784982 -3.697770
0.456000 0.451621 0.100122 0.287503 -0.489926 0.826684 -0.642226 3.533989 -3.804918 -3.636315
0.457000 0.451133 0.100947 0.286859 -0.486386 0.822869 -0.645831 3.544743 -3.824683 -3.574292
0.458000 0.450648 0.101768 0.286211 -0.482836 0.819035 -0.649375 3.555037 -3.844501 -3.511472
0.459000 0.450167 0.102585 0.285560 -0.479276 0.815180 -0.652854 3.564877 -3.864362 -3.447742
0.460000 0.449690 0.103398 0.284905 -0.475707 0.811306 -0.656270 3.574155 -3.884040 -3.383114
0.461000 0.449216 0.104208 0.284247 -0.472128 0.807412 -0.659621 3.582876 -3.903515 -3.317483
0.462000 0.448746 0.105013 0.283586 -0.468541 0.803499 -0.662905 3.591176 -3.922961 -3.250685
0.463000 0.448279 0.105815 0.282922 -0.464946 0.799566 -0.666122 3.599103 -3.942350 -3.182824
0.464000 0.447816 0.106612 0.282254 -0.461343 0.795614 -0.669271 3.606569 -3.961396 -3.114239
0.465000 0.447356 0.107406 0.281583 -0.457732 0.791643 -0.672350 3.613462 -3.979848 -3.045219
0.466000 0.446900 0.108195 0.280909 -0.454116 0.787655 -0.675361 3.619617 -3.997511 -2.975957
0.467000 0.446448 0.108981 0.280232 -0.450493 0.783648 -0.678302 3.624841 -4.014219 -2.906592
0.468000 0.445999 0.109763 0.279553 -0.446866 0.779626 -0.681174 3.629089 -4.030027 -2.837058
0.469000 0.445554 0.110540 0.278870 -0.443235 0.775588 -0.683976 3.632451 -4.045146 -2.767121
0.470000 0.445113 0.111314 0.278185 -0.439601 0.771536 -0.686708 3.634922 -4.059577 -2.696665
0.471000 0.444675 0.112083 0.277497 -0.435965 0.767469 -0.689370 3.636390 -4.073121 -2.625700
0.472000 0.444241 0.112849 0.276806 -0.432328 0.763390 -0.691960 3.636850 -4.085767 -2.554117
0.473000 0.443810 0.113610 0.276113 -0.428692 0.759298 -0.694478 3.636429 -4.097689 -2.481754
0.474000 0.443383 0.114367 0.275417 -0.425056 0.755194 -0.696923 3.635189 -4.108869 -2.408732
0.475000 0.442960 0.115121 0.274719 -0.421421 0.751080 -0.699295 3.633104 -4.119092 -2.335394
0.476000 0.442541 0.115870 0.274018 -0.417789 0.746956 -0.701594 3.630228 -4.128335 -2.261865
0.477000 0.442125 0.116615 0.273316 -0.414161 0.742823 -0.703819 3.626673 -4.136788 -2.188001
0.478000 0.441712 0.117355 0.272611 -0.410536 0.738682 -0.705970 3.622416 -4.144492 -2.113755
0.479000 0.441304 0.118092 0.271904 -0.406916 0.734534 -0.708047 3.617313 -4.151320 -2.039223
0.480000 0.440898 0.118824 0.271195 -0.403301 0.730380 -0.710049 3.611333 -4.157309 -1.964339
0.481000 0.440497 0.119553 0.270484 -0.399693 0.726220 -0.711975 3.604563 -4.162663 -1.888871
0.482000 0.440099 0.120277 0.269771 -0.396092 0.722054 -0.713826 3.597010 -4.167412 -1.812725
0.483000 0.439705 0.120997 0.269056 -0.392499 0.717885 -0.715601 3.588587 -4.171412 -1.735957
0.484000 0.439314 0.121713 0.268339 -0.388915 0.713712 -0.717298 3.579301 -4.174682 -1.658481
0.485000 0.438927 0.122424 0.267621 -0.385341 0.709535 -0.718918 3.569280 -4.177401 -1.580142
0.486000 0.438543 0.123132 0.266902 -0.381776 0.705357 -0.720459 3.558595 -4.179556 -1.501067
0.487000 0.438163 0.123835 0.266180 -0.378223 0.701176 -0.721920 3.547246 -4.180952 -1.421607
0.488000 0.437787 0.124534 0.265458 -0.374682 0.696995 -0.723302 3.535298 -4.181573 -1.341894
0.489000 0.437414 0.125229 0.264734 -0.371153 0.692813 -0.724604 3.522853 -4.181589 -1.261794
0.490000 0.437045 0.125920 0.264009 -0.367636 0.688632 -0.725825 3.509873 -4.181020 -1.181292
0.491000 0.436679 0.126606 0.263282 -0.364133 0.684451 -0.726966 3.496208 -4.179725 -1.100531
0.492000 0.436316 0.127288 0.262555 -0.360644 0.680272 -0.728026 3.481812 -4.177722 -1.019479
0.493000 0.435957 0.127967 0.261826 -0.357169 0.676096 -0.729005 3.466762 -4.175196 -0.937918
0.494000 0.435602 0.128641 0.261097 -0.353710 0.671922 -0.729902 3.451078 -4.172181 -0.855766
0.495000 0.435250 0.129311 0.260366 -0.350267 0.667751 -0.730717 3.434697 -4.168552 -0.773095
0.496000 0.434902 0.129976 0.259635 -0.346841 0.663585 -0.731448 3.417639 -4.164336 -0.689831
0.497000 0.434556 0.130638 0.258903 -0.343432 0.659423 -0.732096 3.400019 -4.159714 -0.605812
0.498000 0.434215 0.131295 0.258171 -0.340041 0.655265 -0.732660 3.381900 -4.154704 -0.521156
0.499000 0.433876 0.131948 0.257438 -0.336668 0.651113 -0.733139 3.363252 -4.149126 -0.436246
0.500000 0.433541 0.132597 0.256705 -0.333314 0.646967 -0.733533 3.344030 -4.142795 -0.351423
0.501000 0.433210 0.133242 0.255971 -0.329980 0.642828 -0.733842 3.324151 -4.135524 -0.266953
0.502000 0.432881 0.133883 0.255237 -0.326666 0.638696 -0.734066 3.303514 -4.127120 -0.183056
0.503000 0.432556 0.134520 0.254503 -0.323373 0.634573 -0.734208 3.282114 -4.117586 -0.099722
0.504000 0.432235 0.135152 0.253769 -0.320102 0.630461 -0.734266 3.260034 -4.107104 -0.016745
0.505000 0.431916 0.135780 0.253034 -0.316853 0.626359 -0.734241 3.237287 -4.095743 0.065936
0.506000 0.431601 0.136405 0.252300 -0.313627 0.622269 -0.734134 3.213808 -4.083433 0.148218
0.507000 0.431289 0.137025 0.251566 -0.310425 0.618192 -0.733945 3.189611 -4.070241 0.230155
0.508000 0.430980 0.137641 0.250832 -0.307248 0.614129 -0.733674 3.164806 -4.056363 0.311899
0.509000 0.430674 0.138253 0.250099 -0.304096 0.610080 -0.733321 3.139472 -4.041854 0.393335
0.510000 0.430372 0.138861 0.249366 -0.300969 0.606045 -0.732887 3.113635 -4.026632 0.474124
0.511000 0.430072 0.139465 0.248633 -0.297869 0.602026 -0.732373 3.087366 -4.010742 0.554146
0.512000 0.429776 0.140065 0.247901 -0.294794 0.598024 -0.731779 3.060763 -3.994344 0.633533
0.513000 0.429483 0.140661 0.247169 -0.291747 0.594038 -0.731106 3.033822 -3.977428 0.712282
0.514000 0.429193 0.141253 0.246439 -0.288727 0.590069 -0.730354 3.006454 -3.959828 0.790223
0.515000 0.428905 0.141842 0.245709 -0.285734 0.586118 -0.729525 2.978662 -3.941559 0.867406
0.516000 0.428621 0.142426 0.244980 -0.282769 0.582186 -0.728619 2.950613 -3.922970 0.944275
0.517000 0.428340 0.143006 0.244251 -0.279833 0.578272 -0.727637 2.922565 -3.904593 1.021498
0.518000 0.428061 0.143582 0.243524 -0.276924 0.574377 -0.726576 2.894794 -3.886994 1.099784
0.519000 0.427786 0.144155 0.242798 -0.274043 0.570498 -0.725437 2.867542 -3.870673 1.179752
0.520000 0.427513 0.144723 0.242073 -0.271189 0.566635 -0.724217 2.840915 -3.855821 1.261567
0.521000 0.427244 0.145288 0.241350 -0.268361 0.562786 -0.722914 2.814771 -3.842074 1.344586
0.522000 0.426977 0.145849 0.240628 -0.265560 0.558951 -0.721528 2.788828 -3.828757 1.427712
0.523000 0.426713 0.146406 0.239907 -0.262784 0.555129 -0.720059 2.762923 -3.815465 1.510253
0.524000 0.426451 0.146959 0.239187 -0.260034 0.551320 -0.718507 2.737048 -3.802159 1.592107
0.525000 0.426192 0.147508 0.238470 -0.257310 0.547525 -0.716874 2.711174 -3.788781 1.673221
0.526000 0.425937 0.148054 0.237754 -0.254611 0.543743 -0.715161 2.685215 -3.775153 1.753410
0.527000 0.425683 0.148596 0.237039 -0.251939 0.539974 -0.713368 2.659150 -3.761244 1.832670
0.528000 0.425433 0.149134 0.236327 -0.249293 0.536220 -0.711495 2.633031 -3.747205 1.911185
0.529000 0.425185 0.149668 0.235616 -0.246673 0.532480 -0.709545 2.606857 -3.733117 1.988995
0.530000 0.424939 0.150199 0.234908 -0.244079 0.528754 -0.707517 2.580563 -3.718956 2.065975
0.531000 0.424696 0.150726 0.234201 -0.241512 0.525042 -0.705413 2.554149 -3.704803 2.142159
0.532000 0.424456 0.151249 0.233497 -0.238971 0.521344 -0.703233 2.527711 -3.690834 2.217715
0.533000 0.424219 0.151769 0.232795 -0.236457 0.517660 -0.700978 2.501339 -3.677100 2.292599
0.534000 0.423983 0.152284 0.232095 -0.233968 0.513990 -0.698648 2.475095 -3.663528 2.366578
0.535000 0.423751 0.152797 0.231398 -0.231506 0.510333 -0.696245 2.449066 -3.650156 2.439604
0.536000 0.423520 0.153305 0.230703 -0.229070 0.506690 -0.693769 2.423335 -3.637116 2.511825
0.537000 0.423292 0.153810 0.230010 -0.226660 0.503059 -0.691221 2.397889 -3.624390 2.583236
0.538000 0.423067 0.154311 0.229320 -0.224275 0.499441 -0.688602 2.372645 -3.611824 2.653662
0.539000 0.422844 0.154809 0.228633 -0.221915 0.495835 -0.685914 2.347580 -3.599396 2.723099
0.540000 0.422623 0.155303 0.227948 -0.219579 0.492242 -0.683156 2.322737 -3.587246 2.791727
0.541000 0.422405 0.155793 0.227267 -0.217269 0.488661 -0.680330 2.298112 -3.575439 2.859584
0.542000 0.422189 0.156280 0.226588 -0.214983 0.485091 -0.677437 2.273640 -3.563919 2.926512
0.543000 0.421975 0.156764 0.225912 -0.212722 0.481533 -0.674477 2.249286 -3.552624 2.992343
0.544000 0.421763 0.157243 0.225239 -0.210485 0.477986 -0.671452 2.225075 -3.541491 3.056887
0.545000 0.421554 0.157719 0.224569 -0.208272 0.474450 -0.668363 2.201064 -3.530450 3.119946
0.546000 0.421347 0.158192 0.223902 -0.206083 0.470925 -0.665212 2.177339 -3.519551 3.181520
0.547000 0.421142 0.158661 0.223238 -0.203917 0.467411 -0.662000 2.153969 -3.508909 3.241769
0.548000 0.420939 0.159127 0.222578 -0.201775 0.463907 -0.658729 2.130919 -3.498470 3.300687
0.549000 0.420738 0.159589 0.221921 -0.199655 0.460414 -0.655399 2.108080 -3.488043 3.358102
0.550000 0.420540 0.160048 0.221267 -0.197558 0.456931 -0.652013 2.085408 -3.477572 3.414007
0.551000 0.420343 0.160503 0.220617 -0.195484 0.453459 -0.648571 2.062944 -3.467177 3.468580
0.552000 0.420149 0.160955 0.219970 -0.193433 0.449997 -0.645075 2.040711 -3.456939 3.521878
0.553000 0.419956 0.161403 0.219327 -0.191403 0.446545 -0.641527 2.018694 -3.446856 3.573817
0.554000 0.419766 0.161848 0.218687 -0.189395 0.443103 -0.637928 1.996921 -3.437009 3.624452
0.555000 0.419577 0.162289 0.218051 -0.187409 0.439671 -0.634278 1.975463 -3.427557 3.673968
0.556000 0.419391 0.162727 0.217418 -0.185444 0.436248 -0.630580 1.954367 -3.418551 3.722388
0.557000 0.419206 0.163162 0.216790 -0.183500 0.432834 -0.626834 1.933644 -3.409941 3.769580
0.558000 0.419024 0.163593 0.216165 -0.181577 0.429428 -0.623041 1.913336 -3.401765 3.815560
0.559000 0.418843 0.164021 0.215544 -0.179674 0.426030 -0.619202 1.893497 -3.394127 3.860499
0.560000 0.418665 0.164445 0.214926 -0.177790 0.422640 -0.615320 1.874116 -3.386987 3.904429
0.561000 0.418488 0.164866 0.214313 -0.175925 0.419256 -0.611394 1.855130 -3.380180 3.947238
0.562000 0.418313 0.165283 0.213704 -0.174080 0.415880 -0.607425 1.836522 -3.373660 3.988955
0.563000 0.418140 0.165698 0.213098 -0.172252 0.412509 -0.603416 1.818331 -3.367529 4.029754
0.564000 0.417968 0.166108 0.212497 -0.170443 0.409145 -0.599366 1.800559 -3.361830 4.069680
0.565000 0.417799 0.166516 0.211899 -0.168651 0.405785 -0.595276 1.783170 -3.356521 4.108641
0.566000 0.417631 0.166920 0.211306 -0.166877 0.402431 -0.591148 1.766171 -3.351647 4.146673
0.567000 0.417465 0.167321 0.210717 -0.165119 0.399082 -0.586983 1.749622 -3.347335 4.183948
0.568000 0.417301 0.167718 0.210132 -0.163377 0.395737 -0.582781 1.733573 -3.343623 4.220495
0.569000 0.417138 0.168112 0.209552 -0.161652 0.392395 -0.578542 1.718048 -3.340456 4.256204
0.570000 0.416977 0.168503 0.208975 -0.159941 0.389056 -0.574268 1.703091 -3.337859 4.291099
0.571000 0.416818 0.168890 0.208403 -0.158246 0.385719 -0.569960 1.688747 -3.335918 4.325343
0.572000 0.416661 0.169274 0.207835 -0.156564 0.382384 -0.565617 1.674985 -3.334580 4.358977
0.573000 0.416505 0.169655 0.207272 -0.154896 0.379050 -0.561242 1.661722 -3.333676 4.391906
0.574000 0.416351 0.170032 0.206713 -0.153240 0.375717 -0.556834 1.648923 -3.333149 4.424165
0.575000 0.416199 0.170407 0.206158 -0.151598 0.372384 -0.552393 1.636614 -3.333093 4.455922
0.576000 0.416048 0.170777 0.205608 -0.149967 0.369051 -0.547922 1.624805 -3.333564 4.487225
0.577000 0.415899 0.171145 0.205062 -0.148348 0.365717 -0.543419 1.613473 -3.334549 4.518000
0.578000 0.415751 0.171509 0.204521 -0.146740 0.362381 -0.538886 1.602630 -3.336105 4.548290
0.579000 0.415605 0.171869 0.203985 -0.145143 0.359044 -0.534322 1.592327 -3.338354 4.578265
0.580000 0.415461 0.172227 0.203453 -0.143556 0.355705 -0.529729 1.582595 -3.341321 4.607985
0.581000 0.415318 0.172581 0.202925 -0.141978 0.352362 -0.525106 1.573430 -3.344924 4.637360
0.582000 0.415177 0.172932 0.202402 -0.140409 0.349015 -0.520455 1.564808 -3.349058 4.666287
0.583000 0.415037 0.173279 0.201884 -0.138848 0.345664 -0.515774 1.556670 -3.353587 4.694642
0.584000 0.414899 0.173623 0.201371 -0.137295 0.342308 -0.511065 1.548944 -3.358352 4.722291
0.585000 0.414763 0.173963 0.200862 -0.135750 0.338947 -0.506329 1.541602 -3.363313 4.749246
0.586000 0.414628 0.174301 0.200358 -0.134212 0.335581 -0.501567 1.534665 -3.368547 4.775657
0.587000 0.414494 0.174635 0.199859 -0.132681 0.332210 -0.496778 1.528127 -3.374078 4.801577
0.588000 0.414362 0.174965 0.199365 -0.131156 0.328833 -0.491964 1.521947 -3.379858 4.826948
0.589000 0.414232 0.175292 0.198875 -0.129637 0.325450 -0.487124 1.516121 -3.385911 4.851819
0.590000 0.414103 0.175616 0.198390 -0.128124 0.322061 -0.482260 1.510683 -3.392343 4.876352
0.591000 0.413976 0.175936 0.197910 -0.126616 0.318665 -0.477371 1.505650 -3.399194 4.900608
0.592000 0.413850 0.176253 0.197436 -0.125112 0.315263 -0.472459 1.501008 -3.406437 4.924544
0.593000 0.413726 0.176567 0.196966 -0.123614 0.311853 -0.467522 1.496771 -3.414104 4.948215
0.594000 0.413603 0.176877 0.196500 -0.122119 0.308435 -0.462562 1.492968 -3.422267 4.971762
0.595000 0.413481 0.177184 0.196040 -0.120628 0.305008 -0.457579 1.489584 -3.430878 4.995204
0.596000 0.413361 0.177487 0.195585 -0.119140 0.301573 -0.452572 1.486567 -3.439796 5.018447
0.597000 0.413243 0.177787 0.195135 -0.117655 0.298128 -0.447542 1.483900 -3.448966 5.041499
0.598000 0.413126 0.178083 0.194690 -0.116172 0.294675 -0.442489 1.481594 -3.458447 5.064484
0.599000 0.413011 0.178376 0.194250 -0.114691 0.291212 -0.437413 1.479629 -3.468251 5.087426
0.600000 0.412897 0.178666 0.193815 -0.113213 0.287738 -0.432314 1.477946 -3.478324 5.110243
0.601000 0.412784 0.178952 0.193386 -0.111735 0.284255 -0.427192 1.476524 -3.488674 5.132954
0.602000 0.412673 0.179234 0.192961 -0.110260 0.280761 -0.422048 1.475392 -3.499379 5.155680
0.603000 0.412564 0.179513 0.192542 -0.108785 0.277256 -0.416881 1.474572 -3.510439 5.178455
0.604000 0.412456 0.179789 0.192127 -0.107310 0.273740 -0.411691 1.474068 -3.521789 5.201209
0.605000 0.412349 0.180061 0.191718 -0.105837 0.270213 -0.406479 1.473902 -3.533422 5.223965
0.606000 0.412244 0.180329 0.191314 -0.104363 0.266673 -0.401243 1.474096 -3.545389 5.246826
0.607000 0.412140 0.180594 0.190916 -0.102888 0.263122 -0.395985 1.474619 -3.557655 5.269779
0.608000 0.412038 0.180855 0.190522 -0.101413 0.259558 -0.390704 1.475402 -3.570104 5.292702
0.609000 0.411938 0.181113 0.190134 -0.099938 0.255982 -0.385400 1.476412 -3.582695 5.315574
0.610000 0.411838 0.181367 0.189752 -0.098461 0.252393 -0.380073 1.477653 -3.595474 5.338489
0.611000 0.411741 0.181618 0.189374 -0.096982 0.248791 -0.374723 1.479112 -3.608442 5.361462
0.612000 0.411644 0.181865 0.189002 -0.095502 0.245176 -0.369350 1.480749 -3.621536 5.384418
0.613000 0.411550 0.182108 0.188635 -0.094021 0.241548 -0.363954 1.482550 -3.634753 5.407367
0.614000 0.411456 0.182348 0.188274 -0.092537 0.237906 -0.358535 1.484535 -3.648145 5.430388
0.615000 0.411365 0.182584 0.187918 -0.091052 0.234251 -0.353093 1.486713 -3.661703 5.453456
0.616000 0.411274 0.182817 0.187568 -0.089564 0.230583 -0.347628 1.489062 -3.675332 5.476418
0.617000 0.411185 0.183045 0.187223 -0.088074 0.226901 -0.342140 1.491543 -3.688929 5.499128
0.618000 0.411098 0.183270 0.186884 -0.086581 0.223205 -0.336630 1.494084 -3.702370 5.521446
0.619000 0.411012 0.183492 0.186550 -0.085085 0.219496 -0.331097 1.496595 -3.715517 5.543237
0.620000 0.410928 0.183709 0.186222 -0.083588 0.215774 -0.325543 1.499028 -3.728319 5.564476
0.621000 0.410845 0.183923 0.185899 -0.082087 0.212039 -0.319968 1.501383 -3.740804 5.585228
0.622000 0.410764 0.184133 0.185582 -0.080585 0.208292 -0.314373 1.503656 -3.752959 5.605478
0.623000 0.410684 0.184340 0.185270 -0.079080 0.204533 -0.308757 1.505823 -3.764717 5.625129
0.624000 0.410606 0.184543 0.184964 -0.077573 0.200763 -0.303123 1.507882 -3.776062 5.644155
0.625000 0.410529 0.184741 0.184664 -0.076064 0.196981 -0.297469 1.509848 -3.787027 5.662601
0.626000 0.410453 0.184937 0.184369 -0.074553 0.193189 -0.291797 1.511713 -3.797590 5.680406
0.627000 0.410380 0.185128 0.184080 -0.073041 0.189386 -0.286108 1.513450 -3.807670 5.697417
0.628000 0.410307 0.185315 0.183797 -0.071526 0.185573 -0.280403 1.515048 -3.817232 5.713563
0.629000 0.410237 0.185499 0.183519 -0.070011 0.181752 -0.274681 1.516505 -3.826288 5.728865
0.630000 0.410167 0.185679 0.183248 -0.068493 0.177921 -0.268945 1.517783 -3.834772 5.743265
0.631000 0.410100 0.185855 0.182981 -0.066975 0.174082 -0.263195 1.518814 -3.842554 5.756620
0.632000 0.410033 0.186027 0.182721 -0.065456 0.170236 -0.257432 1.519556 -3.849562 5.768864
0.633000 0.409969 0.186195 0.182467 -0.063936 0.166383 -0.251657 1.520003 -3.855790 5.780004
0.634000 0.409906 0.186360 0.182218 -0.062416 0.162524 -0.245872 1.520134 -3.861184 5.789963
0.635000 0.409844 0.186520 0.181975 -0.060896 0.158661 -0.240077 1.519909 -3.865632 5.798576
0.636000 0.409784 0.186677 0.181738 -0.059376 0.154793 -0.234274 1.519308 -3.869073 5.805752
0.637000 0.409725 0.186830 0.181506 -0.057857 0.150922 -0.228465 1.518338 -3.871509 5.811479
0.638000 0.409668 0.186979 0.181281 -0.056339 0.147050 -0.222651 1.517002 -3.872896 5.815656
0.639000 0.409612 0.187124 0.181061 -0.054823 0.143177 -0.216834 1.515285 -3.873142 5.818093
0.640000 0.409558 0.187265 0.180847 -0.053309 0.139304 -0.211015 1.513186 -3.872195 5.818681
0.641000 0.409506 0.187403 0.180639 -0.051797 0.135432 -0.205197 1.510695 -3.870041 5.817394
0.642000 0.409455 0.187536 0.180437 -0.050287 0.131564 -0.199380 1.507758 -3.866598 5.814132
0.643000 0.409405 0.187666 0.180240 -0.048781 0.127699 -0.193568 1.504289 -3.861723 5.808721
0.644000 0.409357 0.187792 0.180050 -0.047279 0.123840 -0.187763 1.500229 -3.855327 5.801051
0.645000 0.409311 0.187913 0.179865 -0.045781 0.119988 -0.181966 1.495553 -3.847381 5.791084
0.646000 0.409266 0.188031 0.179686 -0.044288 0.116145 -0.176181 1.490223 -3.837809 5.778702
0.647000 0.409222 0.188146 0.179512 -0.042800 0.112313 -0.170409 1.484182 -3.826490 5.763706
0.648000 0.409180 0.188256 0.179345 -0.041319 0.108492 -0.164653 1.477393 -3.813344 5.745965
0.649000 0.409139 0.188363 0.179183 -0.039846 0.104686 -0.158917 1.469845 -3.798336 5.725418
0.650000 0.409100 0.188465 0.179027 -0.038380 0.100896 -0.153203 1.461522 -3.781380 5.701925
0.651000 0.409063 0.188564 0.178877 -0.036923 0.097123 -0.147513 1.452393 -3.762337 5.675262
0.652000 0.409027 0.188660 0.178732 -0.035475 0.093371 -0.141852 1.442440 -3.741113 5.645278
0.653000 0.408992 0.188751 0.178593 -0.034038 0.089641 -0.136223 1.431646 -3.717647 5.611888
0.654000 0.408958 0.188839 0.178460 -0.032612 0.085936 -0.130628 1.419965 -3.691813 5.574931
0.655000 0.408927 0.188923 0.178332 -0.031198 0.082257 -0.125073 1.407324 -3.663414 5.534144
0.656000 0.408896 0.189004 0.178209 -0.029797 0.078609 -0.119560 1.393659 -3.632267 5.489269
0.657000 0.408867 0.189080 0.178093 -0.028410 0.074993 -0.114094 1.378915 -3.598215 5.440060
0.658000 0.408839 0.189154 0.177981 -0.027039 0.071412 -0.108680 1.363050 -3.561117 5.386270
0.659000 0.408813 0.189223 0.177875 -0.025684 0.067871 -0.103322 1.346036 -3.520877 5.327736
0.660000 0.408788 0.189289 0.177775 -0.024347 0.064371 -0.098024 1.327858 -3.477433 5.264347
0.661000 0.408764 0.189352 0.177679 -0.023029 0.060916 -0.092793 1.308485 -3.430659 5.195902
0.662000 0.408742 0.189411 0.177589 -0.021730 0.057509 -0.087633 1.287874 -3.380379 5.122122
0.663000 0.408721 0.189467 0.177504 -0.020453 0.054155 -0.082549 1.265989 -3.326461 5.042795
0.664000 0.408701 0.189519 0.177424 -0.019198 0.050856 -0.077547 1.242801 -3.268815 4.957779
0.665000 0.408682 0.189569 0.177349 -0.017967 0.047617 -0.072633 1.218248 -3.207303 4.866854
0.666000 0.408665 0.189615 0.177279 -0.016762 0.044442 -0.067813 1.192248 -3.141736 4.769718
0.667000 0.408649 0.189657 0.177213 -0.015583 0.041334 -0.063094 1.164736 -3.071969 4.666144
0.668000 0.408634 0.189697 0.177152 -0.014432 0.038298 -0.058481 1.135678 -2.997912 4.555979
0.669000 0.408620 0.189734 0.177096 -0.013311 0.035338 -0.053982 1.105033 -2.919438 4.439011
0.670000 0.408607 0.189768 0.177044 -0.012222 0.032459 -0.049603 1.072745 -2.836380 4.314955
0.671000 0.408595 0.189799 0.176997 -0.011166 0.029665 -0.045352 1.038772 -2.748606 4.183588
0.672000 0.408585 0.189827 0.176954 -0.010145 0.026962 -0.041236 1.003074 -2.656014 4.044753
0.673000 0.408575 0.189853 0.176915 -0.009160 0.024353 -0.037262 0.965582 -2.558441 3.898222
0.674000 0.408567 0.189876 0.176879 -0.008213 0.021845 -0.033439 0.926202 -2.455676 3.743691
0.675000 0.408559 0.189897 0.176848 -0.007307 0.019442 -0.029775 0.884863 -2.347552 3.580925
0.676000 0.408552 0.189915 0.176820 -0.006444 0.017150 -0.026278 0.841522 -2.233956 3.409749
0.677000 0.408546 0.189931 0.176795 -0.005624 0.014974 -0.022956 0.796130 -2.114742 3.229919
0.678000 0.408541 0.189945 0.176774 -0.004851 0.012920 -0.019818 0.748625 -1.989722 3.041119
0.679000 0.408536 0.189957 0.176755 -0.004127 0.010995 -0.016873 0.698957 -1.858748 2.843096
0.680000 0.408532 0.189967 0.176740 -0.003453 0.009203 -0.014132 0.647090 -1.721720 2.635655
0.681000 0.408529 0.189975 0.176727 -0.002833 0.007551 -0.011602 0.592974 -1.578510 2.418512
0.682000 0.408527 0.189982 0.176717 -0.002267 0.006046 -0.009295 0.536544 -1.428956 2.191307
0.683000 0.408525 0.189987 0.176709 -0.001760 0.004693 -0.007219 0.253871 -0.676286 1.037572
0.684000 0.408523 0.189991 0.176702 -0.001760 0.004693 -0.007219 0.253871 -0.676286 1.037572
