0.000000 0.671463 -0.194959 0.142242 -0.007811 0.004952 0.095320 -0.146500 0.087282 1.236678
0.001000 0.671455 -0.194955 0.142336 -0.007811 0.004952 0.095320 -0.146500 0.087282 1.236678
0.002000 0.671447 -0.194950 0.142433 -0.008104 0.005127 0.097794 -0.295783 0.175942 2.482670
0.003000 0.671439 -0.194944 0.142532 -0.008403 0.005304 0.100286 -0.301415 0.178672 2.501060
0.004000 0.671430 -0.194939 0.142633 -0.008707 0.005484 0.102796 -0.307181 0.181345 2.518968
0.005000 0.671422 -0.194933 0.142738 -0.009017 0.005667 0.105324 -0.313083 0.183956 2.536388
0.006000 0.671412 -0.194928 0.142844 -0.009333 0.005852 0.107869 -0.319113 0.186501 2.553328
0.007000 0.671403 -0.194922 0.142953 -0.009655 0.006040 0.110430 -0.325264 0.188974 2.569827
0.008000 0.671393 -0.194916 0.143065 -0.009983 0.006230 0.113008 -0.331525 0.191381 2.585922
0.009000 0.671383 -0.194909 0.143179 -0.010318 0.006422 0.115602 -0.337888 0.193741 2.601647
0.010000 0.671372 -0.194903 0.143296 -0.010659 0.006617 0.118212 -0.344341 0.196082 2.617033
0.011000 0.671362 -0.194896 0.143416 -0.011007 0.006815 0.120836 -0.350876 0.198425 2.632072
0.012000 0.671350 -0.194889 0.143538 -0.011361 0.007014 0.123476 -0.357481 0.200784 2.646721
0.013000 0.671339 -0.194882 0.143663 -0.011722 0.007216 0.126130 -0.364146 0.203179 2.660944
0.014000 0.671327 -0.194875 0.143790 -0.012089 0.007421 0.128798 -0.370859 0.205637 2.674728
0.015000 0.671315 -0.194867 0.143920 -0.012464 0.007627 0.131479 -0.377609 0.208176 2.688077
0.016000 0.671302 -0.194859 0.144053 -0.012845 0.007837 0.134174 -0.384383 0.210799 2.701022
0.017000 0.671289 -0.194851 0.144189 -0.013232 0.008049 0.136881 -0.391170 0.213500 2.713610
0.018000 0.671276 -0.194843 0.144327 -0.013627 0.008264 0.139601 -0.397957 0.216273 2.725842
0.019000 0.671262 -0.194835 0.144468 -0.014028 0.008482 0.142333 -0.404730 0.219121 2.737675
0.020000 0.671247 -0.194826 0.144611 -0.014436 0.008702 0.145076 -0.411476 0.222060 2.749083
0.021000 0.671233 -0.194817 0.144758 -0.014851 0.008926 0.147831 -0.418182 0.225117 2.760062
0.022000 0.671218 -0.194808 0.144907 -0.015273 0.009152 0.150596 -0.424834 0.228307 2.770581
0.023000 0.671202 -0.194799 0.145059 -0.015701 0.009382 0.153372 -0.431428 0.231621 2.780596
0.024000 0.671186 -0.194790 0.145214 -0.016136 0.009616 0.156158 -0.437975 0.235026 2.790118
0.025000 0.671170 -0.194780 0.145371 -0.016577 0.009852 0.158952 -0.444492 0.238478 2.799203
0.026000 0.671153 -0.194770 0.145532 -0.017025 0.010093 0.161756 -0.450992 0.241944 2.807858
0.027000 0.671136 -0.194760 0.145695 -0.017479 0.010336 0.164568 -0.457477 0.245402 2.816050
0.028000 0.671118 -0.194749 0.145861 -0.017939 0.010583 0.167388 -0.463958 0.248841 2.823783
0.029000 0.671100 -0.194739 0.146030 -0.018407 0.010834 0.170216 -0.470452 0.252253 2.831110
0.030000 0.671081 -0.194728 0.146201 -0.018880 0.011088 0.173050 -0.476968 0.255637 2.838081
0.031000 0.671062 -0.194716 0.146376 -0.019361 0.011345 0.175892 -0.483496 0.259008 2.844742
0.032000 0.671043 -0.194705 0.146553 -0.019847 0.011606 0.178740 -0.490020 0.262390 2.851136
0.033000 0.671023 -0.194693 0.146733 -0.020341 0.011870 0.181594 -0.496523 0.265798 2.857257
0.034000 0.671002 -0.194681 0.146916 -0.020840 0.012138 0.184454 -0.502996 0.269242 2.863061
0.035000 0.670981 -0.194669 0.147102 -0.021347 0.012409 0.187320 -0.509443 0.272737 2.868558
0.036000 0.670959 -0.194656 0.147291 -0.021859 0.012683 0.190192 -0.515879 0.276304 2.873806
0.037000 0.670937 -0.194644 0.147483 -0.022378 0.012961 0.193068 -0.522307 0.279959 2.878810
0.038000 0.670915 -0.194630 0.147677 -0.022904 0.013243 0.195949 -0.528718 0.283709 2.883527
0.039000 0.670891 -0.194617 0.147874 -0.023436 0.013529 0.198835 -0.535089 0.287569 2.887958
0.040000 0.670868 -0.194603 0.148075 -0.023974 0.013818 0.201725 -0.541401 0.291561 2.892159
0.041000 0.670843 -0.194589 0.148278 -0.024519 0.014112 0.204619 -0.547640 0.295709 2.896173
0.042000 0.670819 -0.194575 0.148484 -0.025069 0.014409 0.207517 -0.553808 0.300034 2.900028
0.043000 0.670793 -0.194561 0.148693 -0.025626 0.014712 0.210419 -0.559915 0.304558 2.903738
0.044000 0.670767 -0.194546 0.148905 -0.026189 0.015019 0.213325 -0.565963 0.309295 2.907266
0.045000 0.670741 -0.194531 0.149120 -0.026758 0.015330 0.216234 -0.571948 0.314249 2.910549
0.046000 0.670714 -0.194515 0.149337 -0.027333 0.015647 0.219146 -0.577870 0.319434 2.913591
0.047000 0.670686 -0.194499 0.149558 -0.027914 0.015969 0.222061 -0.583737 0.324869 2.916452
0.048000 0.670658 -0.194483 0.149781 -0.028501 0.016297 0.224979 -0.589550 0.330562 2.919135
0.049000 0.670629 -0.194467 0.150008 -0.029093 0.016630 0.227899 -0.595302 0.336509 2.921586
0.050000 0.670600 -0.194450 0.150237 -0.029691 0.016970 0.230822 -0.600992 0.342695 2.923801
0.051000 0.670570 -0.194433 0.150470 -0.030295 0.017316 0.233747 -0.606624 0.349104 2.925828
0.052000 0.670539 -0.194415 0.150705 -0.030904 0.017668 0.236674 -0.612197 0.355721 2.927659
0.053000 0.670508 -0.194397 0.150943 -0.031519 0.018027 0.239602 -0.617701 0.362538 2.929227
0.054000 0.670476 -0.194379 0.151184 -0.032140 0.018393 0.242532 -0.623134 0.369565 2.930519
0.055000 0.670444 -0.194361 0.151428 -0.032766 0.018766 0.245463 -0.628499 0.376819 2.931586
0.056000 0.670411 -0.194342 0.151675 -0.033397 0.019147 0.248395 -0.633801 0.384318 2.932487
0.057000 0.670377 -0.194322 0.151925 -0.034033 0.019535 0.251328 -0.639044 0.392079 2.933291
0.058000 0.670343 -0.194303 0.152178 -0.034675 0.019931 0.254262 -0.644230 0.400119 2.934075
0.059000 0.670308 -0.194282 0.152433 -0.035322 0.020335 0.257196 -0.649355 0.408445 2.934836
0.060000 0.670272 -0.194262 0.152692 -0.035974 0.020748 0.260132 -0.654416 0.417047 2.935510
0.061000 0.670236 -0.194241 0.152954 -0.036631 0.021169 0.263067 -0.659430 0.425907 2.936088
0.062000 0.670199 -0.194220 0.153218 -0.037292 0.021600 0.266004 -0.664431 0.435004 2.936622
0.063000 0.670161 -0.194198 0.153486 -0.037959 0.022039 0.268941 -0.669434 0.444320 2.937100
0.064000 0.670123 -0.194176 0.153756 -0.038631 0.022488 0.271878 -0.674433 0.453843 2.937443
0.065000 0.670084 -0.194153 0.154029 -0.039308 0.022947 0.274816 -0.679421 0.463576 2.937633
0.066000 0.670044 -0.194130 0.154306 -0.039990 0.023415 0.277753 -0.684396 0.473534 2.937727
0.067000 0.670004 -0.194106 0.154585 -0.040677 0.023894 0.280691 -0.689366 0.483729 2.937786
0.068000 0.669963 -0.194082 0.154867 -0.041369 0.024383 0.283629 -0.694353 0.494174 2.937886
0.069000 0.669921 -0.194057 0.155152 -0.042066 0.024882 0.286567 -0.699387 0.504880 2.938106
0.070000 0.669879 -0.194032 0.155440 -0.042768 0.025393 0.289505 -0.704479 0.515853 2.938441
0.071000 0.669836 -0.194006 0.155731 -0.043475 0.025914 0.292444 -0.709619 0.527086 2.938814
0.072000 0.669792 -0.193980 0.156025 -0.044187 0.026447 0.295383 -0.714793 0.538582 2.939215
0.073000 0.669747 -0.193954 0.156322 -0.044904 0.026991 0.298322 -0.719993 0.550351 2.939695
0.074000 0.669702 -0.193926 0.156622 -0.045627 0.027548 0.301262 -0.725203 0.562391 2.940236
0.075000 0.669656 -0.193898 0.156924 -0.046355 0.028116 0.304203 -0.730411 0.574698 2.940740
0.076000 0.669609 -0.193870 0.157230 -0.047088 0.028697 0.307144 -0.735624 0.587272 2.941158
0.077000 0.669562 -0.193841 0.157539 -0.047826 0.029291 0.310085 -0.740865 0.600118 2.941497
0.078000 0.669514 -0.193811 0.157850 -0.048569 0.029897 0.313027 -0.746141 0.613237 2.941707
0.079000 0.669465 -0.193781 0.158165 -0.049318 0.030517 0.315968 -0.751435 0.626619 2.941698
0.080000 0.669415 -0.193750 0.158482 -0.050072 0.031150 0.318910 -0.756728 0.640262 2.941486
0.081000 0.669365 -0.193719 0.158802 -0.050832 0.031798 0.321851 -0.762011 0.654173 2.941186
0.082000 0.669313 -0.193687 0.159126 -0.051596 0.032459 0.324792 -0.767291 0.668356 2.940907
0.083000 0.669261 -0.193654 0.159452 -0.052366 0.033134 0.327733 -0.772604 0.682815 2.940735
0.084000 0.669209 -0.193621 0.159781 -0.053142 0.033824 0.330674 -0.778003 0.697554 2.940746
0.085000 0.669155 -0.193586 0.160113 -0.053922 0.034529 0.333615 -0.783516 0.712568 2.940918
0.086000 0.669101 -0.193551 0.160449 -0.054709 0.035249 0.336556 -0.789130 0.727843 2.941141
0.087000 0.669046 -0.193516 0.160787 -0.055501 0.035985 0.339497 -0.794824 0.743373 2.941362
0.088000 0.668990 -0.193480 0.161128 -0.056298 0.036736 0.342438 -0.800578 0.759157 2.941591
0.089000 0.668933 -0.193442 0.161471 -0.057102 0.037503 0.345380 -0.806368 0.775187 2.941773
0.090000 0.668876 -0.193405 0.161818 -0.057911 0.038287 0.348322 -0.812180 0.791447 2.941808
0.091000 0.668817 -0.193366 0.162168 -0.058726 0.039086 0.351264 -0.818036 0.807928 2.941706
0.092000 0.668758 -0.193326 0.162521 -0.059547 0.039902 0.354205 -0.823981 0.824626 2.941568
0.093000 0.668698 -0.193286 0.162876 -0.060374 0.040736 0.357147 -0.830038 0.841530 2.941401
0.094000 0.668637 -0.193245 0.163235 -0.061207 0.041586 0.360088 -0.836198 0.858621 2.941115
0.095000 0.668576 -0.193203 0.163597 -0.062046 0.042453 0.363029 -0.842459 0.875885 2.940688
0.096000 0.668513 -0.193160 0.163961 -0.062892 0.043337 0.365969 -0.848832 0.893320 2.940196
0.097000 0.668450 -0.193116 0.164329 -0.063744 0.044239 0.368909 -0.855328 0.910929 2.939724
0.098000 0.668386 -0.193071 0.164699 -0.064603 0.045159 0.371849 -0.861956 0.928729 2.939368
0.099000 0.668321 -0.193026 0.165072 -0.065468 0.046097 0.374788 -0.868724 0.946749 2.939227
0.100000 0.668255 -0.192979 0.165449 -0.066340 0.047053 0.377727 -0.875626 0.964995 2.939293
0.101000 0.668188 -0.192932 0.165828 -0.067219 0.048027 0.380667 -0.882648 0.983452 2.939463
0.102000 0.668120 -0.192883 0.166210 -0.068105 0.049020 0.383606 -0.889805 1.002104 2.939722
0.103000 0.668052 -0.192834 0.166595 -0.068999 0.050031 0.386546 -0.897138 1.020941 2.940162
0.104000 0.667982 -0.192783 0.166983 -0.069900 0.051061 0.389487 -0.904688 1.039960 2.940872
0.105000 0.667912 -0.192732 0.167374 -0.070808 0.052111 0.392428 -0.912494 1.059173 2.941937
0.106000 0.667841 -0.192679 0.167768 -0.071725 0.053180 0.395370 -0.920594 1.078600 2.943440
0.107000 0.667769 -0.192625 0.168165 -0.072649 0.054268 0.398315 -0.928999 1.098243 2.945352
0.108000 0.667696 -0.192570 0.168564 -0.073583 0.055376 0.401261 -0.937690 1.118091 2.947551
0.109000 0.667621 -0.192514 0.168967 -0.074525 0.056504 0.404210 -0.946651 1.138146 2.950000
0.110000 0.667546 -0.192457 0.169373 -0.075476 0.057653 0.407161 -0.955879 1.158419 2.952749
0.111000 0.667470 -0.192399 0.169782 -0.076437 0.058821 0.410115 -0.965357 1.178910 2.955757
0.112000 0.667394 -0.192340 0.170193 -0.077407 0.060010 0.413073 -0.975072 1.199603 2.958903
0.113000 0.667316 -0.192279 0.170608 -0.078387 0.061220 0.416033 -0.985057 1.220495 2.962163
0.114000 0.667237 -0.192217 0.171025 -0.079377 0.062451 0.418997 -0.995370 1.241595 2.965610
0.115000 0.667157 -0.192154 0.171446 -0.080377 0.063704 0.421964 -1.006042 1.262896 2.969218
0.116000 0.667076 -0.192090 0.171869 -0.081389 0.064977 0.424935 -1.017066 1.284380 2.972874
0.117000 0.666994 -0.192024 0.172296 -0.082412 0.066272 0.427910 -1.028447 1.306036 2.976571
0.118000 0.666911 -0.191957 0.172725 -0.083446 0.067589 0.430889 -1.040212 1.327873 2.980428
0.119000 0.666827 -0.191889 0.173157 -0.084492 0.068928 0.433871 -1.052387 1.349896 2.984551
0.120000 0.666742 -0.191820 0.173593 -0.085551 0.070289 0.436858 -1.064997 1.372110 2.989030
0.121000 0.666656 -0.191749 0.174031 -0.086622 0.071672 0.439849 -1.078065 1.394519 2.993940
0.122000 0.666569 -0.191676 0.174472 -0.087707 0.073078 0.442846 -1.091593 1.417110 2.999238
0.123000 0.666481 -0.191602 0.174917 -0.088805 0.074507 0.445848 -1.105566 1.439863 3.004802
0.124000 0.666391 -0.191527 0.175364 -0.089918 0.075958 0.448855 -1.120005 1.462785 3.010628
0.125000 0.666301 -0.191450 0.175814 -0.091045 0.077432 0.451869 -1.134959 1.485907 3.016825
0.126000 0.666209 -0.191372 0.176268 -0.092188 0.078930 0.454889 -1.150449 1.509234 3.023389
0.127000 0.666117 -0.191293 0.176724 -0.093346 0.080451 0.457916 -1.166468 1.532751 3.030205
0.128000 0.666023 -0.191211 0.177184 -0.094521 0.081995 0.460949 -1.183034 1.556463 3.037264
0.129000 0.665927 -0.191129 0.177646 -0.095712 0.083563 0.463990 -1.200190 1.580392 3.044660
0.130000 0.665831 -0.191044 0.178112 -0.096921 0.085156 0.467039 -1.217951 1.604540 3.052378
0.131000 0.665734 -0.190958 0.178580 -0.098148 0.086773 0.470095 -1.236296 1.628885 3.060279
0.132000 0.665635 -0.190871 0.179052 -0.099394 0.088414 0.473159 -1.255211 1.653425 3.068317
0.133000 0.665535 -0.190781 0.179526 -0.100658 0.090079 0.476231 -1.274709 1.678184 3.076569
0.134000 0.665434 -0.190691 0.180004 -0.101943 0.091770 0.479312 -1.294811 1.703191 3.085119
0.135000 0.665331 -0.190598 0.180485 -0.103248 0.093486 0.482402 -1.315550 1.728492 3.094062
0.136000 0.665227 -0.190504 0.180969 -0.104574 0.095227 0.485500 -1.336967 1.754135 3.103498
0.137000 0.665122 -0.190407 0.181456 -0.105922 0.096994 0.488609 -1.359069 1.780137 3.113392
0.138000 0.665015 -0.190310 0.181946 -0.107292 0.098787 0.491727 -1.381825 1.806475 3.123594
0.139000 0.664907 -0.190210 0.182440 -0.108686 0.100607 0.494856 -1.405212 1.833136 3.134062
0.140000 0.664798 -0.190108 0.182936 -0.110103 0.102454 0.497995 -1.429229 1.860127 3.144859
0.141000 0.664687 -0.190005 0.183436 -0.111544 0.104327 0.501146 -1.453850 1.887431 3.155935
0.142000 0.664575 -0.189900 0.183938 -0.113010 0.106228 0.504307 -1.479041 1.915018 3.167118
0.143000 0.664461 -0.189793 0.184444 -0.114502 0.108157 0.507480 -1.504798 1.942894 3.178328
0.144000 0.664346 -0.189683 0.184953 -0.116020 0.110114 0.510664 -1.531155 1.971096 3.189614
0.145000 0.664229 -0.189572 0.185465 -0.117565 0.112099 0.513859 -1.558153 1.999662 3.201044
0.146000 0.664111 -0.189459 0.185981 -0.119136 0.114114 0.517066 -1.585846 2.028626 3.212733
0.147000 0.663991 -0.189344 0.186500 -0.120736 0.116157 0.520285 -1.614297 2.058019 3.224814
0.148000 0.663869 -0.189227 0.187022 -0.122365 0.118230 0.523516 -1.643521 2.087840 3.237270
0.149000 0.663746 -0.189108 0.187547 -0.124023 0.120332 0.526759 -1.673493 2.118054 3.249949
0.150000 0.663621 -0.188986 0.188075 -0.125712 0.122466 0.530015 -1.704202 2.148655 3.262804
0.151000 0.663495 -0.188863 0.188607 -0.127432 0.124630 0.533285 -1.735665 2.179660 3.275898
0.152000 0.663366 -0.188737 0.189142 -0.129183 0.126825 0.536567 -1.767865 2.211059 3.289177
0.153000 0.663236 -0.188609 0.189680 -0.130967 0.129052 0.539863 -1.800759 2.242823 3.302476
0.154000 0.663104 -0.188479 0.190221 -0.132785 0.131311 0.543172 -1.834330 2.274960 3.315759
0.155000 0.662971 -0.188346 0.190766 -0.134636 0.133602 0.546495 -1.868585 2.307513 3.329110
0.156000 0.662835 -0.188212 0.191314 -0.136522 0.135926 0.549830 -1.903502 2.340489 3.342487
0.157000 0.662698 -0.188075 0.191866 -0.138443 0.138283 0.553180 -1.939030 2.373860 3.355723
0.158000 0.662558 -0.187935 0.192421 -0.140400 0.140673 0.556542 -1.975145 2.407626 3.368771
0.159000 0.662417 -0.187793 0.192979 -0.142393 0.143098 0.559917 -2.011846 2.441823 3.381700
0.160000 0.662273 -0.187649 0.193541 -0.144424 0.145557 0.563305 -2.049098 2.476440 3.394427
0.161000 0.662128 -0.187502 0.194106 -0.146492 0.148051 0.566706 -2.086802 2.511385 3.406587
0.162000 0.661980 -0.187353 0.194674 -0.148597 0.150580 0.570118 -2.124832 2.546535 3.417692
0.163000 0.661831 -0.187201 0.195246 -0.150741 0.153144 0.573541 -2.163101 2.581804 3.427400
0.164000 0.661679 -0.187047 0.195821 -0.152924 0.155743 0.576973 -2.201632 2.617232 3.435798
0.165000 0.661525 -0.186889 0.196400 -0.155144 0.158378 0.580413 -2.240548 2.652993 3.443396
0.166000 0.661369 -0.186730 0.196982 -0.157405 0.161049 0.583860 -2.279963 2.689265 3.450699
0.167000 0.661210 -0.186567 0.197567 -0.159704 0.163757 0.587314 -2.319888 2.726104 3.457818
0.168000 0.661049 -0.186402 0.198156 -0.162044 0.166502 0.590776 -2.360279 2.763474 3.464599
0.169000 0.660886 -0.186234 0.198749 -0.164425 0.169284 0.594244 -2.401137 2.801350 3.471010
0.170000 0.660720 -0.186064 0.199345 -0.166847 0.172104 0.597718 -2.442509 2.839739 3.477153
0.171000 0.660552 -0.185890 0.199944 -0.169310 0.174963 0.601198 -2.484395 2.878612 3.482990
0.172000 0.660382 -0.185714 0.200547 -0.171815 0.177862 0.604684 -2.526742 2.917912 3.488347
0.173000 0.660209 -0.185534 0.201154 -0.174363 0.180799 0.608175 -2.569523 2.957629 3.493178
0.174000 0.660033 -0.185352 0.201764 -0.176954 0.183777 0.611670 -2.612738 2.997792 3.497573
0.175000 0.659855 -0.185167 0.202377 -0.179589 0.186795 0.615170 -2.656353 3.038386 3.501482
0.176000 0.659674 -0.184979 0.202994 -0.182267 0.189854 0.618673 -2.700295 3.079352 3.504714
0.177000 0.659490 -0.184787 0.203614 -0.184990 0.192953 0.622179 -2.744524 3.120670 3.507211
0.178000 0.659304 -0.184593 0.204238 -0.187756 0.196095 0.625687 -2.789031 3.162359 3.509050
0.179000 0.659115 -0.184395 0.204866 -0.190568 0.199278 0.629197 -2.833772 3.204392 3.510169
0.180000 0.658923 -0.184194 0.205497 -0.193424 0.202504 0.632708 -2.878675 3.246711 3.510384
0.181000 0.658728 -0.183990 0.206131 -0.196325 0.205772 0.636218 -2.923715 3.289308 3.509677
0.182000 0.658530 -0.183783 0.206769 -0.199271 0.209082 0.639727 -2.968904 3.332222 3.508176
0.183000 0.658329 -0.183572 0.207411 -0.202263 0.212436 0.643234 -3.014215 3.375440 3.505857
0.184000 0.658126 -0.183358 0.208056 -0.205300 0.215833 0.646739 -3.059573 3.418890 3.502534
0.185000 0.657919 -0.183140 0.208704 -0.208382 0.219274 0.650239 -3.104943 3.462526 3.498149
0.186000 0.657709 -0.182919 0.209356 -0.211510 0.222758 0.653735 -3.150341 3.506355 3.492821
0.187000 0.657496 -0.182695 0.210012 -0.214683 0.226287 0.657225 -3.195784 3.550396 3.486664
0.188000 0.657279 -0.182467 0.210671 -0.217901 0.229859 0.660708 -3.241306 3.594694 3.479789
0.189000 0.657060 -0.182235 0.211333 -0.221165 0.233476 0.664185 -3.286943 3.639310 3.472303
0.190000 0.656837 -0.182000 0.211999 -0.224475 0.237138 0.667653 -3.332672 3.684235 3.464137
0.191000 0.656611 -0.181761 0.212668 -0.227831 0.240844 0.671113 -3.378418 3.729403 3.455100
0.192000 0.656381 -0.181518 0.213341 -0.231232 0.244596 0.674563 -3.424151 3.774800 3.445188
0.193000 0.656148 -0.181271 0.214018 -0.234679 0.248394 0.678003 -3.469886 3.820459 3.434561
0.194000 0.655912 -0.181021 0.214697 -0.238172 0.252237 0.681432 -3.515586 3.866357 3.423210
0.195000 0.655672 -0.180767 0.215380 -0.241710 0.256127 0.684850 -3.561162 3.912403 3.410941
0.196000 0.655429 -0.180509 0.216067 -0.245294 0.260062 0.688254 -3.606572 3.958542 3.397689
0.197000 0.655182 -0.180247 0.216757 -0.248923 0.264044 0.691645 -3.651817 4.004760 3.383535
0.198000 0.654931 -0.179981 0.217450 -0.252598 0.268072 0.695021 -3.696847 4.050995 3.368404
0.199000 0.654676 -0.179711 0.218147 -0.256317 0.272146 0.698382 -3.741572 4.097152 3.352068
0.200000 0.654418 -0.179437 0.218847 -0.260081 0.276266 0.701725 -3.785959 4.143208 3.334448
0.201000 0.654156 -0.179158 0.219550 -0.263889 0.280432 0.705051 -3.830029 4.189202 3.315609
0.202000 0.653890 -0.178876 0.220257 -0.267741 0.284644 0.708357 -3.873746 4.235107 3.295469
0.203000 0.653621 -0.178589 0.220967 -0.271636 0.288902 0.711642 -3.917023 4.280831 3.273831
0.204000 0.653347 -0.178298 0.221680 -0.275575 0.293206 0.714904 -3.959842 4.326341 3.250702
0.205000 0.653070 -0.178002 0.222397 -0.279556 0.297555 0.718143 -4.002240 4.371658 3.226271
0.206000 0.652788 -0.177703 0.223117 -0.283579 0.301949 0.721357 -4.044191 4.416737 3.200543
0.207000 0.652502 -0.177399 0.223840 -0.287644 0.306389 0.724544 -4.085593 4.461460 3.173316
0.208000 0.652213 -0.177090 0.224566 -0.291750 0.310872 0.727703 -4.126388 4.505749 3.144515
0.209000 0.651919 -0.176777 0.225295 -0.295897 0.315400 0.730833 -4.166564 4.549576 3.114215
0.210000 0.651621 -0.176459 0.226027 -0.300084 0.319971 0.733932 -4.206055 4.592859 3.082331
0.211000 0.651319 -0.176137 0.226763 -0.304309 0.324586 0.736998 -4.244745 4.635480 3.048618
0.212000 0.651012 -0.175810 0.227501 -0.308573 0.329242 0.740029 -4.282580 4.677422 3.012984
0.213000 0.650702 -0.175478 0.228243 -0.312874 0.333941 0.743024 -4.319569 4.718738 2.975493
0.214000 0.650387 -0.175142 0.228987 -0.317212 0.338680 0.745980 -4.355658 4.759405 2.936052
0.215000 0.650067 -0.174801 0.229735 -0.321586 0.343459 0.748896 -4.390743 4.799319 2.894447
0.216000 0.649743 -0.174455 0.230485 -0.325994 0.348279 0.751769 -4.424808 4.838447 2.850677
0.217000 0.649415 -0.174104 0.231238 -0.330435 0.353136 0.754597 -4.457930 4.876844 2.804971
0.218000 0.649083 -0.173749 0.231994 -0.334910 0.358032 0.757379 -4.490171 4.914561 2.757539
0.219000 0.648745 -0.173388 0.232753 -0.339416 0.362965 0.760112 -4.521573 4.951643 2.708555
0.220000 0.648404 -0.173023 0.233515 -0.343953 0.367936 0.762796 -4.552166 4.988133 2.658177
0.221000 0.648057 -0.172653 0.234279 -0.348520 0.372942 0.765429 -4.581892 5.023975 2.606339
0.222000 0.647707 -0.172277 0.235046 -0.353117 0.377983 0.768009 -4.610627 5.059043 2.552785
0.223000 0.647351 -0.171897 0.235815 -0.357741 0.383060 0.770534 -4.638326 5.093294 2.497397
0.224000 0.646991 -0.171511 0.236587 -0.362393 0.388170 0.773004 -4.665038 5.126788 2.440258
0.225000 0.646626 -0.171120 0.237361 -0.367071 0.393313 0.775415 -4.690814 5.159576 2.381497
0.226000 0.646257 -0.170724 0.238137 -0.371775 0.398489 0.777767 -4.715717 5.191706 2.321334
0.227000 0.645883 -0.170323 0.238916 -0.376503 0.403697 0.780057 -4.739834 5.223239 2.260079
0.228000 0.645504 -0.169917 0.239698 -0.381254 0.408936 0.782287 -4.763228 5.254203 2.197968
0.229000 0.645120 -0.169505 0.240481 -0.386029 0.414205 0.784453 -4.785959 5.284603 2.135172
0.230000 0.644732 -0.169089 0.241266 -0.390826 0.419505 0.786557 -4.808079 5.314434 2.071827
0.231000 0.644339 -0.168666 0.242054 -0.395645 0.424834 0.788597 -4.829539 5.343594 2.007845
0.232000 0.643941 -0.168239 0.242844 -0.400485 0.430192 0.790573 -4.850197 5.371939 1.942959
0.233000 0.643538 -0.167806 0.243635 -0.405346 0.435578 0.792483 -4.869995 5.399451 1.877053
0.234000 0.643130 -0.167368 0.244429 -0.410225 0.440991 0.794327 -4.888969 5.426245 1.810222
0.235000 0.642717 -0.166924 0.245224 -0.415124 0.446430 0.796103 -4.907173 5.452429 1.742600
0.236000 0.642300 -0.166475 0.246021 -0.420040 0.451896 0.797812 -4.924682 5.478106 1.674396
0.237000 0.641877 -0.166020 0.246819 -0.424973 0.457387 0.799452 -4.941588 5.503373 1.605860
0.238000 0.641450 -0.165560 0.247620 -0.429923 0.462903 0.801024 -4.957858 5.528193 1.536997
0.239000 0.641017 -0.165094 0.248422 -0.434889 0.468443 0.802526 -4.973361 5.552402 1.467588
0.240000 0.640580 -0.164623 0.249225 -0.439870 0.474007 0.803959 -4.988058 5.575904 1.397564
0.241000 0.640138 -0.164146 0.250029 -0.444865 0.479595 0.805321 -5.002020 5.598710 1.327067
0.242000 0.639690 -0.163664 0.250835 -0.449874 0.485205 0.806613 -5.015317 5.620861 1.256221
0.243000 0.639238 -0.163176 0.251643 -0.454896 0.490837 0.807834 -5.028012 5.642451 1.185116
0.244000 0.638780 -0.162682 0.252451 -0.459930 0.496490 0.808983 -5.040164 5.663605 1.113827
0.245000 0.638318 -0.162183 0.253261 -0.464976 0.502164 0.810061 -5.051712 5.684305 1.042229
0.246000 0.637851 -0.161678 0.254071 -0.470033 0.507858 0.811068 -5.062511 5.704409 0.970083
0.247000 0.637378 -0.161167 0.254883 -0.475101 0.513573 0.812002 -5.072536 5.723890 0.897405
0.248000 0.636900 -0.160651 0.255695 -0.480178 0.519306 0.812863 -5.081872 5.742826 0.824424
0.249000 0.636418 -0.160129 0.256508 -0.485265 0.525058 0.813650 -5.090486 5.761174 0.751159
0.250000 0.635930 -0.159601 0.257323 -0.490359 0.530828 0.814365 -5.098224 5.778751 0.677386
0.251000 0.635437 -0.159067 0.258137 -0.495461 0.536616 0.815005 -5.105020 5.795453 0.603028
0.252000 0.634939 -0.158528 0.258953 -0.500569 0.542419 0.815571 -5.110904 5.811272 0.528173
0.253000 0.634436 -0.157982 0.259768 -0.505683 0.548238 0.816062 -5.115800 5.826094 0.452734
0.254000 0.633928 -0.157431 0.260585 -0.510801 0.554072 0.816476 -5.119533 5.839736 0.376448
0.255000 0.633414 -0.156874 0.261401 -0.515922 0.559918 0.816814 -5.122042 5.852171 0.299224
0.256000 0.632896 -0.156311 0.262218 -0.521045 0.565776 0.817075 -5.123401 5.863533 0.221203
0.257000 0.632372 -0.155742 0.263035 -0.526169 0.571645 0.817257 -5.123696 5.873954 0.142556
0.258000 0.631843 -0.155168 0.263853 -0.531292 0.577524 0.817360 -5.123039 5.883555 0.063519
0.259000 0.631309 -0.154587 0.264670 -0.536415 0.583412 0.817384 -5.121554 5.892457 -0.015643
0.260000 0.630770 -0.154001 0.265488 -0.541535 0.589309 0.817329 -5.119208 5.900605 -0.094916
0.261000 0.630226 -0.153409 0.266305 -0.546653 0.595213 0.817194 -5.115832 5.907797 -0.174525
0.262000 0.629677 -0.152811 0.267122 -0.551767 0.601124 0.816980 -5.111362 5.913921 -0.254554
0.263000 0.629123 -0.152207 0.267939 -0.556876 0.607041 0.816685 -5.105839 5.918971 -0.334914
0.264000 0.628563 -0.151597 0.268755 -0.561979 0.612962 0.816310 -5.099187 5.922831 -0.415696
0.265000 0.627999 -0.150981 0.269571 -0.567074 0.618887 0.815854 -5.091219 5.925314 -0.497176
0.266000 0.627429 -0.150359 0.270387 -0.572161 0.624813 0.815315 -5.081872 5.926436 -0.579468
0.267000 0.626855 -0.149731 0.271202 -0.577238 0.630740 0.814695 -5.071202 5.926373 -0.662515
0.268000 0.626275 -0.149097 0.272016 -0.582304 0.636666 0.813990 -5.059143 5.925135 -0.746425
0.269000 0.625690 -0.148458 0.272830 -0.587356 0.642590 0.813202 -5.045516 5.922554 -0.831429
0.270000 0.625100 -0.147812 0.273643 -0.592395 0.648511 0.812328 -5.030294 5.918580 -0.917513
0.271000 0.624505 -0.147161 0.274455 -0.597417 0.654427 0.811367 -5.013612 5.913332 -1.004405
0.272000 0.623905 -0.146503 0.275266 -0.602422 0.660337 0.810319 -4.995596 5.906915 -1.091868
0.273000 0.623300 -0.145840 0.276075 -0.607408 0.666241 0.809183 -4.976349 5.899412 -1.179721
0.274000 0.622690 -0.145171 0.276884 -0.612375 0.672136 0.807959 -4.955960 5.890892 -1.267820
0.275000 0.622076 -0.144496 0.277691 -0.617320 0.678023 0.806647 -4.934354 5.881256 -1.356247
0.276000 0.621456 -0.143815 0.278497 -0.622243 0.683899 0.805247 -4.911329 5.870303 -1.445269
0.277000 0.620831 -0.143128 0.279302 -0.627143 0.689763 0.803757 -4.886824 5.858043 -1.534989
0.278000 0.620202 -0.142435 0.280105 -0.632017 0.695615 0.802177 -4.860910 5.844656 -1.625342
0.279000 0.619567 -0.141737 0.280906 -0.636865 0.701453 0.800506 -4.833518 5.830142 -1.716423
0.280000 0.618928 -0.141032 0.281706 -0.641684 0.707275 0.798744 -4.804450 5.814312 -1.808461
0.281000 0.618284 -0.140322 0.282504 -0.646473 0.713081 0.796889 -4.773651 5.797107 -1.901456
0.282000 0.617635 -0.139606 0.283300 -0.651231 0.718869 0.794941 -4.741245 5.778653 -1.995153
0.283000 0.616981 -0.138884 0.284093 -0.655956 0.724638 0.792899 -4.707360 5.759053 -2.089325
0.284000 0.616323 -0.138157 0.284885 -0.660646 0.730387 0.790762 -4.672132 5.738373 -2.183786
0.285000 0.615660 -0.137424 0.285675 -0.665300 0.736115 0.788531 -4.635705 5.716657 -2.278375
0.286000 0.614992 -0.136685 0.286462 -0.669917 0.741821 0.786206 -4.598030 5.693773 -2.373156
0.287000 0.614320 -0.135940 0.287247 -0.674496 0.747503 0.783785 -4.558905 5.669501 -2.468376
0.288000 0.613643 -0.135190 0.288030 -0.679035 0.753160 0.781269 -4.518273 5.643865 -2.564118
0.289000 0.612962 -0.134434 0.288810 -0.683533 0.758790 0.778657 -4.476263 5.617130 -2.660246
0.290000 0.612276 -0.133672 0.289587 -0.687988 0.764394 0.775948 -4.433005 5.589537 -2.756587
0.291000 0.611586 -0.132905 0.290362 -0.692399 0.769970 0.773144 -4.388642 5.561293 -2.852903
0.292000 0.610891 -0.132132 0.291134 -0.696765 0.775517 0.770243 -4.343321 5.532581 -2.948922
0.293000 0.610193 -0.131354 0.291902 -0.701085 0.781035 0.767246 -4.296991 5.503349 -3.044615
0.294000 0.609489 -0.130570 0.292668 -0.705359 0.786523 0.764153 -4.249451 5.473328 -3.140190
0.295000 0.608782 -0.129781 0.293431 -0.709584 0.791981 0.760965 -4.200668 5.442359 -3.235733
0.296000 0.608070 -0.128986 0.294190 -0.713760 0.797408 0.757682 -4.150807 5.410471 -3.331132
0.297000 0.607354 -0.128186 0.294946 -0.717886 0.802802 0.754303 -4.100032 5.377759 -3.426268
0.298000 0.606634 -0.127381 0.295699 -0.721960 0.808164 0.750829 -4.048502 5.344430 -3.521023
0.299000 0.605910 -0.126570 0.296448 -0.725983 0.813491 0.747261 -3.996415 5.310803 -3.615225
0.300000 0.605182 -0.125754 0.297193 -0.729953 0.818785 0.743599 -3.943932 5.277128 -3.708707
0.301000 0.604450 -0.124932 0.297935 -0.733871 0.824045 0.739844 -3.891226 5.243605 -3.801237
0.302000 0.603715 -0.124105 0.298673 -0.737736 0.829272 0.735996 -3.838474 5.210401 -3.892544
0.303000 0.602975 -0.123274 0.299407 -0.741548 0.834466 0.732059 -3.785639 5.177439 -3.982595
0.304000 0.602232 -0.122437 0.300137 -0.745307 0.839627 0.728031 -3.732511 5.144428 -4.071585
0.305000 0.601484 -0.121594 0.300863 -0.749013 0.844755 0.723915 -3.679044 5.111212 -4.159591
0.306000 0.600734 -0.120747 0.301585 -0.752665 0.849850 0.719712 -3.625404 5.077840 -4.246502
0.307000 0.599979 -0.119895 0.302302 -0.756264 0.854911 0.715422 -3.571749 5.044423 -4.332210
0.308000 0.599221 -0.119037 0.303016 -0.759809 0.859938 0.711048 -3.518238 5.011192 -4.416619
0.309000 0.598459 -0.118175 0.303724 -0.763300 0.864933 0.706589 -3.465025 4.978441 -4.499637
0.310000 0.597694 -0.117307 0.304429 -0.766739 0.869895 0.702048 -3.412047 4.946193 -4.581350
0.311000 0.596926 -0.116435 0.305129 -0.770124 0.874826 0.697427 -3.359082 4.914225 -4.661954
0.312000 0.596154 -0.115558 0.305824 -0.773457 0.879724 0.692725 -3.306084 4.882481 -4.741431
0.313000 0.595379 -0.114675 0.306514 -0.776736 0.884590 0.687944 -3.253185 4.851093 -4.819574
0.314000 0.594601 -0.113788 0.307199 -0.779963 0.889426 0.683085 -3.200340 4.819981 -4.896359
0.315000 0.593819 -0.112897 0.307880 -0.783137 0.894230 0.678151 -3.147329 4.788834 -4.971973
0.316000 0.593034 -0.112000 0.308556 -0.786258 0.899004 0.673141 -3.094125 4.757467 -5.046500
0.317000 0.592247 -0.111099 0.309226 -0.789325 0.903745 0.668058 -3.040879 4.725858 -5.119885
0.318000 0.591456 -0.110193 0.309892 -0.792340 0.908455 0.662902 -2.987559 4.693822 -5.192210
0.319000 0.590662 -0.109282 0.310552 -0.795300 0.913133 0.657674 -2.933945 4.661081 -5.263696
0.320000 0.589865 -0.108366 0.311207 -0.798207 0.917778 0.652374 -2.879998 4.627653 -5.334414
0.321000 0.589066 -0.107446 0.311857 -0.801060 0.922388 0.647005 -2.825903 4.593857 -5.404250
0.322000 0.588263 -0.106521 0.312501 -0.803859 0.926965 0.641566 -2.771846 4.559978 -5.473067
0.323000 0.587458 -0.105592 0.313140 -0.806604 0.931508 0.636059 -2.718008 4.526252 -5.540694
0.324000 0.586650 -0.104658 0.313773 -0.809295 0.936018 0.630484 -2.664568 4.492885 -5.606933
0.325000 0.585839 -0.103720 0.314401 -0.811933 0.940494 0.624845 -2.611476 4.459802 -5.671784
0.326000 0.585026 -0.102777 0.315023 -0.814518 0.944937 0.619141 -2.558501 4.426669 -5.735418
0.327000 0.584210 -0.101830 0.315639 -0.817050 0.949347 0.613374 -2.505611 4.393284 -5.797892
0.328000 0.583392 -0.100879 0.316250 -0.819529 0.953724 0.607545 -2.452964 4.359607 -5.859128
0.329000 0.582571 -0.099923 0.316854 -0.821956 0.958067 0.601656 -2.400522 4.325434 -5.919178
0.330000 0.581748 -0.098963 0.317453 -0.824330 0.962375 0.595707 -2.348046 4.290467 -5.978232
0.331000 0.580922 -0.097998 0.318046 -0.826652 0.966648 0.589699 -2.295469 4.254733 -6.036357
0.332000 0.580095 -0.097029 0.318633 -0.828921 0.970884 0.583634 -2.242905 4.218514 -6.093484
0.333000 0.579265 -0.096056 0.319213 -0.831138 0.975085 0.577512 -2.190283 4.181842 -6.149667
0.334000 0.578432 -0.095079 0.319788 -0.833302 0.979248 0.571335 -2.137354 4.144484 -6.205074
0.335000 0.577598 -0.094098 0.320356 -0.835413 0.983374 0.565102 -2.084069 4.106415 -6.259722
0.336000 0.576762 -0.093112 0.320918 -0.837470 0.987461 0.558815 -2.030612 4.067882 -6.313455
0.337000 0.575923 -0.092123 0.321473 -0.839474 0.991509 0.552475 -1.977169 4.029076 -6.366140
0.338000 0.575083 -0.091129 0.322023 -0.841424 0.995519 0.546083 -1.923922 3.990095 -6.417679
0.339000 0.574240 -0.090132 0.322566 -0.843322 0.999489 0.539640 -1.871051 3.950980 -6.467995
0.340000 0.573396 -0.089130 0.323102 -0.845167 1.003421 0.533147 -1.818496 3.911537 -6.517157
0.341000 0.572550 -0.088125 0.323632 -0.846959 1.007313 0.526605 -1.766007 3.871464 -6.565340
0.342000 0.571702 -0.087116 0.324155 -0.848699 1.011164 0.520016 -1.713519 3.830796 -6.612597
0.343000 0.570852 -0.086103 0.324672 -0.850386 1.014974 0.513380 -1.661160 3.789843 -6.658861
0.344000 0.570001 -0.085086 0.325182 -0.852021 1.018743 0.506699 -1.608863 3.748645 -6.704173
0.345000 0.569148 -0.084065 0.325685 -0.853604 1.022471 0.499972 -1.556382 3.706956 -6.748683
0.346000 0.568294 -0.083041 0.326182 -0.855134 1.026157 0.493201 -1.503672 3.664737 -6.792420
0.347000 0.567438 -0.082013 0.326672 -0.856611 1.029801 0.486387 -1.450886 3.622182 -6.835288
0.348000 0.566581 -0.080981 0.327155 -0.858035 1.033402 0.479531 -1.397979 3.579230 -6.877306
0.349000 0.565722 -0.079946 0.327631 -0.859407 1.036959 0.472632 -1.344706 3.535540 -6.918620
0.350000 0.564862 -0.078907 0.328100 -0.860725 1.040473 0.465693 -1.291021 3.490928 -6.959280
0.351000 0.564001 -0.077865 0.328562 -0.861989 1.043941 0.458714 -1.237117 3.445467 -6.999210
0.352000 0.563138 -0.076820 0.329017 -0.863199 1.047364 0.451695 -1.183180 3.399303 -7.038324
0.353000 0.562274 -0.075770 0.329466 -0.864355 1.050740 0.444637 -1.129380 3.352719 -7.076530
0.354000 0.561409 -0.074718 0.329907 -0.865458 1.054069 0.437542 -1.075875 3.306069 -7.113731
0.355000 0.560543 -0.073662 0.330341 -0.866507 1.057352 0.430410 -1.022586 3.259382 -7.149949
0.356000 0.559676 -0.072603 0.330767 -0.867503 1.060588 0.423242 -0.969250 3.212394 -7.185313
0.357000 0.558808 -0.071541 0.331187 -0.868446 1.063777 0.416039 -0.915809 3.165059 -7.219854
0.358000 0.557939 -0.070476 0.331600 -0.869335 1.066918 0.408802 -0.862403 3.117564 -7.253508
0.359000 0.557070 -0.069407 0.332005 -0.870170 1.070012 0.401532 -0.808975 3.069841 -7.286295
0.360000 0.556199 -0.068336 0.332403 -0.870953 1.073058 0.394230 -0.755281 3.021534 -7.318335
0.361000 0.555328 -0.067261 0.332793 -0.871681 1.076055 0.386895 -0.701285 2.972448 -7.349662
0.362000 0.554456 -0.066184 0.333176 -0.872355 1.079003 0.379530 -0.647206 2.922661 -7.380192
0.363000 0.553583 -0.065103 0.333552 -0.872975 1.081900 0.372135 -0.593245 2.872330 -7.409834
0.364000 0.552710 -0.064020 0.333921 -0.873542 1.084747 0.364711 -0.539570 2.821765 -7.438490
0.365000 0.551836 -0.062934 0.334282 -0.874054 1.087544 0.357258 -0.486335 2.771356 -7.466055
0.366000 0.550962 -0.061845 0.334635 -0.874514 1.090290 0.349779 -0.433451 2.721152 -7.492534
0.367000 0.550087 -0.060753 0.334981 -0.874921 1.092986 0.342273 -0.380659 2.670888 -7.518035
0.368000 0.549212 -0.059659 0.335320 -0.875276 1.095632 0.334742 -0.327918 2.620514 -7.542620
0.369000 0.548336 -0.058562 0.335651 -0.875577 1.098227 0.327188 -0.275396 2.570220 -7.566277
0.370000 0.547461 -0.057462 0.335974 -0.875826 1.100772 0.319610 -0.223053 2.519936 -7.589058
0.371000 0.546585 -0.056360 0.336290 -0.876023 1.103267 0.312010 -0.170639 2.469306 -7.611074
0.372000 0.545709 -0.055256 0.336598 -0.876168 1.105711 0.304388 -0.118089 2.418160 -7.632361
0.373000 0.544832 -0.054149 0.336899 -0.876259 1.108103 0.296745 -0.065537 2.366542 -7.652879
0.374000 0.543956 -0.053040 0.337192 -0.876299 1.110444 0.289082 -0.012918 2.314288 -7.672647
0.375000 0.543080 -0.051928 0.337477 -0.876285 1.112732 0.281400 0.040020 2.261081 -7.691737
0.376000 0.542204 -0.050814 0.337754 -0.876219 1.114966 0.273699 0.093317 2.206964 -7.710130
0.377000 0.541327 -0.049698 0.338024 -0.876099 1.117146 0.265979 0.146758 2.152343 -7.727709
0.378000 0.540451 -0.048580 0.338286 -0.875925 1.119271 0.258243 0.200136 2.097578 -7.744387
0.379000 0.539576 -0.047460 0.338541 -0.875698 1.121341 0.250491 0.253260 2.042951 -7.760127
0.380000 0.538700 -0.046337 0.338787 -0.875419 1.123357 0.242723 0.305947 1.988700 -7.774920
0.381000 0.537825 -0.045213 0.339026 -0.875087 1.125318 0.234941 0.358260 1.934732 -7.788815
0.382000 0.536950 -0.044087 0.339257 -0.874702 1.127226 0.227145 0.410462 1.880674 -7.801892
0.383000 0.536075 -0.042958 0.339480 -0.874266 1.129080 0.219337 0.462617 1.826361 -7.814159
0.384000 0.535201 -0.041828 0.339696 -0.873777 1.130879 0.211517 0.514590 1.771846 -7.825562
0.385000 0.534328 -0.040697 0.339904 -0.873236 1.132623 0.203686 0.566446 1.716968 -7.836094
0.386000 0.533455 -0.039563 0.340103 -0.872644 1.134313 0.195845 0.618443 1.661386 -7.845794
0.387000 0.532582 -0.038428 0.340295 -0.872000 1.135946 0.187994 0.670643 1.605100 -7.854639
0.388000 0.531711 -0.037291 0.340479 -0.871303 1.137523 0.180135 0.722863 1.548461 -7.862537
0.389000 0.530840 -0.036153 0.340655 -0.870554 1.139043 0.172269 0.774915 1.491795 -7.869423
0.390000 0.529970 -0.035013 0.340824 -0.869753 1.140507 0.164397 0.826614 1.435380 -7.875285
0.391000 0.529100 -0.033872 0.340984 -0.868901 1.141914 0.156519 0.877773 1.379466 -7.880137
0.392000 0.528232 -0.032729 0.341137 -0.867997 1.143266 0.148636 0.928450 1.323967 -7.884027
0.393000 0.527364 -0.031585 0.341282 -0.867044 1.144562 0.140751 0.978900 1.268504 -7.887010
0.394000 0.526498 -0.030440 0.341418 -0.866040 1.145803 0.132862 1.029179 1.212895 -7.889093
0.395000 0.525632 -0.029294 0.341547 -0.864985 1.146988 0.124972 1.079147 1.157179 -7.890240
0.396000 0.524768 -0.028146 0.341668 -0.863881 1.148117 0.117082 1.128858 1.101176 -7.890441
0.397000 0.523904 -0.026998 0.341781 -0.862728 1.149190 0.109192 1.178563 1.044544 -7.889711
0.398000 0.523042 -0.025848 0.341887 -0.861524 1.150206 0.101302 1.228315 0.987292 -7.888025
0.399000 0.522181 -0.024697 0.341984 -0.860271 1.151165 0.093415 1.277921 0.929793 -7.885314
0.400000 0.521322 -0.023545 0.342074 -0.858968 1.152066 0.085532 1.327193 0.872395 -7.881535
0.401000 0.520464 -0.022393 0.342155 -0.857617 1.152909 0.077652 1.375961 0.815398 -7.876698
0.402000 0.519607 -0.021240 0.342229 -0.856216 1.153696 0.069778 1.424060 0.759075 -7.870841
0.403000 0.518751 -0.020086 0.342295 -0.854768 1.154428 0.061911 1.471561 0.703358 -7.864008
0.404000 0.517897 -0.018931 0.342353 -0.853273 1.155103 0.054050 1.518717 0.647875 -7.856242
0.405000 0.517045 -0.017775 0.342403 -0.851731 1.155723 0.046198 1.565573 0.592460 -7.847574
0.406000 0.516194 -0.016619 0.342445 -0.850142 1.156288 0.038355 1.611974 0.537177 -7.838019
0.407000 0.515344 -0.015463 0.342479 -0.848507 1.156798 0.030522 1.657962 0.481861 -7.827586
0.408000 0.514497 -0.014306 0.342506 -0.846826 1.157252 0.022700 1.703784 0.426161 -7.816269
0.409000 0.513651 -0.013148 0.342525 -0.845100 1.157650 0.014890 1.749502 0.370054 -7.804016
0.410000 0.512806 -0.011990 0.342536 -0.843327 1.157992 0.007092 1.794990 0.313804 -7.790743
0.411000 0.511964 -0.010832 0.342539 -0.841510 1.158278 -0.000692 1.840309 0.257397 -7.776388
0.412000 0.511123 -0.009674 0.342534 -0.839647 1.158507 -0.008461 1.885708 0.200518 -7.760942
0.413000 0.510285 -0.008515 0.342522 -0.837738 1.158679 -0.016214 1.931245 0.143104 -7.744449
0.414000 0.509448 -0.007357 0.342502 -0.835784 1.158793 -0.023950 1.976738 0.085408 -7.726967
0.415000 0.508613 -0.006198 0.342474 -0.833785 1.158849 -0.031668 2.022002 0.027642 -7.708548
0.416000 0.507780 -0.005039 0.342439 -0.831740 1.158848 -0.039367 2.066853 -0.030058 -7.689235
0.417000 0.506950 -0.003880 0.342395 -0.829651 1.158789 -0.047046 2.111101 -0.087600 -7.669067
0.418000 0.506121 -0.002721 0.342345 -0.827518 1.158673 -0.054705 2.154798 -0.145175 -7.648051
0.419000 0.505295 -0.001563 0.342286 -0.825341 1.158499 -0.062342 2.198189 -0.203136 -7.626158
0.420000 0.504470 -0.000404 0.342220 -0.823121 1.158267 -0.069957 2.241345 -0.261485 -7.603336
0.421000 0.503648 0.000754 0.342146 -0.820859 1.157976 -0.077549 2.284149 -0.319922 -7.579518
0.422000 0.502829 0.001912 0.342065 -0.818553 1.157627 -0.085116 2.326670 -0.378440 -7.554643
0.423000 0.502011 0.003069 0.341976 -0.816205 1.157219 -0.092658 2.369154 -0.437339 -7.528681
0.424000 0.501196 0.004226 0.341880 -0.813815 1.156752 -0.100174 2.411665 -0.496683 -7.501674
0.425000 0.500384 0.005383 0.341776 -0.811382 1.156226 -0.107662 2.454033 -0.556214 -7.473706
0.426000 0.499573 0.006539 0.341664 -0.808907 1.155640 -0.115121 2.496085 -0.615708 -7.444854
0.427000 0.498766 0.007694 0.341545 -0.806390 1.154994 -0.122551 2.537649 -0.675000 -7.415189
0.428000 0.497961 0.008849 0.341419 -0.803832 1.154290 -0.129951 2.578547 -0.733961 -7.384771
0.429000 0.497158 0.010002 0.341285 -0.801233 1.153526 -0.137321 2.618832 -0.792755 -7.353613
0.430000 0.496358 0.011156 0.341144 -0.798594 1.152704 -0.144659 2.658745 -0.851729 -7.321663
0.431000 0.495561 0.012308 0.340996 -0.795915 1.151823 -0.151964 2.698357 -0.910904 -7.288871
0.432000 0.494766 0.013459 0.340841 -0.793197 1.150882 -0.159236 2.737562 -0.970009 -7.255194
0.433000 0.493975 0.014610 0.340678 -0.790440 1.149883 -0.166474 2.776426 -1.029052 -7.220570
0.434000 0.493185 0.015759 0.340508 -0.787644 1.148824 -0.173678 2.815191 -1.088328 -7.184953
0.435000 0.492399 0.016907 0.340330 -0.784810 1.147706 -0.180844 2.853918 -1.147869 -7.148386
0.436000 0.491616 0.018054 0.340146 -0.781936 1.146529 -0.187974 2.892446 -1.207376 -7.110980
0.437000 0.490835 0.019200 0.339954 -0.779025 1.145291 -0.195066 2.930610 -1.266611 -7.072831
0.438000 0.490058 0.020345 0.339756 -0.776075 1.143995 -0.202120 2.968242 -1.325443 -7.034012
0.439000 0.489283 0.021488 0.339550 -0.773088 1.142641 -0.209134 3.005172 -1.383797 -6.994582
0.440000 0.488512 0.022630 0.339337 -0.770065 1.141228 -0.216109 3.041447 -1.441874 -6.954529
0.441000 0.487743 0.023771 0.339118 -0.767005 1.139757 -0.223043 3.077290 -1.500022 -6.913779
0.442000 0.486978 0.024910 0.338891 -0.763910 1.138228 -0.229937 3.112743 -1.558225 -6.872282
0.443000 0.486215 0.026047 0.338658 -0.760780 1.136640 -0.236788 3.147666 -1.616167 -6.830022
0.444000 0.485456 0.027183 0.338418 -0.757615 1.134995 -0.243597 3.182101 -1.673817 -6.786942
0.445000 0.484700 0.028317 0.338171 -0.754416 1.133293 -0.250362 3.216276 -1.731458 -6.742981
0.446000 0.483947 0.029450 0.337917 -0.751182 1.131532 -0.257083 3.250273 -1.789129 -6.698191
0.447000 0.483198 0.030580 0.337657 -0.747915 1.129715 -0.263758 3.283965 -1.846551 -6.652713
0.448000 0.482451 0.031709 0.337390 -0.744615 1.127839 -0.270388 3.317205 -1.903495 -6.606678
0.449000 0.481708 0.032836 0.337116 -0.741281 1.125908 -0.276972 3.349813 -1.959823 -6.560192
0.450000 0.480969 0.033961 0.336836 -0.737915 1.123920 -0.283508 3.381588 -2.015444 -6.513346
0.451000 0.480233 0.035084 0.336549 -0.734518 1.121877 -0.289998 3.412548 -2.070544 -6.466137
0.452000 0.479500 0.036205 0.336256 -0.731090 1.119779 -0.296441 3.442900 -2.125462 -6.418468
0.453000 0.478770 0.037323 0.335956 -0.727632 1.117626 -0.302835 3.472702 -2.180189 -6.370274
0.454000 0.478045 0.038440 0.335650 -0.724144 1.115418 -0.309181 3.501850 -2.234422 -6.321536
0.455000 0.477322 0.039554 0.335338 -0.720628 1.113157 -0.315478 3.530399 -2.288137 -6.272182
0.456000 0.476603 0.040666 0.335019 -0.717084 1.110842 -0.321726 3.558574 -2.341604 -6.222120
0.457000 0.475888 0.041776 0.334694 -0.713511 1.108474 -0.327923 3.586448 -2.394843 -6.171387
0.458000 0.475176 0.042883 0.334363 -0.709911 1.106052 -0.334068 3.613938 -2.447610 -6.120106
0.459000 0.474468 0.043988 0.334026 -0.706283 1.103578 -0.340163 3.641107 -2.499934 -6.068308
0.460000 0.473764 0.045090 0.333683 -0.702628 1.101052 -0.346205 3.668156 -2.552168 -6.015919
0.461000 0.473063 0.046190 0.333334 -0.698947 1.098474 -0.352195 3.695095 -2.604505 -5.962933
0.462000 0.472366 0.047287 0.332978 -0.695238 1.095843 -0.358131 3.721718 -2.656861 -5.909435
0.463000 0.471672 0.048382 0.332617 -0.691503 1.093160 -0.364013 3.747833 -2.709080 -5.855499
0.464000 0.470983 0.049474 0.332250 -0.687743 1.090425 -0.369842 3.773273 -2.760884 -5.801175
0.465000 0.470297 0.050563 0.331878 -0.683957 1.087639 -0.375616 3.797886 -2.811922 -5.746501
0.466000 0.469615 0.051649 0.331499 -0.680147 1.084801 -0.381335 3.821720 -2.862170 -5.691420
0.467000 0.468937 0.052732 0.331115 -0.676313 1.081914 -0.386999 3.844989 -2.911894 -5.635839
0.468000 0.468262 0.053813 0.330725 -0.672457 1.078978 -0.392607 3.867781 -2.961110 -5.579811
0.469000 0.467592 0.054890 0.330330 -0.668578 1.075992 -0.398158 3.890038 -3.009580 -5.523499
0.470000 0.466925 0.055965 0.329929 -0.664677 1.072958 -0.403654 3.911838 -3.057334 -5.466948
0.471000 0.466262 0.057036 0.329522 -0.660754 1.069877 -0.409092 3.933372 -3.104714 -5.410064
0.472000 0.465604 0.058104 0.329111 -0.656810 1.066749 -0.414474 3.954637 -3.151909 -5.352809
0.473000 0.464949 0.059170 0.328694 -0.652845 1.063574 -0.419798 3.975461 -3.198906 -5.295223
0.474000 0.464298 0.060232 0.328271 -0.648859 1.060351 -0.425064 3.995833 -3.245890 -5.237253
0.475000 0.463651 0.061290 0.327843 -0.644853 1.057082 -0.430272 4.015929 -3.293190 -5.178740
0.476000 0.463008 0.062346 0.327411 -0.640827 1.053765 -0.435422 4.035802 -3.340818 -5.119597
0.477000 0.462369 0.063398 0.326973 -0.636782 1.050400 -0.440512 4.055333 -3.388447 -5.059841
0.478000 0.461735 0.064447 0.326530 -0.632717 1.046988 -0.445541 4.074403 -3.435756 -4.999546
0.479000 0.461104 0.065492 0.326081 -0.628633 1.043529 -0.450511 4.092909 -3.482436 -4.938887
0.480000 0.460477 0.066534 0.325629 -0.624531 1.040023 -0.455419 4.110747 -3.528185 -4.878092
0.481000 0.459855 0.067572 0.325171 -0.620411 1.036472 -0.460267 4.127983 -3.573018 -4.817232
0.482000 0.459237 0.068607 0.324708 -0.616275 1.032877 -0.465054 4.144795 -3.617245 -4.756205
0.483000 0.458622 0.069638 0.324241 -0.612122 1.029238 -0.469779 4.161189 -3.660995 -4.694977
0.484000 0.458012 0.070665 0.323768 -0.607952 1.025555 -0.474444 4.177017 -3.704185 -4.633602
0.485000 0.457406 0.071689 0.323292 -0.603768 1.021829 -0.479046 4.192278 -3.746941 -4.572025
0.486000 0.456805 0.072709 0.322810 -0.599568 1.018061 -0.483588 4.207135 -3.789576 -4.510077
0.487000 0.456207 0.073725 0.322324 -0.595353 1.014250 -0.488067 4.221626 -3.832140 -4.447673
0.488000 0.455614 0.074737 0.321834 -0.591125 1.010397 -0.492483 4.235624 -3.874371 -4.384849
0.489000 0.455025 0.075746 0.321340 -0.586882 1.006502 -0.496836 4.249012 -3.916008 -4.321687
0.490000 0.454440 0.076750 0.320841 -0.582627 1.002565 -0.501126 4.261703 -3.956784 -4.258359
0.491000 0.453860 0.077751 0.320337 -0.578359 0.998588 -0.505353 4.273619 -3.996429 -4.195082
0.492000 0.453284 0.078747 0.319830 -0.574079 0.994572 -0.509516 4.284832 -4.034974 -4.131904
0.493000 0.452712 0.079740 0.319318 -0.569789 0.990518 -0.513617 4.295505 -4.072715 -4.068708
0.494000 0.452144 0.080728 0.318803 -0.565488 0.986427 -0.517654 4.305631 -4.109770 -4.005462
0.495000 0.451581 0.081713 0.318283 -0.561178 0.982298 -0.521628 4.315047 -4.146050 -3.942243
0.496000 0.451022 0.082693 0.317759 -0.556858 0.978134 -0.525538 4.323738 -4.181666 -3.879004
0.497000 0.450467 0.083669 0.317232 -0.552530 0.973935 -0.529386 4.331849 -4.216922 -3.815559
0.498000 0.449917 0.084641 0.316701 -0.548195 0.969701 -0.533169 4.339428 -4.251874 -3.751807
0.499000 0.449371 0.085608 0.316166 -0.543851 0.965431 -0.536889 4.346372 -4.286291 -3.687777
0.500000 0.448829 0.086572 0.315627 -0.539502 0.961128 -0.540545 4.352590 -4.319940 -3.623554
0.501000 0.448292 0.087531 0.315084 -0.535146 0.956791 -0.544136 4.358019 -4.352580 -3.559327
0.502000 0.447759 0.088485 0.314538 -0.530786 0.952423 -0.547664 4.362609 -4.383968 -3.495342
0.503000 0.447230 0.089436 0.313989 -0.526421 0.948024 -0.551127 4.366437 -4.414141 -3.431657
0.504000 0.446706 0.090381 0.313436 -0.522053 0.943595 -0.554527 4.369664 -4.443372 -3.368146
0.505000 0.446186 0.091323 0.312880 -0.517682 0.939137 -0.557863 4.372287 -4.471736 -3.304765
0.506000 0.445670 0.092260 0.312321 -0.513308 0.934651 -0.561137 4.374167 -4.499096 -3.241585
0.507000 0.445159 0.093192 0.311758 -0.508933 0.930139 -0.564347 4.375294 -4.525525 -3.178547
0.508000 0.444652 0.094120 0.311192 -0.504558 0.925600 -0.567494 4.375798 -4.551309 -3.115449
0.509000 0.444150 0.095043 0.310623 -0.500182 0.921036 -0.570577 4.375709 -4.576534 -3.052177
0.510000 0.443652 0.095962 0.310051 -0.495806 0.916447 -0.573598 4.374936 -4.601081 -2.988722
0.511000 0.443159 0.096876 0.309476 -0.491432 0.911834 -0.576555 4.373510 -4.625028 -2.924973
0.512000 0.442669 0.097786 0.308898 -0.487059 0.907197 -0.579448 4.371594 -4.648643 -2.860767
0.513000 0.442184 0.098691 0.308317 -0.482689 0.902537 -0.582276 4.369280 -4.671970 -2.796155
0.514000 0.441704 0.099591 0.307733 -0.478321 0.897853 -0.585040 4.366535 -4.694790 -2.731386
0.515000 0.441228 0.100486 0.307147 -0.473956 0.893147 -0.587739 4.363298 -4.716894 -2.666681
0.516000 0.440756 0.101377 0.306558 -0.469594 0.888419 -0.590374 4.359455 -4.738098 -2.602215
0.517000 0.440289 0.102263 0.305966 -0.465237 0.883671 -0.592944 4.354866 -4.758232 -2.538131
0.518000 0.439826 0.103144 0.305372 -0.460884 0.878903 -0.595450 4.349528 -4.777373 -2.474393
0.519000 0.439367 0.104021 0.304775 -0.456538 0.874116 -0.597892 4.343564 -4.795799 -2.410798
0.520000 0.438912 0.104893 0.304176 -0.452197 0.869311 -0.600271 4.337011 -4.813599 -2.347233
0.521000 0.438462 0.105759 0.303574 -0.447864 0.864489 -0.602587 4.329801 -4.830672 -2.283691
0.522000 0.438017 0.106622 0.302971 -0.443538 0.859650 -0.604839 4.321971 -4.847099 -2.220060
0.523000 0.437575 0.107479 0.302365 -0.439220 0.854795 -0.607027 4.313678 -4.863140 -2.156171
0.524000 0.437138 0.108331 0.301757 -0.434910 0.849924 -0.609151 4.305022 -4.878841 -2.092073
0.525000 0.436706 0.109179 0.301146 -0.430610 0.845037 -0.611211 4.295993 -4.894001 -2.028024
0.526000 0.436277 0.110021 0.300534 -0.426318 0.840136 -0.613207 4.286545 -4.908421 -1.964245
0.527000 0.435853 0.110859 0.299920 -0.422037 0.835220 -0.615140 4.276565 -4.921912 -1.900894
0.528000 0.435433 0.111692 0.299304 -0.417765 0.830292 -0.617009 4.265901 -4.934290 -1.838093
0.529000 0.435017 0.112519 0.298686 -0.413505 0.825352 -0.618816 4.254533 -4.945608 -1.775784
0.530000 0.434606 0.113342 0.298066 -0.409256 0.820401 -0.620561 4.242571 -4.956122 -1.713751
0.531000 0.434199 0.114160 0.297445 -0.405020 0.815439 -0.622243 4.230056 -4.965924 -1.651883
0.532000 0.433796 0.114973 0.296822 -0.400796 0.810469 -0.623864 4.216925 -4.974883 -1.590227
0.533000 0.433397 0.115781 0.296197 -0.396586 0.805490 -0.625424 4.203127 -4.982863 -1.528880
0.534000 0.433003 0.116584 0.295571 -0.392390 0.800503 -0.626922 4.188637 -4.989724 -1.468029
0.535000 0.432612 0.117382 0.294943 -0.388209 0.795510 -0.628360 4.173444 -4.995321 -1.407909
0.536000 0.432226 0.118175 0.294314 -0.384043 0.790512 -0.629738 4.157624 -4.999721 -1.348557
0.537000 0.431844 0.118963 0.293684 -0.379893 0.785511 -0.631057 4.141298 -5.003158 -1.289819
0.538000 0.431467 0.119746 0.293052 -0.375760 0.780506 -0.632318 4.124462 -5.005667 -1.231656
0.539000 0.431093 0.120524 0.292419 -0.371644 0.775499 -0.633520 4.107009 -5.007092 -1.174167
0.540000 0.430723 0.121297 0.291785 -0.367546 0.770492 -0.634666 4.088926 -5.007466 -1.117301
0.541000 0.430358 0.122065 0.291150 -0.363467 0.765484 -0.635755 4.070308 -5.007030 -1.060838
0.542000 0.429996 0.122828 0.290514 -0.359406 0.760478 -0.636788 4.051180 -5.005902 -1.004653
0.543000 0.429639 0.123586 0.289876 -0.355364 0.755473 -0.637764 4.031489 -5.004041 -0.948738
0.544000 0.429286 0.124339 0.289238 -0.351343 0.750470 -0.638685 4.011260 -5.001559 -0.892974
0.545000 0.428936 0.125087 0.288599 -0.347342 0.745469 -0.639550 3.990625 -4.998700 -0.837176
0.546000 0.428591 0.125830 0.287959 -0.343361 0.740472 -0.640359 3.969673 -4.995515 -0.781391
0.547000 0.428250 0.126568 0.287318 -0.339402 0.735478 -0.641113 3.948415 -4.991838 -0.725880
0.548000 0.427912 0.127301 0.286677 -0.335465 0.730489 -0.641811 3.926831 -4.987508 -0.670869
0.549000 0.427579 0.128029 0.286035 -0.331549 0.725503 -0.642455 3.904853 -4.982370 -0.616524
0.550000 0.427249 0.128752 0.285392 -0.327655 0.720524 -0.643044 3.882383 -4.976277 -0.562975
0.551000 0.426923 0.129470 0.284748 -0.323784 0.715551 -0.643581 3.859417 -4.969284 -0.510163
0.552000 0.426601 0.130183 0.284105 -0.319936 0.710585 -0.644065 3.836038 -4.961620 -0.457858
0.553000 0.426283 0.130891 0.283460 -0.316112 0.705628 -0.644496 3.812260 -4.953380 -0.405927
0.554000 0.425969 0.131594 0.282816 -0.312312 0.700678 -0.644876 3.788017 -4.944506 -0.354354
0.555000 0.425659 0.132293 0.282171 -0.308536 0.695739 -0.645205 3.763322 -4.935082 -0.303014
0.556000 0.425352 0.132986 0.281525 -0.304785 0.690808 -0.645482 3.738285 -4.925331 -0.251716
0.557000 0.425049 0.133674 0.280880 -0.301059 0.685888 -0.645708 3.712980 -4.915303 -0.200499
0.558000 0.424750 0.134358 0.280234 -0.297359 0.680978 -0.645883 3.687414 -4.904850 -0.149619
0.559000 0.424455 0.135036 0.279588 -0.293684 0.676078 -0.646008 3.661560 -4.893815 -0.099298
0.560000 0.424163 0.135710 0.278942 -0.290036 0.671190 -0.646082 3.635345 -4.882041 -0.049697
0.561000 0.423874 0.136379 0.278296 -0.286414 0.666314 -0.646107 3.608666 -4.869362 -0.000943
0.562000 0.423590 0.137042 0.277650 -0.282818 0.661451 -0.646084 3.581509 -4.855810 0.047026
0.563000 0.423309 0.137702 0.277004 -0.279251 0.656603 -0.646013 3.553946 -4.841592 0.094432
0.564000 0.423031 0.138356 0.276358 -0.275711 0.651768 -0.645895 3.526003 -4.826803 0.141384
0.565000 0.422757 0.139005 0.275712 -0.272199 0.646949 -0.645730 3.497645 -4.811400 0.187866
0.566000 0.422487 0.139650 0.275066 -0.268715 0.642145 -0.645519 3.468898 -4.795472 0.233981
0.567000 0.422220 0.140289 0.274421 -0.265261 0.637358 -0.645262 3.439862 -4.779238 0.279921
0.568000 0.421956 0.140924 0.273776 -0.261836 0.632587 -0.644959 3.410604 -4.762779 0.325671
0.569000 0.421696 0.141555 0.273131 -0.258440 0.627832 -0.644611 3.381127 -4.745996 0.371006
0.570000 0.421440 0.142180 0.272486 -0.255073 0.623095 -0.644217 3.351413 -4.728769 0.415731
0.571000 0.421186 0.142801 0.271842 -0.251737 0.618375 -0.643780 3.321414 -4.710942 0.459691
0.572000 0.420936 0.143417 0.271199 -0.248431 0.613673 -0.643298 3.291057 -4.692340 0.502762
0.573000 0.420689 0.144028 0.270556 -0.245155 0.608990 -0.642774 3.260344 -4.672970 0.545001
0.574000 0.420446 0.144635 0.269913 -0.241910 0.604327 -0.642208 3.229341 -4.653020 0.586627
0.575000 0.420205 0.145237 0.269271 -0.238696 0.599684 -0.641601 3.198068 -4.632586 0.627747
0.576000 0.419968 0.145834 0.268630 -0.235514 0.595062 -0.640953 3.166486 -4.611642 0.668340
0.577000 0.419734 0.146427 0.267989 -0.232363 0.590461 -0.640264 3.134612 -4.590280 0.708506
0.578000 0.419504 0.147015 0.267350 -0.229244 0.585881 -0.639536 3.102531 -4.568698 0.748431
0.579000 0.419276 0.147599 0.266710 -0.226158 0.581323 -0.638767 3.070302 -4.546957 0.788093
0.580000 0.419051 0.148178 0.266072 -0.223104 0.576787 -0.637959 3.037943 -4.524978 0.827301
0.581000 0.418830 0.148752 0.265434 -0.220082 0.572274 -0.637113 3.005505 -4.502807 0.866027
0.582000 0.418611 0.149322 0.264798 -0.217093 0.567782 -0.636227 2.973062 -4.480607 0.904436
0.583000 0.418396 0.149888 0.264162 -0.214136 0.563312 -0.635304 2.940613 -4.458391 0.942570
0.584000 0.418183 0.150449 0.263527 -0.211212 0.558865 -0.634342 2.908084 -4.436003 0.980304
0.585000 0.417973 0.151005 0.262893 -0.208320 0.554440 -0.633343 2.875408 -4.413317 1.017527
0.586000 0.417766 0.151558 0.262260 -0.205461 0.550038 -0.632307 2.842527 -4.390264 1.054157
0.587000 0.417562 0.152106 0.261629 -0.202635 0.545660 -0.631235 2.809394 -4.366804 1.090131
0.588000 0.417361 0.152649 0.260998 -0.199842 0.541305 -0.630127 2.776021 -4.343034 1.125540
0.589000 0.417163 0.153188 0.260368 -0.197083 0.536974 -0.628984 2.742492 -4.319148 1.160571
0.590000 0.416967 0.153723 0.259740 -0.194357 0.532667 -0.627806 2.708887 -4.295209 1.195218
0.591000 0.416774 0.154253 0.259113 -0.191665 0.528383 -0.626593 2.675249 -4.271130 1.229276
0.592000 0.416583 0.154780 0.258487 -0.189007 0.524124 -0.625347 2.641591 -4.246812 1.262556
0.593000 0.416396 0.155302 0.257862 -0.186382 0.519890 -0.624068 2.607881 -4.222135 1.294898
0.594000 0.416211 0.155820 0.257239 -0.183791 0.515680 -0.622757 2.574057 -4.196967 1.326159
0.595000 0.416028 0.156333 0.256617 -0.181234 0.511496 -0.621416 2.540111 -4.171328 1.356377
0.596000 0.415848 0.156842 0.255996 -0.178711 0.507337 -0.620045 2.506087 -4.145383 1.385751
0.597000 0.415671 0.157348 0.255377 -0.176221 0.503205 -0.618644 2.471996 -4.119214 1.414367
0.598000 0.415496 0.157849 0.254759 -0.173767 0.499099 -0.617216 2.437808 -4.092805 1.442181
0.599000 0.415323 0.158346 0.254142 -0.171346 0.495019 -0.615760 2.403534 -4.066236 1.469274
0.600000 0.415153 0.158839 0.253527 -0.168959 0.490966 -0.614277 2.369252 -4.039685 1.495828
0.601000 0.414985 0.159328 0.252914 -0.166607 0.486940 -0.612768 2.335039 -4.013225 1.521850
0.602000 0.414820 0.159813 0.252302 -0.164289 0.482940 -0.611234 2.300948 -3.986794 1.547157
0.603000 0.414657 0.160294 0.251691 -0.162005 0.478966 -0.609674 2.267002 -3.960309 1.571579
0.604000 0.414496 0.160771 0.251082 -0.159755 0.475019 -0.608090 2.233176 -3.933652 1.594977
0.605000 0.414337 0.161244 0.250475 -0.157539 0.471099 -0.606484 2.199418 -3.906685 1.617228
0.606000 0.414181 0.161713 0.249869 -0.155357 0.467206 -0.604856 2.165722 -3.879410 1.638381
0.607000 0.414027 0.162178 0.249265 -0.153208 0.463340 -0.603207 2.132126 -3.851970 1.658628
0.608000 0.413874 0.162640 0.248663 -0.151092 0.459502 -0.601539 2.098645 -3.824431 1.678039
0.609000 0.413724 0.163097 0.248062 -0.149010 0.455691 -0.599851 2.065256 -3.796768 1.696556
0.610000 0.413576 0.163551 0.247463 -0.146962 0.451909 -0.598146 2.031973 -3.769046 1.714246
0.611000 0.413430 0.164001 0.246866 -0.144946 0.448153 -0.596423 1.998859 -3.741434 1.731293
0.612000 0.413286 0.164447 0.246270 -0.142964 0.444426 -0.594683 1.965971 -3.714014 1.747740
0.613000 0.413144 0.164890 0.245676 -0.141014 0.440725 -0.592927 1.933348 -3.686780 1.763485
0.614000 0.413004 0.165329 0.245084 -0.139097 0.437052 -0.591156 1.901044 -3.659804 1.778564
0.615000 0.412866 0.165764 0.244494 -0.137212 0.433406 -0.589370 1.869113 -3.633218 1.793147
0.616000 0.412730 0.166196 0.243906 -0.135359 0.429786 -0.587570 1.837557 -3.607016 1.807264
0.617000 0.412596 0.166624 0.243319 -0.133537 0.426192 -0.585756 1.806331 -3.581055 1.820778
0.618000 0.412463 0.167048 0.242734 -0.131747 0.422624 -0.583928 1.775387 -3.555221 1.833569
0.619000 0.412332 0.167469 0.242151 -0.129987 0.419081 -0.582088 1.744675 -3.529459 1.845542
0.620000 0.412203 0.167886 0.241570 -0.128257 0.415565 -0.580237 1.714145 -3.503744 1.856620
0.621000 0.412076 0.168300 0.240991 -0.126558 0.412074 -0.578375 1.683791 -3.478156 1.866878
0.622000 0.411950 0.168710 0.240413 -0.124890 0.408608 -0.576503 1.653667 -3.452841 1.876503
0.623000 0.411826 0.169117 0.239838 -0.123251 0.405168 -0.574622 1.623835 -3.427850 1.885543
0.624000 0.411703 0.169521 0.239264 -0.121642 0.401753 -0.572732 1.594349 -3.403135 1.893914
0.625000 0.411583 0.169921 0.238692 -0.120062 0.398362 -0.570834 1.565268 -3.378734 1.901657
0.626000 0.411463 0.170317 0.238122 -0.118511 0.394995 -0.568929 1.536640 -3.354750 1.908943
0.627000 0.411345 0.170711 0.237554 -0.116989 0.391652 -0.567017 1.508448 -3.331166 1.915810
0.628000 0.411229 0.171101 0.236988 -0.115494 0.388333 -0.565097 1.480639 -3.307854 1.922165
0.629000 0.411115 0.171487 0.236424 -0.114028 0.385037 -0.563172 1.453193 -3.284794 1.928048
0.630000 0.411001 0.171871 0.235862 -0.112588 0.381763 -0.561241 1.426140 -3.262098 1.933640
0.631000 0.410889 0.172251 0.235302 -0.111175 0.378512 -0.559305 1.399505 -3.239832 1.939024
0.632000 0.410779 0.172628 0.234743 -0.109789 0.375284 -0.557363 1.373291 -3.217974 1.944137
0.633000 0.410670 0.173001 0.234187 -0.108429 0.372076 -0.555417 1.347498 -3.196489 1.948906
0.634000 0.410562 0.173372 0.233632 -0.107094 0.368891 -0.553465 1.322125 -3.175321 1.953241
0.635000 0.410456 0.173739 0.233080 -0.105785 0.365726 -0.551510 1.297171 -3.154406 1.957042
0.636000 0.410350 0.174103 0.232529 -0.104500 0.362582 -0.549551 1.272655 -3.133774 1.960359
0.637000 0.410247 0.174464 0.231981 -0.103239 0.359458 -0.547589 1.248608 -3.113523 1.963372
0.638000 0.410144 0.174822 0.231434 -0.102003 0.356355 -0.545625 1.225026 -3.093655 1.966152
0.639000 0.410043 0.175177 0.230890 -0.100789 0.353271 -0.543657 1.201872 -3.074076 1.968653
0.640000 0.409942 0.175529 0.230347 -0.099599 0.350207 -0.541687 1.179138 -3.054782 1.970944
0.641000 0.409843 0.175877 0.229806 -0.098431 0.347161 -0.539715 1.156851 -3.035870 1.973208
0.642000 0.409746 0.176223 0.229268 -0.097285 0.344135 -0.537741 1.135023 -3.017379 1.975509
0.643000 0.409649 0.176566 0.228731 -0.096161 0.341127 -0.535764 1.113643 -2.999252 1.977765
0.644000 0.409553 0.176905 0.228196 -0.095058 0.338136 -0.533785 1.092697 -2.981430 1.979891
0.645000 0.409459 0.177242 0.227663 -0.093975 0.335164 -0.531804 1.072173 -2.963852 1.981803
0.646000 0.409365 0.177576 0.227132 -0.092913 0.332209 -0.529822 1.052055 -2.946453 1.983413
0.647000 0.409273 0.177906 0.226604 -0.091871 0.329271 -0.527838 1.032352 -2.929258 1.984777
0.648000 0.409181 0.178234 0.226077 -0.090849 0.326350 -0.525852 1.013094 -2.912354 1.986074
0.649000 0.409091 0.178559 0.225552 -0.089845 0.323446 -0.523865 0.994287 -2.895737 1.987381
0.650000 0.409002 0.178881 0.225029 -0.088860 0.320559 -0.521877 0.975918 -2.879314 1.988666
0.651000 0.408913 0.179200 0.224508 -0.087893 0.317687 -0.519888 0.957992 -2.863080 1.990003
0.652000 0.408826 0.179517 0.223989 -0.086944 0.314832 -0.517897 0.940535 -2.847130 1.991574
0.653000 0.408740 0.179830 0.223472 -0.086012 0.311993 -0.515905 0.923549 -2.831523 1.993450
0.654000 0.408654 0.180141 0.222957 -0.085097 0.309169 -0.513911 0.907017 -2.816258 1.995589
0.655000 0.408569 0.180448 0.222445 -0.084198 0.306361 -0.511914 0.890941 -2.801391 1.998060
0.656000 0.408486 0.180753 0.221934 -0.083315 0.303567 -0.509914 0.875342 -2.787030 2.001034
0.657000 0.408403 0.181055 0.221425 -0.082448 0.300787 -0.507912 0.860220 -2.773199 2.004576
0.658000 0.408321 0.181355 0.220918 -0.081595 0.298020 -0.505905 0.845549 -2.759836 2.008610
0.659000 0.408240 0.181651 0.220413 -0.080756 0.295267 -0.503895 0.831301 -2.746866 2.013058
0.660000 0.408159 0.181945 0.219910 -0.079932 0.292527 -0.501879 0.817449 -2.734194 2.017843
0.661000 0.408080 0.182236 0.219409 -0.079122 0.289799 -0.499859 0.803965 -2.721717 2.022882
0.662000 0.408001 0.182525 0.218910 -0.078324 0.287083 -0.497833 0.790844 -2.709421 2.028230
0.663000 0.407923 0.182811 0.218413 -0.077540 0.284380 -0.495802 0.778103 -2.697386 2.034058
0.664000 0.407846 0.183094 0.217919 -0.076768 0.281688 -0.493765 0.765734 -2.685640 2.040440
0.665000 0.407769 0.183374 0.217426 -0.076008 0.279008 -0.491721 0.753713 -2.674154 2.047347
0.666000 0.407694 0.183652 0.216935 -0.075261 0.276340 -0.489671 0.742032 -2.662956 2.054850
0.667000 0.407619 0.183927 0.216447 -0.074524 0.273683 -0.487612 0.730715 -2.652135 2.063112
0.668000 0.407545 0.184199 0.215960 -0.073799 0.271036 -0.485544 0.719779 -2.641712 2.072175
0.669000 0.407471 0.184469 0.215475 -0.073085 0.268399 -0.483467 0.709227 -2.631647 2.081968
0.670000 0.407399 0.184736 0.214993 -0.072381 0.265772 -0.481380 0.699076 -2.621957 2.092534
0.671000 0.407327 0.185000 0.214513 -0.071687 0.263155 -0.479282 0.689344 -2.612707 2.104035
0.672000 0.407255 0.185262 0.214034 -0.071002 0.260547 -0.477172 0.680022 -2.603886 2.116556
0.673000 0.407185 0.185521 0.213558 -0.070327 0.257947 -0.475049 0.671075 -2.595396 2.130062
0.674000 0.407115 0.185778 0.213084 -0.069660 0.255356 -0.472912 0.662475 -2.587152 2.144507
0.675000 0.407045 0.186032 0.212613 -0.069002 0.252773 -0.470760 0.654208 -2.579098 2.159828
0.676000 0.406977 0.186284 0.212143 -0.068351 0.250198 -0.468593 0.646269 -2.571193 2.175950
0.677000 0.406909 0.186533 0.211675 -0.067709 0.247631 -0.466408 0.638670 -2.563466 2.192924
0.678000 0.406841 0.186779 0.211210 -0.067074 0.245071 -0.464207 0.631436 -2.555994 2.210898
0.679000 0.406774 0.187023 0.210747 -0.066446 0.242519 -0.461987 0.624579 -2.548802 2.229918
0.680000 0.406708 0.187264 0.210286 -0.065825 0.239974 -0.459747 0.618096 -2.541853 2.249927
0.681000 0.406643 0.187503 0.209827 -0.065210 0.237435 -0.457487 0.611996 -2.535165 2.270964
0.682000 0.406578 0.187739 0.209371 -0.064601 0.234903 -0.455205 0.606290 -2.528796 2.293172
0.683000 0.406514 0.187972 0.208917 -0.063997 0.232377 -0.452900 0.600963 -2.522733 2.316587
0.684000 0.406450 0.188204 0.208465 -0.063399 0.229858 -0.450572 0.595972 -2.516887 2.341118
0.685000 0.406387 0.188432 0.208016 -0.062805 0.227344 -0.448218 0.591283 -2.511181 2.366679
0.686000 0.406324 0.188658 0.207569 -0.062216 0.224835 -0.445838 0.586874 -2.505568 2.393200
0.687000 0.406262 0.188882 0.207124 -0.061632 0.222333 -0.443432 0.582734 -2.500015 2.420614
0.688000 0.406201 0.189103 0.206682 -0.061051 0.219835 -0.440997 0.578868 -2.494550 2.448974
0.689000 0.406140 0.189321 0.206242 -0.060474 0.217343 -0.438534 0.575297 -2.489246 2.478424
0.690000 0.406080 0.189538 0.205805 -0.059900 0.214857 -0.436040 0.572025 -2.484125 2.509013
0.691000 0.406020 0.189751 0.205370 -0.059330 0.212375 -0.433516 0.569042 -2.479160 2.540691
0.692000 0.405961 0.189962 0.204938 -0.058762 0.209899 -0.430959 0.566353 -2.474367 2.573499
0.693000 0.405903 0.190171 0.204508 -0.058197 0.207426 -0.428369 0.563973 -2.469800 2.607563
0.694000 0.405845 0.190377 0.204081 -0.057634 0.204959 -0.425744 0.561907 -2.465445 2.642895
0.695000 0.405788 0.190581 0.203657 -0.057073 0.202496 -0.423083 0.560138 -2.461222 2.679379
0.696000 0.405731 0.190782 0.203235 -0.056514 0.200036 -0.420385 0.558652 -2.457063 2.716914
0.697000 0.405675 0.190981 0.202816 -0.055956 0.197581 -0.417649 0.557432 -2.452930 2.755427
0.698000 0.405619 0.191177 0.202400 -0.055399 0.195131 -0.414874 0.556462 -2.448800 2.794858
0.699000 0.405564 0.191371 0.201986 -0.054843 0.192684 -0.412059 0.555740 -2.444701 2.835257
0.700000 0.405509 0.191563 0.201576 -0.054288 0.190241 -0.409204 0.555281 -2.440698 2.876740
0.701000 0.405455 0.191752 0.201168 -0.053733 0.187802 -0.406306 0.555082 -2.436816 2.919304
0.702000 0.405402 0.191938 0.200763 -0.053178 0.185368 -0.403365 0.555129 -2.433035 2.962836
0.703000 0.405349 0.192122 0.200361 -0.052622 0.182936 -0.400380 0.555419 -2.429371 3.007324
0.704000 0.405297 0.192304 0.199962 -0.052067 0.180509 -0.397350 0.555964 -2.425871 3.052865
0.705000 0.405245 0.192483 0.199566 -0.051510 0.178085 -0.394275 0.556759 -2.422524 3.099463
0.706000 0.405194 0.192660 0.199174 -0.050953 0.175664 -0.391152 0.557787 -2.419267 3.147030
0.707000 0.405143 0.192835 0.198784 -0.050395 0.173246 -0.387980 0.559045 -2.416085 3.195569
0.708000 0.405093 0.193007 0.198398 -0.049835 0.170832 -0.384760 0.560540 -2.413027 3.245184
0.709000 0.405043 0.193176 0.198015 -0.049274 0.168420 -0.381490 0.562267 -2.410119 3.295896
0.710000 0.404994 0.193344 0.197635 -0.048711 0.166011 -0.378169 0.564204 -2.407348 3.347613
0.711000 0.404946 0.193508 0.197258 -0.048145 0.163605 -0.374795 0.566325 -2.404688 3.400231
0.712000 0.404898 0.193671 0.196885 -0.047578 0.161202 -0.371368 0.568608 -2.402094 3.453626
0.713000 0.404851 0.193831 0.196515 -0.047008 0.158801 -0.367888 0.571027 -2.399514 3.507666
0.714000 0.404804 0.193989 0.196149 -0.046436 0.156403 -0.364353 0.573573 -2.396940 3.562329
0.715000 0.404758 0.194144 0.195787 -0.045861 0.154007 -0.360763 0.576252 -2.394403 3.617686
0.716000 0.404712 0.194297 0.195428 -0.045283 0.151614 -0.357117 0.579054 -2.391890 3.673710
0.717000 0.404667 0.194447 0.195073 -0.044703 0.149224 -0.353416 0.581955 -2.389348 3.730275
0.718000 0.404623 0.194595 0.194721 -0.044119 0.146835 -0.349657 0.584946 -2.386762 3.787348
0.719000 0.404579 0.194741 0.194373 -0.043533 0.144450 -0.345841 0.588027 -2.384175 3.844997
0.720000 0.404536 0.194884 0.194029 -0.042943 0.142067 -0.341967 0.591189 -2.381617 3.903206
0.721000 0.404493 0.195025 0.193689 -0.042351 0.139687 -0.338034 0.594403 -2.379082 3.961844
0.722000 0.404451 0.195163 0.193353 -0.041755 0.137309 -0.334043 0.597650 -2.376556 4.020779
0.723000 0.404410 0.195299 0.193021 -0.041155 0.134934 -0.329993 0.600924 -2.374006 4.079875
0.724000 0.404369 0.195433 0.192693 -0.040553 0.132561 -0.325883 0.604230 -2.371387 4.138990
0.725000 0.404328 0.195564 0.192369 -0.039947 0.130191 -0.321715 0.607577 -2.368693 4.198090
0.726000 0.404289 0.195693 0.192050 -0.039338 0.127824 -0.317487 0.610974 -2.365951 4.257215
0.727000 0.404250 0.195820 0.191734 -0.038725 0.125459 -0.313200 0.614407 -2.363150 4.316296
0.728000 0.404211 0.195944 0.191423 -0.038109 0.123097 -0.308855 0.617847 -2.360244 4.375167
0.729000 0.404174 0.196066 0.191117 -0.037489 0.120738 -0.304450 0.621277 -2.357220 4.433752
0.730000 0.404136 0.196186 0.190815 -0.036866 0.118383 -0.299987 0.624705 -2.354105 4.492085
0.731000 0.404100 0.196303 0.190517 -0.036240 0.116030 -0.295466 0.628138 -2.350905 4.550132
0.732000 0.404064 0.196418 0.190224 -0.035610 0.113681 -0.290887 0.631573 -2.347590 4.607751
0.733000 0.404029 0.196530 0.189935 -0.034977 0.111335 -0.286250 0.635000 -2.344131 4.664791
0.734000 0.403994 0.196641 0.189651 -0.034340 0.108993 -0.281557 0.638392 -2.340493 4.721078
0.735000 0.403960 0.196748 0.189372 -0.033700 0.106654 -0.276808 0.641713 -2.336643 4.776426
0.736000 0.403927 0.196854 0.189097 -0.033057 0.104319 -0.272004 0.644943 -2.332574 4.830755
0.737000 0.403894 0.196957 0.188828 -0.032410 0.101989 -0.267147 0.648086 -2.328297 4.884067
0.738000 0.403862 0.197058 0.188563 -0.031760 0.099663 -0.262236 0.651142 -2.323780 4.936270
0.739000 0.403830 0.197156 0.188303 -0.031108 0.097341 -0.257274 0.654111 -2.318949 4.987181
0.740000 0.403799 0.197253 0.188049 -0.030452 0.095025 -0.252262 0.656992 -2.313767 5.036701
0.741000 0.403769 0.197346 0.187799 -0.029794 0.092714 -0.247201 0.659787 -2.308237 5.084824
0.742000 0.403740 0.197438 0.187554 -0.029133 0.090408 -0.242092 0.662470 -2.302338 5.131464
0.743000 0.403711 0.197527 0.187315 -0.028469 0.088109 -0.236938 0.665003 -2.296018 5.176433
0.744000 0.403683 0.197614 0.187080 -0.027803 0.085816 -0.231739 0.667350 -2.289233 5.219535
0.745000 0.403655 0.197699 0.186851 -0.027134 0.083531 -0.226499 0.669495 -2.281949 5.260571
0.746000 0.403629 0.197781 0.186627 -0.026464 0.081253 -0.221218 0.671427 -2.274141 5.299334
0.747000 0.403603 0.197861 0.186409 -0.025791 0.078982 -0.215900 0.673143 -2.265804 5.335717
0.748000 0.403577 0.197939 0.186196 -0.025117 0.076721 -0.210547 0.674638 -2.256946 5.369689
0.749000 0.403552 0.198015 0.185988 -0.024442 0.074469 -0.205161 0.675883 -2.247536 5.401130
0.750000 0.403528 0.198088 0.185785 -0.023766 0.072226 -0.199745 0.676836 -2.237512 5.429835
0.751000 0.403505 0.198159 0.185588 -0.023088 0.069994 -0.194301 0.677466 -2.226836 5.455675
0.752000 0.403482 0.198228 0.185397 -0.022411 0.067772 -0.188833 0.677766 -2.215496 5.478599
0.753000 0.403460 0.198295 0.185211 -0.021733 0.065563 -0.183344 0.677729 -2.203451 5.498465
0.754000 0.403439 0.198359 0.185030 -0.021055 0.063365 -0.177836 0.677343 -2.190628 5.515047
0.755000 0.403418 0.198422 0.184855 -0.020378 0.061181 -0.172314 0.676601 -2.176985 5.528197
0.756000 0.403398 0.198482 0.184685 -0.019702 0.059011 -0.166780 0.675504 -2.162510 5.537850
0.757000 0.403378 0.198540 0.184521 -0.019027 0.056856 -0.161238 0.674044 -2.147178 5.543871
0.758000 0.403360 0.198595 0.184363 -0.018354 0.054717 -0.155692 0.672203 -2.130937 5.546027
0.759000 0.403342 0.198649 0.184210 -0.017683 0.052594 -0.150146 0.669965 -2.113725 5.544080
0.760000 0.403324 0.198701 0.184063 -0.017014 0.050490 -0.144604 0.667311 -2.095460 5.537786
0.761000 0.403308 0.198750 0.183921 -0.016348 0.048403 -0.139071 0.664223 -2.076053 5.526897
0.762000 0.403292 0.198797 0.183784 -0.015685 0.046337 -0.133550 0.660688 -2.055444 5.511252
0.763000 0.403276 0.198843 0.183654 -0.015027 0.044293 -0.128048 0.656691 -2.033609 5.490760
0.764000 0.403262 0.198886 0.183528 -0.014372 0.042270 -0.122569 0.652194 -2.010507 5.465248
0.765000 0.403248 0.198927 0.183408 -0.013722 0.040272 -0.117118 0.647142 -1.986076 5.434447
0.766000 0.403234 0.198967 0.183294 -0.013078 0.038298 -0.111700 0.641487 -1.960246 5.398081
0.767000 0.403221 0.199004 0.183185 -0.012439 0.036351 -0.106321 0.635196 -1.932950 5.355868
0.768000 0.403209 0.199039 0.183081 -0.011807 0.034432 -0.100988 0.628245 -1.904118 5.307522
0.769000 0.403198 0.199073 0.182983 -0.011183 0.032543 -0.095706 0.620619 -1.873699 5.252847
0.770000 0.403187 0.199104 0.182890 -0.010566 0.030685 -0.090482 0.612307 -1.841655 5.191724
0.771000 0.403177 0.199134 0.182802 -0.009958 0.028860 -0.085323 0.603294 -1.807911 5.123970
0.772000 0.403167 0.199162 0.182719 -0.009360 0.027069 -0.080234 0.593555 -1.772360 5.049333
0.773000 0.403158 0.199188 0.182642 -0.008771 0.025315 -0.075224 0.583073 -1.734921 4.967619
0.774000 0.403150 0.199213 0.182569 -0.008193 0.023599 -0.070299 0.571836 -1.695549 4.878701
0.775000 0.403142 0.199235 0.182501 -0.007627 0.021924 -0.065467 0.559825 -1.654184 4.782379
0.776000 0.403134 0.199256 0.182438 -0.007074 0.020291 -0.060734 0.547013 -1.610748 4.678378
0.777000 0.403127 0.199276 0.182380 -0.006533 0.018702 -0.056110 0.533381 -1.565179 4.566491
0.778000 0.403121 0.199294 0.182326 -0.006007 0.017160 -0.051601 0.518914 -1.517448 4.446579
0.779000 0.403115 0.199310 0.182276 -0.005496 0.015667 -0.047217 0.503592 -1.467514 4.318450
0.780000 0.403110 0.199325 0.182231 -0.005000 0.014225 -0.042965 0.487383 -1.415319 4.181830
0.781000 0.403105 0.199339 0.182190 -0.004521 0.012837 -0.038853 0.470247 -1.360787 4.036441
0.782000 0.403101 0.199351 0.182154 -0.004059 0.011504 -0.034892 0.452127 -1.303807 3.882003
0.783000 0.403097 0.199362 0.182121 -0.003617 0.010229 -0.031089 0.432958 -1.244252 3.718230
0.784000 0.403094 0.199371 0.182091 -0.003193 0.009015 -0.027455 0.412690 -1.182028 3.544908
0.785000 0.403091 0.199380 0.182066 -0.002791 0.007865 -0.023999 0.391297 -1.117082 3.361871
0.786000 0.403088 0.199387 0.182043 -0.002411 0.006781 -0.020731 0.368753 -1.049366 3.168875
0.787000 0.403086 0.199393 0.182024 -0.002054 0.005766 -0.017662 0.345025 -0.978817 2.965602
0.788000 0.403084 0.199399 0.182008 -0.001721 0.004823 -0.014800 0.320089 -0.905387 2.751801
0.789000 0.403083 0.199403 0.181995 -0.001414 0.003956 -0.012158 0.293927 -0.829030 2.527306
0.790000 0.403081 0.199407 0.181984 -0.001133 0.003165 -0.009746 0.266512 -0.749670 2.291909
0.791000 0.403080 0.199409 0.181975 -0.000880 0.002456 -0.007574 0.126244 -0.354613 1.085726
0.792000 0.403080 0.199411 0.181969 -0.000880 0.002456 -0.007574 0.126244 -0.354613 1.085726
