0.000000 0.671130 -0.192709 0.142183 0.006075 0.000553 0.009385 -0.067859 0.038091 0.611769
0.001000 0.671136 -0.192709 0.142192 0.006075 0.000553 0.009385 -0.067859 0.038091 0.611769
0.002000 0.671142 -0.192708 0.142202 0.005940 0.000629 0.010608 -0.141798 0.077594 1.245978
0.003000 0.671148 -0.192708 0.142213 0.005792 0.000708 0.011877 -0.154160 0.080444 1.291237
0.004000 0.671154 -0.192707 0.142226 0.005631 0.000790 0.013191 -0.166928 0.083342 1.337248
0.005000 0.671159 -0.192706 0.142240 0.005458 0.000875 0.014551 -0.180108 0.086290 1.384000
0.006000 0.671164 -0.192705 0.142255 0.005271 0.000963 0.015959 -0.193705 0.089297 1.431480
0.007000 0.671170 -0.192704 0.142272 0.005071 0.001054 0.017414 -0.207724 0.092386 1.479671
0.008000 0.671175 -0.192703 0.142290 0.004856 0.001148 0.018918 -0.222171 0.095594 1.528560
0.009000 0.671179 -0.192702 0.142310 0.004626 0.001245 0.020471 -0.237049 0.098955 1.578140
0.010000 0.671184 -0.192701 0.142331 0.004382 0.001345 0.022074 -0.252364 0.102503 1.628415
0.011000 0.671188 -0.192699 0.142354 0.004122 0.001450 0.023728 -0.268120 0.106272 1.679400
0.012000 0.671192 -0.192698 0.142378 0.003845 0.001558 0.025433 -0.284322 0.110287 1.731096
0.013000 0.671196 -0.192696 0.142405 0.003553 0.001670 0.027190 -0.300972 0.114556 1.783492
0.014000 0.671199 -0.192694 0.142433 0.003243 0.001787 0.029000 -0.318075 0.119080 1.836561
0.015000 0.671202 -0.192692 0.142463 0.002917 0.001908 0.030863 -0.335634 0.123855 1.890278
0.016000 0.671205 -0.192690 0.142494 0.002572 0.002035 0.032781 -0.353652 0.128884 1.944614
0.017000 0.671207 -0.192688 0.142528 0.002209 0.002166 0.034752 -0.372132 0.134173 1.999549
0.018000 0.671209 -0.192686 0.142564 0.001828 0.002303 0.036780 -0.391076 0.139746 2.055076
0.019000 0.671211 -0.192684 0.142602 0.001427 0.002446 0.038863 -0.410485 0.145636 2.111192
0.020000 0.671212 -0.192681 0.142642 0.001007 0.002594 0.041002 -0.430362 0.151867 2.167889
0.021000 0.671213 -0.192679 0.142684 0.000567 0.002749 0.043198 -0.450708 0.158457 2.225136
0.022000 0.671213 -0.192676 0.142728 0.000106 0.002911 0.045452 -0.471523 0.165430 2.282894
0.023000 0.671213 -0.192673 0.142775 -0.000376 0.003080 0.047764 -0.492808 0.172818 2.341120
0.024000 0.671213 -0.192670 0.142823 -0.000880 0.003257 0.050135 -0.514562 0.180645 2.399770
0.025000 0.671212 -0.192666 0.142875 -0.001406 0.003442 0.052564 -0.536786 0.188927 2.458808
0.026000 0.671210 -0.192663 0.142929 -0.001954 0.003635 0.055052 -0.559477 0.197690 2.518207
0.027000 0.671208 -0.192659 0.142985 -0.002525 0.003837 0.057600 -0.582634 0.206963 2.577949
0.028000 0.671205 -0.192655 0.143044 -0.003119 0.004049 0.060208 -0.606254 0.216769 2.638007
0.029000 0.671201 -0.192651 0.143105 -0.003737 0.004271 0.062876 -0.630323 0.227114 2.698343
0.030000 0.671197 -0.192646 0.143170 -0.004380 0.004503 0.065605 -0.654813 0.237996 2.758925
0.031000 0.671193 -0.192642 0.143237 -0.005047 0.004747 0.068394 -0.679684 0.249410 2.819725
0.032000 0.671187 -0.192637 0.143306 -0.005739 0.005002 0.071244 -0.704908 0.261353 2.880705
0.033000 0.671181 -0.192632 0.143379 -0.006457 0.005269 0.074155 -0.730469 0.273831 2.941828
0.034000 0.671174 -0.192626 0.143455 -0.007200 0.005549 0.077128 -0.756358 0.286865 3.003076
0.035000 0.671167 -0.192621 0.143533 -0.007969 0.005843 0.080162 -0.782570 0.300483 3.064444
0.036000 0.671158 -0.192615 0.143615 -0.008765 0.006150 0.083257 -0.809096 0.314706 3.125909
0.037000 0.671149 -0.192608 0.143700 -0.009587 0.006472 0.086413 -0.835930 0.329538 3.187432
0.038000 0.671139 -0.192602 0.143788 -0.010437 0.006809 0.089632 -0.863061 0.344973 3.248985
0.039000 0.671128 -0.192595 0.143879 -0.011314 0.007162 0.092911 -0.890480 0.361007 3.310555
0.040000 0.671117 -0.192587 0.143974 -0.012218 0.007532 0.096253 -0.918177 0.377632 3.372136
0.041000 0.671104 -0.192580 0.144072 -0.013150 0.007918 0.099656 -0.946139 0.394841 3.433731
0.042000 0.671090 -0.192572 0.144173 -0.014110 0.008321 0.103120 -0.974355 0.412626 3.495351
0.043000 0.671076 -0.192563 0.144278 -0.015099 0.008743 0.106646 -1.002811 0.430979 3.556977
0.044000 0.671060 -0.192554 0.144386 -0.016116 0.009183 0.110234 -1.031494 0.449892 3.618570
0.045000 0.671043 -0.192545 0.144498 -0.017162 0.009643 0.113883 -1.060387 0.469357 3.680104
0.046000 0.671026 -0.192535 0.144614 -0.018236 0.010122 0.117594 -1.089474 0.489364 3.741573
0.047000 0.671007 -0.192525 0.144733 -0.019341 0.010621 0.121367 -1.118739 0.509904 3.802945
0.048000 0.670987 -0.192514 0.144857 -0.020474 0.011142 0.125200 -1.148163 0.530966 3.864165
0.049000 0.670966 -0.192502 0.144984 -0.021637 0.011683 0.129095 -1.177726 0.552540 3.925195
0.050000 0.670944 -0.192490 0.145115 -0.022829 0.012247 0.133051 -1.207409 0.574614 3.986012
0.051000 0.670920 -0.192478 0.145250 -0.024052 0.012833 0.137067 -1.237190 0.597178 4.046573
0.052000 0.670896 -0.192465 0.145389 -0.025304 0.013441 0.141144 -1.267058 0.620218 4.106816
0.053000 0.670870 -0.192451 0.145532 -0.026586 0.014073 0.145281 -1.297014 0.643722 4.166714
0.054000 0.670843 -0.192436 0.145680 -0.027898 0.014729 0.149477 -1.327067 0.667677 4.226263
0.055000 0.670814 -0.192421 0.145831 -0.029240 0.015408 0.153733 -1.357215 0.692069 4.285430
0.056000 0.670784 -0.192406 0.145987 -0.030612 0.016113 0.158048 -1.387442 0.716882 4.344160
0.057000 0.670753 -0.192389 0.146147 -0.032015 0.016842 0.162421 -1.417719 0.742101 4.402433
0.058000 0.670720 -0.192372 0.146312 -0.033448 0.017597 0.166853 -1.448017 0.767711 4.460265
0.059000 0.670686 -0.192354 0.146481 -0.034911 0.018378 0.171342 -1.478302 0.793696 4.517629
0.060000 0.670650 -0.192335 0.146655 -0.036404 0.019184 0.175888 -1.508543 0.820050 4.574452
0.061000 0.670613 -0.192316 0.146833 -0.037928 0.020018 0.180491 -1.538704 0.846778 4.630675
0.062000 0.670574 -0.192295 0.147016 -0.039482 0.020878 0.185150 -1.568748 0.873895 4.686259
0.063000 0.670534 -0.192274 0.147203 -0.041065 0.021765 0.189863 -1.598641 0.901408 4.741142
0.064000 0.670492 -0.192252 0.147395 -0.042679 0.022681 0.194632 -1.628353 0.929305 4.795252
0.065000 0.670449 -0.192229 0.147592 -0.044322 0.023624 0.199454 -1.657867 0.957566 4.848587
0.066000 0.670404 -0.192204 0.147794 -0.045995 0.024596 0.204329 -1.687177 0.986169 4.901193
0.067000 0.670357 -0.192179 0.148001 -0.047697 0.025596 0.209256 -1.716264 1.015091 4.953065
0.068000 0.670308 -0.192153 0.148213 -0.049427 0.026626 0.214235 -1.745104 1.044306 5.004143
0.069000 0.670258 -0.192126 0.148429 -0.051187 0.027685 0.219265 -1.773676 1.073790 5.054411
0.070000 0.670206 -0.192098 0.148651 -0.052975 0.028774 0.224344 -1.801965 1.103516 5.103895
0.071000 0.670152 -0.192069 0.148878 -0.054791 0.029892 0.229472 -1.829949 1.133456 5.152571
0.072000 0.670096 -0.192038 0.149110 -0.056635 0.031040 0.234649 -1.857595 1.163581 5.200359
0.073000 0.670039 -0.192006 0.149347 -0.058506 0.032219 0.239873 -1.884875 1.193863 5.247224
0.074000 0.669979 -0.191974 0.149590 -0.060404 0.033428 0.245144 -1.911768 1.224270 5.293172
0.075000 0.669918 -0.191940 0.149838 -0.062329 0.034668 0.250459 -1.938246 1.254772 5.338161
0.076000 0.669855 -0.191904 0.150091 -0.064281 0.035938 0.255820 -1.964278 1.285346 5.382111
0.077000 0.669789 -0.191868 0.150349 -0.066258 0.037238 0.261224 -1.989855 1.315984 5.425019
0.078000 0.669722 -0.191830 0.150613 -0.068260 0.038570 0.266670 -2.014986 1.346683 5.466953
0.079000 0.669653 -0.191791 0.150883 -0.070288 0.039932 0.272158 -2.039677 1.377432 5.507977
0.080000 0.669581 -0.191750 0.151158 -0.072340 0.041325 0.277686 -2.063930 1.408203 5.548151
0.081000 0.669508 -0.191708 0.151438 -0.074416 0.042748 0.283254 -2.087747 1.438958 5.587526
0.082000 0.669433 -0.191664 0.151724 -0.076515 0.044202 0.288861 -2.111113 1.469659 5.626073
0.083000 0.669355 -0.191620 0.152016 -0.078638 0.045687 0.294506 -2.133993 1.500272 5.663686
0.084000 0.669275 -0.191573 0.152313 -0.080783 0.047203 0.300188 -2.156366 1.530780 5.700300
0.085000 0.669193 -0.191525 0.152616 -0.082951 0.048749 0.305907 -2.178223 1.561172 5.735897
0.086000 0.669109 -0.191476 0.152925 -0.085140 0.050325 0.311660 -2.199540 1.591429 5.770407
0.087000 0.669023 -0.191424 0.153240 -0.087350 0.051932 0.317447 -2.220286 1.621535 5.803732
0.088000 0.668935 -0.191372 0.153560 -0.089580 0.053568 0.323268 -2.240457 1.651491 5.835885
0.089000 0.668844 -0.191317 0.153886 -0.091831 0.055235 0.329119 -2.260068 1.681314 5.866963
0.090000 0.668751 -0.191261 0.154218 -0.094100 0.056931 0.335001 -2.279113 1.711006 5.896974
0.091000 0.668656 -0.191203 0.154556 -0.096389 0.058657 0.340913 -2.297563 1.740553 5.925839
0.092000 0.668558 -0.191144 0.154900 -0.098696 0.060412 0.346853 -2.315406 1.769952 5.953555
0.093000 0.668458 -0.191083 0.155250 -0.101020 0.062197 0.352820 -2.332649 1.799214 5.980194
0.094000 0.668356 -0.191020 0.155606 -0.103361 0.064011 0.358814 -2.349276 1.828333 6.005741
0.095000 0.668252 -0.190955 0.155967 -0.105718 0.065853 0.364832 -2.365250 1.857288 6.030083
0.096000 0.668145 -0.190888 0.156335 -0.108091 0.067725 0.370874 -2.380549 1.886071 6.053167
0.097000 0.668036 -0.190819 0.156709 -0.110479 0.069626 0.376938 -2.395172 1.914684 6.075011
0.098000 0.667924 -0.190749 0.157089 -0.112882 0.071555 0.383024 -2.409097 1.943115 6.095555
0.099000 0.667810 -0.190676 0.157475 -0.115298 0.073512 0.389129 -2.422297 1.971335 6.114693
0.100000 0.667693 -0.190602 0.157867 -0.117726 0.075497 0.395253 -2.434794 1.999329 6.132452
0.101000 0.667574 -0.190525 0.158266 -0.120167 0.077510 0.401394 -2.446643 2.027092 6.148958
0.102000 0.667453 -0.190447 0.158670 -0.122620 0.079551 0.407551 -2.457863 2.054604 6.164232
0.103000 0.667329 -0.190366 0.159081 -0.125083 0.081620 0.413723 -2.468427 2.081829 6.178184
0.104000 0.667203 -0.190283 0.159498 -0.127556 0.083715 0.419907 -2.478326 2.108744 6.190823
0.105000 0.667074 -0.190199 0.159921 -0.130040 0.085837 0.426104 -2.487573 2.135335 6.202253
0.106000 0.666943 -0.190112 0.160350 -0.132532 0.087986 0.432312 -2.496150 2.161576 6.212466
0.107000 0.666809 -0.190023 0.160785 -0.135032 0.090160 0.438529 -2.504011 2.187433 6.221329
0.108000 0.666673 -0.189931 0.161227 -0.137540 0.092361 0.444755 -2.511136 2.212900 6.228776
0.109000 0.666534 -0.189838 0.161675 -0.140054 0.094586 0.450987 -2.517526 2.237989 6.234817
0.110000 0.666393 -0.189742 0.162129 -0.142575 0.096837 0.457224 -2.523158 2.262693 6.239378
0.111000 0.666249 -0.189644 0.162589 -0.145100 0.099112 0.463465 -2.527998 2.286989 6.242333
0.112000 0.666102 -0.189544 0.163056 -0.147631 0.101411 0.469709 -2.532063 2.310890 6.243714
0.113000 0.665953 -0.189441 0.163529 -0.150165 0.103733 0.475953 -2.535425 2.334439 6.243707
0.114000 0.665802 -0.189336 0.164008 -0.152702 0.106079 0.482196 -2.538143 2.357680 6.242483
0.115000 0.665648 -0.189229 0.164493 -0.155241 0.108449 0.488438 -2.540256 2.380654 6.240194
0.116000 0.665492 -0.189120 0.164985 -0.157782 0.110841 0.494677 -2.541796 2.403399 6.236973
0.117000 0.665332 -0.189007 0.165482 -0.160324 0.113255 0.500912 -2.542748 2.425917 6.232803
0.118000 0.665171 -0.188893 0.165986 -0.162868 0.115693 0.507142 -2.543068 2.448194 6.227536
0.119000 0.665007 -0.188776 0.166497 -0.165411 0.118152 0.513367 -2.542761 2.470249 6.221117
0.120000 0.664840 -0.188657 0.167013 -0.167953 0.120633 0.519584 -2.541871 2.492141 6.213593
0.121000 0.664671 -0.188535 0.167536 -0.170494 0.123136 0.525794 -2.540400 2.513886 6.204904
0.122000 0.664499 -0.188410 0.168065 -0.173034 0.125661 0.531994 -2.538316 2.535458 6.194918
0.123000 0.664325 -0.188284 0.168600 -0.175571 0.128207 0.538184 -2.535640 2.556845 6.183682
0.124000 0.664148 -0.188154 0.169141 -0.178105 0.130775 0.544362 -2.532441 2.578061 6.171389
0.125000 0.663969 -0.188022 0.169689 -0.180636 0.133363 0.550527 -2.528735 2.599088 6.158080
0.126000 0.663787 -0.187887 0.170242 -0.183163 0.135973 0.556678 -2.524492 2.619890 6.143641
0.127000 0.663602 -0.187750 0.170802 -0.185685 0.138603 0.562814 -2.519723 2.640470 6.128076
0.128000 0.663415 -0.187610 0.171368 -0.188202 0.141254 0.568934 -2.514488 2.660865 6.111520
0.129000 0.663226 -0.187468 0.171940 -0.190714 0.143925 0.575037 -2.508794 2.681074 6.093965
0.130000 0.663034 -0.187322 0.172518 -0.193220 0.146616 0.581122 -2.502599 2.701073 6.075250
0.131000 0.662839 -0.187174 0.173102 -0.195719 0.149327 0.587187 -2.495907 2.720880 6.055330
0.132000 0.662642 -0.187024 0.173692 -0.198211 0.152058 0.593233 -2.488767 2.740555 6.034282
0.133000 0.662443 -0.186870 0.174288 -0.200697 0.154808 0.599256 -2.481178 2.760115 6.012054
0.134000 0.662241 -0.186714 0.174891 -0.203174 0.157578 0.605257 -2.473100 2.779533 5.988494
0.135000 0.662037 -0.186555 0.175499 -0.205643 0.160367 0.611233 -2.464552 2.798819 5.963634
0.136000 0.661830 -0.186393 0.176113 -0.208103 0.163175 0.617184 -2.455605 2.818023 5.937662
0.137000 0.661620 -0.186229 0.176733 -0.210554 0.166003 0.623108 -2.446279 2.837151 5.910603
0.138000 0.661409 -0.186061 0.177359 -0.212995 0.168850 0.629005 -2.436541 2.856164 5.882312
0.139000 0.661194 -0.185891 0.177991 -0.215427 0.171715 0.634873 -2.426430 2.875062 5.852780
0.140000 0.660978 -0.185718 0.178629 -0.217848 0.174600 0.640711 -2.416041 2.893884 5.822137
0.141000 0.660759 -0.185542 0.179273 -0.220259 0.177503 0.646517 -2.405407 2.912625 5.790360
0.142000 0.660537 -0.185363 0.179922 -0.222659 0.180425 0.652291 -2.394487 2.931247 5.757259
0.143000 0.660313 -0.185181 0.180577 -0.225048 0.183366 0.658032 -2.383285 2.949764 5.722775
0.144000 0.660087 -0.184996 0.181238 -0.227426 0.186325 0.663737 -2.371854 2.968237 5.686983
0.145000 0.659859 -0.184808 0.181905 -0.229792 0.189302 0.669406 -2.360194 2.986675 5.649819
0.146000 0.659628 -0.184617 0.182577 -0.232146 0.192298 0.675037 -2.348256 3.005038 5.611112
0.147000 0.659394 -0.184424 0.183255 -0.234488 0.195312 0.680628 -2.336056 3.023330 5.570905
0.148000 0.659159 -0.184227 0.183938 -0.236818 0.198345 0.686178 -2.323674 3.041601 5.529422
0.149000 0.658921 -0.184027 0.184627 -0.239136 0.201395 0.691687 -2.311125 3.059849 5.486703
0.150000 0.658680 -0.183824 0.185322 -0.241440 0.204464 0.697152 -2.298361 3.078023 5.442595
0.151000 0.658438 -0.183618 0.186022 -0.243732 0.207551 0.702572 -2.285392 3.096113 5.397104
0.152000 0.658193 -0.183409 0.186727 -0.246011 0.210657 0.707946 -2.272287 3.114159 5.350397
0.153000 0.657946 -0.183197 0.187437 -0.248277 0.213780 0.713273 -2.259055 3.132149 5.302465
0.154000 0.657696 -0.182981 0.188153 -0.250529 0.216921 0.718551 -2.245647 3.150028 5.253116
0.155000 0.657445 -0.182763 0.188875 -0.252768 0.220080 0.723779 -2.232092 3.167803 5.202305
0.156000 0.657191 -0.182541 0.189601 -0.254994 0.223256 0.728956 -2.218502 3.185546 5.150194
0.157000 0.656935 -0.182316 0.190332 -0.257205 0.226451 0.734079 -2.204985 3.203327 5.096972
0.158000 0.656676 -0.182088 0.191069 -0.259403 0.229663 0.739150 -2.191650 3.221212 5.042885
0.159000 0.656416 -0.181857 0.191811 -0.261589 0.232893 0.744165 -2.178602 3.239264 4.988209
0.160000 0.656153 -0.181623 0.192557 -0.263761 0.236142 0.749126 -2.165858 3.257474 4.932979
0.161000 0.655888 -0.181385 0.193309 -0.265920 0.239408 0.754031 -2.153367 3.275778 4.877031
0.162000 0.655621 -0.181144 0.194065 -0.268067 0.242693 0.758880 -2.141142 3.294162 4.820366
0.163000 0.655352 -0.180899 0.194827 -0.270203 0.245997 0.763672 -2.129263 3.312661 4.763166
0.164000 0.655081 -0.180652 0.195593 -0.272326 0.249319 0.768406 -2.117741 3.331258 4.705424
0.165000 0.654808 -0.180401 0.196364 -0.274438 0.252659 0.773083 -2.106527 3.349884 4.646943
0.166000 0.654532 -0.180146 0.197139 -0.276539 0.256018 0.777700 -2.095651 3.368538 4.587706
0.167000 0.654254 -0.179889 0.197919 -0.278629 0.259396 0.782258 -2.085218 3.387279 4.527876
0.168000 0.653975 -0.179628 0.198704 -0.280709 0.262793 0.786756 -2.075257 3.406101 4.467432
0.169000 0.653693 -0.179363 0.199493 -0.282780 0.266208 0.791193 -2.065707 3.424944 4.406189
0.170000 0.653409 -0.179095 0.200286 -0.284841 0.269643 0.795568 -2.056569 3.443820 4.344191
0.171000 0.653123 -0.178824 0.201084 -0.286893 0.273096 0.799881 -2.047905 3.462808 4.281684
0.172000 0.652835 -0.178549 0.201886 -0.288937 0.276568 0.804132 -2.039712 3.481914 4.218705
0.173000 0.652546 -0.178271 0.202692 -0.290972 0.280060 0.808319 -2.031921 3.501064 4.155074
0.174000 0.652254 -0.177989 0.203502 -0.293001 0.283570 0.812442 -2.024548 3.520233 4.090796
0.175000 0.651960 -0.177704 0.204317 -0.295021 0.287100 0.816500 -2.017683 3.539452 4.026066
0.176000 0.651663 -0.177415 0.205135 -0.297036 0.290649 0.820494 -2.011339 3.558692 3.960878
0.177000 0.651365 -0.177122 0.205958 -0.299044 0.294218 0.824422 -2.005450 3.577875 3.895016
0.178000 0.651065 -0.176826 0.206784 -0.301047 0.297805 0.828284 -2.000026 3.597012 3.828441
0.179000 0.650763 -0.176527 0.207614 -0.303044 0.301412 0.832079 -1.995149 3.616188 3.761300
0.180000 0.650459 -0.176223 0.208448 -0.305037 0.305038 0.835807 -1.990823 3.635409 3.693552
0.181000 0.650153 -0.175917 0.209286 -0.307026 0.308683 0.839466 -1.986976 3.654594 3.624995
0.182000 0.649845 -0.175606 0.210127 -0.309011 0.312347 0.843057 -1.983609 3.673717 3.555678
0.183000 0.649535 -0.175292 0.210972 -0.310993 0.316030 0.846577 -1.980797 3.692815 3.485868
0.184000 0.649223 -0.174974 0.211820 -0.312973 0.319732 0.850028 -1.978537 3.711856 3.415609
0.185000 0.648909 -0.174652 0.212672 -0.314950 0.323454 0.853409 -1.976761 3.730744 3.344706
0.186000 0.648593 -0.174327 0.213527 -0.316926 0.327194 0.856718 -1.975487 3.749463 3.273149
0.187000 0.648275 -0.173998 0.214386 -0.318901 0.330953 0.859955 -1.974814 3.768071 3.201124
0.188000 0.647956 -0.173665 0.215247 -0.320876 0.334730 0.863120 -1.974758 3.786546 3.128611
0.189000 0.647634 -0.173329 0.216112 -0.322851 0.338526 0.866212 -1.975242 3.804801 3.055382
0.190000 0.647310 -0.172988 0.216980 -0.324826 0.342340 0.869231 -1.976251 3.822830 2.981411
0.191000 0.646984 -0.172644 0.217850 -0.326803 0.346171 0.872175 -1.977846 3.840709 2.906872
0.192000 0.646656 -0.172296 0.218724 -0.328782 0.350021 0.875045 -1.980009 3.858431 2.831738
0.193000 0.646326 -0.171944 0.219600 -0.330763 0.353888 0.877839 -1.982655 3.875900 2.755799
0.194000 0.645995 -0.171588 0.220480 -0.332747 0.357773 0.880556 -1.985788 3.893099 2.679093
0.195000 0.645661 -0.171228 0.221361 -0.334735 0.361674 0.883197 -1.989512 3.910111 2.601939
0.196000 0.645325 -0.170865 0.222246 -0.336726 0.365593 0.885760 -1.993931 3.927013 2.524635
0.197000 0.644988 -0.170497 0.223133 -0.338723 0.369528 0.888246 -1.999145 3.943879 2.447444
0.198000 0.644648 -0.170126 0.224022 -0.340725 0.373481 0.890655 -2.005254 3.960779 2.370612
0.199000 0.644306 -0.169750 0.224914 -0.342733 0.377450 0.892987 -2.012252 3.977680 2.294114
0.200000 0.643962 -0.169371 0.225808 -0.344749 0.381436 0.895243 -2.020039 3.994482 2.217704
0.201000 0.643617 -0.168987 0.226705 -0.346773 0.385439 0.897423 -2.028583 4.011193 2.141326
0.202000 0.643269 -0.168600 0.227603 -0.348806 0.389459 0.899526 -2.037920 4.027915 2.065128
0.203000 0.642919 -0.168208 0.228504 -0.350849 0.393495 0.901553 -2.048012 4.044650 1.989057
0.204000 0.642567 -0.167813 0.229406 -0.352902 0.397548 0.903504 -2.058753 4.061303 1.912888
0.205000 0.642213 -0.167413 0.230311 -0.354967 0.401617 0.905379 -2.070124 4.077870 1.836660
0.206000 0.641857 -0.167010 0.231217 -0.357043 0.405704 0.907177 -2.082188 4.094435 1.760646
0.207000 0.641499 -0.166602 0.232125 -0.359131 0.409806 0.908900 -2.094925 4.110985 1.684882
0.208000 0.641139 -0.166190 0.233035 -0.361232 0.413926 0.910547 -2.108229 4.127399 1.609148
0.209000 0.640777 -0.165774 0.233946 -0.363347 0.418061 0.912118 -2.122078 4.143629 1.533404
0.210000 0.640412 -0.165354 0.234859 -0.365477 0.422213 0.913614 -2.136525 4.159712 1.457817
0.211000 0.640046 -0.164930 0.235774 -0.367620 0.426381 0.915034 -2.151544 4.175599 1.382337
0.212000 0.639677 -0.164501 0.236689 -0.369780 0.430564 0.916378 -2.167032 4.191171 1.306696
0.213000 0.639306 -0.164068 0.237606 -0.371955 0.434763 0.917647 -2.182983 4.206440 1.230819
0.214000 0.638933 -0.163632 0.238525 -0.374146 0.438977 0.918840 -2.199494 4.221555 1.154890
0.215000 0.638558 -0.163191 0.239444 -0.376353 0.443206 0.919957 -2.216647 4.236649 1.079127
0.216000 0.638180 -0.162745 0.240364 -0.378579 0.447450 0.920998 -2.234487 4.251839 1.003805
0.217000 0.637801 -0.162296 0.241286 -0.380822 0.451710 0.921965 -2.253044 4.267228 0.929235
0.218000 0.637419 -0.161842 0.242208 -0.383085 0.455985 0.922857 -2.272249 4.282786 0.855438
0.219000 0.637034 -0.161384 0.243132 -0.385367 0.460275 0.923676 -2.291975 4.298377 0.782178
0.220000 0.636648 -0.160921 0.244056 -0.387669 0.464581 0.924421 -2.312198 4.313962 0.709403
0.221000 0.636259 -0.160454 0.244981 -0.389991 0.468903 0.925094 -2.332982 4.329599 0.637267
0.222000 0.635868 -0.159983 0.245906 -0.392335 0.473241 0.925696 -2.354303 4.345247 0.565709
0.223000 0.635474 -0.159508 0.246832 -0.394700 0.477594 0.926226 -2.376044 4.360771 0.494451
0.224000 0.635079 -0.159028 0.247758 -0.397087 0.481962 0.926685 -2.398175 4.376167 0.423407
0.225000 0.634680 -0.158544 0.248685 -0.399496 0.486346 0.927073 -2.420754 4.391547 0.352694
0.226000 0.634280 -0.158056 0.249613 -0.401928 0.490745 0.927390 -2.443745 4.406900 0.282232
0.227000 0.633876 -0.157563 0.250540 -0.404384 0.495160 0.927637 -2.467023 4.422097 0.211771
0.228000 0.633471 -0.157065 0.251468 -0.406863 0.499589 0.927814 -2.490549 4.437121 0.141323
0.229000 0.633063 -0.156563 0.252396 -0.409365 0.504034 0.927920 -2.514391 4.452090 0.071191
0.230000 0.632652 -0.156057 0.253324 -0.411891 0.508494 0.927956 -2.538617 4.467113 0.001645
0.231000 0.632239 -0.155546 0.254252 -0.414442 0.512968 0.927923 -2.563289 4.482277 -0.067108
0.232000 0.631823 -0.155031 0.255179 -0.417018 0.517458 0.927822 -2.588468 4.497658 -0.134896
0.233000 0.631405 -0.154512 0.256107 -0.419619 0.521964 0.927653 -2.614105 4.513193 -0.201807
0.234000 0.630984 -0.153987 0.257035 -0.422246 0.526485 0.927418 -2.640054 4.528733 -0.268131
0.235000 0.630560 -0.153459 0.257962 -0.424899 0.531021 0.927117 -2.666261 4.544279 -0.333959
0.236000 0.630134 -0.152925 0.258889 -0.427579 0.535573 0.926750 -2.692754 4.559962 -0.399173
0.237000 0.629705 -0.152387 0.259816 -0.430285 0.540141 0.926319 -2.719473 4.575778 -0.463857
0.238000 0.629274 -0.151845 0.260742 -0.433018 0.544725 0.925822 -2.746275 4.591591 -0.528270
0.239000 0.628839 -0.151298 0.261667 -0.435777 0.549324 0.925262 -2.773119 4.607389 -0.592423
0.240000 0.628402 -0.150746 0.262592 -0.438564 0.553939 0.924638 -2.800056 4.623284 -0.656096
0.241000 0.627962 -0.150190 0.263516 -0.441377 0.558571 0.923950 -2.827042 4.639254 -0.719296
0.242000 0.627519 -0.149629 0.264440 -0.444218 0.563218 0.923199 -2.853932 4.655122 -0.782271
0.243000 0.627074 -0.149064 0.265363 -0.447085 0.567881 0.922385 -2.880677 4.670807 -0.845074
0.244000 0.626625 -0.148493 0.266285 -0.449979 0.572560 0.921509 -2.907318 4.686337 -0.907552
0.245000 0.626174 -0.147919 0.267206 -0.452900 0.577254 0.920570 -2.933800 4.701624 -0.969761
0.246000 0.625719 -0.147339 0.268126 -0.455847 0.581963 0.919569 -2.959979 4.716495 -1.031977
0.247000 0.625262 -0.146755 0.269045 -0.458820 0.586687 0.918506 -2.985819 4.730951 -1.094278
0.248000 0.624802 -0.146166 0.269963 -0.461818 0.591425 0.917381 -3.011383 4.745135 -1.156541
0.249000 0.624338 -0.145572 0.270880 -0.464843 0.596177 0.916193 -3.036633 4.759044 -1.218839
0.250000 0.623872 -0.144973 0.271795 -0.467892 0.600943 0.914943 -3.061432 4.772529 -1.281423
0.251000 0.623403 -0.144370 0.272710 -0.470965 0.605722 0.913630 -3.085761 4.785576 -1.344292
0.252000 0.622930 -0.143762 0.273623 -0.474063 0.610514 0.912255 -3.109731 4.798343 -1.407168
0.253000 0.622454 -0.143149 0.274534 -0.477185 0.615319 0.910816 -3.133442 4.810955 -1.469802
0.254000 0.621976 -0.142531 0.275444 -0.480330 0.620136 0.909315 -3.156977 4.823489 -1.532008
0.255000 0.621494 -0.141909 0.276353 -0.483499 0.624966 0.907752 -3.180406 4.835990 -1.593630
0.256000 0.621009 -0.141281 0.277260 -0.486691 0.629808 0.906128 -3.203670 4.848350 -1.654763
0.257000 0.620520 -0.140649 0.278165 -0.489906 0.634662 0.904442 -3.226611 4.860376 -1.715689
0.258000 0.620029 -0.140012 0.279069 -0.493144 0.639529 0.902696 -3.249188 4.872068 -1.776476
0.259000 0.619534 -0.139370 0.279970 -0.496405 0.644406 0.900889 -3.271466 4.883588 -1.836985
0.260000 0.619036 -0.138723 0.280870 -0.499687 0.649296 0.899022 -3.293398 4.894934 -1.897276
0.261000 0.618535 -0.138071 0.281769 -0.502991 0.654196 0.897095 -3.314837 4.905947 -1.957593
0.262000 0.618030 -0.137415 0.282665 -0.506317 0.659108 0.895107 -3.335753 4.916615 -2.017944
0.263000 0.617522 -0.136753 0.283559 -0.509663 0.664030 0.893059 -3.356234 4.927082 -2.078114
0.264000 0.617011 -0.136087 0.284451 -0.513029 0.668962 0.890951 -3.376246 4.937321 -2.138111
0.265000 0.616496 -0.135415 0.285341 -0.516415 0.673904 0.888783 -3.395637 4.947124 -2.198180
0.266000 0.615978 -0.134739 0.286228 -0.519821 0.678856 0.886555 -3.414368 4.956383 -2.258396
0.267000 0.615456 -0.134057 0.287114 -0.523244 0.683817 0.884266 -3.432513 4.965121 -2.318638
0.268000 0.614931 -0.133371 0.287997 -0.526686 0.688786 0.881917 -3.450027 4.973227 -2.378977
0.269000 0.614403 -0.132680 0.288878 -0.530144 0.693763 0.879508 -3.466756 4.980502 -2.439674
0.270000 0.613871 -0.131984 0.289756 -0.533619 0.698747 0.877038 -3.482672 4.986968 -2.500772
0.271000 0.613336 -0.131282 0.290632 -0.537110 0.703737 0.874507 -3.497899 4.992875 -2.562055
0.272000 0.612797 -0.130576 0.291505 -0.540615 0.708733 0.871914 -3.512559 4.998455 -2.623296
0.273000 0.612255 -0.129865 0.292375 -0.544135 0.713734 0.869260 -3.526768 5.003923 -2.684249
0.274000 0.611709 -0.129149 0.293243 -0.547668 0.718741 0.866545 -3.540640 5.009480 -2.744657
0.275000 0.611159 -0.128427 0.294109 -0.551216 0.723753 0.863771 -3.554133 5.015103 -2.804528
0.276000 0.610606 -0.127701 0.294971 -0.554777 0.728771 0.860936 -3.567078 5.020567 -2.864104
0.277000 0.610050 -0.126970 0.295830 -0.558350 0.733794 0.858042 -3.579426 5.025769 -2.923458
0.278000 0.609490 -0.126234 0.296687 -0.561936 0.738823 0.855089 -3.591246 5.030743 -2.982477
0.279000 0.608926 -0.125492 0.297541 -0.565533 0.743856 0.852077 -3.602484 5.035380 -3.041233
0.280000 0.608358 -0.124746 0.298391 -0.569140 0.748893 0.849007 -3.612967 5.039456 -3.099987
0.281000 0.607788 -0.123994 0.299239 -0.572758 0.753935 0.845877 -3.622658 5.042970 -3.158808
0.282000 0.607213 -0.123238 0.300083 -0.576386 0.758979 0.842689 -3.631646 5.046108 -3.217569
0.283000 0.606635 -0.122476 0.300924 -0.580022 0.764027 0.839442 -3.639890 5.048866 -3.276327
0.284000 0.606053 -0.121710 0.301762 -0.583666 0.769077 0.836137 -3.647224 5.051053 -3.335312
0.285000 0.605467 -0.120938 0.302596 -0.587316 0.774129 0.832772 -3.653623 5.052657 -3.394527
0.286000 0.604878 -0.120162 0.303427 -0.590973 0.779182 0.829348 -3.659231 5.053881 -3.453721
0.287000 0.604285 -0.119380 0.304255 -0.594635 0.784237 0.825864 -3.664187 5.054893 -3.512674
0.288000 0.603689 -0.118593 0.305079 -0.598301 0.789292 0.822322 -3.668628 5.055791 -3.571224
0.289000 0.603089 -0.117801 0.305900 -0.601972 0.794348 0.818722 -3.672686 5.056637 -3.629238
0.290000 0.602485 -0.117005 0.306717 -0.605647 0.799405 0.815064 -3.676322 5.057297 -3.686809
0.291000 0.601878 -0.116203 0.307530 -0.609325 0.804463 0.811348 -3.679366 5.057534 -3.744191
0.292000 0.601266 -0.115396 0.308339 -0.613005 0.809520 0.807575 -3.681794 5.057372 -3.801444
0.293000 0.600652 -0.114584 0.309145 -0.616688 0.814578 0.803745 -3.683725 5.057044 -3.858440
0.294000 0.600033 -0.113766 0.309947 -0.620373 0.819635 0.799858 -3.685130 5.056571 -3.915227
0.295000 0.599411 -0.112944 0.310745 -0.624058 0.824691 0.795915 -3.685837 5.055759 -3.972025
0.296000 0.598785 -0.112117 0.311539 -0.627744 0.829746 0.791914 -3.685808 5.054598 -4.028854
0.297000 0.598155 -0.111285 0.312328 -0.631430 0.834800 0.787857 -3.685148 5.053267 -4.085534
0.298000 0.597522 -0.110447 0.313114 -0.635115 0.839853 0.783743 -3.683817 5.051736 -4.142079
0.299000 0.596885 -0.109605 0.313896 -0.638798 0.844904 0.779573 -3.681635 5.049741 -4.198714
0.300000 0.596244 -0.108758 0.314673 -0.642478 0.849952 0.775346 -3.678579 5.047148 -4.255517
0.301000 0.595600 -0.107905 0.315447 -0.646155 0.854998 0.771062 -3.674810 5.044034 -4.312351
0.302000 0.594952 -0.107048 0.316216 -0.649828 0.860040 0.766721 -3.670484 5.040533 -4.369079
0.303000 0.594301 -0.106185 0.316980 -0.653496 0.865079 0.762324 -3.665756 5.036881 -4.425558
0.304000 0.593645 -0.105317 0.317740 -0.657159 0.870114 0.757870 -3.660775 5.033366 -4.481639
0.305000 0.592986 -0.104445 0.318496 -0.660817 0.875146 0.753361 -3.655503 5.030010 -4.537382
0.306000 0.592324 -0.103567 0.319247 -0.664470 0.880174 0.748795 -3.649756 5.026596 -4.592991
0.307000 0.591657 -0.102684 0.319993 -0.668117 0.885199 0.744175 -3.643514 5.023086 -4.648468
0.308000 0.590987 -0.101797 0.320735 -0.671757 0.890220 0.739498 -3.636907 5.019640 -4.703622
0.309000 0.590314 -0.100904 0.321472 -0.675391 0.895238 0.734767 -3.629909 5.016202 -4.758450
0.310000 0.589637 -0.100006 0.322205 -0.679017 0.900253 0.729981 -3.622334 5.012474 -4.813158
0.311000 0.588956 -0.099104 0.322932 -0.682635 0.905263 0.725141 -3.614145 5.008293 -4.867830
0.312000 0.588271 -0.098196 0.323655 -0.686245 0.910269 0.720246 -3.605462 5.003665 -4.922391
0.313000 0.587583 -0.097283 0.324373 -0.689846 0.915270 0.715296 -3.596243 4.998428 -4.976922
0.314000 0.586892 -0.096365 0.325086 -0.693438 0.920266 0.710292 -3.586287 4.992313 -5.031651
0.315000 0.586196 -0.095442 0.325793 -0.697019 0.925255 0.705233 -3.575545 4.985363 -5.086649
0.316000 0.585498 -0.094515 0.326496 -0.700589 0.930237 0.700119 -3.564120 4.977868 -5.141822
0.317000 0.584795 -0.093582 0.327194 -0.704147 0.935211 0.694949 -3.551962 4.969871 -5.197227
0.318000 0.584089 -0.092644 0.327886 -0.707693 0.940176 0.689724 -3.538875 4.961147 -5.253053
0.319000 0.583380 -0.091702 0.328573 -0.711225 0.945133 0.684443 -3.524847 4.951657 -5.309300
0.320000 0.582667 -0.090754 0.329255 -0.714742 0.950080 0.679106 -3.510079 4.941617 -5.365749
0.321000 0.581950 -0.089801 0.329931 -0.718245 0.955016 0.673712 -3.494757 4.931206 -5.422203
0.322000 0.581230 -0.088844 0.330602 -0.721732 0.959942 0.668261 -3.479050 4.920534 -5.478506
0.323000 0.580507 -0.087882 0.331268 -0.725203 0.964857 0.662755 -3.463115 4.909677 -5.534521
0.324000 0.579780 -0.086914 0.331928 -0.728658 0.969762 0.657192 -3.446858 4.898409 -5.590335
0.325000 0.579050 -0.085942 0.332582 -0.732097 0.974654 0.651574 -3.429816 4.886073 -5.646368
0.326000 0.578316 -0.084965 0.333231 -0.735518 0.979534 0.645899 -3.411362 4.871831 -5.703184
0.327000 0.577578 -0.083983 0.333874 -0.738920 0.984398 0.640168 -3.391033 4.855098 -5.761200
0.328000 0.576838 -0.082996 0.334511 -0.742300 0.989244 0.634377 -3.368793 4.835893 -5.820470
0.329000 0.576094 -0.082005 0.335143 -0.745657 0.994070 0.628527 -3.345023 4.814824 -5.880665
0.330000 0.575347 -0.081008 0.335768 -0.748990 0.998874 0.622616 -3.320273 4.792709 -5.941279
0.331000 0.574596 -0.080007 0.336388 -0.752298 1.003655 0.616644 -3.294921 4.770100 -6.001927
0.332000 0.573842 -0.079001 0.337002 -0.755580 1.008414 0.610612 -3.268958 4.746999 -6.062555
0.333000 0.573085 -0.077990 0.337609 -0.758836 1.013149 0.604519 -3.242169 4.723068 -6.123324
0.334000 0.572324 -0.076974 0.338211 -0.762064 1.017860 0.598365 -3.214524 4.698119 -6.184276
0.335000 0.571561 -0.075954 0.338806 -0.765265 1.022545 0.592150 -3.186163 4.672148 -6.245317
0.336000 0.570794 -0.074929 0.339395 -0.768436 1.027204 0.585875 -3.157050 4.644966 -6.306486
0.337000 0.570024 -0.073900 0.339978 -0.771579 1.031835 0.579537 -3.126968 4.616269 -6.367957
0.338000 0.569251 -0.072866 0.340554 -0.774690 1.036437 0.573139 -3.095874 4.586097 -6.429782
0.339000 0.568474 -0.071827 0.341124 -0.777770 1.041007 0.566678 -3.063942 4.554828 -6.491842
0.340000 0.567695 -0.070784 0.341687 -0.780818 1.045546 0.560155 -3.031343 4.522812 -6.554004
0.341000 0.566913 -0.069736 0.342244 -0.783833 1.050053 0.553570 -2.998246 4.490348 -6.616113
0.342000 0.566127 -0.068684 0.342795 -0.786815 1.054527 0.546923 -2.964817 4.457704 -6.678000
0.343000 0.565339 -0.067627 0.343338 -0.789763 1.058968 0.540214 -2.930999 4.424824 -6.739660
0.344000 0.564548 -0.066566 0.343875 -0.792677 1.063377 0.533443 -2.896565 4.391351 -6.801236
0.345000 0.563754 -0.065500 0.344405 -0.795556 1.067751 0.526611 -2.861475 4.357078 -6.862758
0.346000 0.562957 -0.064430 0.344928 -0.798400 1.072091 0.519718 -2.825874 4.321984 -6.924130
0.347000 0.562157 -0.063356 0.345444 -0.801208 1.076395 0.512763 -2.789720 4.285864 -6.985374
0.348000 0.561354 -0.062277 0.345954 -0.803979 1.080663 0.505747 -2.752784 4.248392 -7.046637
0.349000 0.560549 -0.061195 0.346456 -0.806713 1.084892 0.498670 -2.715018 4.209616 -7.107951
0.350000 0.559741 -0.060108 0.346951 -0.809409 1.089082 0.491531 -2.676601 4.169936 -7.169198
0.351000 0.558930 -0.059016 0.347439 -0.812066 1.093232 0.484332 -2.637709 4.129715 -7.230254
0.352000 0.558117 -0.057921 0.347920 -0.814685 1.097341 0.477071 -2.598517 4.089252 -7.290987
0.353000 0.557301 -0.056822 0.348393 -0.817263 1.101410 0.469750 -2.559194 4.048807 -7.351260
0.354000 0.556482 -0.055718 0.348859 -0.819803 1.105439 0.462368 -2.519683 4.008305 -7.411075
0.355000 0.555661 -0.054611 0.349318 -0.822303 1.109427 0.454927 -2.479746 3.967376 -7.470560
0.356000 0.554838 -0.053499 0.349769 -0.824762 1.113374 0.447427 -2.439342 3.925819 -7.529751
0.357000 0.554012 -0.052384 0.350213 -0.827182 1.117278 0.439868 -2.398622 3.883638 -7.588577
0.358000 0.553183 -0.051265 0.350649 -0.829560 1.121141 0.432250 -2.357541 3.840634 -7.647063
0.359000 0.552353 -0.050142 0.351077 -0.831897 1.124960 0.424574 -2.315863 3.796472 -7.705328
0.360000 0.551519 -0.049015 0.351498 -0.834191 1.128734 0.416839 -2.273540 3.751180 -7.763381
0.361000 0.550684 -0.047884 0.351911 -0.836444 1.132462 0.409047 -2.230712 3.705091 -7.821122
0.362000 0.549847 -0.046750 0.352316 -0.838653 1.136144 0.401197 -2.187326 3.658237 -7.878547
0.363000 0.549007 -0.045612 0.352713 -0.840818 1.139779 0.393290 -2.143137 3.610341 -7.935756
0.364000 0.548165 -0.044470 0.353103 -0.842939 1.143365 0.385326 -2.098088 3.561359 -7.992753
0.365000 0.547321 -0.043325 0.353484 -0.845015 1.146901 0.377304 -2.052359 3.511561 -8.049421
0.366000 0.546475 -0.042177 0.353857 -0.847044 1.150388 0.369227 -2.006127 3.461160 -8.105653
0.367000 0.545627 -0.041025 0.354222 -0.849027 1.153824 0.361093 -1.959566 3.410277 -8.161363
0.368000 0.544777 -0.039869 0.354579 -0.850963 1.157208 0.352904 -1.912849 3.358977 -8.216476
0.369000 0.543925 -0.038710 0.354928 -0.852852 1.160542 0.344660 -1.865911 3.307049 -8.271011
0.370000 0.543071 -0.037548 0.355269 -0.854695 1.163822 0.336362 -1.818504 3.254138 -8.325054
0.371000 0.542216 -0.036382 0.355601 -0.856489 1.167050 0.328010 -1.770581 3.200264 -8.378584
0.372000 0.541358 -0.035214 0.355925 -0.858236 1.170223 0.319605 -1.722296 3.145754 -8.431483
0.373000 0.540499 -0.034042 0.356240 -0.859934 1.173341 0.311147 -1.673599 3.090631 -8.483718
0.374000 0.539638 -0.032867 0.356547 -0.861583 1.176404 0.302637 -1.624234 3.034602 -8.535362
0.375000 0.538776 -0.031689 0.356845 -0.863183 1.179411 0.294076 -1.574127 2.977613 -8.586437
0.376000 0.537912 -0.030508 0.357135 -0.864731 1.182359 0.285465 -1.523387 2.919877 -8.636894
0.377000 0.537046 -0.029325 0.357416 -0.866229 1.185250 0.276803 -1.471937 2.861323 -8.686747
0.378000 0.536179 -0.028138 0.357689 -0.867675 1.188082 0.268091 -1.419514 2.801561 -8.736086
0.379000 0.535311 -0.026948 0.357953 -0.869068 1.190853 0.259330 -1.366060 2.740396 -8.784956
0.380000 0.534441 -0.025756 0.358208 -0.870407 1.193563 0.250521 -1.311764 2.677934 -8.833324
0.381000 0.533570 -0.024561 0.358454 -0.871692 1.196209 0.241664 -1.256814 2.614366 -8.881134
0.382000 0.532698 -0.023364 0.358691 -0.872921 1.198792 0.232759 -1.201396 2.550030 -8.928288
0.383000 0.531824 -0.022164 0.358919 -0.874095 1.201309 0.223807 -1.145694 2.485348 -8.974664
0.384000 0.530950 -0.020961 0.359138 -0.875212 1.203762 0.214810 -1.089647 2.420370 -9.020220
0.385000 0.530074 -0.019756 0.359349 -0.876274 1.206150 0.205767 -1.032993 2.354798 -9.065005
0.386000 0.529197 -0.018549 0.359550 -0.877278 1.208472 0.196679 -0.975668 2.288582 -9.109056
0.387000 0.528319 -0.017339 0.359742 -0.878225 1.210727 0.187549 -0.917803 2.221938 -9.152364
0.388000 0.527441 -0.016127 0.359925 -0.879114 1.212916 0.178375 -0.859335 2.154792 -9.194953
0.389000 0.526561 -0.014913 0.360099 -0.879944 1.215037 0.169159 -0.800007 2.086738 -9.236878
0.390000 0.525681 -0.013697 0.360263 -0.880714 1.217089 0.159901 -0.739778 2.017556 -9.278147
0.391000 0.524800 -0.012479 0.360419 -0.881424 1.219072 0.150602 -0.678858 1.947328 -9.318702
0.392000 0.523918 -0.011259 0.360565 -0.882072 1.220984 0.141264 -0.617450 1.876229 -9.358472
0.393000 0.523036 -0.010037 0.360701 -0.882658 1.222824 0.131885 -0.555738 1.804600 -9.397359
0.394000 0.522153 -0.008813 0.360828 -0.883183 1.224593 0.122469 -0.493900 1.732872 -9.435248
0.395000 0.521269 -0.007588 0.360946 -0.883646 1.226290 0.113015 -0.431865 1.661098 -9.472078
0.396000 0.520385 -0.006361 0.361054 -0.884047 1.227915 0.103525 -0.369376 1.588980 -9.507864
0.397000 0.519501 -0.005132 0.361153 -0.884385 1.229468 0.093999 -0.306384 1.516472 -9.542622
0.398000 0.518617 -0.003902 0.361242 -0.884660 1.230948 0.084439 -0.243047 1.443804 -9.576347
0.399000 0.517732 -0.002670 0.361322 -0.884871 1.232356 0.074847 -0.179321 1.370908 -9.609044
0.400000 0.516847 -0.001437 0.361392 -0.885018 1.233690 0.065221 -0.114954 1.297369 -9.640742
0.401000 0.515962 -0.000203 0.361453 -0.885101 1.234950 0.055565 -0.049900 1.222949 -9.671452
0.402000 0.515077 0.001033 0.361503 -0.885118 1.236136 0.045878 0.015685 1.147634 -9.701165
0.403000 0.514192 0.002269 0.361544 -0.885070 1.237246 0.036163 0.081848 1.071192 -9.729874
0.404000 0.513307 0.003507 0.361576 -0.884954 1.238278 0.026419 0.148850 0.993242 -9.757569
0.405000 0.512422 0.004746 0.361597 -0.884772 1.239232 0.016648 0.216765 0.913812 -9.784200
0.406000 0.511537 0.005986 0.361609 -0.884521 1.240106 0.006850 0.285416 0.833331 -9.809687
0.407000 0.510653 0.007226 0.361611 -0.884201 1.240899 -0.002972 0.354621 0.752202 -9.833976
0.408000 0.509769 0.008467 0.361603 -0.883812 1.241610 -0.012818 0.424182 0.670781 -9.857064
0.409000 0.508885 0.009709 0.361585 -0.883353 1.242240 -0.022686 0.493890 0.589399 -9.878971
0.410000 0.508002 0.010952 0.361558 -0.882824 1.242789 -0.032576 0.563788 0.508002 -9.899707
0.411000 0.507119 0.012195 0.361520 -0.882225 1.243256 -0.042485 0.634116 0.426187 -9.919266
0.412000 0.506237 0.013438 0.361473 -0.881556 1.243642 -0.052414 0.704892 0.343731 -9.937638
0.413000 0.505356 0.014682 0.361415 -0.880815 1.243944 -0.062361 0.775921 0.260648 -9.954811
0.414000 0.504476 0.015926 0.361348 -0.880004 1.244163 -0.072324 0.847224 0.176724 -9.970755
0.415000 0.503596 0.017171 0.361271 -0.879121 1.244297 -0.082302 0.919045 0.091591 -9.985414
0.416000 0.502718 0.018415 0.361183 -0.878166 1.244346 -0.092295 0.991450 0.005297 -9.998715
0.417000 0.501840 0.019659 0.361086 -0.877138 1.244308 -0.102300 1.064259 -0.081699 -10.010581
0.418000 0.500963 0.020904 0.360979 -0.876037 1.244183 -0.112316 1.137281 -0.168974 -10.020969
0.419000 0.500088 0.022148 0.360861 -0.874863 1.243970 -0.122341 1.210310 -0.256164 -10.029900
0.420000 0.499214 0.023391 0.360734 -0.873617 1.243670 -0.132375 1.283130 -0.342941 -10.037431
0.421000 0.498341 0.024635 0.360597 -0.872297 1.243284 -0.142416 1.355777 -0.429359 -10.043574
0.422000 0.497469 0.025878 0.360449 -0.870905 1.242812 -0.152463 1.428489 -0.515824 -10.048297
0.423000 0.496599 0.027121 0.360292 -0.869440 1.242252 -0.162513 1.501301 -0.602556 -10.051591
0.424000 0.495730 0.028363 0.360124 -0.867902 1.241607 -0.172566 1.574040 -0.689543 -10.053474
0.425000 0.494863 0.029604 0.359947 -0.866292 1.240873 -0.182620 1.646738 -0.776999 -10.053915
0.426000 0.493998 0.030844 0.359759 -0.864609 1.240053 -0.192674 1.719639 -0.865298 -10.052821
0.427000 0.493134 0.032084 0.359561 -0.862853 1.239143 -0.202726 1.792796 -0.954413 -10.050096
0.428000 0.492272 0.033323 0.359353 -0.861023 1.238144 -0.212774 1.866015 -1.043916 -10.045666
0.429000 0.491412 0.034560 0.359136 -0.859121 1.237055 -0.222817 1.939101 -1.133404 -10.039507
0.430000 0.490554 0.035797 0.358908 -0.857145 1.235877 -0.232853 2.011858 -1.222517 -10.031691
0.431000 0.489697 0.037032 0.358670 -0.855097 1.234610 -0.242880 2.084086 -1.310919 -10.022342
0.432000 0.488843 0.038266 0.358422 -0.852977 1.233255 -0.252898 2.155829 -1.398658 -10.011499
0.433000 0.487992 0.039498 0.358164 -0.850785 1.231813 -0.262903 2.227319 -1.486129 -9.999113
0.434000 0.487142 0.040730 0.357896 -0.848522 1.230283 -0.272896 2.298571 -1.573544 -9.985180
0.435000 0.486294 0.041959 0.357618 -0.846188 1.228666 -0.282874 2.369393 -1.660877 -9.969744
0.436000 0.485449 0.043187 0.357330 -0.843784 1.226961 -0.292835 2.439799 -1.748332 -9.952777
0.437000 0.484607 0.044413 0.357033 -0.841309 1.225169 -0.302779 2.510021 -1.836268 -9.934161
0.438000 0.483767 0.045637 0.356725 -0.838764 1.223288 -0.312704 2.580116 -1.924646 -9.913800
0.439000 0.482929 0.046860 0.356407 -0.836148 1.221320 -0.322607 2.649948 -2.013096 -9.891631
0.440000 0.482095 0.048080 0.356080 -0.833464 1.219262 -0.332487 2.719573 -2.101561 -9.867547
0.441000 0.481262 0.049298 0.355742 -0.830709 1.217116 -0.342342 2.789221 -2.190312 -9.841443
0.442000 0.480433 0.050514 0.355395 -0.827885 1.214882 -0.352170 2.858916 -2.279337 -9.813359
0.443000 0.479607 0.051728 0.355038 -0.824991 1.212558 -0.361969 2.928432 -2.368265 -9.783455
0.444000 0.478783 0.052939 0.354671 -0.822028 1.210145 -0.371737 2.997539 -2.456801 -9.751873
0.445000 0.477963 0.054148 0.354294 -0.818996 1.207644 -0.381472 3.066004 -2.544784 -9.718729
0.446000 0.477145 0.055354 0.353908 -0.815896 1.205056 -0.391174 3.133592 -2.632127 -9.684121
0.447000 0.476331 0.056558 0.353512 -0.812729 1.202380 -0.400841 3.200314 -2.719038 -9.648024
0.448000 0.475520 0.057759 0.353106 -0.809496 1.199618 -0.410470 3.266393 -2.805873 -9.610296
0.449000 0.474712 0.058957 0.352691 -0.806196 1.196768 -0.420061 3.331882 -2.892596 -9.570845
0.450000 0.473907 0.060153 0.352266 -0.802832 1.193832 -0.429612 3.396649 -2.978845 -9.529640
0.451000 0.473106 0.061345 0.351832 -0.799403 1.190811 -0.439120 3.460746 -3.064566 -9.486578
0.452000 0.472309 0.062534 0.351388 -0.795910 1.187703 -0.448585 3.524403 -3.150034 -9.441532
0.453000 0.471514 0.063721 0.350935 -0.792354 1.184510 -0.458003 3.587661 -3.235261 -9.394546
0.454000 0.470724 0.064903 0.350472 -0.788735 1.181233 -0.467374 3.650332 -3.319914 -9.345819
0.455000 0.469937 0.066083 0.350000 -0.785054 1.177871 -0.476695 3.712222 -3.403720 -9.295534
0.456000 0.469154 0.067259 0.349519 -0.781311 1.174425 -0.485965 3.773134 -3.486507 -9.243846
0.457000 0.468374 0.068432 0.349028 -0.777507 1.170898 -0.495183 3.832867 -3.568160 -9.190896
0.458000 0.467599 0.069601 0.348528 -0.773645 1.167289 -0.504347 3.891449 -3.648856 -9.136662
0.459000 0.466827 0.070766 0.348019 -0.769724 1.163600 -0.513456 3.949094 -3.728940 -9.080974
0.460000 0.466059 0.071928 0.347501 -0.765747 1.159831 -0.522509 4.005847 -3.808391 -9.023722
0.461000 0.465295 0.073086 0.346974 -0.761713 1.155983 -0.531504 4.061571 -3.886879 -8.964877
0.462000 0.464536 0.074240 0.346438 -0.757624 1.152057 -0.540439 4.116305 -3.964367 -8.904322
0.463000 0.463780 0.075390 0.345894 -0.753480 1.148054 -0.549312 4.170269 -4.041123 -8.841923
0.464000 0.463029 0.076536 0.345340 -0.749283 1.143975 -0.558122 4.223518 -4.117149 -8.777784
0.465000 0.462282 0.077678 0.344777 -0.745033 1.139820 -0.566868 4.275935 -4.192169 -8.712182
0.466000 0.461539 0.078816 0.344206 -0.740731 1.135591 -0.575547 4.327564 -4.266192 -8.645213
0.467000 0.460800 0.079949 0.343626 -0.736378 1.131288 -0.584158 4.378598 -4.339561 -8.576759
0.468000 0.460066 0.081078 0.343038 -0.731974 1.126912 -0.592700 4.429027 -4.412446 -8.506779
0.469000 0.459336 0.082203 0.342441 -0.727520 1.122463 -0.601172 4.478608 -4.484720 -8.435377
0.470000 0.458611 0.083323 0.341835 -0.723017 1.117942 -0.609571 4.527119 -4.556194 -8.362640
0.471000 0.457890 0.084439 0.341222 -0.718466 1.113350 -0.617897 4.574380 -4.626570 -8.288630
0.472000 0.457174 0.085550 0.340600 -0.713868 1.108689 -0.626148 4.620230 -4.695481 -8.213392
0.473000 0.456462 0.086656 0.339969 -0.709225 1.103959 -0.634324 4.664718 -4.762900 -8.136827
0.474000 0.455756 0.087758 0.339331 -0.704539 1.099163 -0.642422 4.708057 -4.829089 -8.058778
0.475000 0.455053 0.088855 0.338684 -0.699809 1.094301 -0.650441 4.750309 -4.894056 -7.979342
0.476000 0.454356 0.089947 0.338030 -0.695038 1.089375 -0.658381 4.791376 -4.957546 -7.898807
0.477000 0.453663 0.091033 0.337368 -0.690226 1.084386 -0.666239 4.831310 -5.019570 -7.817264
0.478000 0.452976 0.092115 0.336698 -0.685375 1.079336 -0.674015 4.870307 -5.080442 -7.734576
0.479000 0.452293 0.093192 0.336020 -0.680486 1.074225 -0.681708 4.908385 -5.140284 -7.650723
0.480000 0.451615 0.094264 0.335334 -0.675559 1.069055 -0.689317 4.945396 -5.198990 -7.565826
0.481000 0.450941 0.095330 0.334641 -0.670595 1.063827 -0.696840 4.981348 -5.256673 -7.479837
0.482000 0.450273 0.096391 0.333940 -0.665596 1.058542 -0.704276 5.016417 -5.313650 -7.392520
0.483000 0.449610 0.097447 0.333233 -0.660562 1.053200 -0.711625 5.050629 -5.369953 -7.303741
0.484000 0.448952 0.098498 0.332517 -0.655495 1.047802 -0.718884 5.083812 -5.425290 -7.213542
0.485000 0.448299 0.099543 0.331795 -0.650395 1.042349 -0.726052 5.115806 -5.479366 -7.122054
0.486000 0.447651 0.100583 0.331065 -0.645263 1.036843 -0.733128 5.146478 -5.531876 -7.029565
0.487000 0.447009 0.101617 0.330328 -0.640102 1.031286 -0.740111 5.175707 -5.582515 -6.936453
0.488000 0.446371 0.102645 0.329585 -0.634912 1.025678 -0.747001 5.203545 -5.631292 -6.842834
0.489000 0.445739 0.103668 0.328834 -0.629695 1.020023 -0.753797 5.230176 -5.678506 -6.748552
0.490000 0.445112 0.104685 0.328077 -0.624451 1.014321 -0.760498 5.255619 -5.724275 -6.653567
0.491000 0.444490 0.105697 0.327313 -0.619183 1.008575 -0.767104 5.279738 -5.768502 -6.557991
0.492000 0.443873 0.106702 0.326543 -0.613892 1.002784 -0.773614 5.302542 -5.811299 -6.461756
0.493000 0.443262 0.107702 0.325766 -0.608578 0.996952 -0.780027 5.324205 -5.852973 -6.364601
0.494000 0.442656 0.108696 0.324983 -0.603243 0.991078 -0.786343 5.344776 -5.893578 -6.266398
0.495000 0.442056 0.109684 0.324194 -0.597889 0.985165 -0.792560 5.364164 -5.932926 -6.167165
0.496000 0.441461 0.110667 0.323398 -0.592515 0.979213 -0.798677 5.382414 -5.971054 -6.066776
0.497000 0.440871 0.111643 0.322596 -0.587124 0.973223 -0.804694 5.399707 -6.008215 -5.965027
0.498000 0.440286 0.112613 0.321789 -0.581716 0.967196 -0.810608 5.416100 -6.044411 -5.862017
0.499000 0.439707 0.113577 0.320975 -0.576292 0.961134 -0.816418 5.431482 -6.079346 -5.758126
0.500000 0.439134 0.114535 0.320156 -0.570853 0.955037 -0.822124 5.445729 -6.112762 -5.653678
0.501000 0.438566 0.115487 0.319331 -0.565400 0.948908 -0.827725 5.458697 -6.144470 -5.548900
0.502000 0.438003 0.116433 0.318500 -0.559935 0.942748 -0.833222 5.470228 -6.174319 -5.443962
0.503000 0.437446 0.117373 0.317664 -0.554460 0.936560 -0.838613 5.480327 -6.202413 -5.338783
0.504000 0.436894 0.118306 0.316823 -0.548975 0.930344 -0.843899 5.489140 -6.229045 -5.233070
0.505000 0.436348 0.119233 0.315977 -0.543481 0.924102 -0.849079 5.496685 -6.254284 -5.126660
0.506000 0.435807 0.120154 0.315125 -0.537981 0.917835 -0.854152 5.502851 -6.277979 -5.019544
0.507000 0.435272 0.121069 0.314268 -0.532476 0.911546 -0.859118 5.507651 -6.300186 -4.911564
0.508000 0.434742 0.121977 0.313407 -0.526966 0.905235 -0.863976 5.511250 -6.321163 -4.802487
0.509000 0.434218 0.122880 0.312540 -0.521453 0.898903 -0.868723 5.513725 -6.340952 -4.692407
0.510000 0.433699 0.123775 0.311669 -0.515939 0.892553 -0.873360 5.515013 -6.359328 -4.581717
0.511000 0.433186 0.124665 0.310794 -0.510423 0.886185 -0.877887 5.515039 -6.376069 -4.470758
0.512000 0.432678 0.125548 0.309913 -0.504908 0.879801 -0.882302 5.513707 -6.390958 -4.359773
0.513000 0.432176 0.126424 0.309029 -0.499396 0.873403 -0.886606 5.510905 -6.403785 -4.248949
0.514000 0.431680 0.127294 0.308140 -0.493887 0.866993 -0.890800 5.506662 -6.414592 -4.138210
0.515000 0.431188 0.128158 0.307247 -0.488382 0.860574 -0.894883 5.501115 -6.423647 -4.027260
0.516000 0.430703 0.129016 0.306350 -0.482884 0.854146 -0.898854 5.494279 -6.431051 -3.915967
0.517000 0.430223 0.129867 0.305450 -0.477394 0.847711 -0.902715 5.486050 -6.436723 -3.804375
0.518000 0.429748 0.130711 0.304545 -0.471912 0.841272 -0.906463 5.476441 -6.440756 -3.692355
0.519000 0.429279 0.131549 0.303637 -0.466441 0.834830 -0.910099 5.465608 -6.443411 -3.579668
0.520000 0.428815 0.132381 0.302725 -0.460981 0.828386 -0.913622 5.453648 -6.444745 -3.466394
0.521000 0.428357 0.133206 0.301809 -0.455534 0.821940 -0.917032 5.440571 -6.444619 -3.352866
0.522000 0.427904 0.134025 0.300891 -0.450100 0.815496 -0.920328 5.426464 -6.443075 -3.239163
0.523000 0.427457 0.134837 0.299969 -0.444681 0.809054 -0.923510 5.411474 -6.440351 -3.125062
0.524000 0.427015 0.135643 0.299044 -0.439277 0.802616 -0.926578 5.395607 -6.436503 -3.010491
0.525000 0.426578 0.136442 0.298116 -0.433890 0.796181 -0.929531 5.378725 -6.431357 -2.895614
0.526000 0.426147 0.137235 0.297185 -0.428520 0.789753 -0.932370 5.360703 -6.424759 -2.780566
0.527000 0.425721 0.138022 0.296251 -0.423168 0.783332 -0.935093 5.341441 -6.416594 -2.665434
0.528000 0.425301 0.138802 0.295314 -0.417837 0.776920 -0.937700 5.320851 -6.406768 -2.550278
0.529000 0.424885 0.139575 0.294376 -0.412526 0.770518 -0.940193 5.298968 -6.395386 -2.434936
0.530000 0.424476 0.140343 0.293434 -0.407239 0.764129 -0.942570 5.275940 -6.382703 -2.319147
0.531000 0.424071 0.141104 0.292490 -0.401975 0.757753 -0.944831 5.251863 -6.368787 -2.202981
0.532000 0.423672 0.141858 0.291544 -0.396735 0.751391 -0.946976 5.226758 -6.353532 -2.086777
0.533000 0.423277 0.142606 0.290596 -0.391521 0.745046 -0.949005 5.200711 -6.336993 -1.970611
0.534000 0.422889 0.143348 0.289646 -0.386334 0.738717 -0.950917 5.173860 -6.319389 -1.854264
0.535000 0.422505 0.144084 0.288695 -0.381173 0.732407 -0.952713 5.146236 -6.300763 -1.737687
0.536000 0.422126 0.144813 0.287741 -0.376041 0.726116 -0.954393 5.117770 -6.280981 -1.621041
0.537000 0.421753 0.145536 0.286786 -0.370938 0.719845 -0.955956 5.088480 -6.260082 -1.504261
0.538000 0.421384 0.146253 0.285829 -0.365864 0.713596 -0.957401 5.058474 -6.238301 -1.387027
0.539000 0.421021 0.146963 0.284871 -0.360821 0.707368 -0.958730 5.027783 -6.215759 -1.269176
0.540000 0.420663 0.147668 0.283912 -0.355809 0.701164 -0.959940 4.996340 -6.192396 -1.150788
0.541000 0.420309 0.148366 0.282951 -0.350828 0.694984 -0.961031 4.964094 -6.168139 -1.032020
0.542000 0.419961 0.149058 0.281990 -0.345880 0.688828 -0.962004 4.931039 -6.142894 -0.913164
0.543000 0.419618 0.149743 0.281027 -0.340966 0.682698 -0.962858 4.897188 -6.116552 -0.794590
0.544000 0.419279 0.150423 0.280064 -0.336086 0.676595 -0.963593 4.862627 -6.089183 -0.676355
0.545000 0.418945 0.151097 0.279100 -0.331241 0.670519 -0.964210 4.827482 -6.061000 -0.558227
0.546000 0.418617 0.151764 0.278135 -0.326431 0.664473 -0.964709 4.791782 -6.032062 -0.440144
0.547000 0.418293 0.152425 0.277171 -0.321657 0.658455 -0.965091 4.755476 -6.002270 -0.322254
0.548000 0.417973 0.153081 0.276205 -0.316920 0.652468 -0.965354 4.718580 -5.971679 -0.204480
0.549000 0.417659 0.153730 0.275240 -0.312220 0.646512 -0.965499 4.681193 -5.940519 -0.086494
0.550000 0.417349 0.154374 0.274274 -0.307558 0.640587 -0.965527 4.643346 -5.908927 0.031876
0.551000 0.417044 0.155012 0.273309 -0.302933 0.634694 -0.965436 4.604990 -5.876886 0.150558
0.552000 0.416743 0.155643 0.272343 -0.298348 0.628833 -0.965226 4.566096 -5.844363 0.269399
0.553000 0.416447 0.156269 0.271378 -0.293801 0.623005 -0.964897 4.526677 -5.811309 0.388112
0.554000 0.416155 0.156889 0.270414 -0.289294 0.617211 -0.964450 4.486765 -5.777655 0.506332
0.555000 0.415868 0.157504 0.269449 -0.284828 0.611450 -0.963884 4.446450 -5.743485 0.624002
0.556000 0.415586 0.158112 0.268486 -0.280401 0.605724 -0.963202 4.405839 -5.708992 0.741357
0.557000 0.415308 0.158715 0.267523 -0.276016 0.600032 -0.962402 4.364940 -5.674199 0.858457
0.558000 0.415034 0.159312 0.266561 -0.271672 0.594375 -0.961485 4.323683 -5.638982 0.975154
0.559000 0.414764 0.159904 0.265600 -0.267369 0.588754 -0.960451 4.282069 -5.603358 1.091520
0.560000 0.414499 0.160490 0.264640 -0.263107 0.583169 -0.959302 4.240175 -5.567528 1.207880
0.561000 0.414238 0.161070 0.263681 -0.258888 0.577619 -0.958035 4.198039 -5.531619 1.324402
0.562000 0.413981 0.161645 0.262724 -0.254711 0.572105 -0.956653 4.155644 -5.495652 1.441068
0.563000 0.413729 0.162214 0.261768 -0.250577 0.566628 -0.955153 4.113028 -5.459751 1.558036
0.564000 0.413480 0.162778 0.260814 -0.246485 0.561186 -0.953537 4.070303 -5.424134 1.675584
0.565000 0.413236 0.163337 0.259861 -0.242436 0.555780 -0.951802 4.027572 -5.388890 1.793678
0.566000 0.412995 0.163890 0.258910 -0.238430 0.550408 -0.949949 3.984888 -5.353953 1.911970
0.567000 0.412759 0.164438 0.257961 -0.234467 0.545072 -0.947978 3.942264 -5.319235 2.030152
0.568000 0.412526 0.164980 0.257014 -0.230546 0.539770 -0.945889 3.899652 -5.284612 2.147992
0.569000 0.412298 0.165517 0.256069 -0.226667 0.534502 -0.943682 3.856963 -5.249938 2.265296
0.570000 0.412073 0.166049 0.255127 -0.222832 0.529270 -0.941358 3.814180 -5.215229 2.382148
0.571000 0.411852 0.166576 0.254187 -0.219039 0.524072 -0.938918 3.771356 -5.180666 2.498864
0.572000 0.411635 0.167097 0.253249 -0.215289 0.518909 -0.936361 3.728515 -5.146373 2.615594
0.573000 0.411421 0.167613 0.252314 -0.211582 0.513779 -0.933687 3.685630 -5.112383 2.732300
0.574000 0.411212 0.168125 0.251382 -0.207918 0.508684 -0.930896 3.642724 -5.078817 2.849121
0.575000 0.411006 0.168631 0.250452 -0.204296 0.503622 -0.927989 3.599888 -5.045876 2.966335
0.576000 0.410803 0.169132 0.249526 -0.200718 0.498592 -0.924963 3.557211 -5.013648 3.083931
0.577000 0.410604 0.169628 0.248602 -0.197182 0.493594 -0.921821 3.514741 -4.982083 3.201606
0.578000 0.410409 0.170119 0.247682 -0.193689 0.488628 -0.918560 3.472499 -4.951108 3.319088
0.579000 0.410217 0.170605 0.246765 -0.190237 0.483692 -0.915182 3.430456 -4.920615 3.436161
0.580000 0.410028 0.171087 0.245852 -0.186828 0.478787 -0.911688 3.388554 -4.890476 3.552641
0.581000 0.409843 0.171563 0.244942 -0.183460 0.473911 -0.908077 3.346789 -4.860702 3.668606
0.582000 0.409661 0.172034 0.244035 -0.180134 0.469065 -0.904351 3.305209 -4.831453 3.784351
0.583000 0.409483 0.172501 0.243133 -0.176850 0.464248 -0.900508 3.263825 -4.802828 3.899994
0.584000 0.409308 0.172963 0.242234 -0.173606 0.459460 -0.896551 3.222608 -4.774838 4.015463
0.585000 0.409136 0.173420 0.241340 -0.170404 0.454699 -0.892478 3.181570 -4.747581 4.130865
0.586000 0.408967 0.173872 0.240449 -0.167243 0.449964 -0.888289 3.140788 -4.721224 4.246460
0.587000 0.408801 0.174320 0.239563 -0.164123 0.445256 -0.883985 3.100338 -4.695831 4.362252
0.588000 0.408639 0.174763 0.238682 -0.161043 0.440573 -0.879564 3.060281 -4.671361 4.478018
0.589000 0.408479 0.175201 0.237804 -0.158002 0.435913 -0.875029 3.020688 -4.647864 4.593750
0.590000 0.408323 0.175635 0.236931 -0.155001 0.431277 -0.870377 2.981623 -4.625470 4.709683
0.591000 0.408169 0.176064 0.236063 -0.152039 0.426662 -0.865609 2.943081 -4.604197 4.825872
0.592000 0.408018 0.176488 0.235200 -0.149115 0.422069 -0.860725 2.904997 -4.583932 4.942131
0.593000 0.407871 0.176908 0.234342 -0.146229 0.417495 -0.855725 2.867303 -4.564584 5.058288
0.594000 0.407726 0.177323 0.233489 -0.143380 0.412939 -0.850609 2.829931 -4.546103 5.174194
0.595000 0.407584 0.177734 0.232641 -0.140569 0.408402 -0.845377 2.792806 -4.528461 5.289714
0.596000 0.407445 0.178140 0.231798 -0.137795 0.403882 -0.840029 2.755911 -4.511730 5.404934
0.597000 0.407308 0.178541 0.230961 -0.135057 0.399379 -0.834567 2.719300 -4.496051 5.520094
0.598000 0.407175 0.178938 0.230129 -0.132356 0.394890 -0.828989 2.683044 -4.481463 5.635200
0.599000 0.407044 0.179331 0.229303 -0.129691 0.390416 -0.823296 2.647206 -4.467911 5.750043
0.600000 0.406915 0.179719 0.228482 -0.127062 0.385955 -0.817489 2.611853 -4.455421 5.864617
0.601000 0.406790 0.180103 0.227668 -0.124467 0.381505 -0.811567 2.577027 -4.444085 5.979140
0.602000 0.406666 0.180482 0.226859 -0.121908 0.377066 -0.805531 2.542696 -4.433872 6.093667
0.603000 0.406546 0.180857 0.226057 -0.119382 0.372637 -0.799380 2.508775 -4.424643 6.208068
0.604000 0.406428 0.181228 0.225260 -0.116890 0.368217 -0.793115 2.475222 -4.416362 6.322391
0.605000 0.406312 0.181594 0.224470 -0.114432 0.363805 -0.786735 2.442051 -4.409125 6.436873
0.606000 0.406199 0.181955 0.223687 -0.112006 0.359399 -0.780241 2.409260 -4.402982 6.551574
0.607000 0.406088 0.182312 0.222910 -0.109613 0.354999 -0.773632 2.376822 -4.397891 6.666327
0.608000 0.405980 0.182665 0.222140 -0.107252 0.350603 -0.766908 2.344722 -4.393799 6.780939
0.609000 0.405873 0.183014 0.221376 -0.104924 0.346211 -0.760070 2.312974 -4.390630 6.895184
0.610000 0.405770 0.183358 0.220620 -0.102626 0.341822 -0.753118 2.281606 -4.388297 7.008808
0.611000 0.405668 0.183697 0.219870 -0.100360 0.337434 -0.746052 2.250662 -4.386807 7.121791
0.612000 0.405569 0.184032 0.219127 -0.098125 0.333048 -0.738874 2.220179 -4.386224 7.234312
0.613000 0.405472 0.184363 0.218392 -0.095920 0.328662 -0.731584 2.190150 -4.386499 7.346384
0.614000 0.405377 0.184690 0.217664 -0.093745 0.324275 -0.724181 2.160532 -4.387478 7.457840
0.615000 0.405284 0.185012 0.216944 -0.091599 0.319887 -0.716668 2.131311 -4.389105 7.568685
0.616000 0.405194 0.185330 0.216231 -0.089482 0.315497 -0.709044 2.102493 -4.391449 7.679099
0.617000 0.405106 0.185643 0.215526 -0.087394 0.311104 -0.701310 2.074060 -4.394541 7.789096
0.618000 0.405019 0.185952 0.214828 -0.085334 0.306708 -0.693466 2.045960 -4.398347 7.898515
0.619000 0.404935 0.186256 0.214139 -0.083302 0.302307 -0.685513 2.018174 -4.402893 8.007352
0.620000 0.404853 0.186556 0.213457 -0.081298 0.297902 -0.677451 1.990734 -4.408263 8.115759
0.621000 0.404772 0.186852 0.212784 -0.079321 0.293491 -0.669281 1.963687 -4.414452 8.223696
0.622000 0.404694 0.187143 0.212119 -0.077370 0.289073 -0.661004 1.937070 -4.421351 8.330891
0.623000 0.404618 0.187430 0.211462 -0.075447 0.284648 -0.652619 1.910882 -4.428831 8.437076
0.624000 0.404543 0.187713 0.210813 -0.073549 0.280216 -0.644130 1.885060 -4.436729 8.541986
0.625000 0.404470 0.187991 0.210174 -0.071676 0.275775 -0.635536 1.859505 -4.444859 8.645362
0.626000 0.404400 0.188264 0.209542 -0.069830 0.271326 -0.626839 1.834154 -4.453145 8.747150
0.627000 0.404331 0.188533 0.208920 -0.068008 0.266869 -0.618041 1.808996 -4.461629 8.847488
0.628000 0.404264 0.188798 0.208306 -0.066212 0.262403 -0.609144 1.784012 -4.470323 8.946378
0.629000 0.404198 0.189058 0.207702 -0.064440 0.257928 -0.600148 1.759166 -4.479177 9.043670
0.630000 0.404135 0.189314 0.207106 -0.062693 0.253444 -0.591057 1.734444 -4.488197 9.139350
0.631000 0.404073 0.189565 0.206520 -0.060971 0.248951 -0.581870 1.709868 -4.497429 9.233519
0.632000 0.404013 0.189812 0.205942 -0.059274 0.244449 -0.572590 1.685466 -4.506822 9.326074
0.633000 0.403954 0.190054 0.205374 -0.057600 0.239938 -0.563218 1.661263 -4.516242 9.416727
0.634000 0.403898 0.190292 0.204816 -0.055951 0.235417 -0.553756 1.637285 -4.525624 9.505358
0.635000 0.403842 0.190525 0.204267 -0.054326 0.230887 -0.544207 1.613548 -4.534967 9.592032
0.636000 0.403789 0.190753 0.203727 -0.052724 0.226347 -0.534572 1.590026 -4.544172 9.676679
0.637000 0.403737 0.190977 0.203198 -0.051146 0.221798 -0.524854 1.566666 -4.553040 9.759040
0.638000 0.403687 0.191197 0.202678 -0.049591 0.217241 -0.515054 1.543422 -4.561403 9.838847
0.639000 0.403638 0.191412 0.202168 -0.048059 0.212675 -0.505176 1.520262 -4.569147 9.915820
0.640000 0.403591 0.191622 0.201667 -0.046550 0.208103 -0.495222 1.497160 -4.576190 9.989671
0.641000 0.403545 0.191828 0.201177 -0.045064 0.203523 -0.485197 1.474109 -4.582518 10.060289
0.642000 0.403500 0.192029 0.200697 -0.043602 0.198938 -0.475102 1.451124 -4.588158 10.127704
0.643000 0.403458 0.192226 0.200227 -0.042162 0.194347 -0.464941 1.428219 -4.593062 10.191785
0.644000 0.403416 0.192418 0.199767 -0.040745 0.189751 -0.454718 1.405402 -4.597118 10.252242
0.645000 0.403376 0.192606 0.199318 -0.039351 0.185153 -0.444437 1.382681 -4.600262 10.308927
0.646000 0.403337 0.192788 0.198878 -0.037980 0.180551 -0.434100 1.360057 -4.602464 10.361840
0.647000 0.403300 0.192967 0.198449 -0.036631 0.175948 -0.423713 1.337487 -4.603579 10.410836
0.648000 0.403264 0.193140 0.198031 -0.035305 0.171344 -0.413279 1.314905 -4.603361 10.455586
0.649000 0.403230 0.193309 0.197623 -0.034001 0.166741 -0.402802 1.292259 -4.601603 10.495757
0.650000 0.403196 0.193474 0.197225 -0.032721 0.162141 -0.392287 1.269527 -4.598168 10.531023
0.651000 0.403164 0.193634 0.196838 -0.031462 0.157545 -0.381740 1.246702 -4.592959 10.561056
0.652000 0.403133 0.193789 0.196462 -0.030227 0.152955 -0.371165 1.223790 -4.585940 10.585689
0.653000 0.403104 0.193939 0.196096 -0.029015 0.148373 -0.360568 1.200812 -4.577121 10.604882
0.654000 0.403075 0.194086 0.195741 -0.027826 0.143800 -0.349955 1.177795 -4.566458 10.618446
0.655000 0.403048 0.194227 0.195396 -0.026659 0.139240 -0.339331 1.154766 -4.553854 10.626048
0.656000 0.403022 0.194364 0.195062 -0.025516 0.134693 -0.328703 1.131746 -4.539251 10.627482
0.657000 0.402997 0.194496 0.194739 -0.024396 0.130161 -0.318076 1.108731 -4.522599 10.622676
0.658000 0.402973 0.194624 0.194426 -0.023299 0.125647 -0.307458 1.085669 -4.503734 10.611427
0.659000 0.402950 0.194748 0.194124 -0.022224 0.121154 -0.296854 1.062478 -4.482397 10.593361
0.660000 0.402929 0.194867 0.193832 -0.021174 0.116683 -0.286271 1.039094 -4.458367 10.568094
0.661000 0.402908 0.194981 0.193551 -0.020146 0.112237 -0.275717 1.015483 -4.431495 10.535233
0.662000 0.402888 0.195091 0.193281 -0.019143 0.107820 -0.265201 0.991625 -4.401669 10.494373
0.663000 0.402870 0.195197 0.193021 -0.018163 0.103434 -0.254729 0.967516 -4.368835 10.445263
0.664000 0.402852 0.195298 0.192771 -0.017208 0.099082 -0.244310 0.943173 -4.332971 10.387778
0.665000 0.402835 0.195395 0.192532 -0.016277 0.094768 -0.233953 0.918638 -4.294014 10.321672
0.666000 0.402819 0.195488 0.192303 -0.015370 0.090494 -0.223667 0.893961 -4.251855 10.246564
0.667000 0.402805 0.195576 0.192085 -0.014489 0.086264 -0.213460 0.869182 -4.206414 10.162190
0.668000 0.402790 0.195660 0.191876 -0.013632 0.082081 -0.203342 0.844315 -4.157626 10.068394
0.669000 0.402777 0.195740 0.191678 -0.012800 0.077949 -0.193323 0.819350 -4.105333 9.964890
0.670000 0.402765 0.195816 0.191490 -0.011993 0.073871 -0.183413 0.794266 -4.049307 9.851261
0.671000 0.402753 0.195888 0.191311 -0.011212 0.069850 -0.173621 0.769047 -3.989384 9.727201
0.672000 0.402742 0.195956 0.191142 -0.010455 0.065892 -0.163958 0.743685 -3.925492 9.592528
0.673000 0.402732 0.196020 0.190983 -0.009724 0.061999 -0.154436 0.718163 -3.857554 9.446943
0.674000 0.402723 0.196080 0.190834 -0.009019 0.058177 -0.145064 0.692459 -3.785453 9.289995
0.675000 0.402714 0.196136 0.190693 -0.008339 0.054428 -0.135856 0.666566 -3.709058 9.121235
0.676000 0.402706 0.196189 0.190562 -0.007686 0.050759 -0.126822 0.640508 -3.628220 8.940216
0.677000 0.402699 0.196237 0.190440 -0.007058 0.047172 -0.117975 0.614326 -3.542778 8.746496
0.678000 0.402692 0.196283 0.190326 -0.006457 0.043673 -0.109329 0.588051 -3.452615 8.539758
0.679000 0.402686 0.196325 0.190221 -0.005882 0.040267 -0.100896 0.561687 -3.357643 8.319786
0.680000 0.402680 0.196363 0.190124 -0.005334 0.036958 -0.092689 0.535219 -3.257713 8.086249
0.681000 0.402675 0.196399 0.190036 -0.004812 0.033751 -0.084723 0.508618 -3.152625 7.838697
0.682000 0.402671 0.196431 0.189955 -0.004316 0.030652 -0.077012 0.481865 -3.042227 7.576781
0.683000 0.402667 0.196460 0.189881 -0.003848 0.027667 -0.069570 0.454964 -2.926428 7.300253
0.684000 0.402663 0.196486 0.189816 -0.003407 0.024800 -0.062411 0.427944 -2.805117 7.008752
0.685000 0.402660 0.196510 0.189757 -0.002992 0.022056 -0.055552 0.400843 -2.678140 6.701775
0.686000 0.402657 0.196530 0.189704 -0.002605 0.019443 -0.049008 0.373700 -2.545344 6.378840
0.687000 0.402655 0.196549 0.189659 -0.002245 0.016966 -0.042794 0.346553 -2.406568 6.039503
0.688000 0.402653 0.196564 0.189619 -0.001912 0.014630 -0.036929 0.319441 -2.261653 5.683340
0.689000 0.402651 0.196578 0.189585 -0.001606 0.012443 -0.031428 0.292391 -2.110475 5.310032
0.690000 0.402649 0.196589 0.189556 -0.001327 0.010409 -0.026309 0.265415 -1.952925 4.919328
0.691000 0.402648 0.196599 0.189532 -0.001075 0.008537 -0.021589 0.238517 -1.788828 4.510852
0.692000 0.402647 0.196606 0.189513 -0.000850 0.006832 -0.017287 0.211697 -1.617953 4.084117
0.693000 0.402647 0.196612 0.189498 -0.000652 0.005301 -0.013421 0.099153 -0.765397 1.933062
0.694000 0.402646 0.196617 0.189486 -0.000652 0.005301 -0.013421 0.099153 -0.765397 1.933062
