0.000000 0.672009 -0.193052 0.136097 0.017052 -0.009935 0.014683 0.123832 -0.075639 0.983622
0.001000 0.672026 -0.193062 0.136111 0.017052 -0.009935 0.014683 0.123832 -0.075639 0.983622
0.002000 0.672043 -0.193072 0.136126 0.017300 -0.010086 0.016650 0.244558 -0.149624 2.003839
0.003000 0.672060 -0.193082 0.136144 0.017541 -0.010234 0.018691 0.238086 -0.146167 2.077705
0.004000 0.672078 -0.193093 0.136164 0.017776 -0.010378 0.020806 0.231080 -0.142406 2.152918
0.005000 0.672096 -0.193103 0.136186 0.018004 -0.010519 0.022997 0.223521 -0.138330 2.229486
0.006000 0.672114 -0.193114 0.136210 0.018223 -0.010655 0.025265 0.215394 -0.133930 2.307421
0.007000 0.672132 -0.193125 0.136236 0.018434 -0.010787 0.027612 0.206681 -0.129208 2.386725
0.008000 0.672151 -0.193135 0.136265 0.018637 -0.010913 0.030038 0.197363 -0.124177 2.467382
0.009000 0.672169 -0.193146 0.136296 0.018829 -0.011035 0.032546 0.187422 -0.118861 2.549367
0.010000 0.672188 -0.193157 0.136330 0.019011 -0.011151 0.035137 0.176842 -0.113273 2.632647
0.011000 0.672207 -0.193169 0.136367 0.019183 -0.011261 0.037812 0.165615 -0.107402 2.717179
0.012000 0.672227 -0.193180 0.136406 0.019343 -0.011366 0.040571 0.153748 -0.101213 2.802901
0.013000 0.672246 -0.193191 0.136448 0.019490 -0.011464 0.043417 0.141255 -0.094662 2.889742
0.014000 0.672266 -0.193203 0.136493 0.019625 -0.011555 0.046351 0.128148 -0.087712 2.977633
0.015000 0.672285 -0.193214 0.136540 0.019747 -0.011639 0.049373 0.114438 -0.080342 3.066509
0.016000 0.672305 -0.193226 0.136591 0.019854 -0.011716 0.052484 0.100157 -0.072539 3.156297
0.017000 0.672325 -0.193238 0.136645 0.019947 -0.011784 0.055685 0.085356 -0.064291 3.246915
0.018000 0.672345 -0.193250 0.136703 0.020025 -0.011844 0.058978 0.070066 -0.055586 3.338276
0.019000 0.672365 -0.193262 0.136763 0.020087 -0.011896 0.062362 0.054300 -0.046401 3.430273
0.020000 0.672385 -0.193274 0.136827 0.020133 -0.011937 0.065838 0.038066 -0.036699 3.522745
0.021000 0.672405 -0.193285 0.136895 0.020163 -0.011969 0.069407 0.021379 -0.026435 3.615492
0.022000 0.672426 -0.193297 0.136966 0.020176 -0.011990 0.073069 0.004245 -0.015572 3.708350
0.023000 0.672446 -0.193309 0.137041 0.020172 -0.012000 0.076824 -0.013346 -0.004087 3.801228
0.024000 0.672466 -0.193321 0.137120 0.020149 -0.011998 0.080672 -0.031410 0.008032 3.894099
0.025000 0.672486 -0.193333 0.137203 0.020109 -0.011984 0.084612 -0.049969 0.020799 3.986952
0.026000 0.672506 -0.193345 0.137289 0.020049 -0.011957 0.088646 -0.069041 0.034223 4.079763
0.027000 0.672526 -0.193357 0.137380 0.019971 -0.011916 0.092772 -0.088646 0.048317 4.172500
0.028000 0.672546 -0.193369 0.137475 0.019872 -0.011860 0.096991 -0.108804 0.063093 4.265153
0.029000 0.672566 -0.193381 0.137574 0.019753 -0.011789 0.101302 -0.129532 0.078559 4.357733
0.030000 0.672586 -0.193393 0.137677 0.019613 -0.011703 0.105706 -0.150840 0.094719 4.450232
0.031000 0.672605 -0.193405 0.137785 0.019451 -0.011600 0.110203 -0.172720 0.111557 4.542603
0.032000 0.672625 -0.193416 0.137898 0.019268 -0.011480 0.114791 -0.195159 0.129051 4.634781
0.033000 0.672644 -0.193427 0.138015 0.019061 -0.011342 0.119472 -0.218147 0.147186 4.726687
0.034000 0.672663 -0.193439 0.138137 0.018831 -0.011185 0.124245 -0.241682 0.165963 4.818248
0.035000 0.672681 -0.193450 0.138263 0.018578 -0.011010 0.129109 -0.265757 0.185392 4.909422
0.036000 0.672700 -0.193461 0.138395 0.018300 -0.010815 0.134063 -0.290356 0.205483 5.000189
0.037000 0.672718 -0.193471 0.138531 0.017997 -0.010599 0.139109 -0.315469 0.226247 5.090503
0.038000 0.672736 -0.193482 0.138673 0.017669 -0.010362 0.144244 -0.341093 0.247694 5.180290
0.039000 0.672753 -0.193492 0.138820 0.017315 -0.010104 0.149470 -0.367220 0.269835 5.269494
0.040000 0.672770 -0.193502 0.138972 0.016934 -0.009823 0.154783 -0.393831 0.292680 5.358075
0.041000 0.672787 -0.193512 0.139129 0.016527 -0.009518 0.160186 -0.420915 0.316236 5.445964
0.042000 0.672803 -0.193521 0.139292 0.016093 -0.009190 0.165675 -0.448457 0.340502 5.533058
0.043000 0.672819 -0.193530 0.139461 0.015630 -0.008837 0.171252 -0.476420 0.365464 5.619255
0.044000 0.672835 -0.193539 0.139635 0.015140 -0.008459 0.176914 -0.504753 0.391095 5.704459
0.045000 0.672850 -0.193547 0.139815 0.014621 -0.008055 0.182661 -0.533416 0.417378 5.788558
0.046000 0.672864 -0.193555 0.140000 0.014073 -0.007624 0.188491 -0.562395 0.444312 5.871450
0.047000 0.672878 -0.193562 0.140192 0.013496 -0.007166 0.194404 -0.591674 0.471902 5.953084
0.048000 0.672891 -0.193569 0.140389 0.012890 -0.006681 0.200397 -0.621233 0.500156 6.033443
0.049000 0.672904 -0.193576 0.140592 0.012254 -0.006166 0.206471 -0.651056 0.529081 6.112470
0.050000 0.672915 -0.193582 0.140802 0.011588 -0.005622 0.212622 -0.681137 0.558682 6.190058
0.051000 0.672927 -0.193587 0.141018 0.010891 -0.005049 0.218851 -0.711459 0.588965 6.266113
0.052000 0.672937 -0.193592 0.141240 0.010165 -0.004444 0.225154 -0.741999 0.619935 6.340560
0.053000 0.672947 -0.193596 0.141468 0.009407 -0.003809 0.231532 -0.772742 0.651598 6.413297
0.054000 0.672956 -0.193599 0.141703 0.008619 -0.003141 0.237981 -0.803675 0.683957 6.484214
0.055000 0.672964 -0.193602 0.141944 0.007800 -0.002441 0.244500 -0.834781 0.717015 6.553266
0.056000 0.672972 -0.193604 0.142192 0.006950 -0.001707 0.251087 -0.866033 0.750774 6.620472
0.057000 0.672978 -0.193606 0.142446 0.006068 -0.000939 0.257741 -0.897413 0.785226 6.685849
0.058000 0.672984 -0.193606 0.142707 0.005155 -0.000137 0.264459 -0.928918 0.820345 6.749425
0.059000 0.672989 -0.193606 0.142975 0.004210 0.000701 0.271240 -0.960549 0.856098 6.811229
0.060000 0.672992 -0.193605 0.143250 0.003234 0.001575 0.278082 -0.992314 0.892458 6.871218
0.061000 0.672995 -0.193603 0.143531 0.002225 0.002486 0.284982 -1.024214 0.929404 6.929287
0.062000 0.672997 -0.193600 0.143820 0.001185 0.003434 0.291940 -1.056252 0.966906 6.985380
0.063000 0.672997 -0.193596 0.144115 0.000113 0.004420 0.298953 -1.088431 1.004927 7.039487
0.064000 0.672997 -0.193591 0.144418 -0.000992 0.005444 0.306019 -1.120751 1.043437 7.091548
0.065000 0.672995 -0.193585 0.144727 -0.002129 0.006507 0.313136 -1.153211 1.082410 7.141493
0.066000 0.672993 -0.193578 0.145044 -0.003298 0.007609 0.320302 -1.185810 1.121814 7.189390
0.067000 0.672989 -0.193570 0.145368 -0.004500 0.008750 0.327515 -1.218545 1.161607 7.235406
0.068000 0.672984 -0.193560 0.145699 -0.005735 0.009932 0.334773 -1.251411 1.201754 7.279601
0.069000 0.672977 -0.193550 0.146037 -0.007003 0.011154 0.342074 -1.284393 1.242226 7.321907
0.070000 0.672970 -0.193538 0.146383 -0.008304 0.012417 0.349417 -1.317458 1.282984 7.362299
0.071000 0.672961 -0.193525 0.146736 -0.009638 0.013720 0.356799 -1.350565 1.323984 7.400814
0.072000 0.672950 -0.193511 0.147097 -0.011005 0.015065 0.364218 -1.383678 1.365188 7.437403
0.073000 0.672939 -0.193495 0.147465 -0.012405 0.016450 0.371674 -1.416766 1.406583 7.471919
0.074000 0.672926 -0.193478 0.147840 -0.013839 0.017878 0.379162 -1.449792 1.448178 7.504251
0.075000 0.672911 -0.193459 0.148223 -0.015305 0.019347 0.386682 -1.482708 1.489990 7.534364
0.076000 0.672895 -0.193439 0.148613 -0.016804 0.020858 0.394231 -1.515475 1.532038 7.562257
0.077000 0.672877 -0.193417 0.149011 -0.018336 0.022411 0.401807 -1.548068 1.574338 7.587997
0.078000 0.672858 -0.193394 0.149417 -0.019900 0.024006 0.409407 -1.580466 1.616905 7.611689
0.079000 0.672838 -0.193369 0.149830 -0.021497 0.025645 0.417030 -1.612654 1.659740 7.633318
0.080000 0.672815 -0.193343 0.150251 -0.023125 0.027326 0.424674 -1.644622 1.702819 7.652778
0.081000 0.672791 -0.193315 0.150680 -0.024786 0.029050 0.432336 -1.676372 1.746092 7.670065
0.082000 0.672766 -0.193285 0.151116 -0.026478 0.030818 0.440014 -1.707916 1.789497 7.685272
0.083000 0.672738 -0.193253 0.151560 -0.028202 0.032629 0.447706 -1.739255 1.832982 7.698378
0.084000 0.672709 -0.193220 0.152011 -0.029957 0.034484 0.455411 -1.770383 1.876515 7.709236
0.085000 0.672678 -0.193184 0.152470 -0.031743 0.036382 0.463125 -1.801299 1.920088 7.717764
0.086000 0.672646 -0.193147 0.152937 -0.033559 0.038324 0.470846 -1.832007 1.963700 7.723954
0.087000 0.672611 -0.193108 0.153412 -0.035407 0.040310 0.478573 -1.862503 2.007342 7.727722
0.088000 0.672575 -0.193066 0.153894 -0.037284 0.042339 0.486301 -1.892773 2.050996 7.728962
0.089000 0.672537 -0.193023 0.154385 -0.039192 0.044412 0.494030 -1.922810 2.094649 7.727786
0.090000 0.672497 -0.192977 0.154883 -0.041130 0.046528 0.501757 -1.952611 2.138293 7.724495
0.091000 0.672455 -0.192930 0.155388 -0.043097 0.048688 0.509479 -1.982173 2.181907 7.719348
0.092000 0.672410 -0.192880 0.155902 -0.045094 0.050892 0.517196 -2.011492 2.225457 7.712537
0.093000 0.672364 -0.192828 0.156423 -0.047120 0.053139 0.524904 -2.040559 2.268895 7.704209
0.094000 0.672316 -0.192774 0.156951 -0.049175 0.055430 0.532604 -2.069358 2.312176 7.694346
0.095000 0.672266 -0.192717 0.157488 -0.051259 0.057763 0.540293 -2.097872 2.355277 7.682788
0.096000 0.672214 -0.192658 0.158032 -0.053371 0.060140 0.547970 -2.126107 2.398220 7.669476
0.097000 0.672159 -0.192597 0.158584 -0.055511 0.062560 0.555632 -2.154079 2.441049 7.654459
0.098000 0.672103 -0.192533 0.159143 -0.057679 0.065022 0.563279 -2.181789 2.483785 7.637669
0.099000 0.672044 -0.192467 0.159710 -0.059875 0.067528 0.570907 -2.209223 2.526415 7.618958
0.100000 0.671983 -0.192398 0.160285 -0.062098 0.070075 0.578517 -2.236378 2.568932 7.598364
0.101000 0.671920 -0.192327 0.160867 -0.064348 0.072665 0.586104 -2.263264 2.611337 7.576074
0.102000 0.671854 -0.192253 0.161457 -0.066624 0.075298 0.593669 -2.289871 2.653612 7.552118
0.103000 0.671786 -0.192176 0.162055 -0.068927 0.077973 0.601208 -2.316178 2.695715 7.526360
0.104000 0.671716 -0.192097 0.162660 -0.071257 0.080689 0.608721 -2.342172 2.737603 7.498790
0.105000 0.671644 -0.192015 0.163272 -0.073612 0.083448 0.616206 -2.367854 2.779230 7.469532
0.106000 0.671569 -0.191930 0.163892 -0.075992 0.086248 0.623661 -2.393206 2.820549 7.438561
0.107000 0.671492 -0.191842 0.164519 -0.078398 0.089089 0.631083 -2.418197 2.861529 7.405700
0.108000 0.671412 -0.191752 0.165154 -0.080829 0.091971 0.638472 -2.442806 2.902188 7.370910
0.109000 0.671330 -0.191658 0.165796 -0.083284 0.094893 0.645825 -2.467023 2.942574 7.334286
0.110000 0.671246 -0.191562 0.166446 -0.085763 0.097856 0.653140 -2.490824 2.982701 7.295781
0.111000 0.671159 -0.191463 0.167103 -0.088265 0.100859 0.660417 -2.514179 3.022549 7.255242
0.112000 0.671069 -0.191360 0.167767 -0.090791 0.103901 0.667651 -2.537081 3.062102 7.212728
0.113000 0.670977 -0.191255 0.168438 -0.093340 0.106983 0.674842 -2.559545 3.101364 7.168474
0.114000 0.670883 -0.191146 0.169116 -0.095910 0.110104 0.681988 -2.581566 3.140313 7.122533
0.115000 0.670785 -0.191035 0.169802 -0.098503 0.113264 0.689087 -2.603122 3.178905 7.074763
0.116000 0.670686 -0.190920 0.170495 -0.101117 0.116462 0.696137 -2.624227 3.217112 7.025178
0.117000 0.670583 -0.190802 0.171194 -0.103751 0.119698 0.703137 -2.644923 3.254933 6.973991
0.118000 0.670478 -0.190680 0.171901 -0.106406 0.122971 0.710085 -2.665244 3.292381 6.921394
0.119000 0.670370 -0.190556 0.172614 -0.109082 0.126282 0.716980 -2.685204 3.329494 6.867539
0.120000 0.670260 -0.190428 0.173335 -0.111777 0.129630 0.723821 -2.704807 3.366327 6.812555
0.121000 0.670147 -0.190296 0.174062 -0.114491 0.133015 0.730605 -2.724030 3.402890 6.756375
0.122000 0.670031 -0.190162 0.174796 -0.117225 0.136436 0.737333 -2.742844 3.439146 6.698821
0.123000 0.669912 -0.190024 0.175537 -0.119977 0.139893 0.744003 -2.761270 3.475074 6.639956
0.124000 0.669791 -0.189882 0.176284 -0.122747 0.143386 0.750613 -2.779362 3.510675 6.580044
0.125000 0.669667 -0.189737 0.177038 -0.125536 0.146915 0.757163 -2.797135 3.545924 6.519144
0.126000 0.669540 -0.189588 0.177798 -0.128342 0.150478 0.763651 -2.814562 3.580769 6.457102
0.127000 0.669410 -0.189436 0.178565 -0.131165 0.154076 0.770077 -2.831628 3.615200 6.393941
0.128000 0.669278 -0.189280 0.179338 -0.134005 0.157709 0.776439 -2.848342 3.649238 6.329865
0.129000 0.669142 -0.189120 0.180118 -0.136861 0.161375 0.782737 -2.864687 3.682870 6.264880
0.130000 0.669004 -0.188957 0.180904 -0.139734 0.165074 0.788969 -2.880622 3.716052 6.198786
0.131000 0.668863 -0.188790 0.181696 -0.142623 0.168807 0.795135 -2.896146 3.748786 6.131556
0.132000 0.668719 -0.188620 0.182494 -0.145527 0.172572 0.801232 -2.911292 3.781113 6.063333
0.133000 0.668572 -0.188445 0.183298 -0.148445 0.176369 0.807261 -2.926054 3.813031 5.994084
0.134000 0.668422 -0.188267 0.184109 -0.151379 0.180198 0.813220 -2.940393 3.844504 5.923627
0.135000 0.668269 -0.188085 0.184925 -0.154326 0.184058 0.819108 -2.954297 3.875545 5.852033
0.136000 0.668113 -0.187899 0.185747 -0.157287 0.187949 0.824924 -2.967788 3.906217 5.779594
0.137000 0.667954 -0.187709 0.186575 -0.160262 0.191871 0.830668 -2.980852 3.936525 5.706376
0.138000 0.667793 -0.187515 0.187408 -0.163249 0.195822 0.836337 -2.993445 3.966419 5.632194
0.139000 0.667628 -0.187317 0.188247 -0.166249 0.199803 0.841932 -3.005572 3.995873 5.557029
0.140000 0.667460 -0.187115 0.189092 -0.169260 0.203814 0.847451 -3.017277 4.024899 5.481048
0.141000 0.667289 -0.186910 0.189942 -0.172283 0.207853 0.852894 -3.028559 4.053467 5.404219
0.142000 0.667115 -0.186700 0.190798 -0.175317 0.211921 0.858260 -3.039373 4.081520 5.326303
0.143000 0.666939 -0.186486 0.191659 -0.178362 0.216016 0.863547 -3.049715 4.109066 5.247255
0.144000 0.666759 -0.186268 0.192525 -0.181417 0.220139 0.868754 -3.059615 4.136170 5.167223
0.145000 0.666576 -0.186045 0.193396 -0.184481 0.224289 0.873881 -3.069063 4.162836 5.086159
0.146000 0.666390 -0.185819 0.194273 -0.187555 0.228465 0.878927 -3.078014 4.189010 5.003857
0.147000 0.666201 -0.185588 0.195154 -0.190637 0.232667 0.883889 -3.086475 4.214691 4.920379
0.148000 0.666008 -0.185354 0.196041 -0.193728 0.236894 0.888767 -3.094499 4.239925 4.836022
0.149000 0.665813 -0.185115 0.196932 -0.196826 0.241146 0.893561 -3.102091 4.264700 4.750842
0.150000 0.665615 -0.184871 0.197828 -0.199932 0.245423 0.898269 -3.109214 4.288948 4.664646
0.151000 0.665413 -0.184624 0.198728 -0.203045 0.249724 0.902890 -3.115889 4.312647 4.577433
0.152000 0.665209 -0.184372 0.199633 -0.206164 0.254049 0.907424 -3.122206 4.335847 4.489466
0.153000 0.665001 -0.184116 0.200543 -0.209289 0.258396 0.911869 -3.128239 4.358606 4.400995
0.154000 0.664790 -0.183855 0.201457 -0.212420 0.262766 0.916226 -3.134047 4.381012 4.312251
0.155000 0.664576 -0.183590 0.202376 -0.215557 0.267158 0.920494 -3.139674 4.403164 4.223450
0.156000 0.664359 -0.183321 0.203298 -0.218700 0.271572 0.924673 -3.145107 4.425077 4.134548
0.157000 0.664139 -0.183047 0.204225 -0.221847 0.276008 0.928763 -3.150296 4.446692 4.045319
0.158000 0.663915 -0.182769 0.205156 -0.225000 0.280466 0.932763 -3.155269 4.468014 3.955804
0.159000 0.663689 -0.182486 0.206090 -0.228158 0.284944 0.936674 -3.160114 4.489112 3.866286
0.160000 0.663459 -0.182199 0.207029 -0.231320 0.289444 0.940496 -3.164853 4.509982 3.776805
0.161000 0.663226 -0.181907 0.207971 -0.234488 0.293964 0.944228 -3.169436 4.530548 3.687150
0.162000 0.662990 -0.181611 0.208918 -0.237659 0.298505 0.947870 -3.173855 4.550797 3.597328
0.163000 0.662751 -0.181310 0.209867 -0.240835 0.303066 0.951423 -3.178152 4.570782 3.507574
0.164000 0.662508 -0.181005 0.210820 -0.244016 0.307647 0.954885 -3.182313 4.590484 3.417885
0.165000 0.662263 -0.180695 0.211777 -0.247200 0.312247 0.958258 -3.186275 4.609830 3.328015
0.166000 0.662014 -0.180380 0.212737 -0.250388 0.316866 0.961541 -3.190042 4.628840 3.237932
0.167000 0.661762 -0.180061 0.213700 -0.253580 0.321504 0.964734 -3.193678 4.647618 3.147822
0.168000 0.661507 -0.179737 0.214666 -0.256775 0.326161 0.967837 -3.197183 4.666175 3.057649
0.169000 0.661248 -0.179409 0.215636 -0.259974 0.330837 0.970850 -3.200503 4.684431 2.967175
0.170000 0.660987 -0.179076 0.216608 -0.263176 0.335530 0.973771 -3.203656 4.702367 2.876430
0.171000 0.660722 -0.178738 0.217583 -0.266382 0.340242 0.976602 -3.206727 4.720031 2.785689
0.172000 0.660454 -0.178395 0.218561 -0.269590 0.344970 0.979343 -3.209730 4.737396 2.694978
0.173000 0.660183 -0.178048 0.219542 -0.272801 0.349716 0.981992 -3.212608 4.754360 2.604057
0.174000 0.659909 -0.177696 0.220525 -0.276015 0.354479 0.984551 -3.215367 4.770912 2.512899
0.175000 0.659631 -0.177339 0.221511 -0.279232 0.359258 0.987018 -3.218082 4.787115 2.421702
0.176000 0.659350 -0.176977 0.222499 -0.282451 0.364053 0.989394 -3.220752 4.802952 2.330429
0.177000 0.659066 -0.176611 0.223490 -0.285673 0.368864 0.991679 -3.223309 4.818336 2.238810
0.178000 0.658779 -0.176240 0.224483 -0.288898 0.373690 0.993872 -3.225747 4.833287 2.146806
0.179000 0.658488 -0.175863 0.225478 -0.292125 0.378531 0.995973 -3.228127 4.847919 2.054605
0.180000 0.658194 -0.175482 0.226475 -0.295354 0.383386 0.997981 -3.230436 4.862244 1.962164
0.181000 0.657897 -0.175097 0.227474 -0.298586 0.388255 0.999897 -3.232593 4.876167 1.869226
0.182000 0.657597 -0.174706 0.228474 -0.301819 0.393138 1.001720 -3.234580 4.889667 1.775794
0.183000 0.657294 -0.174310 0.229477 -0.305055 0.398034 1.003449 -3.236444 4.902804 1.682117
0.184000 0.656987 -0.173910 0.230481 -0.308292 0.402944 1.005084 -3.238164 4.915550 1.588195
0.185000 0.656677 -0.173505 0.231487 -0.311531 0.407866 1.006625 -3.239655 4.927788 1.493786
0.186000 0.656364 -0.173094 0.232495 -0.314772 0.412799 1.008071 -3.240912 4.939503 1.398887
0.187000 0.656048 -0.172679 0.233503 -0.318013 0.417745 1.009423 -3.242024 4.950797 1.303801
0.188000 0.655728 -0.172259 0.234513 -0.321256 0.422701 1.010679 -3.243086 4.961786 1.208818
0.189000 0.655405 -0.171834 0.235525 -0.324499 0.427668 1.011840 -3.244204 4.972611 1.114215
0.190000 0.655079 -0.171403 0.236537 -0.327744 0.432646 1.012907 -3.245491 4.983425 1.020256
0.191000 0.654750 -0.170968 0.237550 -0.330990 0.437635 1.013881 -3.246956 4.994242 0.926910
0.192000 0.654417 -0.170528 0.238565 -0.334238 0.442635 1.014761 -3.248522 5.004955 0.833925
0.193000 0.654081 -0.170083 0.239580 -0.337487 0.447645 1.015549 -3.250191 5.015544 0.741314
0.194000 0.653742 -0.169633 0.240596 -0.340738 0.452666 1.016244 -3.252044 5.026086 0.649346
0.195000 0.653400 -0.169178 0.241612 -0.343991 0.457697 1.016847 -3.254076 5.036550 0.558035
0.196000 0.653054 -0.168717 0.242630 -0.347246 0.462739 1.017360 -3.256199 5.046798 0.467135
0.197000 0.652705 -0.168252 0.243647 -0.350504 0.467791 1.017782 -3.258402 5.056790 0.376636
0.198000 0.652353 -0.167782 0.244665 -0.353763 0.472852 1.018113 -3.260753 5.066582 0.286770
0.199000 0.651998 -0.167306 0.245683 -0.357025 0.477924 1.018355 -3.263236 5.076129 0.197522
0.200000 0.651639 -0.166826 0.246702 -0.360290 0.483005 1.018508 -3.265749 5.085304 0.108624
0.201000 0.651277 -0.166340 0.247720 -0.363557 0.488094 1.018572 -3.268269 5.094123 0.020036
0.202000 0.650912 -0.165850 0.248739 -0.366826 0.493193 1.018548 -3.270850 5.102725 -0.068043
0.203000 0.650544 -0.165354 0.249758 -0.370098 0.498300 1.018436 -3.273466 5.111121 -0.155653
0.204000 0.650172 -0.164853 0.250776 -0.373373 0.503415 1.018237 -3.276011 5.119194 -0.243062
0.205000 0.649797 -0.164347 0.251794 -0.376650 0.508538 1.017950 -3.278476 5.126947 -0.330286
0.206000 0.649418 -0.163836 0.252812 -0.379930 0.513669 1.017576 -3.280936 5.134499 -0.417093
0.207000 0.649037 -0.163320 0.253829 -0.383212 0.518807 1.017116 -3.283378 5.141837 -0.503495
0.208000 0.648652 -0.162798 0.254846 -0.386497 0.523953 1.016569 -3.285706 5.148818 -0.589750
0.209000 0.648264 -0.162272 0.255862 -0.389784 0.529105 1.015937 -3.287924 5.155396 -0.675871
0.210000 0.647873 -0.161740 0.256878 -0.393073 0.534264 1.015218 -3.290129 5.161637 -0.761623
0.211000 0.647478 -0.161203 0.257893 -0.396364 0.539428 1.014413 -3.292321 5.167489 -0.847019
0.212000 0.647080 -0.160661 0.258907 -0.399657 0.544598 1.013524 -3.294401 5.172808 -0.932324
0.213000 0.646678 -0.160114 0.259920 -0.402953 0.549774 1.012549 -3.296361 5.177603 -1.017572
0.214000 0.646274 -0.159562 0.260932 -0.406250 0.554954 1.011489 -3.298287 5.182021 -1.102561
0.215000 0.645866 -0.159004 0.261943 -0.409549 0.560138 1.010344 -3.300165 5.186068 -1.187324
0.216000 0.645455 -0.158442 0.262953 -0.412850 0.565326 1.009114 -3.301894 5.189608 -1.272121
0.217000 0.645040 -0.157874 0.263961 -0.416153 0.570517 1.007799 -3.303480 5.192636 -1.356960
0.218000 0.644622 -0.157301 0.264968 -0.419457 0.575711 1.006400 -3.305030 5.195280 -1.441597
0.219000 0.644201 -0.156722 0.265974 -0.422763 0.580908 1.004916 -3.306541 5.197521 -1.526039
0.220000 0.643777 -0.156139 0.266978 -0.426070 0.586106 1.003348 -3.307900 5.199184 -1.610540
0.221000 0.643349 -0.155550 0.267980 -0.429379 0.591306 1.001695 -3.309076 5.200192 -1.695126
0.222000 0.642918 -0.154956 0.268981 -0.432689 0.596507 0.999958 -3.310154 5.200622 -1.779525
0.223000 0.642484 -0.154357 0.269980 -0.435999 0.601707 0.998136 -3.311236 5.200576 -1.863463
0.224000 0.642046 -0.153753 0.270978 -0.439311 0.606908 0.996231 -3.312447 5.200217 -1.946664
0.225000 0.641605 -0.153143 0.271973 -0.442624 0.612108 0.994243 -3.313930 5.199733 -2.028851
0.226000 0.641161 -0.152529 0.272966 -0.445939 0.617307 0.992173 -3.315688 5.199128 -2.110042
0.227000 0.640713 -0.151909 0.273957 -0.449256 0.622506 0.990023 -3.317616 5.198253 -2.190490
0.228000 0.640262 -0.151283 0.274946 -0.452574 0.627704 0.987792 -3.319713 5.197100 -2.270210
0.229000 0.639808 -0.150653 0.275933 -0.455895 0.632900 0.985482 -3.322082 5.195809 -2.348976
0.230000 0.639351 -0.150018 0.276917 -0.459218 0.638095 0.983094 -3.324715 5.194362 -2.426798
0.231000 0.638890 -0.149377 0.277899 -0.462544 0.643289 0.980629 -3.327482 5.192566 -2.503933
0.232000 0.638426 -0.148731 0.278878 -0.465873 0.648480 0.978086 -3.330343 5.190344 -2.580411
0.233000 0.637958 -0.148080 0.279855 -0.469205 0.653670 0.975468 -3.333357 5.187749 -2.656030
0.234000 0.637487 -0.147424 0.280829 -0.472540 0.658856 0.972774 -3.336478 5.184697 -2.730819
0.235000 0.637013 -0.146762 0.281801 -0.475878 0.664039 0.970006 -3.339576 5.181007 -2.805045
0.236000 0.636535 -0.146096 0.282769 -0.479219 0.669218 0.967164 -3.342645 5.176707 -2.878756
0.237000 0.636054 -0.145424 0.283735 -0.482563 0.674392 0.964249 -3.345799 5.171997 -2.951772
0.238000 0.635570 -0.144747 0.284698 -0.485911 0.679562 0.961261 -3.349032 5.166900 -3.024137
0.239000 0.635083 -0.144065 0.285658 -0.489261 0.684726 0.958200 -3.352217 5.161255 -3.096105
0.240000 0.634592 -0.143377 0.286614 -0.492615 0.689884 0.955068 -3.355342 5.155053 -3.167689
0.241000 0.634097 -0.142685 0.287568 -0.495972 0.695036 0.951865 -3.358507 5.148440 -3.238664
0.242000 0.633600 -0.141987 0.288518 -0.499332 0.700181 0.948591 -3.361693 5.141391 -3.309039
0.243000 0.633099 -0.141285 0.289465 -0.502695 0.705319 0.945247 -3.364760 5.133706 -3.379066
0.244000 0.632594 -0.140577 0.290408 -0.506062 0.710449 0.941833 -3.367684 5.125328 -3.448795
0.245000 0.632087 -0.139864 0.291349 -0.509431 0.715570 0.938349 -3.370550 5.116348 -3.518057
0.246000 0.631576 -0.139146 0.292285 -0.512803 0.720681 0.934797 -3.373327 5.106703 -3.586899
0.247000 0.631061 -0.138422 0.293218 -0.516178 0.725783 0.931175 -3.375875 5.096205 -3.655581
0.248000 0.630543 -0.137694 0.294147 -0.519555 0.730874 0.927486 -3.378180 5.084874 -3.724141
0.249000 0.630022 -0.136961 0.295073 -0.522934 0.735953 0.923727 -3.380348 5.072921 -3.792398
0.250000 0.629497 -0.136222 0.295995 -0.526315 0.741020 0.919901 -3.382365 5.060363 -3.860382
0.251000 0.628969 -0.135479 0.296913 -0.529699 0.746074 0.916006 -3.384095 5.047033 -3.928327
0.252000 0.628438 -0.134730 0.297827 -0.533083 0.751114 0.912044 -3.385539 5.032940 -3.996233
0.253000 0.627903 -0.133976 0.298737 -0.536470 0.756139 0.908014 -3.386825 5.018272 -4.063869
0.254000 0.627365 -0.133218 0.299643 -0.539857 0.761150 0.903916 -3.387946 5.003024 -4.131226
0.255000 0.626823 -0.132454 0.300545 -0.543246 0.766145 0.899752 -3.388756 4.986976 -4.198536
0.256000 0.626278 -0.131685 0.301442 -0.546635 0.771124 0.895519 -3.389218 4.970044 -4.265831
0.257000 0.625730 -0.130912 0.302336 -0.550024 0.776086 0.891220 -3.389413 4.952292 -4.332931
0.258000 0.625178 -0.130133 0.303225 -0.553413 0.781029 0.886853 -3.389297 4.933631 -4.399866
0.259000 0.624623 -0.129350 0.304110 -0.556803 0.785953 0.882420 -3.388712 4.913852 -4.466881
0.260000 0.624065 -0.128561 0.304990 -0.560191 0.790857 0.877920 -3.387630 4.892998 -4.534019
0.261000 0.623503 -0.127768 0.305865 -0.563578 0.795739 0.873352 -3.386187 4.871368 -4.601066
0.262000 0.622938 -0.126970 0.306736 -0.566963 0.800599 0.868718 -3.384523 4.849250 -4.667794
0.263000 0.622369 -0.126167 0.307603 -0.570347 0.805437 0.864016 -3.382792 4.826911 -4.733957
0.264000 0.621797 -0.125359 0.308464 -0.573729 0.810253 0.859250 -3.381152 4.804606 -4.799292
0.265000 0.621222 -0.124546 0.309321 -0.577109 0.815047 0.854418 -3.379588 4.782333 -4.863801
0.266000 0.620643 -0.123729 0.310173 -0.580488 0.819818 0.849522 -3.377949 4.759871 -4.927707
0.267000 0.620061 -0.122907 0.311020 -0.583865 0.824566 0.844562 -3.376213 4.737160 -4.991047
0.268000 0.619475 -0.122080 0.311862 -0.587240 0.829292 0.839540 -3.374494 4.714318 -5.053662
0.269000 0.618886 -0.121248 0.312699 -0.590614 0.833995 0.834455 -3.372765 4.691282 -5.115586
0.270000 0.618294 -0.120412 0.313531 -0.593986 0.838675 0.829309 -3.370859 4.667842 -5.177065
0.271000 0.617698 -0.119571 0.314358 -0.597356 0.843331 0.824101 -3.368744 4.644046 -5.238170
0.272000 0.617099 -0.118725 0.315180 -0.600723 0.847963 0.818832 -3.366518 4.620162 -5.298791
0.273000 0.616497 -0.117875 0.315996 -0.604089 0.852571 0.813503 -3.364146 4.596234 -5.358988
0.274000 0.615891 -0.117020 0.316807 -0.607452 0.857155 0.808114 -3.361469 4.572075 -5.418975
0.275000 0.615282 -0.116161 0.317612 -0.610812 0.861715 0.802666 -3.358491 4.547699 -5.478732
0.276000 0.614669 -0.115297 0.318412 -0.614169 0.866251 0.797157 -3.355366 4.523320 -5.538023
0.277000 0.614053 -0.114428 0.319206 -0.617523 0.870762 0.791589 -3.352094 4.498935 -5.596820
0.278000 0.613434 -0.113555 0.319995 -0.620873 0.875248 0.785963 -3.348513 4.474299 -5.655326
0.279000 0.612812 -0.112678 0.320778 -0.624220 0.879710 0.780279 -3.344592 4.449328 -5.713595
0.280000 0.612186 -0.111796 0.321556 -0.627562 0.884147 0.774536 -3.340439 4.424119 -5.771508
0.281000 0.611557 -0.110909 0.322327 -0.630900 0.888559 0.768736 -3.336016 4.398586 -5.829113
0.282000 0.610924 -0.110018 0.323093 -0.634234 0.892944 0.762878 -3.331149 4.372508 -5.886634
0.283000 0.610288 -0.109123 0.323853 -0.637563 0.897304 0.756963 -3.325818 4.345956 -5.944108
0.284000 0.609649 -0.108224 0.324607 -0.640886 0.901636 0.750990 -3.320152 4.319247 -6.001393
0.285000 0.609006 -0.107320 0.325355 -0.644203 0.905942 0.744960 -3.314126 4.292452 -6.058514
0.286000 0.608360 -0.106412 0.326097 -0.647514 0.910221 0.738873 -3.307574 4.265373 -6.115660
0.287000 0.607711 -0.105500 0.326833 -0.650818 0.914473 0.732728 -3.300491 4.238001 -6.172821
0.288000 0.607059 -0.104583 0.327562 -0.654115 0.918697 0.726527 -3.293026 4.210533 -6.229797
0.289000 0.606403 -0.103662 0.328286 -0.657404 0.922894 0.720269 -3.285167 4.182943 -6.286570
0.290000 0.605744 -0.102737 0.329003 -0.660685 0.927063 0.713954 -3.276745 4.154954 -6.343324
0.291000 0.605082 -0.101808 0.329714 -0.663958 0.931204 0.707582 -3.267744 4.126459 -6.400101
0.292000 0.604416 -0.100875 0.330418 -0.667221 0.935316 0.701154 -3.258301 4.097539 -6.456777
0.293000 0.603747 -0.099937 0.331116 -0.670474 0.939399 0.694669 -3.248391 4.068084 -6.513389
0.294000 0.603075 -0.098996 0.331807 -0.673718 0.943452 0.688127 -3.237833 4.037845 -6.570135
0.295000 0.602400 -0.098051 0.332492 -0.676950 0.947475 0.681528 -3.226596 4.006870 -6.627064
0.296000 0.601721 -0.097101 0.333170 -0.680171 0.951466 0.674873 -3.214806 3.975462 -6.684060
0.297000 0.601039 -0.096148 0.333842 -0.683380 0.955425 0.668160 -3.202426 3.943672 -6.741156
0.298000 0.600355 -0.095190 0.334507 -0.686576 0.959353 0.661390 -3.189273 3.911284 -6.798515
0.299000 0.599666 -0.094229 0.335165 -0.689758 0.963248 0.654563 -3.175330 3.878294 -6.856110
0.300000 0.598975 -0.093264 0.335816 -0.692926 0.967110 0.647678 -3.160742 3.844920 -6.913731
0.301000 0.598280 -0.092295 0.336460 -0.696080 0.970938 0.640736 -3.145488 3.811139 -6.971342
0.302000 0.597583 -0.091322 0.337097 -0.699217 0.974732 0.633736 -3.129380 3.776660 -7.029099
0.303000 0.596882 -0.090345 0.337728 -0.702338 0.978491 0.626678 -3.112392 3.741358 -7.087048
0.304000 0.596178 -0.089365 0.338351 -0.705442 0.982215 0.619561 -3.094699 3.705366 -7.145051
0.305000 0.595471 -0.088381 0.338967 -0.708528 0.985902 0.612387 -3.076481 3.668879 -7.202966
0.306000 0.594761 -0.087393 0.339576 -0.711595 0.989552 0.605156 -3.057933 3.632214 -7.260646
0.307000 0.594048 -0.086402 0.340177 -0.714644 0.993166 0.597866 -3.039251 3.595751 -7.317932
0.308000 0.593332 -0.085407 0.340771 -0.717674 0.996744 0.590520 -3.020424 3.559554 -7.374839
0.309000 0.592613 -0.084408 0.341358 -0.720684 1.000285 0.583116 -3.001272 3.523408 -7.431507
0.310000 0.591890 -0.083406 0.341938 -0.723676 1.003791 0.575657 -2.981800 3.487323 -7.487911
0.311000 0.591165 -0.082401 0.342509 -0.726648 1.007260 0.568141 -2.962189 3.451545 -7.543868
0.312000 0.590437 -0.081392 0.343074 -0.729600 1.010694 0.560569 -2.942437 3.416063 -7.599344
0.313000 0.589706 -0.080379 0.343631 -0.732533 1.014092 0.552942 -2.922354 3.380568 -7.654480
0.314000 0.588972 -0.079363 0.344180 -0.735445 1.017455 0.545260 -2.901910 3.344899 -7.709323
0.315000 0.588235 -0.078344 0.344721 -0.738337 1.020782 0.537523 -2.881240 3.309085 -7.763797
0.316000 0.587495 -0.077322 0.345255 -0.741208 1.024073 0.529732 -2.860304 3.272967 -7.817939
0.317000 0.586753 -0.076296 0.345781 -0.744057 1.027328 0.521887 -2.838893 3.236261 -7.871902
0.318000 0.586007 -0.075267 0.346298 -0.746885 1.030546 0.513989 -2.816963 3.199040 -7.925709
0.319000 0.585259 -0.074235 0.346809 -0.749691 1.033726 0.506036 -2.794636 3.161660 -7.979253
0.320000 0.584508 -0.073200 0.347311 -0.752475 1.036869 0.498030 -2.771866 3.124198 -8.032540
0.321000 0.583754 -0.072161 0.347805 -0.755235 1.039974 0.489971 -2.748452 3.086430 -8.085682
0.322000 0.582997 -0.071120 0.348291 -0.757972 1.043042 0.481859 -2.724391 3.048355 -8.138645
0.323000 0.582238 -0.070075 0.348768 -0.760684 1.046071 0.473694 -2.699862 3.010217 -8.191257
0.324000 0.581476 -0.069028 0.349238 -0.763371 1.049062 0.465476 -2.674859 2.971995 -8.243473
0.325000 0.580711 -0.067977 0.349699 -0.766034 1.052015 0.457207 -2.649192 2.933372 -8.295404
0.326000 0.579944 -0.066924 0.350152 -0.768670 1.054929 0.448885 -2.622849 2.894203 -8.347085
0.327000 0.579174 -0.065867 0.350597 -0.771279 1.057804 0.440513 -2.596001 2.854549 -8.398449
0.328000 0.578401 -0.064808 0.351033 -0.773862 1.060638 0.432088 -2.568630 2.814268 -8.449519
0.329000 0.577626 -0.063746 0.351461 -0.776417 1.063432 0.423613 -2.540536 2.773083 -8.500417
0.330000 0.576849 -0.062681 0.351881 -0.778943 1.066184 0.415088 -2.511697 2.731083 -8.551149
0.331000 0.576068 -0.061614 0.352291 -0.781440 1.068894 0.406511 -2.482272 2.688658 -8.601616
0.332000 0.575286 -0.060543 0.352694 -0.783907 1.071562 0.397884 -2.452239 2.645906 -8.651805
0.333000 0.574501 -0.059471 0.353087 -0.786344 1.074186 0.389208 -2.421394 2.602610 -8.701782
0.334000 0.573713 -0.058395 0.353472 -0.788750 1.076767 0.380481 -2.389733 2.558789 -8.751473
0.335000 0.572923 -0.057317 0.353848 -0.791124 1.079304 0.371705 -2.357439 2.514721 -8.800674
0.336000 0.572131 -0.056236 0.354215 -0.793465 1.081796 0.362880 -2.324503 2.470404 -8.849300
0.337000 0.571336 -0.055153 0.354574 -0.795773 1.084244 0.354006 -2.290713 2.425510 -8.897423
0.338000 0.570539 -0.054068 0.354923 -0.798046 1.086647 0.345085 -2.256031 2.379865 -8.945084
0.339000 0.569740 -0.052980 0.355264 -0.800285 1.089004 0.336116 -2.220599 2.333500 -8.992248
0.340000 0.568939 -0.051890 0.355596 -0.802488 1.091314 0.327100 -2.184372 2.286244 -9.038947
0.341000 0.568135 -0.050798 0.355918 -0.804654 1.093577 0.318038 -2.147132 2.237810 -9.085270
0.342000 0.567329 -0.049703 0.356232 -0.806782 1.095790 0.308930 -2.108856 2.188311 -9.131206
0.343000 0.566522 -0.048606 0.356536 -0.808871 1.097953 0.299776 -2.069757 2.138242 -9.176633
0.344000 0.565712 -0.047507 0.356831 -0.810921 1.100066 0.290576 -2.030060 2.088064 -9.221418
0.345000 0.564900 -0.046406 0.357117 -0.812931 1.102129 0.281333 -1.989999 2.038176 -9.265422
0.346000 0.564086 -0.045303 0.357394 -0.814901 1.104143 0.272046 -1.949817 1.988938 -9.308494
0.347000 0.563270 -0.044198 0.357661 -0.816831 1.106107 0.262716 -1.909509 1.940350 -9.350583
0.348000 0.562452 -0.043090 0.357919 -0.818720 1.108023 0.253344 -1.868872 1.892069 -9.391735
0.349000 0.561632 -0.041981 0.358168 -0.820569 1.109891 0.243932 -1.827897 1.843899 -9.431951
0.350000 0.560811 -0.040871 0.358407 -0.822376 1.111711 0.234480 -1.786771 1.795849 -9.471168
0.351000 0.559988 -0.039758 0.358637 -0.824142 1.113483 0.224990 -1.745481 1.747727 -9.509375
0.352000 0.559163 -0.038644 0.358857 -0.825867 1.115207 0.215462 -1.703806 1.699235 -9.546624
0.353000 0.558336 -0.037528 0.359068 -0.827550 1.116882 0.205897 -1.661705 1.650489 -9.582909
0.354000 0.557508 -0.036410 0.359269 -0.829191 1.118508 0.196296 -1.619324 1.601931 -9.618164
0.355000 0.556678 -0.035291 0.359461 -0.830789 1.120085 0.186660 -1.576624 1.553690 -9.652367
0.356000 0.555846 -0.034170 0.359642 -0.832344 1.121615 0.176991 -1.533396 1.505562 -9.685541
0.357000 0.555013 -0.033047 0.359814 -0.833855 1.123097 0.167289 -1.489668 1.457603 -9.717647
0.358000 0.554178 -0.031924 0.359977 -0.835323 1.124530 0.157556 -1.445683 1.410147 -9.748581
0.359000 0.553342 -0.030798 0.360130 -0.836747 1.125917 0.147792 -1.401466 1.363223 -9.778288
0.360000 0.552505 -0.029672 0.360273 -0.838126 1.127257 0.137999 -1.356815 1.316490 -9.806785
0.361000 0.551666 -0.028544 0.360406 -0.839460 1.128550 0.128179 -1.311705 1.269737 -9.834070
0.362000 0.550826 -0.027415 0.360529 -0.840750 1.129796 0.118331 -1.266306 1.222952 -9.860102
0.363000 0.549984 -0.026284 0.360642 -0.841993 1.130996 0.108458 -1.220586 1.175930 -9.884866
0.364000 0.549142 -0.025153 0.360746 -0.843191 1.132148 0.098561 -1.174317 1.128364 -9.908369
0.365000 0.548298 -0.024020 0.360839 -0.844342 1.133253 0.088642 -1.127468 1.080379 -9.930577
0.366000 0.547453 -0.022886 0.360923 -0.845446 1.134309 0.078700 -1.080201 1.032434 -9.951410
0.367000 0.546607 -0.021751 0.360997 -0.846502 1.135317 0.068739 -1.032485 0.984669 -9.970818
0.368000 0.545760 -0.020615 0.361061 -0.847511 1.136278 0.058759 -0.984108 0.936875 -9.988792
0.369000 0.544912 -0.019479 0.361114 -0.848470 1.137191 0.048761 -0.935084 0.889095 -10.005307
0.370000 0.544063 -0.018341 0.361158 -0.849381 1.138056 0.038748 -0.885639 0.841647 -10.020315
0.371000 0.543213 -0.017203 0.361192 -0.850242 1.138874 0.028721 -0.835789 0.794548 -10.033782
0.372000 0.542363 -0.016063 0.361216 -0.851052 1.139645 0.018680 -0.785328 0.747432 -10.045710
0.373000 0.541511 -0.014923 0.361229 -0.851812 1.140369 0.008629 -0.734243 0.700051 -10.056116
0.374000 0.540659 -0.013783 0.361233 -0.852521 1.141046 -0.001432 -0.682724 0.652347 -10.065015
0.375000 0.539806 -0.012641 0.361226 -0.853178 1.141674 -0.011501 -0.630757 0.604079 -10.072408
0.376000 0.538953 -0.011499 0.361210 -0.853782 1.142254 -0.021577 -0.578111 0.554931 -10.078278
0.377000 0.538099 -0.010357 0.361183 -0.854334 1.142784 -0.031657 -0.524745 0.505040 -10.082585
0.378000 0.537244 -0.009214 0.361146 -0.854832 1.143264 -0.041742 -0.470812 0.454891 -10.085268
0.379000 0.536389 -0.008070 0.361100 -0.855276 1.143694 -0.051828 -0.416272 0.404639 -10.086269
0.380000 0.535534 -0.006926 0.361043 -0.855664 1.144073 -0.061914 -0.360904 0.354079 -10.085554
0.381000 0.534678 -0.005782 0.360976 -0.855997 1.144402 -0.071999 -0.304713 0.303244 -10.083116
0.382000 0.533822 -0.004638 0.360899 -0.856274 1.144680 -0.082081 -0.247971 0.252504 -10.078965
0.383000 0.532965 -0.003493 0.360812 -0.856493 1.144907 -0.092157 -0.190951 0.202138 -10.073116
0.384000 0.532109 -0.002348 0.360714 -0.856656 1.145084 -0.102227 -0.133925 0.152277 -10.065609
0.385000 0.531252 -0.001203 0.360607 -0.856761 1.145211 -0.112288 -0.077164 0.102963 -10.056487
0.386000 0.530395 -0.000057 0.360490 -0.856810 1.145290 -0.122340 -0.020673 0.053975 -10.045754
0.387000 0.529538 0.001088 0.360363 -0.856802 1.145319 -0.132380 0.035772 0.004991 -10.033366
0.388000 0.528681 0.002233 0.360225 -0.856738 1.145300 -0.142406 0.092212 -0.043877 -10.019282
0.389000 0.527825 0.003379 0.360078 -0.856618 1.145232 -0.152418 0.148498 -0.092182 -10.003471
0.390000 0.526968 0.004524 0.359920 -0.856441 1.145115 -0.162413 0.204670 -0.139795 -9.985878
0.391000 0.526112 0.005669 0.359753 -0.856209 1.144952 -0.172390 0.260941 -0.186936 -9.966462
0.392000 0.525256 0.006814 0.359576 -0.855920 1.144742 -0.182346 0.317280 -0.233570 -9.945269
0.393000 0.524400 0.007958 0.359388 -0.855574 1.144485 -0.192281 0.373434 -0.279387 -9.922399
0.394000 0.523545 0.009103 0.359191 -0.855173 1.144183 -0.202191 0.429370 -0.324376 -9.897883
0.395000 0.522690 0.010247 0.358984 -0.854715 1.143836 -0.212076 0.485289 -0.368897 -9.871685
0.396000 0.521835 0.011390 0.358767 -0.854202 1.143445 -0.221935 0.541204 -0.413179 -9.843792
0.397000 0.520981 0.012534 0.358540 -0.853633 1.143010 -0.231764 0.596929 -0.457248 -9.814234
0.398000 0.520128 0.013676 0.358303 -0.853008 1.142530 -0.241563 0.652482 -0.501325 -9.782979
0.399000 0.519275 0.014819 0.358057 -0.852328 1.142007 -0.251330 0.708092 -0.545726 -9.749952
0.400000 0.518423 0.015960 0.357801 -0.851592 1.141439 -0.261063 0.763799 -0.590339 -9.715128
0.401000 0.517572 0.017102 0.357535 -0.850800 1.140826 -0.270760 0.819449 -0.634712 -9.678528
0.402000 0.516722 0.018242 0.357259 -0.849953 1.140170 -0.280420 0.875079 -0.678715 -9.640120
0.403000 0.515872 0.019382 0.356974 -0.849050 1.139469 -0.290040 0.930906 -0.722572 -9.599850
0.404000 0.515024 0.020521 0.356679 -0.848091 1.138724 -0.299620 0.986917 -0.766270 -9.557785
0.405000 0.514176 0.021659 0.356375 -0.847076 1.137936 -0.309156 1.042886 -0.809526 -9.514078
0.406000 0.513329 0.022797 0.356061 -0.846006 1.137105 -0.318648 1.098799 -0.852348 -9.468786
0.407000 0.512484 0.023934 0.355737 -0.844879 1.136232 -0.328094 1.154857 -0.895089 -9.421857
0.408000 0.511640 0.025069 0.355405 -0.843696 1.135315 -0.337492 1.211066 -0.937946 -9.373305
0.409000 0.510797 0.026204 0.355062 -0.842457 1.134356 -0.346840 1.267231 -0.980904 -9.323212
0.410000 0.509955 0.027338 0.354711 -0.841161 1.133353 -0.356138 1.323358 -1.024154 -9.271570
0.411000 0.509114 0.028471 0.354350 -0.839810 1.132308 -0.365383 1.379665 -1.068014 -9.218271
0.412000 0.508275 0.029603 0.353980 -0.838402 1.131217 -0.374574 1.436182 -1.112411 -9.163263
0.413000 0.507437 0.030733 0.353601 -0.836938 1.130083 -0.383710 1.492741 -1.156951 -9.106562
0.414000 0.506601 0.031863 0.353213 -0.835417 1.128903 -0.392788 1.549366 -1.201546 -9.048109
0.415000 0.505767 0.032991 0.352815 -0.833839 1.127680 -0.401806 1.606273 -1.246430 -8.987833
0.416000 0.504934 0.034118 0.352409 -0.832204 1.126411 -0.410763 1.663459 -1.291581 -8.925849
0.417000 0.504102 0.035244 0.351994 -0.830512 1.125096 -0.419658 1.720666 -1.336648 -8.862435
0.418000 0.503273 0.036368 0.351570 -0.828763 1.123737 -0.428488 1.777634 -1.381347 -8.797834
0.419000 0.502445 0.037491 0.351137 -0.826957 1.122334 -0.437253 1.834101 -1.425514 -8.732234
0.420000 0.501619 0.038613 0.350695 -0.825095 1.120886 -0.445953 1.889801 -1.469051 -8.665790
0.421000 0.500795 0.039733 0.350245 -0.823177 1.119396 -0.454585 1.944728 -1.512138 -8.598502
0.422000 0.499972 0.040852 0.349786 -0.821205 1.117862 -0.463150 1.999094 -1.555091 -8.530238
0.423000 0.499152 0.041969 0.349319 -0.819179 1.116285 -0.471645 2.052934 -1.597848 -8.460936
0.424000 0.498334 0.043084 0.348843 -0.817099 1.114666 -0.480071 2.106097 -1.640035 -8.390614
0.425000 0.497518 0.044198 0.348358 -0.814967 1.113005 -0.488427 2.158616 -1.681574 -8.319206
0.426000 0.496704 0.045310 0.347866 -0.812782 1.111303 -0.496710 2.210706 -1.722693 -8.246616
0.427000 0.495892 0.046421 0.347365 -0.810545 1.109560 -0.504920 2.262372 -1.763359 -8.172976
0.428000 0.495083 0.047530 0.346856 -0.808257 1.107776 -0.513056 2.313420 -1.803258 -8.098579
0.429000 0.494276 0.048636 0.346339 -0.805919 1.105953 -0.521117 2.363849 -1.842373 -8.023547
0.430000 0.493471 0.049741 0.345814 -0.803530 1.104092 -0.529103 2.413843 -1.881037 -7.947806
0.431000 0.492669 0.050845 0.345281 -0.801091 1.102191 -0.537013 2.463371 -1.919442 -7.871367
0.432000 0.491869 0.051946 0.344740 -0.798603 1.100253 -0.544846 2.512197 -1.957575 -7.794357
0.433000 0.491072 0.053045 0.344191 -0.796066 1.098276 -0.552601 2.560289 -1.995621 -7.716762
0.434000 0.490277 0.054142 0.343635 -0.793482 1.096262 -0.560279 2.607841 -2.033897 -7.638415
0.435000 0.489485 0.055238 0.343071 -0.790851 1.094208 -0.567878 2.654891 -2.072349 -7.559238
0.436000 0.488695 0.056331 0.342499 -0.788172 1.092117 -0.575398 2.701290 -2.110614 -7.479260
0.437000 0.487908 0.057422 0.341920 -0.785448 1.089987 -0.582837 2.747076 -2.148621 -7.398401
0.438000 0.487124 0.058511 0.341333 -0.782678 1.087820 -0.590194 2.792463 -2.186608 -7.316535
0.439000 0.486343 0.059597 0.340739 -0.779863 1.085614 -0.597470 2.837481 -2.224570 -7.233783
0.440000 0.485564 0.060682 0.340138 -0.777003 1.083371 -0.604662 2.881974 -2.262240 -7.150450
0.441000 0.484789 0.061764 0.339530 -0.774099 1.081090 -0.611771 2.925964 -2.299627 -7.066649
0.442000 0.484016 0.062844 0.338915 -0.771151 1.078771 -0.618795 2.969647 -2.337061 -6.982279
0.443000 0.483247 0.063922 0.338292 -0.768160 1.076415 -0.625735 3.013015 -2.374712 -6.897344
0.444000 0.482480 0.064997 0.337663 -0.765125 1.074022 -0.632590 3.055867 -2.412543 -6.811986
0.445000 0.481716 0.066070 0.337027 -0.762048 1.071590 -0.639359 3.098191 -2.450715 -6.726188
0.446000 0.480956 0.067140 0.336385 -0.758929 1.069120 -0.646042 3.140169 -2.489531 -6.639756
0.447000 0.480198 0.068208 0.335735 -0.755768 1.066611 -0.652639 3.181807 -2.528932 -6.552614
0.448000 0.479444 0.069273 0.335079 -0.752565 1.064063 -0.659148 3.222924 -2.568567 -6.464806
0.449000 0.478693 0.070336 0.334417 -0.749322 1.061474 -0.665568 3.263526 -2.608362 -6.376254
0.450000 0.477946 0.071396 0.333748 -0.746038 1.058846 -0.671900 3.303812 -2.648537 -6.286812
0.451000 0.477201 0.072454 0.333073 -0.742714 1.056177 -0.678142 3.343830 -2.689060 -6.196601
0.452000 0.476460 0.073509 0.332392 -0.739351 1.053468 -0.684293 3.383454 -2.729638 -6.105949
0.453000 0.475723 0.074561 0.331704 -0.735948 1.050718 -0.690354 3.422724 -2.770248 -6.014973
0.454000 0.474988 0.075610 0.331011 -0.732505 1.047927 -0.696323 3.461828 -2.811192 -5.923543
0.455000 0.474258 0.076657 0.330312 -0.729024 1.045095 -0.702201 3.500751 -2.852611 -5.831644
0.456000 0.473530 0.077700 0.329607 -0.725504 1.042222 -0.707987 3.539243 -2.894368 -5.739450
0.457000 0.472807 0.078741 0.328896 -0.721945 1.039307 -0.713680 3.577058 -2.936258 -5.647108
0.458000 0.472086 0.079779 0.328179 -0.718350 1.036349 -0.719281 3.613965 -2.977948 -5.554733
0.459000 0.471370 0.080814 0.327457 -0.714717 1.033351 -0.724789 3.649735 -3.019035 -5.462413
0.460000 0.470657 0.081846 0.326730 -0.711050 1.030311 -0.730206 3.684365 -3.059444 -5.370061
0.461000 0.469948 0.082874 0.325997 -0.707349 1.027232 -0.735529 3.718049 -3.099384 -5.277506
0.462000 0.469242 0.083900 0.325259 -0.703614 1.024113 -0.740761 3.750849 -3.138822 -5.184863
0.463000 0.468541 0.084923 0.324515 -0.699847 1.020954 -0.745899 3.782670 -3.177465 -5.092466
0.464000 0.467843 0.085942 0.323767 -0.696049 1.017758 -0.750946 3.813565 -3.215288 -5.000427
0.465000 0.467148 0.086958 0.323013 -0.692220 1.014524 -0.755900 3.843714 -3.252581 -4.908607
0.466000 0.466458 0.087971 0.322255 -0.688361 1.011253 -0.760763 3.873093 -3.289479 -4.817015
0.467000 0.465772 0.088981 0.321492 -0.684474 1.007945 -0.765534 3.901490 -3.325915 -4.725828
0.468000 0.465089 0.089987 0.320724 -0.680558 1.004601 -0.770214 3.928870 -3.362021 -4.635031
0.469000 0.464411 0.090990 0.319951 -0.676616 1.001221 -0.774804 3.955401 -3.398083 -4.544385
0.470000 0.463736 0.091989 0.319174 -0.672648 0.997805 -0.779303 3.981112 -3.434082 -4.453770
0.471000 0.463065 0.092985 0.318393 -0.668654 0.994353 -0.783712 4.005880 -3.469736 -4.363210
0.472000 0.462399 0.093978 0.317607 -0.664636 0.990865 -0.788030 4.029733 -3.505007 -4.272588
0.473000 0.461736 0.094967 0.316817 -0.660594 0.987342 -0.792257 4.052863 -3.540110 -4.181719
0.474000 0.461077 0.095953 0.316022 -0.656530 0.983785 -0.796393 4.075316 -3.575002 -4.090739
0.475000 0.460423 0.096935 0.315224 -0.652444 0.980192 -0.800438 4.096985 -3.609385 -4.000030
0.476000 0.459773 0.097913 0.314422 -0.648336 0.976566 -0.804393 4.117907 -3.643220 -3.909728
0.477000 0.459126 0.098888 0.313615 -0.644208 0.972906 -0.808258 4.138245 -3.676768 -3.819684
0.478000 0.458484 0.099859 0.312805 -0.640060 0.969213 -0.812032 4.157981 -3.710125 -3.729883
0.479000 0.457846 0.100826 0.311991 -0.635892 0.965486 -0.815718 4.176926 -3.743183 -3.640489
0.480000 0.457212 0.101790 0.311174 -0.631706 0.961726 -0.819313 4.195051 -3.776034 -3.551462
0.481000 0.456583 0.102750 0.310353 -0.627502 0.957934 -0.822820 4.212505 -3.808934 -3.462536
0.482000 0.455957 0.103706 0.309528 -0.623281 0.954108 -0.826239 4.229301 -3.841847 -3.373572
0.483000 0.455336 0.104658 0.308700 -0.619043 0.950250 -0.829568 4.245299 -3.874481 -3.284580
0.484000 0.454719 0.105606 0.307869 -0.614790 0.946359 -0.832808 4.260510 -3.906788 -3.195427
0.485000 0.454107 0.106551 0.307034 -0.610522 0.942436 -0.835958 4.275107 -3.938966 -3.105903
0.486000 0.453498 0.107491 0.306197 -0.606240 0.938481 -0.839020 4.289140 -3.970984 -3.016129
0.487000 0.452894 0.108428 0.305356 -0.601944 0.934494 -0.841991 4.302521 -4.002567 -2.926477
0.488000 0.452294 0.109360 0.304513 -0.597635 0.930476 -0.844872 4.315291 -4.033684 -2.837071
0.489000 0.451699 0.110289 0.303667 -0.593313 0.926427 -0.847665 4.327607 -4.064569 -2.747740
0.490000 0.451108 0.111213 0.302818 -0.588980 0.922347 -0.850368 4.339454 -4.095279 -2.658460
0.491000 0.450521 0.112133 0.301966 -0.584634 0.918237 -0.852982 4.350661 -4.125659 -2.569388
0.492000 0.449938 0.113050 0.301112 -0.580278 0.914096 -0.855507 4.361203 -4.155763 -2.480478
0.493000 0.449360 0.113962 0.300255 -0.575912 0.909925 -0.857943 4.371209 -4.185839 -2.391459
0.494000 0.448787 0.114869 0.299396 -0.571536 0.905724 -0.860290 4.380670 -4.215910 -2.302207
0.495000 0.448217 0.115773 0.298534 -0.567151 0.901493 -0.862547 4.389432 -4.245771 -2.212771
0.496000 0.447652 0.116672 0.297671 -0.562757 0.897233 -0.864715 4.397484 -4.275433 -2.123035
0.497000 0.447092 0.117567 0.296805 -0.558356 0.892942 -0.866793 4.404990 -4.305120 -2.032789
0.498000 0.446536 0.118458 0.295937 -0.553947 0.888622 -0.868781 4.412027 -4.334834 -1.942153
0.499000 0.445984 0.119345 0.295067 -0.549532 0.884273 -0.870678 4.418524 -4.364301 -1.851554
0.500000 0.445437 0.120227 0.294196 -0.545110 0.879894 -0.872484 4.424383 -4.393255 -1.761369
0.501000 0.444894 0.121104 0.293322 -0.540683 0.875486 -0.874200 4.429453 -4.421438 -1.671880
0.502000 0.444355 0.121978 0.292447 -0.536251 0.871051 -0.875828 4.433554 -4.448598 -1.583318
0.503000 0.443821 0.122847 0.291571 -0.531816 0.866589 -0.877367 4.436670 -4.474745 -1.495639
0.504000 0.443292 0.123711 0.290693 -0.527378 0.862101 -0.878819 4.438923 -4.500115 -1.408560
0.505000 0.442766 0.124571 0.289813 -0.522938 0.857589 -0.880184 4.440311 -4.524758 -1.321940
0.506000 0.442246 0.125426 0.288932 -0.518497 0.853052 -0.881463 4.440699 -4.548526 -1.235804
0.507000 0.441729 0.126277 0.288050 -0.514057 0.848492 -0.882656 4.440085 -4.571462 -1.150018
0.508000 0.441218 0.127123 0.287167 -0.509617 0.843909 -0.883763 4.438626 -4.593794 -1.064356
0.509000 0.440710 0.127965 0.286283 -0.505179 0.839304 -0.884784 4.436406 -4.615532 -0.978918
0.510000 0.440207 0.128802 0.285397 -0.500744 0.834678 -0.885721 4.433408 -4.636476 -0.894067
0.511000 0.439709 0.129634 0.284511 -0.496312 0.830031 -0.886572 4.429710 -4.656626 -0.809908
0.512000 0.439215 0.130462 0.283624 -0.491885 0.825365 -0.887340 4.425450 -4.676182 -0.726251
0.513000 0.438725 0.131285 0.282737 -0.487462 0.820679 -0.888025 4.420599 -4.695133 -0.643057
0.514000 0.438240 0.132103 0.281848 -0.483044 0.815974 -0.888627 4.414989 -4.713263 -0.560483
0.515000 0.437759 0.132917 0.280959 -0.478632 0.811252 -0.889146 4.408579 -4.730559 -0.478472
0.516000 0.437282 0.133726 0.280070 -0.474226 0.806513 -0.889584 4.401471 -4.747243 -0.396739
0.517000 0.436810 0.134530 0.279180 -0.469829 0.801758 -0.889939 4.393663 -4.763390 -0.315159
0.518000 0.436343 0.135329 0.278290 -0.465439 0.796986 -0.890214 4.385037 -4.778899 -0.233780
0.519000 0.435880 0.136124 0.277400 -0.461059 0.792200 -0.890407 4.375594 -4.793839 -0.152483
0.520000 0.435421 0.136914 0.276509 -0.456688 0.787399 -0.890519 4.365479 -4.808434 -0.071033
0.521000 0.434966 0.137699 0.275619 -0.452328 0.782583 -0.890549 4.354778 -4.822696 0.010500
0.522000 0.434516 0.138479 0.274728 -0.447978 0.777753 -0.890498 4.343493 -4.836437 0.091793
0.523000 0.434070 0.139254 0.273838 -0.443641 0.772910 -0.890365 4.331704 -4.849659 0.172771
0.524000 0.433629 0.140025 0.272947 -0.439315 0.768054 -0.890152 4.319549 -4.862556 0.253640
0.525000 0.433192 0.140790 0.272057 -0.435002 0.763185 -0.889858 4.307029 -4.875143 0.334441
0.526000 0.432759 0.141551 0.271168 -0.430701 0.758304 -0.889483 4.294026 -4.887248 0.415022
0.527000 0.432330 0.142307 0.270278 -0.426413 0.753411 -0.889028 4.280528 -4.898884 0.495441
0.528000 0.431906 0.143058 0.269390 -0.422140 0.748506 -0.888493 4.266637 -4.910266 0.575980
0.529000 0.431486 0.143804 0.268501 -0.417880 0.743590 -0.887876 4.252357 -4.921469 0.656769
0.530000 0.431070 0.144545 0.267614 -0.413635 0.738663 -0.887179 4.237586 -4.932404 0.737753
0.531000 0.430659 0.145281 0.266727 -0.409405 0.733725 -0.886401 4.222331 -4.943140 0.819050
0.532000 0.430251 0.146012 0.265841 -0.405190 0.728777 -0.885541 4.206725 -4.953892 0.900892
0.533000 0.429848 0.146739 0.264956 -0.400992 0.723818 -0.884599 4.190861 -4.964697 0.983204
0.534000 0.429449 0.147460 0.264072 -0.396809 0.718847 -0.883574 4.174731 -4.975368 1.065609
0.535000 0.429055 0.148176 0.263189 -0.392642 0.713867 -0.882468 4.158291 -4.985706 1.147769
0.536000 0.428664 0.148888 0.262307 -0.388492 0.708876 -0.881279 4.141432 -4.995491 1.229424
0.537000 0.428278 0.149594 0.261426 -0.384359 0.703876 -0.880009 4.124004 -5.004490 1.310353
0.538000 0.427895 0.150295 0.260547 -0.380244 0.698867 -0.878658 4.105981 -5.012692 1.390604
0.539000 0.427517 0.150992 0.259669 -0.376147 0.693850 -0.877228 4.087449 -5.020290 1.470452
0.540000 0.427143 0.151683 0.258792 -0.372069 0.688826 -0.875717 4.068421 -5.027357 1.550014
0.541000 0.426773 0.152369 0.257918 -0.368010 0.683796 -0.874128 4.048818 -5.033821 1.629225
0.542000 0.426407 0.153051 0.257044 -0.363972 0.678759 -0.872459 4.028653 -5.039748 1.708193
0.543000 0.426045 0.153727 0.256173 -0.359953 0.673716 -0.870711 4.008048 -5.045345 1.787145
0.544000 0.425687 0.154398 0.255303 -0.355955 0.668668 -0.868885 3.987079 -5.050646 1.866019
0.545000 0.425333 0.155064 0.254435 -0.351979 0.663615 -0.866979 3.965756 -5.055524 1.944506
0.546000 0.424983 0.155725 0.253569 -0.348024 0.658557 -0.864996 3.944144 -5.060001 2.022537
0.547000 0.424637 0.156381 0.252705 -0.344091 0.653495 -0.862934 3.922353 -5.064243 2.100312
0.548000 0.424295 0.157032 0.251843 -0.340179 0.648429 -0.860795 3.900369 -5.068236 2.177877
0.549000 0.423957 0.157678 0.250983 -0.336290 0.643358 -0.858578 3.878084 -5.071800 2.255085
0.550000 0.423622 0.158319 0.250126 -0.332423 0.638285 -0.856285 3.855477 -5.074920 2.331991
0.551000 0.423292 0.158955 0.249271 -0.328579 0.633209 -0.853914 3.832631 -5.077783 2.408869
0.552000 0.422965 0.159586 0.248418 -0.324758 0.628129 -0.851467 3.809563 -5.080481 2.485841
0.553000 0.422642 0.160211 0.247568 -0.320960 0.623048 -0.848943 3.786219 -5.082985 2.562853
0.554000 0.422323 0.160832 0.246720 -0.317185 0.617963 -0.846341 3.762621 -5.085383 2.640016
0.555000 0.422008 0.161447 0.245875 -0.313435 0.612877 -0.843663 3.738884 -5.087872 2.717553
0.556000 0.421696 0.162057 0.245033 -0.309708 0.607788 -0.840906 3.715093 -5.090484 2.795403
0.557000 0.421389 0.162663 0.244193 -0.306004 0.602696 -0.838072 3.691282 -5.093101 2.873263
0.558000 0.421084 0.163263 0.243357 -0.302325 0.597601 -0.835160 3.667524 -5.095739 2.951064
0.559000 0.420784 0.163858 0.242523 -0.298669 0.592504 -0.832170 3.643912 -5.098544 3.028999
0.560000 0.420487 0.164448 0.241692 -0.295037 0.587404 -0.829102 3.620420 -5.101501 3.107109
0.561000 0.420194 0.165033 0.240865 -0.291429 0.582301 -0.825956 3.596929 -5.104435 3.185254
0.562000 0.419904 0.165612 0.240040 -0.287843 0.577196 -0.822731 3.573401 -5.107325 3.263480
0.563000 0.419618 0.166187 0.239219 -0.284282 0.572087 -0.819429 3.549895 -5.110329 3.342041
0.564000 0.419336 0.166757 0.238401 -0.280744 0.566975 -0.816047 3.526414 -5.113509 3.421027
0.565000 0.419057 0.167321 0.237587 -0.277229 0.561860 -0.812586 3.502893 -5.116810 3.500351
0.566000 0.418781 0.167880 0.236776 -0.273738 0.556741 -0.809046 3.479338 -5.120290 3.580090
0.567000 0.418509 0.168434 0.235969 -0.270270 0.551619 -0.805426 3.455843 -5.124117 3.660453
0.568000 0.418241 0.168984 0.235165 -0.266826 0.546493 -0.801725 3.432478 -5.128315 3.741393
0.569000 0.417976 0.169527 0.234366 -0.263405 0.541363 -0.797944 3.409268 -5.132774 3.822640
0.570000 0.417714 0.170066 0.233570 -0.260008 0.536227 -0.794080 3.386275 -5.137506 3.904135
0.571000 0.417456 0.170600 0.232777 -0.256633 0.531088 -0.790135 3.363580 -5.142638 3.986065
0.572000 0.417201 0.171128 0.231989 -0.253280 0.525942 -0.786108 3.341169 -5.148148 4.068458
0.573000 0.416949 0.171652 0.231205 -0.249950 0.520791 -0.781998 3.318937 -5.153843 4.151123
0.574000 0.416701 0.172170 0.230425 -0.246643 0.515635 -0.777806 3.296791 -5.159562 4.233881
0.575000 0.416456 0.172683 0.229650 -0.243357 0.510472 -0.773531 3.274668 -5.165197 4.316579
0.576000 0.416214 0.173191 0.228878 -0.240093 0.505304 -0.769173 3.252517 -5.170671 4.399077
0.577000 0.415976 0.173694 0.228111 -0.236852 0.500131 -0.764732 3.230360 -5.176041 4.481441
0.578000 0.415740 0.174191 0.227349 -0.233632 0.494952 -0.760210 3.208287 -5.181461 4.563878
0.579000 0.415508 0.174684 0.226591 -0.230435 0.489768 -0.755605 3.186361 -5.186955 4.646375
0.580000 0.415279 0.175171 0.225838 -0.227260 0.484578 -0.750917 3.164603 -5.192424 4.728719
0.581000 0.415054 0.175653 0.225089 -0.224106 0.479383 -0.746147 3.143070 -5.197879 4.810886
0.582000 0.414831 0.176130 0.224345 -0.220974 0.474182 -0.741295 3.121827 -5.203420 4.893055
0.583000 0.414612 0.176601 0.223606 -0.217862 0.468976 -0.736361 3.100852 -5.209000 4.975240
0.584000 0.414395 0.177067 0.222873 -0.214772 0.463764 -0.731345 3.080053 -5.214432 5.057277
0.585000 0.414182 0.177529 0.222144 -0.211702 0.458547 -0.726247 3.059399 -5.219665 5.139177
0.586000 0.413972 0.177985 0.221420 -0.208653 0.453325 -0.721066 3.038934 -5.224820 5.221128
0.587000 0.413765 0.178435 0.220702 -0.205624 0.448098 -0.715804 3.018671 -5.229980 5.303155
0.588000 0.413561 0.178881 0.219988 -0.202616 0.442865 -0.710460 2.998573 -5.235140 5.385108
0.589000 0.413360 0.179321 0.219281 -0.199627 0.437627 -0.705034 2.978651 -5.240379 5.467001
0.590000 0.413162 0.179756 0.218578 -0.196658 0.432384 -0.699526 2.958981 -5.245839 5.549015
0.591000 0.412966 0.180186 0.217882 -0.193709 0.427136 -0.693936 2.939614 -5.251541 5.631154
0.592000 0.412774 0.180610 0.217191 -0.190779 0.421881 -0.688264 2.920573 -5.257394 5.713248
0.593000 0.412585 0.181030 0.216505 -0.187868 0.416621 -0.682510 2.901902 -5.263397 5.795289
0.594000 0.412398 0.181444 0.215825 -0.184975 0.411354 -0.676673 2.883655 -5.269624 5.877437
0.595000 0.412215 0.181852 0.215152 -0.182101 0.406082 -0.670755 2.865799 -5.275992 5.959673
0.596000 0.412034 0.182256 0.214484 -0.179244 0.400802 -0.664754 2.848243 -5.282290 6.041804
0.597000 0.411856 0.182654 0.213822 -0.176404 0.395517 -0.658671 2.830946 -5.288430 6.123804
0.598000 0.411681 0.183047 0.213167 -0.173582 0.390226 -0.652506 2.813928 -5.294495 6.205828
0.599000 0.411509 0.183434 0.212517 -0.170776 0.384928 -0.646259 2.797169 -5.300531 6.287887
0.600000 0.411340 0.183817 0.211874 -0.167988 0.379625 -0.639931 2.780597 -5.306507 6.369831
0.601000 0.411173 0.184194 0.211237 -0.165215 0.374315 -0.633520 2.764192 -5.312469 6.451662
0.602000 0.411009 0.184565 0.210607 -0.162459 0.369000 -0.627027 2.748005 -5.318527 6.533531
0.603000 0.410848 0.184932 0.209983 -0.159719 0.363678 -0.620453 2.732081 -5.324693 6.615427
0.604000 0.410690 0.185293 0.209366 -0.156995 0.358350 -0.613796 2.716441 -5.330882 6.697176
0.605000 0.410534 0.185648 0.208756 -0.154286 0.353016 -0.607058 2.701127 -5.337089 6.778754
0.606000 0.410381 0.185999 0.208152 -0.151593 0.347676 -0.600239 2.686177 -5.343374 6.860287
0.607000 0.410231 0.186344 0.207555 -0.148914 0.342329 -0.593338 2.671556 -5.349675 6.941736
0.608000 0.410084 0.186683 0.206965 -0.146250 0.336977 -0.586355 2.657163 -5.355800 7.022867
0.609000 0.409939 0.187018 0.206383 -0.143600 0.331618 -0.579292 2.642913 -5.361585 7.103453
0.610000 0.409796 0.187347 0.205807 -0.140964 0.326254 -0.572148 2.628748 -5.366922 7.183292
0.611000 0.409657 0.187670 0.205238 -0.138342 0.320884 -0.564925 2.614626 -5.371732 7.262192
0.612000 0.409520 0.187988 0.204677 -0.135735 0.315510 -0.557624 2.600546 -5.376030 7.340135
0.613000 0.409385 0.188301 0.204123 -0.133141 0.310132 -0.550245 2.586552 -5.379892 7.417228
0.614000 0.409253 0.188609 0.203576 -0.130562 0.304750 -0.542790 2.572663 -5.383297 7.493416
0.615000 0.409124 0.188911 0.203037 -0.127996 0.299365 -0.535258 2.558873 -5.386138 7.568483
0.616000 0.408997 0.189207 0.202506 -0.125444 0.293978 -0.527653 2.545195 -5.388380 7.642359
0.617000 0.408873 0.189499 0.201982 -0.122905 0.288589 -0.519974 2.531651 -5.390046 7.715121
0.618000 0.408752 0.189784 0.201466 -0.120380 0.283198 -0.512222 2.518202 -5.391042 7.786709
0.619000 0.408632 0.190065 0.200958 -0.117869 0.277807 -0.504400 2.504762 -5.391172 7.856912
0.620000 0.408516 0.190340 0.200457 -0.115371 0.272416 -0.496509 2.491287 -5.390336 7.925654
0.621000 0.408402 0.190610 0.199965 -0.112886 0.267026 -0.488549 2.477777 -5.388569 7.993006
0.622000 0.408290 0.190874 0.199480 -0.110415 0.261638 -0.480523 2.464206 -5.385879 8.058903
0.623000 0.408181 0.191133 0.199004 -0.107958 0.256254 -0.472431 2.450514 -5.382218 8.123135
0.624000 0.408074 0.191387 0.198535 -0.105514 0.250874 -0.464276 2.436674 -5.377592 8.185624
0.625000 0.407970 0.191635 0.198075 -0.103085 0.245499 -0.456060 2.422707 -5.372054 8.246417
0.626000 0.407868 0.191878 0.197623 -0.100669 0.240130 -0.447783 2.408632 -5.365576 8.305421
0.627000 0.407769 0.192115 0.197179 -0.098267 0.234768 -0.439449 2.394446 -5.358054 8.362394
0.628000 0.407671 0.192347 0.196744 -0.095880 0.229414 -0.431059 2.380159 -5.349445 8.417228
0.629000 0.407577 0.192574 0.196317 -0.093507 0.224069 -0.422615 2.365786 -5.339751 8.469949
0.630000 0.407484 0.192795 0.195899 -0.091148 0.218734 -0.414119 2.351285 -5.328870 8.520454
0.631000 0.407394 0.193011 0.195489 -0.088804 0.213411 -0.405574 2.336578 -5.316609 8.568505
0.632000 0.407307 0.193222 0.195088 -0.086475 0.208101 -0.396982 2.321617 -5.302862 8.613985
0.633000 0.407222 0.193428 0.194695 -0.084161 0.202805 -0.388346 2.306396 -5.287641 8.656897
0.634000 0.407139 0.193628 0.194311 -0.081863 0.197526 -0.379668 2.290889 -5.270946 8.697108
0.635000 0.407058 0.193823 0.193936 -0.079579 0.192264 -0.370951 2.275039 -5.252734 8.734345
0.636000 0.406979 0.194012 0.193569 -0.077312 0.187020 -0.362199 2.258819 -5.233003 8.768459
0.637000 0.406903 0.194197 0.193211 -0.075062 0.181798 -0.353415 2.242234 -5.211785 8.799430
0.638000 0.406829 0.194376 0.192862 -0.072828 0.176597 -0.344600 2.225275 -5.189045 8.827116
0.639000 0.406758 0.194550 0.192522 -0.070611 0.171419 -0.335760 2.207911 -5.164683 8.851245
0.640000 0.406688 0.194719 0.192191 -0.068412 0.166267 -0.326898 2.190130 -5.138648 8.871659
0.641000 0.406621 0.194882 0.191868 -0.066231 0.161142 -0.318017 2.171928 -5.110910 8.888314
0.642000 0.406556 0.195041 0.191555 -0.064068 0.156046 -0.309121 2.153263 -5.081336 8.901034
0.643000 0.406493 0.195194 0.191250 -0.061925 0.150979 -0.300215 2.134063 -5.049705 8.909514
0.644000 0.406432 0.195343 0.190954 -0.059800 0.145946 -0.291302 2.114281 -5.015879 8.913562
0.645000 0.406373 0.195486 0.190668 -0.057696 0.140948 -0.282388 2.093906 -4.979839 8.913111
0.646000 0.406316 0.195625 0.190390 -0.055612 0.135986 -0.273476 2.072912 -4.941580 8.907974
0.647000 0.406262 0.195758 0.190121 -0.053550 0.131065 -0.264572 2.051251 -4.901066 8.897846
0.648000 0.406209 0.195887 0.189861 -0.051510 0.126184 -0.255680 2.028896 -4.858289 8.882527
0.649000 0.406159 0.196011 0.189609 -0.049492 0.121348 -0.246807 2.005836 -4.813263 8.861935
0.650000 0.406110 0.196130 0.189367 -0.047498 0.116558 -0.237956 1.982039 -4.765947 8.835878
0.651000 0.406064 0.196244 0.189133 -0.045528 0.111816 -0.229135 1.957447 -4.716238 8.804018
0.652000 0.406019 0.196353 0.188909 -0.043583 0.107125 -0.220348 1.931996 -4.664002 8.766004
0.653000 0.405977 0.196458 0.188693 -0.041664 0.102488 -0.211603 1.905624 -4.609054 8.721456
0.654000 0.405936 0.196558 0.188485 -0.039772 0.097907 -0.202906 1.878266 -4.551182 8.669981
0.655000 0.405897 0.196654 0.188287 -0.037908 0.093386 -0.194263 1.849880 -4.490246 8.611323
0.656000 0.405860 0.196745 0.188097 -0.036072 0.088927 -0.185683 1.820453 -4.426207 8.545347
0.657000 0.405825 0.196832 0.187915 -0.034267 0.084533 -0.177172 1.789967 -4.359036 8.471829
0.658000 0.405791 0.196914 0.187743 -0.032492 0.080209 -0.168739 1.758385 -4.288683 8.390434
0.659000 0.405760 0.196992 0.187578 -0.030750 0.075956 -0.160392 1.725688 -4.215118 8.300923
0.660000 0.405730 0.197066 0.187422 -0.029041 0.071778 -0.152137 1.691864 -4.138338 8.203152
0.661000 0.405702 0.197136 0.187274 -0.027366 0.067679 -0.143985 1.656888 -4.058304 8.096863
0.662000 0.405675 0.197201 0.187134 -0.025727 0.063662 -0.135944 1.620720 -3.974948 7.981693
0.663000 0.405650 0.197263 0.187002 -0.024125 0.059729 -0.128022 1.583331 -3.888221 7.857369
0.664000 0.405627 0.197321 0.186878 -0.022561 0.055885 -0.120229 1.544706 -3.798071 7.723714
0.665000 0.405605 0.197375 0.186761 -0.021035 0.052133 -0.112574 1.504812 -3.704368 7.580442
0.666000 0.405585 0.197425 0.186653 -0.019551 0.048477 -0.105068 1.463603 -3.606929 7.427157
0.667000 0.405566 0.197472 0.186551 -0.018108 0.044919 -0.097720 1.421044 -3.505619 7.263557
0.668000 0.405549 0.197515 0.186457 -0.016709 0.041465 -0.090541 1.377113 -3.400393 7.089447
0.669000 0.405533 0.197555 0.186370 -0.015354 0.038119 -0.083541 1.331773 -3.291230 6.904536
0.670000 0.405518 0.197591 0.186290 -0.014045 0.034883 -0.076732 1.284971 -3.178101 6.708433
0.671000 0.405505 0.197624 0.186217 -0.012784 0.031762 -0.070124 1.236669 -3.060985 6.500837
0.672000 0.405492 0.197655 0.186150 -0.011572 0.028761 -0.063730 1.186850 -2.939865 6.281544
0.673000 0.405481 0.197682 0.186089 -0.010410 0.025883 -0.057561 1.135496 -2.814690 6.050264
0.674000 0.405472 0.197706 0.186035 -0.009301 0.023132 -0.051630 1.082585 -2.685384 5.806616
0.675000 0.405463 0.197728 0.185986 -0.008245 0.020512 -0.045948 1.028096 -2.551887 5.550298
0.676000 0.405455 0.197747 0.185943 -0.007245 0.018028 -0.040529 0.972007 -2.414137 5.281093
0.677000 0.405448 0.197764 0.185905 -0.006301 0.015684 -0.035386 0.914275 -2.272023 4.998690
0.678000 0.405443 0.197779 0.185872 -0.005416 0.013484 -0.030532 0.854837 -2.125389 4.702685
0.679000 0.405438 0.197791 0.185844 -0.004592 0.011433 -0.025980 0.793646 -1.974122 4.392755
0.680000 0.405433 0.197802 0.185820 -0.003829 0.009536 -0.021746 0.730677 -1.818171 4.068665
0.681000 0.405430 0.197810 0.185800 -0.003130 0.007796 -0.017843 0.665905 -1.657515 3.730082
0.682000 0.405427 0.197817 0.185784 -0.002497 0.006220 -0.014286 0.599299 -1.492126 3.376587
0.683000 0.405425 0.197823 0.185772 -0.001932 0.004812 -0.011090 0.282767 -0.704123 1.598029
0.684000 0.405423 0.197827 0.185762 -0.001932 0.004812 -0.011090 0.282767 -0.704123 1.598029
