0.000000 0.669332 -0.193335 0.136482 0.020328 -0.022533 0.007562 0.138704 -0.153893 0.913436
0.001000 0.669352 -0.193357 0.136489 0.020328 -0.022533 0.007562 0.138704 -0.153893 0.913436
0.002000 0.669372 -0.193380 0.136497 0.020605 -0.022841 0.009389 0.273312 -0.303460 1.863361
0.003000 0.669393 -0.193403 0.136508 0.020875 -0.023140 0.011289 0.264795 -0.294559 1.936985
0.004000 0.669414 -0.193426 0.136520 0.021135 -0.023430 0.013263 0.255625 -0.285146 2.011880
0.005000 0.669435 -0.193450 0.136534 0.021386 -0.023711 0.015313 0.245780 -0.275203 2.088001
0.006000 0.669457 -0.193474 0.136550 0.021627 -0.023981 0.017439 0.235240 -0.264705 2.165308
0.007000 0.669479 -0.193498 0.136569 0.021856 -0.024240 0.019643 0.223984 -0.253629 2.243786
0.008000 0.669501 -0.193522 0.136590 0.022075 -0.024488 0.021926 0.211990 -0.241951 2.323442
0.009000 0.669523 -0.193547 0.136613 0.022280 -0.024724 0.024290 0.199237 -0.229649 2.404288
0.010000 0.669545 -0.193572 0.136638 0.022473 -0.024947 0.026735 0.185704 -0.216700 2.486330
0.011000 0.669568 -0.193597 0.136666 0.022652 -0.025157 0.029263 0.171368 -0.203089 2.569562
0.012000 0.669590 -0.193622 0.136697 0.022816 -0.025353 0.031874 0.156209 -0.188818 2.653986
0.013000 0.669613 -0.193647 0.136730 0.022964 -0.025535 0.034571 0.140203 -0.173899 2.739605
0.014000 0.669636 -0.193673 0.136766 0.023096 -0.025701 0.037353 0.123328 -0.158342 2.826412
0.015000 0.669660 -0.193699 0.136805 0.023211 -0.025852 0.040223 0.105562 -0.142157 2.914384
0.016000 0.669683 -0.193725 0.136846 0.023307 -0.025985 0.043182 0.086882 -0.125355 3.003482
0.017000 0.669706 -0.193751 0.136891 0.023385 -0.026102 0.046230 0.067268 -0.107937 3.093667
0.018000 0.669730 -0.193777 0.136939 0.023442 -0.026201 0.049369 0.046707 -0.089886 3.184896
0.019000 0.669753 -0.193803 0.136990 0.023478 -0.026282 0.052600 0.025202 -0.071180 3.277121
0.020000 0.669777 -0.193830 0.137044 0.023492 -0.026344 0.055924 0.002763 -0.051793 3.370293
0.021000 0.669800 -0.193856 0.137102 0.023484 -0.026386 0.059341 -0.020604 -0.031698 3.464360
0.022000 0.669824 -0.193882 0.137163 0.023451 -0.026407 0.062852 -0.044903 -0.010871 3.559277
0.023000 0.669847 -0.193909 0.137227 0.023394 -0.026407 0.066459 -0.070128 0.010715 3.655009
0.024000 0.669870 -0.193935 0.137296 0.023311 -0.026386 0.070162 -0.096268 0.033083 3.751528
0.025000 0.669894 -0.193961 0.137368 0.023201 -0.026341 0.073962 -0.123310 0.056249 3.848791
0.026000 0.669917 -0.193988 0.137444 0.023064 -0.026273 0.077860 -0.151239 0.080212 3.946739
0.027000 0.669940 -0.194014 0.137523 0.022899 -0.026181 0.081856 -0.180044 0.104966 4.045299
0.028000 0.669963 -0.194040 0.137607 0.022704 -0.026063 0.085951 -0.209719 0.130510 4.144397
0.029000 0.669985 -0.194066 0.137695 0.022479 -0.025920 0.090145 -0.240266 0.156871 4.243972
0.030000 0.670007 -0.194092 0.137788 0.022223 -0.025749 0.094439 -0.271680 0.184098 4.343988
0.031000 0.670030 -0.194118 0.137884 0.021936 -0.025552 0.098833 -0.303949 0.212250 4.444425
0.032000 0.670051 -0.194143 0.137985 0.021616 -0.025325 0.103327 -0.337068 0.241376 4.545242
0.033000 0.670073 -0.194168 0.138091 0.021262 -0.025069 0.107923 -0.371037 0.271501 4.646382
0.034000 0.670094 -0.194193 0.138201 0.020874 -0.024782 0.112620 -0.405849 0.302624 4.747796
0.035000 0.670115 -0.194218 0.138316 0.020450 -0.024464 0.117419 -0.441490 0.334734 4.849448
0.036000 0.670135 -0.194242 0.138436 0.019991 -0.024113 0.122319 -0.477944 0.367809 4.951296
0.037000 0.670155 -0.194266 0.138561 0.019494 -0.023728 0.127321 -0.515195 0.401809 5.053297
0.038000 0.670174 -0.194290 0.138691 0.018960 -0.023309 0.132426 -0.553226 0.436690 5.155398
0.039000 0.670192 -0.194313 0.138826 0.018388 -0.022855 0.137632 -0.592028 0.472422 5.257530
0.040000 0.670211 -0.194335 0.138966 0.017776 -0.022364 0.142941 -0.631600 0.508996 5.359612
0.041000 0.670228 -0.194357 0.139111 0.017125 -0.021837 0.148351 -0.671932 0.546406 5.461588
0.042000 0.670245 -0.194379 0.139263 0.016432 -0.021271 0.153864 -0.713007 0.584638 5.563416
0.043000 0.670261 -0.194400 0.139419 0.015698 -0.020667 0.159478 -0.754813 0.623689 5.665031
0.044000 0.670276 -0.194420 0.139582 0.014923 -0.020024 0.165194 -0.797334 0.663569 5.766343
0.045000 0.670291 -0.194440 0.139750 0.014104 -0.019340 0.171011 -0.840533 0.704294 5.867274
0.046000 0.670304 -0.194459 0.139924 0.013242 -0.018615 0.176929 -0.884354 0.745884 5.967769
0.047000 0.670317 -0.194477 0.140103 0.012335 -0.017848 0.182946 -0.928749 0.788347 6.067776
0.048000 0.670329 -0.194495 0.140289 0.011384 -0.017039 0.189064 -0.973685 0.831674 6.167252
0.049000 0.670340 -0.194511 0.140482 0.010388 -0.016185 0.195281 -1.019136 0.875848 6.266157
0.050000 0.670350 -0.194527 0.140680 0.009346 -0.015287 0.201596 -1.065085 0.920860 6.364415
0.051000 0.670359 -0.194542 0.140885 0.008258 -0.014343 0.208010 -1.111522 0.966715 6.461935
0.052000 0.670366 -0.194556 0.141096 0.007123 -0.013353 0.214520 -1.158428 1.013425 6.558677
0.053000 0.670373 -0.194569 0.141314 0.005941 -0.012316 0.221127 -1.205776 1.061005 6.654639
0.054000 0.670378 -0.194580 0.141538 0.004711 -0.011231 0.227830 -1.253544 1.109465 6.749769
0.055000 0.670382 -0.194591 0.141769 0.003434 -0.010098 0.234627 -1.301707 1.158806 6.843950
0.056000 0.670385 -0.194601 0.142008 0.002108 -0.008914 0.241517 -1.350215 1.209013 6.937069
0.057000 0.670387 -0.194609 0.142253 0.000733 -0.007680 0.248501 -1.399001 1.260061 7.029042
0.058000 0.670387 -0.194616 0.142505 -0.000690 -0.006394 0.255576 -1.448007 1.311921 7.119816
0.059000 0.670385 -0.194622 0.142764 -0.002163 -0.005056 0.262740 -1.497185 1.364564 7.209387
0.060000 0.670382 -0.194626 0.143030 -0.003685 -0.003665 0.269994 -1.546497 1.417961 7.297784
0.061000 0.670378 -0.194629 0.143304 -0.005256 -0.002220 0.277336 -1.595915 1.472088 7.384962
0.062000 0.670372 -0.194630 0.143585 -0.006876 -0.000720 0.284764 -1.645424 1.526928 7.470807
0.063000 0.670364 -0.194630 0.143873 -0.008547 0.000834 0.292278 -1.695016 1.582456 7.555238
0.064000 0.670355 -0.194629 0.144169 -0.010266 0.002444 0.299875 -1.744684 1.638636 7.638211
0.065000 0.670343 -0.194626 0.144473 -0.012036 0.004111 0.307554 -1.794417 1.695441 7.719631
0.066000 0.670331 -0.194621 0.144784 -0.013855 0.005835 0.315314 -1.844194 1.752847 7.799354
0.067000 0.670316 -0.194614 0.145104 -0.015724 0.007617 0.323153 -1.893976 1.810822 7.877292
0.068000 0.670299 -0.194605 0.145431 -0.017643 0.009457 0.331069 -1.943718 1.869325 7.953426
0.069000 0.670280 -0.194595 0.145766 -0.019612 0.011356 0.339060 -1.993388 1.928323 8.027752
0.070000 0.670260 -0.194583 0.146109 -0.021630 0.013314 0.347124 -2.042982 1.987794 8.100306
0.071000 0.670237 -0.194568 0.146460 -0.023698 0.015331 0.355260 -2.092514 2.047725 8.171142
0.072000 0.670212 -0.194552 0.146819 -0.025815 0.017409 0.363466 -2.141985 2.108101 8.240213
0.073000 0.670186 -0.194534 0.147187 -0.027982 0.019548 0.371741 -2.191383 2.168894 8.307386
0.074000 0.670157 -0.194513 0.147563 -0.030198 0.021747 0.380081 -2.240682 2.230063 8.372573
0.075000 0.670125 -0.194490 0.147947 -0.032463 0.024008 0.388486 -2.289854 2.291552 8.435765
0.076000 0.670092 -0.194465 0.148340 -0.034778 0.026330 0.396953 -2.338869 2.353313 8.496934
0.077000 0.670056 -0.194437 0.148741 -0.037141 0.028714 0.405480 -2.387694 2.415311 8.556027
0.078000 0.670017 -0.194407 0.149151 -0.039553 0.031161 0.414065 -2.436293 2.477519 8.612978
0.079000 0.669977 -0.194375 0.149569 -0.042013 0.033669 0.422706 -2.484632 2.539909 8.667642
0.080000 0.669933 -0.194340 0.149996 -0.044522 0.036240 0.431400 -2.532680 2.602458 8.719868
0.081000 0.669888 -0.194303 0.150432 -0.047079 0.038874 0.440145 -2.580421 2.665160 8.769661
0.082000 0.669839 -0.194262 0.150876 -0.049683 0.041571 0.448939 -2.627845 2.728010 8.817142
0.083000 0.669788 -0.194219 0.151330 -0.052335 0.044330 0.457780 -2.674931 2.790996 8.862311
0.084000 0.669734 -0.194174 0.151792 -0.055033 0.047153 0.466664 -2.721650 2.854086 8.905041
0.085000 0.669678 -0.194125 0.152263 -0.057778 0.050038 0.475590 -2.767978 2.917237 8.945293
0.086000 0.669619 -0.194074 0.152743 -0.060569 0.052987 0.484554 -2.813893 2.980401 8.983117
0.087000 0.669557 -0.194019 0.153232 -0.063406 0.055999 0.493556 -2.859365 3.043531 9.018450
0.088000 0.669492 -0.193962 0.153730 -0.066288 0.059074 0.502591 -2.904353 3.106582 9.051101
0.089000 0.669424 -0.193901 0.154237 -0.069214 0.062212 0.511658 -2.948823 3.169526 9.080941
0.090000 0.669354 -0.193837 0.154754 -0.072185 0.065413 0.520753 -2.992740 3.232336 9.107919
0.091000 0.669280 -0.193770 0.155279 -0.075200 0.068677 0.529874 -3.036068 3.294977 9.131896
0.092000 0.669203 -0.193700 0.155813 -0.078257 0.072003 0.539017 -3.078775 3.357406 9.152697
0.093000 0.669123 -0.193626 0.156357 -0.081357 0.075392 0.548179 -3.120864 3.419579 9.170334
0.094000 0.669041 -0.193549 0.156910 -0.084499 0.078842 0.557358 -3.162363 3.481462 9.184986
0.095000 0.668954 -0.193468 0.157472 -0.087682 0.082355 0.566549 -3.203288 3.543013 9.196809
0.096000 0.668865 -0.193384 0.158043 -0.090906 0.085928 0.575751 -3.243637 3.604191 9.205917
0.097000 0.668773 -0.193297 0.158623 -0.094169 0.089563 0.584961 -3.283395 3.664950 9.212399
0.098000 0.668677 -0.193205 0.159213 -0.097472 0.093258 0.594176 -3.322528 3.725233 9.216177
0.099000 0.668578 -0.193110 0.159811 -0.100814 0.097014 0.603394 -3.360981 3.784994 9.217023
0.100000 0.668475 -0.193011 0.160419 -0.104194 0.100828 0.612610 -3.398713 3.844217 9.214790
0.101000 0.668369 -0.192908 0.161037 -0.107612 0.104702 0.621823 -3.435700 3.902915 9.209474
0.102000 0.668260 -0.192802 0.161663 -0.111066 0.108634 0.631029 -3.471929 3.961105 9.201136
0.103000 0.668147 -0.192691 0.162299 -0.114556 0.112624 0.640225 -3.507418 4.018816 9.189965
0.104000 0.668031 -0.192577 0.162944 -0.118081 0.116672 0.649409 -3.542194 4.076080 9.176220
0.105000 0.667911 -0.192458 0.163598 -0.121640 0.120776 0.658578 -3.576253 4.132891 9.159947
0.106000 0.667788 -0.192335 0.164261 -0.125233 0.124938 0.667729 -3.609561 4.189195 9.140988
0.107000 0.667661 -0.192208 0.164933 -0.128859 0.129155 0.676860 -3.642105 4.244929 9.119300
0.108000 0.667530 -0.192077 0.165614 -0.132517 0.133427 0.685968 -3.673898 4.300038 9.094975
0.109000 0.667396 -0.191941 0.166305 -0.136207 0.137755 0.695050 -3.704919 4.354453 9.067948
0.110000 0.667257 -0.191801 0.167005 -0.139927 0.142136 0.704103 -3.735110 4.408113 9.037994
0.111000 0.667116 -0.191657 0.167713 -0.143677 0.146571 0.713126 -3.764419 4.461013 9.005030
0.112000 0.666970 -0.191508 0.168431 -0.147456 0.151058 0.722114 -3.792808 4.513182 8.969114
0.113000 0.666821 -0.191355 0.169157 -0.151263 0.155597 0.731064 -3.820224 4.564610 8.930154
0.114000 0.666668 -0.191197 0.169893 -0.155097 0.160188 0.739974 -3.846611 4.615251 8.887953
0.115000 0.666511 -0.191034 0.170637 -0.158956 0.164828 0.748840 -3.871979 4.665086 8.842544
0.116000 0.666350 -0.190867 0.171391 -0.162840 0.169518 0.757659 -3.896388 4.714137 8.794199
0.117000 0.666185 -0.190695 0.172153 -0.166749 0.174256 0.766428 -3.919884 4.762418 8.743162
0.118000 0.666016 -0.190519 0.172923 -0.170680 0.179043 0.775145 -3.942495 4.809941 8.689639
0.119000 0.665844 -0.190337 0.173703 -0.174634 0.183876 0.783808 -3.964238 4.856712 8.633810
0.120000 0.665667 -0.190151 0.174491 -0.178609 0.188756 0.792413 -3.985081 4.902696 8.575623
0.121000 0.665486 -0.189960 0.175288 -0.182604 0.193682 0.800959 -4.004965 4.947842 8.514828
0.122000 0.665302 -0.189764 0.176093 -0.186619 0.198652 0.809443 -4.023875 4.992178 8.451330
0.123000 0.665113 -0.189562 0.176907 -0.190652 0.203666 0.817861 -4.041836 5.035784 8.385196
0.124000 0.664920 -0.189356 0.177729 -0.194702 0.208723 0.826213 -4.058827 5.078679 8.316323
0.125000 0.664724 -0.189145 0.178559 -0.198769 0.213823 0.834494 -4.074796 5.120816 8.244493
0.126000 0.664523 -0.188929 0.179398 -0.202852 0.218965 0.842702 -4.089737 5.162182 8.169753
0.127000 0.664318 -0.188707 0.180245 -0.206949 0.224148 0.850834 -4.103707 5.202814 8.092424
0.128000 0.664109 -0.188480 0.181099 -0.211059 0.229371 0.858887 -4.116766 5.242746 8.012792
0.129000 0.663896 -0.188248 0.181962 -0.215182 0.234633 0.866859 -4.128985 5.282008 7.931090
0.130000 0.663679 -0.188011 0.182833 -0.219317 0.239935 0.874749 -4.140442 5.320622 7.847517
0.131000 0.663457 -0.187768 0.183712 -0.223463 0.245274 0.882554 -4.151139 5.358552 7.762014
0.132000 0.663232 -0.187520 0.184598 -0.227620 0.250652 0.890273 -4.161015 5.395724 7.674315
0.133000 0.663002 -0.187267 0.185492 -0.231785 0.256066 0.897903 -4.170042 5.432138 7.584345
0.134000 0.662768 -0.187008 0.186394 -0.235960 0.261516 0.905442 -4.178233 5.467852 7.492219
0.135000 0.662530 -0.186744 0.187303 -0.240142 0.267002 0.912887 -4.185555 5.502862 7.397858
0.136000 0.662288 -0.186474 0.188220 -0.244331 0.272522 0.920237 -4.191940 5.537104 7.301027
0.137000 0.662041 -0.186199 0.189144 -0.248526 0.278076 0.927489 -4.197392 5.570584 7.201776
0.138000 0.661791 -0.185918 0.190075 -0.252726 0.283663 0.934641 -4.201976 5.603374 7.100393
0.139000 0.661536 -0.185632 0.191013 -0.256930 0.289282 0.941690 -4.205696 5.635472 6.996920
0.140000 0.661277 -0.185340 0.191958 -0.261137 0.294934 0.948635 -4.208496 5.666790 6.891137
0.141000 0.661014 -0.185042 0.192910 -0.265347 0.300616 0.955472 -4.210394 5.697293 6.783023
0.142000 0.660746 -0.184738 0.193869 -0.269558 0.306328 0.962201 -4.211489 5.727014 6.672826
0.143000 0.660475 -0.184429 0.194835 -0.273770 0.312070 0.968818 -4.211866 5.756012 6.560779
0.144000 0.660199 -0.184114 0.195807 -0.277981 0.317840 0.975322 -4.211593 5.784381 6.447094
0.145000 0.659919 -0.183794 0.196785 -0.282193 0.323639 0.981712 -4.210724 5.812238 6.331967
0.146000 0.659634 -0.183467 0.197770 -0.286403 0.329465 0.987986 -4.209234 5.839595 6.215324
0.147000 0.659346 -0.183135 0.198761 -0.290611 0.335318 0.994143 -4.207049 5.866369 6.096908
0.148000 0.659053 -0.182796 0.199758 -0.294817 0.341198 1.000180 -4.204186 5.892536 5.976753
0.149000 0.658756 -0.182452 0.200762 -0.299020 0.347103 1.006096 -4.200731 5.918141 5.855142
0.150000 0.658455 -0.182102 0.201771 -0.303218 0.353034 1.011890 -4.196696 5.943146 5.732103
0.151000 0.658150 -0.181746 0.202785 -0.307413 0.358989 1.017561 -4.192011 5.967437 5.607385
0.152000 0.657840 -0.181384 0.203806 -0.311602 0.364969 1.023105 -4.186677 5.990964 5.480956
0.153000 0.657527 -0.181016 0.204832 -0.315786 0.370971 1.028522 -4.180787 6.013775 5.353069
0.154000 0.657209 -0.180642 0.205863 -0.319964 0.376996 1.033811 -4.174426 6.035944 5.223963
0.155000 0.656887 -0.180262 0.206899 -0.324135 0.383043 1.038970 -4.167677 6.057601 5.093856
0.156000 0.656560 -0.179876 0.207941 -0.328299 0.389112 1.043999 -4.160619 6.078905 4.962956
0.157000 0.656230 -0.179484 0.208987 -0.332456 0.395201 1.048896 -4.153234 6.099884 4.831178
0.158000 0.655895 -0.179086 0.210039 -0.336606 0.401311 1.053661 -4.145436 6.120440 4.698249
0.159000 0.655557 -0.178681 0.211095 -0.340747 0.407442 1.058293 -4.137223 6.140544 4.564195
0.160000 0.655214 -0.178271 0.212155 -0.344880 0.413592 1.062790 -4.128672 6.160242 4.429314
0.161000 0.654867 -0.177854 0.213220 -0.349005 0.419762 1.067151 -4.119778 6.179488 4.293630
0.162000 0.654516 -0.177431 0.214289 -0.353120 0.425951 1.071377 -4.110459 6.198141 4.156878
0.163000 0.654161 -0.177002 0.215363 -0.357226 0.432159 1.075465 -4.100723 6.216143 4.019028
0.164000 0.653801 -0.176567 0.216440 -0.361321 0.438384 1.079415 -4.090686 6.233544 3.880351
0.165000 0.653438 -0.176125 0.217522 -0.365407 0.444626 1.083226 -4.080453 6.250416 3.741109
0.166000 0.653071 -0.175678 0.218607 -0.369482 0.450884 1.086897 -4.070108 6.266867 3.601543
0.167000 0.652699 -0.175224 0.219696 -0.373547 0.457159 1.090429 -4.059722 6.283028 3.461882
0.168000 0.652324 -0.174763 0.220788 -0.377602 0.463451 1.093821 -4.049263 6.298890 3.322052
0.169000 0.651944 -0.174297 0.221883 -0.381646 0.469757 1.097073 -4.038630 6.314320 3.181763
0.170000 0.651560 -0.173824 0.222982 -0.385679 0.476079 1.100185 -4.027831 6.329273 3.041029
0.171000 0.651173 -0.173345 0.224084 -0.389701 0.482416 1.103155 -4.016967 6.343799 2.900138
0.172000 0.650781 -0.172859 0.225188 -0.393713 0.488767 1.105985 -4.006042 6.357839 2.759102
0.173000 0.650385 -0.172367 0.226295 -0.397713 0.495131 1.108673 -3.994960 6.371225 2.617638
0.174000 0.649985 -0.171869 0.227405 -0.401703 0.501509 1.111220 -3.983715 6.383886 2.475706
0.175000 0.649582 -0.171364 0.228518 -0.405681 0.507899 1.113625 -3.972395 6.395846 2.333515
0.176000 0.649174 -0.170853 0.229633 -0.409648 0.514301 1.115887 -3.960986 6.407028 2.191013
0.177000 0.648762 -0.170336 0.230750 -0.413603 0.520713 1.118007 -3.949377 6.417280 2.047879
0.178000 0.648347 -0.169812 0.231869 -0.417546 0.527135 1.119983 -3.937547 6.426608 1.904032
0.179000 0.647927 -0.169281 0.232990 -0.421478 0.533567 1.121815 -3.925594 6.435178 1.759708
0.180000 0.647504 -0.168744 0.234112 -0.425398 0.540006 1.123502 -3.913618 6.443142 1.615164
0.181000 0.647077 -0.168201 0.235237 -0.429305 0.546453 1.125045 -3.901732 6.450627 1.470706
0.182000 0.646645 -0.167652 0.236362 -0.433201 0.552907 1.126444 -3.890052 6.457751 1.326659
0.183000 0.646210 -0.167095 0.237490 -0.437085 0.559368 1.127699 -3.878567 6.464463 1.183013
0.184000 0.645771 -0.166533 0.238618 -0.440958 0.565836 1.128810 -3.867158 6.470580 1.039474
0.185000 0.645328 -0.165964 0.239747 -0.444820 0.572309 1.129777 -3.855805 6.476017 0.896007
0.186000 0.644882 -0.165388 0.240877 -0.448670 0.578788 1.130602 -3.844587 6.480797 0.752835
0.187000 0.644431 -0.164806 0.242008 -0.452509 0.585271 1.131283 -3.833475 6.484828 0.609918
0.188000 0.643977 -0.164218 0.243140 -0.456337 0.591758 1.131822 -3.822337 6.487931 0.466937
0.189000 0.643518 -0.163623 0.244272 -0.460153 0.598247 1.132217 -3.811139 6.490095 0.323825
0.190000 0.643056 -0.163021 0.245404 -0.463959 0.604738 1.132469 -3.799970 6.491490 0.180837
0.191000 0.642590 -0.162413 0.246537 -0.467753 0.611230 1.132579 -3.788926 6.492268 0.038237
0.192000 0.642121 -0.161799 0.247670 -0.471537 0.617722 1.132546 -3.778114 6.492562 -0.103697
0.193000 0.641647 -0.161178 0.248802 -0.475310 0.624215 1.132371 -3.767645 6.492487 -0.244679
0.194000 0.641170 -0.160550 0.249934 -0.479072 0.630707 1.132056 -3.757493 6.491981 -0.384754
0.195000 0.640689 -0.159916 0.251066 -0.482825 0.637199 1.131602 -3.747519 6.490830 -0.524240
0.196000 0.640204 -0.159276 0.252198 -0.486567 0.643689 1.131008 -3.737690 6.488936 -0.663204
0.197000 0.639716 -0.158629 0.253328 -0.490300 0.650177 1.130275 -3.728076 6.486320 -0.801457
0.198000 0.639224 -0.157976 0.254458 -0.494023 0.656662 1.129405 -3.718640 6.482876 -0.939069
0.199000 0.638728 -0.157316 0.255587 -0.497737 0.663143 1.128397 -3.709237 6.478407 -1.076364
0.200000 0.638228 -0.156649 0.256715 -0.501442 0.669619 1.127252 -3.699846 6.472913 -1.213410
0.201000 0.637725 -0.155976 0.257841 -0.505137 0.676088 1.125970 -3.690585 6.466600 -1.349948
0.202000 0.637218 -0.155297 0.258967 -0.508823 0.682552 1.124552 -3.681573 6.459659 -1.485708
0.203000 0.636707 -0.154611 0.260091 -0.512500 0.689008 1.122999 -3.672921 6.452259 -1.620406
0.204000 0.636193 -0.153919 0.261213 -0.516169 0.695456 1.121312 -3.664738 6.444554 -1.753746
0.205000 0.635675 -0.153220 0.262333 -0.519830 0.701897 1.119491 -3.656985 6.436493 -1.885764
0.206000 0.635153 -0.152515 0.263452 -0.523483 0.708329 1.117540 -3.649505 6.427855 -2.016764
0.207000 0.634628 -0.151804 0.264568 -0.527129 0.714753 1.115458 -3.642250 6.418551 -2.146803
0.208000 0.634099 -0.151086 0.265683 -0.530767 0.721166 1.113246 -3.635288 6.408637 -2.275677
0.209000 0.633567 -0.150361 0.266795 -0.534399 0.727570 1.110907 -3.628567 6.398019 -2.403439
0.210000 0.633030 -0.149631 0.267904 -0.538024 0.733962 1.108440 -3.621925 6.386479 -2.530409
0.211000 0.632491 -0.148893 0.269012 -0.541643 0.740343 1.105846 -3.615326 6.374006 -2.656659
0.212000 0.631947 -0.148150 0.270116 -0.545255 0.746710 1.103126 -3.608858 6.360765 -2.782011
0.213000 0.631400 -0.147400 0.271218 -0.548861 0.753064 1.100282 -3.602479 6.346739 -2.906536
0.214000 0.630849 -0.146644 0.272317 -0.552460 0.759404 1.097313 -3.596024 6.331727 -3.030551
0.215000 0.630295 -0.145881 0.273413 -0.556053 0.765728 1.094221 -3.589445 6.315700 -3.154122
0.216000 0.629737 -0.145112 0.274505 -0.559639 0.772035 1.091005 -3.582847 6.298838 -3.276997
0.217000 0.629176 -0.144337 0.275595 -0.563218 0.778325 1.087667 -3.576339 6.281300 -3.398931
0.218000 0.628611 -0.143556 0.276681 -0.566792 0.784598 1.084207 -3.570040 6.263208 -3.519690
0.219000 0.628042 -0.142768 0.277763 -0.570359 0.790852 1.080627 -3.564078 6.244660 -3.639046
0.220000 0.627470 -0.141974 0.278842 -0.573920 0.797087 1.076929 -3.558415 6.225549 -3.757076
0.221000 0.626894 -0.141174 0.279917 -0.577475 0.803303 1.073113 -3.552880 6.205643 -3.874108
0.222000 0.626315 -0.140367 0.280988 -0.581025 0.809498 1.069181 -3.547430 6.184941 -3.990236
0.223000 0.625732 -0.139555 0.282055 -0.584570 0.815673 1.065133 -3.542147 6.163644 -4.105313
0.224000 0.625146 -0.138736 0.283118 -0.588110 0.821826 1.060970 -3.536978 6.141749 -4.219427
0.225000 0.624556 -0.137911 0.284177 -0.591644 0.827956 1.056694 -3.531740 6.119049 -4.332888
0.226000 0.623963 -0.137080 0.285232 -0.595173 0.834064 1.052304 -3.526375 6.095528 -4.445751
0.227000 0.623366 -0.136243 0.286282 -0.598697 0.840147 1.047802 -3.520950 6.071363 -4.557821
0.228000 0.622765 -0.135400 0.287327 -0.602215 0.846207 1.043189 -3.515403 6.046522 -4.669145
0.229000 0.622161 -0.134551 0.288368 -0.605728 0.852240 1.038464 -3.509546 6.020743 -4.780028
0.230000 0.621554 -0.133695 0.289404 -0.609234 0.858248 1.033629 -3.503332 5.993912 -4.890556
0.231000 0.620943 -0.132834 0.290435 -0.612734 0.864228 1.028683 -3.496884 5.966132 -5.000526
0.232000 0.620328 -0.131967 0.291462 -0.616228 0.870180 1.023628 -3.490332 5.937555 -5.109729
0.233000 0.619710 -0.131094 0.292483 -0.619715 0.876103 1.018463 -3.483816 5.908415 -5.217950
0.234000 0.619089 -0.130215 0.293498 -0.623196 0.881997 1.013192 -3.477481 5.878994 -5.324971
0.235000 0.618464 -0.129330 0.294509 -0.626670 0.887861 1.007814 -3.471292 5.849302 -5.430858
0.236000 0.617836 -0.128439 0.295514 -0.630138 0.893696 1.002330 -3.465070 5.819109 -5.535901
0.237000 0.617204 -0.127542 0.296514 -0.633600 0.899500 0.996742 -3.458773 5.788366 -5.640155
0.238000 0.616568 -0.126640 0.297508 -0.637056 0.905272 0.991050 -3.452498 5.757218 -5.743439
0.239000 0.615930 -0.125732 0.298496 -0.640505 0.911014 0.985255 -3.446198 5.725600 -5.845801
0.240000 0.615287 -0.124818 0.299478 -0.643948 0.916724 0.979358 -3.439679 5.693216 -5.947541
0.241000 0.614642 -0.123898 0.300454 -0.647385 0.922400 0.973360 -3.432885 5.659942 -6.048770
0.242000 0.613993 -0.122973 0.301425 -0.650814 0.928044 0.967261 -3.425938 5.625891 -6.149329
0.243000 0.613340 -0.122042 0.302389 -0.654236 0.933652 0.961061 -3.418953 5.591223 -6.249049
0.244000 0.612684 -0.121106 0.303347 -0.657652 0.939226 0.954762 -3.412046 5.556182 -6.347736
0.245000 0.612025 -0.120164 0.304299 -0.661060 0.944765 0.948366 -3.405325 5.521059 -6.445184
0.246000 0.611362 -0.119216 0.305244 -0.664462 0.950268 0.941872 -3.398723 5.485860 -6.541449
0.247000 0.610696 -0.118263 0.306182 -0.667858 0.955736 0.935283 -3.392043 5.450344 -6.636800
0.248000 0.610026 -0.117305 0.307114 -0.671247 0.961169 0.928598 -3.385258 5.414480 -6.731282
0.249000 0.609353 -0.116341 0.308039 -0.674628 0.966565 0.921820 -3.378497 5.378458 -6.824714
0.250000 0.608677 -0.115372 0.308958 -0.678004 0.971926 0.914949 -3.371729 5.342232 -6.917133
0.251000 0.607997 -0.114397 0.309869 -0.681372 0.977250 0.907986 -3.364753 5.305509 -7.008812
0.252000 0.607314 -0.113417 0.310774 -0.684733 0.982537 0.900931 -3.357507 5.268186 -7.099846
0.253000 0.606628 -0.112432 0.311671 -0.688087 0.987786 0.893786 -3.350073 5.230364 -7.190129
0.254000 0.605938 -0.111442 0.312561 -0.691433 0.992997 0.886551 -3.342380 5.191932 -7.279747
0.255000 0.605245 -0.110446 0.313444 -0.694772 0.998170 0.879227 -3.334204 5.152610 -7.368964
0.256000 0.604549 -0.109445 0.314320 -0.698102 1.003303 0.871813 -3.325469 5.112398 -7.457828
0.257000 0.603849 -0.108439 0.315188 -0.701423 1.008395 0.864311 -3.316285 5.071602 -7.546122
0.258000 0.603146 -0.107428 0.316049 -0.704734 1.013446 0.856721 -3.306775 5.030506 -7.633632
0.259000 0.602439 -0.106413 0.316901 -0.708036 1.018456 0.849044 -3.297090 4.989358 -7.720152
0.260000 0.601730 -0.105392 0.317747 -0.711328 1.023425 0.841281 -3.287396 4.948386 -7.805475
0.261000 0.601017 -0.104366 0.318584 -0.714611 1.028353 0.833433 -3.277651 4.907515 -7.889642
0.262000 0.600300 -0.103335 0.319413 -0.717884 1.033240 0.825501 -3.267640 4.866407 -7.972908
0.263000 0.599581 -0.102299 0.320235 -0.721146 1.038085 0.817487 -3.257293 4.824905 -8.055369
0.264000 0.598858 -0.101259 0.321048 -0.724398 1.042889 0.809391 -3.246689 4.783056 -8.136942
0.265000 0.598132 -0.100213 0.321854 -0.727640 1.047652 0.801213 -3.235752 4.740698 -8.217711
0.266000 0.597403 -0.099163 0.322651 -0.730870 1.052371 0.792955 -3.224254 4.697518 -8.297920
0.267000 0.596670 -0.098109 0.323440 -0.734088 1.057047 0.784617 -3.212134 4.653513 -8.377612
0.268000 0.595935 -0.097049 0.324220 -0.737294 1.061678 0.776200 -3.199539 4.609009 -8.456594
0.269000 0.595196 -0.095985 0.324992 -0.740487 1.066265 0.767704 -3.186629 4.564310 -8.534662
0.270000 0.594454 -0.094917 0.325756 -0.743667 1.070807 0.759131 -3.173592 4.519684 -8.611604
0.271000 0.593709 -0.093844 0.326510 -0.746834 1.075304 0.750481 -3.160629 4.475378 -8.687200
0.272000 0.592960 -0.092766 0.327256 -0.749989 1.079757 0.741756 -3.147716 4.431320 -8.761459
0.273000 0.592209 -0.091684 0.327994 -0.753130 1.084167 0.732958 -3.134636 4.387165 -8.834597
0.274000 0.591454 -0.090598 0.328722 -0.756258 1.088532 0.724087 -3.121311 4.342759 -8.906701
0.275000 0.590696 -0.089507 0.329442 -0.759372 1.092852 0.715145 -3.107822 4.298166 -8.977700
0.276000 0.589935 -0.088412 0.330153 -0.762473 1.097128 0.706132 -3.094083 4.253233 -9.047668
0.277000 0.589171 -0.087313 0.330854 -0.765561 1.101359 0.697049 -3.079842 4.207637 -9.116830
0.278000 0.588404 -0.086209 0.331547 -0.768633 1.105543 0.687898 -3.065008 4.161383 -9.185243
0.279000 0.587634 -0.085102 0.332230 -0.771691 1.109681 0.678679 -3.049648 4.114755 -9.252801
0.280000 0.586861 -0.083990 0.332904 -0.774732 1.113773 0.669392 -3.033669 4.067757 -9.319540
0.281000 0.586084 -0.082874 0.333569 -0.777758 1.117817 0.660040 -3.016840 4.020103 -9.385640
0.282000 0.585305 -0.081754 0.334224 -0.780766 1.121813 0.650621 -2.999131 3.971742 -9.451098
0.283000 0.584523 -0.080631 0.334870 -0.783756 1.125760 0.641137 -2.980702 3.922873 -9.515735
0.284000 0.583738 -0.079503 0.335506 -0.786728 1.129659 0.631590 -2.961522 3.873429 -9.579536
0.285000 0.582949 -0.078371 0.336133 -0.789679 1.133507 0.621978 -2.941354 3.823045 -9.642673
0.286000 0.582158 -0.077236 0.336750 -0.792610 1.137305 0.612304 -2.920116 3.771549 -9.705205
0.287000 0.581364 -0.076097 0.337358 -0.795519 1.141050 0.602568 -2.897928 3.719062 -9.767020
0.288000 0.580567 -0.074954 0.337956 -0.798406 1.144743 0.592770 -2.874920 3.665770 -9.827995
0.289000 0.579767 -0.073807 0.338543 -0.801269 1.148382 0.582912 -2.851233 3.611975 -9.888000
0.290000 0.578965 -0.072657 0.339121 -0.804109 1.151967 0.572994 -2.827015 3.558046 -9.946893
0.291000 0.578159 -0.071503 0.339689 -0.806923 1.155498 0.563018 -2.802193 3.504000 -10.004694
0.292000 0.577351 -0.070346 0.340247 -0.809713 1.158975 0.552985 -2.776534 3.449537 -10.061549
0.293000 0.576540 -0.069185 0.340795 -0.812476 1.162397 0.542895 -2.750007 3.394597 -10.117456
0.294000 0.575726 -0.068021 0.341333 -0.815213 1.165764 0.532750 -2.722774 3.339373 -10.172271
0.295000 0.574909 -0.066854 0.341861 -0.817922 1.169076 0.522551 -2.694802 3.283783 -10.225978
0.296000 0.574090 -0.065683 0.342378 -0.820603 1.172332 0.512298 -2.665855 3.227434 -10.278714
0.297000 0.573268 -0.064509 0.342885 -0.823254 1.175531 0.501993 -2.635872 3.170119 -10.330517
0.298000 0.572443 -0.063332 0.343382 -0.825874 1.178672 0.491637 -2.605014 3.111924 -10.381274
0.299000 0.571616 -0.062152 0.343869 -0.828464 1.181754 0.481231 -2.573443 3.053017 -10.430875
0.300000 0.570787 -0.060969 0.344345 -0.831021 1.184778 0.470775 -2.541315 2.993717 -10.479211
0.301000 0.569954 -0.059782 0.344810 -0.833546 1.187742 0.460272 -2.508786 2.934424 -10.526175
0.302000 0.569119 -0.058593 0.345265 -0.836039 1.190647 0.449723 -2.475780 2.875173 -10.571783
0.303000 0.568282 -0.057401 0.345710 -0.838498 1.193492 0.439129 -2.442045 2.815672 -10.616155
0.304000 0.567442 -0.056206 0.346144 -0.840923 1.196278 0.428491 -2.407524 2.755881 -10.659286
0.305000 0.566600 -0.055008 0.346567 -0.843313 1.199004 0.417810 -2.372352 2.696027 -10.701057
0.306000 0.565756 -0.053808 0.346979 -0.845668 1.201670 0.407088 -2.336468 2.636052 -10.741450
0.307000 0.564909 -0.052605 0.347381 -0.847986 1.204276 0.396327 -2.299622 2.575569 -10.780570
0.308000 0.564060 -0.051399 0.347772 -0.850267 1.206821 0.385527 -2.261749 2.514394 -10.818451
0.309000 0.563208 -0.050191 0.348152 -0.852509 1.209305 0.374690 -2.223020 2.452652 -10.855009
0.310000 0.562355 -0.048981 0.348521 -0.854713 1.211727 0.363817 -2.183593 2.390530 -10.890151
0.311000 0.561499 -0.047768 0.348880 -0.856877 1.214086 0.352910 -2.143612 2.328339 -10.923774
0.312000 0.560641 -0.046553 0.349227 -0.859000 1.216383 0.341970 -2.103207 2.266453 -10.955761
0.313000 0.559781 -0.045335 0.349564 -0.861083 1.218619 0.330998 -2.062282 2.204882 -10.986102
0.314000 0.558919 -0.044115 0.349889 -0.863125 1.220793 0.319998 -2.020581 2.143315 -11.014880
0.315000 0.558055 -0.042894 0.350204 -0.865124 1.222905 0.308969 -1.978073 2.081710 -11.042109
0.316000 0.557189 -0.041670 0.350507 -0.867081 1.224956 0.297913 -1.934936 2.020304 -11.067721
0.317000 0.556321 -0.040444 0.350799 -0.868994 1.226946 0.286833 -1.891141 1.959034 -11.091718
0.318000 0.555451 -0.039216 0.351081 -0.870863 1.228874 0.275730 -1.846444 1.897491 -11.114179
0.319000 0.554579 -0.037986 0.351351 -0.872687 1.230741 0.264605 -1.800787 1.835442 -11.135131
0.320000 0.553705 -0.036754 0.351610 -0.874465 1.232545 0.253460 -1.754307 1.772878 -11.154530
0.321000 0.552830 -0.035521 0.351858 -0.876196 1.234287 0.242296 -1.706940 1.709570 -11.172387
0.322000 0.551953 -0.034286 0.352094 -0.877879 1.235964 0.231115 -1.658426 1.645141 -11.188768
0.323000 0.551074 -0.033049 0.352320 -0.879512 1.237577 0.219918 -1.608698 1.579621 -11.203686
0.324000 0.550194 -0.031811 0.352534 -0.881096 1.239124 0.208707 -1.557938 1.513440 -11.217077
0.325000 0.549312 -0.030571 0.352737 -0.882628 1.240604 0.197484 -1.506345 1.447004 -11.228873
0.326000 0.548429 -0.029329 0.352929 -0.884109 1.242018 0.186250 -1.454144 1.380669 -11.239013
0.327000 0.547544 -0.028087 0.353110 -0.885537 1.243365 0.175006 -1.401578 1.314766 -11.247433
0.328000 0.546658 -0.026843 0.353279 -0.886912 1.244647 0.163755 -1.348623 1.249241 -11.254124
0.329000 0.545770 -0.025597 0.353437 -0.888234 1.245864 0.152498 -1.295030 1.183687 -11.259137
0.330000 0.544881 -0.024351 0.353584 -0.889502 1.247015 0.141237 -1.240723 1.117882 -11.262513
0.331000 0.543991 -0.023103 0.353720 -0.890715 1.248100 0.129973 -1.185824 1.051834 -11.264260
0.332000 0.543100 -0.021855 0.353844 -0.891873 1.249118 0.118708 -1.130253 0.985325 -11.264399
0.333000 0.542207 -0.020605 0.353957 -0.892976 1.250070 0.107444 -1.073733 0.917974 -11.262959
0.334000 0.541314 -0.019355 0.354059 -0.894021 1.250954 0.096182 -1.016183 0.849797 -11.259916
0.335000 0.540419 -0.018103 0.354150 -0.895008 1.251770 0.084924 -0.957771 0.781211 -11.255198
0.336000 0.539524 -0.016851 0.354229 -0.895936 1.252517 0.073672 -0.898681 0.712609 -11.248755
0.337000 0.538627 -0.015598 0.354297 -0.896805 1.253195 0.062427 -0.839126 0.644337 -11.240588
0.338000 0.537730 -0.014345 0.354354 -0.897615 1.253805 0.051191 -0.779336 0.576712 -11.230722
0.339000 0.536832 -0.013091 0.354399 -0.898364 1.254348 0.039965 -0.719276 0.509669 -11.219186
0.340000 0.535933 -0.011836 0.354434 -0.899053 1.254825 0.028752 -0.658696 0.442781 -11.206015
0.341000 0.535034 -0.010581 0.354457 -0.899682 1.255234 0.017553 -0.597535 0.375792 -11.191240
0.342000 0.534134 -0.009325 0.354469 -0.900248 1.255576 0.006370 -0.535939 0.308668 -11.174885
0.343000 0.533233 -0.008070 0.354470 -0.900753 1.255851 -0.004797 -0.473843 0.241159 -11.156960
0.344000 0.532332 -0.006814 0.354459 -0.901196 1.256059 -0.015944 -0.410973 0.172889 -11.137466
0.345000 0.531431 -0.005558 0.354438 -0.901575 1.256197 -0.027072 -0.347240 0.103916 -11.116394
0.346000 0.530529 -0.004301 0.354405 -0.901891 1.256266 -0.038177 -0.282752 0.034649 -11.093722
0.347000 0.529627 -0.003045 0.354361 -0.902141 1.256266 -0.049259 -0.217425 -0.034841 -11.069424
0.348000 0.528725 -0.001789 0.354307 -0.902325 1.256197 -0.060316 -0.151014 -0.104849 -11.043487
0.349000 0.527823 -0.000533 0.354241 -0.902443 1.256057 -0.071346 -0.083529 -0.175422 -11.015936
0.350000 0.526920 0.000723 0.354164 -0.902492 1.255846 -0.082348 -0.015263 -0.246262 -10.986815
0.351000 0.526018 0.001979 0.354076 -0.902473 1.255564 -0.093320 0.053516 -0.317141 -10.956179
0.352000 0.525115 0.003234 0.353977 -0.902385 1.255212 -0.104260 0.122586 -0.387951 -10.924099
0.353000 0.524213 0.004489 0.353868 -0.902228 1.254788 -0.115168 0.191750 -0.458654 -10.890654
0.354000 0.523311 0.005744 0.353747 -0.902002 1.254294 -0.126041 0.261072 -0.529496 -10.855869
0.355000 0.522409 0.006998 0.353615 -0.901706 1.253729 -0.136879 0.330819 -0.600856 -10.819710
0.356000 0.521507 0.008251 0.353473 -0.901340 1.253093 -0.147681 0.401053 -0.672672 -10.782132
0.357000 0.520606 0.009504 0.353320 -0.900904 1.252384 -0.158444 0.471635 -0.744533 -10.743100
0.358000 0.519706 0.010756 0.353156 -0.900397 1.251604 -0.169167 0.542621 -0.816363 -10.702553
0.359000 0.518805 0.012007 0.352982 -0.899819 1.250751 -0.179849 0.614258 -0.888442 -10.660445
0.360000 0.517906 0.013258 0.352797 -0.899168 1.249827 -0.190488 0.686557 -0.960786 -10.616815
0.361000 0.517007 0.014507 0.352601 -0.898446 1.248830 -0.201082 0.759254 -1.033061 -10.571769
0.362000 0.516109 0.015755 0.352394 -0.897650 1.247761 -0.211631 0.832106 -1.105016 -10.525413
0.363000 0.515212 0.017003 0.352178 -0.896781 1.246620 -0.222133 0.904895 -1.176551 -10.477856
0.364000 0.514315 0.018249 0.351950 -0.895840 1.245407 -0.232587 0.977421 -1.247652 -10.429206
0.365000 0.513420 0.019493 0.351712 -0.894827 1.244124 -0.242992 1.049743 -1.318584 -10.379485
0.366000 0.512526 0.020737 0.351464 -0.893741 1.242770 -0.253346 1.122120 -1.389724 -10.328634
0.367000 0.511633 0.021979 0.351206 -0.892582 1.241345 -0.263649 1.194609 -1.461002 -10.276630
0.368000 0.510741 0.023220 0.350937 -0.891351 1.239848 -0.273899 1.267059 -1.531997 -10.223495
0.369000 0.509850 0.024459 0.350658 -0.890048 1.238281 -0.284096 1.339522 -1.602619 -10.169189
0.370000 0.508961 0.025696 0.350369 -0.888672 1.236643 -0.294238 1.412245 -1.673137 -10.113646
0.371000 0.508073 0.026932 0.350069 -0.887224 1.234935 -0.304323 1.485253 -1.743555 -10.056903
0.372000 0.507186 0.028166 0.349760 -0.885702 1.233156 -0.314352 1.558356 -1.813581 -9.999077
0.373000 0.506301 0.029398 0.349441 -0.884107 1.231307 -0.324321 1.631576 -1.883240 -9.940191
0.374000 0.505418 0.030629 0.349111 -0.882439 1.229389 -0.334232 1.705144 -1.952959 -9.880168
0.375000 0.504536 0.031857 0.348772 -0.880697 1.227402 -0.344082 1.779077 -2.023047 -9.818988
0.376000 0.503656 0.033083 0.348423 -0.878881 1.225343 -0.353870 1.853128 -2.093530 -9.756713
0.377000 0.502779 0.034308 0.348064 -0.876990 1.223214 -0.363595 1.927061 -2.164299 -9.693395
0.378000 0.501903 0.035530 0.347696 -0.875026 1.221015 -0.373257 2.000648 -2.234997 -9.629078
0.379000 0.501028 0.036750 0.347318 -0.872989 1.218744 -0.382853 2.073671 -2.305128 -9.563795
0.380000 0.500157 0.037967 0.346930 -0.870879 1.216404 -0.392384 2.146166 -2.374583 -9.497485
0.381000 0.499287 0.039183 0.346533 -0.868697 1.213995 -0.401848 2.218370 -2.443610 -9.430047
0.382000 0.498419 0.040395 0.346127 -0.866442 1.211517 -0.411244 2.290316 -2.512191 -9.361519
0.383000 0.497554 0.041606 0.345711 -0.864116 1.208971 -0.420571 2.361828 -2.580010 -9.292049
0.384000 0.496691 0.042813 0.345285 -0.861719 1.206357 -0.429828 2.432933 -2.647072 -9.221664
0.385000 0.495830 0.044018 0.344851 -0.859250 1.203677 -0.439015 2.503849 -2.713778 -9.150256
0.386000 0.494972 0.045221 0.344407 -0.856711 1.200930 -0.448129 2.574573 -2.780411 -9.077785
0.387000 0.494117 0.046420 0.343955 -0.854101 1.198116 -0.457170 2.644841 -2.846980 -9.004317
0.388000 0.493264 0.047617 0.343493 -0.851421 1.195236 -0.466138 2.714409 -2.913379 -8.929901
0.389000 0.492414 0.048811 0.343023 -0.848672 1.192289 -0.475030 2.783080 -2.979299 -8.854561
0.390000 0.491567 0.050001 0.342543 -0.845855 1.189277 -0.483847 2.850677 -3.044321 -8.778304
0.391000 0.490722 0.051189 0.342055 -0.842971 1.186201 -0.492587 2.917264 -3.108384 -8.701030
0.392000 0.489881 0.052374 0.341558 -0.840021 1.183060 -0.501249 2.983094 -3.171749 -8.622610
0.393000 0.489042 0.053555 0.341052 -0.837005 1.179857 -0.509832 3.048224 -3.234396 -8.543118
0.394000 0.488207 0.054734 0.340538 -0.833924 1.176592 -0.518335 3.112520 -3.296017 -8.462774
0.395000 0.487375 0.055908 0.340016 -0.830780 1.173265 -0.526757 3.176031 -3.356609 -8.381642
0.396000 0.486545 0.057080 0.339485 -0.827572 1.169878 -0.535098 3.238977 -3.416564 -8.299600
0.397000 0.485719 0.058248 0.338945 -0.824302 1.166432 -0.543357 3.301353 -3.476159 -8.216600
0.398000 0.484897 0.059413 0.338398 -0.820969 1.162926 -0.551532 3.362898 -3.535406 -8.132721
0.399000 0.484077 0.060574 0.337842 -0.817576 1.159361 -0.559622 3.423375 -3.594211 -8.048026
0.400000 0.483262 0.061732 0.337279 -0.814123 1.155738 -0.567628 3.482588 -3.652294 -7.962555
0.401000 0.482449 0.062886 0.336707 -0.810611 1.152057 -0.575547 3.540362 -3.709267 -7.876331
0.402000 0.481640 0.064036 0.336128 -0.807042 1.148319 -0.583380 3.596756 -3.765090 -7.789248
0.403000 0.480835 0.065182 0.335540 -0.803417 1.144526 -0.591126 3.652019 -3.820026 -7.701146
0.404000 0.480034 0.066325 0.334945 -0.799738 1.140679 -0.598783 3.706227 -3.874075 -7.612094
0.405000 0.479236 0.067464 0.334343 -0.796005 1.136778 -0.606350 3.759276 -3.926957 -7.522328
0.406000 0.478442 0.068598 0.333733 -0.792219 1.132825 -0.613827 3.811232 -3.978680 -7.431906
0.407000 0.477651 0.069729 0.333115 -0.788382 1.128821 -0.621214 3.862308 -4.029607 -7.340682
0.408000 0.476865 0.070856 0.332490 -0.784495 1.124766 -0.628509 3.912491 -4.079955 -7.248607
0.409000 0.476082 0.071979 0.331858 -0.780557 1.120661 -0.635711 3.961518 -4.129665 -7.155780
0.410000 0.475304 0.073097 0.331219 -0.776572 1.116507 -0.642820 4.009159 -4.178607 -7.062280
0.411000 0.474529 0.074212 0.330572 -0.772539 1.112304 -0.649835 4.055238 -4.226527 -6.968148
0.412000 0.473759 0.075322 0.329919 -0.768461 1.108054 -0.656756 4.099611 -4.273095 -6.873398
0.413000 0.472992 0.076428 0.329259 -0.764340 1.103758 -0.663582 4.142351 -4.318309 -6.777901
0.414000 0.472230 0.077529 0.328592 -0.760177 1.099417 -0.670312 4.183705 -4.362452 -6.681482
0.415000 0.471472 0.078627 0.327918 -0.755973 1.095033 -0.676945 4.223760 -4.405559 -6.584236
0.416000 0.470718 0.079720 0.327238 -0.751729 1.090606 -0.683481 4.262441 -4.447410 -6.486459
0.417000 0.469968 0.080808 0.326551 -0.747448 1.086138 -0.689918 4.299827 -4.488047 -6.388239
0.418000 0.469223 0.081892 0.325858 -0.743129 1.081630 -0.696257 4.336149 -4.527826 -6.289429
0.419000 0.468482 0.082971 0.325159 -0.738775 1.077082 -0.702497 4.371456 -4.566950 -6.189987
0.420000 0.467745 0.084046 0.324453 -0.734386 1.072496 -0.708637 4.405578 -4.605354 -6.090049
0.421000 0.467013 0.085116 0.323742 -0.729964 1.067871 -0.714677 4.438353 -4.642917 -5.989728
0.422000 0.466286 0.086182 0.323024 -0.725510 1.063210 -0.720617 4.469625 -4.679423 -5.889101
0.423000 0.465562 0.087243 0.322300 -0.721025 1.058513 -0.726455 4.499247 -4.714600 -5.788221
0.424000 0.464844 0.088299 0.321571 -0.716511 1.053781 -0.732193 4.527274 -4.748476 -5.686972
0.425000 0.464129 0.089350 0.320836 -0.711970 1.049016 -0.737829 4.553937 -4.781338 -5.585172
0.426000 0.463420 0.090397 0.320095 -0.707403 1.044218 -0.743363 4.579331 -4.813228 -5.482933
0.427000 0.462714 0.091439 0.319349 -0.702812 1.039389 -0.748795 4.603398 -4.843944 -5.380585
0.428000 0.462014 0.092476 0.318598 -0.698197 1.034530 -0.754125 4.626225 -4.873529 -5.278235
0.429000 0.461318 0.093508 0.317841 -0.693559 1.029642 -0.759352 4.648025 -4.902311 -5.175721
0.430000 0.460627 0.094535 0.317079 -0.688901 1.024726 -0.764476 4.668826 -4.930444 -5.072995
0.431000 0.459940 0.095557 0.316312 -0.684222 1.019781 -0.769498 4.688488 -4.957875 -4.970166
0.432000 0.459258 0.096574 0.315540 -0.679524 1.014810 -0.774416 4.707028 -4.984752 -4.867159
0.433000 0.458581 0.097587 0.314763 -0.674808 1.009812 -0.779232 4.724643 -5.011391 -4.763703
0.434000 0.457909 0.098594 0.313982 -0.670074 1.004787 -0.783944 4.741391 -5.037835 -4.659644
0.435000 0.457241 0.099596 0.313195 -0.665325 0.999736 -0.788551 4.757148 -5.063820 -4.555026
0.436000 0.456578 0.100593 0.312405 -0.660560 0.994659 -0.793054 4.771809 -5.089093 -4.449990
0.437000 0.455920 0.101586 0.311609 -0.655781 0.989558 -0.797451 4.785313 -5.113428 -4.344856
0.438000 0.455267 0.102573 0.310810 -0.650989 0.984433 -0.801743 4.797616 -5.136611 -4.240044
0.439000 0.454618 0.103554 0.310006 -0.646186 0.979285 -0.805931 4.808833 -5.158710 -4.135685
0.440000 0.453974 0.104531 0.309198 -0.641372 0.974115 -0.810015 4.819167 -5.180041 -4.031607
0.441000 0.453335 0.105503 0.308386 -0.636548 0.968925 -0.813994 4.828626 -5.200734 -3.927743
0.442000 0.452701 0.106469 0.307570 -0.631714 0.963714 -0.817870 4.837052 -5.220716 -3.824187
0.443000 0.452072 0.107430 0.306750 -0.626873 0.958483 -0.821643 4.844443 -5.240110 -3.720847
0.444000 0.451447 0.108386 0.305926 -0.622026 0.953233 -0.825312 4.850972 -5.259220 -3.617433
0.445000 0.450828 0.109337 0.305099 -0.617172 0.947965 -0.828878 4.856700 -5.278111 -3.513799
0.446000 0.450213 0.110282 0.304269 -0.612312 0.942677 -0.832340 4.861551 -5.296622 -3.409956
0.447000 0.449603 0.111222 0.303435 -0.607448 0.937371 -0.835698 4.865583 -5.314803 -3.305764
0.448000 0.448998 0.112157 0.302597 -0.602581 0.932048 -0.838951 4.869015 -5.332918 -3.201001
0.449000 0.448398 0.113086 0.301757 -0.597710 0.926706 -0.842100 4.871969 -5.351008 -3.095759
0.450000 0.447803 0.114010 0.300913 -0.592837 0.921346 -0.845143 4.874416 -5.368841 -2.990422
0.451000 0.447212 0.114929 0.300066 -0.587962 0.915968 -0.848080 4.876289 -5.386205 -2.885321
0.452000 0.446627 0.115842 0.299217 -0.583085 0.910573 -0.850913 4.877454 -5.402931 -2.780691
0.453000 0.446046 0.116750 0.298365 -0.578207 0.905162 -0.853642 4.877740 -5.418869 -2.676714
0.454000 0.445470 0.117652 0.297510 -0.573329 0.899735 -0.856267 4.877144 -5.434112 -2.573314
0.455000 0.444899 0.118549 0.296652 -0.568452 0.894294 -0.858788 4.875821 -5.448939 -2.470190
0.456000 0.444333 0.119441 0.295792 -0.563577 0.888838 -0.861207 4.873805 -5.463409 -2.367164
0.457000 0.443772 0.120327 0.294930 -0.558705 0.883367 -0.863523 4.870975 -5.477323 -2.264273
0.458000 0.443216 0.121208 0.294065 -0.553835 0.877883 -0.865736 4.867232 -5.490482 -2.161647
0.459000 0.442665 0.122083 0.293198 -0.548970 0.872386 -0.867846 4.862514 -5.502700 -2.059580
0.460000 0.442118 0.122952 0.292329 -0.544110 0.866878 -0.869855 4.856784 -5.513793 -1.958457
0.461000 0.441576 0.123817 0.291459 -0.539257 0.861358 -0.871763 4.850133 -5.523822 -1.858371
0.462000 0.441040 0.124675 0.290586 -0.534410 0.855830 -0.873572 4.842733 -5.533047 -1.759116
0.463000 0.440508 0.125528 0.289711 -0.529571 0.850292 -0.875281 4.834594 -5.541542 -1.660616
0.464000 0.439980 0.126376 0.288835 -0.524741 0.844747 -0.876893 4.825591 -5.549186 -1.562969
0.465000 0.439458 0.127218 0.287958 -0.519920 0.839194 -0.878407 4.815722 -5.556047 -1.466078
0.466000 0.438941 0.128054 0.287078 -0.515110 0.833635 -0.879825 4.805131 -5.562383 -1.369617
0.467000 0.438428 0.128885 0.286198 -0.510310 0.828069 -0.881146 4.793855 -5.568273 -1.273390
0.468000 0.437920 0.129710 0.285316 -0.505522 0.822498 -0.882372 4.781817 -5.573610 -1.177353
0.469000 0.437417 0.130530 0.284433 -0.500746 0.816922 -0.883501 4.769054 -5.578461 -1.081320
0.470000 0.436918 0.131344 0.283549 -0.495984 0.811341 -0.884534 4.755741 -5.583065 -0.985031
0.471000 0.436425 0.132153 0.282664 -0.491235 0.805756 -0.885471 4.741977 -5.587456 -0.888559
0.472000 0.435936 0.132956 0.281778 -0.486500 0.800166 -0.886311 4.727739 -5.591425 -0.792278
0.473000 0.435452 0.133753 0.280892 -0.481779 0.794573 -0.887056 4.712973 -5.594775 -0.696514
0.474000 0.434972 0.134545 0.280004 -0.477074 0.788977 -0.887705 4.697574 -5.597337 -0.601500
0.475000 0.434498 0.135331 0.279116 -0.472384 0.783378 -0.888259 4.681408 -5.598948 -0.507415
0.476000 0.434028 0.136112 0.278228 -0.467711 0.777779 -0.888719 4.664478 -5.599673 -0.414176
0.477000 0.433562 0.136887 0.277339 -0.463055 0.772179 -0.889087 4.646915 -5.599760 -0.321468
0.478000 0.433102 0.137656 0.276449 -0.458417 0.766579 -0.889362 4.628763 -5.599310 -0.229111
0.479000 0.432645 0.138420 0.275560 -0.453798 0.760980 -0.889545 4.609961 -5.598257 -0.137090
0.480000 0.432194 0.139178 0.274670 -0.449197 0.755383 -0.889636 4.590550 -5.596688 -0.045232
0.481000 0.431747 0.139930 0.273781 -0.444617 0.749787 -0.889636 4.570694 -5.594833 0.046727
0.482000 0.431305 0.140677 0.272891 -0.440056 0.744193 -0.889543 4.550499 -5.592722 0.138746
0.483000 0.430867 0.141419 0.272002 -0.435516 0.738602 -0.889358 4.529960 -5.590155 0.230485
0.484000 0.430434 0.142155 0.271112 -0.430996 0.733013 -0.889082 4.509035 -5.586939 0.321651
0.485000 0.430005 0.142885 0.270223 -0.426497 0.727428 -0.888715 4.487616 -5.582887 0.412021
0.486000 0.429581 0.143609 0.269335 -0.422021 0.721847 -0.888258 4.465556 -5.577817 0.501421
0.487000 0.429161 0.144329 0.268447 -0.417566 0.716272 -0.887712 4.442838 -5.571763 0.589931
0.488000 0.428746 0.145042 0.267559 -0.413135 0.710704 -0.887078 4.419563 -5.564957 0.677856
0.489000 0.428335 0.145750 0.266673 -0.408727 0.705142 -0.886356 4.395754 -5.557515 0.765350
0.490000 0.427928 0.146452 0.265787 -0.404343 0.699589 -0.885547 4.371334 -5.549414 0.852391
0.491000 0.427526 0.147149 0.264902 -0.399985 0.694043 -0.884652 4.346325 -5.540766 0.939125
0.492000 0.427128 0.147840 0.264017 -0.395651 0.688507 -0.883669 4.320875 -5.531811 1.025812
0.493000 0.426735 0.148526 0.263134 -0.391343 0.682980 -0.882600 4.295093 -5.522625 1.112428
0.494000 0.426345 0.149206 0.262252 -0.387061 0.677462 -0.881444 4.269022 -5.513130 1.198712
0.495000 0.425961 0.149881 0.261371 -0.382805 0.671953 -0.880203 4.242763 -5.503387 1.284635
0.496000 0.425580 0.150550 0.260492 -0.378575 0.666455 -0.878875 4.216447 -5.493583 1.370432
0.497000 0.425203 0.151214 0.259614 -0.374372 0.660966 -0.877462 4.190069 -5.483723 1.456191
0.498000 0.424831 0.151872 0.258737 -0.370195 0.655488 -0.875963 4.163502 -5.473605 1.541772
0.499000 0.424463 0.152525 0.257862 -0.366045 0.650019 -0.874378 4.136627 -5.463076 1.627051
0.500000 0.424099 0.153172 0.256988 -0.361922 0.644561 -0.872709 4.109356 -5.452069 1.711931
0.501000 0.423739 0.153814 0.256116 -0.357826 0.639115 -0.870954 4.081612 -5.440562 1.796332
0.502000 0.423383 0.154450 0.255246 -0.353759 0.633680 -0.869116 4.053426 -5.428686 1.880388
0.503000 0.423032 0.155081 0.254378 -0.349719 0.628258 -0.867194 4.024940 -5.416663 1.964354
0.504000 0.422684 0.155707 0.253512 -0.345709 0.622847 -0.865187 3.996273 -5.404542 2.048216
0.505000 0.422340 0.156327 0.252648 -0.341727 0.617448 -0.863097 3.967493 -5.392220 2.131731
0.506000 0.422000 0.156942 0.251786 -0.337774 0.612062 -0.860924 3.938709 -5.379728 2.214877
0.507000 0.421665 0.157551 0.250926 -0.333849 0.606689 -0.858667 3.910049 -5.367238 2.297883
0.508000 0.421333 0.158155 0.250068 -0.329954 0.601328 -0.856328 3.881520 -5.354774 2.380817
0.509000 0.421005 0.158754 0.249213 -0.326086 0.595979 -0.853906 3.853019 -5.342180 2.463521
0.510000 0.420681 0.159347 0.248361 -0.322248 0.590644 -0.851401 3.824447 -5.329331 2.545859
0.511000 0.420360 0.159935 0.247510 -0.318437 0.585321 -0.848814 3.795718 -5.316158 2.627739
0.512000 0.420044 0.160518 0.246663 -0.314656 0.580011 -0.846145 3.766749 -5.302621 2.709093
0.513000 0.419731 0.161095 0.245818 -0.310904 0.574716 -0.843396 3.737557 -5.288824 2.790057
0.514000 0.419422 0.161667 0.244976 -0.307181 0.569434 -0.840565 3.708262 -5.274984 2.870882
0.515000 0.419117 0.162234 0.244137 -0.303487 0.564166 -0.837654 3.678969 -5.261195 2.951556
0.516000 0.418815 0.162796 0.243301 -0.299823 0.558911 -0.834662 3.649737 -5.247433 3.031844
0.517000 0.418517 0.163352 0.242468 -0.296188 0.553671 -0.831590 3.620664 -5.233778 3.111725
0.518000 0.418223 0.163903 0.241638 -0.292582 0.548444 -0.828439 3.591857 -5.220394 3.191430
0.519000 0.417932 0.164449 0.240811 -0.289004 0.543230 -0.825207 3.563308 -5.207279 3.271053
0.520000 0.417645 0.164989 0.239987 -0.285455 0.538029 -0.821897 3.534929 -5.194285 3.350514
0.521000 0.417361 0.165525 0.239167 -0.281934 0.532841 -0.818506 3.506704 -5.181404 3.429914
0.522000 0.417081 0.166055 0.238350 -0.278442 0.527666 -0.815037 3.478704 -5.168801 3.509540
0.523000 0.416804 0.166580 0.237537 -0.274977 0.522504 -0.811487 3.450956 -5.156575 3.589533
0.524000 0.416531 0.167100 0.236727 -0.271540 0.517353 -0.807858 3.423412 -5.144702 3.669820
0.525000 0.416261 0.167615 0.235921 -0.268130 0.512214 -0.804148 3.396048 -5.133143 3.750284
0.526000 0.415994 0.168125 0.235119 -0.264748 0.507087 -0.800357 3.368883 -5.121838 3.830726
0.527000 0.415731 0.168629 0.234320 -0.261392 0.501971 -0.796486 3.341958 -5.110715 3.910900
0.528000 0.415472 0.169128 0.233526 -0.258064 0.496865 -0.792535 3.315357 -5.099828 3.990804
0.529000 0.415215 0.169623 0.232735 -0.254762 0.491771 -0.788505 3.289172 -5.089315 4.070660
0.530000 0.414962 0.170112 0.231949 -0.251485 0.486687 -0.784394 3.263387 -5.079173 4.150552
0.531000 0.414712 0.170596 0.231167 -0.248235 0.481613 -0.780204 3.237909 -5.069266 4.230397
0.532000 0.414466 0.171075 0.230389 -0.245010 0.476548 -0.775933 3.212712 -5.059586 4.310279
0.533000 0.414222 0.171549 0.229615 -0.241809 0.471494 -0.771583 3.187855 -5.050283 4.390455
0.534000 0.413982 0.172018 0.228845 -0.238634 0.466448 -0.767152 3.163352 -5.041457 4.471026
0.535000 0.413745 0.172482 0.228080 -0.235483 0.461411 -0.762641 3.139159 -5.033100 4.551882
0.536000 0.413511 0.172941 0.227320 -0.232356 0.456382 -0.758049 3.115250 -5.025189 4.632890
0.537000 0.413280 0.173395 0.226564 -0.229252 0.451360 -0.753375 3.091644 -5.017682 4.713885
0.538000 0.413053 0.173844 0.225813 -0.226172 0.446346 -0.748621 3.068384 -5.010524 4.794677
0.539000 0.412828 0.174288 0.225067 -0.223115 0.441339 -0.743786 3.045548 -5.003765 4.875296
0.540000 0.412606 0.174726 0.224326 -0.220081 0.436339 -0.738870 3.023212 -4.997523 4.955958
0.541000 0.412388 0.175160 0.223589 -0.217069 0.431344 -0.733874 3.001355 -4.991767 5.036729
0.542000 0.412172 0.175589 0.222858 -0.214078 0.426355 -0.728797 2.979883 -4.986344 5.117512
0.543000 0.411960 0.176013 0.222132 -0.211109 0.421371 -0.723639 2.958765 -4.981216 5.198370
0.544000 0.411750 0.176432 0.221411 -0.208161 0.416393 -0.718400 2.938045 -4.976502 5.279541
0.545000 0.411543 0.176846 0.220695 -0.205233 0.411418 -0.713080 2.917733 -4.972275 5.361127
0.546000 0.411340 0.177255 0.219985 -0.202325 0.406448 -0.707678 2.897785 -4.968507 5.443033
0.547000 0.411139 0.177659 0.219280 -0.199438 0.401481 -0.702194 2.878170 -4.965160 5.525138
0.548000 0.410941 0.178058 0.218580 -0.196569 0.396518 -0.696628 2.858884 -4.962172 5.607265
0.549000 0.410746 0.178452 0.217886 -0.193720 0.391557 -0.690979 2.839939 -4.959470 5.689209
0.550000 0.410553 0.178841 0.217198 -0.190889 0.386599 -0.685249 2.821384 -4.957082 5.770973
0.551000 0.410364 0.179225 0.216516 -0.188077 0.381643 -0.679437 2.803286 -4.955101 5.852746
0.552000 0.410177 0.179604 0.215839 -0.185283 0.376689 -0.673544 2.785641 -4.953496 5.934591
0.553000 0.409993 0.179978 0.215169 -0.182506 0.371736 -0.667568 2.768394 -4.952128 6.016419
0.554000 0.409812 0.180348 0.214504 -0.179746 0.366784 -0.661511 2.751536 -4.950960 6.098287
0.555000 0.409634 0.180712 0.213846 -0.177003 0.361834 -0.655372 2.735110 -4.950088 6.180403
0.556000 0.409458 0.181071 0.213193 -0.174276 0.356884 -0.649150 2.719125 -4.949559 6.262837
0.557000 0.409285 0.181426 0.212547 -0.171564 0.351935 -0.642846 2.703541 -4.949330 6.345471
0.558000 0.409115 0.181775 0.211908 -0.168869 0.346986 -0.636459 2.688320 -4.949343 6.428165
0.559000 0.408947 0.182120 0.211275 -0.166188 0.342036 -0.629990 2.673442 -4.949522 6.510741
0.560000 0.408783 0.182459 0.210648 -0.163522 0.337087 -0.623438 2.658888 -4.949774 6.593000
0.561000 0.408620 0.182794 0.210028 -0.160870 0.332137 -0.616804 2.644682 -4.950104 6.674928
0.562000 0.408461 0.183123 0.209414 -0.158232 0.327186 -0.610088 2.630870 -4.950582 6.756671
0.563000 0.408304 0.183448 0.208808 -0.155608 0.322235 -0.603290 2.617446 -4.951178 6.838226
0.564000 0.408150 0.183768 0.208208 -0.152997 0.317284 -0.596411 2.604360 -4.951765 6.919437
0.565000 0.407998 0.184083 0.207615 -0.150400 0.312332 -0.589451 2.591597 -4.952307 7.000293
0.566000 0.407849 0.184393 0.207029 -0.147814 0.307379 -0.582411 2.579185 -4.952876 7.080944
0.567000 0.407702 0.184697 0.206450 -0.145241 0.302426 -0.575289 2.567105 -4.953497 7.161413
0.568000 0.407558 0.184997 0.205878 -0.142680 0.297472 -0.568088 2.555290 -4.954110 7.241549
0.569000 0.407417 0.185292 0.205314 -0.140131 0.292518 -0.560806 2.543685 -4.954651 7.321186
0.570000 0.407278 0.185582 0.204757 -0.137593 0.287563 -0.553445 2.532264 -4.955050 7.400134
0.571000 0.407142 0.185868 0.204207 -0.135066 0.282608 -0.546006 2.521019 -4.955233 7.478187
0.572000 0.407008 0.186148 0.203665 -0.132551 0.277653 -0.538489 2.509969 -4.955201 7.555314
0.573000 0.406877 0.186423 0.203130 -0.130046 0.272697 -0.530895 2.499154 -4.954992 7.631623
0.574000 0.406748 0.186693 0.202603 -0.127552 0.267743 -0.523226 2.488568 -4.954526 7.707089
0.575000 0.406622 0.186958 0.202083 -0.125069 0.262788 -0.515481 2.478167 -4.953625 7.781548
0.576000 0.406498 0.187219 0.201572 -0.122596 0.257835 -0.507663 2.467936 -4.952202 7.854961
0.577000 0.406376 0.187474 0.201068 -0.120133 0.252884 -0.499771 2.457896 -4.950296 7.927431
0.578000 0.406257 0.187724 0.200572 -0.117680 0.247935 -0.491808 2.448028 -4.947931 7.998930
0.579000 0.406141 0.187970 0.200084 -0.115237 0.242988 -0.483773 2.438279 -4.945078 8.069295
0.580000 0.406027 0.188210 0.199605 -0.112804 0.238045 -0.475669 2.428627 -4.941758 8.138483
0.581000 0.405915 0.188446 0.199133 -0.110380 0.233105 -0.467496 2.419092 -4.938031 8.206565
0.582000 0.405806 0.188677 0.198670 -0.107965 0.228169 -0.459256 2.409673 -4.933884 8.273457
0.583000 0.405699 0.188902 0.198215 -0.105560 0.223237 -0.450950 2.400331 -4.929217 8.338898
0.584000 0.405595 0.189123 0.197768 -0.103165 0.218310 -0.442578 2.391018 -4.923908 8.402629
0.585000 0.405493 0.189339 0.197329 -0.100778 0.213389 -0.434144 2.381668 -4.917800 8.464396
0.586000 0.405394 0.189550 0.196900 -0.098401 0.208475 -0.425650 2.372202 -4.910715 8.523947
0.587000 0.405296 0.189756 0.196478 -0.096034 0.203568 -0.417096 2.362584 -4.902566 8.581185
0.588000 0.405201 0.189957 0.196065 -0.093676 0.198669 -0.408487 2.352816 -4.893370 8.636144
0.589000 0.405109 0.190153 0.195661 -0.091328 0.193781 -0.399824 2.342881 -4.883127 8.688734
0.590000 0.405019 0.190345 0.195266 -0.088991 0.188903 -0.391110 2.332733 -4.871788 8.738739
0.591000 0.404931 0.190531 0.194879 -0.086663 0.184037 -0.382347 2.322350 -4.859351 8.786051
0.592000 0.404845 0.190713 0.194501 -0.084346 0.179184 -0.373538 2.311736 -4.845853 8.830671
0.593000 0.404762 0.190889 0.194132 -0.082039 0.174346 -0.364685 2.300867 -4.831283 8.872452
0.594000 0.404681 0.191061 0.193772 -0.079744 0.169522 -0.355793 2.289680 -4.815556 8.911077
0.595000 0.404603 0.191228 0.193420 -0.077460 0.164715 -0.346863 2.278113 -4.798561 8.946229
0.596000 0.404527 0.191391 0.193078 -0.075188 0.159925 -0.337900 2.266097 -4.780134 8.977599
0.597000 0.404452 0.191548 0.192744 -0.072928 0.155154 -0.328908 2.253566 -4.760081 9.004874
0.598000 0.404381 0.191701 0.192420 -0.070681 0.150405 -0.319891 2.240482 -4.738291 9.027893
0.599000 0.404311 0.191849 0.192105 -0.068447 0.145678 -0.310852 2.226834 -4.714750 9.046615
0.600000 0.404244 0.191992 0.191798 -0.066227 0.140975 -0.301797 2.212580 -4.689432 9.060884
0.601000 0.404179 0.192131 0.191501 -0.064022 0.136299 -0.292730 2.197651 -4.662272 9.070420
0.602000 0.404116 0.192265 0.191213 -0.061832 0.131651 -0.283656 2.182003 -4.633241 9.075049
0.603000 0.404055 0.192394 0.190934 -0.059658 0.127032 -0.274580 2.165627 -4.602337 9.074694
0.604000 0.403996 0.192519 0.190664 -0.057501 0.122446 -0.265507 2.148497 -4.569497 9.069141
0.605000 0.403940 0.192639 0.190403 -0.055361 0.117893 -0.256442 2.130563 -4.534590 9.058011
0.606000 0.403886 0.192755 0.190151 -0.053239 0.113377 -0.247391 2.111762 -4.497462 9.040926
0.607000 0.403833 0.192866 0.189908 -0.051137 0.108898 -0.238360 2.092014 -4.457926 9.017515
0.608000 0.403783 0.192973 0.189674 -0.049055 0.104461 -0.229356 2.071228 -4.415771 8.987406
0.609000 0.403735 0.193075 0.189449 -0.046995 0.100067 -0.220385 2.049347 -4.370865 8.950367
0.610000 0.403689 0.193173 0.189233 -0.044957 0.095719 -0.211455 2.026346 -4.323163 8.906281
0.611000 0.403645 0.193266 0.189026 -0.042942 0.091421 -0.202573 2.002187 -4.272619 8.854920
0.612000 0.403604 0.193356 0.188828 -0.040952 0.087174 -0.193745 1.976809 -4.219153 8.795943
0.613000 0.403564 0.193441 0.188639 -0.038988 0.082982 -0.184981 1.950173 -4.162717 8.729107
0.614000 0.403526 0.193522 0.188458 -0.037052 0.078848 -0.176287 1.922257 -4.103292 8.654259
0.615000 0.403489 0.193598 0.188286 -0.035144 0.074776 -0.167672 1.893015 -4.040820 8.571114
0.616000 0.403455 0.193671 0.188123 -0.033266 0.070767 -0.159145 1.862382 -3.975208 8.479263
0.617000 0.403423 0.193740 0.187968 -0.031419 0.066825 -0.150714 1.830309 -3.906385 8.378404
0.618000 0.403392 0.193805 0.187821 -0.029605 0.062954 -0.142388 1.796767 -3.834297 8.268351
0.619000 0.403364 0.193866 0.187683 -0.027826 0.059157 -0.134177 1.761704 -3.758821 8.148811
0.620000 0.403337 0.193923 0.187553 -0.026082 0.055436 -0.126091 1.725041 -3.679770 8.019349
0.621000 0.403312 0.193977 0.187431 -0.024376 0.051797 -0.118138 1.686698 -3.596981 7.879531
0.622000 0.403288 0.194027 0.187317 -0.022708 0.048242 -0.110331 1.646590 -3.510334 7.728930
0.623000 0.403266 0.194073 0.187210 -0.021082 0.044776 -0.102681 1.604635 -3.419729 7.567122
0.624000 0.403246 0.194116 0.187111 -0.019499 0.041403 -0.095197 1.560774 -3.325101 7.393800
0.625000 0.403227 0.194156 0.187020 -0.017961 0.038126 -0.087893 1.514976 -3.226401 7.208745
0.626000 0.403210 0.194193 0.186936 -0.016469 0.034950 -0.080780 1.467203 -3.123533 7.011613
0.627000 0.403194 0.194226 0.186858 -0.015026 0.031879 -0.073870 1.417403 -3.016363 6.801942
0.628000 0.403180 0.194256 0.186788 -0.013634 0.028917 -0.067176 1.365535 -2.904785 6.579376
0.629000 0.403167 0.194284 0.186724 -0.012295 0.026070 -0.060711 1.311551 -2.788704 6.343678
0.630000 0.403155 0.194308 0.186667 -0.011011 0.023340 -0.054489 1.255359 -2.667963 6.094526
0.631000 0.403145 0.194330 0.186615 -0.009785 0.020734 -0.048522 1.196833 -2.542345 5.831501
0.632000 0.403136 0.194350 0.186569 -0.008618 0.018255 -0.042826 1.135879 -2.411687 5.554270
0.633000 0.403128 0.194367 0.186529 -0.007513 0.015910 -0.037413 1.072444 -2.275897 5.262582
0.634000 0.403121 0.194382 0.186495 -0.006473 0.013704 -0.032300 1.006478 -2.134878 4.956071
0.635000 0.403115 0.194394 0.186465 -0.005500 0.011641 -0.027501 0.937917 -1.988500 4.634241
0.636000 0.403110 0.194405 0.186440 -0.004597 0.009727 -0.023032 0.866696 -1.836634 4.296615
0.637000 0.403106 0.194414 0.186419 -0.003767 0.007967 -0.018908 0.792748 -1.679148 3.942760
0.638000 0.403102 0.194421 0.186402 -0.003011 0.006368 -0.015146 0.716005 -1.515908 3.572265
0.639000 0.403100 0.194427 0.186388 -0.002335 0.004935 -0.011764 0.338464 -0.716417 1.691404
0.640000 0.403097 0.194431 0.186378 -0.002335 0.004935 -0.011764 0.338464 -0.716417 1.691404
