0.000000 0.672036 -0.195352 0.135928 0.024958 -0.006303 0.003814 0.171963 -0.129300 0.942178
0.001000 0.672061 -0.195358 0.135931 0.024958 -0.006303 0.003814 0.171963 -0.129300 0.942178
0.002000 0.672086 -0.195364 0.135936 0.025302 -0.006562 0.005699 0.339539 -0.260814 1.924284
0.003000 0.672112 -0.195371 0.135943 0.025638 -0.006825 0.007663 0.330523 -0.265174 2.004963
0.004000 0.672138 -0.195378 0.135951 0.025963 -0.007092 0.009709 0.321021 -0.269389 2.087283
0.005000 0.672164 -0.195385 0.135962 0.026280 -0.007363 0.011837 0.311028 -0.273444 2.171236
0.006000 0.672190 -0.195393 0.135975 0.026586 -0.007639 0.014051 0.300547 -0.277305 2.256812
0.007000 0.672217 -0.195400 0.135990 0.026881 -0.007918 0.016351 0.289585 -0.280932 2.343998
0.008000 0.672244 -0.195408 0.136008 0.027165 -0.008201 0.018739 0.278145 -0.284291 2.432776
0.009000 0.672271 -0.195417 0.136028 0.027437 -0.008487 0.021217 0.266219 -0.287365 2.523108
0.010000 0.672299 -0.195425 0.136050 0.027697 -0.008776 0.023785 0.253809 -0.290143 2.614923
0.011000 0.672327 -0.195434 0.136075 0.027945 -0.009067 0.026446 0.240922 -0.292614 2.708134
0.012000 0.672355 -0.195444 0.136103 0.028179 -0.009361 0.029201 0.227555 -0.294750 2.802676
0.013000 0.672383 -0.195453 0.136134 0.028400 -0.009656 0.032052 0.213692 -0.296488 2.898526
0.014000 0.672411 -0.195463 0.136167 0.028606 -0.009954 0.034999 0.199306 -0.297753 2.995684
0.015000 0.672440 -0.195473 0.136204 0.028798 -0.010252 0.038043 0.184371 -0.298483 3.094147
0.016000 0.672469 -0.195483 0.136243 0.028975 -0.010551 0.041187 0.168857 -0.298649 3.193909
0.017000 0.672498 -0.195494 0.136286 0.029136 -0.010849 0.044431 0.152737 -0.298236 3.294985
0.018000 0.672527 -0.195505 0.136332 0.029281 -0.011147 0.047777 0.135982 -0.297234 3.397401
0.019000 0.672557 -0.195516 0.136382 0.029408 -0.011444 0.051226 0.118567 -0.295634 3.501160
0.020000 0.672586 -0.195528 0.136435 0.029518 -0.011738 0.054779 0.100471 -0.293436 3.606225
0.021000 0.672616 -0.195540 0.136491 0.029609 -0.012031 0.058438 0.081693 -0.290653 3.712523
0.022000 0.672645 -0.195552 0.136551 0.029681 -0.012320 0.062204 0.062237 -0.287308 3.819963
0.023000 0.672675 -0.195565 0.136616 0.029733 -0.012605 0.066078 0.042102 -0.283414 3.928463
0.024000 0.672705 -0.195577 0.136684 0.029765 -0.012887 0.070061 0.021280 -0.278957 4.037949
0.025000 0.672735 -0.195590 0.136756 0.029776 -0.013163 0.074154 -0.000231 -0.273903 4.148353
0.026000 0.672764 -0.195604 0.136832 0.029765 -0.013434 0.078358 -0.022425 -0.268200 4.259607
0.027000 0.672794 -0.195617 0.136912 0.029731 -0.013700 0.082673 -0.045295 -0.261789 4.371646
0.028000 0.672824 -0.195631 0.136997 0.029674 -0.013958 0.087101 -0.068833 -0.254597 4.484418
0.029000 0.672853 -0.195645 0.137087 0.029593 -0.014209 0.091642 -0.093035 -0.246540 4.597873
0.030000 0.672883 -0.195659 0.137181 0.029488 -0.014451 0.096297 -0.117898 -0.237550 4.711949
0.031000 0.672912 -0.195674 0.137279 0.029358 -0.014684 0.101066 -0.143423 -0.227573 4.826565
0.032000 0.672942 -0.195689 0.137383 0.029201 -0.014906 0.105950 -0.169585 -0.216539 4.941627
0.033000 0.672971 -0.195704 0.137491 0.029018 -0.015117 0.110949 -0.196344 -0.204368 5.057033
0.034000 0.673000 -0.195719 0.137605 0.028809 -0.015315 0.116064 -0.223676 -0.190989 5.172683
0.035000 0.673028 -0.195734 0.137723 0.028571 -0.015499 0.121295 -0.251580 -0.176347 5.288497
0.036000 0.673057 -0.195750 0.137847 0.028305 -0.015668 0.126641 -0.280053 -0.160372 5.404436
0.037000 0.673085 -0.195766 0.137977 0.028011 -0.015820 0.132103 -0.309089 -0.142983 5.520480
0.038000 0.673113 -0.195782 0.138111 0.027687 -0.015954 0.137682 -0.338689 -0.124112 5.636588
0.039000 0.673140 -0.195798 0.138252 0.027334 -0.016068 0.143377 -0.368859 -0.103723 5.752698
0.040000 0.673168 -0.195814 0.138398 0.026950 -0.016161 0.149187 -0.399599 -0.081798 5.868782
0.041000 0.673194 -0.195830 0.138550 0.026534 -0.016231 0.155114 -0.430899 -0.058323 5.984837
0.042000 0.673221 -0.195846 0.138708 0.026088 -0.016278 0.161157 -0.462750 -0.033292 6.100849
0.043000 0.673247 -0.195863 0.138873 0.025609 -0.016298 0.167316 -0.495142 -0.006714 6.216780
0.044000 0.673272 -0.195879 0.139043 0.025097 -0.016291 0.173591 -0.528064 0.021392 6.332579
0.045000 0.673297 -0.195895 0.139220 0.024553 -0.016255 0.179981 -0.561515 0.051017 6.448163
0.046000 0.673321 -0.195911 0.139403 0.023974 -0.016189 0.186487 -0.595510 0.082167 6.563432
0.047000 0.673345 -0.195927 0.139593 0.023362 -0.016091 0.193108 -0.630071 0.114856 6.678313
0.048000 0.673368 -0.195944 0.139789 0.022714 -0.015959 0.199844 -0.665221 0.149100 6.792757
0.049000 0.673390 -0.195959 0.139992 0.022031 -0.015793 0.206693 -0.700980 0.184914 6.906681
0.050000 0.673412 -0.195975 0.140203 0.021312 -0.015590 0.213657 -0.737361 0.222313 7.019956
0.051000 0.673433 -0.195991 0.140420 0.020557 -0.015348 0.220733 -0.774357 0.261313 7.132462
0.052000 0.673453 -0.196006 0.140644 0.019764 -0.015067 0.227922 -0.811957 0.301930 7.244089
0.053000 0.673472 -0.196021 0.140876 0.018933 -0.014744 0.235222 -0.850151 0.344175 7.354706
0.054000 0.673491 -0.196035 0.141114 0.018063 -0.014379 0.242631 -0.888939 0.388053 7.464191
0.055000 0.673508 -0.196049 0.141361 0.017155 -0.013968 0.250150 -0.928312 0.433554 7.572492
0.056000 0.673525 -0.196063 0.141615 0.016207 -0.013511 0.257776 -0.968250 0.480654 7.679618
0.057000 0.673541 -0.196077 0.141876 0.015218 -0.013007 0.265509 -1.008734 0.529332 7.785549
0.058000 0.673555 -0.196089 0.142146 0.014189 -0.012453 0.273347 -1.049743 0.579564 7.890229
0.059000 0.673569 -0.196101 0.142423 0.013119 -0.011848 0.281290 -1.091258 0.631328 7.993577
0.060000 0.673582 -0.196113 0.142708 0.012007 -0.011190 0.289334 -1.133265 0.684609 8.095451
0.061000 0.673593 -0.196124 0.143002 0.010852 -0.010478 0.297480 -1.175766 0.739408 8.195624
0.062000 0.673603 -0.196134 0.143303 0.009655 -0.009711 0.305726 -1.218772 0.795734 8.293818
0.063000 0.673612 -0.196143 0.143613 0.008415 -0.008887 0.314068 -1.262291 0.853597 8.389739
0.064000 0.673620 -0.196152 0.143931 0.007131 -0.008004 0.322505 -1.306334 0.913006 8.483084
0.065000 0.673627 -0.196159 0.144258 0.005802 -0.007061 0.331034 -1.350907 0.973970 8.573545
0.066000 0.673632 -0.196166 0.144594 0.004429 -0.006056 0.339652 -1.396011 1.036493 8.660830
0.067000 0.673636 -0.196171 0.144938 0.003010 -0.004988 0.348356 -1.441621 1.100572 8.744775
0.068000 0.673638 -0.196176 0.145290 0.001546 -0.003855 0.357142 -1.487666 1.166185 8.825470
0.069000 0.673639 -0.196179 0.145652 0.000035 -0.002656 0.366007 -1.534056 1.233293 8.903230
0.070000 0.673638 -0.196181 0.146022 -0.001523 -0.001388 0.374948 -1.580741 1.301848 8.978389
0.071000 0.673636 -0.196182 0.146402 -0.003127 -0.000052 0.383964 -1.627723 1.371807 9.051124
0.072000 0.673632 -0.196181 0.146790 -0.004778 0.001355 0.393051 -1.675022 1.443141 9.121388
0.073000 0.673626 -0.196179 0.147188 -0.006477 0.002834 0.402206 -1.722643 1.515818 9.189005
0.074000 0.673619 -0.196176 0.147595 -0.008223 0.004387 0.411429 -1.770582 1.589783 9.253838
0.075000 0.673610 -0.196170 0.148011 -0.010018 0.006014 0.420714 -1.818832 1.664962 9.315824
0.076000 0.673599 -0.196163 0.148436 -0.011861 0.007717 0.430060 -1.867385 1.741278 9.374961
0.077000 0.673586 -0.196155 0.148871 -0.013753 0.009496 0.439464 -1.916229 1.818653 9.431359
0.078000 0.673571 -0.196144 0.149315 -0.015693 0.011354 0.448923 -1.965352 1.897008 9.485188
0.079000 0.673555 -0.196132 0.149769 -0.017683 0.013290 0.458434 -2.014742 1.976274 9.536468
0.080000 0.673536 -0.196118 0.150232 -0.019723 0.015307 0.467996 -2.064393 2.056379 9.585052
0.081000 0.673515 -0.196102 0.150705 -0.021812 0.017403 0.477605 -2.114310 2.137203 9.630826
0.082000 0.673492 -0.196083 0.151187 -0.023952 0.019581 0.487258 -2.164509 2.218593 9.673735
0.083000 0.673467 -0.196062 0.151679 -0.026141 0.021840 0.496952 -2.214990 2.300431 9.713634
0.084000 0.673440 -0.196039 0.152181 -0.028381 0.024182 0.506685 -2.265729 2.382667 9.750279
0.085000 0.673410 -0.196014 0.152693 -0.030673 0.026606 0.516453 -2.316675 2.465297 9.783481
0.086000 0.673379 -0.195986 0.153214 -0.033015 0.029112 0.526252 -2.367767 2.548330 9.813152
0.087000 0.673344 -0.195956 0.153745 -0.035408 0.031702 0.536079 -2.418947 2.631764 9.839277
0.088000 0.673308 -0.195923 0.154286 -0.037853 0.034376 0.545930 -2.470172 2.715581 9.861987
0.089000 0.673269 -0.195887 0.154837 -0.040349 0.037134 0.555803 -2.521405 2.799749 9.881488
0.090000 0.673227 -0.195849 0.155398 -0.042896 0.039975 0.565693 -2.572609 2.884232 9.897809
0.091000 0.673183 -0.195807 0.155968 -0.045494 0.042902 0.575598 -2.623754 2.968982 9.910813
0.092000 0.673136 -0.195763 0.156549 -0.048143 0.045913 0.585515 -2.674822 3.053933 9.920463
0.093000 0.673087 -0.195715 0.157139 -0.050843 0.049010 0.595439 -2.725801 3.139008 9.926839
0.094000 0.673034 -0.195665 0.157740 -0.053595 0.052191 0.605369 -2.776671 3.224137 9.929880
0.095000 0.672979 -0.195611 0.158350 -0.056397 0.055458 0.615299 -2.827400 3.309269 9.929379
0.096000 0.672922 -0.195554 0.158970 -0.059249 0.058810 0.625227 -2.877962 3.394378 9.925232
0.097000 0.672861 -0.195493 0.159600 -0.062153 0.062247 0.635150 -2.928335 3.479440 9.917447
0.098000 0.672797 -0.195429 0.160241 -0.065106 0.065769 0.645062 -2.978488 3.564422 9.905915
0.099000 0.672731 -0.195362 0.160891 -0.068110 0.069376 0.654961 -3.028391 3.649273 9.890470
0.100000 0.672661 -0.195291 0.161551 -0.071163 0.073067 0.664843 -3.078031 3.733929 9.871199
0.101000 0.672588 -0.195216 0.162220 -0.074266 0.076844 0.674704 -3.127408 3.818319 9.848375
0.102000 0.672513 -0.195137 0.162900 -0.077418 0.080704 0.684540 -3.176506 3.902368 9.822074
0.103000 0.672434 -0.195054 0.163589 -0.080619 0.084648 0.694348 -3.225291 3.985991 9.792142
0.104000 0.672351 -0.194968 0.164289 -0.083868 0.088676 0.704124 -3.273740 4.069081 9.758541
0.105000 0.672266 -0.194877 0.164998 -0.087166 0.092787 0.713865 -3.321845 4.151525 9.721407
0.106000 0.672177 -0.194782 0.165716 -0.090512 0.096979 0.723567 -3.369594 4.233251 9.680849
0.107000 0.672085 -0.194683 0.166445 -0.093905 0.101253 0.733227 -3.416972 4.314259 9.636937
0.108000 0.671989 -0.194579 0.167183 -0.097346 0.105608 0.742841 -3.463960 4.394585 9.589715
0.109000 0.671890 -0.194472 0.167930 -0.100833 0.110042 0.752406 -3.510521 4.474236 9.539050
0.110000 0.671787 -0.194359 0.168688 -0.104367 0.114556 0.761919 -3.556611 4.553179 9.484746
0.111000 0.671681 -0.194243 0.169454 -0.107947 0.119149 0.771376 -3.602208 4.631388 9.426889
0.112000 0.671572 -0.194121 0.170230 -0.111571 0.123819 0.780773 -3.647310 4.708850 9.365787
0.113000 0.671458 -0.193995 0.171016 -0.115241 0.128566 0.790107 -3.691895 4.785527 9.301521
0.114000 0.671341 -0.193864 0.171811 -0.118955 0.133390 0.799376 -3.735922 4.861347 9.233927
0.115000 0.671220 -0.193728 0.172615 -0.122713 0.138289 0.808575 -3.779386 4.936238 9.162997
0.116000 0.671096 -0.193587 0.173428 -0.126514 0.143262 0.817702 -3.822310 5.010147 9.088946
0.117000 0.670967 -0.193442 0.174250 -0.130358 0.148309 0.826753 -3.864716 5.083048 9.011971
0.118000 0.670835 -0.193291 0.175081 -0.134243 0.153428 0.835726 -3.906623 5.154971 8.932242
0.119000 0.670699 -0.193135 0.175921 -0.138171 0.158619 0.844617 -3.948043 5.225979 8.849918
0.120000 0.670559 -0.192974 0.176770 -0.142139 0.163880 0.853426 -3.988954 5.296079 8.764925
0.121000 0.670415 -0.192807 0.177628 -0.146149 0.169211 0.862147 -4.029311 5.365228 8.677070
0.122000 0.670266 -0.192635 0.178495 -0.150198 0.174611 0.870780 -4.069108 5.433400 8.586454
0.123000 0.670114 -0.192458 0.179370 -0.154287 0.180078 0.879320 -4.108371 5.500598 8.493424
0.124000 0.669958 -0.192275 0.180253 -0.158415 0.185612 0.887767 -4.147087 5.566784 8.398073
0.125000 0.669797 -0.192087 0.181145 -0.162581 0.191212 0.896116 -4.185205 5.631869 8.300224
0.126000 0.669633 -0.191893 0.182046 -0.166785 0.196876 0.904367 -4.222707 5.695783 8.199882
0.127000 0.669464 -0.191693 0.182954 -0.171027 0.202603 0.912516 -4.259608 5.758486 8.097311
0.128000 0.669291 -0.191487 0.183871 -0.175304 0.208393 0.920562 -4.295925 5.819977 7.992758
0.129000 0.669113 -0.191276 0.184795 -0.179618 0.214243 0.928502 -4.331666 5.880327 7.886446
0.130000 0.668931 -0.191059 0.185728 -0.183968 0.220153 0.936335 -4.366837 5.939642 7.778583
0.131000 0.668745 -0.190836 0.186668 -0.188352 0.226123 0.944059 -4.401401 5.997955 7.669113
0.132000 0.668555 -0.190607 0.187616 -0.192771 0.232149 0.951673 -4.435297 6.055233 7.557826
0.133000 0.668360 -0.190371 0.188571 -0.197223 0.238233 0.959174 -4.468528 6.111497 7.444819
0.134000 0.668160 -0.190130 0.189534 -0.201708 0.244372 0.966562 -4.501141 6.166823 7.330452
0.135000 0.667956 -0.189883 0.190504 -0.206225 0.250567 0.973835 -4.533131 6.221218 7.214814
0.136000 0.667748 -0.189629 0.191482 -0.210774 0.256815 0.980992 -4.564444 6.274603 7.097695
0.137000 0.667535 -0.189369 0.192466 -0.215354 0.263116 0.988031 -4.595065 6.326925 6.979072
0.138000 0.667317 -0.189103 0.193458 -0.219964 0.269469 0.994950 -4.625025 6.378169 6.859142
0.139000 0.667095 -0.188830 0.194456 -0.224604 0.275872 1.001749 -4.654305 6.428272 6.737863
0.140000 0.666868 -0.188551 0.195461 -0.229273 0.282325 1.008426 -4.682840 6.477153 6.614943
0.141000 0.666636 -0.188265 0.196473 -0.233970 0.288826 1.014979 -4.710624 6.524831 6.490304
0.142000 0.666400 -0.187973 0.197491 -0.238694 0.295375 1.021407 -4.737719 6.571421 6.364148
0.143000 0.666159 -0.187675 0.198516 -0.243445 0.301969 1.027707 -4.764178 6.617030 6.236733
0.144000 0.665913 -0.187369 0.199547 -0.248222 0.308609 1.033880 -4.790053 6.661760 6.108416
0.145000 0.665662 -0.187057 0.200584 -0.253025 0.315293 1.039924 -4.815390 6.705706 5.979609
0.146000 0.665407 -0.186739 0.201627 -0.257853 0.322020 1.045839 -4.840163 6.748861 5.850383
0.147000 0.665147 -0.186413 0.202675 -0.262705 0.328791 1.051625 -4.864297 6.791129 5.720509
0.148000 0.664882 -0.186081 0.203730 -0.267582 0.335603 1.057280 -4.887782 6.832467 5.589975
0.149000 0.664611 -0.185742 0.204790 -0.272481 0.342456 1.062805 -4.910664 6.872891 5.459012
0.150000 0.664337 -0.185396 0.205855 -0.277403 0.349348 1.068198 -4.932929 6.912349 5.327592
0.151000 0.664057 -0.185044 0.206926 -0.282347 0.356280 1.073460 -4.954501 6.950736 5.195433
0.152000 0.663772 -0.184684 0.208002 -0.287312 0.363250 1.078589 -4.975377 6.988059 5.062497
0.153000 0.663482 -0.184317 0.209083 -0.292298 0.370256 1.083585 -4.995621 7.024408 4.928992
0.154000 0.663187 -0.183943 0.210170 -0.297303 0.377299 1.088447 -5.015222 7.059781 4.794878
0.155000 0.662887 -0.183562 0.211260 -0.302328 0.384376 1.093175 -5.034095 7.094090 4.659880
0.156000 0.662583 -0.183175 0.212356 -0.307371 0.391487 1.097767 -5.052222 7.127341 4.524019
0.157000 0.662273 -0.182779 0.213456 -0.312432 0.398631 1.102223 -5.069662 7.159653 4.387652
0.158000 0.661958 -0.182377 0.214560 -0.317511 0.405806 1.106542 -5.086483 7.191120 4.251113
0.159000 0.661638 -0.181968 0.215669 -0.322605 0.413013 1.110725 -5.102758 7.221799 4.114704
0.160000 0.661313 -0.181551 0.216782 -0.327716 0.420250 1.114772 -5.118567 7.251722 3.978704
0.161000 0.660982 -0.181127 0.217899 -0.332843 0.427516 1.118682 -5.133893 7.280820 3.843060
0.162000 0.660647 -0.180696 0.219019 -0.337984 0.434811 1.122458 -5.148637 7.308973 3.707450
0.163000 0.660306 -0.180258 0.220143 -0.343140 0.442134 1.126097 -5.162773 7.336216 3.571788
0.164000 0.659961 -0.179812 0.221271 -0.348310 0.449484 1.129601 -5.176341 7.362699 3.436237
0.165000 0.659610 -0.179359 0.222403 -0.353493 0.456860 1.132970 -5.189308 7.388449 3.300712
0.166000 0.659254 -0.178898 0.223537 -0.358688 0.464261 1.136203 -5.201578 7.413359 3.164916
0.167000 0.658892 -0.178430 0.224675 -0.363896 0.471686 1.139300 -5.213151 7.437418 3.028878
0.168000 0.658526 -0.177955 0.225816 -0.369114 0.479136 1.142260 -5.224119 7.460714 2.892916
0.169000 0.658154 -0.177472 0.226960 -0.374344 0.486608 1.145085 -5.234479 7.483217 2.757057
0.170000 0.657777 -0.176982 0.228106 -0.379583 0.494102 1.147775 -5.244131 7.504773 2.621012
0.171000 0.657395 -0.176484 0.229255 -0.384832 0.501617 1.150327 -5.253064 7.525313 2.484730
0.172000 0.657007 -0.175978 0.230407 -0.390090 0.509153 1.152744 -5.261370 7.544894 2.348480
0.173000 0.656615 -0.175465 0.231561 -0.395355 0.516707 1.155024 -5.269145 7.563601 2.212524
0.174000 0.656217 -0.174945 0.232717 -0.400628 0.524280 1.157169 -5.276497 7.581571 2.077101
0.175000 0.655813 -0.174417 0.233875 -0.405908 0.531870 1.159179 -5.283536 7.598967 1.942445
0.176000 0.655405 -0.173881 0.235035 -0.411195 0.539478 1.161054 -5.290249 7.615790 1.808466
0.177000 0.654991 -0.173338 0.236197 -0.416488 0.547102 1.162796 -5.296524 7.631896 1.674849
0.178000 0.654572 -0.172787 0.237361 -0.421788 0.554742 1.164404 -5.302338 7.647245 1.541597
0.179000 0.654147 -0.172228 0.238526 -0.427093 0.562396 1.165879 -5.307760 7.661913 1.409006
0.180000 0.653718 -0.171662 0.239692 -0.432403 0.570065 1.167222 -5.312732 7.675816 1.277008
0.181000 0.653283 -0.171088 0.240860 -0.437719 0.577748 1.168433 -5.316978 7.688584 1.144898
0.182000 0.652842 -0.170507 0.242029 -0.443037 0.585443 1.169511 -5.320099 7.699690 1.011607
0.183000 0.652397 -0.169917 0.243199 -0.448359 0.593147 1.170456 -5.321664 7.708566 0.875996
0.184000 0.651946 -0.169320 0.244370 -0.453681 0.600860 1.171263 -5.321241 7.714639 0.736927
0.185000 0.651489 -0.168716 0.245542 -0.459001 0.608577 1.171930 -5.318442 7.717392 0.593390
0.186000 0.651028 -0.168103 0.246714 -0.464318 0.616294 1.172450 -5.313138 7.716635 0.445040
0.187000 0.650561 -0.167483 0.247887 -0.469628 0.624010 1.172820 -5.305670 7.712764 0.292722
0.188000 0.650088 -0.166855 0.249060 -0.474929 0.631720 1.173036 -5.296663 7.706538 0.138016
0.189000 0.649611 -0.166220 0.250233 -0.480221 0.639423 1.173096 -5.286611 7.698565 -0.017816
0.190000 0.649128 -0.165576 0.251406 -0.485502 0.647117 1.173000 -5.275773 7.689182 -0.174075
0.191000 0.648640 -0.164925 0.252579 -0.490772 0.654801 1.172748 -5.264303 7.678611 -0.330312
0.192000 0.648146 -0.164267 0.253751 -0.496031 0.662474 1.172339 -5.252306 7.666982 -0.486228
0.193000 0.647648 -0.163601 0.254924 -0.501277 0.670135 1.171775 -5.239899 7.654388 -0.641552
0.194000 0.647144 -0.162927 0.256095 -0.506511 0.677783 1.171056 -5.227200 7.640897 -0.796031
0.195000 0.646635 -0.162245 0.257266 -0.511731 0.685417 1.170183 -5.214183 7.626404 -0.949746
0.196000 0.646120 -0.161556 0.258435 -0.516939 0.693036 1.169157 -5.200707 7.610704 -1.103042
0.197000 0.645601 -0.160859 0.259604 -0.522133 0.700638 1.167977 -5.186759 7.593797 -1.255997
0.198000 0.645076 -0.160154 0.260771 -0.527313 0.708224 1.166645 -5.172446 7.575854 -1.408426
0.199000 0.644546 -0.159442 0.261937 -0.532478 0.715790 1.165160 -5.157745 7.556863 -1.560402
0.200000 0.644011 -0.158723 0.263102 -0.537628 0.723337 1.163524 -5.142506 7.536622 -1.712244
0.201000 0.643471 -0.157996 0.264264 -0.542763 0.730863 1.161736 -5.126699 7.515057 -1.863977
0.202000 0.642926 -0.157261 0.265425 -0.547881 0.738367 1.159796 -5.110408 7.492243 -2.015340
0.203000 0.642375 -0.156519 0.266584 -0.552984 0.745848 1.157705 -5.093594 7.468087 -2.166353
0.204000 0.641820 -0.155769 0.267740 -0.558069 0.753304 1.155463 -5.076098 7.442325 -2.317341
0.205000 0.641259 -0.155012 0.268895 -0.563136 0.760733 1.153070 -5.057894 7.414826 -2.468392
0.206000 0.640693 -0.154248 0.270047 -0.568184 0.768133 1.150527 -5.039111 7.385650 -2.619274
0.207000 0.640123 -0.153476 0.271196 -0.573214 0.775504 1.147832 -5.019879 7.354908 -2.769753
0.208000 0.639547 -0.152697 0.272342 -0.578224 0.782843 1.144987 -5.000318 7.322811 -2.919593
0.209000 0.638966 -0.151910 0.273486 -0.583215 0.790149 1.141993 -4.980545 7.289624 -3.068555
0.210000 0.638380 -0.151117 0.274626 -0.588185 0.797422 1.138850 -4.960514 7.255365 -3.216717
0.211000 0.637790 -0.150316 0.275764 -0.593136 0.804660 1.135559 -4.940051 7.219832 -3.364405
0.212000 0.637194 -0.149507 0.276897 -0.598065 0.811862 1.132121 -4.919122 7.182982 -3.511669
0.213000 0.636594 -0.148692 0.278028 -0.602974 0.819026 1.128536 -4.897863 7.144989 -3.658227
0.214000 0.635988 -0.147869 0.279154 -0.607861 0.826152 1.124805 -4.876400 7.106012 -3.803819
0.215000 0.635378 -0.147040 0.280277 -0.612727 0.833238 1.120928 -4.854859 7.066188 -3.948228
0.216000 0.634763 -0.146203 0.281396 -0.617571 0.840284 1.116908 -4.833357 7.025638 -4.091257
0.217000 0.634143 -0.145359 0.282511 -0.622393 0.847289 1.112746 -4.811840 6.984259 -4.233017
0.218000 0.633518 -0.144508 0.283622 -0.627194 0.854253 1.108442 -4.790111 6.941802 -4.373849
0.219000 0.632888 -0.143651 0.284728 -0.631974 0.861173 1.103998 -4.768106 6.898247 -4.513832
0.220000 0.632254 -0.142786 0.285830 -0.636731 0.868049 1.099415 -4.745890 6.853776 -4.652785
0.221000 0.631615 -0.141914 0.286927 -0.641465 0.874881 1.094693 -4.723393 6.808364 -4.790774
0.222000 0.630971 -0.141036 0.288019 -0.646177 0.881666 1.089833 -4.700421 6.761773 -4.928103
0.223000 0.630323 -0.140151 0.289107 -0.650866 0.888404 1.084836 -4.676940 6.713963 -5.064805
0.224000 0.629669 -0.139259 0.290189 -0.655531 0.895094 1.079703 -4.653103 6.665136 -5.200590
0.225000 0.629012 -0.138361 0.291266 -0.660172 0.901734 1.074435 -4.629048 6.615454 -5.335197
0.226000 0.628349 -0.137456 0.292338 -0.664789 0.908325 1.069033 -4.604892 6.565008 -5.468420
0.227000 0.627682 -0.136544 0.293404 -0.669382 0.914864 1.063498 -4.580742 6.513853 -5.600085
0.228000 0.627010 -0.135626 0.294465 -0.673951 0.921353 1.057833 -4.556521 6.461818 -5.730304
0.229000 0.626334 -0.134702 0.295520 -0.678495 0.927788 1.052038 -4.532012 6.408610 -5.859406
0.230000 0.625653 -0.133771 0.296569 -0.683015 0.934170 1.046114 -4.507153 6.354215 -5.987470
0.231000 0.624968 -0.132833 0.297612 -0.687510 0.940497 1.040063 -4.482068 6.298900 -6.114270
0.232000 0.624278 -0.131890 0.298649 -0.691979 0.946768 1.033885 -4.456884 6.242920 -6.239584
0.233000 0.623584 -0.130940 0.299680 -0.696423 0.952982 1.027584 -4.431741 6.186508 -6.363198
0.234000 0.622885 -0.129984 0.300704 -0.700843 0.959141 1.021159 -4.406779 6.129882 -6.484902
0.235000 0.622182 -0.129021 0.301722 -0.705237 0.965242 1.014614 -4.381945 6.072975 -6.604774
0.236000 0.621475 -0.128053 0.302733 -0.709606 0.971287 1.007950 -4.357023 6.015471 -6.723144
0.237000 0.620763 -0.127079 0.303738 -0.713951 0.977273 1.001168 -4.331947 5.957222 -6.840148
0.238000 0.620047 -0.126099 0.304736 -0.718270 0.983201 0.994269 -4.306845 5.898322 -6.955658
0.239000 0.619327 -0.125112 0.305726 -0.722565 0.989070 0.987256 -4.281841 5.838913 -7.069529
0.240000 0.618602 -0.124120 0.306710 -0.726834 0.994879 0.980130 -4.257054 5.779222 -7.181595
0.241000 0.617873 -0.123123 0.307687 -0.731079 1.000628 0.972893 -4.232597 5.719521 -7.291674
0.242000 0.617140 -0.122119 0.308656 -0.735299 1.006318 0.965547 -4.208389 5.659789 -7.399847
0.243000 0.616402 -0.121110 0.309618 -0.739496 1.011948 0.958093 -4.184194 5.599750 -7.506406
0.244000 0.615661 -0.120095 0.310572 -0.743668 1.017517 0.950534 -4.159945 5.539349 -7.611418
0.245000 0.614915 -0.119075 0.311519 -0.747815 1.023026 0.942870 -4.135735 5.478751 -7.714725
0.246000 0.614165 -0.118049 0.312458 -0.751939 1.028475 0.935105 -4.111489 5.417882 -7.816384
0.247000 0.613411 -0.117018 0.313389 -0.756038 1.033862 0.927238 -4.086967 5.356405 -7.916689
0.248000 0.612653 -0.115982 0.314312 -0.760113 1.039188 0.919271 -4.062086 5.294164 -8.015753
0.249000 0.611891 -0.114940 0.315228 -0.764163 1.044451 0.911206 -4.036966 5.231265 -8.113441
0.250000 0.611125 -0.113893 0.316135 -0.768187 1.049650 0.903044 -4.011731 5.167860 -8.209609
0.251000 0.610355 -0.112840 0.317034 -0.772186 1.054786 0.894787 -3.986517 5.104189 -8.304106
0.252000 0.609580 -0.111783 0.317924 -0.776160 1.059859 0.886436 -3.961463 5.040536 -8.396774
0.253000 0.608802 -0.110721 0.318807 -0.780109 1.064867 0.877993 -3.936494 4.976874 -8.487692
0.254000 0.608020 -0.109653 0.319680 -0.784033 1.069812 0.869461 -3.911363 4.912901 -8.577141
0.255000 0.607234 -0.108581 0.320546 -0.787932 1.074693 0.860839 -3.885987 4.848534 -8.665207
0.256000 0.606444 -0.107504 0.321402 -0.791805 1.079509 0.852130 -3.860494 4.783969 -8.751739
0.257000 0.605651 -0.106422 0.322250 -0.795653 1.084261 0.843336 -3.835017 4.719366 -8.836592
0.258000 0.604853 -0.105335 0.323089 -0.799475 1.088948 0.834457 -3.809701 4.654817 -8.919643
0.259000 0.604052 -0.104244 0.323919 -0.803272 1.093571 0.825496 -3.784694 4.590377 -9.000779
0.260000 0.603246 -0.103148 0.324740 -0.807044 1.098129 0.816456 -3.759921 4.525838 -9.080104
0.261000 0.602438 -0.102048 0.325552 -0.810792 1.102622 0.807336 -3.735118 4.460848 -9.157896
0.262000 0.601625 -0.100943 0.326354 -0.814515 1.107051 0.798140 -3.710176 4.395380 -9.234267
0.263000 0.600809 -0.099834 0.327148 -0.818212 1.111413 0.788868 -3.685155 4.329683 -9.309147
0.264000 0.599988 -0.098720 0.327932 -0.821885 1.115710 0.779521 -3.659942 4.263735 -9.382631
0.265000 0.599165 -0.097602 0.328707 -0.825532 1.119941 0.770102 -3.634267 4.197224 -9.454972
0.266000 0.598337 -0.096480 0.329472 -0.829153 1.124104 0.760612 -3.608060 4.130072 -9.526246
0.267000 0.597506 -0.095354 0.330228 -0.832748 1.128201 0.751050 -3.581475 4.062499 -9.596310
0.268000 0.596672 -0.094224 0.330974 -0.836316 1.132229 0.741419 -3.554657 3.994700 -9.665028
0.269000 0.595834 -0.093090 0.331711 -0.839858 1.136190 0.731720 -3.527731 3.926815 -9.732287
0.270000 0.594992 -0.091952 0.332438 -0.843372 1.140083 0.721954 -3.500809 3.858960 -9.797979
0.271000 0.594147 -0.090810 0.333155 -0.846859 1.143908 0.712124 -3.473779 3.790960 -9.862189
0.272000 0.593298 -0.089664 0.333862 -0.850319 1.147665 0.702230 -3.446346 3.722455 -9.925157
0.273000 0.592446 -0.088514 0.334559 -0.853752 1.151353 0.692274 -3.418392 3.653408 -9.986972
0.274000 0.591591 -0.087361 0.335247 -0.857156 1.154972 0.682256 -3.390017 3.584123 -10.047529
0.275000 0.590732 -0.086204 0.335924 -0.860532 1.158521 0.672179 -3.361335 3.514883 -10.106711
0.276000 0.589870 -0.085044 0.336591 -0.863879 1.162002 0.662043 -3.332490 3.445937 -10.164394
0.277000 0.589004 -0.083880 0.337248 -0.867197 1.165413 0.651850 -3.303637 3.377515 -10.220443
0.278000 0.588135 -0.082713 0.337895 -0.870486 1.168757 0.641602 -3.274694 3.309508 -10.274905
0.279000 0.587263 -0.081543 0.338531 -0.873746 1.172032 0.631300 -3.245386 3.241515 -10.327990
0.280000 0.586388 -0.080369 0.339157 -0.876977 1.175240 0.620946 -3.215624 3.173326 -10.379799
0.281000 0.585509 -0.079192 0.339773 -0.880178 1.178379 0.610540 -3.185506 3.104952 -10.430295
0.282000 0.584628 -0.078012 0.340378 -0.883348 1.181449 0.600085 -3.154937 3.036186 -10.479561
0.283000 0.583743 -0.076829 0.340973 -0.886487 1.184451 0.589581 -3.123617 2.966653 -10.527800
0.284000 0.582855 -0.075643 0.341558 -0.889595 1.187383 0.579030 -3.091421 2.896328 -10.575075
0.285000 0.581964 -0.074455 0.342131 -0.892670 1.190244 0.568431 -3.058450 2.825551 -10.621278
0.286000 0.581069 -0.073263 0.342694 -0.895712 1.193034 0.557787 -3.024820 2.754643 -10.666303
0.287000 0.580172 -0.072069 0.343247 -0.898720 1.195753 0.547098 -2.990675 2.683891 -10.710043
0.288000 0.579272 -0.070871 0.343789 -0.901693 1.198402 0.536367 -2.956171 2.613561 -10.752394
0.289000 0.578369 -0.069672 0.344320 -0.904632 1.200980 0.525594 -2.921218 2.543566 -10.793396
0.290000 0.577463 -0.068469 0.344840 -0.907536 1.203489 0.514780 -2.885517 2.473503 -10.833221
0.291000 0.576554 -0.067265 0.345349 -0.910403 1.205927 0.503927 -2.848949 2.403159 -10.871937
0.292000 0.575642 -0.066058 0.345848 -0.913234 1.208295 0.493036 -2.811629 2.332624 -10.909471
0.293000 0.574727 -0.064848 0.346335 -0.916027 1.210592 0.482108 -2.773677 2.262052 -10.945748
0.294000 0.573810 -0.063636 0.346812 -0.918781 1.212819 0.471145 -2.735227 2.191718 -10.980697
0.295000 0.572890 -0.062422 0.347278 -0.921497 1.214976 0.460147 -2.696419 2.121963 -11.014245
0.296000 0.571967 -0.061206 0.347732 -0.924174 1.217063 0.449116 -2.657147 2.052766 -11.046440
0.297000 0.571041 -0.059988 0.348176 -0.926811 1.219081 0.438054 -2.617125 1.983791 -11.077417
0.298000 0.570113 -0.058768 0.348608 -0.929408 1.221031 0.426961 -2.576291 1.914942 -11.107202
0.299000 0.569182 -0.057546 0.349030 -0.931964 1.222911 0.415840 -2.534793 1.846390 -11.135705
0.300000 0.568249 -0.056322 0.349440 -0.934478 1.224723 0.404690 -2.492565 1.778025 -11.162936
0.301000 0.567314 -0.055097 0.349839 -0.936949 1.226467 0.393514 -2.449309 1.709418 -11.189018
0.302000 0.566375 -0.053870 0.350227 -0.939376 1.228142 0.382312 -2.404906 1.640335 -11.214008
0.303000 0.565435 -0.052641 0.350604 -0.941759 1.229748 0.371086 -2.359478 1.570845 -11.237857
0.304000 0.564492 -0.051410 0.350969 -0.944095 1.231284 0.359836 -2.313153 1.501091 -11.260503
0.305000 0.563547 -0.050178 0.351323 -0.946385 1.232750 0.348565 -2.266074 1.431352 -11.281873
0.306000 0.562599 -0.048945 0.351666 -0.948627 1.234147 0.337272 -2.218388 1.361984 -11.301886
0.307000 0.561649 -0.047710 0.351998 -0.950822 1.235474 0.325961 -2.169990 1.292978 -11.320549
0.308000 0.560697 -0.046474 0.352318 -0.952967 1.236733 0.314631 -2.120588 1.224006 -11.337953
0.309000 0.559743 -0.045236 0.352627 -0.955063 1.237922 0.303285 -2.070120 1.155011 -11.354109
0.310000 0.558787 -0.043998 0.352925 -0.957108 1.239043 0.291923 -2.018796 1.086273 -11.368929
0.311000 0.557829 -0.042758 0.353211 -0.959101 1.240095 0.280547 -1.966806 1.018014 -11.382342
0.312000 0.556869 -0.041518 0.353486 -0.961041 1.241079 0.269158 -1.914308 0.950345 -11.394310
0.313000 0.555907 -0.040276 0.353749 -0.962929 1.241995 0.257759 -1.861440 0.883320 -11.404812
0.314000 0.554943 -0.039034 0.354001 -0.964764 1.242845 0.246349 -1.808081 0.816695 -11.413885
0.315000 0.553978 -0.037790 0.354242 -0.966545 1.243629 0.234931 -1.753917 0.750065 -11.421613
0.316000 0.553010 -0.036546 0.354471 -0.968272 1.244345 0.223506 -1.698845 0.683400 -11.428012
0.317000 0.552041 -0.035302 0.354689 -0.969943 1.244996 0.212075 -1.642978 0.616984 -11.433034
0.318000 0.551070 -0.034056 0.354895 -0.971558 1.245579 0.200640 -1.586217 0.550797 -11.436675
0.319000 0.550098 -0.032810 0.355090 -0.973116 1.246097 0.189201 -1.528269 0.484502 -11.438984
0.320000 0.549124 -0.031564 0.355274 -0.974615 1.246548 0.177762 -1.469081 0.418030 -11.439958
0.321000 0.548149 -0.030317 0.355446 -0.976054 1.246933 0.166322 -1.408877 0.351655 -11.439531
0.322000 0.547172 -0.029070 0.355606 -0.977432 1.247252 0.154883 -1.347865 0.285589 -11.437652
0.323000 0.546194 -0.027823 0.355756 -0.978749 1.247504 0.143446 -1.286219 0.219937 -11.434304
0.324000 0.545214 -0.026575 0.355893 -0.980005 1.247692 0.132014 -1.224097 0.154746 -11.429485
0.325000 0.544234 -0.025327 0.356020 -0.981198 1.247814 0.120587 -1.161387 0.089767 -11.423219
0.326000 0.543252 -0.024080 0.356134 -0.982327 1.247871 0.109167 -1.097767 0.024601 -11.415548
0.327000 0.542269 -0.022832 0.356238 -0.983393 1.247863 0.097756 -1.033122 -0.040761 -11.406476
0.328000 0.541285 -0.021584 0.356330 -0.984394 1.247790 0.086355 -0.967606 -0.105936 -11.395962
0.329000 0.540300 -0.020336 0.356411 -0.985328 1.247651 0.074964 -0.901398 -0.170575 -11.383964
0.330000 0.539315 -0.019089 0.356480 -0.986197 1.247449 0.063587 -0.834720 -0.234389 -11.370442
0.331000 0.538328 -0.017841 0.356538 -0.986998 1.247182 0.052223 -0.767820 -0.297124 -11.355356
0.332000 0.537341 -0.016594 0.356584 -0.987732 1.246854 0.040876 -0.700658 -0.358893 -11.338686
0.333000 0.536352 -0.015348 0.356620 -0.988399 1.246465 0.029546 -0.632945 -0.420146 -11.320446
0.334000 0.535364 -0.014101 0.356643 -0.988998 1.246014 0.018235 -0.564592 -0.481160 -11.300666
0.335000 0.534374 -0.012856 0.356656 -0.989528 1.245502 0.006945 -0.495776 -0.541919 -11.279368
0.336000 0.533385 -0.011610 0.356657 -0.989990 1.244930 -0.004324 -0.426664 -0.602311 -11.256566
0.337000 0.532395 -0.010366 0.356647 -0.990382 1.244298 -0.015569 -0.357409 -0.662055 -11.232260
0.338000 0.531404 -0.009122 0.356626 -0.990704 1.243606 -0.026788 -0.288153 -0.720776 -11.206441
0.339000 0.530413 -0.007878 0.356594 -0.990958 1.242856 -0.037981 -0.218781 -0.778468 -11.179091
0.340000 0.529422 -0.006636 0.356550 -0.991142 1.242049 -0.049146 -0.148988 -0.835456 -11.150199
0.341000 0.528431 -0.005394 0.356496 -0.991256 1.241185 -0.060282 -0.078729 -0.891803 -11.119775
0.342000 0.527440 -0.004154 0.356430 -0.991299 1.240265 -0.071386 -0.008194 -0.947291 -11.087831
0.343000 0.526448 -0.002914 0.356353 -0.991272 1.239291 -0.082457 0.062663 -1.002003 -11.054363
0.344000 0.525457 -0.001675 0.356265 -0.991174 1.238261 -0.093495 0.134134 -1.056381 -11.019356
0.345000 0.524466 -0.000437 0.356166 -0.991004 1.237178 -0.104496 0.206311 -1.110720 -10.982831
0.346000 0.523475 0.000799 0.356056 -0.990762 1.236040 -0.115460 0.279019 -1.165030 -10.944832
0.347000 0.522484 0.002035 0.355935 -0.990446 1.234848 -0.126386 0.352080 -1.219226 -10.905397
0.348000 0.521494 0.003269 0.355803 -0.990057 1.233602 -0.137271 0.425318 -1.273053 -10.864550
0.349000 0.520504 0.004502 0.355660 -0.989595 1.232302 -0.148115 0.498555 -1.326163 -10.822305
0.350000 0.519515 0.005734 0.355507 -0.989060 1.230949 -0.158916 0.571885 -1.378565 -10.778636
0.351000 0.518526 0.006964 0.355342 -0.988452 1.229545 -0.169672 0.645608 -1.430593 -10.733494
0.352000 0.517538 0.008193 0.355167 -0.987769 1.228088 -0.180383 0.719791 -1.482326 -10.686880
0.353000 0.516551 0.009420 0.354982 -0.987012 1.226580 -0.191046 0.794222 -1.533513 -10.638838
0.354000 0.515564 0.010646 0.354785 -0.986181 1.225021 -0.201660 0.868696 -1.583979 -10.589413
0.355000 0.514578 0.011870 0.354578 -0.985275 1.223412 -0.212225 0.943020 -1.633684 -10.538652
0.356000 0.513593 0.013093 0.354361 -0.984295 1.221754 -0.222738 1.017013 -1.682664 -10.486602
0.357000 0.512610 0.014314 0.354133 -0.983241 1.220047 -0.233198 1.090766 -1.731219 -10.433243
0.358000 0.511627 0.015533 0.353895 -0.982113 1.218291 -0.243604 1.164594 -1.779764 -10.378506
0.359000 0.510645 0.016750 0.353646 -0.980911 1.216487 -0.253955 1.238611 -1.828312 -10.322374
0.360000 0.509665 0.017966 0.353387 -0.979636 1.214635 -0.264249 1.312663 -1.876484 -10.264894
0.361000 0.508686 0.019179 0.353117 -0.978286 1.212734 -0.274485 1.386578 -1.923937 -10.206119
0.362000 0.507709 0.020391 0.352838 -0.976863 1.210787 -0.284661 1.460153 -1.970383 -10.146123
0.363000 0.506732 0.021601 0.352548 -0.975366 1.208793 -0.294777 1.533166 -2.015570 -10.084988
0.364000 0.505758 0.022809 0.352248 -0.973796 1.206756 -0.304831 1.605674 -2.059602 -10.022705
0.365000 0.504785 0.024015 0.351938 -0.972154 1.204674 -0.314822 1.677975 -2.102921 -9.959195
0.366000 0.503813 0.025218 0.351618 -0.970440 1.202550 -0.324750 1.750171 -2.145820 -9.894454
0.367000 0.502844 0.026420 0.351289 -0.968654 1.200383 -0.334611 1.822153 -2.188383 -9.828545
0.368000 0.501876 0.027619 0.350949 -0.966796 1.198173 -0.344407 1.894025 -2.230892 -9.761445
0.369000 0.500910 0.028816 0.350600 -0.964866 1.195921 -0.354134 1.966096 -2.273750 -9.693049
0.370000 0.499946 0.030011 0.350241 -0.962864 1.193626 -0.363793 2.038465 -2.316975 -9.623314
0.371000 0.498985 0.031203 0.349872 -0.960789 1.191287 -0.373381 2.110962 -2.360201 -9.552291
0.372000 0.498025 0.032393 0.349494 -0.958642 1.188905 -0.382897 2.183409 -2.403098 -9.480053
0.373000 0.497067 0.033581 0.349107 -0.956422 1.186481 -0.392341 2.255607 -2.445391 -9.406728
0.374000 0.496112 0.034766 0.348709 -0.954131 1.184014 -0.401711 2.327351 -2.486841 -9.332465
0.375000 0.495159 0.035949 0.348303 -0.951768 1.181507 -0.411006 2.398701 -2.527554 -9.257285
0.376000 0.494208 0.037129 0.347887 -0.949333 1.178959 -0.420225 2.469945 -2.567970 -9.181086
0.377000 0.493260 0.038307 0.347463 -0.946828 1.176371 -0.429368 2.541164 -2.608382 -9.103846
0.378000 0.492315 0.039482 0.347029 -0.944251 1.173742 -0.438433 2.612177 -2.648813 -9.025651
0.379000 0.491372 0.040654 0.346586 -0.941603 1.171073 -0.447419 2.682810 -2.689188 -8.946578
0.380000 0.490432 0.041824 0.346134 -0.938885 1.168364 -0.456326 2.752900 -2.729264 -8.866696
0.381000 0.489494 0.042991 0.345673 -0.936098 1.165615 -0.465153 2.822291 -2.768701 -8.786063
0.382000 0.488559 0.044155 0.345204 -0.933241 1.162827 -0.473898 2.891082 -2.807499 -8.704620
0.383000 0.487628 0.045317 0.344725 -0.930315 1.160000 -0.482562 2.959572 -2.845978 -8.622246
0.384000 0.486699 0.046475 0.344238 -0.927322 1.157135 -0.491143 3.027851 -2.884230 -8.538984
0.385000 0.485773 0.047631 0.343743 -0.924260 1.154231 -0.499640 3.095756 -2.922038 -8.455033
0.386000 0.484850 0.048784 0.343239 -0.921130 1.151291 -0.508053 3.163116 -2.959245 -8.370569
0.387000 0.483931 0.049934 0.342727 -0.917933 1.148313 -0.516381 3.229761 -2.995796 -8.285728
0.388000 0.483014 0.051081 0.342206 -0.914671 1.145299 -0.524624 3.295515 -3.031692 -8.200620
0.389000 0.482101 0.052224 0.341678 -0.911342 1.142250 -0.532782 3.360457 -3.067194 -8.115199
0.390000 0.481192 0.053365 0.341141 -0.907950 1.139165 -0.540855 3.424875 -3.102691 -8.029287
0.391000 0.480285 0.054503 0.340596 -0.904493 1.136044 -0.548841 3.488866 -3.138224 -7.942796
0.392000 0.479383 0.055637 0.340043 -0.900972 1.132888 -0.556740 3.552326 -3.173539 -7.855741
0.393000 0.478484 0.056768 0.339483 -0.897388 1.129697 -0.564552 3.615346 -3.208660 -7.768027
0.394000 0.477588 0.057897 0.338914 -0.893741 1.126471 -0.572276 3.678213 -3.243893 -7.679496
0.395000 0.476696 0.059021 0.338338 -0.890032 1.123209 -0.579911 3.741008 -3.279300 -7.590182
0.396000 0.475808 0.060143 0.337754 -0.886259 1.119912 -0.587457 3.803565 -3.314635 -7.500306
0.397000 0.474924 0.061261 0.337163 -0.882424 1.116580 -0.594912 3.865704 -3.349716 -7.410063
0.398000 0.474043 0.062376 0.336564 -0.878528 1.113213 -0.602277 3.927227 -3.384481 -7.319612
0.399000 0.473166 0.063488 0.335959 -0.874570 1.109811 -0.609551 3.987922 -3.418931 -7.229087
0.400000 0.472294 0.064596 0.335345 -0.870552 1.106375 -0.616735 4.047832 -3.453319 -7.138436
0.401000 0.471425 0.065700 0.334725 -0.866474 1.102904 -0.623828 4.107215 -3.488021 -7.047439
0.402000 0.470561 0.066802 0.334098 -0.862338 1.099399 -0.630830 4.166153 -3.523068 -6.955959
0.403000 0.469701 0.067899 0.333463 -0.858142 1.095858 -0.637740 4.224490 -3.558146 -6.864004
0.404000 0.468845 0.068993 0.332822 -0.853889 1.092283 -0.644558 4.282075 -3.592963 -6.771646
0.405000 0.467993 0.070084 0.332174 -0.849578 1.088672 -0.651283 4.338768 -3.627271 -6.679071
0.406000 0.467146 0.071171 0.331520 -0.845211 1.085028 -0.657916 4.394435 -3.660841 -6.586524
0.407000 0.466303 0.072254 0.330858 -0.840789 1.081351 -0.664456 4.449163 -3.693765 -6.494044
0.408000 0.465464 0.073333 0.330191 -0.836313 1.077641 -0.670904 4.503215 -3.726424 -6.401465
0.409000 0.464630 0.074409 0.329517 -0.831783 1.073898 -0.677259 4.556648 -3.759045 -6.308740
0.410000 0.463800 0.075481 0.328836 -0.827199 1.070122 -0.683522 4.609278 -3.791595 -6.215993
0.411000 0.462975 0.076549 0.328150 -0.822564 1.066315 -0.689691 4.660936 -3.823986 -6.123314
0.412000 0.462155 0.077614 0.327457 -0.817878 1.062475 -0.695768 4.711476 -3.856036 -6.030744
0.413000 0.461340 0.078674 0.326758 -0.813141 1.058603 -0.701753 4.760767 -3.887508 -5.938292
0.414000 0.460529 0.079731 0.326053 -0.808356 1.054700 -0.707645 4.808897 -3.918458 -5.845808
0.415000 0.459723 0.080784 0.325343 -0.803523 1.050766 -0.713444 4.856138 -3.949191 -5.753084
0.416000 0.458922 0.081832 0.324626 -0.798644 1.046801 -0.719151 4.902592 -3.979779 -5.660175
0.417000 0.458126 0.082877 0.323904 -0.793718 1.042806 -0.724765 4.948190 -4.010056 -5.567335
0.418000 0.457334 0.083918 0.323177 -0.788747 1.038781 -0.730286 4.993025 -4.040095 -5.474610
0.419000 0.456548 0.084955 0.322444 -0.783732 1.034726 -0.735714 5.037338 -4.070249 -5.381801
0.420000 0.455767 0.085988 0.321705 -0.778673 1.030641 -0.741049 5.081164 -4.100703 -5.288804
0.421000 0.454991 0.087016 0.320962 -0.773570 1.026525 -0.746292 5.124304 -4.131384 -5.195682
0.422000 0.454220 0.088041 0.320213 -0.768424 1.022378 -0.751441 5.166571 -4.162173 -5.102486
0.423000 0.453454 0.089061 0.319459 -0.763237 1.018200 -0.756497 5.207804 -4.192870 -5.009245
0.424000 0.452693 0.090077 0.318700 -0.758008 1.013992 -0.761459 5.247854 -4.223229 -4.915977
0.425000 0.451938 0.091089 0.317936 -0.752741 1.009754 -0.766328 5.286786 -4.253291 -4.822525
0.426000 0.451188 0.092096 0.317167 -0.747435 1.005485 -0.771104 5.324845 -4.283350 -4.728656
0.427000 0.450443 0.093100 0.316394 -0.742091 1.001187 -0.775786 5.362134 -4.313485 -4.634396
0.428000 0.449704 0.094099 0.315616 -0.736711 0.996858 -0.780373 5.398556 -4.343504 -4.540018
0.429000 0.448970 0.095094 0.314833 -0.731294 0.992500 -0.784866 5.434000 -4.373244 -4.445747
0.430000 0.448241 0.096084 0.314046 -0.725843 0.988112 -0.789265 5.468336 -4.402597 -4.351728
0.431000 0.447518 0.097070 0.313254 -0.720357 0.983695 -0.793569 5.501419 -4.431487 -4.258060
0.432000 0.446800 0.098051 0.312459 -0.714840 0.979249 -0.797781 5.533302 -4.460080 -4.164621
0.433000 0.446088 0.099028 0.311659 -0.709291 0.974775 -0.801899 5.564205 -4.488699 -4.071103
0.434000 0.445382 0.100001 0.310855 -0.703711 0.970272 -0.805923 5.594195 -4.517405 -3.977331
0.435000 0.444681 0.100969 0.310047 -0.698102 0.965740 -0.809853 5.623143 -4.545972 -3.883320
0.436000 0.443986 0.101932 0.309235 -0.692465 0.961180 -0.813689 5.650932 -4.574173 -3.789159
0.437000 0.443296 0.102891 0.308420 -0.686801 0.956591 -0.817432 5.677469 -4.601796 -3.695074
0.438000 0.442612 0.103845 0.307600 -0.681110 0.951976 -0.821080 5.702674 -4.628631 -3.601360
0.439000 0.441934 0.104795 0.306778 -0.675395 0.947334 -0.824634 5.726640 -4.654745 -3.508053
0.440000 0.441261 0.105740 0.305951 -0.669657 0.942667 -0.828096 5.749589 -4.680452 -3.414920
0.441000 0.440594 0.106680 0.305121 -0.663896 0.937973 -0.831464 5.771581 -4.705903 -3.321848
0.442000 0.439933 0.107616 0.304288 -0.658114 0.933255 -0.834739 5.792481 -4.731013 -3.228916
0.443000 0.439278 0.108547 0.303452 -0.652311 0.928511 -0.837922 5.812159 -4.755675 -3.136184
0.444000 0.438629 0.109473 0.302612 -0.646489 0.923743 -0.841012 5.830493 -4.779743 -3.043679
0.445000 0.437985 0.110394 0.301770 -0.640650 0.918952 -0.844009 5.847365 -4.803054 -2.951406
0.446000 0.437348 0.111311 0.300924 -0.634795 0.914137 -0.846915 5.862836 -4.825690 -2.859186
0.447000 0.436716 0.112223 0.300076 -0.628924 0.909300 -0.849728 5.877130 -4.847932 -2.766754
0.448000 0.436090 0.113130 0.299225 -0.623040 0.904441 -0.852448 5.890368 -4.869852 -2.674141
0.449000 0.435470 0.114032 0.298371 -0.617144 0.899561 -0.855076 5.902548 -4.891315 -2.581603
0.450000 0.434855 0.114929 0.297515 -0.611235 0.894659 -0.857611 5.913781 -4.912387 -2.489171
0.451000 0.434247 0.115821 0.296656 -0.605316 0.889736 -0.860054 5.924266 -4.933352 -2.396613
0.452000 0.433645 0.116708 0.295795 -0.599387 0.884792 -0.862405 5.934030 -4.954314 -2.303833
0.453000 0.433048 0.117590 0.294931 -0.593448 0.879827 -0.864662 5.942915 -4.975139 -2.210950
0.454000 0.432458 0.118468 0.294065 -0.587501 0.874842 -0.866826 5.950773 -4.995698 -2.118045
0.455000 0.431873 0.119340 0.293197 -0.581547 0.869836 -0.868898 5.957480 -5.015872 -2.025136
0.456000 0.431295 0.120207 0.292328 -0.575586 0.864810 -0.870877 5.962924 -5.035545 -1.932206
0.457000 0.430722 0.121070 0.291456 -0.569621 0.859765 -0.872762 5.967160 -5.054828 -1.839048
0.458000 0.430156 0.121927 0.290582 -0.563652 0.854700 -0.874555 5.970398 -5.073998 -1.745384
0.459000 0.429595 0.122779 0.289707 -0.557680 0.849617 -0.876253 5.972776 -5.093133 -1.651245
0.460000 0.429040 0.123626 0.288829 -0.551706 0.844514 -0.877857 5.974299 -5.112064 -1.556943
0.461000 0.428491 0.124468 0.287951 -0.545731 0.839393 -0.879367 5.974931 -5.130629 -1.462742
0.462000 0.427949 0.125305 0.287071 -0.539756 0.834253 -0.880783 5.974568 -5.148674 -1.368810
0.463000 0.427412 0.126137 0.286189 -0.533782 0.829095 -0.882105 5.973070 -5.166048 -1.275264
0.464000 0.426881 0.126963 0.285307 -0.527810 0.823921 -0.883333 5.970445 -5.182832 -1.181975
0.465000 0.426356 0.127785 0.284423 -0.521841 0.818730 -0.884469 5.966843 -5.199300 -1.088614
0.466000 0.425837 0.128601 0.283538 -0.515876 0.813522 -0.885511 5.962311 -5.215570 -0.995002
0.467000 0.425325 0.129412 0.282652 -0.509917 0.808299 -0.886459 5.956753 -5.231543 -0.901183
0.468000 0.424818 0.130217 0.281765 -0.503963 0.803059 -0.887313 5.950104 -5.247108 -0.807267
0.469000 0.424317 0.131018 0.280877 -0.498016 0.797804 -0.888073 5.942353 -5.262131 -0.713487
0.470000 0.423822 0.131813 0.279989 -0.492078 0.792535 -0.888740 5.933517 -5.276467 -0.620141
0.471000 0.423333 0.132603 0.279100 -0.486149 0.787251 -0.889313 5.923719 -5.290184 -0.527254
0.472000 0.422849 0.133387 0.278210 -0.480231 0.781954 -0.889794 5.913142 -5.303534 -0.434579
0.473000 0.422372 0.134167 0.277320 -0.474323 0.776644 -0.890183 5.901825 -5.316597 -0.342022
0.474000 0.421901 0.134941 0.276430 -0.468427 0.771321 -0.890478 5.889665 -5.329246 -0.249707
0.475000 0.421435 0.135709 0.275539 -0.462544 0.765986 -0.890682 5.876560 -5.341362 -0.157724
0.476000 0.420976 0.136473 0.274648 -0.456674 0.760639 -0.890794 5.862418 -5.352852 -0.066104
0.477000 0.420522 0.137231 0.273757 -0.450819 0.755280 -0.890814 5.847150 -5.363638 0.025158
0.478000 0.420074 0.137983 0.272867 -0.444980 0.749911 -0.890744 5.830795 -5.373829 0.116262
0.479000 0.419632 0.138730 0.271976 -0.439157 0.744532 -0.890582 5.813515 -5.383681 0.207496
0.480000 0.419196 0.139472 0.271085 -0.433353 0.739144 -0.890329 5.795408 -5.393270 0.298844
0.481000 0.418765 0.140209 0.270195 -0.427567 0.733746 -0.889984 5.776469 -5.402463 0.390006
0.482000 0.418341 0.140940 0.269305 -0.421800 0.728339 -0.889549 5.756668 -5.411120 0.480722
0.483000 0.417922 0.141665 0.268416 -0.416053 0.722924 -0.889023 5.735939 -5.419098 0.570808
0.484000 0.417508 0.142386 0.267527 -0.410328 0.717501 -0.888407 5.714195 -5.426247 0.660124
0.485000 0.417101 0.143100 0.266639 -0.404625 0.712071 -0.887702 5.691459 -5.432622 0.748779
0.486000 0.416699 0.143810 0.265752 -0.398945 0.706636 -0.886909 5.667854 -5.438459 0.837097
0.487000 0.416303 0.144514 0.264865 -0.393289 0.701194 -0.886028 5.643416 -5.443874 0.925259
0.488000 0.415913 0.145212 0.263980 -0.387658 0.695748 -0.885059 5.618073 -5.448802 1.013222
0.489000 0.415528 0.145905 0.263095 -0.382053 0.690297 -0.884002 5.591783 -5.453164 1.100876
0.490000 0.415148 0.146593 0.262212 -0.376475 0.684841 -0.882857 5.564558 -5.456860 1.187986
0.491000 0.414775 0.147275 0.261330 -0.370924 0.679383 -0.881626 5.536441 -5.459776 1.274249
0.492000 0.414407 0.147952 0.260449 -0.365402 0.673922 -0.880309 5.507546 -5.461977 1.359637
0.493000 0.414044 0.148623 0.259569 -0.359909 0.668459 -0.878906 5.478016 -5.463664 1.444397
0.494000 0.413687 0.149288 0.258691 -0.354446 0.662995 -0.877420 5.447886 -5.464867 1.528641
0.495000 0.413335 0.149949 0.257814 -0.349013 0.657529 -0.875849 5.417075 -5.465422 1.612265
0.496000 0.412989 0.150603 0.256939 -0.343611 0.652064 -0.874195 5.385509 -5.465203 1.695180
0.497000 0.412648 0.151253 0.256066 -0.338242 0.646599 -0.872459 5.353122 -5.464154 1.777326
0.498000 0.412312 0.151897 0.255194 -0.332905 0.641135 -0.870641 5.319853 -5.462259 1.858657
0.499000 0.411982 0.152535 0.254325 -0.327602 0.635674 -0.868742 5.285735 -5.459650 1.939333
0.500000 0.411657 0.153168 0.253457 -0.322334 0.630216 -0.866762 5.250894 -5.456563 2.019619
0.501000 0.411337 0.153796 0.252591 -0.317100 0.624761 -0.864702 5.215427 -5.453074 2.099502
0.502000 0.411023 0.154418 0.251727 -0.311903 0.619310 -0.862563 5.179371 -5.449115 2.178739
0.503000 0.410714 0.155034 0.250866 -0.306742 0.613863 -0.860345 5.142813 -5.444743 2.257308
0.504000 0.410409 0.155645 0.250007 -0.301617 0.608421 -0.858048 5.105871 -5.440133 2.335449
0.505000 0.410110 0.156251 0.249150 -0.296530 0.602983 -0.855674 5.068572 -5.435284 2.413255
0.506000 0.409816 0.156851 0.248295 -0.291480 0.597550 -0.853222 5.030851 -5.430012 2.490600
0.507000 0.409527 0.157446 0.247443 -0.286468 0.592123 -0.850693 4.992638 -5.424178 2.567375
0.508000 0.409243 0.158036 0.246594 -0.281495 0.586702 -0.848087 4.953857 -5.417730 2.643497
0.509000 0.408964 0.158619 0.245747 -0.276561 0.581287 -0.845406 4.914428 -5.410660 2.718898
0.510000 0.408690 0.159198 0.244903 -0.271666 0.575880 -0.842649 4.874360 -5.403100 2.793715
0.511000 0.408421 0.159771 0.244062 -0.266812 0.570481 -0.839818 4.833765 -5.395266 2.868210
0.512000 0.408157 0.160339 0.243223 -0.261998 0.565090 -0.836913 4.792763 -5.387231 2.942394
0.513000 0.407897 0.160901 0.242388 -0.257226 0.559707 -0.833933 4.751426 -5.378902 3.016020
0.514000 0.407642 0.161458 0.241556 -0.252496 0.554332 -0.830881 4.709786 -5.370165 3.088860
0.515000 0.407392 0.162010 0.240726 -0.247807 0.548966 -0.827756 4.667814 -5.360869 3.160733
0.516000 0.407147 0.162556 0.239900 -0.243160 0.543610 -0.824559 4.625438 -5.350840 3.231476
0.517000 0.406906 0.163097 0.239077 -0.238556 0.538265 -0.821293 4.582654 -5.340077 3.301166
0.518000 0.406669 0.163633 0.238258 -0.233995 0.532930 -0.817957 4.539524 -5.328749 3.370085
0.519000 0.406438 0.164163 0.237441 -0.229477 0.527607 -0.814553 4.496059 -5.316961 3.438373
0.520000 0.406211 0.164688 0.236628 -0.225003 0.522296 -0.811080 4.452213 -5.304720 3.506011
0.521000 0.405988 0.165208 0.235819 -0.220572 0.516998 -0.807541 4.407997 -5.292131 3.573131
0.522000 0.405769 0.165722 0.235013 -0.216187 0.511712 -0.803934 4.363504 -5.279393 3.639990
0.523000 0.405555 0.166231 0.234211 -0.211845 0.506439 -0.800261 4.318834 -5.266601 3.706620
0.524000 0.405346 0.166735 0.233413 -0.207549 0.501179 -0.796521 4.274057 -5.253739 3.772851
0.525000 0.405140 0.167234 0.232618 -0.203297 0.495931 -0.792715 4.229262 -5.240884 3.838703
0.526000 0.404939 0.167727 0.231827 -0.199090 0.490697 -0.788843 4.184528 -5.228175 3.904399
0.527000 0.404742 0.168215 0.231040 -0.194928 0.485475 -0.784906 4.139839 -5.215583 3.970000
0.528000 0.404549 0.168698 0.230258 -0.190811 0.480266 -0.780903 4.095106 -5.202917 4.035349
0.529000 0.404360 0.169175 0.229479 -0.186738 0.475069 -0.776835 4.050251 -5.190029 4.100313
0.530000 0.404176 0.169648 0.228704 -0.182710 0.469886 -0.772703 4.005224 -5.176861 4.164798
0.531000 0.403995 0.170115 0.227933 -0.178728 0.464715 -0.768506 3.959986 -5.163398 4.228734
0.532000 0.403818 0.170577 0.227167 -0.174790 0.459559 -0.764245 3.914557 -5.149742 4.292241
0.533000 0.403645 0.171034 0.226405 -0.170898 0.454416 -0.759921 3.869017 -5.136080 4.355567
0.534000 0.403477 0.171486 0.225647 -0.167052 0.449287 -0.755534 3.823447 -5.122501 4.418751
0.535000 0.403311 0.171933 0.224894 -0.163252 0.444171 -0.751084 3.777910 -5.109006 4.481649
0.536000 0.403150 0.172375 0.224145 -0.159496 0.439069 -0.746571 3.732480 -5.095667 4.544288
0.537000 0.402992 0.172811 0.223401 -0.155787 0.433980 -0.741995 3.687212 -5.082599 4.606878
0.538000 0.402838 0.173243 0.222661 -0.152122 0.428904 -0.737357 3.642075 -5.069745 4.669463
0.539000 0.402688 0.173669 0.221926 -0.148502 0.423840 -0.732656 3.596975 -5.056896 4.731877
0.540000 0.402541 0.174090 0.221196 -0.144928 0.418790 -0.727893 3.551839 -5.043895 4.793974
0.541000 0.402398 0.174506 0.220470 -0.141399 0.413752 -0.723068 3.506636 -5.030690 4.855651
0.542000 0.402259 0.174918 0.219749 -0.137915 0.408728 -0.718182 3.461358 -5.017282 4.916823
0.543000 0.402122 0.175324 0.219034 -0.134476 0.403718 -0.713235 3.416036 -5.003770 4.977594
0.544000 0.401990 0.175725 0.218323 -0.131083 0.398721 -0.708227 3.370729 -4.990317 5.038200
0.545000 0.401860 0.176121 0.217617 -0.127735 0.393737 -0.703158 3.325484 -4.976988 5.098713
0.546000 0.401734 0.176513 0.216917 -0.124432 0.388767 -0.698029 3.280316 -4.963736 5.158997
0.547000 0.401611 0.176899 0.216221 -0.121174 0.383810 -0.692840 3.235222 -4.950484 5.218915
0.548000 0.401492 0.177280 0.215531 -0.117961 0.378866 -0.687592 3.190162 -4.937103 5.278325
0.549000 0.401375 0.177657 0.214846 -0.114794 0.373936 -0.682284 3.145079 -4.923434 5.337077
0.550000 0.401262 0.178028 0.214166 -0.111671 0.369019 -0.676917 3.099951 -4.909445 5.395219
0.551000 0.401152 0.178395 0.213492 -0.108594 0.364117 -0.671493 3.054796 -4.895244 5.452974
0.552000 0.401045 0.178756 0.212823 -0.105562 0.359229 -0.666012 3.009613 -4.880906 5.510451
0.553000 0.400941 0.179113 0.212160 -0.102574 0.354355 -0.660472 2.964368 -4.866445 5.567621
0.554000 0.400840 0.179465 0.211502 -0.099633 0.349496 -0.654876 2.919060 -4.851934 5.624583
0.555000 0.400742 0.179812 0.210850 -0.096736 0.344651 -0.649223 2.873736 -4.837503 5.681550
0.556000 0.400646 0.180154 0.210204 -0.093885 0.339821 -0.643513 2.828460 -4.823193 5.738562
0.557000 0.400554 0.180492 0.209563 -0.091079 0.335005 -0.637746 2.783284 -4.808940 5.795465
0.558000 0.400464 0.180824 0.208929 -0.088319 0.330203 -0.631922 2.738231 -4.794660 5.852110
0.559000 0.400377 0.181152 0.208300 -0.085603 0.325415 -0.626042 2.693278 -4.780234 5.908355
0.560000 0.400293 0.181475 0.207676 -0.082932 0.320642 -0.620106 2.648371 -4.765521 5.964062
0.561000 0.400211 0.181793 0.207059 -0.080306 0.315884 -0.614114 2.603485 -4.750490 6.019271
0.562000 0.400132 0.182107 0.206448 -0.077725 0.311141 -0.608067 2.558627 -4.735225 6.074174
0.563000 0.400056 0.182416 0.205843 -0.075189 0.306414 -0.601965 2.513793 -4.719780 6.128847
0.564000 0.399982 0.182720 0.205244 -0.072698 0.301702 -0.595809 2.468954 -4.704151 6.183234
0.565000 0.399911 0.183019 0.204652 -0.070251 0.297005 -0.589599 2.424106 -4.688389 6.237400
0.566000 0.399842 0.183314 0.204065 -0.067849 0.292325 -0.583334 2.379288 -4.672603 6.291525
0.567000 0.399775 0.183604 0.203485 -0.065493 0.287660 -0.577016 2.334562 -4.656833 6.345638
0.568000 0.399711 0.183889 0.202911 -0.063180 0.283011 -0.570643 2.289989 -4.641037 6.399593
0.569000 0.399649 0.184170 0.202344 -0.060913 0.278378 -0.564217 2.245599 -4.625141 6.453257
0.570000 0.399589 0.184446 0.201783 -0.058689 0.273761 -0.557737 2.201378 -4.609020 6.506519
0.571000 0.399531 0.184717 0.201228 -0.056510 0.269160 -0.551204 2.157282 -4.592521 6.559280
0.572000 0.399476 0.184984 0.200680 -0.054375 0.264576 -0.544618 2.113288 -4.575591 6.611592
0.573000 0.399422 0.185246 0.200139 -0.052283 0.260009 -0.537980 2.069398 -4.558295 6.663620
0.574000 0.399371 0.185504 0.199604 -0.050236 0.255459 -0.531291 2.025609 -4.540691 6.715403
0.575000 0.399322 0.185757 0.199076 -0.048232 0.250928 -0.524550 1.981901 -4.522793 6.766851
0.576000 0.399275 0.186006 0.198555 -0.046272 0.246414 -0.517757 1.938273 -4.504655 6.817987
0.577000 0.399229 0.186250 0.198041 -0.044355 0.241918 -0.510914 1.894749 -4.486379 6.868953
0.578000 0.399186 0.186490 0.197533 -0.042482 0.237441 -0.504019 1.851371 -4.468011 6.919761
0.579000 0.399144 0.186725 0.197033 -0.040653 0.232982 -0.497074 1.808180 -4.449547 6.970293
0.580000 0.399105 0.186956 0.196539 -0.038866 0.228542 -0.490079 1.765214 -4.431020 7.020548
0.581000 0.399067 0.187182 0.196053 -0.037122 0.224120 -0.483033 1.722491 -4.412483 7.070640
0.582000 0.399030 0.187404 0.195573 -0.035421 0.219717 -0.475937 1.679997 -4.393888 7.120552
0.583000 0.398996 0.187622 0.195101 -0.033762 0.215332 -0.468792 1.637699 -4.375102 7.170114
0.584000 0.398963 0.187835 0.194636 -0.032146 0.210967 -0.461597 1.595568 -4.356021 7.219164
0.585000 0.398932 0.188044 0.194178 -0.030571 0.206620 -0.454354 1.553591 -4.336598 7.267563
0.586000 0.398902 0.188248 0.193727 -0.029038 0.202294 -0.447062 1.511760 -4.316814 7.315183
0.587000 0.398874 0.188448 0.193283 -0.027548 0.197987 -0.439723 1.470080 -4.296707 7.362028
0.588000 0.398847 0.188644 0.192847 -0.026098 0.193700 -0.432338 1.428568 -4.276349 7.408191
0.589000 0.398821 0.188836 0.192419 -0.024690 0.189434 -0.424907 1.387248 -4.255767 7.453638
0.590000 0.398797 0.189023 0.191998 -0.023324 0.185189 -0.417431 1.346143 -4.234930 7.498181
0.591000 0.398775 0.189206 0.191584 -0.021998 0.180964 -0.409911 1.305266 -4.213775 7.541634
0.592000 0.398753 0.189385 0.191178 -0.020713 0.176761 -0.402347 1.264615 -4.192190 7.583818
0.593000 0.398733 0.189559 0.190779 -0.019469 0.172580 -0.394743 1.224176 -4.170033 7.624557
0.594000 0.398714 0.189730 0.190388 -0.018265 0.168421 -0.387098 1.183944 -4.147238 7.663805
0.595000 0.398697 0.189896 0.190005 -0.017101 0.164285 -0.379415 1.143926 -4.123839 7.701627
0.596000 0.398680 0.190059 0.189629 -0.015977 0.160173 -0.371695 1.104139 -4.099880 7.737988
0.597000 0.398665 0.190217 0.189262 -0.014893 0.156086 -0.363939 1.064600 -4.075376 7.772717
0.598000 0.398650 0.190371 0.188902 -0.013848 0.152023 -0.356150 1.025334 -4.050327 7.805638
0.599000 0.398637 0.190521 0.188549 -0.012842 0.147985 -0.348328 0.986381 -4.024716 7.836567
0.600000 0.398625 0.190667 0.188205 -0.011875 0.143973 -0.340477 0.947788 -3.998510 7.865310
0.601000 0.398613 0.190809 0.187868 -0.010947 0.139988 -0.332597 0.909590 -3.971713 7.891796
0.602000 0.398603 0.190947 0.187540 -0.010056 0.136030 -0.324693 0.871798 -3.944328 7.916047
0.603000 0.398593 0.191081 0.187219 -0.009203 0.132099 -0.316765 0.834400 -3.916279 7.937974
0.604000 0.398584 0.191211 0.186906 -0.008387 0.128197 -0.308817 0.797371 -3.887418 7.957358
0.605000 0.398576 0.191337 0.186601 -0.007608 0.124324 -0.300851 0.760707 -3.857638 7.973977
0.606000 0.398569 0.191459 0.186304 -0.006866 0.120482 -0.292869 0.724429 -3.826905 7.987618
0.607000 0.398563 0.191578 0.186016 -0.006159 0.116671 -0.284875 0.688579 -3.795216 7.998047
0.608000 0.398557 0.191693 0.185735 -0.005489 0.112891 -0.276873 0.653198 -3.762568 8.005044
0.609000 0.398552 0.191804 0.185462 -0.004853 0.109145 -0.268865 0.618328 -3.728942 8.008384
0.610000 0.398547 0.191911 0.185197 -0.004252 0.105434 -0.260856 0.584010 -3.694304 8.007833
0.611000 0.398543 0.192015 0.184940 -0.003685 0.101757 -0.252850 0.550274 -3.658646 8.003269
0.612000 0.398540 0.192115 0.184691 -0.003151 0.098116 -0.244850 0.517134 -3.621968 7.994657
0.613000 0.398537 0.192211 0.184450 -0.002651 0.094513 -0.236860 0.484594 -3.584207 7.981858
0.614000 0.398535 0.192304 0.184218 -0.002182 0.090948 -0.228886 0.452661 -3.545248 7.964609
0.615000 0.398533 0.192393 0.183993 -0.001745 0.087422 -0.220931 0.421345 -3.504998 7.942647
0.616000 0.398531 0.192478 0.183776 -0.001340 0.083938 -0.213001 0.390675 -3.463405 7.915718
0.617000 0.398530 0.192561 0.183567 -0.000964 0.080496 -0.205100 0.360687 -3.420442 7.883567
0.618000 0.398529 0.192639 0.183366 -0.000618 0.077097 -0.197233 0.331408 -3.376106 7.846045
0.619000 0.398529 0.192715 0.183172 -0.000301 0.073743 -0.189408 0.302860 -3.330402 7.803082
0.620000 0.398529 0.192787 0.182987 -0.000012 0.070436 -0.181627 0.275070 -3.283297 7.754514
0.621000 0.398529 0.192856 0.182809 0.000249 0.067177 -0.173899 0.248072 -3.234716 7.700056
0.622000 0.398529 0.192921 0.182639 0.000484 0.063967 -0.166227 0.221893 -3.184573 7.639420
0.623000 0.398530 0.192984 0.182476 0.000693 0.060808 -0.158620 0.196540 -3.132764 7.572305
0.624000 0.398530 0.193043 0.182322 0.000877 0.057701 -0.151083 0.172016 -3.079173 7.498408
0.625000 0.398531 0.193099 0.182174 0.001037 0.054649 -0.143623 0.148322 -3.023725 7.417526
0.626000 0.398532 0.193152 0.182034 0.001173 0.051654 -0.136248 0.125466 -2.966394 7.329549
0.627000 0.398534 0.193202 0.181902 0.001288 0.048717 -0.128964 0.103473 -2.907145 7.234285
0.628000 0.398535 0.193250 0.181776 0.001380 0.045839 -0.121779 0.082380 -2.845922 7.131434
0.629000 0.398536 0.193294 0.181658 0.001452 0.043025 -0.114701 0.062232 -2.782663 7.020691
0.630000 0.398538 0.193336 0.181547 0.001505 0.040274 -0.107738 0.043087 -2.717304 6.901743
0.631000 0.398539 0.193375 0.181443 0.001539 0.037590 -0.100897 0.025015 -2.649778 6.774269
0.632000 0.398541 0.193411 0.181345 0.001555 0.034975 -0.094189 0.008065 -2.580042 6.638046
0.633000 0.398543 0.193445 0.181254 0.001555 0.032430 -0.087621 -0.007731 -2.508057 6.492924
0.634000 0.398544 0.193476 0.181170 0.001539 0.029958 -0.081203 -0.022348 -2.433751 6.338665
0.635000 0.398546 0.193505 0.181092 0.001510 0.027562 -0.074944 -0.035752 -2.357011 6.174923
0.636000 0.398547 0.193531 0.181020 0.001468 0.025244 -0.068853 -0.047919 -2.277723 6.001348
0.637000 0.398549 0.193555 0.180954 0.001414 0.023007 -0.062941 -0.058842 -2.195769 5.817579
0.638000 0.398550 0.193577 0.180894 0.001350 0.020853 -0.057218 -0.068518 -2.111030 5.623254
0.639000 0.398551 0.193597 0.180840 0.001277 0.018785 -0.051695 -0.076946 -2.023419 5.418105
0.640000 0.398553 0.193614 0.180791 0.001196 0.016806 -0.046382 -0.084108 -1.932873 5.201953
0.641000 0.398554 0.193630 0.180747 0.001109 0.014919 -0.041291 -0.089953 -1.839302 4.974543
0.642000 0.398555 0.193644 0.180708 0.001016 0.013127 -0.036433 -0.094415 -1.742577 4.735526
0.643000 0.398556 0.193657 0.180674 0.000920 0.011434 -0.031820 -0.097443 -1.642571 4.484547
0.644000 0.398557 0.193667 0.180645 0.000822 0.009842 -0.027464 -0.099019 -1.539152 4.221248
0.645000 0.398557 0.193676 0.180619 0.000722 0.008356 -0.023377 -0.099138 -1.432182 3.945245
0.646000 0.398558 0.193684 0.180598 0.000623 0.006978 -0.019573 -0.097790 -1.321539 3.656171
0.647000 0.398559 0.193690 0.180580 0.000527 0.005713 -0.016065 -0.094951 -1.207111 3.353655
0.648000 0.398559 0.193695 0.180566 0.000433 0.004564 -0.012866 -0.090587 -1.088797 3.037321
0.649000 0.398559 0.193699 0.180554 0.000345 0.003535 -0.009990 -0.044010 -0.514328 1.437828
0.650000 0.398560 0.193702 0.180546 0.000345 0.003535 -0.009990 -0.044010 -0.514328 1.437828
