0.000000 0.669114 -0.190417 0.139500 0.008343 -0.011242 0.033007 -0.014411 0.030057 0.795554
0.001000 0.669122 -0.190428 0.139532 0.008343 -0.011242 0.033007 -0.014411 0.030057 0.795554
0.002000 0.669130 -0.190439 0.139566 0.008314 -0.011182 0.034598 -0.033673 0.066886 1.610263
0.003000 0.669139 -0.190450 0.139601 0.008275 -0.011108 0.036228 -0.043575 0.080628 1.648762
0.004000 0.669147 -0.190461 0.139638 0.008227 -0.011021 0.037896 -0.053882 0.094757 1.687655
0.005000 0.669155 -0.190472 0.139677 0.008168 -0.010919 0.039603 -0.064604 0.109259 1.726960
0.006000 0.669163 -0.190483 0.139718 0.008098 -0.010802 0.041350 -0.075747 0.124134 1.766668
0.007000 0.669171 -0.190494 0.139760 0.008016 -0.010670 0.043136 -0.087320 0.139391 1.806769
0.008000 0.669179 -0.190504 0.139804 0.007923 -0.010523 0.044963 -0.099330 0.155041 1.847259
0.009000 0.669187 -0.190515 0.139850 0.007817 -0.010360 0.046831 -0.111786 0.171093 1.888129
0.010000 0.669195 -0.190525 0.139898 0.007699 -0.010181 0.048739 -0.124695 0.187558 1.929371
0.011000 0.669202 -0.190535 0.139947 0.007568 -0.009985 0.050690 -0.138065 0.204446 1.970974
0.012000 0.669210 -0.190545 0.139999 0.007423 -0.009772 0.052681 -0.151903 0.221767 2.012918
0.013000 0.669217 -0.190555 0.140053 0.007264 -0.009542 0.054715 -0.166216 0.239531 2.055184
0.014000 0.669224 -0.190564 0.140108 0.007091 -0.009293 0.056792 -0.181012 0.257746 2.097773
0.015000 0.669231 -0.190573 0.140166 0.006902 -0.009026 0.058911 -0.196297 0.276422 2.140697
0.016000 0.669238 -0.190582 0.140226 0.006698 -0.008740 0.061073 -0.212080 0.295568 2.183954
0.017000 0.669245 -0.190591 0.140288 0.006478 -0.008435 0.063279 -0.228377 0.315192 2.227528
0.018000 0.669251 -0.190599 0.140353 0.006241 -0.008110 0.065528 -0.245222 0.335303 2.271411
0.019000 0.669257 -0.190607 0.140419 0.005988 -0.007764 0.067822 -0.262654 0.355910 2.315608
0.020000 0.669263 -0.190615 0.140488 0.005716 -0.007398 0.070159 -0.280704 0.377017 2.360110
0.021000 0.669269 -0.190622 0.140560 0.005426 -0.007010 0.072542 -0.299389 0.398622 2.404889
0.022000 0.669274 -0.190629 0.140633 0.005117 -0.006601 0.074969 -0.318716 0.420707 2.449930
0.023000 0.669279 -0.190635 0.140710 0.004789 -0.006169 0.077442 -0.338690 0.443245 2.495233
0.024000 0.669284 -0.190641 0.140788 0.004440 -0.005714 0.079960 -0.359315 0.466216 2.540795
0.025000 0.669288 -0.190647 0.140870 0.004070 -0.005237 0.082523 -0.380596 0.489617 2.586611
0.026000 0.669292 -0.190652 0.140953 0.003679 -0.004735 0.085133 -0.402538 0.513450 2.632672
0.027000 0.669295 -0.190656 0.141040 0.003265 -0.004210 0.087789 -0.425144 0.537721 2.678955
0.028000 0.669298 -0.190660 0.141129 0.002829 -0.003660 0.090491 -0.448417 0.562434 2.725424
0.029000 0.669301 -0.190663 0.141221 0.002368 -0.003085 0.093240 -0.472360 0.587593 2.772074
0.030000 0.669303 -0.190666 0.141315 0.001884 -0.002484 0.096035 -0.496977 0.613201 2.818917
0.031000 0.669305 -0.190668 0.141413 0.001374 -0.001858 0.098877 -0.522268 0.639261 2.865942
0.032000 0.669306 -0.190670 0.141513 0.000839 -0.001206 0.101767 -0.548236 0.665774 2.913116
0.033000 0.669306 -0.190671 0.141616 0.000278 -0.000527 0.104704 -0.574881 0.692743 2.960421
0.034000 0.669306 -0.190671 0.141723 -0.000311 0.000180 0.107688 -0.602204 0.720168 3.007860
0.035000 0.669306 -0.190670 0.141832 -0.000927 0.000914 0.110719 -0.630204 0.748050 3.055411
0.036000 0.669304 -0.190669 0.141944 -0.001571 0.001676 0.113799 -0.658870 0.776387 3.103040
0.037000 0.669303 -0.190667 0.142059 -0.002244 0.002466 0.116925 -0.688174 0.805179 3.150744
0.038000 0.669300 -0.190664 0.142178 -0.002947 0.003286 0.120100 -0.718081 0.834425 3.198553
0.039000 0.669297 -0.190660 0.142300 -0.003680 0.004135 0.123323 -0.748562 0.864132 3.246482
0.040000 0.669293 -0.190656 0.142425 -0.004444 0.005014 0.126593 -0.779605 0.894323 3.294532
0.041000 0.669288 -0.190650 0.142553 -0.005240 0.005924 0.129912 -0.811203 0.925027 3.342688
0.042000 0.669282 -0.190644 0.142684 -0.006067 0.006864 0.133278 -0.843352 0.956262 3.390911
0.043000 0.669276 -0.190637 0.142819 -0.006926 0.007836 0.136693 -0.876046 0.988035 3.439141
0.044000 0.669268 -0.190628 0.142958 -0.007819 0.008840 0.140157 -0.909278 1.020338 3.487355
0.045000 0.669260 -0.190619 0.143100 -0.008745 0.009877 0.143668 -0.943043 1.053164 3.535554
0.046000 0.669251 -0.190609 0.143245 -0.009705 0.010947 0.147228 -0.977333 1.086504 3.583710
0.047000 0.669241 -0.190597 0.143394 -0.010700 0.012050 0.150836 -1.012149 1.120348 3.631773
0.048000 0.669229 -0.190584 0.143547 -0.011729 0.013187 0.154491 -1.047508 1.154684 3.679731
0.049000 0.669217 -0.190571 0.143703 -0.012795 0.014359 0.158195 -1.083432 1.189501 3.727613
0.050000 0.669204 -0.190556 0.143863 -0.013896 0.015566 0.161947 -1.119934 1.224797 3.775435
0.051000 0.669189 -0.190540 0.144027 -0.015034 0.016809 0.165746 -1.157013 1.260583 3.823193
0.052000 0.669174 -0.190522 0.144195 -0.016210 0.018088 0.169593 -1.194656 1.296876 3.870873
0.053000 0.669157 -0.190503 0.144366 -0.017424 0.019403 0.173488 -1.232847 1.333685 3.918421
0.054000 0.669139 -0.190483 0.144542 -0.018676 0.020755 0.177430 -1.271570 1.371003 3.965763
0.055000 0.669120 -0.190462 0.144721 -0.019967 0.022145 0.181419 -1.310807 1.408812 4.012862
0.056000 0.669099 -0.190439 0.144904 -0.021297 0.023573 0.185455 -1.350540 1.447090 4.059712
0.057000 0.669077 -0.190415 0.145092 -0.022668 0.025039 0.189539 -1.390749 1.485815 4.106273
0.058000 0.669054 -0.190389 0.145284 -0.024079 0.026544 0.193668 -1.431411 1.524963 4.152474
0.059000 0.669029 -0.190362 0.145479 -0.025531 0.028089 0.197844 -1.472505 1.564510 4.198290
0.060000 0.669003 -0.190333 0.145679 -0.027024 0.029673 0.202065 -1.514006 1.604429 4.243734
0.061000 0.668975 -0.190302 0.145883 -0.028559 0.031298 0.206331 -1.555888 1.644693 4.288772
0.062000 0.668945 -0.190270 0.146092 -0.030136 0.032963 0.210642 -1.598125 1.685283 4.333318
0.063000 0.668915 -0.190236 0.146305 -0.031755 0.034668 0.214998 -1.640687 1.726193 4.377307
0.064000 0.668882 -0.190201 0.146522 -0.033417 0.036415 0.219397 -1.683545 1.767427 4.420714
0.065000 0.668848 -0.190164 0.146743 -0.035122 0.038203 0.223839 -1.726667 1.808997 4.463537
0.066000 0.668812 -0.190124 0.146970 -0.036870 0.040033 0.228324 -1.770019 1.850928 4.505815
0.067000 0.668774 -0.190083 0.147200 -0.038662 0.041905 0.232851 -1.813566 1.893251 4.547608
0.068000 0.668734 -0.190041 0.147435 -0.040498 0.043819 0.237419 -1.857274 1.935979 4.588906
0.069000 0.668693 -0.189996 0.147675 -0.042377 0.045777 0.242028 -1.901113 1.979100 4.629635
0.070000 0.668650 -0.189949 0.147919 -0.044300 0.047778 0.246678 -1.945069 2.022600 4.669751
0.071000 0.668604 -0.189900 0.148168 -0.046267 0.049822 0.251368 -1.989132 2.066466 4.709255
0.072000 0.668557 -0.189849 0.148422 -0.048278 0.051911 0.256097 -2.033286 2.110679 4.748095
0.073000 0.668508 -0.189796 0.148680 -0.050333 0.054043 0.260864 -2.077492 2.155209 4.786166
0.074000 0.668456 -0.189741 0.148944 -0.052433 0.056221 0.265669 -2.121706 2.200032 4.823405
0.075000 0.668403 -0.189684 0.149212 -0.054577 0.058444 0.270511 -2.165880 2.245131 4.859813
0.076000 0.668347 -0.189624 0.149485 -0.056765 0.060711 0.275389 -2.209983 2.290497 4.895407
0.077000 0.668289 -0.189563 0.149763 -0.058997 0.063025 0.280302 -2.254012 2.336132 4.930248
0.078000 0.668229 -0.189498 0.150045 -0.061273 0.065384 0.285249 -2.297977 2.382046 4.964417
0.079000 0.668167 -0.189432 0.150333 -0.063593 0.067789 0.290231 -2.341875 2.428229 4.997909
0.080000 0.668102 -0.189363 0.150626 -0.065957 0.070240 0.295245 -2.385673 2.474646 5.030638
0.081000 0.668035 -0.189291 0.150924 -0.068364 0.072738 0.300292 -2.429339 2.521260 5.062565
0.082000 0.667965 -0.189217 0.151226 -0.070815 0.075283 0.305370 -2.472840 2.568035 5.093705
0.083000 0.667893 -0.189141 0.151534 -0.073310 0.077874 0.310479 -2.516136 2.614929 5.124006
0.084000 0.667819 -0.189062 0.151847 -0.075848 0.080512 0.315618 -2.559176 2.661908 5.153341
0.085000 0.667742 -0.188980 0.152166 -0.078428 0.083198 0.320786 -2.601915 2.708974 5.181624
0.086000 0.667662 -0.188895 0.152489 -0.081051 0.085930 0.325982 -2.644313 2.756149 5.208817
0.087000 0.667580 -0.188808 0.152818 -0.083717 0.088710 0.331204 -2.686321 2.803432 5.234830
0.088000 0.667494 -0.188718 0.153151 -0.086424 0.091537 0.336451 -2.727902 2.850798 5.259546
0.089000 0.667407 -0.188625 0.153490 -0.089173 0.094412 0.341723 -2.769049 2.898243 5.282960
0.090000 0.667316 -0.188529 0.153835 -0.091962 0.097334 0.347017 -2.809783 2.945780 5.305169
0.091000 0.667223 -0.188430 0.154184 -0.094792 0.100303 0.352333 -2.850112 2.993413 5.326266
0.092000 0.667127 -0.188328 0.154539 -0.097662 0.103321 0.357670 -2.890027 3.041127 5.346339
0.093000 0.667027 -0.188224 0.154900 -0.100572 0.106386 0.363026 -2.929508 3.088896 5.365470
0.094000 0.666925 -0.188116 0.155266 -0.103521 0.109498 0.368401 -2.968513 3.136677 5.383631
0.095000 0.666820 -0.188005 0.155637 -0.106509 0.112659 0.373793 -3.006994 3.184437 5.400689
0.096000 0.666712 -0.187890 0.156013 -0.109535 0.115867 0.379202 -3.044928 3.232198 5.416559
0.097000 0.666601 -0.187773 0.156395 -0.112599 0.119123 0.384626 -3.082314 3.280018 5.431212
0.098000 0.666487 -0.187652 0.156782 -0.115700 0.122427 0.390064 -3.119124 3.327918 5.444558
0.099000 0.666370 -0.187528 0.157175 -0.118837 0.125779 0.395515 -3.155320 3.375870 5.456474
0.100000 0.666249 -0.187400 0.157573 -0.122011 0.129179 0.400977 -3.190894 3.423865 5.466977
0.101000 0.666126 -0.187270 0.157977 -0.125219 0.132627 0.406449 -3.225872 3.471920 5.476212
0.102000 0.665999 -0.187135 0.158386 -0.128462 0.136123 0.411930 -3.260275 3.520039 5.484311
0.103000 0.665869 -0.186997 0.158801 -0.131740 0.139667 0.417418 -3.294123 3.568208 5.491385
0.104000 0.665736 -0.186856 0.159221 -0.135051 0.143259 0.422913 -3.327432 3.616402 5.497532
0.105000 0.665599 -0.186711 0.159647 -0.138395 0.146900 0.428413 -3.360181 3.664569 5.502721
0.106000 0.665459 -0.186562 0.160078 -0.141771 0.150588 0.433918 -3.392318 3.712661 5.506811
0.107000 0.665315 -0.186410 0.160515 -0.145179 0.154325 0.439427 -3.423816 3.760690 5.509739
0.108000 0.665168 -0.186253 0.160957 -0.148619 0.158110 0.444937 -3.454678 3.808721 5.511548
0.109000 0.665018 -0.186093 0.161404 -0.152089 0.161942 0.450450 -3.484915 3.856804 5.512301
0.110000 0.664864 -0.185930 0.161858 -0.155588 0.165823 0.455962 -3.514548 3.904973 5.512103
0.111000 0.664707 -0.185762 0.162316 -0.159118 0.169752 0.461474 -3.543604 3.953248 5.511078
0.112000 0.664546 -0.185590 0.162781 -0.162676 0.173730 0.466984 -3.572066 4.001601 5.509213
0.113000 0.664382 -0.185414 0.163250 -0.166262 0.177756 0.472492 -3.599878 4.049967 5.506384
0.114000 0.664213 -0.185235 0.163726 -0.169875 0.181830 0.477997 -3.627017 4.098311 5.502567
0.115000 0.664042 -0.185051 0.164206 -0.173516 0.185952 0.483497 -3.653488 4.146628 5.497843
0.116000 0.663866 -0.184863 0.164693 -0.177182 0.190123 0.488993 -3.679262 4.194877 5.492176
0.117000 0.663687 -0.184670 0.165184 -0.180874 0.194342 0.494482 -3.704280 4.242997 5.485397
0.118000 0.663505 -0.184474 0.165682 -0.184591 0.198609 0.499963 -3.728529 4.290989 5.477412
0.119000 0.663318 -0.184273 0.166184 -0.188331 0.202924 0.505437 -3.752036 4.338899 5.468211
0.120000 0.663128 -0.184068 0.166692 -0.192095 0.207287 0.510900 -3.774782 4.386723 5.457697
0.121000 0.662934 -0.183859 0.167206 -0.195881 0.211697 0.516352 -3.796716 4.434401 5.445720
0.122000 0.662736 -0.183645 0.167725 -0.199688 0.216156 0.521791 -3.817838 4.481922 5.432313
0.123000 0.662535 -0.183426 0.168250 -0.203517 0.220661 0.527217 -3.838203 4.529324 5.417682
0.124000 0.662329 -0.183203 0.168780 -0.207365 0.225214 0.532627 -3.857866 4.576635 5.402008
0.125000 0.662120 -0.182976 0.169315 -0.211232 0.229815 0.538021 -3.876875 4.623860 5.385438
0.126000 0.661907 -0.182744 0.169856 -0.215119 0.234462 0.543398 -3.895278 4.670996 5.368097
0.127000 0.661690 -0.182507 0.170402 -0.219023 0.239157 0.548757 -3.913057 4.717982 5.349944
0.128000 0.661469 -0.182265 0.170953 -0.222945 0.243898 0.554097 -3.930143 4.764743 5.330806
0.129000 0.661244 -0.182019 0.171510 -0.226883 0.248686 0.559418 -3.946511 4.811281 5.310609
0.130000 0.661015 -0.181768 0.172072 -0.230838 0.253521 0.564719 -3.962195 4.857677 5.289425
0.131000 0.660782 -0.181512 0.172639 -0.234808 0.258401 0.569997 -3.977243 4.903995 5.267364
0.132000 0.660545 -0.181251 0.173212 -0.238792 0.263329 0.575253 -3.991728 4.950284 5.244608
0.133000 0.660305 -0.180985 0.173790 -0.242791 0.268302 0.580486 -4.005737 4.996574 5.221375
0.134000 0.660060 -0.180715 0.174373 -0.246804 0.273322 0.585696 -4.019279 5.042826 5.197696
0.135000 0.659811 -0.180439 0.174961 -0.250830 0.278388 0.590882 -4.032288 5.088938 5.173420
0.136000 0.659558 -0.180158 0.175555 -0.254868 0.283500 0.596043 -4.044742 5.134860 5.148496
0.137000 0.659301 -0.179872 0.176153 -0.258919 0.288657 0.601179 -4.056666 5.180588 5.122992
0.138000 0.659040 -0.179581 0.176757 -0.262982 0.293861 0.606289 -4.068030 5.226067 5.096840
0.139000 0.658775 -0.179284 0.177366 -0.267055 0.299109 0.611373 -4.078751 5.271207 5.069841
0.140000 0.658506 -0.178982 0.177980 -0.271139 0.304403 0.616429 -4.088814 5.316013 5.041917
0.141000 0.658233 -0.178675 0.178599 -0.275233 0.309741 0.621456 -4.098264 5.360565 5.013115
0.142000 0.657956 -0.178363 0.179223 -0.279336 0.315124 0.626455 -4.107082 5.404865 4.983358
0.143000 0.657674 -0.178045 0.179852 -0.283447 0.320551 0.631423 -4.115201 5.448842 4.952477
0.144000 0.657389 -0.177722 0.180486 -0.287566 0.326022 0.636360 -4.122643 5.492512 4.920501
0.145000 0.657099 -0.177393 0.181124 -0.291692 0.331536 0.641264 -4.129522 5.535982 4.887667
0.146000 0.656805 -0.177059 0.181768 -0.295825 0.337094 0.646135 -4.135936 5.579329 4.854188
0.147000 0.656508 -0.176719 0.182417 -0.299964 0.342695 0.650972 -4.141967 5.622580 4.820244
0.148000 0.656206 -0.176373 0.183070 -0.304109 0.348339 0.655776 -4.147683 5.665730 4.785990
0.149000 0.655899 -0.176022 0.183728 -0.308259 0.354026 0.660544 -4.153064 5.708693 4.751386
0.150000 0.655589 -0.175665 0.184391 -0.312415 0.359756 0.665278 -4.158024 5.751353 4.716230
0.151000 0.655274 -0.175303 0.185059 -0.316576 0.365529 0.669977 -4.162560 5.793707 4.680449
0.152000 0.654956 -0.174934 0.185731 -0.320740 0.371344 0.674639 -4.166738 5.835844 4.644106
0.153000 0.654633 -0.174560 0.186408 -0.324909 0.377201 0.679265 -4.170550 5.877759 4.607124
0.154000 0.654306 -0.174180 0.187090 -0.329081 0.383099 0.683854 -4.173914 5.919352 4.569324
0.155000 0.653975 -0.173794 0.187776 -0.333257 0.389039 0.688404 -4.176837 5.960606 4.530741
0.156000 0.653640 -0.173402 0.188466 -0.337435 0.395021 0.692915 -4.179405 6.001586 4.491588
0.157000 0.653300 -0.173004 0.189162 -0.341616 0.401043 0.697387 -4.181617 6.042264 4.451896
0.158000 0.652956 -0.172600 0.189861 -0.345798 0.407105 0.701819 -4.183387 6.082504 4.411486
0.159000 0.652608 -0.172189 0.190565 -0.349982 0.413208 0.706210 -4.184706 6.122243 4.370307
0.160000 0.652256 -0.171773 0.191274 -0.354168 0.419350 0.710559 -4.185664 6.161515 4.328494
0.161000 0.651900 -0.171351 0.191986 -0.358354 0.425531 0.714867 -4.186345 6.200383 4.286177
0.162000 0.651540 -0.170922 0.192703 -0.362540 0.431750 0.719132 -4.186831 6.238968 4.243484
0.163000 0.651175 -0.170487 0.193425 -0.366727 0.438009 0.723354 -4.187198 6.277414 4.200535
0.164000 0.650806 -0.170046 0.194150 -0.370915 0.444305 0.727533 -4.187423 6.315733 4.157262
0.165000 0.650433 -0.169599 0.194880 -0.375102 0.450640 0.731668 -4.187409 6.353809 4.113467
0.166000 0.650056 -0.169145 0.195613 -0.379290 0.457013 0.735760 -4.187171 6.391617 4.069166
0.167000 0.649675 -0.168685 0.196351 -0.383477 0.463423 0.739807 -4.186817 6.429224 4.024563
0.168000 0.649289 -0.168218 0.197093 -0.387663 0.469871 0.743809 -4.186354 6.466589 3.979667
0.169000 0.648899 -0.167745 0.197839 -0.391849 0.476356 0.747766 -4.185682 6.503563 3.934276
0.170000 0.648505 -0.167265 0.198589 -0.396035 0.482878 0.751677 -4.184776 6.540093 3.888321
0.171000 0.648107 -0.166779 0.199342 -0.400219 0.489437 0.755543 -4.183694 6.576222 3.841886
0.172000 0.647705 -0.166286 0.200100 -0.404402 0.496031 0.759361 -4.182403 6.611889 3.794892
0.173000 0.647298 -0.165787 0.200861 -0.408584 0.502660 0.763132 -4.180786 6.646949 3.747100
0.174000 0.646888 -0.165281 0.201626 -0.412764 0.509325 0.766855 -4.178827 6.681402 3.698445
0.175000 0.646473 -0.164768 0.202395 -0.416941 0.516023 0.770529 -4.176602 6.715364 3.649034
0.176000 0.646054 -0.164249 0.203167 -0.421117 0.522755 0.774154 -4.174087 6.748825 3.598801
0.177000 0.645631 -0.163723 0.203943 -0.425289 0.529521 0.777727 -4.171172 6.781636 3.547536
0.178000 0.645203 -0.163190 0.204722 -0.429459 0.536319 0.781249 -4.167849 6.813747 3.495236
0.179000 0.644772 -0.162650 0.205505 -0.433625 0.543148 0.784717 -4.164238 6.845246 3.442140
0.180000 0.644336 -0.162104 0.206292 -0.437788 0.550009 0.788133 -4.160453 6.876214 3.388463
0.181000 0.643896 -0.161550 0.207082 -0.441946 0.556901 0.791494 -4.156605 6.906726 3.334387
0.182000 0.643452 -0.160990 0.207875 -0.446101 0.563823 0.794802 -4.152801 6.936848 3.280073
0.183000 0.643004 -0.160423 0.208671 -0.450252 0.570774 0.798055 -4.149016 6.966503 3.225454
0.184000 0.642552 -0.159848 0.209471 -0.454399 0.577756 0.801253 -4.145120 6.995515 3.170274
0.185000 0.642095 -0.159267 0.210274 -0.458542 0.584766 0.804395 -4.141080 7.023862 3.114435
0.186000 0.641634 -0.158679 0.211080 -0.462681 0.591803 0.807481 -4.136961 7.051659 3.058005
0.187000 0.641170 -0.158084 0.211889 -0.466816 0.598869 0.810511 -4.132724 7.078873 3.000884
0.188000 0.640701 -0.157481 0.212701 -0.470946 0.605961 0.813483 -4.128244 7.105323 2.942824
0.189000 0.640228 -0.156872 0.213516 -0.475072 0.613079 0.816397 -4.123523 7.130939 2.883789
0.190000 0.639751 -0.156255 0.214334 -0.479193 0.620223 0.819251 -4.118677 7.155774 2.823938
0.191000 0.639269 -0.155631 0.215154 -0.483310 0.627391 0.822045 -4.113702 7.179744 2.763233
0.192000 0.638784 -0.155000 0.215978 -0.487421 0.634583 0.824777 -4.108466 7.202628 2.701436
0.193000 0.638295 -0.154362 0.216804 -0.491527 0.641796 0.827447 -4.102933 7.224327 2.638479
0.194000 0.637801 -0.153717 0.217633 -0.495627 0.649031 0.830054 -4.097195 7.244906 2.574521
0.195000 0.637303 -0.153064 0.218464 -0.499721 0.656286 0.832597 -4.091344 7.264454 2.509720
0.196000 0.636802 -0.152404 0.219298 -0.503809 0.663560 0.835074 -4.085465 7.283114 2.444227
0.197000 0.636296 -0.151737 0.220134 -0.507892 0.670852 0.837485 -4.079640 7.301059 2.378195
0.198000 0.635786 -0.151062 0.220973 -0.511969 0.678162 0.839830 -4.073813 7.318263 2.311545
0.199000 0.635272 -0.150380 0.221814 -0.516040 0.685489 0.842108 -4.067824 7.334538 2.244020
0.200000 0.634754 -0.149691 0.222657 -0.520104 0.692831 0.844318 -4.061633 7.349844 2.175560
0.201000 0.634232 -0.148995 0.223502 -0.524163 0.700189 0.846459 -4.055312 7.364292 2.106296
0.202000 0.633705 -0.148291 0.224350 -0.528215 0.707560 0.848531 -4.048817 7.377826 2.036165
0.203000 0.633175 -0.147580 0.225199 -0.532260 0.714944 0.850532 -4.041992 7.390207 1.964912
0.204000 0.632641 -0.146861 0.226051 -0.536299 0.722340 0.852460 -4.034808 7.401318 1.892470
0.205000 0.632103 -0.146135 0.226904 -0.540330 0.729747 0.854316 -4.027385 7.411214 1.819011
0.206000 0.631560 -0.145402 0.227760 -0.544354 0.737163 0.856098 -4.019832 7.419978 1.744701
0.207000 0.631014 -0.144661 0.228617 -0.548370 0.744587 0.857806 -4.012235 7.427747 1.669706
0.208000 0.630463 -0.143912 0.229475 -0.552378 0.752018 0.859438 -4.004673 7.434685 1.594191
0.209000 0.629909 -0.143157 0.230335 -0.556379 0.759456 0.860994 -3.997073 7.440741 1.518082
0.210000 0.629351 -0.142393 0.231197 -0.560372 0.766900 0.862474 -3.989263 7.445691 1.441123
0.211000 0.628788 -0.141623 0.232060 -0.564358 0.774348 0.863876 -3.981212 7.449469 1.363259
0.212000 0.628222 -0.140845 0.232925 -0.568335 0.781799 0.865201 -3.973017 7.452175 1.284636
0.213000 0.627652 -0.140059 0.233791 -0.572304 0.789252 0.866446 -3.964643 7.453724 1.205199
0.214000 0.627077 -0.139266 0.234658 -0.576264 0.796706 0.867611 -3.955922 7.453831 1.124685
0.215000 0.626499 -0.138466 0.235526 -0.580216 0.804160 0.868695 -3.946811 7.452326 1.043012
0.216000 0.625917 -0.137658 0.236395 -0.584158 0.811611 0.869697 -3.937392 7.449177 0.960286
0.217000 0.625331 -0.136843 0.237265 -0.588090 0.819058 0.870616 -3.927614 7.444210 0.876422
0.218000 0.624741 -0.136020 0.238136 -0.592013 0.826499 0.871450 -3.917295 7.437158 0.791144
0.219000 0.624147 -0.135190 0.239008 -0.595925 0.833932 0.872198 -3.906375 7.428024 0.704363
0.220000 0.623549 -0.134352 0.239881 -0.599826 0.841355 0.872859 -3.894956 7.417066 0.616232
0.221000 0.622947 -0.133507 0.240754 -0.603715 0.848766 0.873430 -3.883143 7.404517 0.526922
0.222000 0.622342 -0.132654 0.241628 -0.607592 0.856164 0.873912 -3.871055 7.390574 0.436632
0.223000 0.621732 -0.131795 0.242502 -0.611457 0.863548 0.874304 -3.858813 7.375409 0.345578
0.224000 0.621119 -0.130927 0.243376 -0.615310 0.870915 0.874604 -3.846366 7.358942 0.253722
0.225000 0.620501 -0.130053 0.244251 -0.619150 0.878265 0.874811 -3.833526 7.340878 0.160813
0.226000 0.619880 -0.129171 0.245126 -0.622977 0.885597 0.874925 -3.820235 7.321075 0.066791
0.227000 0.619255 -0.128282 0.246001 -0.626790 0.892908 0.874945 -3.806601 7.299613 -0.028163
0.228000 0.618627 -0.127385 0.246876 -0.630590 0.900196 0.874869 -3.792728 7.276613 -0.123866
0.229000 0.617994 -0.126481 0.247751 -0.634376 0.907461 0.874697 -3.778719 7.252284 -0.220136
0.230000 0.617358 -0.125570 0.248625 -0.638147 0.914701 0.874429 -3.764669 7.226875 -0.316790
0.231000 0.616718 -0.124652 0.249499 -0.641905 0.921915 0.874063 -3.750505 7.200369 -0.413890
0.232000 0.616074 -0.123726 0.250373 -0.645648 0.929101 0.873601 -3.736022 7.172512 -0.511686
0.233000 0.615427 -0.122794 0.251247 -0.649377 0.936260 0.873040 -3.721160 7.143247 -0.610215
0.234000 0.614775 -0.121854 0.252119 -0.653091 0.943388 0.872380 -3.706003 7.112719 -0.709310
0.235000 0.614120 -0.120907 0.252991 -0.656789 0.950485 0.871621 -3.690489 7.080850 -0.809009
0.236000 0.613462 -0.119953 0.253863 -0.660472 0.957550 0.870762 -3.674419 7.047319 -0.909569
0.237000 0.612800 -0.118992 0.254733 -0.664138 0.964580 0.869802 -3.657746 7.011963 -1.011074
0.238000 0.612134 -0.118024 0.255602 -0.667787 0.971573 0.868740 -3.640575 6.974797 -1.113421
0.239000 0.611464 -0.117049 0.256470 -0.671419 0.978529 0.867575 -3.622851 6.935654 -1.216694
0.240000 0.610791 -0.116067 0.257337 -0.675033 0.985445 0.866307 -3.604362 6.894235 -1.321157
0.241000 0.610114 -0.115078 0.258203 -0.678628 0.992318 0.864933 -3.585024 6.850550 -1.426867
0.242000 0.609433 -0.114082 0.259067 -0.682203 0.999146 0.863453 -3.564930 6.804917 -1.533631
0.243000 0.608749 -0.113079 0.259930 -0.685758 1.005928 0.861866 -3.544188 6.757640 -1.641234
0.244000 0.608062 -0.112070 0.260791 -0.689291 1.012661 0.860171 -3.522930 6.709003 -1.749431
0.245000 0.607371 -0.111054 0.261650 -0.692803 1.019346 0.858367 -3.501306 6.659273 -1.857959
0.246000 0.606676 -0.110031 0.262508 -0.696294 1.025980 0.856455 -3.479267 6.608404 -1.966818
0.247000 0.605978 -0.109002 0.263363 -0.699762 1.032562 0.854433 -3.456617 6.556074 -2.076253
0.248000 0.605277 -0.107966 0.264217 -0.703207 1.039092 0.852302 -3.433327 6.502129 -2.186356
0.249000 0.604572 -0.106924 0.265068 -0.706629 1.045567 0.850061 -3.409528 6.446612 -2.297041
0.250000 0.603864 -0.105875 0.265917 -0.710026 1.051985 0.847708 -3.385185 6.389366 -2.408400
0.251000 0.603152 -0.104820 0.266763 -0.713399 1.058345 0.845244 -3.360087 6.330082 -2.520702
0.252000 0.602437 -0.103758 0.267607 -0.716746 1.064645 0.842667 -3.334168 6.268778 -2.634009
0.253000 0.601718 -0.102691 0.268449 -0.720067 1.070883 0.839976 -3.307551 6.205811 -2.748142
0.254000 0.600997 -0.101617 0.269287 -0.723361 1.077057 0.837170 -3.280358 6.141521 -2.862889
0.255000 0.600272 -0.100537 0.270123 -0.726628 1.083166 0.834250 -3.252707 6.076228 -2.977993
0.256000 0.599543 -0.099450 0.270956 -0.729867 1.089209 0.831214 -3.224712 6.010239 -3.093165
0.257000 0.598812 -0.098358 0.271785 -0.733077 1.095186 0.828064 -3.196291 5.943517 -3.208384
0.258000 0.598077 -0.097260 0.272612 -0.736259 1.101096 0.824798 -3.167222 5.875712 -3.323876
0.259000 0.597339 -0.096156 0.273435 -0.739412 1.106938 0.821416 -3.137466 5.806635 -3.439731
0.260000 0.596598 -0.095046 0.274255 -0.742534 1.112710 0.817918 -3.107192 5.736368 -3.555822
0.261000 0.595854 -0.093930 0.275071 -0.745626 1.118411 0.814304 -3.076562 5.665075 -3.672009
0.262000 0.595107 -0.092809 0.275883 -0.748687 1.124040 0.810574 -3.045717 5.593065 -3.788134
0.263000 0.594357 -0.091682 0.276692 -0.751718 1.129597 0.806728 -3.014787 5.520729 -3.904027
0.264000 0.593604 -0.090550 0.277497 -0.754717 1.135081 0.802766 -2.983695 5.448105 -4.019736
0.265000 0.592847 -0.089412 0.278297 -0.757685 1.140493 0.798689 -2.952208 5.374928 -4.135463
0.266000 0.592088 -0.088269 0.279094 -0.760621 1.145831 0.794495 -2.920266 5.301180 -4.251179
0.267000 0.591326 -0.087121 0.279886 -0.763526 1.151095 0.790186 -2.887980 5.227106 -4.366640
0.268000 0.590561 -0.085967 0.280674 -0.766397 1.156285 0.785762 -2.855289 5.152664 -4.481812
0.269000 0.589793 -0.084808 0.281458 -0.769236 1.161401 0.781223 -2.821967 5.077486 -4.596912
0.270000 0.589023 -0.083644 0.282237 -0.772041 1.166440 0.776568 -2.787972 5.001377 -4.712041
0.271000 0.588249 -0.082475 0.283011 -0.774812 1.171403 0.771799 -2.753481 4.924433 -4.827098
0.272000 0.587473 -0.081301 0.283780 -0.777548 1.176289 0.766914 -2.718667 4.846830 -4.941960
0.273000 0.586694 -0.080123 0.284545 -0.780249 1.181097 0.761915 -2.683703 4.768893 -5.056469
0.274000 0.585913 -0.078939 0.285304 -0.782916 1.185827 0.756801 -2.648757 4.691028 -5.170446
0.275000 0.585128 -0.077751 0.286059 -0.785547 1.190479 0.751574 -2.613772 4.613271 -5.283922
0.276000 0.584342 -0.076558 0.286807 -0.788143 1.195053 0.746233 -2.578506 4.535332 -5.397091
0.277000 0.583552 -0.075361 0.287551 -0.790704 1.199550 0.740780 -2.542872 4.457169 -5.509950
0.278000 0.582760 -0.074159 0.288289 -0.793229 1.203968 0.735213 -2.506952 4.379009 -5.622307
0.279000 0.581966 -0.072953 0.289021 -0.795718 1.208308 0.729535 -2.470656 4.300787 -5.734150
0.280000 0.581169 -0.071742 0.289748 -0.798170 1.212569 0.723745 -2.433742 4.222113 -5.845675
0.281000 0.580369 -0.070528 0.290469 -0.800585 1.216752 0.717844 -2.396163 4.142794 -5.956930
0.282000 0.579568 -0.069309 0.291184 -0.802963 1.220855 0.711831 -2.358103 4.062949 -6.067761
0.283000 0.578763 -0.068086 0.291893 -0.805302 1.224878 0.705708 -2.319745 3.982764 -6.178010
0.284000 0.577957 -0.066859 0.292595 -0.807602 1.228820 0.699475 -2.281269 3.902564 -6.287509
0.285000 0.577148 -0.065628 0.293291 -0.809864 1.232683 0.693133 -2.242853 3.822743 -6.396087
0.286000 0.576337 -0.064394 0.293981 -0.812088 1.236466 0.686683 -2.204440 3.743323 -6.503769
0.287000 0.575524 -0.063155 0.294665 -0.814273 1.240170 0.680125 -2.165782 3.663997 -6.610727
0.288000 0.574709 -0.061913 0.295342 -0.816419 1.243794 0.673461 -2.126795 3.584732 -6.716949
0.289000 0.573891 -0.060668 0.296012 -0.818527 1.247339 0.666692 -2.087567 3.505780 -6.822244
0.290000 0.573072 -0.059419 0.296675 -0.820594 1.250806 0.659817 -2.048015 3.427083 -6.926592
0.291000 0.572250 -0.058166 0.297331 -0.822623 1.254193 0.652838 -2.007901 3.348230 -7.030171
0.292000 0.571426 -0.056910 0.297981 -0.824610 1.257502 0.645757 -1.967207 3.268992 -7.133042
0.293000 0.570601 -0.055651 0.298623 -0.826557 1.260731 0.638572 -1.926116 3.189369 -7.235123
0.294000 0.569773 -0.054389 0.299258 -0.828463 1.263881 0.631286 -1.884610 3.109131 -7.336469
0.295000 0.568944 -0.053123 0.299886 -0.830326 1.266950 0.623899 -1.842453 3.027894 -7.437258
0.296000 0.568113 -0.051855 0.300506 -0.832147 1.269936 0.616412 -1.799574 2.945685 -7.537506
0.297000 0.567280 -0.050584 0.301118 -0.833925 1.272841 0.608824 -1.756128 2.862939 -7.637034
0.298000 0.566445 -0.049309 0.301723 -0.835660 1.275662 0.601138 -1.712266 2.780054 -7.735664
0.299000 0.565608 -0.048032 0.302321 -0.837350 1.278401 0.593353 -1.668138 2.697362 -7.833224
0.300000 0.564770 -0.046753 0.302910 -0.838996 1.281057 0.585471 -1.623893 2.615161 -7.929547
0.301000 0.563930 -0.045470 0.303492 -0.840598 1.283631 0.577494 -1.579452 2.533366 -8.024638
0.302000 0.563089 -0.044185 0.304065 -0.842155 1.286124 0.569422 -1.534568 2.451551 -8.118656
0.303000 0.562246 -0.042898 0.304630 -0.843667 1.288534 0.561257 -1.489206 2.369508 -8.211641
0.304000 0.561402 -0.041608 0.305188 -0.845133 1.290863 0.552999 -1.443530 2.287273 -8.303496
0.305000 0.560556 -0.040316 0.305736 -0.846554 1.293109 0.544650 -1.397505 2.204639 -8.394247
0.306000 0.559708 -0.039022 0.306277 -0.847928 1.295272 0.536210 -1.350887 2.121213 -8.484031
0.307000 0.558860 -0.037726 0.306809 -0.849256 1.297351 0.527682 -1.303614 2.036997 -8.572831
0.308000 0.558010 -0.036427 0.307332 -0.850536 1.299346 0.519065 -1.255857 1.952397 -8.660458
0.309000 0.557159 -0.035127 0.307847 -0.851767 1.301256 0.510361 -1.207776 1.867787 -8.746739
0.310000 0.556306 -0.033825 0.308353 -0.852951 1.303082 0.501571 -1.159515 1.783474 -8.831538
0.311000 0.555453 -0.032521 0.308850 -0.854086 1.304823 0.492698 -1.111211 1.699731 -8.914735
0.312000 0.554598 -0.031215 0.309338 -0.855173 1.306481 0.483742 -1.062769 1.616447 -8.996355
0.313000 0.553743 -0.029908 0.309818 -0.856212 1.308056 0.474705 -1.013940 1.533177 -9.076537
0.314000 0.552886 -0.028599 0.310288 -0.857201 1.309548 0.465589 -0.964699 1.449689 -9.155310
0.315000 0.552028 -0.027289 0.310749 -0.858141 1.310955 0.456394 -0.915279 1.366081 -9.232562
0.316000 0.551170 -0.025977 0.311201 -0.859032 1.312280 0.447123 -0.865896 1.282533 -9.308159
0.317000 0.550310 -0.024664 0.311643 -0.859873 1.313520 0.437778 -0.816732 1.199380 -9.381946
0.318000 0.549450 -0.023350 0.312076 -0.860665 1.314678 0.428360 -0.767951 1.117037 -9.453749
0.319000 0.548589 -0.022035 0.312500 -0.861409 1.315755 0.418870 -0.719478 1.035523 -9.523535
0.320000 0.547727 -0.020719 0.312914 -0.862104 1.316749 0.409313 -0.671044 0.954495 -9.591422
0.321000 0.546865 -0.019401 0.313318 -0.862751 1.317664 0.399688 -0.622571 0.873872 -9.657478
0.322000 0.546001 -0.018083 0.313713 -0.863349 1.318497 0.389998 -0.574170 0.793868 -9.721690
0.323000 0.545138 -0.016764 0.314098 -0.863899 1.319251 0.380244 -0.525762 0.714385 -9.784116
0.324000 0.544274 -0.015445 0.314474 -0.864401 1.319926 0.370429 -0.477089 0.634986 -9.844887
0.325000 0.543409 -0.014124 0.314839 -0.864854 1.320521 0.360554 -0.428093 0.555452 -9.904042
0.326000 0.542544 -0.012804 0.315195 -0.865257 1.321037 0.350621 -0.378969 0.475904 -9.961506
0.327000 0.541679 -0.011482 0.315540 -0.865612 1.321473 0.340631 -0.329908 0.396527 -10.017176
0.328000 0.540813 -0.010161 0.315876 -0.865917 1.321830 0.330587 -0.281101 0.317631 -10.070909
0.329000 0.539947 -0.008839 0.316202 -0.866174 1.322108 0.320490 -0.232741 0.239590 -10.122536
0.330000 0.539080 -0.007517 0.316517 -0.866382 1.322309 0.310342 -0.184769 0.162392 -10.172003
0.331000 0.538214 -0.006194 0.316822 -0.866543 1.322433 0.300146 -0.136924 0.085687 -10.219395
0.332000 0.537347 -0.004872 0.317117 -0.866656 1.322481 0.289903 -0.089124 0.009412 -10.264780
0.333000 0.536481 -0.003549 0.317402 -0.866722 1.322452 0.279616 -0.041477 -0.066192 -10.308173
0.334000 0.535614 -0.002227 0.317677 -0.866739 1.322348 0.269287 0.006099 -0.141198 -10.349636
0.335000 0.534747 -0.000904 0.317941 -0.866709 1.322170 0.258917 0.053867 -0.216041 -10.389272
0.336000 0.533880 0.000418 0.318194 -0.866632 1.321916 0.248508 0.101884 -0.290936 -10.427120
0.337000 0.533014 0.001739 0.318438 -0.866506 1.321588 0.238063 0.150010 -0.365847 -10.463156
0.338000 0.532147 0.003061 0.318671 -0.866332 1.321184 0.227582 0.198302 -0.440988 -10.497397
0.339000 0.531281 0.004382 0.318893 -0.866109 1.320706 0.217068 0.247023 -0.516769 -10.529886
0.340000 0.530415 0.005702 0.319105 -0.865837 1.320151 0.206522 0.296253 -0.593214 -10.560570
0.341000 0.529550 0.007022 0.319306 -0.865517 1.319519 0.195947 0.345837 -0.669933 -10.589309
0.342000 0.528684 0.008341 0.319497 -0.865146 1.318811 0.185343 0.395608 -0.746558 -10.616004
0.343000 0.527819 0.009660 0.319677 -0.864725 1.318026 0.174715 0.445384 -0.822746 -10.640637
0.344000 0.526955 0.010977 0.319846 -0.864255 1.317165 0.164062 0.494975 -0.898174 -10.663231
0.345000 0.526091 0.012294 0.320005 -0.863735 1.316230 0.153388 0.544435 -0.972912 -10.683842
0.346000 0.525227 0.013610 0.320153 -0.863166 1.315220 0.142694 0.594014 -1.047398 -10.702542
0.347000 0.524364 0.014924 0.320290 -0.862547 1.314135 0.131983 0.643766 -1.121869 -10.719368
0.348000 0.523502 0.016238 0.320417 -0.861879 1.312976 0.121256 0.693497 -1.196232 -10.734306
0.349000 0.522641 0.017550 0.320533 -0.861160 1.311743 0.110514 0.743022 -1.270309 -10.747318
0.350000 0.521780 0.018861 0.320638 -0.860393 1.310435 0.099761 0.792173 -1.343769 -10.758322
0.351000 0.520920 0.020171 0.320732 -0.859576 1.309055 0.088998 0.840786 -1.416191 -10.767210
0.352000 0.520061 0.021480 0.320816 -0.858711 1.307603 0.078227 0.888937 -1.487555 -10.773923
0.353000 0.519202 0.022786 0.320889 -0.857798 1.306080 0.067450 0.936893 -1.558197 -10.778491
0.354000 0.518345 0.024092 0.320951 -0.856837 1.304486 0.056670 0.984729 -1.628187 -10.781002
0.355000 0.517489 0.025395 0.321002 -0.855829 1.302823 0.045888 1.032329 -1.697301 -10.781548
0.356000 0.516633 0.026697 0.321042 -0.854773 1.301092 0.035107 1.079766 -1.765623 -10.780206
0.357000 0.515779 0.027998 0.321072 -0.853669 1.299292 0.024328 1.127301 -1.833587 -10.777024
0.358000 0.514926 0.029296 0.321091 -0.852518 1.297425 0.013553 1.175007 -1.901415 -10.772034
0.359000 0.514074 0.030592 0.321099 -0.851319 1.295489 0.002783 1.222763 -1.969081 -10.765254
0.360000 0.513223 0.031887 0.321097 -0.850072 1.293487 -0.007978 1.270637 -2.036799 -10.756691
0.361000 0.512374 0.033179 0.321083 -0.848778 1.291416 -0.018730 1.318889 -2.104964 -10.746330
0.362000 0.511526 0.034470 0.321059 -0.847435 1.289277 -0.029471 1.367583 -2.173574 -10.734136
0.363000 0.510679 0.035758 0.321024 -0.846043 1.287069 -0.040198 1.416547 -2.242212 -10.720057
0.364000 0.509834 0.037044 0.320979 -0.844602 1.284792 -0.050911 1.465606 -2.310487 -10.704087
0.365000 0.508990 0.038328 0.320923 -0.843111 1.282448 -0.061606 1.514585 -2.378052 -10.686298
0.366000 0.508148 0.039609 0.320856 -0.841572 1.280036 -0.072283 1.563307 -2.444582 -10.666803
0.367000 0.507307 0.040888 0.320778 -0.839985 1.277559 -0.082940 1.611831 -2.510141 -10.645672
0.368000 0.506468 0.042164 0.320690 -0.838349 1.275016 -0.093575 1.660406 -2.575162 -10.622920
0.369000 0.505630 0.043438 0.320591 -0.836664 1.272408 -0.104186 1.709087 -2.639894 -10.598572
0.370000 0.504794 0.044709 0.320481 -0.834931 1.269736 -0.114772 1.757740 -2.704355 -10.572668
0.371000 0.503960 0.045977 0.320361 -0.833149 1.267000 -0.125331 1.806418 -2.768788 -10.545206
0.372000 0.503128 0.047243 0.320231 -0.831318 1.264198 -0.135862 1.855373 -2.833593 -10.516130
0.373000 0.502298 0.048506 0.320090 -0.829438 1.261332 -0.146363 1.904682 -2.898768 -10.485370
0.374000 0.501469 0.049765 0.319938 -0.827508 1.258401 -0.156833 1.954188 -2.963909 -10.452873
0.375000 0.500643 0.051022 0.319776 -0.825529 1.255405 -0.167269 2.003737 -3.028631 -10.418633
0.376000 0.499818 0.052276 0.319603 -0.823501 1.252344 -0.177670 2.053170 -3.092593 -10.382743
0.377000 0.498996 0.053527 0.319421 -0.821423 1.249219 -0.188035 2.102326 -3.155479 -10.345343
0.378000 0.498175 0.054775 0.319227 -0.819296 1.246033 -0.198361 2.151272 -3.217350 -10.306497
0.379000 0.497357 0.056019 0.319024 -0.817121 1.242785 -0.208648 2.200245 -3.278628 -10.266181
0.380000 0.496541 0.057260 0.318810 -0.814896 1.239475 -0.218893 2.249283 -3.339560 -10.224388
0.381000 0.495727 0.058498 0.318586 -0.812622 1.236105 -0.229096 2.298230 -3.400165 -10.181150
0.382000 0.494916 0.059732 0.318352 -0.810299 1.232675 -0.239256 2.347120 -3.460682 -10.136436
0.383000 0.494107 0.060963 0.318108 -0.807928 1.229184 -0.249369 2.396193 -3.521509 -10.090150
0.384000 0.493300 0.062191 0.317853 -0.805507 1.225632 -0.259436 2.445527 -3.582664 -10.042220
0.385000 0.492496 0.063415 0.317589 -0.803037 1.222019 -0.269454 2.494980 -3.643778 -9.992623
0.386000 0.491694 0.064635 0.317314 -0.800517 1.218345 -0.279421 2.544409 -3.704503 -9.941388
0.387000 0.490895 0.065851 0.317030 -0.797948 1.214610 -0.289336 2.593666 -3.764535 -9.888640
0.388000 0.490098 0.067064 0.316736 -0.795330 1.210815 -0.299198 2.642603 -3.823591 -9.834553
0.389000 0.489304 0.068273 0.316431 -0.792663 1.206963 -0.309006 2.691287 -3.881747 -9.779190
0.390000 0.488513 0.069478 0.316117 -0.789947 1.203052 -0.318757 2.739951 -3.939406 -9.722488
0.391000 0.487724 0.070679 0.315794 -0.787183 1.199084 -0.328451 2.788634 -3.996782 -9.664420
0.392000 0.486938 0.071876 0.315461 -0.784370 1.195058 -0.338086 2.837142 -4.053783 -9.605023
0.393000 0.486155 0.073069 0.315118 -0.781508 1.190976 -0.347661 2.885288 -4.110254 -9.544322
0.394000 0.485375 0.074258 0.314765 -0.778599 1.186838 -0.357174 2.932896 -4.165932 -9.482312
0.395000 0.484598 0.075443 0.314403 -0.775643 1.182644 -0.366625 2.979796 -4.220487 -9.418974
0.396000 0.483824 0.076623 0.314032 -0.772640 1.178397 -0.376012 3.026041 -4.273936 -9.354213
0.397000 0.483053 0.077800 0.313651 -0.769591 1.174096 -0.385334 3.071866 -4.326592 -9.287933
0.398000 0.482285 0.078972 0.313261 -0.766496 1.169744 -0.394588 3.117339 -4.378510 -9.220211
0.399000 0.481520 0.080139 0.312862 -0.763356 1.165339 -0.403774 3.162360 -4.429473 -9.151245
0.400000 0.480758 0.081302 0.312454 -0.760171 1.160885 -0.412891 3.206993 -4.479542 -9.081102
0.401000 0.479999 0.082461 0.312036 -0.756942 1.156380 -0.421936 3.251461 -4.529108 -9.009689
0.402000 0.479244 0.083615 0.311610 -0.753668 1.151827 -0.430910 3.295796 -4.578388 -8.936960
0.403000 0.478492 0.084765 0.311175 -0.750350 1.147224 -0.439810 3.339852 -4.627387 -8.862943
0.404000 0.477743 0.085910 0.310730 -0.746989 1.142572 -0.448636 3.383655 -4.676316 -8.787564
0.405000 0.476998 0.087050 0.310277 -0.743583 1.137871 -0.457385 3.427416 -4.725544 -8.710646
0.406000 0.476256 0.088185 0.309816 -0.740134 1.133121 -0.466057 3.471178 -4.775109 -8.632076
0.407000 0.475518 0.089316 0.309345 -0.736641 1.128321 -0.474649 3.514776 -4.824689 -8.551846
0.408000 0.474783 0.090442 0.308866 -0.733104 1.123471 -0.483161 3.558058 -4.873971 -8.470019
0.409000 0.474052 0.091563 0.308379 -0.729525 1.118573 -0.491590 3.600897 -4.922648 -8.386786
0.410000 0.473324 0.092679 0.307883 -0.725902 1.113626 -0.499934 3.643183 -4.970419 -8.302406
0.411000 0.472600 0.093790 0.307379 -0.722238 1.108632 -0.508194 3.684995 -5.017324 -8.216958
0.412000 0.471879 0.094896 0.306867 -0.718532 1.103591 -0.516368 3.726538 -5.063721 -8.130329
0.413000 0.471163 0.095997 0.306346 -0.714785 1.098505 -0.524455 3.767811 -5.109806 -8.042462
0.414000 0.470450 0.097093 0.305818 -0.710997 1.093372 -0.532453 3.808592 -5.155499 -7.953421
0.415000 0.469741 0.098184 0.305281 -0.707168 1.088194 -0.540362 3.848677 -5.200666 -7.863251
0.416000 0.469036 0.099270 0.304737 -0.703299 1.082970 -0.548180 3.887905 -5.245074 -7.771976
0.417000 0.468334 0.100350 0.304185 -0.699392 1.077703 -0.555906 3.926137 -5.288435 -7.679601
0.418000 0.467637 0.101425 0.303625 -0.695447 1.072394 -0.563539 3.963434 -5.330771 -7.586011
0.419000 0.466943 0.102495 0.303058 -0.691465 1.067042 -0.571078 4.000015 -5.372363 -7.491060
0.420000 0.466254 0.103559 0.302483 -0.687447 1.061649 -0.578521 4.035956 -5.413248 -7.394832
0.421000 0.465568 0.104618 0.301901 -0.683393 1.056215 -0.585867 4.071183 -5.453203 -7.297582
0.422000 0.464887 0.105672 0.301311 -0.679305 1.050742 -0.593116 4.105761 -5.492264 -7.199387
0.423000 0.464210 0.106720 0.300715 -0.675182 1.045231 -0.600266 4.139885 -5.530753 -7.100112
0.424000 0.463537 0.107762 0.300111 -0.671025 1.039681 -0.607316 4.173565 -5.568813 -6.999700
0.425000 0.462868 0.108799 0.299500 -0.666835 1.034093 -0.614266 4.206606 -5.606313 -6.898238
0.426000 0.462203 0.109830 0.298882 -0.662612 1.028468 -0.621113 4.238821 -5.643090 -6.795788
0.427000 0.461543 0.110856 0.298258 -0.658357 1.022807 -0.627857 4.270054 -5.678930 -6.692376
0.428000 0.460886 0.111876 0.297627 -0.654072 1.017110 -0.634498 4.300158 -5.713589 -6.588004
0.429000 0.460234 0.112890 0.296989 -0.649757 1.011380 -0.641033 4.329178 -5.747110 -6.482537
0.430000 0.459587 0.113899 0.296345 -0.645413 1.005616 -0.647463 4.357309 -5.779778 -6.375813
0.431000 0.458944 0.114901 0.295694 -0.641042 0.999820 -0.653785 4.384611 -5.811650 -6.267947
0.432000 0.458305 0.115898 0.295037 -0.636644 0.993993 -0.659999 4.410995 -5.842548 -6.159256
0.433000 0.457670 0.116889 0.294374 -0.632220 0.988135 -0.666103 4.436512 -5.872522 -6.049851
0.434000 0.457040 0.117875 0.293705 -0.627771 0.982248 -0.672098 4.461342 -5.901877 -5.939584
0.435000 0.456415 0.118854 0.293030 -0.623297 0.976331 -0.677983 4.485501 -5.930723 -5.828386
0.436000 0.455794 0.119827 0.292349 -0.618800 0.970386 -0.683755 4.508816 -5.958908 -5.716348
0.437000 0.455177 0.120795 0.291662 -0.614280 0.964414 -0.689415 4.531117 -5.986263 -5.603546
0.438000 0.454565 0.121756 0.290970 -0.609738 0.958414 -0.694962 4.552245 -6.012600 -5.490033
0.439000 0.453958 0.122711 0.290272 -0.605175 0.952388 -0.700395 4.572045 -6.037713 -5.375852
0.440000 0.453355 0.123661 0.289569 -0.600594 0.946338 -0.705714 4.590543 -6.061665 -5.260882
0.441000 0.452756 0.124604 0.288861 -0.595994 0.940265 -0.710917 4.607929 -6.084728 -5.144950
0.442000 0.452163 0.125541 0.288147 -0.591378 0.934169 -0.716004 4.624291 -6.106951 -5.028163
0.443000 0.451574 0.126472 0.287429 -0.586746 0.928051 -0.720973 4.639596 -6.128159 -4.910847
0.444000 0.450989 0.127397 0.286705 -0.582099 0.921913 -0.725825 4.653924 -6.148392 -4.793106
0.445000 0.450410 0.128316 0.285977 -0.577438 0.915754 -0.730560 4.667447 -6.167921 -4.674787
0.446000 0.449834 0.129229 0.285244 -0.572764 0.909577 -0.735175 4.680162 -6.186820 -4.555842
0.447000 0.449264 0.130135 0.284507 -0.568077 0.903381 -0.739671 4.691888 -6.204911 -4.436411
0.448000 0.448698 0.131036 0.283765 -0.563380 0.897167 -0.744048 4.702459 -6.222016 -4.316599
0.449000 0.448137 0.131930 0.283019 -0.558673 0.890937 -0.748304 4.711756 -6.237966 -4.196464
0.450000 0.447581 0.132818 0.282268 -0.553956 0.884691 -0.752441 4.719676 -6.252597 -4.076033
0.451000 0.447029 0.133699 0.281514 -0.549233 0.878432 -0.756457 4.726275 -6.265983 -3.955166
0.452000 0.446482 0.134574 0.280755 -0.544504 0.872159 -0.760351 4.731732 -6.278383 -3.833667
0.453000 0.445940 0.135443 0.279993 -0.539770 0.865875 -0.764124 4.736118 -6.289833 -3.711649
0.454000 0.445403 0.136306 0.279227 -0.535032 0.859579 -0.767774 4.739381 -6.300163 -3.589457
0.455000 0.444870 0.137163 0.278458 -0.530291 0.853274 -0.771303 4.741580 -6.309401 -3.467205
0.456000 0.444342 0.138013 0.277685 -0.525549 0.846961 -0.774709 4.742868 -6.317789 -3.344734
0.457000 0.443819 0.138857 0.276908 -0.520805 0.840639 -0.777992 4.743244 -6.325391 -3.222009
0.458000 0.443301 0.139694 0.276129 -0.516062 0.834310 -0.781153 4.742574 -6.332078 -3.099155
0.459000 0.442787 0.140525 0.275346 -0.511320 0.827975 -0.784191 4.740850 -6.337907 -2.976117
0.460000 0.442278 0.141350 0.274560 -0.506580 0.821634 -0.787105 4.738205 -6.343137 -2.852631
0.461000 0.441774 0.142168 0.273772 -0.501844 0.815288 -0.789896 4.734669 -6.347862 -2.728561
0.462000 0.441274 0.142981 0.272980 -0.497111 0.808938 -0.792562 4.730132 -6.351951 -2.603977
0.463000 0.440780 0.143786 0.272186 -0.492383 0.802585 -0.795104 4.724505 -6.355255 -2.479032
0.464000 0.440290 0.144586 0.271390 -0.487662 0.796228 -0.797520 4.717738 -6.357607 -2.354027
0.465000 0.439804 0.145379 0.270591 -0.482948 0.789869 -0.799812 4.709806 -6.358825 -2.229347
0.466000 0.439324 0.146165 0.269791 -0.478242 0.783510 -0.801979 4.700794 -6.358945 -2.105102
0.467000 0.438848 0.146946 0.268987 -0.473546 0.777151 -0.804022 4.690855 -6.358185 -1.981123
0.468000 0.438377 0.147720 0.268182 -0.468861 0.770794 -0.805941 4.679996 -6.356570 -1.857372
0.469000 0.437910 0.148487 0.267376 -0.464186 0.764438 -0.807737 4.668098 -6.353937 -1.733983
0.470000 0.437448 0.149249 0.266567 -0.459524 0.758086 -0.809409 4.655157 -6.350306 -1.610898
0.471000 0.436991 0.150004 0.265757 -0.454876 0.751738 -0.810959 4.641297 -6.345910 -1.487850
0.472000 0.436538 0.150752 0.264945 -0.450242 0.745394 -0.812385 4.626552 -6.340851 -1.364707
0.473000 0.436091 0.151494 0.264132 -0.445623 0.739056 -0.813688 4.610853 -6.335078 -1.241492
0.474000 0.435647 0.152230 0.263318 -0.441020 0.732724 -0.814868 4.594234 -6.328686 -1.118083
0.475000 0.435209 0.152960 0.262502 -0.436434 0.726399 -0.815924 4.576850 -6.321915 -0.994267
0.476000 0.434774 0.153683 0.261686 -0.431866 0.720080 -0.816856 4.558799 -6.314822 -0.870131
0.477000 0.434345 0.154400 0.260869 -0.427317 0.713769 -0.817664 4.540095 -6.307299 -0.746001
0.478000 0.433920 0.155111 0.260051 -0.422786 0.707466 -0.818348 4.520826 -6.299388 -0.621971
0.479000 0.433499 0.155815 0.259232 -0.418275 0.701170 -0.818908 4.501131 -6.291282 -0.497865
0.480000 0.433083 0.156513 0.258413 -0.413784 0.694883 -0.819344 4.481017 -6.282991 -0.373655
0.481000 0.432672 0.157205 0.257593 -0.409313 0.688604 -0.819656 4.460358 -6.274311 -0.249537
0.482000 0.432265 0.157890 0.256773 -0.404863 0.682334 -0.819843 4.439039 -6.265073 -0.125669
0.483000 0.431862 0.158569 0.255954 -0.400435 0.676074 -0.819907 4.416974 -6.255183 -0.002150
0.484000 0.431464 0.159242 0.255134 -0.396029 0.669824 -0.819848 4.394086 -6.244578 0.120956
0.485000 0.431070 0.159909 0.254314 -0.391647 0.663585 -0.819665 4.370416 -6.233369 0.243778
0.486000 0.430680 0.160569 0.253494 -0.387289 0.657357 -0.819360 4.346114 -6.221788 0.366535
0.487000 0.430295 0.161224 0.252675 -0.382955 0.651141 -0.818932 4.321280 -6.209909 0.489143
0.488000 0.429915 0.161872 0.251856 -0.378646 0.644937 -0.818382 4.295951 -6.197655 0.611278
0.489000 0.429538 0.162514 0.251038 -0.374363 0.638746 -0.817709 4.270219 -6.185083 0.732850
0.490000 0.429166 0.163149 0.250221 -0.370106 0.632567 -0.816916 4.244205 -6.172358 0.854032
0.491000 0.428798 0.163779 0.249404 -0.365874 0.626401 -0.816001 4.217900 -6.159452 0.974852
0.492000 0.428434 0.164402 0.248589 -0.361670 0.620248 -0.814966 4.191166 -6.146133 1.095111
0.493000 0.428074 0.165019 0.247775 -0.357492 0.614109 -0.813811 4.163890 -6.132212 1.214636
0.494000 0.427719 0.165630 0.246961 -0.353342 0.607984 -0.812537 4.135998 -6.117587 1.333296
0.495000 0.427368 0.166235 0.246149 -0.349220 0.601874 -0.811145 4.107441 -6.102202 1.450986
0.496000 0.427021 0.166834 0.245339 -0.345127 0.595780 -0.809635 4.078264 -6.086156 1.567808
0.497000 0.426678 0.167427 0.244530 -0.341064 0.589702 -0.808009 4.048615 -6.069666 1.683980
0.498000 0.426338 0.168013 0.243723 -0.337030 0.583640 -0.806267 4.018603 -6.052820 1.799457
0.499000 0.426003 0.168594 0.242918 -0.333026 0.577596 -0.804410 3.988288 -6.035577 1.913972
0.500000 0.425672 0.169169 0.242114 -0.329053 0.571569 -0.802439 3.957771 -6.018008 2.027473
0.501000 0.425345 0.169737 0.241313 -0.325111 0.565560 -0.800355 3.927171 -6.000264 2.140140
0.502000 0.425022 0.170300 0.240514 -0.321199 0.559569 -0.798159 3.896488 -5.982309 2.251988
0.503000 0.424703 0.170856 0.239716 -0.317318 0.553595 -0.795851 3.865628 -5.963941 2.362844
0.504000 0.424388 0.171407 0.238922 -0.313468 0.547641 -0.793433 3.834579 -5.945118 2.472730
0.505000 0.424076 0.171952 0.238130 -0.309649 0.541705 -0.790906 3.803424 -5.925998 2.581890
0.506000 0.423768 0.172490 0.237340 -0.305861 0.535789 -0.788269 3.772192 -5.906693 2.690437
0.507000 0.423464 0.173023 0.236553 -0.302104 0.529892 -0.785525 3.740831 -5.887190 2.798275
0.508000 0.423164 0.173550 0.235769 -0.298379 0.524014 -0.782673 3.709310 -5.867464 2.905263
0.509000 0.422868 0.174071 0.234988 -0.294686 0.518157 -0.779714 3.677642 -5.847467 3.011181
0.510000 0.422575 0.174586 0.234210 -0.291024 0.512319 -0.776650 3.645862 -5.827137 3.115764
0.511000 0.422285 0.175096 0.233434 -0.287394 0.506502 -0.773483 3.614058 -5.806535 3.218984
0.512000 0.422000 0.175599 0.232663 -0.283796 0.500706 -0.770212 3.582341 -5.785789 3.321027
0.513000 0.421718 0.176097 0.231894 -0.280229 0.494931 -0.766841 3.550720 -5.764855 3.421906
0.514000 0.421439 0.176589 0.231129 -0.276694 0.489177 -0.763369 3.519132 -5.743537 3.521453
0.515000 0.421165 0.177076 0.230367 -0.273191 0.483444 -0.759798 3.487577 -5.721782 3.619683
0.516000 0.420893 0.177556 0.229609 -0.269719 0.477733 -0.756129 3.456130 -5.699729 3.716819
0.517000 0.420625 0.178031 0.228855 -0.266279 0.472044 -0.752364 3.424808 -5.677480 3.812942
0.518000 0.420361 0.178500 0.228105 -0.262870 0.466378 -0.748503 3.393567 -5.655056 3.907971
0.519000 0.420099 0.178964 0.227358 -0.259492 0.460734 -0.744548 3.362425 -5.632560 4.001980
0.520000 0.419842 0.179422 0.226615 -0.256145 0.455113 -0.740499 3.331483 -5.610167 4.095188
0.521000 0.419587 0.179874 0.225877 -0.252829 0.449514 -0.736358 3.300824 -5.587944 4.187615
0.522000 0.419336 0.180321 0.225143 -0.249543 0.443937 -0.732124 3.270477 -5.565829 4.279053
0.523000 0.419088 0.180762 0.224413 -0.246288 0.438382 -0.727800 3.240443 -5.543725 4.369301
0.524000 0.418843 0.181197 0.223687 -0.243062 0.432850 -0.723386 3.210671 -5.521486 4.458166
0.525000 0.418602 0.181628 0.222966 -0.239866 0.427339 -0.718883 3.181085 -5.498935 4.545463
0.526000 0.418364 0.182052 0.222249 -0.236700 0.421852 -0.714295 3.151678 -5.476037 4.631218
0.527000 0.418128 0.182471 0.221537 -0.233563 0.416387 -0.709621 3.122521 -5.452911 4.715638
0.528000 0.417896 0.182885 0.220830 -0.230455 0.410946 -0.704863 3.093647 -5.429630 4.798789
0.529000 0.417668 0.183293 0.220128 -0.227376 0.405528 -0.700023 3.065045 -5.406189 4.880579
0.530000 0.417442 0.183696 0.219430 -0.224325 0.400134 -0.695102 3.036751 -5.382659 4.961066
0.531000 0.417219 0.184093 0.218737 -0.221302 0.394763 -0.690101 3.008862 -5.359190 5.040461
0.532000 0.416999 0.184486 0.218050 -0.218307 0.389415 -0.685021 2.981457 -5.335841 5.118814
0.533000 0.416782 0.184872 0.217367 -0.215339 0.384091 -0.679864 2.954566 -5.312562 5.195974
0.534000 0.416568 0.185254 0.216690 -0.212398 0.378790 -0.674629 2.928192 -5.289270 5.271785
0.535000 0.416357 0.185630 0.216018 -0.209483 0.373512 -0.669320 2.902287 -5.265831 5.346087
0.536000 0.416149 0.186001 0.215352 -0.206593 0.368258 -0.663937 2.876777 -5.242083 5.418712
0.537000 0.415944 0.186366 0.214690 -0.203729 0.363028 -0.658483 2.851649 -5.217988 5.489690
0.538000 0.415742 0.186727 0.214035 -0.200890 0.357822 -0.652958 2.826950 -5.193647 5.559214
0.539000 0.415542 0.187082 0.213384 -0.198075 0.352641 -0.647364 2.802685 -5.169130 5.627351
0.540000 0.415346 0.187432 0.212740 -0.195285 0.347484 -0.641703 2.778810 -5.144445 5.694018
0.541000 0.415152 0.187777 0.212101 -0.192518 0.342352 -0.635976 2.755331 -5.119660 5.759275
0.542000 0.414961 0.188117 0.211468 -0.189774 0.337245 -0.630185 2.732314 -5.094908 5.823326
0.543000 0.414772 0.188451 0.210841 -0.187053 0.332162 -0.624330 2.709806 -5.070248 5.886242
0.544000 0.414587 0.188781 0.210219 -0.184354 0.327104 -0.618412 2.687821 -5.045666 5.947955
0.545000 0.414404 0.189106 0.209604 -0.181678 0.322071 -0.612434 2.666400 -5.021205 6.008525
0.546000 0.414223 0.189425 0.208994 -0.179022 0.317062 -0.606395 2.645599 -4.996936 6.068133
0.547000 0.414046 0.189740 0.208391 -0.176386 0.312077 -0.600297 2.625407 -4.972797 6.126804
0.548000 0.413871 0.190049 0.207794 -0.173771 0.307116 -0.594141 2.605749 -4.948605 6.184381
0.549000 0.413698 0.190354 0.207203 -0.171175 0.302180 -0.587929 2.586555 -4.924222 6.240714
0.550000 0.413528 0.190654 0.206618 -0.168598 0.297268 -0.581660 2.567770 -4.899600 6.295683
0.551000 0.413361 0.190949 0.206039 -0.166039 0.292381 -0.575337 2.549344 -4.874734 6.349175
0.552000 0.413196 0.191239 0.205467 -0.163499 0.287518 -0.568962 2.531279 -4.849693 6.401239
0.553000 0.413034 0.191524 0.204901 -0.160977 0.282681 -0.562535 2.513635 -4.824585 6.452055
0.554000 0.412874 0.191804 0.204342 -0.158472 0.277869 -0.556058 2.496457 -4.799446 6.501683
0.555000 0.412717 0.192079 0.203789 -0.155984 0.273082 -0.549531 2.479765 -4.774242 6.550057
0.556000 0.412562 0.192350 0.203243 -0.153512 0.268321 -0.542957 2.463600 -4.748994 6.597225
0.557000 0.412410 0.192616 0.202703 -0.151057 0.263584 -0.536337 2.448010 -4.723762 6.643354
0.558000 0.412260 0.192877 0.202170 -0.148616 0.258873 -0.529671 2.432985 -4.698508 6.688478
0.559000 0.412113 0.193134 0.201644 -0.146191 0.254187 -0.522960 2.418467 -4.673115 6.732507
0.560000 0.411968 0.193386 0.201124 -0.143779 0.249527 -0.516206 2.404436 -4.647540 6.775465
0.561000 0.411825 0.193633 0.200612 -0.141382 0.244892 -0.509409 2.390911 -4.621845 6.817501
0.562000 0.411685 0.193875 0.200106 -0.138998 0.240283 -0.502571 2.377869 -4.596073 6.858651
0.563000 0.411547 0.194113 0.199607 -0.136626 0.235700 -0.495692 2.365234 -4.570211 6.898803
0.564000 0.411412 0.194347 0.199114 -0.134267 0.231143 -0.488773 2.352948 -4.544241 6.937847
0.565000 0.411279 0.194576 0.198629 -0.131920 0.226612 -0.481816 2.340979 -4.518140 6.975681
0.566000 0.411148 0.194800 0.198151 -0.129585 0.222107 -0.474822 2.329310 -4.491883 7.012205
0.567000 0.411019 0.195020 0.197679 -0.127262 0.217628 -0.467792 2.317958 -4.465491 7.047450
0.568000 0.410893 0.195235 0.197215 -0.124949 0.213176 -0.460727 2.306957 -4.439007 7.081549
0.569000 0.410770 0.195446 0.196758 -0.122648 0.208750 -0.453629 2.296295 -4.412372 7.114519
0.570000 0.410648 0.195653 0.196308 -0.120357 0.204351 -0.446498 2.285924 -4.385454 7.146262
0.571000 0.410529 0.195855 0.195865 -0.118076 0.199979 -0.439336 2.275824 -4.358188 7.176784
0.572000 0.410412 0.196053 0.195429 -0.115805 0.195634 -0.432144 2.266012 -4.330608 7.206199
0.573000 0.410297 0.196246 0.195001 -0.113544 0.191318 -0.424924 2.256463 -4.302737 7.234522
0.574000 0.410185 0.196435 0.194579 -0.111292 0.187029 -0.417675 2.247115 -4.274549 7.261639
0.575000 0.410075 0.196620 0.194165 -0.109050 0.182769 -0.410400 2.237908 -4.246014 7.287433
0.576000 0.409967 0.196801 0.193759 -0.106816 0.178537 -0.403100 2.228796 -4.217098 7.311799
0.577000 0.409861 0.196977 0.193359 -0.104592 0.174334 -0.395777 2.219741 -4.187764 7.334632
0.578000 0.409758 0.197150 0.192967 -0.102377 0.170161 -0.388431 2.210735 -4.158015 7.355938
0.579000 0.409656 0.197318 0.192582 -0.100170 0.166018 -0.381065 2.201787 -4.127879 7.375803
0.580000 0.409557 0.197482 0.192205 -0.097973 0.161906 -0.373679 2.192862 -4.097303 7.394197
0.581000 0.409460 0.197641 0.191835 -0.095785 0.157824 -0.366276 2.183886 -4.066176 7.410978
0.582000 0.409366 0.197797 0.191472 -0.093605 0.153773 -0.358858 2.174819 -4.034443 7.426101
0.583000 0.409273 0.197949 0.191117 -0.091435 0.149755 -0.351424 2.165663 -4.002134 7.439634
0.584000 0.409183 0.198097 0.190769 -0.089274 0.145769 -0.343978 2.156396 -3.969281 7.451567
0.585000 0.409095 0.198241 0.190429 -0.087122 0.141816 -0.336521 2.146971 -3.935892 7.461797
0.586000 0.409008 0.198380 0.190096 -0.084980 0.137897 -0.329055 2.137366 -3.901996 7.470301
0.587000 0.408925 0.198516 0.189771 -0.082848 0.134012 -0.321581 2.127593 -3.867640 7.477139
0.588000 0.408843 0.198648 0.189453 -0.080725 0.130162 -0.314100 2.117652 -3.832820 7.482274
0.589000 0.408763 0.198777 0.189143 -0.078612 0.126347 -0.306616 2.107512 -3.797483 7.485552
0.590000 0.408686 0.198901 0.188840 -0.076510 0.122567 -0.299129 2.097135 -3.761557 7.486811
0.591000 0.408610 0.199022 0.188545 -0.074418 0.118824 -0.291642 2.086464 -3.724932 7.485884
0.592000 0.408537 0.199139 0.188257 -0.072337 0.115117 -0.284158 2.075431 -3.687480 7.482593
0.593000 0.408465 0.199252 0.187976 -0.070267 0.111449 -0.276677 2.063998 -3.649130 7.476865
0.594000 0.408396 0.199362 0.187703 -0.068209 0.107819 -0.269204 2.052155 -3.609892 7.468710
0.595000 0.408329 0.199468 0.187438 -0.066163 0.104229 -0.261740 2.039859 -3.569783 7.458039
0.596000 0.408264 0.199570 0.187180 -0.064129 0.100679 -0.254288 2.027040 -3.528807 7.444669
0.597000 0.408201 0.199669 0.186929 -0.062109 0.097171 -0.246850 2.013654 -3.486978 7.428500
0.598000 0.408140 0.199764 0.186686 -0.060102 0.093705 -0.239431 1.999691 -3.444323 7.409521
0.599000 0.408081 0.199856 0.186450 -0.058109 0.090283 -0.232031 1.985128 -3.400828 7.387640
0.600000 0.408023 0.199945 0.186222 -0.056132 0.086904 -0.224655 1.969920 -3.356445 7.362681
0.601000 0.407968 0.200030 0.186001 -0.054170 0.083570 -0.217306 1.954041 -3.311151 7.334537
0.602000 0.407915 0.200112 0.185787 -0.052224 0.080281 -0.209986 1.937484 -3.264936 7.303182
0.603000 0.407864 0.200191 0.185581 -0.050295 0.077040 -0.202700 1.920219 -3.217747 7.268495
0.604000 0.407815 0.200266 0.185382 -0.048383 0.073846 -0.195449 1.902189 -3.169487 7.230250
0.605000 0.407767 0.200338 0.185190 -0.046490 0.070701 -0.188239 1.883336 -3.120082 7.188214
0.606000 0.407722 0.200408 0.185006 -0.044616 0.067606 -0.181073 1.863599 -3.069499 7.142144
0.607000 0.407678 0.200474 0.184828 -0.042763 0.064562 -0.173955 1.842914 -3.017731 7.091792
0.608000 0.407636 0.200537 0.184658 -0.040931 0.061570 -0.166889 1.821246 -2.964787 7.037006
0.609000 0.407596 0.200597 0.184494 -0.039120 0.058632 -0.159881 1.798583 -2.910688 6.977719
0.610000 0.407558 0.200654 0.184338 -0.037333 0.055749 -0.152934 1.774908 -2.855437 6.913788
0.611000 0.407521 0.200708 0.184188 -0.035571 0.052921 -0.146053 1.750191 -2.799023 6.844992
0.612000 0.407487 0.200760 0.184046 -0.033833 0.050151 -0.139244 1.724410 -2.741441 6.771177
0.613000 0.407454 0.200809 0.183910 -0.032122 0.047439 -0.132511 1.697549 -2.682679 6.692247
0.614000 0.407422 0.200855 0.183781 -0.030438 0.044786 -0.125859 1.669559 -2.622680 6.608010
0.615000 0.407393 0.200898 0.183658 -0.028783 0.042193 -0.119295 1.640367 -2.561351 6.518165
0.616000 0.407365 0.200939 0.183542 -0.027157 0.039663 -0.112823 1.609904 -2.498622 6.422412
0.617000 0.407338 0.200978 0.183433 -0.025563 0.037196 -0.106450 1.578117 -2.434468 6.320464
0.618000 0.407314 0.201014 0.183329 -0.024001 0.034794 -0.100182 1.544956 -2.368885 6.212031
0.619000 0.407290 0.201047 0.183232 -0.022473 0.032458 -0.094026 1.510393 -2.301880 6.096916
0.620000 0.407269 0.201078 0.183141 -0.020980 0.030190 -0.087988 1.474409 -2.233466 5.974989
0.621000 0.407248 0.201107 0.183056 -0.019524 0.027991 -0.082076 1.436970 -2.163647 5.846040
0.622000 0.407230 0.201134 0.182977 -0.018106 0.025863 -0.076296 1.398028 -2.092416 5.709777
0.623000 0.407212 0.201159 0.182904 -0.016728 0.023806 -0.070656 1.357549 -2.019771 5.565978
0.624000 0.407196 0.201182 0.182836 -0.015391 0.021823 -0.065164 1.315507 -1.945694 5.414492
0.625000 0.407181 0.201203 0.182773 -0.014097 0.019915 -0.059828 1.271864 -1.870129 5.255085
0.626000 0.407168 0.201222 0.182716 -0.012847 0.018083 -0.054654 1.226567 -1.792996 5.087445
0.627000 0.407156 0.201239 0.182664 -0.011644 0.016329 -0.049653 1.179575 -1.714233 4.911330
0.628000 0.407145 0.201255 0.182617 -0.010488 0.014655 -0.044831 1.130858 -1.633818 4.726577
0.629000 0.407135 0.201268 0.182574 -0.009382 0.013061 -0.040199 1.080373 -1.551734 4.532959
0.630000 0.407126 0.201281 0.182536 -0.008328 0.011551 -0.035766 1.028061 -1.467961 4.330157
0.631000 0.407118 0.201291 0.182503 -0.007326 0.010125 -0.031539 0.973868 -1.382486 4.117843
0.632000 0.407111 0.201301 0.182473 -0.006380 0.008786 -0.027530 0.917757 -1.295308 3.895667
0.633000 0.407105 0.201309 0.182448 -0.005491 0.007535 -0.023748 0.859696 -1.206436 3.663266
0.634000 0.407100 0.201316 0.182426 -0.004660 0.006373 -0.020203 0.799663 -1.115874 3.420368
0.635000 0.407096 0.201322 0.182407 -0.003891 0.005303 -0.016907 0.737632 -1.023609 3.166769
0.636000 0.407093 0.201327 0.182392 -0.003185 0.004326 -0.013870 0.673555 -0.929595 2.902189
0.637000 0.407090 0.201330 0.182380 -0.002544 0.003444 -0.011103 0.607366 -0.833769 2.626268
0.638000 0.407087 0.201333 0.182370 -0.001970 0.002659 -0.008617 0.286868 -0.392697 1.242714
0.639000 0.407086 0.201336 0.182362 -0.001970 0.002659 -0.008617 0.286868 -0.392697 1.242714
