0.000000 0.672839 -0.191284 0.136202 0.023931 -0.006565 0.013270 0.194089 0.007299 1.011774
0.001000 0.672863 -0.191291 0.136214 0.023931 -0.006565 0.013270 0.194089 0.007299 1.011774
0.002000 0.672887 -0.191297 0.136228 0.024319 -0.006551 0.015293 0.384723 0.018236 2.062033
0.003000 0.672911 -0.191304 0.136245 0.024701 -0.006529 0.017394 0.377463 0.025665 2.139762
0.004000 0.672936 -0.191310 0.136263 0.025074 -0.006499 0.019573 0.369493 0.033406 2.219018
0.005000 0.672961 -0.191317 0.136284 0.025440 -0.006462 0.021832 0.360789 0.041464 2.299806
0.006000 0.672987 -0.191323 0.136307 0.025796 -0.006417 0.024172 0.351338 0.049847 2.382095
0.007000 0.673013 -0.191330 0.136332 0.026142 -0.006362 0.026596 0.341139 0.058561 2.465812
0.008000 0.673039 -0.191336 0.136360 0.026478 -0.006299 0.029104 0.330203 0.067611 2.550867
0.009000 0.673066 -0.191342 0.136390 0.026803 -0.006227 0.031698 0.318528 0.077004 2.637181
0.010000 0.673093 -0.191348 0.136423 0.027115 -0.006145 0.034378 0.306099 0.086746 2.724716
0.011000 0.673120 -0.191355 0.136459 0.027415 -0.006054 0.037147 0.292891 0.096843 2.813460
0.012000 0.673148 -0.191361 0.136498 0.027701 -0.005952 0.040005 0.278878 0.107302 2.903413
0.013000 0.673175 -0.191366 0.136539 0.027973 -0.005839 0.042954 0.264035 0.118125 2.994563
0.014000 0.673204 -0.191372 0.136584 0.028229 -0.005715 0.045994 0.248344 0.129309 3.086879
0.015000 0.673232 -0.191378 0.136631 0.028469 -0.005580 0.049128 0.231805 0.140834 3.180319
0.016000 0.673261 -0.191383 0.136682 0.028693 -0.005434 0.052355 0.214422 0.152672 3.274838
0.017000 0.673289 -0.191389 0.136736 0.028898 -0.005275 0.055677 0.196193 0.164802 3.370384
0.018000 0.673318 -0.191394 0.136793 0.029085 -0.005104 0.059096 0.177101 0.177220 3.466893
0.019000 0.673348 -0.191399 0.136854 0.029252 -0.004921 0.062611 0.157119 0.189929 3.564286
0.020000 0.673377 -0.191404 0.136918 0.029399 -0.004724 0.066224 0.136218 0.202935 3.662468
0.021000 0.673406 -0.191408 0.136987 0.029525 -0.004515 0.069936 0.114370 0.216239 3.761355
0.022000 0.673436 -0.191413 0.137058 0.029628 -0.004292 0.073747 0.091547 0.229837 3.860891
0.023000 0.673466 -0.191417 0.137134 0.029708 -0.004055 0.077658 0.067719 0.243706 3.961055
0.024000 0.673495 -0.191421 0.137214 0.029763 -0.003804 0.081669 0.042859 0.257820 4.061844
0.025000 0.673525 -0.191425 0.137297 0.029794 -0.003539 0.085782 0.016948 0.272165 4.163252
0.026000 0.673555 -0.191428 0.137385 0.029797 -0.003260 0.089996 -0.010016 0.286762 4.265269
0.027000 0.673585 -0.191431 0.137477 0.029774 -0.002966 0.094312 -0.038029 0.301645 4.367880
0.028000 0.673614 -0.191434 0.137574 0.029721 -0.002657 0.098731 -0.067091 0.316843 4.471049
0.029000 0.673644 -0.191436 0.137675 0.029639 -0.002332 0.103254 -0.097200 0.332370 4.574711
0.030000 0.673674 -0.191439 0.137780 0.029527 -0.001992 0.107881 -0.128333 0.348229 4.678797
0.031000 0.673703 -0.191440 0.137891 0.029383 -0.001636 0.112612 -0.160450 0.364423 4.783238
0.032000 0.673732 -0.191442 0.138006 0.029206 -0.001263 0.117447 -0.193528 0.380956 4.887957
0.033000 0.673762 -0.191443 0.138125 0.028996 -0.000874 0.122388 -0.227564 0.397851 4.992870
0.034000 0.673790 -0.191444 0.138250 0.028751 -0.000468 0.127433 -0.262558 0.415160 5.097915
0.035000 0.673819 -0.191444 0.138380 0.028471 -0.000044 0.132583 -0.298503 0.432950 5.203036
0.036000 0.673847 -0.191444 0.138516 0.028154 0.000398 0.137839 -0.335400 0.451273 5.308161
0.037000 0.673875 -0.191443 0.138656 0.027800 0.000859 0.143200 -0.373243 0.470150 5.413187
0.038000 0.673903 -0.191442 0.138802 0.027407 0.001339 0.148665 -0.412010 0.489583 5.518008
0.039000 0.673930 -0.191440 0.138953 0.026976 0.001838 0.154236 -0.451657 0.509571 5.622514
0.040000 0.673957 -0.191438 0.139110 0.026504 0.002358 0.159910 -0.492159 0.530114 5.726590
0.041000 0.673983 -0.191436 0.139273 0.025991 0.002898 0.165689 -0.533512 0.551221 5.830135
0.042000 0.674009 -0.191432 0.139442 0.025437 0.003460 0.171571 -0.575712 0.572913 5.933093
0.043000 0.674034 -0.191429 0.139616 0.024840 0.004044 0.177555 -0.618750 0.595224 6.035436
0.044000 0.674059 -0.191424 0.139797 0.024199 0.004651 0.183642 -0.662623 0.618175 6.137103
0.045000 0.674082 -0.191419 0.139984 0.023515 0.005281 0.189829 -0.707335 0.641783 6.238011
0.046000 0.674106 -0.191414 0.140177 0.022785 0.005934 0.196118 -0.752882 0.666070 6.338112
0.047000 0.674128 -0.191408 0.140376 0.022009 0.006613 0.202506 -0.799252 0.691065 6.437387
0.048000 0.674150 -0.191401 0.140582 0.021186 0.007316 0.208992 -0.846439 0.716789 6.535777
0.049000 0.674170 -0.191393 0.140794 0.020316 0.008046 0.215577 -0.894434 0.743255 6.633173
0.050000 0.674190 -0.191385 0.141013 0.019397 0.008803 0.222259 -0.943202 0.770482 6.729478
0.051000 0.674209 -0.191375 0.141238 0.018430 0.009587 0.229036 -0.992696 0.798498 6.824616
0.052000 0.674227 -0.191365 0.141471 0.017412 0.010400 0.235908 -1.042880 0.827316 6.918478
0.053000 0.674244 -0.191355 0.141710 0.016344 0.011242 0.242873 -1.093729 0.856927 7.010940
0.054000 0.674260 -0.191343 0.141957 0.015225 0.012114 0.249930 -1.145207 0.887296 7.101929
0.055000 0.674275 -0.191330 0.142210 0.014053 0.013016 0.257077 -1.197260 0.918379 7.191408
0.056000 0.674288 -0.191317 0.142471 0.012830 0.013951 0.264313 -1.249850 0.950139 7.279296
0.057000 0.674300 -0.191302 0.142739 0.011554 0.014917 0.271636 -1.302960 0.982576 7.365470
0.058000 0.674311 -0.191287 0.143014 0.010224 0.015916 0.279044 -1.356572 1.015723 7.449859
0.059000 0.674321 -0.191271 0.143297 0.008841 0.016948 0.286535 -1.410660 1.049635 7.532441
0.060000 0.674329 -0.191253 0.143587 0.007403 0.018015 0.294109 -1.465187 1.084358 7.613182
0.061000 0.674335 -0.191235 0.143885 0.005910 0.019117 0.301762 -1.520099 1.119920 7.692022
0.062000 0.674341 -0.191215 0.144191 0.004363 0.020255 0.309493 -1.575334 1.156341 7.768886
0.063000 0.674344 -0.191194 0.144504 0.002760 0.021430 0.317299 -1.630842 1.193630 7.843649
0.064000 0.674346 -0.191172 0.144825 0.001101 0.022642 0.325180 -1.686586 1.231798 7.916179
0.065000 0.674346 -0.191149 0.145154 -0.000614 0.023893 0.333132 -1.742513 1.270876 7.986453
0.066000 0.674345 -0.191124 0.145491 -0.002384 0.025184 0.341153 -1.798556 1.310908 8.054524
0.067000 0.674342 -0.191098 0.145837 -0.004211 0.026515 0.349241 -1.854660 1.351927 8.120363
0.068000 0.674336 -0.191071 0.146190 -0.006093 0.027888 0.357394 -1.910792 1.393946 8.183870
0.069000 0.674329 -0.191043 0.146551 -0.008032 0.029303 0.365609 -1.966918 1.436994 8.245024
0.070000 0.674320 -0.191013 0.146921 -0.010027 0.030762 0.373884 -2.022996 1.481112 8.303881
0.071000 0.674309 -0.190981 0.147299 -0.012078 0.032265 0.382216 -2.078991 1.526321 8.360402
0.072000 0.674296 -0.190948 0.147686 -0.014185 0.033814 0.390604 -2.134872 1.572612 8.414433
0.073000 0.674281 -0.190913 0.148080 -0.016348 0.035410 0.399045 -2.190598 1.619954 8.465848
0.074000 0.674264 -0.190877 0.148484 -0.018566 0.037054 0.407536 -2.246120 1.668315 8.514567
0.075000 0.674244 -0.190839 0.148895 -0.020840 0.038747 0.416074 -2.301399 1.717659 8.560454
0.076000 0.674222 -0.190800 0.149316 -0.023169 0.040490 0.424657 -2.356415 1.767950 8.603364
0.077000 0.674197 -0.190758 0.149745 -0.025553 0.042283 0.433281 -2.411169 1.819148 8.643308
0.078000 0.674171 -0.190715 0.150182 -0.027992 0.044128 0.441944 -2.465673 1.871213 8.680414
0.079000 0.674142 -0.190670 0.150629 -0.030484 0.046025 0.450642 -2.519925 1.924103 8.714688
0.080000 0.674110 -0.190623 0.151084 -0.033031 0.047976 0.459373 -2.573908 1.977775 8.746023
0.081000 0.674075 -0.190574 0.151547 -0.035632 0.049981 0.468134 -2.627590 2.032182 8.774410
0.082000 0.674038 -0.190523 0.152020 -0.038287 0.052040 0.476922 -2.680940 2.087276 8.799942
0.083000 0.673999 -0.190470 0.152501 -0.040994 0.054155 0.485734 -2.733923 2.143012 8.822588
0.084000 0.673957 -0.190415 0.152991 -0.043754 0.056326 0.494567 -2.786511 2.199357 8.842187
0.085000 0.673911 -0.190357 0.153490 -0.046567 0.058554 0.503418 -2.838687 2.256310 8.858645
0.086000 0.673863 -0.190298 0.153998 -0.049432 0.060839 0.512284 -2.890442 2.313881 8.871951
0.087000 0.673812 -0.190236 0.154515 -0.052348 0.063182 0.521162 -2.941756 2.372066 8.882003
0.088000 0.673759 -0.190171 0.155041 -0.055315 0.065583 0.530048 -2.992601 2.430834 8.888656
0.089000 0.673702 -0.190105 0.155575 -0.058333 0.068044 0.538939 -3.042950 2.490151 8.891954
0.090000 0.673642 -0.190035 0.156118 -0.061401 0.070563 0.547832 -3.092783 2.549986 8.892093
0.091000 0.673579 -0.189963 0.156671 -0.064519 0.073143 0.556724 -3.142068 2.610298 8.889110
0.092000 0.673513 -0.189889 0.157232 -0.067685 0.075784 0.565610 -3.190765 2.671039 8.882888
0.093000 0.673444 -0.189812 0.157802 -0.070900 0.078486 0.574489 -3.238836 2.732162 8.873423
0.094000 0.673371 -0.189732 0.158381 -0.074163 0.081248 0.583357 -3.286248 2.793626 8.860841
0.095000 0.673295 -0.189649 0.158969 -0.077473 0.084073 0.592211 -3.332958 2.855383 8.845120
0.096000 0.673216 -0.189564 0.159565 -0.080829 0.086959 0.601047 -3.378923 2.917382 8.826085
0.097000 0.673134 -0.189475 0.160171 -0.084231 0.089908 0.609863 -3.424119 2.979593 8.803672
0.098000 0.673048 -0.189384 0.160785 -0.087677 0.092918 0.618655 -3.468538 3.042001 8.777982
0.099000 0.672958 -0.189290 0.161408 -0.091168 0.095992 0.627419 -3.512178 3.104588 8.749165
0.100000 0.672865 -0.189192 0.162040 -0.094702 0.099128 0.636153 -3.555048 3.167333 8.717470
0.101000 0.672769 -0.189091 0.162680 -0.098278 0.102326 0.644854 -3.597164 3.230213 8.683199
0.102000 0.672669 -0.188987 0.163330 -0.101896 0.105588 0.653520 -3.638515 3.293182 8.646435
0.103000 0.672565 -0.188880 0.163987 -0.105555 0.108913 0.662147 -3.679074 3.356169 8.607075
0.104000 0.672458 -0.188770 0.164654 -0.109254 0.112300 0.670734 -3.718847 3.419099 8.565185
0.105000 0.672347 -0.188656 0.165329 -0.112993 0.115751 0.679277 -3.757867 3.481898 8.520999
0.106000 0.672232 -0.188538 0.166012 -0.116770 0.119264 0.687776 -3.796134 3.544487 8.474564
0.107000 0.672113 -0.188417 0.166704 -0.120585 0.122840 0.696226 -3.833617 3.606803 8.425723
0.108000 0.671991 -0.188292 0.167405 -0.124437 0.126478 0.704627 -3.870309 3.668831 8.374458
0.109000 0.671864 -0.188164 0.168114 -0.128325 0.130177 0.712975 -3.906227 3.730587 8.320901
0.110000 0.671734 -0.188032 0.168831 -0.132249 0.133939 0.721269 -3.941358 3.792053 8.265027
0.111000 0.671600 -0.187896 0.169556 -0.136208 0.137762 0.729505 -3.975666 3.853184 8.206685
0.112000 0.671462 -0.187757 0.170290 -0.140201 0.141645 0.737682 -4.009156 3.913955 8.145975
0.113000 0.671319 -0.187613 0.171032 -0.144226 0.145589 0.745797 -4.041862 3.974365 8.083202
0.114000 0.671173 -0.187465 0.171781 -0.148285 0.149594 0.753849 -4.073782 4.034382 8.018453
0.115000 0.671023 -0.187314 0.172539 -0.152374 0.153658 0.761834 -4.104874 4.093934 7.951578
0.116000 0.670868 -0.187158 0.173305 -0.156494 0.157782 0.769752 -4.135130 4.152955 7.882579
0.117000 0.670710 -0.186998 0.174079 -0.160644 0.161964 0.777599 -4.164568 4.211396 7.811628
0.118000 0.670547 -0.186834 0.174860 -0.164823 0.166205 0.785375 -4.193170 4.269188 7.738704
0.119000 0.670380 -0.186666 0.175649 -0.169031 0.170503 0.793077 -4.220880 4.326263 7.663597
0.120000 0.670209 -0.186493 0.176446 -0.173265 0.174857 0.800702 -4.247671 4.382615 7.586272
0.121000 0.670034 -0.186316 0.177251 -0.177526 0.179268 0.808249 -4.273546 4.438279 7.506871
0.122000 0.669854 -0.186135 0.178063 -0.181812 0.183734 0.815716 -4.298475 4.493247 7.425355
0.123000 0.669670 -0.185949 0.178882 -0.186123 0.188254 0.823100 -4.322416 4.547463 7.341555
0.124000 0.669482 -0.185758 0.179709 -0.190457 0.192829 0.830399 -4.345401 4.600910 7.255587
0.125000 0.669289 -0.185563 0.180543 -0.194814 0.197456 0.837611 -4.367520 4.653605 7.167799
0.126000 0.669092 -0.185363 0.181384 -0.199192 0.202136 0.844735 -4.388800 4.705521 7.078298
0.127000 0.668891 -0.185159 0.182233 -0.203591 0.206867 0.851768 -4.409203 4.756586 6.986928
0.128000 0.668685 -0.184949 0.183088 -0.208011 0.211649 0.858709 -4.428723 4.806764 6.893710
0.129000 0.668475 -0.184735 0.183950 -0.212449 0.216481 0.865555 -4.447399 4.856055 6.798865
0.130000 0.668260 -0.184516 0.184819 -0.216905 0.221361 0.872306 -4.465215 4.904416 6.702394
0.131000 0.668041 -0.184293 0.185695 -0.221379 0.226289 0.878960 -4.482106 4.951778 6.604085
0.132000 0.667817 -0.184064 0.186577 -0.225870 0.231265 0.885515 -4.498047 4.998136 6.503925
0.133000 0.667589 -0.183830 0.187466 -0.230375 0.236286 0.891968 -4.513059 5.043539 6.402111
0.134000 0.667356 -0.183591 0.188361 -0.234896 0.241352 0.898319 -4.527115 5.087977 6.298627
0.135000 0.667119 -0.183347 0.189262 -0.239430 0.246462 0.904565 -4.540162 5.131381 6.193296
0.136000 0.666878 -0.183098 0.190170 -0.243976 0.251615 0.910705 -4.552234 5.173730 6.086236
0.137000 0.666631 -0.182844 0.191084 -0.248534 0.256809 0.916738 -4.563453 5.215067 5.977875
0.138000 0.666381 -0.182585 0.192003 -0.253103 0.262045 0.922661 -4.573924 5.255430 5.868603
0.139000 0.666125 -0.182320 0.192929 -0.257682 0.267320 0.928475 -4.583734 5.294851 5.758742
0.140000 0.665865 -0.182050 0.193860 -0.262270 0.272634 0.934179 -4.592958 5.333359 5.648576
0.141000 0.665601 -0.181775 0.194797 -0.266868 0.277987 0.939772 -4.601587 5.370912 5.538092
0.142000 0.665331 -0.181494 0.195740 -0.271474 0.283376 0.945255 -4.609547 5.407437 5.427041
0.143000 0.665058 -0.181208 0.196688 -0.276087 0.288802 0.950626 -4.616820 5.442953 5.315375
0.144000 0.664779 -0.180917 0.197641 -0.280707 0.294262 0.955885 -4.623447 5.477556 5.203260
0.145000 0.664496 -0.180620 0.198600 -0.285334 0.299757 0.961033 -4.629403 5.511261 5.090647
0.146000 0.664209 -0.180317 0.199563 -0.289966 0.305285 0.966067 -4.634616 5.544003 4.977315
0.147000 0.663916 -0.180009 0.200532 -0.294603 0.310845 0.970987 -4.639103 5.575786 4.863348
0.148000 0.663619 -0.179695 0.201505 -0.299244 0.316436 0.975793 -4.642952 5.606684 4.749095
0.149000 0.663318 -0.179376 0.202483 -0.303889 0.322058 0.980485 -4.646172 5.636689 4.634633
0.150000 0.663012 -0.179051 0.203466 -0.308537 0.327710 0.985063 -4.648693 5.665704 4.519743
0.151000 0.662701 -0.178721 0.204453 -0.313186 0.333389 0.989525 -4.650518 5.693685 4.404399
0.152000 0.662385 -0.178384 0.205445 -0.317838 0.339097 0.993872 -4.651716 5.720651 4.288794
0.153000 0.662065 -0.178043 0.206441 -0.322490 0.344831 0.998102 -4.652279 5.746551 4.172887
0.154000 0.661740 -0.177695 0.207441 -0.327142 0.350590 1.002217 -4.652120 5.771285 4.056401
0.155000 0.661411 -0.177341 0.208446 -0.331794 0.356373 1.006215 -4.651221 5.794865 3.939286
0.156000 0.661077 -0.176982 0.209454 -0.336445 0.362180 1.010096 -4.649636 5.817386 3.821719
0.157000 0.660738 -0.176617 0.210466 -0.341093 0.368008 1.013859 -4.647341 5.838853 3.703654
0.158000 0.660395 -0.176246 0.211482 -0.345739 0.373857 1.017503 -4.644250 5.859174 3.584857
0.159000 0.660046 -0.175869 0.212501 -0.350382 0.379726 1.021028 -4.640380 5.878342 3.465418
0.160000 0.659694 -0.175487 0.213524 -0.355020 0.385614 1.024434 -4.635833 5.896431 3.345702
0.161000 0.659336 -0.175098 0.214550 -0.359653 0.391519 1.027720 -4.630619 5.913423 3.225794
0.162000 0.658974 -0.174704 0.215579 -0.364281 0.397441 1.030886 -4.624654 5.929203 3.105468
0.163000 0.658608 -0.174303 0.216612 -0.368903 0.403378 1.033931 -4.617940 5.943740 2.984707
0.164000 0.658237 -0.173897 0.217647 -0.373517 0.409328 1.036855 -4.610560 5.957087 2.863730
0.165000 0.657861 -0.173484 0.218685 -0.378124 0.415292 1.039658 -4.602510 5.969205 2.742507
0.166000 0.657480 -0.173066 0.219726 -0.382722 0.421267 1.042340 -4.593696 5.979989 2.620760
0.167000 0.657095 -0.172642 0.220770 -0.387311 0.427252 1.044900 -4.584129 5.989462 2.498453
0.168000 0.656706 -0.172212 0.221816 -0.391890 0.433246 1.047337 -4.573909 5.997752 2.375794
0.169000 0.656312 -0.171775 0.222865 -0.396459 0.439247 1.049651 -4.563038 6.004879 2.252749
0.170000 0.655913 -0.171333 0.223915 -0.401016 0.445256 1.051842 -4.551429 6.010754 2.129070
0.171000 0.655510 -0.170885 0.224968 -0.405562 0.451269 1.053909 -4.539098 6.015405 2.004815
0.172000 0.655102 -0.170431 0.226023 -0.410095 0.457286 1.055852 -4.526163 6.018976 1.880318
0.173000 0.654689 -0.169970 0.227080 -0.414614 0.463307 1.057670 -4.512632 6.021480 1.755634
0.174000 0.654272 -0.169504 0.228139 -0.419120 0.469329 1.059363 -4.498400 6.022798 1.630517
0.175000 0.653851 -0.169032 0.229199 -0.423611 0.475352 1.060931 -4.483442 6.022884 1.504949
0.176000 0.653425 -0.168553 0.230260 -0.428087 0.481375 1.062373 -4.467849 6.021820 1.379214
0.177000 0.652995 -0.168069 0.231323 -0.432547 0.487396 1.063690 -4.451716 6.019705 1.253588
0.178000 0.652560 -0.167579 0.232388 -0.436990 0.493415 1.064880 -4.435150 6.016679 1.128332
0.179000 0.652121 -0.167082 0.233453 -0.441417 0.499429 1.065946 -4.418259 6.012901 1.003693
0.180000 0.651677 -0.166580 0.234520 -0.445827 0.505440 1.066888 -4.401028 6.008379 0.879619
0.181000 0.651229 -0.166071 0.235587 -0.450219 0.511446 1.067706 -4.383349 6.003000 0.755847
0.182000 0.650777 -0.165557 0.236655 -0.454593 0.517446 1.068400 -4.365247 5.996784 0.632418
0.183000 0.650320 -0.165036 0.237724 -0.458950 0.523440 1.068970 -4.346857 5.989875 0.509649
0.184000 0.649859 -0.164510 0.238793 -0.463287 0.529426 1.069419 -4.328197 5.982280 0.387583
0.185000 0.649394 -0.163978 0.239863 -0.467606 0.535404 1.069746 -4.309164 5.973853 0.265963
0.186000 0.648924 -0.163439 0.240932 -0.471906 0.541374 1.069951 -4.289767 5.964539 0.144758
0.187000 0.648450 -0.162895 0.242003 -0.476185 0.547333 1.070035 -4.270127 5.954394 0.024184
0.188000 0.647971 -0.162344 0.243073 -0.480446 0.553283 1.069999 -4.250242 5.943356 -0.095798
0.189000 0.647489 -0.161788 0.244143 -0.484686 0.559220 1.069843 -4.229994 5.931287 -0.215473
0.190000 0.647002 -0.161226 0.245212 -0.488906 0.565145 1.069568 -4.209375 5.918234 -0.334879
0.191000 0.646511 -0.160658 0.246282 -0.493105 0.571057 1.069174 -4.188489 5.904399 -0.453801
0.192000 0.646016 -0.160084 0.247351 -0.497283 0.576954 1.068661 -4.167320 5.889826 -0.572269
0.193000 0.645516 -0.159504 0.248419 -0.501439 0.582836 1.068029 -4.145744 5.874403 -0.690539
0.194000 0.645013 -0.158918 0.249487 -0.505574 0.588703 1.067279 -4.123762 5.858165 -0.808570
0.195000 0.644505 -0.158327 0.250554 -0.509687 0.594553 1.066412 -4.101494 5.841288 -0.926043
0.196000 0.643994 -0.157729 0.251619 -0.513777 0.600385 1.065427 -4.078938 5.823791 -1.042914
0.197000 0.643478 -0.157126 0.252684 -0.517845 0.606200 1.064326 -4.055971 5.805519 -1.159437
0.198000 0.642958 -0.156517 0.253748 -0.521889 0.611996 1.063109 -4.032607 5.786433 -1.275638
0.199000 0.642434 -0.155902 0.254811 -0.525910 0.617773 1.061775 -4.008984 5.766618 -1.391297
0.200000 0.641906 -0.155281 0.255872 -0.529907 0.623530 1.060326 -3.985111 5.746026 -1.506441
0.201000 0.641374 -0.154655 0.256931 -0.533880 0.629265 1.058762 -3.960871 5.724500 -1.621352
0.202000 0.640838 -0.154023 0.257989 -0.537829 0.634979 1.057083 -3.936287 5.702076 -1.736054
0.203000 0.640299 -0.153385 0.259045 -0.541753 0.640669 1.055290 -3.911517 5.678954 -1.850321
0.204000 0.639755 -0.152741 0.260100 -0.545652 0.646336 1.053383 -3.886578 5.655164 -1.964172
0.205000 0.639207 -0.152092 0.261152 -0.549526 0.651980 1.051362 -3.861350 5.630556 -2.077861
0.206000 0.638656 -0.151437 0.262203 -0.553375 0.657598 1.049227 -3.835842 5.605127 -2.191355
0.207000 0.638100 -0.150777 0.263251 -0.557198 0.663190 1.046979 -3.810197 5.579019 -2.304353
0.208000 0.637541 -0.150111 0.264296 -0.560995 0.668756 1.044618 -3.784417 5.552213 -2.416821
0.209000 0.636978 -0.149439 0.265340 -0.564766 0.674294 1.042145 -3.758367 5.524519 -2.529024
0.210000 0.636412 -0.148762 0.266381 -0.568512 0.679805 1.039560 -3.732040 5.495881 -2.641021
0.211000 0.635841 -0.148080 0.267419 -0.572231 0.685286 1.036863 -3.705599 5.466436 -2.752576
0.212000 0.635267 -0.147392 0.268454 -0.575923 0.690738 1.034055 -3.679202 5.436352 -2.863452
0.213000 0.634690 -0.146698 0.269487 -0.579589 0.696159 1.031136 -3.653003 5.405874 -2.973409
0.214000 0.634108 -0.146000 0.270517 -0.583229 0.701549 1.028108 -3.627153 5.375280 -3.082203
0.215000 0.633523 -0.145295 0.271543 -0.586843 0.706909 1.024972 -3.601632 5.344621 -3.189879
0.216000 0.632935 -0.144586 0.272567 -0.590432 0.712239 1.021728 -3.576286 5.313753 -3.296683
0.217000 0.632342 -0.143871 0.273587 -0.593996 0.717537 1.018378 -3.551113 5.282692 -3.402558
0.218000 0.631747 -0.143151 0.274603 -0.597534 0.722804 1.014923 -3.526248 5.251626 -3.507172
0.219000 0.631147 -0.142425 0.275617 -0.601048 0.728040 1.011364 -3.501685 5.220555 -3.610465
0.220000 0.630544 -0.141695 0.276626 -0.604538 0.733245 1.007702 -3.477277 5.189284 -3.712680
0.221000 0.629938 -0.140959 0.277632 -0.608003 0.738419 1.003939 -3.453033 5.157757 -3.813866
0.222000 0.629328 -0.140218 0.278634 -0.611444 0.743561 1.000075 -3.429110 5.126071 -3.913848
0.223000 0.628715 -0.139472 0.279632 -0.614861 0.748671 0.996111 -3.405513 5.094166 -4.012679
0.224000 0.628099 -0.138720 0.280626 -0.618255 0.753749 0.992049 -3.382092 5.061856 -4.110637
0.225000 0.627479 -0.137964 0.281616 -0.621625 0.758794 0.987890 -3.358844 5.029189 -4.207766
0.226000 0.626855 -0.137203 0.282602 -0.624973 0.763807 0.983634 -3.335915 4.996413 -4.303876
0.227000 0.626229 -0.136436 0.283584 -0.628297 0.768787 0.979282 -3.313293 4.963573 -4.398999
0.228000 0.625599 -0.135665 0.284561 -0.631599 0.773734 0.974836 -3.290819 4.930505 -4.493377
0.229000 0.624966 -0.134889 0.285533 -0.634879 0.778648 0.970295 -3.268476 4.897219 -4.586988
0.230000 0.624329 -0.134108 0.286501 -0.638136 0.783529 0.965662 -3.246395 4.863911 -4.679555
0.231000 0.623689 -0.133322 0.287465 -0.641372 0.788376 0.960936 -3.224555 4.830573 -4.771049
0.232000 0.623046 -0.132531 0.288423 -0.644585 0.793190 0.956120 -3.202793 4.796971 -4.861717
0.233000 0.622400 -0.131736 0.289377 -0.647777 0.797970 0.951213 -3.181105 4.762994 -4.951614
0.234000 0.621751 -0.130935 0.290326 -0.650947 0.802716 0.946216 -3.159644 4.728681 -5.040582
0.235000 0.621098 -0.130130 0.291269 -0.654096 0.807427 0.941132 -3.138402 4.693918 -5.128676
0.236000 0.620443 -0.129320 0.292208 -0.657224 0.812104 0.935959 -3.117212 4.658481 -5.216162
0.237000 0.619784 -0.128506 0.293141 -0.660331 0.816744 0.930699 -3.096060 4.622411 -5.303086
0.238000 0.619122 -0.127687 0.294069 -0.663416 0.821349 0.925353 -3.075087 4.585970 -5.389267
0.239000 0.618457 -0.126863 0.294992 -0.666481 0.825916 0.919921 -3.054273 4.549197 -5.474738
0.240000 0.617789 -0.126035 0.295909 -0.669525 0.830447 0.914403 -3.033439 4.511903 -5.559724
0.241000 0.617118 -0.125202 0.296821 -0.672548 0.834940 0.908801 -3.012559 4.474073 -5.644198
0.242000 0.616444 -0.124365 0.297727 -0.675550 0.839395 0.903115 -2.991762 4.435880 -5.727893
0.243000 0.615767 -0.123524 0.298627 -0.678531 0.843812 0.897345 -2.971017 4.397295 -5.810772
0.244000 0.615087 -0.122678 0.299521 -0.681492 0.848190 0.891493 -2.950132 4.358067 -5.893062
0.245000 0.614404 -0.121827 0.300410 -0.684432 0.852528 0.885559 -2.929071 4.318111 -5.974811
0.246000 0.613718 -0.120972 0.301292 -0.687350 0.856826 0.879544 -2.907991 4.277572 -6.055815
0.247000 0.613029 -0.120113 0.302169 -0.690248 0.861083 0.873448 -2.887054 4.236642 -6.135874
0.248000 0.612337 -0.119250 0.303039 -0.693124 0.865299 0.867272 -2.866435 4.195600 -6.214797
0.249000 0.611643 -0.118383 0.303903 -0.695981 0.869474 0.861018 -2.846316 4.154773 -6.292395
0.250000 0.610945 -0.117511 0.304761 -0.698817 0.873609 0.854687 -2.826672 4.114211 -6.368719
0.251000 0.610245 -0.116636 0.305613 -0.701634 0.877703 0.848281 -2.807313 4.073715 -6.443991
0.252000 0.609542 -0.115756 0.306458 -0.704432 0.881756 0.841799 -2.788209 4.033280 -6.518203
0.253000 0.608836 -0.114872 0.307296 -0.707210 0.885769 0.835244 -2.769491 3.993102 -6.591125
0.254000 0.608128 -0.113984 0.308128 -0.709971 0.889742 0.828617 -2.751125 3.953157 -6.662735
0.255000 0.607416 -0.113093 0.308954 -0.712713 0.893676 0.821919 -2.732908 3.913183 -6.733242
0.256000 0.606702 -0.112197 0.309772 -0.715436 0.897569 0.815151 -2.714800 3.873075 -6.802685
0.257000 0.605986 -0.111298 0.310584 -0.718142 0.901422 0.808313 -2.696922 3.832914 -6.870908
0.258000 0.605266 -0.110394 0.311389 -0.720830 0.905235 0.801409 -2.679230 3.792595 -6.937944
0.259000 0.604544 -0.109487 0.312187 -0.723501 0.909007 0.794438 -2.661521 3.751868 -7.004014
0.260000 0.603819 -0.108576 0.312978 -0.726153 0.912738 0.787401 -2.643770 3.710766 -7.069162
0.261000 0.603092 -0.107662 0.313762 -0.728788 0.916429 0.780299 -2.626121 3.669556 -7.133240
0.262000 0.602362 -0.106743 0.314538 -0.731405 0.920077 0.773134 -2.608544 3.628271 -7.196276
0.263000 0.601629 -0.105821 0.315308 -0.734005 0.923685 0.765907 -2.590837 3.586698 -7.258466
0.264000 0.600894 -0.104896 0.316070 -0.736587 0.927251 0.758617 -2.572967 3.544838 -7.319801
0.265000 0.600156 -0.103967 0.316825 -0.739151 0.930775 0.751267 -2.555067 3.502911 -7.380071
0.266000 0.599415 -0.103034 0.317573 -0.741697 0.934257 0.743857 -2.537098 3.460901 -7.439256
0.267000 0.598672 -0.102098 0.318313 -0.744225 0.937697 0.736389 -2.518848 3.418521 -7.497542
0.268000 0.597927 -0.101159 0.319045 -0.746735 0.941094 0.728862 -2.500273 3.375628 -7.554968
0.269000 0.597179 -0.100216 0.319771 -0.749226 0.944448 0.721279 -2.481496 3.332259 -7.611397
0.270000 0.596428 -0.099270 0.320488 -0.751698 0.947758 0.713639 -2.462468 3.288272 -7.666857
0.271000 0.595675 -0.098321 0.321198 -0.754151 0.951024 0.705945 -2.442968 3.243407 -7.721548
0.272000 0.594920 -0.097368 0.321900 -0.756584 0.954245 0.698196 -2.422941 3.197731 -7.775508
0.273000 0.594162 -0.096412 0.322594 -0.758997 0.957420 0.690394 -2.402502 3.151573 -7.828604
0.274000 0.593402 -0.095453 0.323281 -0.761389 0.960548 0.682539 -2.381596 3.105002 -7.880859
0.275000 0.592639 -0.094491 0.323959 -0.763760 0.963630 0.674632 -2.360011 3.057808 -7.932442
0.276000 0.591874 -0.093526 0.324630 -0.766109 0.966664 0.666674 -2.337736 3.009984 -7.983337
0.277000 0.591107 -0.092558 0.325293 -0.768435 0.969650 0.658666 -2.314943 2.961745 -8.033346
0.278000 0.590338 -0.091587 0.325947 -0.770739 0.972587 0.650607 -2.291616 2.913064 -8.082442
0.279000 0.589566 -0.090613 0.326594 -0.773019 0.975476 0.642501 -2.267545 2.863649 -8.130794
0.280000 0.588792 -0.089636 0.327232 -0.775274 0.978315 0.634346 -2.242689 2.813372 -8.178454
0.281000 0.588015 -0.088656 0.327863 -0.777504 0.981103 0.626144 -2.217219 2.762367 -8.225295
0.282000 0.587237 -0.087674 0.328485 -0.779708 0.983839 0.617895 -2.191309 2.710830 -8.271182
0.283000 0.586456 -0.086688 0.329098 -0.781887 0.986524 0.609601 -2.165127 2.659079 -8.315971
0.284000 0.585673 -0.085700 0.329704 -0.784039 0.989158 0.601263 -2.138840 2.607496 -8.359510
0.285000 0.584888 -0.084710 0.330301 -0.786164 0.991739 0.592882 -2.112396 2.556150 -8.401819
0.286000 0.584100 -0.083717 0.330890 -0.788263 0.994270 0.584460 -2.085581 2.504828 -8.443051
0.287000 0.583311 -0.082721 0.331470 -0.790335 0.996749 0.575996 -2.058384 2.453547 -8.483209
0.288000 0.582520 -0.081723 0.332042 -0.792380 0.999177 0.567493 -2.030989 2.402560 -8.522144
0.289000 0.581726 -0.080723 0.332605 -0.794397 1.001554 0.558952 -2.003385 2.351864 -8.559846
0.290000 0.580931 -0.079720 0.333159 -0.796387 1.003881 0.550374 -1.975358 2.301168 -8.596455
0.291000 0.580134 -0.078715 0.333706 -0.798348 1.006156 0.541759 -1.946869 2.250347 -8.631993
0.292000 0.579334 -0.077708 0.334243 -0.800281 1.008381 0.533110 -1.918061 2.199475 -8.666345
0.293000 0.578533 -0.076699 0.334772 -0.802184 1.010555 0.524426 -1.888888 2.148427 -8.699519
0.294000 0.577730 -0.075687 0.335292 -0.804058 1.012678 0.515711 -1.859133 2.096932 -8.731655
0.295000 0.576925 -0.074673 0.335803 -0.805903 1.014749 0.506963 -1.828771 2.045053 -8.762768
0.296000 0.576118 -0.073657 0.336306 -0.807716 1.016768 0.498185 -1.797970 1.993128 -8.792743
0.297000 0.575310 -0.072640 0.336800 -0.809498 1.018735 0.489378 -1.766707 1.941220 -8.821583
0.298000 0.574499 -0.071620 0.337285 -0.811249 1.020651 0.480542 -1.734775 1.889105 -8.849413
0.299000 0.573687 -0.070598 0.337761 -0.812968 1.022514 0.471679 -1.702171 1.836772 -8.876241
0.300000 0.572873 -0.069575 0.338228 -0.814654 1.024324 0.462789 -1.669089 1.784449 -8.901953
0.301000 0.572058 -0.068550 0.338686 -0.816306 1.026083 0.453875 -1.635524 1.732111 -8.926547
0.302000 0.571241 -0.067523 0.339136 -0.817925 1.027789 0.444936 -1.601262 1.679453 -8.950141
0.303000 0.570422 -0.066494 0.339576 -0.819509 1.029442 0.435975 -1.566270 1.626351 -8.972763
0.304000 0.569602 -0.065464 0.340008 -0.821057 1.031041 0.426991 -1.530703 1.572891 -8.994332
0.305000 0.568780 -0.064432 0.340430 -0.822570 1.032587 0.417986 -1.494522 1.518951 -9.014861
0.306000 0.567956 -0.063399 0.340844 -0.824046 1.034079 0.408961 -1.457497 1.464262 -9.034468
0.307000 0.567132 -0.062364 0.341248 -0.825485 1.035516 0.399917 -1.419589 1.408889 -9.053172
0.308000 0.566305 -0.061328 0.341643 -0.826886 1.036897 0.390855 -1.380944 1.353185 -9.070892
0.309000 0.565478 -0.060290 0.342030 -0.828247 1.038222 0.381775 -1.341522 1.297224 -9.087633
0.310000 0.564649 -0.059251 0.342407 -0.829569 1.039491 0.372679 -1.301109 1.240791 -9.103485
0.311000 0.563819 -0.058211 0.342775 -0.830849 1.040704 0.363568 -1.259709 1.183909 -9.118436
0.312000 0.562987 -0.057170 0.343134 -0.832088 1.041859 0.354443 -1.217582 1.126910 -9.132350
0.313000 0.562155 -0.056127 0.343484 -0.833284 1.042958 0.345304 -1.174979 1.070063 -9.145106
0.314000 0.561321 -0.055084 0.343825 -0.834438 1.043999 0.336152 -1.132133 1.013531 -9.156624
0.315000 0.560486 -0.054039 0.344156 -0.835549 1.044985 0.326990 -1.089269 0.957416 -9.166837
0.316000 0.559650 -0.052994 0.344479 -0.836617 1.045914 0.317819 -1.046362 0.901561 -9.175769
0.317000 0.558812 -0.051948 0.344792 -0.837641 1.046788 0.308639 -1.003187 0.845691 -9.183509
0.318000 0.557974 -0.050900 0.345096 -0.838623 1.047605 0.299452 -0.959719 0.789912 -9.190065
0.319000 0.557135 -0.049852 0.345391 -0.839561 1.048368 0.290259 -0.916126 0.734629 -9.195358
0.320000 0.556295 -0.048804 0.345676 -0.840455 1.049075 0.281061 -0.872381 0.679957 -9.199380
0.321000 0.555454 -0.047754 0.345953 -0.841306 1.049728 0.271860 -0.828267 0.625689 -9.202206
0.322000 0.554613 -0.046704 0.346220 -0.842112 1.050326 0.262656 -0.783778 0.571844 -9.203856
0.323000 0.553770 -0.045654 0.346478 -0.842873 1.050871 0.253452 -0.739114 0.518690 -9.204285
0.324000 0.552927 -0.044602 0.346727 -0.843590 1.051364 0.244248 -0.694269 0.466226 -9.203505
0.325000 0.552083 -0.043551 0.346967 -0.844262 1.051804 0.235045 -0.649034 0.414142 -9.201593
0.326000 0.551238 -0.042499 0.347197 -0.844888 1.052192 0.225845 -0.603401 0.362294 -9.198590
0.327000 0.550393 -0.041446 0.347418 -0.845468 1.052528 0.216648 -0.557569 0.310743 -9.194482
0.328000 0.549547 -0.040394 0.347630 -0.846003 1.052813 0.207456 -0.511527 0.259350 -9.189294
0.329000 0.548701 -0.039341 0.347833 -0.846492 1.053047 0.198269 -0.465054 0.207834 -9.183090
0.330000 0.547854 -0.038288 0.348027 -0.846933 1.053229 0.189090 -0.418114 0.156269 -9.175878
0.331000 0.547007 -0.037234 0.348211 -0.847328 1.053359 0.179918 -0.370868 0.105020 -9.167608
0.332000 0.546160 -0.036181 0.348387 -0.847675 1.053439 0.170754 -0.323283 0.054173 -9.158271
0.333000 0.545312 -0.035128 0.348553 -0.847974 1.053468 0.161601 -0.275145 0.003506 -9.147907
0.334000 0.544464 -0.034074 0.348710 -0.848225 1.053446 0.152459 -0.226468 -0.046969 -9.136511
0.335000 0.543615 -0.033021 0.348858 -0.848427 1.053374 0.143328 -0.177478 -0.096986 -9.124033
0.336000 0.542767 -0.031967 0.348997 -0.848580 1.053252 0.134211 -0.128190 -0.146552 -9.110459
0.337000 0.541918 -0.030914 0.349126 -0.848684 1.053081 0.125107 -0.078399 -0.195988 -9.095833
0.338000 0.541070 -0.029861 0.349247 -0.848737 1.052860 0.116019 -0.028096 -0.245467 -9.080193
0.339000 0.540221 -0.028808 0.349358 -0.848740 1.052590 0.106947 0.022526 -0.294960 -9.063556
0.340000 0.539372 -0.027756 0.349461 -0.848692 1.052270 0.097892 0.073481 -0.344633 -9.045947
0.341000 0.538523 -0.026704 0.349554 -0.848593 1.051901 0.088855 0.124993 -0.394777 -9.027394
0.342000 0.537675 -0.025652 0.349638 -0.848442 1.051481 0.079837 0.177099 -0.445320 -9.007881
0.343000 0.536827 -0.024601 0.349714 -0.848239 1.051010 0.070839 0.229640 -0.495894 -8.987355
0.344000 0.535978 -0.023550 0.349780 -0.847983 1.050489 0.061862 0.282649 -0.546410 -8.965783
0.345000 0.535131 -0.022500 0.349838 -0.847673 1.049917 0.052907 0.336331 -0.597077 -8.943170
0.346000 0.534283 -0.021450 0.349886 -0.847310 1.049295 0.043976 0.390647 -0.647855 -8.919514
0.347000 0.533436 -0.020401 0.349926 -0.846892 1.048621 0.035068 0.445285 -0.698388 -8.894795
0.348000 0.532589 -0.019353 0.349956 -0.846419 1.047898 0.026186 0.499960 -0.748387 -8.869012
0.349000 0.531743 -0.018306 0.349978 -0.845892 1.047125 0.017330 0.554430 -0.797687 -8.842199
0.350000 0.530898 -0.017259 0.349991 -0.845311 1.046302 0.008502 0.608481 -0.846188 -8.814407
0.351000 0.530053 -0.016213 0.349995 -0.844675 1.045432 -0.000298 0.662145 -0.894049 -8.785675
0.352000 0.529208 -0.015168 0.349990 -0.843986 1.044514 -0.009069 0.715645 -0.941557 -8.756018
0.353000 0.528365 -0.014124 0.349977 -0.843244 1.043549 -0.017810 0.768990 -0.988631 -8.725431
0.354000 0.527522 -0.013081 0.349955 -0.842448 1.042537 -0.026520 0.821982 -1.034894 -8.693902
0.355000 0.526680 -0.012039 0.349924 -0.841600 1.041479 -0.035198 0.874626 -1.080255 -8.661414
0.356000 0.525838 -0.010998 0.349884 -0.840699 1.040377 -0.043843 0.927132 -1.124921 -8.627969
0.357000 0.524998 -0.009958 0.349836 -0.839746 1.039230 -0.052454 0.979503 -1.168870 -8.593604
0.358000 0.524159 -0.008919 0.349779 -0.838740 1.038039 -0.061030 1.031538 -1.211823 -8.558373
0.359000 0.523321 -0.007882 0.349714 -0.837683 1.036806 -0.069571 1.083239 -1.253772 -8.522306
0.360000 0.522484 -0.006846 0.349640 -0.836574 1.035531 -0.078075 1.134810 -1.295035 -8.485410
0.361000 0.521648 -0.005811 0.349558 -0.835413 1.034216 -0.086542 1.186253 -1.335792 -8.447720
0.362000 0.520813 -0.004777 0.349467 -0.834201 1.032860 -0.094970 1.237361 -1.376031 -8.409292
0.363000 0.519979 -0.003745 0.349368 -0.832938 1.031464 -0.103360 1.288134 -1.415928 -8.370146
0.364000 0.519147 -0.002714 0.349260 -0.831625 1.030028 -0.111711 1.338782 -1.455773 -8.330255
0.365000 0.518316 -0.001685 0.349144 -0.830261 1.028552 -0.120021 1.389326 -1.495501 -8.289598
0.366000 0.517486 -0.000657 0.349020 -0.828846 1.027037 -0.128290 1.439590 -1.534755 -8.248163
0.367000 0.516658 0.000369 0.348888 -0.827382 1.025483 -0.136517 1.489593 -1.573455 -8.205919
0.368000 0.515832 0.001394 0.348747 -0.825867 1.023890 -0.144702 1.539539 -1.611814 -8.162838
0.369000 0.515007 0.002417 0.348598 -0.824302 1.022259 -0.152843 1.589420 -1.649820 -8.118967
0.370000 0.514183 0.003438 0.348442 -0.822688 1.020590 -0.160940 1.639020 -1.687213 -8.074398
0.371000 0.513361 0.004458 0.348277 -0.821024 1.018885 -0.168992 1.688327 -1.723991 -8.029170
0.372000 0.512541 0.005476 0.348104 -0.819311 1.017142 -0.176998 1.737529 -1.760456 -7.983264
0.373000 0.511723 0.006492 0.347923 -0.817549 1.015364 -0.184958 1.786610 -1.796745 -7.936703
0.374000 0.510906 0.007507 0.347734 -0.815738 1.013549 -0.192871 1.835347 -1.832796 -7.889548
0.375000 0.510091 0.008519 0.347537 -0.813879 1.011698 -0.200737 1.883724 -1.868740 -7.841804
0.376000 0.509278 0.009530 0.347332 -0.811971 1.009811 -0.208555 1.931944 -1.904850 -7.793424
0.377000 0.508467 0.010539 0.347120 -0.810015 1.007888 -0.216324 1.980032 -1.941065 -7.744397
0.378000 0.507658 0.011546 0.346900 -0.808011 1.005929 -0.224044 2.027829 -1.977042 -7.694756
0.379000 0.506851 0.012551 0.346672 -0.805959 1.003934 -0.231714 2.075360 -2.012706 -7.644481
0.380000 0.506046 0.013554 0.346436 -0.803860 1.001904 -0.239333 2.122829 -2.048272 -7.593524
0.381000 0.505243 0.014555 0.346193 -0.801713 0.999838 -0.246901 2.170235 -2.083733 -7.541922
0.382000 0.504443 0.015553 0.345942 -0.799520 0.997736 -0.254417 2.217373 -2.118842 -7.489778
0.383000 0.503644 0.016550 0.345684 -0.797279 0.995600 -0.261880 2.264237 -2.153601 -7.437121
0.384000 0.502848 0.017545 0.345419 -0.794991 0.993429 -0.269291 2.311024 -2.188310 -7.383914
0.385000 0.502054 0.018537 0.345146 -0.792657 0.991223 -0.276648 2.357747 -2.223112 -7.330196
0.386000 0.501263 0.019527 0.344865 -0.790276 0.988983 -0.283951 2.404180 -2.257889 -7.276089
0.387000 0.500474 0.020515 0.344578 -0.787848 0.986708 -0.291200 2.450106 -2.292454 -7.221693
0.388000 0.499687 0.021500 0.344283 -0.785375 0.984398 -0.298395 2.495320 -2.326495 -7.167070
0.389000 0.498903 0.022484 0.343981 -0.782858 0.982055 -0.305534 2.539622 -2.359630 -7.112255
0.390000 0.498121 0.023465 0.343672 -0.780296 0.979679 -0.312619 2.583042 -2.391788 -7.057209
0.391000 0.497342 0.024443 0.343356 -0.777692 0.977271 -0.319649 2.625780 -2.423181 -7.001865
0.392000 0.496566 0.025419 0.343032 -0.775045 0.974832 -0.326623 2.667835 -2.453805 -6.946286
0.393000 0.495792 0.026393 0.342702 -0.772356 0.972364 -0.333541 2.709012 -2.483422 -6.890635
0.394000 0.495021 0.027364 0.342365 -0.769627 0.969866 -0.340404 2.749305 -2.512040 -6.834967
0.395000 0.494253 0.028332 0.342022 -0.766857 0.967339 -0.347211 2.788906 -2.539951 -6.779231
0.396000 0.493488 0.029298 0.341671 -0.764049 0.964786 -0.353963 2.827826 -2.567301 -6.723447
0.397000 0.492725 0.030262 0.341314 -0.761202 0.962205 -0.360658 2.865894 -2.594045 -6.667714
0.398000 0.491965 0.031223 0.340950 -0.758317 0.959598 -0.367298 2.903118 -2.620322 -6.612036
0.399000 0.491208 0.032181 0.340579 -0.755395 0.956964 -0.373882 2.939689 -2.646406 -6.556301
0.400000 0.490454 0.033137 0.340202 -0.752438 0.954305 -0.380411 2.975609 -2.672263 -6.500451
0.401000 0.489704 0.034090 0.339818 -0.749444 0.951620 -0.386883 3.010697 -2.697600 -6.444493
0.402000 0.488956 0.035040 0.339428 -0.746416 0.948910 -0.393300 3.044952 -2.722369 -6.388362
0.403000 0.488211 0.035988 0.339032 -0.743354 0.946175 -0.399660 3.078574 -2.746773 -6.331964
0.404000 0.487469 0.036932 0.338629 -0.740259 0.943416 -0.405964 3.111605 -2.770780 -6.275364
0.405000 0.486730 0.037874 0.338220 -0.737131 0.940633 -0.412211 3.143918 -2.794123 -6.218748
0.406000 0.485995 0.038814 0.337804 -0.733971 0.937828 -0.418401 3.175550 -2.816778 -6.162173
0.407000 0.485262 0.039750 0.337383 -0.730780 0.935000 -0.424535 3.206687 -2.839020 -6.105552
0.408000 0.484533 0.040684 0.336955 -0.727558 0.932150 -0.430612 3.237311 -2.860986 -6.048859
0.409000 0.483807 0.041614 0.336522 -0.724305 0.929278 -0.436633 3.267216 -2.882635 -5.992155
0.410000 0.483084 0.042542 0.336082 -0.721023 0.926384 -0.442596 3.296379 -2.904101 -5.935396
0.411000 0.482365 0.043467 0.335636 -0.717713 0.923470 -0.448503 3.324986 -2.925645 -5.878440
0.412000 0.481649 0.044389 0.335185 -0.714373 0.920533 -0.454353 3.353078 -2.947229 -5.821235
0.413000 0.480936 0.045308 0.334728 -0.711006 0.917575 -0.460146 3.380539 -2.968562 -5.763815
0.414000 0.480227 0.046224 0.334265 -0.707612 0.914596 -0.465881 3.407409 -2.989590 -5.706126
0.415000 0.479521 0.047137 0.333796 -0.704192 0.911596 -0.471558 3.433891 -3.010513 -5.648051
0.416000 0.478819 0.048047 0.333322 -0.700745 0.908575 -0.477177 3.460019 -3.031321 -5.589643
0.417000 0.478120 0.048955 0.332842 -0.697272 0.905533 -0.482737 3.485663 -3.051778 -5.531085
0.418000 0.477424 0.049859 0.332356 -0.693773 0.902471 -0.488239 3.510849 -3.071880 -5.472424
0.419000 0.476732 0.050759 0.331865 -0.690250 0.899390 -0.493682 3.535756 -3.091898 -5.413552
0.420000 0.476044 0.051657 0.331369 -0.686702 0.896288 -0.499066 3.560379 -3.111964 -5.354457
0.421000 0.475359 0.052552 0.330867 -0.683129 0.893166 -0.504391 3.584499 -3.131978 -5.295259
0.422000 0.474677 0.053444 0.330360 -0.679533 0.890024 -0.509657 3.607902 -3.151777 -5.236055
0.423000 0.474000 0.054332 0.329848 -0.675913 0.886862 -0.514863 3.630385 -3.171087 -5.176906
0.424000 0.473325 0.055217 0.329330 -0.672272 0.883682 -0.520011 3.651750 -3.189573 -5.117852
0.425000 0.472655 0.056099 0.328808 -0.668610 0.880483 -0.525099 3.672002 -3.207174 -5.058807
0.426000 0.471988 0.056978 0.328280 -0.664928 0.877267 -0.530128 3.691317 -3.224067 -4.999628
0.427000 0.471325 0.057854 0.327747 -0.661227 0.874035 -0.535098 3.709716 -3.240209 -4.940363
0.428000 0.470666 0.058726 0.327210 -0.657509 0.870787 -0.540009 3.727064 -3.255332 -4.881206
0.429000 0.470010 0.059596 0.326667 -0.653773 0.867524 -0.544861 3.743379 -3.269400 -4.822199
0.430000 0.469358 0.060461 0.326120 -0.650022 0.864248 -0.549653 3.758829 -3.282659 -4.763212
0.431000 0.468710 0.061324 0.325568 -0.646255 0.860959 -0.554387 3.773425 -3.295234 -4.704206
0.432000 0.468066 0.062183 0.325011 -0.642475 0.857658 -0.559062 3.787016 -3.307081 -4.645255
0.433000 0.467425 0.063039 0.324450 -0.638681 0.854345 -0.563678 3.799607 -3.318320 -4.586305
0.434000 0.466788 0.063892 0.323884 -0.634876 0.851021 -0.568234 3.811362 -3.329195 -4.527165
0.435000 0.466155 0.064741 0.323314 -0.631059 0.847686 -0.572732 3.822302 -3.339676 -4.467749
0.436000 0.465526 0.065587 0.322739 -0.627231 0.844342 -0.577170 3.832296 -3.349503 -4.408077
0.437000 0.464901 0.066430 0.322159 -0.623394 0.840987 -0.581548 3.841362 -3.358631 -4.348062
0.438000 0.464279 0.067269 0.321575 -0.619548 0.837624 -0.585866 3.849670 -3.367227 -4.287548
0.439000 0.463662 0.068105 0.320987 -0.615695 0.834253 -0.590123 3.857252 -3.375240 -4.226580
0.440000 0.463048 0.068938 0.320395 -0.611834 0.830874 -0.594319 3.863998 -3.382397 -4.165367
0.441000 0.462438 0.069767 0.319799 -0.607967 0.827488 -0.598454 3.869934 -3.388650 -4.103953
0.442000 0.461832 0.070593 0.319198 -0.604094 0.824096 -0.602527 3.875226 -3.394226 -4.042195
0.443000 0.461230 0.071415 0.318594 -0.600216 0.820700 -0.606538 3.879893 -3.399238 -3.980056
0.444000 0.460632 0.072234 0.317985 -0.596334 0.817298 -0.610487 3.883809 -3.403639 -3.917629
0.445000 0.460037 0.073050 0.317373 -0.592449 0.813892 -0.614374 3.886985 -3.407536 -3.854862
0.446000 0.459447 0.073862 0.316757 -0.588560 0.810483 -0.618197 3.889573 -3.411166 -3.791555
0.447000 0.458860 0.074671 0.316136 -0.584669 0.807070 -0.621957 3.891577 -3.414511 -3.727628
0.448000 0.458277 0.075476 0.315513 -0.580777 0.803654 -0.625652 3.892854 -3.417340 -3.663122
0.449000 0.457699 0.076278 0.314885 -0.576884 0.800235 -0.629283 3.893406 -3.419623 -3.597957
0.450000 0.457124 0.077077 0.314254 -0.572990 0.796815 -0.632848 3.893387 -3.421528 -3.531981
0.451000 0.456553 0.077872 0.313619 -0.569097 0.793392 -0.636347 3.892839 -3.423018 -3.465274
0.452000 0.455986 0.078663 0.312981 -0.565205 0.789969 -0.639779 3.891671 -3.423849 -3.398102
0.453000 0.455422 0.079452 0.312340 -0.561314 0.786545 -0.643143 3.889918 -3.423984 -3.330543
0.454000 0.454863 0.080237 0.311695 -0.557425 0.783121 -0.646440 3.887732 -3.423630 -3.262460
0.455000 0.454307 0.081018 0.311047 -0.553538 0.779697 -0.649668 3.885114 -3.422865 -3.193832
0.456000 0.453756 0.081796 0.310396 -0.549655 0.776275 -0.652827 3.881894 -3.421552 -3.124808
0.457000 0.453208 0.082571 0.309741 -0.545774 0.772854 -0.655918 3.877906 -3.419526 -3.055518
0.458000 0.452664 0.083342 0.309084 -0.541899 0.769436 -0.658938 3.872996 -3.416574 -2.986058
0.459000 0.452124 0.084109 0.308423 -0.538028 0.766021 -0.661890 3.867013 -3.412452 -2.916506
0.460000 0.451588 0.084874 0.307760 -0.534165 0.762611 -0.664771 3.859971 -3.407150 -2.846775
0.461000 0.451056 0.085635 0.307094 -0.530308 0.759207 -0.667583 3.852025 -3.400851 -2.776710
0.462000 0.450528 0.086392 0.306425 -0.526461 0.755809 -0.670325 3.843228 -3.393560 -2.706407
0.463000 0.450003 0.087146 0.305753 -0.522622 0.752420 -0.672996 3.833517 -3.385099 -2.636168
0.464000 0.449482 0.087897 0.305079 -0.518794 0.749039 -0.675597 3.822939 -3.375471 -2.566089
0.465000 0.448965 0.088644 0.304402 -0.514976 0.745669 -0.678128 3.811645 -3.364878 -2.496036
0.466000 0.448452 0.089388 0.303723 -0.511170 0.742309 -0.680589 3.799650 -3.353364 -2.425981
0.467000 0.447943 0.090129 0.303041 -0.507377 0.738962 -0.682980 3.786843 -3.340805 -2.356045
0.468000 0.447438 0.090866 0.302357 -0.503597 0.735628 -0.685301 3.773232 -3.327243 -2.286188
0.469000 0.446936 0.091600 0.301670 -0.499830 0.732307 -0.687553 3.758952 -3.312886 -2.216201
0.470000 0.446438 0.092331 0.300982 -0.496079 0.729002 -0.689734 3.744030 -3.297770 -2.146017
0.471000 0.445944 0.093058 0.300291 -0.492342 0.725712 -0.691845 3.728371 -3.281757 -2.075710
0.472000 0.445453 0.093782 0.299598 -0.488622 0.722438 -0.693885 3.711999 -3.264876 -2.005221
0.473000 0.444967 0.094503 0.298903 -0.484918 0.719182 -0.695855 3.695066 -3.247322 -1.934403
0.474000 0.444483 0.095221 0.298206 -0.481232 0.715944 -0.697754 3.677633 -3.229119 -1.863383
0.475000 0.444004 0.095935 0.297508 -0.477563 0.712724 -0.699582 3.659663 -3.210115 -1.792500
0.476000 0.443528 0.096646 0.296807 -0.473913 0.709524 -0.701339 3.641212 -3.190331 -1.721882
0.477000 0.443056 0.097354 0.296105 -0.470281 0.706343 -0.703026 3.622415 -3.169970 -1.651407
0.478000 0.442588 0.098059 0.295401 -0.466668 0.703184 -0.704642 3.603276 -3.149092 -1.581079
0.479000 0.442123 0.098760 0.294696 -0.463074 0.700045 -0.706188 3.583671 -3.127604 -1.511061
0.480000 0.441662 0.099459 0.293989 -0.459500 0.696928 -0.707664 3.563596 -3.105561 -1.441343
0.481000 0.441204 0.100154 0.293280 -0.455947 0.693834 -0.709070 3.543173 -3.083166 -1.371725
0.482000 0.440750 0.100847 0.292570 -0.452414 0.690762 -0.710407 3.522437 -3.060443 -1.302146
0.483000 0.440299 0.101536 0.291859 -0.448902 0.687713 -0.711675 3.501322 -3.037254 -1.232697
0.484000 0.439852 0.102222 0.291147 -0.445411 0.684688 -0.712873 3.479859 -3.013617 -1.163320
0.485000 0.439408 0.102905 0.290434 -0.441942 0.681686 -0.714001 3.458190 -2.989723 -1.093851
0.486000 0.438968 0.103585 0.289719 -0.438495 0.678708 -0.715061 3.436363 -2.965610 -1.024374
0.487000 0.438531 0.104263 0.289004 -0.435070 0.675755 -0.716050 3.414333 -2.941159 -0.955178
0.488000 0.438098 0.104937 0.288287 -0.431666 0.672826 -0.716971 3.392141 -2.916407 -0.886350
0.489000 0.437668 0.105608 0.287570 -0.428285 0.669922 -0.717823 3.369916 -2.891552 -0.817752
0.490000 0.437241 0.106277 0.286851 -0.424926 0.667043 -0.718606 3.347669 -2.866648 -0.749397
0.491000 0.436818 0.106942 0.286132 -0.421590 0.664189 -0.719322 3.325306 -2.841599 -0.681470
0.492000 0.436398 0.107605 0.285413 -0.418276 0.661360 -0.719969 3.302835 -2.816454 -0.613970
0.493000 0.435982 0.108265 0.284692 -0.414984 0.658556 -0.720550 3.280368 -2.791412 -0.546698
0.494000 0.435568 0.108922 0.283972 -0.411715 0.655777 -0.721063 3.257929 -2.766516 -0.479580
0.495000 0.435158 0.109577 0.283250 -0.408468 0.653023 -0.721509 3.235425 -2.741624 -0.412749
0.496000 0.434751 0.110228 0.282529 -0.405244 0.650293 -0.721888 3.212775 -2.716599 -0.346392
0.497000 0.434348 0.110877 0.281807 -0.402043 0.647589 -0.722202 3.189928 -2.691314 -0.280807
0.498000 0.433947 0.111523 0.281084 -0.398864 0.644911 -0.722450 3.166845 -2.665653 -0.216349
0.499000 0.433550 0.112167 0.280362 -0.395709 0.642258 -0.722634 3.143588 -2.639671 -0.153120
0.500000 0.433156 0.112808 0.279639 -0.392577 0.639631 -0.722756 3.120277 -2.613558 -0.090978
0.501000 0.432765 0.113446 0.278916 -0.389469 0.637031 -0.722816 3.096921 -2.587342 -0.029907
0.502000 0.432377 0.114082 0.278193 -0.386383 0.634457 -0.722816 3.073423 -2.560897 0.029948
0.503000 0.431992 0.114715 0.277471 -0.383322 0.631909 -0.722756 3.049783 -2.534246 0.088614
0.504000 0.431610 0.115346 0.276748 -0.380284 0.629388 -0.722639 3.026101 -2.507568 0.146308
0.505000 0.431231 0.115974 0.276025 -0.377270 0.626894 -0.722464 3.002393 -2.480905 0.203103
0.506000 0.430856 0.116600 0.275303 -0.374279 0.624426 -0.722232 2.978587 -2.454155 0.258922
0.507000 0.430483 0.117223 0.274581 -0.371312 0.621986 -0.721946 2.954699 -2.427359 0.313834
0.508000 0.430113 0.117844 0.273859 -0.368370 0.619572 -0.721605 2.930847 -2.400705 0.368010
0.509000 0.429746 0.118462 0.273138 -0.365451 0.617184 -0.721210 2.907090 -2.374253 0.421377
0.510000 0.429382 0.119078 0.272417 -0.362555 0.614823 -0.720762 2.883410 -2.347925 0.473652
0.511000 0.429021 0.119692 0.271696 -0.359684 0.612488 -0.720263 2.859860 -2.321779 0.524755
0.512000 0.428663 0.120303 0.270976 -0.356836 0.610180 -0.719713 2.836547 -2.296003 0.574837
0.513000 0.428307 0.120912 0.270257 -0.354011 0.607896 -0.719113 2.813470 -2.270650 0.623914
0.514000 0.427955 0.121519 0.269538 -0.351209 0.605638 -0.718465 2.790534 -2.245633 0.671838
0.515000 0.427605 0.122123 0.268820 -0.348430 0.603405 -0.717769 2.767731 -2.220999 0.718634
0.516000 0.427258 0.122725 0.268102 -0.345673 0.601196 -0.717027 2.745146 -2.196918 0.764522
0.517000 0.426914 0.123326 0.267386 -0.342939 0.599011 -0.716240 2.722789 -2.173409 0.809599
0.518000 0.426572 0.123924 0.266670 -0.340228 0.596850 -0.715408 2.700590 -2.150342 0.853814
0.519000 0.426233 0.124519 0.265955 -0.337538 0.594711 -0.714533 2.678557 -2.127730 0.897257
0.520000 0.425897 0.125113 0.265241 -0.334871 0.592594 -0.713614 2.656796 -2.105736 0.940114
0.521000 0.425563 0.125704 0.264528 -0.332225 0.590499 -0.712652 2.635361 -2.084392 0.982330
0.522000 0.425232 0.126294 0.263815 -0.329600 0.588425 -0.711649 2.614235 -2.063596 1.023649
0.523000 0.424904 0.126881 0.263104 -0.326996 0.586372 -0.710605 2.593467 -2.043377 1.064010
0.524000 0.424578 0.127467 0.262394 -0.324413 0.584339 -0.709521 2.573152 -2.023901 1.103575
0.525000 0.424255 0.128050 0.261685 -0.321850 0.582324 -0.708398 2.553284 -2.005193 1.142378
0.526000 0.423935 0.128631 0.260977 -0.319306 0.580328 -0.707236 2.533770 -1.987142 1.180292
0.527000 0.423617 0.129211 0.260271 -0.316782 0.578350 -0.706037 2.514597 -1.969772 1.217359
0.528000 0.423301 0.129788 0.259565 -0.314277 0.576389 -0.704802 2.495828 -1.953239 1.253798
0.529000 0.422988 0.130363 0.258861 -0.311791 0.574443 -0.703530 2.477446 -1.937562 1.289695
0.530000 0.422678 0.130937 0.258158 -0.309322 0.572514 -0.702222 2.459334 -1.922589 1.324944
0.531000 0.422370 0.131508 0.257457 -0.306872 0.570598 -0.700880 2.441408 -1.908176 1.359403
0.532000 0.422064 0.132078 0.256757 -0.304440 0.568697 -0.699503 2.423641 -1.894192 1.392869
0.533000 0.421761 0.132646 0.256058 -0.302025 0.566810 -0.698094 2.406039 -1.880512 1.425104
0.534000 0.421460 0.133212 0.255360 -0.299627 0.564936 -0.696653 2.388673 -1.867170 1.456086
0.535000 0.421161 0.133776 0.254664 -0.297247 0.563076 -0.695182 2.371632 -1.854320 1.485996
0.536000 0.420865 0.134338 0.253970 -0.294884 0.561228 -0.693681 2.354888 -1.841970 1.514880
0.537000 0.420572 0.134898 0.253277 -0.292538 0.559392 -0.692152 2.338320 -1.829988 1.542635
0.538000 0.420280 0.135457 0.252586 -0.290208 0.557568 -0.690596 2.321893 -1.818378 1.569312
0.539000 0.419991 0.136013 0.251896 -0.287894 0.555755 -0.689013 2.305665 -1.807298 1.595138
0.540000 0.419704 0.136568 0.251208 -0.285596 0.553953 -0.687406 2.289643 -1.796798 1.620210
0.541000 0.419420 0.137121 0.250521 -0.283315 0.552161 -0.685773 2.273767 -1.786805 1.644484
0.542000 0.419138 0.137672 0.249836 -0.281049 0.550379 -0.684117 2.258046 -1.777366 1.668053
0.543000 0.418858 0.138222 0.249153 -0.278798 0.548607 -0.682437 2.242570 -1.768632 1.691114
0.544000 0.418580 0.138770 0.248471 -0.276564 0.546842 -0.680734 2.227391 -1.760596 1.713660
0.545000 0.418305 0.139316 0.247791 -0.274344 0.545085 -0.679010 2.212509 -1.753114 1.735505
0.546000 0.418032 0.139860 0.247113 -0.272139 0.543336 -0.677263 2.197969 -1.746174 1.756637
0.547000 0.417761 0.140402 0.246437 -0.269948 0.541593 -0.675496 2.183844 -1.739911 1.777238
0.548000 0.417492 0.140943 0.245762 -0.267771 0.539856 -0.673709 2.170103 -1.734333 1.797363
0.549000 0.417225 0.141482 0.245089 -0.265608 0.538124 -0.671902 2.156635 -1.729322 1.816923
0.550000 0.416960 0.142019 0.244418 -0.263458 0.536397 -0.670075 2.143403 -1.724889 1.835977
0.551000 0.416698 0.142555 0.243749 -0.261321 0.534675 -0.668230 2.130463 -1.721179 1.854752
0.552000 0.416438 0.143089 0.243082 -0.259197 0.532955 -0.666366 2.117821 -1.718223 1.873353
0.553000 0.416180 0.143621 0.242417 -0.257085 0.531238 -0.664483 2.105425 -1.715929 1.891749
0.554000 0.415924 0.144151 0.241753 -0.254986 0.529523 -0.662582 2.093285 -1.714328 1.910038
0.555000 0.415670 0.144680 0.241091 -0.252899 0.527809 -0.660663 2.081489 -1.713568 1.928419
0.556000 0.415418 0.145207 0.240432 -0.250823 0.526096 -0.658725 2.070089 -1.713674 1.946889
0.557000 0.415168 0.145732 0.239774 -0.248758 0.524382 -0.656769 2.059093 -1.714550 1.965276
0.558000 0.414920 0.146256 0.239118 -0.246705 0.522667 -0.654795 2.048548 -1.716216 1.983574
0.559000 0.414675 0.146777 0.238464 -0.244661 0.520950 -0.652802 2.038523 -1.718803 2.001962
0.560000 0.414431 0.147297 0.237813 -0.242628 0.519229 -0.650791 2.028991 -1.722307 2.020502
0.561000 0.414189 0.147816 0.237163 -0.240603 0.517505 -0.648761 2.019848 -1.726587 2.039114
0.562000 0.413950 0.148332 0.236515 -0.238588 0.515776 -0.646713 2.011061 -1.731637 2.057863
0.563000 0.413712 0.148847 0.235869 -0.236581 0.514042 -0.644645 2.002668 -1.737591 2.076962
0.564000 0.413477 0.149361 0.235226 -0.234583 0.512301 -0.642559 1.994656 -1.744486 2.096494
0.565000 0.413243 0.149872 0.234584 -0.232592 0.510553 -0.640452 1.986937 -1.752215 2.116368
0.566000 0.413011 0.150382 0.233945 -0.230609 0.508797 -0.638326 1.979450 -1.760669 2.136465
0.567000 0.412782 0.150890 0.233308 -0.228633 0.507031 -0.636179 1.972174 -1.769740 2.156617
0.568000 0.412554 0.151396 0.232672 -0.226664 0.505257 -0.634013 1.965115 -1.779314 2.176629
0.569000 0.412328 0.151900 0.232040 -0.224703 0.503473 -0.631826 1.958324 -1.789421 2.196498
0.570000 0.412105 0.152403 0.231409 -0.222748 0.501678 -0.629620 1.951857 -1.800183 2.216392
0.571000 0.411883 0.152903 0.230780 -0.220799 0.499872 -0.627393 1.945669 -1.811578 2.236351
0.572000 0.411663 0.153402 0.230154 -0.218856 0.498055 -0.625147 1.939635 -1.823448 2.256274
0.573000 0.411445 0.153900 0.229530 -0.216920 0.496226 -0.622881 1.933702 -1.835766 2.276204
0.574000 0.411229 0.154395 0.228908 -0.214989 0.494384 -0.620595 1.927909 -1.848662 2.296340
0.575000 0.411015 0.154888 0.228289 -0.213064 0.492528 -0.618288 1.922272 -1.862177 2.316768
0.576000 0.410803 0.155380 0.227672 -0.211144 0.490659 -0.615961 1.916761 -1.876248 2.337447
0.577000 0.410593 0.155870 0.227057 -0.209230 0.488776 -0.613613 1.911394 -1.890920 2.358457
0.578000 0.410385 0.156357 0.226444 -0.207322 0.486877 -0.611244 1.906242 -1.906342 2.379978
0.579000 0.410178 0.156843 0.225834 -0.205418 0.484963 -0.608853 1.901345 -1.922556 2.402014
0.580000 0.409974 0.157327 0.225227 -0.203519 0.483032 -0.606440 1.896699 -1.939490 2.424411
0.581000 0.409771 0.157809 0.224622 -0.201624 0.481084 -0.604004 1.892337 -1.957179 2.447167
0.582000 0.409571 0.158290 0.224019 -0.199734 0.479118 -0.601546 1.888315 -1.975745 2.470444
0.583000 0.409372 0.158768 0.223418 -0.197848 0.477133 -0.599063 1.884613 -1.995169 2.494281
0.584000 0.409175 0.159244 0.222821 -0.195965 0.475128 -0.596557 1.881153 -2.015307 2.518584
0.585000 0.408980 0.159718 0.222225 -0.194086 0.473102 -0.594026 1.877911 -2.036137 2.543394
0.586000 0.408787 0.160190 0.221633 -0.192209 0.471055 -0.591470 1.874911 -2.057786 2.568905
0.587000 0.408596 0.160660 0.221042 -0.190336 0.468986 -0.588889 1.872126 -2.080299 2.595201
0.588000 0.408406 0.161128 0.220455 -0.188465 0.466895 -0.586280 1.869470 -2.103626 2.622245
0.589000 0.408219 0.161594 0.219870 -0.186597 0.464779 -0.583644 1.866914 -2.127811 2.650115
0.590000 0.408033 0.162058 0.219287 -0.184731 0.462639 -0.580980 1.864509 -2.152993 2.678983
0.591000 0.407849 0.162519 0.218708 -0.182868 0.460473 -0.578286 1.862295 -2.179192 2.708850
0.592000 0.407667 0.162978 0.218131 -0.181007 0.458281 -0.575562 1.860280 -2.206311 2.739568
0.593000 0.407487 0.163436 0.217557 -0.179147 0.456061 -0.572807 1.858502 -2.234364 2.771129
0.594000 0.407309 0.163891 0.216985 -0.177290 0.453812 -0.570020 1.857015 -2.263459 2.803675
0.595000 0.407133 0.164343 0.216417 -0.175433 0.451534 -0.567200 1.855804 -2.293578 2.837217
0.596000 0.406958 0.164794 0.215851 -0.173578 0.449225 -0.564345 1.854804 -2.324585 2.871630
0.597000 0.406785 0.165242 0.215288 -0.171724 0.446884 -0.561456 1.853996 -2.356460 2.906926
0.598000 0.406615 0.165687 0.214728 -0.169870 0.444512 -0.558531 1.853403 -2.389312 2.943277
0.599000 0.406446 0.166131 0.214171 -0.168017 0.442106 -0.555570 1.853003 -2.423166 2.980760
0.600000 0.406279 0.166572 0.213617 -0.166164 0.439665 -0.552570 1.852722 -2.457942 3.019340
0.601000 0.406113 0.167010 0.213066 -0.164311 0.437190 -0.549531 1.852539 -2.493662 3.059089
0.602000 0.405950 0.167446 0.212518 -0.162459 0.434678 -0.546452 1.852501 -2.530436 3.100155
0.603000 0.405788 0.167879 0.211973 -0.160606 0.432129 -0.543331 1.852654 -2.568256 3.142509
0.604000 0.405629 0.168310 0.211431 -0.158754 0.429542 -0.540167 1.853007 -2.606972 3.185936
0.605000 0.405471 0.168739 0.210893 -0.156900 0.426915 -0.536959 1.853543 -2.646435 3.230247
0.606000 0.405315 0.169164 0.210357 -0.155046 0.424249 -0.533706 1.854196 -2.686489 3.275292
0.607000 0.405161 0.169587 0.209825 -0.153192 0.421542 -0.530408 1.854874 -2.726979 3.320946
0.608000 0.405009 0.170007 0.209296 -0.151337 0.418795 -0.527064 1.855538 -2.767885 3.367240
0.609000 0.404858 0.170425 0.208771 -0.149481 0.416006 -0.523674 1.856203 -2.809311 3.414332
0.610000 0.404710 0.170839 0.208249 -0.147624 0.413176 -0.520236 1.856853 -2.851278 3.462270
0.611000 0.404563 0.171251 0.207731 -0.145767 0.410304 -0.516749 1.857427 -2.893716 3.510985
0.612000 0.404418 0.171660 0.207216 -0.143909 0.407389 -0.513214 1.857908 -2.936644 3.560515
0.613000 0.404275 0.172066 0.206704 -0.142051 0.404431 -0.509628 1.858336 -2.980175 3.610985
0.614000 0.404134 0.172469 0.206196 -0.140193 0.401428 -0.505992 1.858737 -3.024324 3.662353
0.615000 0.403995 0.172869 0.205692 -0.138334 0.398382 -0.502304 1.859115 -3.069008 3.714435
0.616000 0.403857 0.173265 0.205192 -0.136475 0.395290 -0.498563 1.859491 -3.114232 3.767184
0.617000 0.403722 0.173659 0.204695 -0.134615 0.392153 -0.494769 1.859899 -3.160076 3.820709
0.618000 0.403588 0.174050 0.204202 -0.132755 0.388970 -0.490922 1.860310 -3.206494 3.875027
0.619000 0.403456 0.174437 0.203713 -0.130894 0.385740 -0.487019 1.860652 -3.253321 3.930041
0.620000 0.403326 0.174821 0.203228 -0.129033 0.382464 -0.483061 1.860889 -3.300505 3.985766
0.621000 0.403198 0.175202 0.202747 -0.127172 0.379139 -0.479048 1.861038 -3.348125 4.042326
0.622000 0.403072 0.175580 0.202270 -0.125311 0.375767 -0.474977 1.861085 -3.396193 4.099728
0.623000 0.402948 0.175954 0.201797 -0.123450 0.372347 -0.470848 1.860984 -3.444634 4.157860
0.624000 0.402825 0.176324 0.201328 -0.121589 0.368878 -0.466661 1.860723 -3.493459 4.216717
0.625000 0.402704 0.176691 0.200864 -0.119729 0.365360 -0.462415 1.860339 -3.542753 4.276401
0.626000 0.402586 0.177055 0.200403 -0.117869 0.361793 -0.458108 1.859866 -3.592495 4.336875
0.627000 0.402469 0.177415 0.199948 -0.116009 0.358175 -0.453741 1.859317 -3.642564 4.397976
0.628000 0.402354 0.177771 0.199496 -0.114150 0.354507 -0.449312 1.858720 -3.692927 4.459662
0.629000 0.402240 0.178124 0.199049 -0.112292 0.350789 -0.444822 1.858095 -3.743638 4.522014
0.630000 0.402129 0.178473 0.198606 -0.110434 0.347020 -0.440268 1.857393 -3.794632 4.585005
0.631000 0.402019 0.178818 0.198168 -0.108577 0.343200 -0.435652 1.856520 -3.845740 4.648487
0.632000 0.401912 0.179159 0.197735 -0.106721 0.339329 -0.430971 1.855422 -3.896893 4.712427
0.633000 0.401806 0.179497 0.197306 -0.104866 0.335406 -0.426227 1.854103 -3.948139 4.776911
0.634000 0.401702 0.179830 0.196883 -0.103013 0.331432 -0.421417 1.852553 -3.999449 4.841919
0.635000 0.401600 0.180159 0.196464 -0.101161 0.327407 -0.416543 1.850738 -4.050706 4.907321
0.636000 0.401500 0.180485 0.196050 -0.099311 0.323331 -0.411603 1.848651 -4.101879 4.973085
0.637000 0.401401 0.180806 0.195640 -0.097464 0.319204 -0.406597 1.846331 -4.153032 5.039270
0.638000 0.401305 0.181123 0.195236 -0.095619 0.315025 -0.401524 1.843814 -4.204148 5.105786
0.639000 0.401210 0.181436 0.194837 -0.093776 0.310795 -0.396385 1.841127 -4.255128 5.172418
0.640000 0.401117 0.181745 0.194444 -0.091936 0.306515 -0.391179 1.838303 -4.305948 5.239066
0.641000 0.401026 0.182049 0.194055 -0.090099 0.302183 -0.385907 1.835361 -4.356631 5.305769
0.642000 0.400937 0.182349 0.193672 -0.088266 0.297801 -0.380568 1.832258 -4.407073 5.372466
0.643000 0.400850 0.182645 0.193294 -0.086435 0.293369 -0.375162 1.828906 -4.457036 5.438961
0.644000 0.400764 0.182936 0.192921 -0.084608 0.288887 -0.369690 1.825233 -4.506314 5.505062
0.645000 0.400680 0.183223 0.192554 -0.082784 0.284357 -0.364152 1.821193 -4.554758 5.570586
0.646000 0.400599 0.183505 0.192193 -0.080965 0.279778 -0.358549 1.816758 -4.602248 5.635353
0.647000 0.400519 0.183782 0.191837 -0.079151 0.275152 -0.352881 1.811928 -4.648756 5.699305
0.648000 0.400440 0.184055 0.191487 -0.077341 0.270480 -0.347150 1.806718 -4.694320 5.762462
0.649000 0.400364 0.184323 0.191143 -0.075537 0.265763 -0.341356 1.801123 -4.738880 5.824706
0.650000 0.400289 0.184587 0.190805 -0.073739 0.261003 -0.335501 1.795116 -4.782290 5.885794
0.651000 0.400216 0.184845 0.190472 -0.071947 0.256199 -0.329585 1.788686 -4.824475 5.945597
0.652000 0.400145 0.185099 0.190145 -0.070162 0.251354 -0.323610 1.781832 -4.865424 6.004113
0.653000 0.400076 0.185348 0.189825 -0.068384 0.246468 -0.317577 1.774518 -4.905006 6.061249
0.654000 0.400009 0.185592 0.189510 -0.066613 0.241544 -0.311487 1.766674 -4.942988 6.116808
0.655000 0.399943 0.185831 0.189202 -0.064850 0.236582 -0.305343 1.758260 -4.979235 6.170687
0.656000 0.399879 0.186065 0.188900 -0.063096 0.231585 -0.299146 1.749279 -5.013733 6.222882
0.657000 0.399817 0.186294 0.188604 -0.061352 0.226555 -0.292897 1.739737 -5.046433 6.273280
0.658000 0.399756 0.186518 0.188314 -0.059617 0.221492 -0.286599 1.729625 -5.077218 6.321659
0.659000 0.399697 0.186737 0.188030 -0.057892 0.216400 -0.280254 1.718948 -5.106032 6.367892
0.660000 0.399640 0.186951 0.187753 -0.056179 0.211280 -0.273863 1.707723 -5.132874 6.411939
0.661000 0.399585 0.187160 0.187483 -0.054477 0.206134 -0.267430 1.695951 -5.157656 6.453636
0.662000 0.399531 0.187363 0.187218 -0.052787 0.200965 -0.260956 1.683618 -5.180206 6.492704
0.663000 0.399479 0.187562 0.186961 -0.051110 0.195774 -0.254445 1.670721 -5.200422 6.528967
0.664000 0.399429 0.187755 0.186710 -0.049446 0.190564 -0.247898 1.657258 -5.218252 6.562359
0.665000 0.399381 0.187943 0.186465 -0.047795 0.185338 -0.241320 1.643200 -5.233533 6.592715
0.666000 0.399334 0.188125 0.186227 -0.046159 0.180097 -0.234713 1.628491 -5.246007 6.619764
0.667000 0.399288 0.188303 0.185996 -0.044538 0.174845 -0.228080 1.613097 -5.255504 6.643332
0.668000 0.399245 0.188475 0.185771 -0.042933 0.169586 -0.221426 1.597011 -5.261974 6.663347
0.669000 0.399202 0.188642 0.185553 -0.041344 0.164322 -0.214754 1.580221 -5.265333 6.679648
0.670000 0.399162 0.188804 0.185341 -0.039773 0.159055 -0.208067 1.562699 -5.265437 6.691970
0.671000 0.399123 0.188960 0.185137 -0.038219 0.153791 -0.201370 1.544432 -5.262200 6.700137
0.672000 0.399085 0.189111 0.184939 -0.036684 0.148531 -0.194667 1.525428 -5.255591 6.704054
0.673000 0.399050 0.189257 0.184747 -0.035168 0.143279 -0.187962 1.505694 -5.245511 6.703507
0.674000 0.399015 0.189398 0.184563 -0.033672 0.138040 -0.181260 1.485231 -5.231798 6.698172
0.675000 0.398982 0.189533 0.184385 -0.032197 0.132816 -0.174565 1.464043 -5.214338 6.687823
0.676000 0.398951 0.189664 0.184213 -0.030744 0.127611 -0.167884 1.442133 -5.193050 6.672337
0.677000 0.398921 0.189789 0.184049 -0.029313 0.122430 -0.161221 1.419477 -5.167738 6.651499
0.678000 0.398892 0.189908 0.183891 -0.027905 0.117276 -0.154581 1.396038 -5.138118 6.624995
0.679000 0.398865 0.190023 0.183740 -0.026521 0.112154 -0.147971 1.371791 -5.103986 6.592598
0.680000 0.398839 0.190133 0.183595 -0.025162 0.107068 -0.141396 1.346732 -5.065250 6.554181
0.681000 0.398815 0.190237 0.183457 -0.023828 0.102023 -0.134862 1.320856 -5.021794 6.509530
0.682000 0.398791 0.190337 0.183325 -0.022520 0.097024 -0.128377 1.294153 -4.973431 6.458315
0.683000 0.398769 0.190431 0.183200 -0.021239 0.092076 -0.121946 1.266608 -4.919963 6.400188
0.684000 0.398749 0.190521 0.183081 -0.019987 0.087184 -0.115576 1.238208 -4.861170 6.334782
0.685000 0.398730 0.190606 0.182969 -0.018763 0.082354 -0.109276 1.208937 -4.796822 6.261716
0.686000 0.398711 0.190686 0.182863 -0.017569 0.077591 -0.103053 1.178787 -4.726751 6.180718
0.687000 0.398694 0.190761 0.182763 -0.016405 0.072900 -0.096915 1.147756 -4.650833 6.091606
0.688000 0.398679 0.190831 0.182669 -0.015273 0.068289 -0.090870 1.115832 -4.568844 5.994097
0.689000 0.398664 0.190897 0.182581 -0.014174 0.063763 -0.084926 1.082997 -4.480479 5.887806
0.690000 0.398650 0.190959 0.182499 -0.013107 0.059328 -0.079094 1.049239 -4.385511 5.772441
0.691000 0.398638 0.191016 0.182423 -0.012075 0.054992 -0.073382 1.014549 -4.283817 5.647818
0.692000 0.398626 0.191069 0.182352 -0.011078 0.050760 -0.067798 0.978913 -4.175254 5.513682
0.693000 0.398615 0.191118 0.182287 -0.010117 0.046641 -0.062354 0.942309 -4.059636 5.369693
0.694000 0.398606 0.191162 0.182228 -0.009194 0.042641 -0.057059 0.904720 -3.936820 5.215586
0.695000 0.398597 0.191203 0.182173 -0.008308 0.038767 -0.051923 0.866147 -3.806695 5.051167
0.696000 0.398589 0.191240 0.182124 -0.007461 0.035028 -0.046957 0.826595 -3.669086 4.876135
0.697000 0.398582 0.191273 0.182079 -0.006655 0.031429 -0.042171 0.786073 -3.523756 4.690097
0.698000 0.398576 0.191303 0.182040 -0.005889 0.027980 -0.037576 0.744586 -3.370518 4.492745
0.699000 0.398570 0.191329 0.182004 -0.005166 0.024688 -0.033185 0.702130 -3.209216 4.283863
0.700000 0.398566 0.191352 0.181973 -0.004485 0.021562 -0.029009 0.658685 -3.039609 4.063158
0.701000 0.398561 0.191372 0.181946 -0.003848 0.018609 -0.025059 0.614221 -2.861378 3.830251
0.702000 0.398558 0.191389 0.181923 -0.003257 0.015839 -0.021348 0.568718 -2.674278 3.584843
0.703000 0.398555 0.191404 0.181904 -0.002711 0.013261 -0.017889 0.522169 -2.478164 3.326712
0.704000 0.398552 0.191416 0.181887 -0.002212 0.010883 -0.014695 0.474575 -2.272879 3.055550
0.705000 0.398550 0.191425 0.181874 -0.001762 0.008715 -0.011778 0.425939 -2.058231 2.770967
0.706000 0.398549 0.191433 0.181864 -0.001360 0.006766 -0.009153 0.200680 -0.974271 1.312636
0.707000 0.398548 0.191439 0.181856 -0.001360 0.006766 -0.009153 0.200680 -0.974271 1.312636
