0.000000 0.670989 -0.191522 0.136062 0.018301 -0.020194 -0.001575 0.102571 -0.115370 0.925472
0.001000 0.671007 -0.191542 0.136060 0.018301 -0.020194 -0.001575 0.102571 -0.115370 0.925472
0.002000 0.671026 -0.191562 0.136059 0.018506 -0.020424 0.000276 0.200463 -0.225674 1.893121
0.003000 0.671044 -0.191583 0.136060 0.018702 -0.020645 0.002211 0.190793 -0.215201 1.978466
0.004000 0.671063 -0.191604 0.136064 0.018888 -0.020855 0.004233 0.180491 -0.204035 2.065810
0.005000 0.671082 -0.191625 0.136069 0.019063 -0.021053 0.006343 0.169539 -0.192156 2.155184
0.006000 0.671101 -0.191646 0.136076 0.019227 -0.021239 0.008543 0.157919 -0.179545 2.246605
0.007000 0.671121 -0.191667 0.136086 0.019379 -0.021412 0.010836 0.145611 -0.166191 2.340056
0.008000 0.671140 -0.191689 0.136098 0.019518 -0.021571 0.013224 0.132596 -0.152100 2.435477
0.009000 0.671160 -0.191710 0.136112 0.019644 -0.021716 0.015707 0.118857 -0.137283 2.532790
0.010000 0.671179 -0.191732 0.136129 0.019756 -0.021846 0.018289 0.104374 -0.121735 2.631928
0.011000 0.671199 -0.191754 0.136149 0.019853 -0.021960 0.020971 0.089127 -0.105418 2.732856
0.012000 0.671219 -0.191776 0.136171 0.019934 -0.022057 0.023755 0.073098 -0.088278 2.835550
0.013000 0.671239 -0.191798 0.136197 0.019999 -0.022136 0.026642 0.056268 -0.070272 2.939989
0.014000 0.671259 -0.191820 0.136225 0.020047 -0.022197 0.029635 0.038629 -0.051377 3.046149
0.015000 0.671279 -0.191843 0.136256 0.020076 -0.022239 0.032734 0.020187 -0.031595 3.154000
0.016000 0.671299 -0.191865 0.136290 0.020087 -0.022261 0.035943 0.000956 -0.010939 3.263514
0.017000 0.671319 -0.191887 0.136328 0.020078 -0.022261 0.039262 -0.019059 0.010587 3.374655
0.018000 0.671339 -0.191909 0.136369 0.020049 -0.022239 0.042692 -0.039865 0.032995 3.487376
0.019000 0.671359 -0.191932 0.136413 0.019998 -0.022195 0.046236 -0.061481 0.056305 3.601612
0.020000 0.671379 -0.191954 0.136461 0.019926 -0.022127 0.049895 -0.083927 0.080538 3.717286
0.021000 0.671399 -0.191976 0.136513 0.019831 -0.022034 0.053671 -0.107222 0.105716 3.834337
0.022000 0.671419 -0.191998 0.136568 0.019711 -0.021915 0.057564 -0.131385 0.131860 3.952729
0.023000 0.671439 -0.192020 0.136628 0.019568 -0.021770 0.061576 -0.156436 0.158991 4.072440
0.024000 0.671458 -0.192041 0.136692 0.019399 -0.021597 0.065709 -0.182394 0.187131 4.193440
0.025000 0.671477 -0.192063 0.136759 0.019203 -0.021396 0.069963 -0.209277 0.216288 4.315687
0.026000 0.671497 -0.192084 0.136832 0.018980 -0.021165 0.074340 -0.237104 0.246460 4.439142
0.027000 0.671515 -0.192105 0.136908 0.018729 -0.020903 0.078841 -0.265895 0.277632 4.563768
0.028000 0.671534 -0.192126 0.136989 0.018448 -0.020610 0.083468 -0.295667 0.309800 4.689514
0.029000 0.671552 -0.192146 0.137075 0.018137 -0.020283 0.088220 -0.326438 0.342974 4.816301
0.030000 0.671570 -0.192167 0.137166 0.017795 -0.019924 0.093100 -0.358227 0.377173 4.944022
0.031000 0.671588 -0.192186 0.137261 0.017421 -0.019529 0.098109 -0.391051 0.412415 5.072557
0.032000 0.671605 -0.192206 0.137362 0.017013 -0.019099 0.103246 -0.424926 0.448720 5.201795
0.033000 0.671622 -0.192224 0.137468 0.016571 -0.018632 0.108512 -0.459870 0.486107 5.331656
0.034000 0.671638 -0.192243 0.137579 0.016094 -0.018127 0.113909 -0.495899 0.524594 5.462068
0.035000 0.671654 -0.192261 0.137696 0.015579 -0.017582 0.119436 -0.533030 0.564198 5.592948
0.036000 0.671669 -0.192278 0.137818 0.015027 -0.016998 0.125095 -0.571276 0.604925 5.724205
0.037000 0.671684 -0.192295 0.137946 0.014437 -0.016373 0.130885 -0.610654 0.646767 5.855746
0.038000 0.671698 -0.192311 0.138080 0.013806 -0.015705 0.136806 -0.651177 0.689706 5.987480
0.039000 0.671712 -0.192326 0.138219 0.013134 -0.014993 0.142860 -0.692858 0.733730 6.119305
0.040000 0.671725 -0.192341 0.138365 0.012420 -0.014237 0.149045 -0.735700 0.778834 6.251117
0.041000 0.671737 -0.192355 0.138517 0.011663 -0.013435 0.155362 -0.779689 0.825004 6.382826
0.042000 0.671748 -0.192368 0.138676 0.010861 -0.012587 0.161810 -0.824803 0.872220 6.514350
0.043000 0.671758 -0.192380 0.138841 0.010013 -0.011691 0.168391 -0.871027 0.920471 6.645592
0.044000 0.671768 -0.192391 0.139013 0.009119 -0.010746 0.175102 -0.918361 0.969769 6.776441
0.045000 0.671777 -0.192401 0.139191 0.008177 -0.009752 0.181943 -0.966813 1.020148 6.906810
0.046000 0.671784 -0.192410 0.139377 0.007185 -0.008706 0.188915 -1.016390 1.071651 7.036632
0.047000 0.671791 -0.192419 0.139569 0.006144 -0.007608 0.196017 -1.067089 1.124301 7.165834
0.048000 0.671797 -0.192426 0.139769 0.005051 -0.006457 0.203247 -1.118890 1.178093 7.294334
0.049000 0.671801 -0.192432 0.139976 0.003906 -0.005252 0.210605 -1.171767 1.232999 7.422046
0.050000 0.671804 -0.192436 0.140190 0.002708 -0.003991 0.218091 -1.225695 1.288999 7.548852
0.051000 0.671806 -0.192440 0.140412 0.001455 -0.002674 0.225703 -1.280658 1.346076 7.674626
0.052000 0.671807 -0.192442 0.140641 0.000146 -0.001299 0.233440 -1.336630 1.404207 7.799284
0.053000 0.671807 -0.192442 0.140879 -0.001218 0.000134 0.241302 -1.393578 1.463360 7.922771
0.054000 0.671805 -0.192441 0.141124 -0.002641 0.001628 0.249286 -1.451477 1.523510 8.044991
0.055000 0.671801 -0.192439 0.141377 -0.004121 0.003181 0.257392 -1.510313 1.584646 8.165796
0.056000 0.671797 -0.192435 0.141639 -0.005661 0.004797 0.265617 -1.570082 1.646764 8.285050
0.057000 0.671790 -0.192429 0.141908 -0.007262 0.006475 0.273962 -1.630777 1.709858 8.402641
0.058000 0.671782 -0.192422 0.142187 -0.008923 0.008217 0.282423 -1.692383 1.773913 8.518448
0.059000 0.671772 -0.192413 0.142473 -0.010646 0.010023 0.290999 -1.754865 1.838895 8.632342
0.060000 0.671761 -0.192402 0.142769 -0.012433 0.011894 0.299687 -1.818180 1.904762 8.744188
0.061000 0.671747 -0.192389 0.143073 -0.014283 0.013832 0.308487 -1.882290 1.971478 8.853815
0.062000 0.671732 -0.192374 0.143386 -0.016197 0.015837 0.317395 -1.947161 2.039019 8.961059
0.063000 0.671715 -0.192357 0.143707 -0.018177 0.017910 0.326409 -2.012752 2.107370 9.065852
0.064000 0.671696 -0.192338 0.144038 -0.020223 0.020052 0.335527 -2.079011 2.176513 9.168186
0.065000 0.671675 -0.192317 0.144378 -0.022335 0.022263 0.344745 -2.145893 2.246432 9.267981
0.066000 0.671651 -0.192294 0.144728 -0.024515 0.024545 0.354063 -2.213356 2.317104 9.365079
0.067000 0.671626 -0.192268 0.145087 -0.026762 0.026898 0.363476 -2.281349 2.388507 9.459360
0.068000 0.671598 -0.192240 0.145455 -0.029077 0.029322 0.372981 -2.349815 2.460615 9.550744
0.069000 0.671567 -0.192210 0.145833 -0.031461 0.031819 0.382577 -2.418699 2.533403 9.639091
0.070000 0.671535 -0.192176 0.146220 -0.033915 0.034389 0.392260 -2.487949 2.606839 9.724183
0.071000 0.671500 -0.192141 0.146617 -0.036437 0.037032 0.402025 -2.557509 2.680891 9.805836
0.072000 0.671462 -0.192102 0.147024 -0.039030 0.039751 0.411871 -2.627309 2.755525 9.883925
0.073000 0.671421 -0.192061 0.147441 -0.041692 0.042544 0.421793 -2.697287 2.830703 9.958386
0.074000 0.671378 -0.192017 0.147868 -0.044424 0.045412 0.431788 -2.767394 2.906384 10.029266
0.075000 0.671333 -0.191970 0.148304 -0.047227 0.048356 0.441852 -2.837586 2.982527 10.096671
0.076000 0.671284 -0.191921 0.148751 -0.050099 0.051377 0.451981 -2.907819 3.059085 10.160579
0.077000 0.671232 -0.191868 0.149208 -0.053042 0.054474 0.462173 -2.978044 3.136010 10.220841
0.078000 0.671178 -0.191812 0.149676 -0.056055 0.057649 0.472423 -3.048212 3.213250 10.277367
0.079000 0.671120 -0.191752 0.150153 -0.059139 0.060901 0.482728 -3.118270 3.290750 10.330145
0.080000 0.671060 -0.191690 0.150641 -0.062292 0.064231 0.493083 -3.188162 3.368455 10.379060
0.081000 0.670996 -0.191624 0.151139 -0.065515 0.067638 0.503486 -3.257827 3.446313 10.423892
0.082000 0.670929 -0.191555 0.151648 -0.068808 0.071123 0.513931 -3.327204 3.524286 10.464485
0.083000 0.670858 -0.191482 0.152167 -0.072170 0.074686 0.524415 -3.396230 3.602342 10.500783
0.084000 0.670784 -0.191405 0.152697 -0.075600 0.078328 0.534933 -3.464844 3.680446 10.532791
0.085000 0.670707 -0.191325 0.153237 -0.079099 0.082047 0.545480 -3.533002 3.758558 10.560626
0.086000 0.670626 -0.191241 0.153788 -0.082666 0.085845 0.556054 -3.600661 3.836636 10.584460
0.087000 0.670542 -0.191153 0.154349 -0.086301 0.089721 0.566649 -3.667771 3.914626 10.604296
0.088000 0.670453 -0.191062 0.154921 -0.090002 0.093674 0.577263 -3.734281 3.992461 10.619964
0.089000 0.670362 -0.190966 0.155504 -0.093769 0.097706 0.587889 -3.800156 4.070080 10.631374
0.090000 0.670266 -0.190866 0.156097 -0.097602 0.101814 0.598525 -3.865377 4.147424 10.638537
0.091000 0.670166 -0.190762 0.156701 -0.101500 0.106000 0.609166 -3.929902 4.224426 10.641334
0.092000 0.670063 -0.190654 0.157315 -0.105462 0.110263 0.619808 -3.993666 4.301026 10.639515
0.093000 0.669955 -0.190542 0.157940 -0.109487 0.114602 0.630445 -4.056595 4.377196 10.632917
0.094000 0.669844 -0.190425 0.158576 -0.113575 0.119018 0.641074 -4.118619 4.452929 10.621474
0.095000 0.669728 -0.190304 0.159223 -0.117724 0.123508 0.651688 -4.179661 4.528195 10.605022
0.096000 0.669609 -0.190178 0.159880 -0.121934 0.128074 0.662284 -4.239647 4.602945 10.583368
0.097000 0.669484 -0.190048 0.160547 -0.126204 0.132714 0.672855 -4.298539 4.677166 10.556589
0.098000 0.669356 -0.189913 0.161225 -0.130531 0.137428 0.683397 -4.356323 4.750869 10.524991
0.099000 0.669223 -0.189773 0.161914 -0.134916 0.142216 0.693905 -4.412982 4.824044 10.488846
0.100000 0.669086 -0.189628 0.162613 -0.139357 0.147076 0.704375 -4.468493 4.896648 10.448372
0.101000 0.668945 -0.189479 0.163323 -0.143853 0.152009 0.714802 -4.522830 4.968613 10.403747
0.102000 0.668799 -0.189324 0.164043 -0.148403 0.157014 0.725182 -4.575938 5.039855 10.354931
0.103000 0.668648 -0.189165 0.164773 -0.153005 0.162089 0.735512 -4.627745 5.110294 10.301690
0.104000 0.668493 -0.189000 0.165514 -0.157659 0.167234 0.745786 -4.678212 5.179906 10.243914
0.105000 0.668333 -0.188830 0.166265 -0.162362 0.172449 0.755999 -4.727324 5.248699 10.181630
0.106000 0.668168 -0.188655 0.167026 -0.167113 0.177732 0.766149 -4.775036 5.316646 10.114722
0.107000 0.667998 -0.188475 0.167797 -0.171912 0.183082 0.776229 -4.821290 5.383688 10.042998
0.108000 0.667824 -0.188289 0.168578 -0.176756 0.188499 0.786235 -4.866080 5.449811 9.966561
0.109000 0.667645 -0.188098 0.169369 -0.181644 0.193982 0.796162 -4.909452 5.515044 9.885783
0.110000 0.667461 -0.187901 0.170170 -0.186575 0.199529 0.806006 -4.951443 5.579395 9.800996
0.111000 0.667272 -0.187699 0.170981 -0.191547 0.205140 0.815764 -4.992090 5.642834 9.712460
0.112000 0.667078 -0.187491 0.171802 -0.196559 0.210815 0.825431 -5.031422 5.705312 9.620389
0.113000 0.666879 -0.187277 0.172632 -0.201610 0.216551 0.835005 -5.069413 5.766740 9.524742
0.114000 0.666674 -0.187058 0.173472 -0.206698 0.222348 0.844481 -5.105992 5.827034 9.425261
0.115000 0.666465 -0.186832 0.174321 -0.211822 0.228205 0.853855 -5.141122 5.886190 9.321839
0.116000 0.666251 -0.186601 0.175180 -0.216980 0.234121 0.863125 -5.174805 5.944260 9.214530
0.117000 0.666031 -0.186364 0.176047 -0.222171 0.240094 0.872284 -5.206997 6.001237 9.103223
0.118000 0.665806 -0.186121 0.176924 -0.227394 0.246123 0.881331 -5.237628 6.057053 8.987705
0.119000 0.665576 -0.185872 0.177810 -0.232646 0.252208 0.890260 -5.266693 6.111688 8.868083
0.120000 0.665341 -0.185617 0.178705 -0.237927 0.258346 0.899067 -5.294252 6.165184 8.744774
0.121000 0.665101 -0.185355 0.179608 -0.243235 0.264538 0.907749 -5.320363 6.217566 8.618161
0.122000 0.664855 -0.185087 0.180520 -0.248568 0.270782 0.916303 -5.345075 6.268841 8.488571
0.123000 0.664603 -0.184814 0.181441 -0.253925 0.277076 0.924727 -5.368437 6.318998 8.356299
0.124000 0.664347 -0.184533 0.182370 -0.259305 0.283420 0.933016 -5.390418 6.367968 8.221342
0.125000 0.664085 -0.184247 0.183307 -0.264706 0.289812 0.941169 -5.410934 6.415662 8.083447
0.126000 0.663817 -0.183954 0.184252 -0.270127 0.296251 0.949183 -5.429947 6.462091 7.942547
0.127000 0.663545 -0.183654 0.185205 -0.275566 0.302736 0.957054 -5.447485 6.507362 7.798845
0.128000 0.663266 -0.183348 0.186166 -0.281022 0.309266 0.964781 -5.463600 6.551565 7.652620
0.129000 0.662983 -0.183036 0.187135 -0.286493 0.315839 0.972360 -5.478381 6.594770 7.504297
0.130000 0.662693 -0.182717 0.188111 -0.291978 0.322455 0.979789 -5.491941 6.637029 7.354380
0.131000 0.662399 -0.182391 0.189094 -0.297477 0.329113 0.987068 -5.504293 6.678302 7.203021
0.132000 0.662098 -0.182058 0.190085 -0.302987 0.335812 0.994195 -5.515366 6.718466 7.050038
0.133000 0.661793 -0.181719 0.191083 -0.308508 0.342550 1.001168 -5.525140 6.757442 6.895428
0.134000 0.661481 -0.181373 0.192087 -0.314037 0.349327 1.007986 -5.533657 6.795207 6.739407
0.135000 0.661165 -0.181021 0.193099 -0.319575 0.356140 1.014647 -5.540888 6.831677 6.581948
0.136000 0.660842 -0.180661 0.194117 -0.325119 0.362990 1.021150 -5.546739 6.866742 6.422768
0.137000 0.660514 -0.180295 0.195141 -0.330668 0.369874 1.027493 -5.551192 6.900425 6.261802
0.138000 0.660181 -0.179921 0.196172 -0.336222 0.376791 1.033674 -5.554302 6.932844 6.099208
0.139000 0.659842 -0.179541 0.197208 -0.341777 0.383740 1.039691 -5.556045 6.964016 5.934919
0.140000 0.659497 -0.179154 0.198251 -0.347334 0.390719 1.045543 -5.556337 6.993856 5.768700
0.141000 0.659147 -0.178760 0.199300 -0.352890 0.397727 1.051229 -5.555192 7.022368 5.600664
0.142000 0.658791 -0.178358 0.200354 -0.358444 0.404764 1.056745 -5.552732 7.049663 5.431282
0.143000 0.658430 -0.177950 0.201413 -0.363995 0.411827 1.062091 -5.549075 7.075829 5.260984
0.144000 0.658063 -0.177535 0.202478 -0.369542 0.418915 1.067267 -5.544333 7.100917 5.090135
0.145000 0.657691 -0.177112 0.203548 -0.375084 0.426028 1.072271 -5.538613 7.124955 4.919060
0.146000 0.657313 -0.176683 0.204622 -0.380619 0.433165 1.077105 -5.531907 7.147865 4.747748
0.147000 0.656930 -0.176246 0.205702 -0.386148 0.440324 1.081767 -5.524123 7.169524 4.575905
0.148000 0.656541 -0.175802 0.206786 -0.391668 0.447504 1.086257 -5.515266 7.189962 4.403462
0.149000 0.656147 -0.175351 0.207874 -0.397178 0.454704 1.090574 -5.505432 7.209322 4.230587
0.150000 0.655747 -0.174893 0.208967 -0.402678 0.461923 1.094718 -5.494619 7.227625 4.057212
0.151000 0.655341 -0.174427 0.210064 -0.408167 0.469159 1.098688 -5.482721 7.244762 3.883088
0.152000 0.654930 -0.173954 0.211164 -0.413644 0.476412 1.102484 -5.469724 7.260716 3.708329
0.153000 0.654514 -0.173474 0.212269 -0.419107 0.483681 1.106105 -5.455704 7.275569 3.533358
0.154000 0.654092 -0.172987 0.213377 -0.424555 0.490964 1.109551 -5.440637 7.289286 3.358288
0.155000 0.653665 -0.172492 0.214488 -0.429988 0.498259 1.112821 -5.424409 7.301697 3.182884
0.156000 0.653232 -0.171990 0.215602 -0.435404 0.505567 1.115917 -5.407009 7.312706 3.007134
0.157000 0.652794 -0.171481 0.216720 -0.440802 0.512885 1.118836 -5.388552 7.322330 2.831341
0.158000 0.652351 -0.170965 0.217840 -0.446181 0.520212 1.121579 -5.369157 7.330625 2.655799
0.159000 0.651902 -0.170441 0.218963 -0.451540 0.527546 1.124147 -5.348952 7.337715 2.480783
0.160000 0.651447 -0.169909 0.220088 -0.456879 0.534887 1.126541 -5.328070 7.343758 2.306556
0.161000 0.650988 -0.169371 0.221216 -0.462197 0.542234 1.128760 -5.306505 7.348753 2.133064
0.162000 0.650523 -0.168825 0.222346 -0.467492 0.549585 1.130807 -5.284146 7.352564 1.960034
0.163000 0.650053 -0.168272 0.223477 -0.472765 0.556939 1.132680 -5.260999 7.355175 1.787526
0.164000 0.649578 -0.167711 0.224611 -0.478014 0.564295 1.134382 -5.237186 7.356693 1.615900
0.165000 0.649097 -0.167143 0.225746 -0.483239 0.571652 1.135912 -5.212704 7.357084 1.445210
0.166000 0.648611 -0.166568 0.226883 -0.488440 0.579009 1.137272 -5.187434 7.356163 1.275178
0.167000 0.648120 -0.165985 0.228021 -0.493614 0.586364 1.138463 -5.161362 7.353834 1.105738
0.168000 0.647624 -0.165395 0.229160 -0.498762 0.593717 1.139484 -5.134589 7.350108 0.937072
0.169000 0.647123 -0.164798 0.230300 -0.503883 0.601065 1.140337 -5.107095 7.344881 0.769105
0.170000 0.646616 -0.164193 0.231440 -0.508976 0.608407 1.141022 -5.078748 7.337979 0.601512
0.171000 0.646105 -0.163581 0.232582 -0.514041 0.615741 1.141540 -5.049543 7.329429 0.434240
0.172000 0.645588 -0.162961 0.233724 -0.519076 0.623065 1.141891 -5.019623 7.319454 0.267573
0.173000 0.645066 -0.162335 0.234866 -0.524080 0.630380 1.142075 -4.989127 7.308272 0.101811
0.174000 0.644540 -0.161701 0.236008 -0.529054 0.637682 1.142094 -4.958190 7.296093 -0.062716
0.175000 0.644008 -0.161059 0.237150 -0.533996 0.644972 1.141950 -4.926941 7.283120 -0.225661
0.176000 0.643472 -0.160411 0.238292 -0.538908 0.652248 1.141643 -4.895355 7.269347 -0.387026
0.177000 0.642930 -0.159755 0.239433 -0.543787 0.659510 1.141175 -4.863284 7.254571 -0.547107
0.178000 0.642384 -0.159092 0.240574 -0.548634 0.666757 1.140549 -4.830717 7.238675 -0.705953
0.179000 0.641833 -0.158421 0.241714 -0.553449 0.673988 1.139764 -4.797767 7.221659 -0.863350
0.180000 0.641277 -0.157744 0.242853 -0.558230 0.681201 1.138822 -4.764416 7.203399 -1.019350
0.181000 0.640717 -0.157059 0.243992 -0.562977 0.688395 1.137725 -4.730518 7.183692 -1.174278
0.182000 0.640151 -0.156367 0.245129 -0.567691 0.695568 1.136473 -4.696071 7.162567 -1.328207
0.183000 0.639581 -0.155668 0.246265 -0.572370 0.702720 1.135068 -4.661237 7.140274 -1.480887
0.184000 0.639007 -0.154962 0.247399 -0.577013 0.709849 1.133512 -4.626175 7.117040 -1.632047
0.185000 0.638427 -0.154248 0.248532 -0.581622 0.716954 1.131804 -4.591038 7.093053 -1.781385
0.186000 0.637843 -0.153528 0.249663 -0.586195 0.724035 1.129949 -4.555976 7.068479 -1.928580
0.187000 0.637255 -0.152800 0.250792 -0.590734 0.731091 1.127947 -4.520964 7.043264 -2.073652
0.188000 0.636662 -0.152065 0.251919 -0.595237 0.738121 1.125802 -4.485835 7.017168 -2.216916
0.189000 0.636064 -0.151324 0.253043 -0.599706 0.745125 1.123513 -4.450557 6.990078 -2.358458
0.190000 0.635463 -0.150575 0.254166 -0.604138 0.752101 1.121085 -4.415226 6.962018 -2.498117
0.191000 0.634856 -0.149820 0.255285 -0.608536 0.759049 1.118517 -4.379803 6.932869 -2.635980
0.192000 0.634245 -0.149057 0.256403 -0.612898 0.765967 1.115813 -4.344114 6.902414 -2.772383
0.193000 0.633630 -0.148288 0.257517 -0.617224 0.772854 1.112972 -4.308133 6.870687 -2.907410
0.194000 0.633011 -0.147511 0.258629 -0.621514 0.779708 1.109998 -4.271976 6.837924 -3.040887
0.195000 0.632387 -0.146728 0.259737 -0.625768 0.786530 1.106891 -4.235609 6.804156 -3.172891
0.196000 0.631759 -0.145938 0.260842 -0.629986 0.793317 1.103652 -4.198853 6.769200 -3.303737
0.197000 0.631127 -0.145142 0.261944 -0.634166 0.800068 1.100283 -4.161668 6.733050 -3.433470
0.198000 0.630491 -0.144338 0.263043 -0.638309 0.806783 1.096785 -4.124189 6.695923 -3.561813
0.199000 0.629851 -0.143528 0.264138 -0.642414 0.813460 1.093159 -4.086554 6.657994 -3.688511
0.200000 0.629206 -0.142711 0.265229 -0.646482 0.820099 1.089408 -4.048916 6.619371 -3.813351
0.201000 0.628558 -0.141888 0.266317 -0.650512 0.826699 1.085533 -4.011429 6.580121 -3.936143
0.202000 0.627905 -0.141058 0.267400 -0.654505 0.833259 1.081536 -3.974060 6.540109 -4.056993
0.203000 0.627249 -0.140221 0.268480 -0.658460 0.839779 1.077419 -3.936621 6.499095 -4.176244
0.204000 0.626588 -0.139378 0.269555 -0.662378 0.846257 1.073183 -3.899071 6.457122 -4.293997
0.205000 0.625924 -0.138529 0.270626 -0.666258 0.852693 1.068831 -3.861515 6.414455 -4.410108
0.206000 0.625256 -0.137673 0.271693 -0.670101 0.859086 1.064363 -3.823903 6.371133 -4.524668
0.207000 0.624584 -0.136811 0.272755 -0.673906 0.865435 1.059781 -3.786033 6.326943 -4.637993
0.208000 0.623908 -0.135942 0.273812 -0.677673 0.871740 1.055087 -3.747848 6.281839 -4.750140
0.209000 0.623229 -0.135067 0.274865 -0.681402 0.877999 1.050281 -3.709478 6.236003 -4.860858
0.210000 0.622545 -0.134186 0.275913 -0.685092 0.884212 1.045365 -3.671054 6.189589 -4.969909
0.211000 0.621858 -0.133299 0.276956 -0.688744 0.890378 1.040341 -3.632723 6.142697 -5.077080
0.212000 0.621168 -0.132405 0.277994 -0.692358 0.896497 1.035211 -3.594634 6.095394 -5.182169
0.213000 0.620474 -0.131506 0.279026 -0.695933 0.902569 1.029977 -3.556741 6.047531 -5.285267
0.214000 0.619776 -0.130600 0.280054 -0.699471 0.908593 1.024641 -3.518846 5.998844 -5.386694
0.215000 0.619075 -0.129689 0.281075 -0.702971 0.914567 1.019204 -3.480922 5.949362 -5.486554
0.216000 0.618370 -0.128771 0.282092 -0.706433 0.920491 1.013668 -3.443100 5.899350 -5.584721
0.217000 0.617662 -0.127848 0.283103 -0.709857 0.926365 1.008034 -3.405344 5.848837 -5.681284
0.218000 0.616950 -0.126918 0.284108 -0.713244 0.932189 1.002305 -3.367445 5.797596 -5.776547
0.219000 0.616235 -0.125983 0.285107 -0.716592 0.937961 0.996481 -3.329335 5.745595 -5.870566
0.220000 0.615517 -0.125042 0.286101 -0.719902 0.943680 0.990564 -3.291100 5.693010 -5.963159
0.221000 0.614796 -0.124096 0.287089 -0.723174 0.949347 0.984555 -3.252669 5.639788 -6.054374
0.222000 0.614071 -0.123144 0.288070 -0.726408 0.954960 0.978455 -3.213828 5.585618 -6.144512
0.223000 0.613343 -0.122186 0.289045 -0.729602 0.960518 0.972266 -3.174546 5.530341 -6.233680
0.224000 0.612612 -0.121223 0.290015 -0.732757 0.966020 0.965988 -3.135007 5.474039 -6.321721
0.225000 0.611877 -0.120254 0.290977 -0.735872 0.971466 0.959622 -3.095379 5.416862 -6.408463
0.226000 0.611140 -0.119280 0.291934 -0.738947 0.976854 0.953171 -3.055813 5.359097 -6.493712
0.227000 0.610399 -0.118300 0.292884 -0.741984 0.982184 0.946635 -3.016449 5.301099 -6.577259
0.228000 0.609656 -0.117315 0.293827 -0.744980 0.987456 0.940016 -2.977221 5.242915 -6.659162
0.229000 0.608909 -0.116325 0.294764 -0.747938 0.992670 0.933317 -2.937902 5.184309 -6.739698
0.230000 0.608160 -0.115330 0.295694 -0.750856 0.997825 0.926537 -2.898445 5.125245 -6.818934
0.231000 0.607408 -0.114330 0.296617 -0.753735 1.002921 0.919679 -2.858967 5.065911 -6.896723
0.232000 0.606652 -0.113324 0.297533 -0.756574 1.007957 0.912743 -2.819419 5.006248 -6.973125
0.233000 0.605894 -0.112314 0.298442 -0.759374 1.012933 0.905732 -2.779583 4.945929 -7.048421
0.234000 0.605134 -0.111298 0.299345 -0.762133 1.017849 0.898647 -2.739426 4.884794 -7.122705
0.235000 0.604370 -0.110278 0.300240 -0.764853 1.022703 0.891487 -2.699133 4.822936 -7.195819
0.236000 0.603604 -0.109253 0.301128 -0.767532 1.027494 0.884255 -2.658879 4.760514 -7.267591
0.237000 0.602835 -0.108223 0.302008 -0.770170 1.032224 0.876952 -2.618819 4.697803 -7.337825
0.238000 0.602064 -0.107188 0.302881 -0.772769 1.036890 0.869579 -2.579097 4.635142 -7.406309
0.239000 0.601290 -0.106149 0.303747 -0.775328 1.041494 0.862139 -2.539644 4.572552 -7.473084
0.240000 0.600513 -0.105105 0.304606 -0.777848 1.046035 0.854633 -2.500226 4.509764 -7.538413
0.241000 0.599734 -0.104057 0.305457 -0.780329 1.050513 0.847062 -2.460791 4.446718 -7.602392
0.242000 0.598952 -0.103004 0.306300 -0.782770 1.054929 0.839428 -2.421464 4.383582 -7.664933
0.243000 0.598168 -0.101947 0.307135 -0.785172 1.059281 0.831733 -2.382189 4.320277 -7.726123
0.244000 0.597382 -0.100886 0.307963 -0.787534 1.063569 0.823976 -2.342734 4.256456 -7.786226
0.245000 0.596593 -0.099820 0.308783 -0.789857 1.067794 0.816160 -2.303039 4.191961 -7.845314
0.246000 0.595802 -0.098750 0.309596 -0.792140 1.071953 0.808286 -2.263266 4.126908 -7.903225
0.247000 0.595009 -0.097676 0.310400 -0.794384 1.076047 0.800354 -2.223580 4.061478 -7.959797
0.248000 0.594214 -0.096598 0.311196 -0.796588 1.080076 0.792366 -2.184164 3.995972 -8.014876
0.249000 0.593416 -0.095516 0.311985 -0.798752 1.084039 0.784324 -2.145204 3.930752 -8.068307
0.250000 0.592616 -0.094430 0.312765 -0.800878 1.087938 0.776229 -2.106655 3.865847 -8.120153
0.251000 0.591814 -0.093340 0.313537 -0.802965 1.091771 0.768084 -2.068278 3.800984 -8.170655
0.252000 0.591010 -0.092247 0.314301 -0.805015 1.095540 0.759888 -2.030000 3.736111 -8.219883
0.253000 0.590204 -0.091149 0.315057 -0.807025 1.099243 0.751644 -1.991922 3.671422 -8.267732
0.254000 0.589396 -0.090048 0.315804 -0.808998 1.102882 0.743353 -1.953969 3.606846 -8.314261
0.255000 0.588586 -0.088943 0.316544 -0.810933 1.106457 0.735015 -1.915904 3.542023 -8.359698
0.256000 0.587774 -0.087835 0.317274 -0.812830 1.109966 0.726633 -1.877696 3.476782 -8.404110
0.257000 0.586960 -0.086723 0.317997 -0.814689 1.113410 0.718207 -1.839506 3.411165 -8.447393
0.258000 0.586145 -0.085608 0.318711 -0.816509 1.116789 0.709738 -1.801300 3.344997 -8.489598
0.259000 0.585327 -0.084490 0.319416 -0.818291 1.120100 0.701228 -1.762845 3.277936 -8.530931
0.260000 0.584508 -0.083368 0.320113 -0.820035 1.123345 0.692676 -1.724080 3.209969 -8.571427
0.261000 0.583687 -0.082243 0.320802 -0.821740 1.126520 0.684085 -1.685170 3.141426 -8.610914
0.262000 0.582865 -0.081115 0.321482 -0.823405 1.129627 0.675455 -1.646278 3.072618 -8.649236
0.263000 0.582040 -0.079984 0.322153 -0.825032 1.132666 0.666787 -1.607568 3.003823 -8.686276
0.264000 0.581215 -0.078850 0.322815 -0.826620 1.135635 0.658082 -1.569198 2.935298 -8.721934
0.265000 0.580387 -0.077713 0.323469 -0.828171 1.138536 0.649343 -1.531100 2.866967 -8.756284
0.266000 0.579558 -0.076573 0.324114 -0.829683 1.141369 0.640570 -1.493016 2.798465 -8.789548
0.267000 0.578728 -0.075430 0.324750 -0.831157 1.144133 0.631764 -1.454875 2.729638 -8.821806
0.268000 0.577896 -0.074284 0.325377 -0.832592 1.146828 0.622926 -1.416784 2.660564 -8.853000
0.269000 0.577063 -0.073136 0.325996 -0.833990 1.149454 0.614058 -1.378667 2.591089 -8.883195
0.270000 0.576228 -0.071986 0.326605 -0.835350 1.152010 0.605160 -1.340262 2.520879 -8.912577
0.271000 0.575392 -0.070832 0.327206 -0.836671 1.154496 0.596232 -1.301492 2.449945 -8.941169
0.272000 0.574555 -0.069677 0.327798 -0.837953 1.156910 0.587277 -1.262505 2.378653 -8.968813
0.273000 0.573716 -0.068518 0.328381 -0.839196 1.159253 0.578295 -1.223462 2.307336 -8.995366
0.274000 0.572876 -0.067358 0.328954 -0.840400 1.161525 0.569286 -1.184532 2.236263 -9.020723
0.275000 0.572035 -0.066195 0.329519 -0.841565 1.163726 0.560253 -1.145896 2.165665 -9.044796
0.276000 0.571193 -0.065031 0.330075 -0.842691 1.165856 0.551197 -1.107496 2.095440 -9.067646
0.277000 0.570350 -0.063864 0.330622 -0.843780 1.167917 0.542118 -1.069081 2.025208 -9.089459
0.278000 0.569506 -0.062695 0.331159 -0.844830 1.169907 0.533018 -1.030591 1.954814 -9.110303
0.279000 0.568660 -0.061524 0.331688 -0.845841 1.171826 0.523897 -0.992155 1.884341 -9.130124
0.280000 0.567814 -0.060351 0.332207 -0.846814 1.173675 0.514758 -0.953710 1.813640 -9.148974
0.281000 0.566967 -0.059177 0.332717 -0.847748 1.175454 0.505600 -0.914991 1.742362 -9.167001
0.282000 0.566118 -0.058000 0.333218 -0.848644 1.177160 0.496424 -0.875908 1.670494 -9.184216
0.283000 0.565269 -0.056822 0.333710 -0.849500 1.178795 0.487231 -0.836553 1.598318 -9.200494
0.284000 0.564419 -0.055643 0.334193 -0.850317 1.180357 0.478023 -0.796835 1.525824 -9.215832
0.285000 0.563569 -0.054461 0.334666 -0.851094 1.181846 0.468799 -0.756486 1.452687 -9.230375
0.286000 0.562717 -0.053279 0.335130 -0.851830 1.183262 0.459562 -0.715437 1.378823 -9.244195
0.287000 0.561865 -0.052095 0.335585 -0.852525 1.184604 0.450311 -0.673859 1.304465 -9.257245
0.288000 0.561012 -0.050910 0.336031 -0.853178 1.185871 0.441047 -0.631933 1.229822 -9.269470
0.289000 0.560159 -0.049723 0.336467 -0.853789 1.187064 0.431772 -0.589851 1.155054 -9.280803
0.290000 0.559305 -0.048536 0.336894 -0.854357 1.188181 0.422486 -0.547815 1.080295 -9.291170
0.291000 0.558450 -0.047347 0.337312 -0.854884 1.189224 0.413190 -0.505779 1.005378 -9.300607
0.292000 0.557595 -0.046157 0.337721 -0.855369 1.190192 0.403885 -0.463480 0.929952 -9.309235
0.293000 0.556739 -0.044966 0.338120 -0.855811 1.191084 0.394571 -0.420822 0.854013 -9.317071
0.294000 0.555883 -0.043775 0.338510 -0.856211 1.191900 0.385251 -0.377940 0.777931 -9.324011
0.295000 0.555027 -0.042583 0.338891 -0.856567 1.192640 0.375923 -0.334981 0.702050 -9.329965
0.296000 0.554170 -0.041390 0.339262 -0.856881 1.193304 0.366591 -0.292128 0.626665 -9.334881
0.297000 0.553313 -0.040196 0.339624 -0.857151 1.193893 0.357254 -0.249575 0.552047 -9.338724
0.298000 0.552456 -0.039002 0.339976 -0.857380 1.194408 0.347913 -0.207276 0.478116 -9.341548
0.299000 0.551598 -0.037807 0.340320 -0.857566 1.194850 0.338570 -0.164975 0.404492 -9.343482
0.300000 0.550741 -0.036612 0.340653 -0.857710 1.195217 0.329226 -0.122601 0.331024 -9.344589
0.301000 0.549883 -0.035417 0.340978 -0.857811 1.195512 0.319881 -0.080316 0.257877 -9.344835
0.302000 0.549025 -0.034221 0.341293 -0.857870 1.195733 0.310537 -0.038274 0.185268 -9.344181
0.303000 0.548167 -0.033025 0.341599 -0.857888 1.195882 0.301193 0.003389 0.113507 -9.342577
0.304000 0.547309 -0.031829 0.341896 -0.857863 1.195960 0.291851 0.044542 0.042951 -9.339963
0.305000 0.546451 -0.030633 0.342183 -0.857798 1.195968 0.282513 0.085283 -0.026400 -9.336360
0.306000 0.545594 -0.029437 0.342461 -0.857693 1.195907 0.273179 0.125878 -0.094865 -9.331865
0.307000 0.544736 -0.028242 0.342729 -0.857547 1.195778 0.263849 0.166377 -0.162517 -9.326526
0.308000 0.543879 -0.027046 0.342988 -0.857360 1.195582 0.254526 0.206630 -0.229162 -9.320333
0.309000 0.543021 -0.025850 0.343238 -0.857133 1.195320 0.245209 0.246684 -0.294883 -9.313324
0.310000 0.542164 -0.024655 0.343479 -0.856867 1.194992 0.235899 0.286783 -0.360070 -9.305588
0.311000 0.541308 -0.023460 0.343710 -0.856560 1.194600 0.226597 0.326973 -0.424903 -9.297169
0.312000 0.540451 -0.022266 0.343932 -0.856213 1.194143 0.217305 0.367057 -0.489249 -9.288042
0.313000 0.539595 -0.021072 0.344145 -0.855826 1.193621 0.208021 0.406842 -0.552915 -9.278173
0.314000 0.538740 -0.019879 0.344348 -0.855399 1.193037 0.198748 0.446155 -0.615601 -9.267521
0.315000 0.537884 -0.018686 0.344542 -0.854933 1.192390 0.189486 0.484829 -0.676949 -9.256032
0.316000 0.537030 -0.017494 0.344727 -0.854429 1.191683 0.180236 0.522934 -0.736953 -9.243711
0.317000 0.536175 -0.016303 0.344903 -0.853888 1.190916 0.170999 0.560733 -0.795919 -9.230614
0.318000 0.535322 -0.015112 0.345069 -0.853308 1.190091 0.161775 0.598298 -0.853889 -9.216773
0.319000 0.534469 -0.013923 0.345226 -0.852691 1.189208 0.152565 0.635507 -0.910631 -9.202181
0.320000 0.533617 -0.012734 0.345374 -0.852037 1.188270 0.143371 0.672430 -0.966199 -9.186859
0.321000 0.532765 -0.011546 0.345513 -0.851346 1.187276 0.134192 0.709316 -1.020988 -9.170868
0.322000 0.531914 -0.010359 0.345642 -0.850618 1.186228 0.125029 0.746208 -1.075219 -9.154259
0.323000 0.531064 -0.009174 0.345763 -0.849854 1.185126 0.115883 0.782949 -1.128892 -9.137056
0.324000 0.530214 -0.007989 0.345874 -0.849052 1.183970 0.106755 0.819580 -1.182222 -9.119294
0.325000 0.529365 -0.006806 0.345976 -0.848215 1.182761 0.097644 0.856349 -1.235566 -9.101010
0.326000 0.528518 -0.005623 0.346070 -0.847340 1.181499 0.088553 0.893320 -1.288899 -9.082195
0.327000 0.527671 -0.004443 0.346154 -0.846428 1.180183 0.079480 0.930318 -1.341809 -9.062803
0.328000 0.526825 -0.003263 0.346228 -0.845479 1.178815 0.070427 0.967169 -1.393918 -9.042804
0.329000 0.525980 -0.002085 0.346294 -0.844494 1.177396 0.061394 1.003699 -1.444905 -9.022204
0.330000 0.525136 -0.000908 0.346351 -0.843472 1.175925 0.052383 1.039731 -1.494485 -9.001026
0.331000 0.524293 0.000267 0.346399 -0.842414 1.174407 0.043392 1.075326 -1.542727 -8.979302
0.332000 0.523451 0.001441 0.346438 -0.841321 1.172840 0.034424 1.110723 -1.590021 -8.957068
0.333000 0.522610 0.002613 0.346468 -0.840193 1.171226 0.025478 1.145956 -1.636577 -8.934359
0.334000 0.521771 0.003783 0.346489 -0.839029 1.169567 0.016555 1.180858 -1.682379 -8.911205
0.335000 0.520932 0.004952 0.346501 -0.837831 1.167862 0.007656 1.215462 -1.727631 -8.887625
0.336000 0.520095 0.006119 0.346504 -0.836598 1.166112 -0.001220 1.250015 -1.772683 -8.863621
0.337000 0.519259 0.007284 0.346499 -0.835331 1.164316 -0.010071 1.284593 -1.817521 -8.839169
0.338000 0.518424 0.008447 0.346484 -0.834029 1.162477 -0.018898 1.319095 -1.861818 -8.814231
0.339000 0.517591 0.009609 0.346461 -0.832693 1.160593 -0.027700 1.353598 -1.905543 -8.788769
0.340000 0.516759 0.010768 0.346429 -0.831322 1.158665 -0.036476 1.388352 -1.948982 -8.762773
0.341000 0.515928 0.011926 0.346388 -0.829916 1.156695 -0.045225 1.423409 -1.992172 -8.736258
0.342000 0.515099 0.013082 0.346338 -0.828475 1.154681 -0.053948 1.458580 -2.034826 -8.709260
0.343000 0.514271 0.014236 0.346280 -0.826999 1.152625 -0.062644 1.493672 -2.076712 -8.681810
0.344000 0.513445 0.015387 0.346213 -0.825488 1.150528 -0.071312 1.528493 -2.117707 -8.653950
0.345000 0.512620 0.016537 0.346137 -0.823942 1.148390 -0.079952 1.562848 -2.157743 -8.625718
0.346000 0.511797 0.017684 0.346053 -0.822362 1.146212 -0.088563 1.596782 -2.197027 -8.597124
0.347000 0.510976 0.018829 0.345960 -0.820748 1.143996 -0.097146 1.630536 -2.235913 -8.568145
0.348000 0.510156 0.019972 0.345859 -0.819101 1.141740 -0.105700 1.664174 -2.274389 -8.538774
0.349000 0.509337 0.021113 0.345749 -0.817420 1.139447 -0.114224 1.697577 -2.312142 -8.509014
0.350000 0.508521 0.022251 0.345630 -0.815706 1.137116 -0.122718 1.730809 -2.349145 -8.478842
0.351000 0.507706 0.023387 0.345503 -0.813958 1.134749 -0.131181 1.764103 -2.385683 -8.448225
0.352000 0.506893 0.024520 0.345368 -0.812178 1.132345 -0.139614 1.797493 -2.421796 -8.417171
0.353000 0.506082 0.025651 0.345224 -0.810363 1.129905 -0.148016 1.830774 -2.457210 -8.385728
0.354000 0.505272 0.026780 0.345072 -0.808516 1.127430 -0.156386 1.863748 -2.491705 -8.353946
0.355000 0.504465 0.027906 0.344911 -0.806636 1.124922 -0.164724 1.896229 -2.525168 -8.321879
0.356000 0.503659 0.029030 0.344743 -0.804724 1.122380 -0.173029 1.928039 -2.557543 -8.289585
0.357000 0.502855 0.030151 0.344565 -0.802780 1.119806 -0.181303 1.959228 -2.589038 -8.257059
0.358000 0.502053 0.031270 0.344380 -0.800805 1.117202 -0.189543 1.990029 -2.620003 -8.224242
0.359000 0.501254 0.032385 0.344186 -0.798800 1.114566 -0.197751 2.020489 -2.650427 -8.191090
0.360000 0.500456 0.033499 0.343984 -0.796764 1.111901 -0.205926 2.050471 -2.680004 -8.157585
0.361000 0.499660 0.034609 0.343774 -0.794699 1.109206 -0.214066 2.080018 -2.708708 -8.123674
0.362000 0.498866 0.035717 0.343556 -0.792604 1.106484 -0.222173 2.109368 -2.736804 -8.089306
0.363000 0.498075 0.036822 0.343330 -0.790480 1.103733 -0.230245 2.138582 -2.764308 -8.054531
0.364000 0.497285 0.037925 0.343096 -0.788327 1.100955 -0.238282 2.167550 -2.790973 -8.019470
0.365000 0.496498 0.039024 0.342854 -0.786145 1.098151 -0.246284 2.196331 -2.816824 -7.984161
0.366000 0.495713 0.040121 0.342603 -0.783934 1.095321 -0.254250 2.225152 -2.842220 -7.948553
0.367000 0.494930 0.041215 0.342345 -0.781695 1.092466 -0.262181 2.254045 -2.867372 -7.912623
0.368000 0.494150 0.042306 0.342079 -0.779426 1.089587 -0.270076 2.282857 -2.892293 -7.876392
0.369000 0.493371 0.043394 0.341805 -0.777129 1.086682 -0.277934 2.311614 -2.917190 -7.839816
0.370000 0.492595 0.044479 0.341523 -0.774803 1.083752 -0.285755 2.340536 -2.942408 -7.802793
0.371000 0.491822 0.045561 0.341233 -0.772448 1.080797 -0.293539 2.369669 -2.967959 -7.765265
0.372000 0.491051 0.046641 0.340936 -0.770064 1.077816 -0.301286 2.398842 -2.993507 -7.727245
0.373000 0.490282 0.047717 0.340631 -0.767650 1.074810 -0.308994 2.427887 -3.018722 -7.688778
0.374000 0.489515 0.048790 0.340318 -0.765208 1.071779 -0.316663 2.456653 -3.043287 -7.649981
0.375000 0.488751 0.049861 0.339997 -0.762737 1.068723 -0.324294 2.484991 -3.066889 -7.611005
0.376000 0.487990 0.050928 0.339669 -0.760238 1.065645 -0.331885 2.512964 -3.089549 -7.571886
0.377000 0.487231 0.051992 0.339334 -0.757711 1.062544 -0.339438 2.540795 -3.111605 -7.532550
0.378000 0.486474 0.053053 0.338991 -0.755156 1.059422 -0.346950 2.568517 -3.133238 -7.492973
0.379000 0.485721 0.054111 0.338640 -0.752574 1.056278 -0.354424 2.595984 -3.154428 -7.453194
0.380000 0.484969 0.055165 0.338282 -0.749964 1.053113 -0.361857 2.623225 -3.175353 -7.413170
0.381000 0.484221 0.056217 0.337916 -0.747328 1.049927 -0.369250 2.650452 -3.196348 -7.372778
0.382000 0.483475 0.057265 0.337543 -0.744663 1.046720 -0.376602 2.677714 -3.217440 -7.331959
0.383000 0.482731 0.058310 0.337163 -0.741972 1.043492 -0.383914 2.704887 -3.238395 -7.290725
0.384000 0.481991 0.059352 0.336775 -0.739254 1.040244 -0.391184 2.732015 -3.259225 -7.249012
0.385000 0.481253 0.060391 0.336381 -0.736508 1.036974 -0.398412 2.759311 -3.280202 -7.206719
0.386000 0.480518 0.061426 0.335979 -0.733735 1.033683 -0.405597 2.786813 -3.301357 -7.163887
0.387000 0.479785 0.062458 0.335569 -0.730934 1.030371 -0.412740 2.814346 -3.322423 -7.120692
0.388000 0.479056 0.063487 0.335153 -0.728106 1.027038 -0.419839 2.841732 -3.343172 -7.077286
0.389000 0.478329 0.064512 0.334730 -0.725251 1.023685 -0.426894 2.868788 -3.363448 -7.033783
0.390000 0.477605 0.065534 0.334299 -0.722369 1.020311 -0.433906 2.895332 -3.383136 -6.990274
0.391000 0.476884 0.066553 0.333862 -0.719460 1.016919 -0.440875 2.921389 -3.402380 -6.946716
0.392000 0.476166 0.067568 0.333418 -0.716526 1.013507 -0.447800 2.947162 -3.421490 -6.902949
0.393000 0.475451 0.068580 0.332966 -0.713566 1.010076 -0.454681 2.972697 -3.440484 -6.858869
0.394000 0.474739 0.069588 0.332508 -0.710581 1.006626 -0.461517 2.997875 -3.459125 -6.814444
0.395000 0.474030 0.070593 0.332043 -0.707570 1.003157 -0.468309 3.022739 -3.477420 -6.769567
0.396000 0.473324 0.071595 0.331572 -0.704535 0.999671 -0.475056 3.047500 -3.495634 -6.724101
0.397000 0.472621 0.072593 0.331093 -0.701475 0.996166 -0.481758 3.072220 -3.513815 -6.678090
0.398000 0.471921 0.073587 0.330608 -0.698391 0.992643 -0.488413 3.096760 -3.531728 -6.631742
0.399000 0.471224 0.074578 0.330116 -0.695282 0.989103 -0.495021 3.120972 -3.549171 -6.585232
0.400000 0.470531 0.075565 0.329618 -0.692149 0.985545 -0.501583 3.144689 -3.565998 -6.538682
0.401000 0.469840 0.076549 0.329113 -0.688992 0.981971 -0.508099 3.167732 -3.582092 -6.492183
0.402000 0.469153 0.077529 0.328602 -0.685813 0.978381 -0.514567 3.190122 -3.597590 -6.445676
0.403000 0.468468 0.078506 0.328084 -0.682612 0.974775 -0.520990 3.212051 -3.612794 -6.398979
0.404000 0.467787 0.079479 0.327560 -0.679389 0.971155 -0.527365 3.233557 -3.627739 -6.351997
0.405000 0.467110 0.080448 0.327029 -0.676145 0.967520 -0.533694 3.254524 -3.642216 -6.304730
0.406000 0.466435 0.081414 0.326492 -0.672880 0.963871 -0.539975 3.274986 -3.656248 -6.257079
0.407000 0.465764 0.082376 0.325949 -0.669595 0.960207 -0.546208 3.295144 -3.670091 -6.208899
0.408000 0.465096 0.083334 0.325400 -0.666290 0.956530 -0.552393 3.315051 -3.683786 -6.160248
0.409000 0.464431 0.084289 0.324845 -0.662965 0.952840 -0.558529 3.334610 -3.697143 -6.111337
0.410000 0.463770 0.085240 0.324283 -0.659621 0.949136 -0.564615 3.353869 -3.710203 -6.062216
0.411000 0.463112 0.086187 0.323715 -0.656257 0.945419 -0.570653 3.373013 -3.723259 -6.012735
0.412000 0.462457 0.087131 0.323142 -0.652875 0.941690 -0.576641 3.392059 -3.736440 -5.962811
0.413000 0.461806 0.088071 0.322562 -0.649473 0.937947 -0.582579 3.410829 -3.749626 -5.912493
0.414000 0.461158 0.089007 0.321976 -0.646053 0.934190 -0.588466 3.429155 -3.762665 -5.861821
0.415000 0.460514 0.089939 0.321385 -0.642615 0.930421 -0.594302 3.446901 -3.775359 -5.810833
0.416000 0.459873 0.090867 0.320788 -0.639159 0.926640 -0.600087 3.463940 -3.787480 -5.759558
0.417000 0.459236 0.091792 0.320185 -0.635687 0.922846 -0.605821 3.480326 -3.799062 -5.707888
0.418000 0.458602 0.092713 0.319576 -0.632198 0.919042 -0.611503 3.496251 -3.810353 -5.655643
0.419000 0.457971 0.093630 0.318962 -0.628694 0.915226 -0.617133 3.511764 -3.821381 -5.602845
0.420000 0.457344 0.094544 0.318342 -0.625175 0.911399 -0.622709 3.526763 -3.831952 -5.549676
0.421000 0.456721 0.095453 0.317716 -0.621641 0.907562 -0.628232 3.541290 -3.842093 -5.496154
0.422000 0.456101 0.096359 0.317085 -0.618092 0.903715 -0.633701 3.555523 -3.852077 -5.442107
0.423000 0.455485 0.097260 0.316449 -0.614530 0.899858 -0.639116 3.569495 -3.862020 -5.387469
0.424000 0.454872 0.098158 0.315807 -0.610953 0.895991 -0.644476 3.583093 -3.871847 -5.332300
0.425000 0.454263 0.099052 0.315160 -0.607364 0.892114 -0.649781 3.596345 -3.881670 -5.276514
0.426000 0.453657 0.099943 0.314508 -0.603761 0.888227 -0.655029 3.609426 -3.891768 -5.219870
0.427000 0.453055 0.100829 0.313850 -0.600145 0.884330 -0.660221 3.622381 -3.902197 -5.162223
0.428000 0.452457 0.101711 0.313187 -0.596516 0.880423 -0.665354 3.635084 -3.912747 -5.103590
0.429000 0.451862 0.102590 0.312519 -0.592875 0.876505 -0.670428 3.647414 -3.923197 -5.044048
0.430000 0.451271 0.103464 0.311846 -0.589221 0.872576 -0.675442 3.659262 -3.933308 -4.983794
0.431000 0.450684 0.104335 0.311168 -0.585556 0.868638 -0.680395 3.670526 -3.942827 -4.923087
0.432000 0.450100 0.105202 0.310486 -0.581880 0.864691 -0.685288 3.681258 -3.951767 -4.861963
0.433000 0.449520 0.106064 0.309798 -0.578194 0.860735 -0.690119 3.691631 -3.960392 -4.800236
0.434000 0.448944 0.106923 0.309105 -0.574497 0.856770 -0.694888 3.701668 -3.968826 -4.737817
0.435000 0.448371 0.107778 0.308408 -0.570790 0.852797 -0.699595 3.711249 -3.977023 -4.674745
0.436000 0.447802 0.108629 0.307706 -0.567074 0.848816 -0.704238 3.720391 -3.985104 -4.610908
0.437000 0.447237 0.109475 0.307000 -0.563349 0.844827 -0.708817 3.729250 -3.993337 -4.546042
0.438000 0.446676 0.110318 0.306289 -0.559616 0.840829 -0.713330 3.737858 -4.001763 -4.480003
0.439000 0.446118 0.111157 0.305573 -0.555874 0.836823 -0.717777 3.746089 -4.010171 -4.412825
0.440000 0.445564 0.111992 0.304853 -0.552124 0.832809 -0.722156 3.753827 -4.018354 -4.344608
0.441000 0.445014 0.112823 0.304129 -0.548366 0.828787 -0.726466 3.760986 -4.026115 -4.275566
0.442000 0.444467 0.113650 0.303400 -0.544602 0.824757 -0.730707 3.767492 -4.033263 -4.205981
0.443000 0.443924 0.114472 0.302667 -0.540831 0.820720 -0.734878 3.773414 -4.039845 -4.135895
0.444000 0.443385 0.115291 0.301930 -0.537055 0.816677 -0.738979 3.778922 -4.046114 -4.065114
0.445000 0.442850 0.116106 0.301189 -0.533273 0.812628 -0.743008 3.784056 -4.052156 -3.993555
0.446000 0.442319 0.116916 0.300444 -0.529487 0.808573 -0.746966 3.788725 -4.057881 -3.921276
0.447000 0.441791 0.117723 0.299695 -0.525696 0.804512 -0.750851 3.792958 -4.063373 -3.848174
0.448000 0.441268 0.118525 0.298943 -0.521901 0.800446 -0.754662 3.796913 -4.068886 -3.773967
0.449000 0.440748 0.119324 0.298186 -0.518102 0.796374 -0.758399 3.800637 -4.074496 -3.698498
0.450000 0.440231 0.120118 0.297426 -0.514299 0.792297 -0.762059 3.804057 -4.080098 -3.621741
0.451000 0.439719 0.120908 0.296662 -0.510494 0.788214 -0.765642 3.807217 -4.085755 -3.543544
0.452000 0.439210 0.121694 0.295895 -0.506685 0.784125 -0.769146 3.810279 -4.091697 -3.463681
0.453000 0.438706 0.122476 0.295124 -0.502873 0.780031 -0.772569 3.813302 -4.097959 -3.382206
0.454000 0.438205 0.123254 0.294349 -0.499058 0.775930 -0.775911 3.816206 -4.104343 -3.299429
0.455000 0.437707 0.124028 0.293572 -0.495241 0.771822 -0.779168 3.818910 -4.110676 -3.215617
0.456000 0.437214 0.124798 0.292791 -0.491421 0.767708 -0.782342 3.821325 -4.116825 -3.130953
0.457000 0.436725 0.125564 0.292007 -0.487598 0.763588 -0.785430 3.823363 -4.122677 -3.045579
0.458000 0.436239 0.126325 0.291220 -0.483774 0.759463 -0.788433 3.825092 -4.128367 -2.959368
0.459000 0.435757 0.127083 0.290430 -0.479948 0.755332 -0.791349 3.826794 -4.134351 -2.871847
0.460000 0.435279 0.127836 0.289637 -0.476120 0.751194 -0.794177 3.828750 -4.141082 -2.782523
0.461000 0.434805 0.128585 0.288842 -0.472291 0.747049 -0.796914 3.830992 -4.148642 -2.691262
0.462000 0.434334 0.129330 0.288044 -0.468458 0.742897 -0.799559 3.833298 -4.156700 -2.598388
0.463000 0.433868 0.130071 0.287243 -0.464624 0.738736 -0.802111 3.835360 -4.164757 -2.504499
0.464000 0.433405 0.130808 0.286439 -0.460788 0.734567 -0.804568 3.836969 -4.172435 -2.410148
0.465000 0.432946 0.131540 0.285634 -0.456950 0.730391 -0.806931 3.838039 -4.179555 -2.315646
0.466000 0.432491 0.132268 0.284826 -0.453112 0.726208 -0.809199 3.838491 -4.185972 -2.221188
0.467000 0.432040 0.132992 0.284015 -0.449273 0.722019 -0.811373 3.838235 -4.191541 -2.126922
0.468000 0.431593 0.133712 0.283203 -0.445435 0.717825 -0.813453 3.837304 -4.196318 -2.032762
0.469000 0.431149 0.134428 0.282388 -0.441598 0.713627 -0.815439 3.835826 -4.200534 -1.938427
0.470000 0.430710 0.135140 0.281572 -0.437763 0.709424 -0.817330 3.833826 -4.204287 -1.843778
0.471000 0.430274 0.135847 0.280754 -0.433931 0.705218 -0.819127 3.831203 -4.207483 -1.748890
0.472000 0.429842 0.136550 0.279934 -0.430101 0.701009 -0.820828 3.827877 -4.210028 -1.653892
0.473000 0.429413 0.137249 0.279112 -0.426275 0.696798 -0.822434 3.823809 -4.211820 -1.559021
0.474000 0.428989 0.137944 0.278289 -0.422453 0.692585 -0.823946 3.818984 -4.212757 -1.464571
0.475000 0.428569 0.138634 0.277464 -0.418637 0.688372 -0.825363 3.813485 -4.212917 -1.370575
0.476000 0.428152 0.139320 0.276638 -0.414826 0.684160 -0.826687 3.807459 -4.212524 -1.276821
0.477000 0.427739 0.140002 0.275811 -0.411022 0.679947 -0.827917 3.800932 -4.211649 -1.183246
0.478000 0.427330 0.140680 0.274982 -0.407225 0.675736 -0.829054 3.793832 -4.210208 -1.089961
0.479000 0.426924 0.141354 0.274153 -0.403434 0.671527 -0.830097 3.786178 -4.208267 -0.996889
0.480000 0.426523 0.142023 0.273322 -0.399652 0.667320 -0.831047 3.778089 -4.206054 -0.903754
0.481000 0.426125 0.142689 0.272491 -0.395878 0.663115 -0.831905 3.769603 -4.203674 -0.810428
0.482000 0.425731 0.143350 0.271658 -0.392113 0.658912 -0.832668 3.760647 -4.201062 -0.717003
0.483000 0.425341 0.144006 0.270825 -0.388357 0.654713 -0.833339 3.751173 -4.198149 -0.623622
0.484000 0.424954 0.144659 0.269992 -0.384611 0.650516 -0.833915 3.741173 -4.194860 -0.530519
0.485000 0.424572 0.145307 0.269157 -0.380875 0.646323 -0.834400 3.730661 -4.191117 -0.437978
0.486000 0.424193 0.145952 0.268323 -0.377149 0.642134 -0.834791 3.719735 -4.187007 -0.346022
0.487000 0.423817 0.146592 0.267488 -0.373435 0.637949 -0.835092 3.708527 -4.182738 -0.254429
0.488000 0.423446 0.147228 0.266653 -0.369732 0.633768 -0.835300 3.697057 -4.178367 -0.163127
0.489000 0.423078 0.147859 0.265817 -0.366041 0.629592 -0.835418 3.685243 -4.173798 -0.072219
0.490000 0.422714 0.148487 0.264982 -0.362362 0.625421 -0.835445 3.673091 -4.169078 0.018377
0.491000 0.422353 0.149110 0.264146 -0.358695 0.621254 -0.835381 3.660703 -4.164413 0.108946
0.492000 0.421996 0.149729 0.263311 -0.355040 0.617092 -0.835227 3.648101 -4.159889 0.199619
0.493000 0.421643 0.150344 0.262476 -0.351399 0.612934 -0.834982 3.635211 -4.155431 0.290307
0.494000 0.421294 0.150955 0.261641 -0.347770 0.608781 -0.834646 3.621978 -4.150961 0.380869
0.495000 0.420948 0.151562 0.260807 -0.344155 0.604632 -0.834220 3.608391 -4.146396 0.471075
0.496000 0.420605 0.152164 0.259973 -0.340553 0.600488 -0.833704 3.594461 -4.141648 0.560641
0.497000 0.420267 0.152763 0.259139 -0.336966 0.596349 -0.833099 3.580273 -4.136790 0.649544
0.498000 0.419931 0.153357 0.258306 -0.333393 0.592215 -0.832405 3.565941 -4.132016 0.738005
0.499000 0.419600 0.153947 0.257474 -0.329834 0.588085 -0.831623 3.551471 -4.127390 0.826093
0.500000 0.419272 0.154533 0.256643 -0.326290 0.583960 -0.830753 3.536779 -4.122839 0.913701
0.501000 0.418947 0.155115 0.255813 -0.322760 0.579839 -0.829795 3.521860 -4.118423 1.000911
0.502000 0.418626 0.155693 0.254984 -0.319246 0.575723 -0.828751 3.506796 -4.114340 1.088012
0.503000 0.418309 0.156267 0.254155 -0.315747 0.571611 -0.827619 3.491598 -4.110688 1.175153
0.504000 0.417995 0.156836 0.253328 -0.312263 0.567502 -0.826401 3.476203 -4.107449 1.262326
0.505000 0.417684 0.157402 0.252503 -0.308794 0.563396 -0.825095 3.460621 -4.104712 1.349674
0.506000 0.417377 0.157963 0.251678 -0.305342 0.559292 -0.823701 3.444962 -4.102672 1.437451
0.507000 0.417073 0.158520 0.250855 -0.301904 0.555191 -0.822220 3.429303 -4.101389 1.525654
0.508000 0.416773 0.159073 0.250034 -0.298483 0.551090 -0.820650 3.413650 -4.100762 1.614022
0.509000 0.416476 0.159622 0.249214 -0.295077 0.546989 -0.818992 3.397990 -4.100676 1.702326
0.510000 0.416183 0.160167 0.248396 -0.291687 0.542888 -0.817245 3.382275 -4.100998 1.790395
0.511000 0.415893 0.160708 0.247579 -0.288313 0.538787 -0.815411 3.366439 -4.101585 1.878092
0.512000 0.415606 0.161245 0.246765 -0.284954 0.534685 -0.813489 3.350492 -4.102449 1.965508
0.513000 0.415323 0.161777 0.245952 -0.281612 0.530582 -0.811480 3.334509 -4.103759 2.052927
0.514000 0.415043 0.162306 0.245142 -0.278285 0.526478 -0.809383 3.318494 -4.105593 2.140485
0.515000 0.414767 0.162830 0.244334 -0.274975 0.522371 -0.807199 3.302381 -4.107921 2.228156
0.516000 0.414493 0.163351 0.243528 -0.271680 0.518262 -0.804927 3.286172 -4.110819 2.316069
0.517000 0.414223 0.163867 0.242724 -0.268402 0.514149 -0.802567 3.269961 -4.114456 2.404478
0.518000 0.413957 0.164379 0.241922 -0.265140 0.510033 -0.800118 3.253814 -4.118875 2.493412
0.519000 0.413693 0.164887 0.241124 -0.261895 0.505912 -0.797580 3.237754 -4.123998 2.582700
0.520000 0.413433 0.165391 0.240327 -0.258665 0.501785 -0.794953 3.221843 -4.129856 2.672363
0.521000 0.413176 0.165891 0.239534 -0.255451 0.497652 -0.792235 3.206173 -4.136583 2.762625
0.522000 0.412922 0.166386 0.238743 -0.252253 0.493512 -0.789427 3.190751 -4.144178 2.853549
0.523000 0.412671 0.166878 0.237955 -0.249069 0.489363 -0.786528 3.175505 -4.152486 2.944984
0.524000 0.412424 0.167365 0.237170 -0.245901 0.485207 -0.783537 3.160358 -4.161375 3.036799
0.525000 0.412179 0.167848 0.236388 -0.242749 0.481041 -0.780455 3.145230 -4.170754 3.128908
0.526000 0.411938 0.168327 0.235609 -0.239611 0.476865 -0.777280 3.130037 -4.180552 3.221248
0.527000 0.411700 0.168802 0.234833 -0.236489 0.472680 -0.774012 3.114775 -4.190829 3.313945
0.528000 0.411465 0.169272 0.234061 -0.233381 0.468483 -0.770652 3.099522 -4.201741 3.407244
0.529000 0.411233 0.169739 0.233292 -0.230290 0.464276 -0.767198 3.084340 -4.213338 3.501172
0.530000 0.411005 0.170201 0.232526 -0.227213 0.460057 -0.763649 3.069250 -4.225566 3.595560
0.531000 0.410779 0.170659 0.231765 -0.224151 0.455825 -0.760007 3.054309 -4.238462 3.690422
0.532000 0.410556 0.171113 0.231006 -0.221104 0.451580 -0.756269 3.039593 -4.252136 3.785970
0.533000 0.410337 0.171562 0.230252 -0.218072 0.447321 -0.752435 3.025106 -4.266545 3.882260
0.534000 0.410120 0.172007 0.229501 -0.215054 0.443047 -0.748504 3.010791 -4.281516 3.979178
0.535000 0.409907 0.172448 0.228755 -0.212050 0.438758 -0.744476 2.996640 -4.297001 4.076779
0.536000 0.409696 0.172885 0.228013 -0.209061 0.434453 -0.740350 2.982699 -4.313114 4.175311
0.537000 0.409489 0.173317 0.227274 -0.206085 0.430131 -0.736126 2.968955 -4.329919 4.274896
0.538000 0.409284 0.173745 0.226540 -0.203123 0.425793 -0.731801 2.955331 -4.347369 4.375459
0.539000 0.409082 0.174169 0.225811 -0.200174 0.421437 -0.727375 2.941771 -4.365397 4.476892
0.540000 0.408884 0.174588 0.225086 -0.197239 0.417062 -0.722847 2.928261 -4.383901 4.579017
0.541000 0.408688 0.175003 0.224365 -0.194318 0.412669 -0.718217 2.914813 -4.402757 4.681619
0.542000 0.408495 0.175413 0.223649 -0.191410 0.408257 -0.713484 2.901476 -4.421960 4.784699
0.543000 0.408305 0.175819 0.222938 -0.188515 0.403825 -0.708647 2.888317 -4.441592 4.888443
0.544000 0.408118 0.176221 0.222232 -0.185633 0.399373 -0.703707 2.875334 -4.461618 4.992887
0.545000 0.407934 0.176618 0.221531 -0.182764 0.394902 -0.698661 2.862471 -4.481884 5.097905
0.546000 0.407752 0.177011 0.220834 -0.179908 0.390410 -0.693511 2.849718 -4.502348 5.203531
0.547000 0.407574 0.177399 0.220144 -0.177065 0.385897 -0.688254 2.837108 -4.523109 5.309972
0.548000 0.407398 0.177782 0.219458 -0.174234 0.381363 -0.682891 2.824625 -4.544211 5.417302
0.549000 0.407225 0.178162 0.218778 -0.171415 0.376809 -0.677420 2.812196 -4.565597 5.525397
0.550000 0.407055 0.178536 0.218103 -0.168609 0.372232 -0.671840 2.799770 -4.587200 5.634104
0.551000 0.406888 0.178906 0.217434 -0.165816 0.367634 -0.666152 2.787339 -4.608931 5.743220
0.552000 0.406724 0.179271 0.216771 -0.163035 0.363014 -0.660354 2.774918 -4.630687 5.852509
0.553000 0.406562 0.179632 0.216113 -0.160266 0.358373 -0.654447 2.762554 -4.652467 5.961939
0.554000 0.406403 0.179988 0.215462 -0.157510 0.353709 -0.648430 2.750291 -4.674339 6.071652
0.555000 0.406247 0.180339 0.214817 -0.154765 0.349024 -0.642303 2.738100 -4.696243 6.181627
0.556000 0.406094 0.180686 0.214177 -0.152033 0.344317 -0.636067 2.725894 -4.718014 6.291678
0.557000 0.405943 0.181028 0.213544 -0.149314 0.339588 -0.629720 2.713637 -4.739587 6.401780
0.558000 0.405795 0.181365 0.212918 -0.146606 0.334838 -0.623263 2.701352 -4.761031 6.512090
0.559000 0.405650 0.181698 0.212298 -0.143911 0.330066 -0.616696 2.689046 -4.782368 6.622644
0.560000 0.405507 0.182025 0.211685 -0.141228 0.325273 -0.610018 2.676688 -4.803549 6.733331
0.561000 0.405367 0.182348 0.211078 -0.138558 0.320459 -0.603229 2.664284 -4.824593 6.844173
0.562000 0.405230 0.182666 0.210478 -0.135900 0.315624 -0.596329 2.651879 -4.845591 6.955302
0.563000 0.405096 0.182980 0.209885 -0.133254 0.310768 -0.589318 2.639496 -4.866554 7.066655
0.564000 0.404964 0.183288 0.209299 -0.130621 0.305891 -0.582196 2.627119 -4.887388 7.177955
0.565000 0.404834 0.183591 0.208721 -0.128000 0.300993 -0.574963 2.614714 -4.907972 7.288926
0.566000 0.404708 0.183890 0.208149 -0.125391 0.296075 -0.567618 2.602213 -4.928131 7.399300
0.567000 0.404584 0.184183 0.207586 -0.122795 0.291137 -0.560164 2.589530 -4.947662 7.508812
0.568000 0.404462 0.184472 0.207029 -0.120212 0.286180 -0.552601 2.576624 -4.966477 7.617388
0.569000 0.404343 0.184756 0.206480 -0.117642 0.281204 -0.544929 2.563514 -4.984613 7.725122
0.570000 0.404227 0.185035 0.205939 -0.115085 0.276210 -0.537150 2.550203 -5.002068 7.831974
0.571000 0.404113 0.185308 0.205406 -0.112542 0.271200 -0.529265 2.536667 -5.018772 7.937759
0.572000 0.404002 0.185577 0.204881 -0.110012 0.266173 -0.521275 2.522911 -5.034721 8.042419
0.573000 0.403893 0.185841 0.204364 -0.107496 0.261130 -0.513180 2.508972 -5.049973 8.146020
0.574000 0.403787 0.186099 0.203854 -0.104994 0.256073 -0.504983 2.494871 -5.064513 8.248443
0.575000 0.403683 0.186353 0.203354 -0.102506 0.251001 -0.496684 2.480603 -5.078233 8.349364
0.576000 0.403582 0.186601 0.202861 -0.100033 0.245916 -0.488284 2.466141 -5.091002 8.448462
0.577000 0.403483 0.186845 0.202377 -0.097574 0.240819 -0.479787 2.451426 -5.102654 8.545420
0.578000 0.403387 0.187083 0.201901 -0.095130 0.235711 -0.471193 2.436378 -5.113003 8.639924
0.579000 0.403293 0.187316 0.201435 -0.092701 0.230593 -0.462507 2.420958 -5.121959 8.731841
0.580000 0.403201 0.187544 0.200976 -0.090288 0.225467 -0.453730 2.405165 -5.129546 8.821199
0.581000 0.403112 0.187767 0.200527 -0.087891 0.220334 -0.444864 2.388978 -5.135763 8.907896
0.582000 0.403025 0.187985 0.200087 -0.085510 0.215196 -0.435914 2.372349 -5.140555 8.991691
0.583000 0.402941 0.188197 0.199655 -0.083146 0.210053 -0.426881 2.355255 -5.143913 9.072466
0.584000 0.402859 0.188405 0.199233 -0.080799 0.204908 -0.417769 2.337719 -5.145873 9.150212
0.585000 0.402779 0.188607 0.198820 -0.078470 0.199761 -0.408581 2.319763 -5.146394 9.224746
0.586000 0.402702 0.188804 0.198416 -0.076160 0.194615 -0.399319 2.301395 -5.145367 9.295724
0.587000 0.402627 0.188996 0.198021 -0.073868 0.189471 -0.389989 2.282633 -5.142736 9.362941
0.588000 0.402554 0.189183 0.197636 -0.071595 0.184330 -0.380594 2.263488 -5.138484 9.426345
0.589000 0.402484 0.189365 0.197260 -0.069341 0.179194 -0.371136 2.243928 -5.132498 9.485737
0.590000 0.402416 0.189542 0.196894 -0.067107 0.174065 -0.361622 2.223879 -5.124570 9.540736
0.591000 0.402350 0.189713 0.196537 -0.064893 0.168944 -0.352055 2.203275 -5.114519 9.590960
0.592000 0.402286 0.189880 0.196189 -0.062700 0.163835 -0.342440 2.182063 -5.102221 9.636033
0.593000 0.402224 0.190041 0.195852 -0.060529 0.158740 -0.332783 2.160197 -5.087584 9.675578
0.594000 0.402165 0.190197 0.195524 -0.058380 0.153660 -0.323089 2.137658 -5.070571 9.709378
0.595000 0.402108 0.190348 0.195206 -0.056253 0.148599 -0.313364 2.114451 -5.051182 9.737334
0.596000 0.402052 0.190494 0.194897 -0.054151 0.143558 -0.303614 2.090577 -5.029349 9.759189
0.597000 0.401999 0.190635 0.194598 -0.052072 0.138540 -0.293846 2.066021 -5.004942 9.774527
0.598000 0.401948 0.190771 0.194309 -0.050019 0.133548 -0.284065 2.040780 -4.977878 9.783072
0.599000 0.401899 0.190902 0.194030 -0.047991 0.128584 -0.274280 2.014852 -4.948105 9.784687
0.600000 0.401852 0.191028 0.193761 -0.045989 0.123652 -0.264496 1.988205 -4.915482 9.779097
0.601000 0.401807 0.191150 0.193501 -0.044014 0.118753 -0.254721 1.960783 -4.879793 9.765886
0.602000 0.401764 0.191266 0.193251 -0.042067 0.113892 -0.244964 1.932548 -4.840890 9.744764
0.603000 0.401723 0.191377 0.193011 -0.040149 0.109072 -0.235232 1.903481 -4.798723 9.715577
0.604000 0.401684 0.191484 0.192781 -0.038261 0.104295 -0.225533 1.873540 -4.753231 9.678042
0.605000 0.401647 0.191586 0.192560 -0.036402 0.099565 -0.215876 1.842660 -4.704303 9.631701
0.606000 0.401611 0.191683 0.192349 -0.034575 0.094886 -0.206270 1.810790 -4.651814 9.576084
0.607000 0.401577 0.191776 0.192148 -0.032781 0.090262 -0.196724 1.777909 -4.595618 9.510691
0.608000 0.401546 0.191864 0.191956 -0.031019 0.085695 -0.187248 1.744010 -4.535558 9.435008
0.609000 0.401515 0.191947 0.191773 -0.029293 0.081190 -0.177854 1.709095 -4.471525 9.348680
0.610000 0.401487 0.192026 0.191600 -0.027601 0.076752 -0.168551 1.673151 -4.403438 9.251497
0.611000 0.401460 0.192101 0.191436 -0.025946 0.072384 -0.159351 1.636128 -4.331133 9.143137
0.612000 0.401435 0.192171 0.191281 -0.024329 0.068090 -0.150265 1.597951 -4.254376 9.023147
0.613000 0.401412 0.192237 0.191136 -0.022750 0.063875 -0.141304 1.558565 -4.172997 8.891188
0.614000 0.401390 0.192299 0.190999 -0.021212 0.059744 -0.132482 1.517941 -4.086906 8.747036
0.615000 0.401369 0.192356 0.190871 -0.019714 0.055701 -0.123810 1.476045 -3.995997 8.590334
0.616000 0.401350 0.192410 0.190751 -0.018260 0.051752 -0.115301 1.432828 -3.900120 8.420596
0.617000 0.401333 0.192460 0.190640 -0.016849 0.047901 -0.106969 1.388257 -3.799164 8.237450
0.618000 0.401316 0.192506 0.190537 -0.015483 0.044153 -0.098827 1.342317 -3.693045 8.040635
0.619000 0.401302 0.192548 0.190442 -0.014164 0.040515 -0.090888 1.294996 -3.581618 7.829764
0.620000 0.401288 0.192587 0.190355 -0.012893 0.036990 -0.083167 1.246274 -3.464688 7.604317
0.621000 0.401276 0.192622 0.190276 -0.011672 0.033585 -0.075679 1.196135 -3.342103 7.363891
0.622000 0.401265 0.192654 0.190204 -0.010501 0.030306 -0.068439 1.144548 -3.213752 7.108207
0.623000 0.401255 0.192683 0.190139 -0.009383 0.027158 -0.061463 1.091448 -3.079479 6.836871
0.624000 0.401246 0.192708 0.190081 -0.008318 0.024147 -0.054766 1.036740 -2.939063 6.549339
0.625000 0.401238 0.192731 0.190030 -0.007309 0.021280 -0.048364 0.980345 -2.792300 6.245049
0.626000 0.401231 0.192751 0.189984 -0.006357 0.018562 -0.042275 0.922216 -2.639014 5.923420
0.627000 0.401225 0.192768 0.189945 -0.005465 0.016002 -0.036517 0.862320 -2.479043 5.583856
0.628000 0.401220 0.192783 0.189911 -0.004633 0.013604 -0.031108 0.800636 -2.312265 5.225911
0.629000 0.401216 0.192795 0.189883 -0.003863 0.011377 -0.026065 0.737147 -2.138583 4.849281
0.630000 0.401213 0.192806 0.189859 -0.003158 0.009327 -0.021409 0.671831 -1.957848 4.453583
0.631000 0.401210 0.192814 0.189840 -0.002520 0.007461 -0.017158 0.604658 -1.769867 4.038328
0.632000 0.401208 0.192821 0.189825 -0.001949 0.005787 -0.013332 0.285302 -0.837020 1.912876
0.633000 0.401206 0.192826 0.189813 -0.001949 0.005787 -0.013332 0.285302 -0.837020 1.912876
