0.12578155100345611572 -0.04174983128905296326 -0.08785139024257659912 0.09959621727466583252 -0.07672232389450073242 0.10430351644754409790 -0.08139625936746597290 -0.24742327630519866943 0.19206064939498901367 -0.31050351262092590332 -0.38546431064605712891 0.07813331484794616699 0.11752066016197204590 -0.07184083759784698486 -0.09920606762170791626 -0.33363735675811767578 0.14124667644500732422 -0.02961304411292076111 -0.08528343588113784790 -0.11358597874641418457 -0.35853582620620727539 0.18328014016151428223 0.47610443830490112305 0.43487706780433654785 -0.47394701838493347168
0.17170608043670654297 -0.01598516851663589478 0.01870581321418285370 0.02370075695216655731 -0.00089064514031633735 -0.01872632279992103577 -0.14786060154438018799 -0.07740668207406997681 0.12888394296169281006 0.15371368825435638428 -0.10211327672004699707 0.01977726630866527557 0.19843219220638275146 0.04606838896870613098 -0.07902155071496963501 -0.37986132502555847168 -0.03460681438446044922 0.14720278978347778320 -0.33604079484939575195 0.01043325569480657578 -0.14821402728557586670 0.10933242738246917725 0.19617769122123718262 0.29453629255294799805 -0.12634101510047912598
-0.10090341418981552124 -0.06956025958061218262 -0.03194504976272583008 0.01460328046232461929 -0.07230845093727111816 -0.01815205998718738556 -0.46395161747932434082 0.07849862426519393921 -0.06897832453250885010 0.24475787580013275146 -0.07744869589805603027 0.01240615360438823700 -0.16810111701488494873 -0.04607909917831420898 0.35252469778060913086 -0.06595398485660552979 0.01200761273503303528 0.16783700883388519287 -0.19356448948383331299 -0.10128260403871536255 -0.21023383736610412598 0.13847707211971282959 0.02824237942695617676 0.29367429018020629883 -0.14235357940196990967
0.00191082153469324112 0.17580471932888031006 0.13315264880657196045 -0.01676359772682189941 0.07489958405494689941 0.04293736442923545837 -0.06575557589530944824 0.00939475279301404953 0.00804692693054676056 -0.04108145087957382202 -0.07543653994798660278 -0.03772548213601112366 -0.26076364517211914062 0.26366645097732543945 0.20035511255264282227 -0.03757439553737640381 -0.46126708388328552246 -0.51523178815841674805 -0.20064565539360046387 0.04109775274991989136 0.29954770207405090332 -0.20349338650703430176 -0.37763741612434387207 -0.19221302866935729980 0.39695957303047180176
0.08066867291927337646 0.05531424283981323242 0.04485847800970077515 0.05505890399217605591 0.04676987603306770325 0.01017959043383598328 0.18835262954235076904 0.14519850909709930420 -0.05692910030484199524 -0.04408674314618110657 0.11535640805959701538 -0.10797234624624252319 -0.18630117177963256836 0.11487951129674911499 -0.01727327331900596619 0.36687675118446350098 0.03377888724207878113 -0.06170219182968139648 0.14747036993503570557 0.10175877064466476440 0.33907264471054077148 -0.09589385986328125000 -0.15951344370841979980 -0.30552175641059875488 0.15564763545989990234
0.07987149059772491455 0.06854421645402908325 0.11838424205780029297 -0.03648938238620758057 0.02471483871340751648 -0.15647640824317932129 -0.13858681917190551758 -0.01891762576997280121 -0.04581781476736068726 0.07391341775655746460 0.03572770953178405762 -0.01274752337485551834 -0.20577937364578247070 0.23073968291282653809 -0.11434980481863021851 0.26068672537803649902 0.04335103183984756470 -0.25032395124435424805 0.32611119747161865234 0.19883422553539276123 0.39735415577888488770 -0.33143132925033569336 -0.34707453846931457520 -0.26748266816139221191 0.42853561043739318848
0.10459691286087036133 -0.01351680792868137360 0.03667773306369781494 0.02489449456334114075 0.02204488590359687805 0.11816304922103881836 -0.05705409124493598938 -0.16568709909915924072 -0.01745683886110782623 -0.10268237441778182983 -0.21281166374683380127 -0.04144744947552680969 0.25855201482772827148 0.18636274337768554688 0.15823541581630706787 -0.28396603465080261230 -0.34710568189620971680 0.03523990511894226074 -0.22368717193603515625 -0.07851871103048324585 -0.10358640551567077637 0.15912994742393493652 0.31563788652420043945 0.32609185576438903809 -0.24855662882328033447
-0.03262652829289436340 0.05847886949777603149 0.02141058258712291718 -0.00208121305331587791 -0.03067653253674507141 0.19920061528682708740 0.25481867790222167969 -0.13213731348514556885 -0.11923456192016601562 -0.07985026389360427856 0.06206933408975601196 -0.08448679745197296143 -0.29446867108345031738 0.21855564415454864502 -0.15935543179512023926 -0.18424667418003082275 -0.05430820211768150330 -0.13182066380977630615 0.13925962150096893311 0.40014046430587768555 -0.08231811970472335815 -0.13365526497364044189 -0.16028369963169097900 -0.11248242855072021484 0.25354221463203430176
-0.02255966141819953918 -0.02900828979909420013 0.05678957700729370117 0.02240310609340667725 0.05745527520775794983 0.07530818134546279907 0.37354168295860290527 -0.02587101422250270844 -0.17067706584930419922 -0.12588022649288177490 -0.14747457206249237061 0.01013479195535182953 -0.06725800037384033203 -0.08481270819902420044 0.19310601055622100830 -0.05292023718357086182 0.06378933787345886230 0.22647723555564880371 -0.39687040448188781738 -0.36699452996253967285 -0.11514347046613693237 0.21467535197734832764 0.32640320062637329102 0.35890951752662658691 -0.12981800734996795654
0.03389686718583106995 0.17599724233150482178 0.08225649595260620117 -0.01415312010794878006 0.04176228865981101990 0.06423826515674591064 -0.28592067956924438477 -0.02892609685659408569 0.15730732679367065430 -0.30656310915946960449 0.05458229035139083862 -0.09243255853652954102 -0.18345198035240173340 -0.14260798692703247070 0.19578996300697326660 0.26500454545021057129 0.18482027947902679443 0.39853817224502563477 0.16972255706787109375 -0.07190162688493728638 -0.19881136715412139893 -0.05955735966563224792 0.05299323052167892456 0.07454760372638702393 0.01581063121557235718
-0.07548019289970397949 0.13493382930755615234 -0.01364078186452388763 0.02713261917233467102 0.08156131207942962646 0.01348674483597278595 0.04751010984182357788 -0.15443234145641326904 0.09623035043478012085 0.13111534714698791504 -0.03222388029098510742 0.12585905194282531738 0.30015996098518371582 0.16768459975719451904 0.00377219868823885918 -0.28654551506042480469 -0.91505128145217895508 0.13857790827751159668 -0.04663303121924400330 0.36376294493675231934 -0.25047406554222106934 -0.19095529615879058838 -0.13348238170146942139 -0.09901811927556991577 0.04138064011931419373
0.09840202331542968750 0.14029602706432342529 -0.01147990208119153976 -0.04856345802545547485 -0.04573547095060348511 -0.14187122881412506104 0.05843359231948852539 0.04949484765529632568 0.18454043567180633545 -0.11453782767057418823 0.17869232594966888428 0.03214160725474357605 0.21546517312526702881 0.30947491526603698730 -0.20076380670070648193 0.14953862130641937256 0.08793914318084716797 0.00718076527118682861 0.17038060724735260010 0.22211830317974090576 -0.22765401005744934082 -0.24190536141395568848 -0.17661884427070617676 -0.15795896947383880615 0.15809072554111480713
-0.01908714510500431061 0.25670778751373291016 -0.05231207981705665588 0.02773145586252212524 0.03426834940910339355 0.05378790944814682007 0.06721388548612594604 -0.23205251991748809814 0.18092174828052520752 0.05534776300191879272 -0.08511305600404739380 -0.03047266229987144470 0.00469274446368217468 -0.09434432536363601685 -0.12578243017196655273 -0.00312577909789979458 -0.11254996806383132935 -0.23625817894935607910 0.29391875863075256348 0.09672930836677551270 -0.16297467052936553955 0.28305891156196594238 0.30424156785011291504 0.42189425230026245117 -0.35606598854064941406
0.22106714546680450439 -0.03411060571670532227 -0.06409898400306701660 0.01441821921616792679 -0.09135016053915023804 0.08216930925846099854 0.02222823724150657654 -0.17776840925216674805 0.27746003866195678711 -0.06298924982547760010 -0.25161579251289367676 0.09920834749937057495 0.10128375887870788574 -0.16022497415542602539 -0.29524540901184082031 -0.46784168481826782227 -0.23358944058418273926 -0.56962835788726806641 0.00139426020905375481 -0.42346471548080444336 0.10421259701251983643 0.20032066106796264648 0.14706550538539886475 0.26064077019691467285 -0.44402247667312622070
-0.07845912128686904907 0.02518655918538570404 0.00732023175805807114 -0.03922930359840393066 0.11441446840763092041 -0.06324277073144912720 0.08502868562936782837 0.36513414978981018066 -0.15135729312896728516 -0.06240646541118621826 0.25028967857360839844 -0.06711685657501220703 -0.10384028404951095581 0.07833468914031982422 0.12796437740325927734 0.27210500836372375488 -0.33995673060417175293 -0.08752886205911636353 0.13463632762432098389 0.32725939154624938965 0.28976070880889892578 -0.20729596912860870361 -0.57028645277023315430 -0.47467777132987976074 0.54335105419158935547
0.04419514164328575134 0.11373678594827651978 0.10914588719606399536 -0.01977751031517982483 0.00205880892463028431 -0.06184354797005653381 0.13730241358280181885 0.09151423722505569458 -0.17416609823703765869 0.04885887727141380310 0.14830553531646728516 0.04001398012042045593 -0.05158005654811859131 0.20483136177062988281 0.10829378664493560791 0.30697152018547058105 -0.27382236719131469727 -0.23713399469852447510 0.11448226124048233032 0.15204906463623046875 0.35900798439979553223 -0.40342712402343750000 -0.54853373765945434570 -0.52494728565216064453 0.66836071014404296875
0.01127184461802244186 -0.14827004075050354004 -0.04380501434206962585 0.04673461988568305969 -0.11100486665964126587 -0.01539793517440557480 -0.34951850771903991699 -0.03371390700340270996 -0.05831125006079673767 0.02971388958394527435 -0.12741076946258544922 -0.16310277581214904785 -0.42520979046821594238 0.20226708054542541504 0.15898089110851287842 -0.44696164131164550781 -0.28106722235679626465 -0.23715828359127044678 -0.02641174942255020142 0.24451428651809692383 -0.07104722410440444946 0.08911062777042388916 0.19009274244308471680 0.14817108213901519775 -0.29954892396926879883
0.07203377783298492432 -0.01708793640136718750 -0.00063027860596776009 0.01402114797383546829 -0.04274687170982360840 -0.05669404193758964539 -0.09431592375040054321 -0.14736461639404296875 -0.05340889841318130493 0.15057352185249328613 0.03088649548590183258 0.06123196706175804138 -0.04150907322764396667 0.11451519280672073364 -0.17216169834136962891 0.01435757614672183990 -0.23212873935699462891 0.09735635668039321899 0.13871440291404724121 0.23689150810241699219 0.23350112140178680420 -0.28820800781250000000 -0.23568496108055114746 -0.17233398556709289551 0.39257398247718811035
-0.13065978884696960449 -0.14826638996601104736 0.01033954042941331863 0.05042911693453788757 0.02987141720950603485 0.15858720242977142334 0.16486574709415435791 -0.30152910947799682617 0.03752368316054344177 -0.19838905334472656250 -0.28250131011009216309 -0.02164789661765098572 -0.20866371691226959229 -0.22422684729099273682 -0.04210940748453140259 -0.34441763162612915039 0.19999301433563232422 -0.23367020487785339355 -0.30043932795524597168 -0.38740360736846923828 -0.10393191874027252197 0.30203390121459960938 0.56630712747573852539 0.41758257150650024414 -0.39797058701515197754
0.05508483946323394775 0.08470290899276733398 -0.03850096464157104492 -0.03426890820264816284 0.00679381610825657845 -0.14242254197597503662 -0.11445089429616928101 0.16783773899078369141 0.02616623416543006897 -0.18735505640506744385 -0.01241536810994148254 -0.01425095647573471069 -0.12515097856521606445 0.11250662803649902344 -0.18561241030693054199 -0.14611028134822845459 0.22615593671798706055 -0.16908510029315948486 0.00889651477336883545 0.24967557191848754883 0.05911271274089813232 -0.22659580409526824951 -0.21961706876754760742 -0.21573995053768157959 0.41401055455207824707
-0.02871331200003623962 -0.05689568445086479187 -0.00219236453995108604 -0.04351743310689926147 -0.02183504030108451843 -0.01348637696355581284 0.13865277171134948730 0.27542024850845336914 0.15878464281558990479 -0.08593963831663131714 0.02128565125167369843 -0.10998182743787765503 -0.11961615085601806641 -0.23935276269912719727 0.30695703625679016113 0.07793793082237243652 0.36729240417480468750 0.08104582875967025757 -0.01065892819315195084 0.09286846965551376343 -0.21589712798595428467 0.18398028612136840820 0.28323155641555786133 0.33153316378593444824 -0.26638928055763244629
0.11919114738702774048 -0.01119639910757541656 0.00811800919473171234 0.03499571606516838074 0.01822080649435520172 0.04066705331206321716 -0.15367469191551208496 -0.11384177207946777344 0.13826417922973632812 -0.07158788293600082397 -0.13223889470100402832 0.00191622343845665455 0.05067077279090881348 -0.04278459027409553528 -0.08563414961099624634 0.23184841871261596680 -0.12684597074985504150 -0.36021384596824645996 -0.02721952460706233978 0.18715709447860717773 -0.09079800546169281006 -0.00598666770383715630 0.15457965433597564697 -0.11314097046852111816 -0.02186825498938560486
-0.24669800698757171631 -0.01401315070688724518 0.05048720538616180420 -0.14291320741176605225 0.08854772895574569702 -0.10793413221836090088 0.14939172565937042236 0.07723067700862884521 -0.11201354861259460449 -0.02811877243220806122 -0.01242530625313520432 0.00994027592241764069 0.21547572314739227295 0.10908994823694229126 0.25154417753219604492 0.43997460603713989258 -0.28099963068962097168 0.24338802695274353027 0.59638684988021850586 -0.00934497825801372528 -0.11269025504589080811 -0.13963496685028076172 0.01323434151709079742 -0.10030262917280197144 -0.06313760578632354736
0.12360564619302749634 -0.34914150834083557129 -0.03192814439535140991 0.05463103204965591431 -0.04044619202613830566 0.10663361102342605591 -0.13654279708862304688 -0.18078352510929107666 -0.16590960323810577393 0.07319140434265136719 0.09805304557085037231 -0.27707096934318542480 -0.08129464834928512573 0.03502635285258293152 -0.09209994971752166748 -0.42565292119979858398 0.17435051500797271729 0.18303696811199188232 -0.16883966326713562012 -0.12691193819046020508 -0.31011888384819030762 0.14050139486789703369 0.13563449680805206299 0.10242738574743270874 -0.22975763678550720215
-0.21055901050567626953 -0.02601713687181472778 0.05238249525427818298 -0.03168341144919395447 0.04678904265165328979 -0.05113753303885459900 0.02508764714002609253 0.25121274590492248535 -0.15653893351554870605 0.06632745265960693359 0.27692031860351562500 -0.16797247529029846191 -0.15820218622684478760 0.38651785254478454590 0.30694043636322021484 0.52708971500396728516 0.07000732421875000000 0.26711168885231018066 0.11237788945436477661 0.43709126114845275879 0.05710076540708541870 -0.30839920043945312500 -0.32709020376205444336 -0.32922762632369995117 0.48877030611038208008
-0.06312594562768936157 0.09292132407426834106 0.07270436733961105347 -0.04194932430982589722 0.00910818297415971756 0.03526637703180313110 -0.00360046559944748878 0.19346030056476593018 0.16205854713916778564 -0.09817682951688766479 0.17445050179958343506 -0.03341593220829963684 -0.33261978626251220703 -0.21207515895366668701 -0.03358014672994613647 0.29026573896408081055 0.01263082399964332581 -0.08774659782648086548 0.07639153301715850830 0.32359868288040161133 0.26750823855400085449 -0.32346224784851074219 -0.24148392677307128906 -0.31963491439819335938 0.49184525012969970703
0.11088265478610992432 0.00576107902452349663 0.01043826062232255936 0.01073056552559137344 -0.07024940103292465210 -0.00084799609612673521 -0.06999886035919189453 -0.31387042999267578125 0.00841781124472618103 0.24338035285472869873 -0.13004532456398010254 0.20437347888946533203 0.31426206231117248535 -0.11613509804010391235 -0.21449051797389984131 -0.35356178879737854004 -0.11028369516134262085 0.09144481271505355835 -0.32972377538681030273 0.11040767282247543335 -0.14098274707794189453 0.06431890279054641724 0.14479199051856994629 0.28376701474189758301 0.01106367167085409164
0.04156289994716644287 -0.05729747563600540161 -0.11718939989805221558 0.07188451290130615234 -0.09575396031141281128 0.11783251911401748657 0.14353539049625396729 -0.09849195927381515503 0.09132066369056701660 -0.05678139999508857727 0.03266219794750213623 -0.08902703225612640381 0.17561919987201690674 0.19770531356334686279 0.16428646445274353027 -0.13805398344993591309 -0.11299900710582733154 -0.52309775352478027344 -0.19899299740791320801 -0.48618561029434204102 0.22783465683460235596 0.39906227588653564453 0.35022899508476257324 0.42765885591506958008 -0.15474008023738861084
0.04637203738093376160 -0.02633497864007949829 -0.00302022043615579605 -0.01762219890952110291 -0.03286799415946006775 0.03564408421516418457 0.28605794906616210938 -0.00972545053809881210 -0.09083525836467742920 0.01661791279911994934 -0.06434876471757888794 -0.10797274112701416016 -0.48535078763961791992 -0.21784219145774841309 -0.04605121165513992310 0.32141458988189697266 -0.09883619844913482666 -0.18328890204429626465 0.14823733270168304443 -0.03051958791911602020 0.18779605627059936523 -0.03909637778997421265 -0.25790172815322875977 -0.21316416561603546143 0.02190864831209182739
-0.03068331815302371979 0.10337779670953750610 -0.02434038557112216949 -0.00075378874316811562 0.00765461754053831100 -0.05664828047156333923 0.08120834082365036011 0.07509664446115493774 -0.24398274719715118408 0.07957704365253448486 0.05725780874490737915 0.03544190898537635803 -0.13610409200191497803 0.00268675293773412704 -0.01931458339095115662 -0.19469135999679565430 -0.09208687394857406616 0.58041089773178100586 0.17175465822219848633 -0.15250989794731140137 -0.04858950152993202209 0.06657762080430984497 -0.06300731003284454346 0.04962830618023872375 0.13331098854541778564
0.02896578796207904816 -0.14855454862117767334 -0.06427294015884399414 0.10883799940347671509 -0.08674530684947967529 0.09732396155595779419 -0.39441108703613281250 0.04658109694719314575 0.11127730458974838257 0.22807973623275756836 0.11307277530431747437 -0.04993421956896781921 0.08994528651237487793 -0.04297477006912231445 0.22688411176204681396 0.21835909783840179443 0.44656035304069519043 0.07280877232551574707 0.05822202190756797791 -0.12758295238018035889 -0.15971836447715759277 0.25193050503730773926 0.41002488136291503906 0.37485125660896301270 -0.25578388571739196777
0.03541881963610649109 0.12722384929656982422 -0.07038439810276031494 0.04371058195829391479 -0.02758593112230300903 0.10128618776798248291 -0.00792425032705068588 -0.17089335620403289795 0.13469123840332031250 -0.24331611394882202148 -0.07443176954984664917 -0.11893732100725173950 -0.29095488786697387695 -0.20750430226325988770 -0.14389409124851226807 -0.36146402359008789062 0.40997865796089172363 -0.06499283760786056519 0.44542282819747924805 -0.34925222396850585938 -0.01061508525162935257 0.27964031696319580078 0.30400037765502929688 0.38051086664199829102 -0.49660703539848327637
-0.11233551800251007080 -0.03711095452308654785 0.02238910458981990814 -0.04266097396612167358 0.01172113697975873947 0.05562183633446693420 -0.29521128535270690918 0.07987383753061294556 0.08538650721311569214 0.06199292838573455811 0.13797006011009216309 -0.12626415491104125977 -0.20702318847179412842 -0.06997597962617874146 0.45102345943450927734 0.62959098815917968750 0.43329891562461853027 0.41862601041793823242 0.57036161422729492188 -0.36375963687896728516 0.01997144706547260284 0.01163023337721824646 0.02216416038572788239 -0.05659395083785057068 -0.11231120675802230835
0.02518813870847225189 -0.07480926066637039185 0.05505704879760742188 0.02193106152117252350 -0.03172953799366950989 0.08221582323312759399 -0.15082743763923645020 0.05040777102112770081 0.08917915076017379761 0.10655578225851058960 0.01189394667744636536 0.04399223998188972473 0.09536476433277130127 -0.15919087827205657959 0.27813228964805603027 0.43220022320747375488 -0.00965161435306072235 0.19987790286540985107 0.03010899759829044342 -0.33782172203063964844 -0.11188339442014694214 0.28523311018943786621 0.32223522663116455078 0.26707687973976135254 -0.48232740163803100586
-0.21478687226772308350 0.03560305386781692505 0.14002993702888488770 -0.04155828058719635010 0.07242977619171142578 -0.03056833334267139435 -0.05459817126393318176 -0.34311908483505249023 -0.18604369461536407471 -0.24649743735790252686 -0.16829741001129150391 0.14361250400543212891 -0.28637734055519104004 -0.25477218627929687500 -0.07501192390918731689 0.21468237042427062988 0.09050640463829040527 -0.16597896814346313477 0.03125314787030220032 0.26782795786857604980 0.27286046743392944336 -0.38523644208908081055 -0.30839765071868896484 -0.32546830177307128906 0.29094171524047851562
-0.00187726877629756927 0.20624829828739166260 -0.02260793186724185944 0.00482435058802366257 0.05801554396748542786 -0.01878271996974945068 0.23089258372783660889 -0.30328425765037536621 -0.16615092754364013672 -0.17187085747718811035 -0.15581150352954864502 0.06838850677013397217 -0.07346039265394210815 -0.10430596768856048584 -0.11438075453042984009 -0.04255541786551475525 -0.15619784593582153320 -0.26109164953231811523 0.37988373637199401855 0.39131638407707214355 0.09114291518926620483 -0.34970858693122863770 -0.23998931050300598145 -0.23746417462825775146 0.23635120689868927002
0.03322228416800498962 -0.13769415020942687988 -0.02389501035213470459 0.03905661776661872864 -0.04562493786215782166 -0.06748991459608078003 -0.22331140935420989990 -0.06237063929438591003 0.17460124194622039795 -0.22652003169059753418 -0.15332077443599700928 0.09603703022003173828 0.07892864942550659180 -0.17512314021587371826 0.16273388266563415527 -0.12669830024242401123 0.14400427043437957764 0.18547497689723968506 -0.14254285395145416260 0.10940378904342651367 -0.18704614043235778809 0.21556827425956726074 0.18055263161659240723 0.37339442968368530273 -0.09307987242937088013
-0.04814073443412780762 -0.00607690913602709770 -0.03866487741470336914 0.03235296905040740967 0.00036376866046339273 -0.02229346334934234619 -0.18948562443256378174 0.28256282210350036621 0.15463349223136901855 0.10842555016279220581 -0.15985700488090515137 0.09861636161804199219 0.07198017835617065430 -0.04959240183234214783 0.21505054831504821777 -0.18889072537422180176 -0.24104993045330047607 0.13367448747158050537 -0.03261997550725936890 0.00732926605269312859 -0.25245362520217895508 0.18113549053668975830 0.16884833574295043945 0.14117884635925292969 -0.39096298813819885254
0.08167178928852081299 0.13465978205204010010 -0.00404154555872082710 -0.03240588307380676270 0.09968191385269165039 0.08394151180982589722 0.15485051274299621582 0.35625204443931579590 -0.06609897315502166748 -0.05672541633248329163 0.19096134603023529053 -0.08878513425588607788 -0.17934447526931762695 0.16411125659942626953 0.07096441090106964111 0.42200008034706115723 0.36154967546463012695 -0.57338929176330566406 0.09679227322340011597 -0.11342747509479522705 0.45716765522956848145 -0.30291339755058288574 -0.66113573312759399414 -0.41818466782569885254 0.61896407604217529297
-0.04619692265987396240 -0.09320878237485885620 0.01597613468766212463 -0.02156971581280231476 0.00513942353427410126 -0.02035696618258953094 0.16409017145633697510 -0.04190373048186302185 0.09768813848495483398 0.20648607611656188965 -0.00914915557950735092 0.04570249468088150024 0.09088560938835144043 -0.26678273081779479980 0.11077505350112915039 0.28455448150634765625 0.58759367465972900391 -0.04810515791177749634 -0.06611829996109008789 -0.47347432374954223633 0.04549665004014968872 0.28466895222663879395 0.23697011172771453857 0.29120215773582458496 -0.47494190931320190430
-0.04864021018147468567 -0.10390164703130722046 -0.06722769141197204590 0.03412946686148643494 -0.02157600782811641693 -0.02983355708420276642 -0.30587816238403320312 -0.07454478740692138672 0.00794779602438211441 0.36195749044418334961 -0.00931914430111646652 0.07080062478780746460 0.30545833706855773926 -0.07387438416481018066 -0.32641515135765075684 -0.43265166878700256348 -0.07204417139291763306 0.59536832571029663086 -0.30155304074287414551 0.23567235469818115234 -0.47653377056121826172 0.18233230710029602051 0.14930096268653869629 0.39618378877639770508 -0.28887420892715454102
0.03238014504313468933 0.08645837008953094482 0.00112766446545720100 -0.07847905158996582031 -0.01217535231262445450 -0.05586378648877143860 0.01758415251970291138 -0.24822238087654113770 0.00493166409432888031 0.16667832434177398682 0.19181942939758300781 0.05112740397453308105 0.06960503756999969482 0.13109436631202697754 -0.30600488185882568359 0.32891529798507690430 0.31533944606781005859 -0.17491009831428527832 0.09746184945106506348 0.43767055869102478027 -0.10879892110824584961 -0.12189635634422302246 -0.19763560593128204346 -0.06879964470863342285 0.12733888626098632812
-0.14607208967208862305 -0.09999039769172668457 -0.01450198609381914139 0.00321866362355649471 -0.03071316890418529510 0.11957690864801406860 -0.04660890996456146240 -0.12237019091844558716 0.19996964931488037109 0.11823549121618270874 -0.01603443734347820282 0.12261275947093963623 0.41265791654586791992 -0.05368745326995849609 -0.31393286585807800293 -0.29347768425941467285 0.28801265358924865723 0.23768077790737152100 -0.21112902462482452393 0.14599108695983886719 -0.32735687494277954102 0.13432818651199340820 0.14688764512538909912 0.31155306100845336914 -0.13740527629852294922
-0.03302898257970809937 -0.05346703156828880310 0.03004144318401813507 -0.01737999729812145233 0.01835864037275314331 -0.00344552239403128624 0.27787223458290100098 -0.05482200533151626587 -0.11667396873235702515 -0.18753600120544433594 -0.15501998364925384521 -0.05105174332857131958 -0.22059381008148193359 -0.02862877212464809418 -0.26842457056045532227 -0.20614217221736907959 0.29249566793441772461 0.01839273422956466675 0.15456062555313110352 -0.02478338591754436493 0.13673397898674011230 -0.20830716192722320557 -0.10917555540800094604 -0.26689118146896362305 0.34608435630798339844
0.01102530863136053085 0.40088304877281188965 0.00515497941523790359 -0.00913702882826328278 0.08208618313074111938 0.03103603608906269073 0.05031293630599975586 -0.22923505306243896484 -0.28191477060317993164 -0.11860134452581405640 -0.09054760634899139404 0.13887935876846313477 -0.29537644982337951660 -0.14493019878864288330 -0.26312807202339172363 0.14605544507503509521 0.36195611953735351562 -0.29601135849952697754 0.11771411448717117310 0.19581517577171325684 0.14885069429874420166 -0.23637583851814270020 -0.48940387368202209473 -0.25286281108856201172 0.35203179717063903809
0.04087760299444198608 -0.01418108679354190826 0.02984995767474174500 -0.03102005273103713989 -0.04812596738338470459 -0.06166671961545944214 0.03956061601638793945 0.17385631799697875977 0.17056588828563690186 -0.07665748149156570435 0.26005366444587707520 -0.12784597277641296387 -0.21457289159297943115 0.06431283801794052124 0.17599935829639434814 0.56796920299530029297 0.38588136434555053711 0.07085597515106201172 0.40880608558654785156 0.06319233775138854980 -0.01891369186341762543 -0.24390417337417602539 -0.22194707393646240234 -0.27529528737068176270 0.28317421674728393555
0.02328656427562236786 -0.01584543660283088684 -0.10708235204219818115 -0.01754736341536045074 -0.07262797653675079346 -0.06969963759183883667 -0.26817336678504943848 -0.04975911229848861694 -0.05017342045903205872 0.05632068589329719543 -0.14234320819377899170 0.07952797412872314453 0.35516202449798583984 -0.07656255364418029785 -0.04403302818536758423 -0.31894353032112121582 -0.04933631792664527893 0.16694974899291992188 -0.12519028782844543457 -0.19545352458953857422 -0.22502836585044860840 0.34356459975242614746 0.27296265959739685059 0.35651668906211853027 -0.45255172252655029297
-0.04592913761734962463 0.00700534414499998093 0.02008952200412750244 -0.00274920812807977200 0.06721173971891403198 0.15998987853527069092 -0.06842073798179626465 0.20630225539207458496 0.12101721763610839844 -0.31531873345375061035 -0.03979249298572540283 -0.07903005182743072510 0.00887828320264816284 -0.10748629271984100342 0.08069896697998046875 -0.06009919568896293640 0.16850800812244415283 0.37237671017646789551 -0.49320238828659057617 -0.01859520003199577332 -0.29191642999649047852 0.44812983274459838867 0.31773713231086730957 0.36185485124588012695 -0.42156583070755004883
0.06591504067182540894 -0.06361041963100433350 0.02793121524155139923 -0.04466131702065467834 -0.01872346550226211548 0.02541068010032176971 0.17663504183292388916 0.04158695414662361145 0.17920097708702087402 -0.18954306840896606445 -0.06922940164804458618 -0.03851682692766189575 -0.49291795492172241211 -0.09593898057937622070 -0.09230808913707733154 0.19369278848171234131 0.09162183105945587158 -0.50561553239822387695 0.31194812059402465820 0.21014049649238586426 -0.02694927155971527100 -0.07744106650352478027 -0.24363613128662109375 -0.49826744198799133301 0.10268861800432205200
-0.01301735267043113708 0.04822490736842155457 -0.00441343337297439575 -0.01498052757233381271 0.01812191307544708252 -0.06792404502630233765 -0.34108185768127441406 0.27059027552604675293 0.06948325783014297485 0.19384315609931945801 0.18231850862503051758 -0.22079361975193023682 -0.38005968928337097168 -0.23606601357460021973 0.17005006968975067139 0.41252091526985168457 0.09522644430398941040 0.29741826653480529785 0.20073890686035156250 0.07713948190212249756 0.18484431505203247070 0.16620489954948425293 -0.08842646330595016479 0.09189601987600326538 -0.04800025373697280884
-0.12257321923971176147 0.00490639870986342430 -0.01462557539343833923 -0.12705177068710327148 -0.04504612460732460022 -0.12792170047760009766 0.35448163747787475586 0.10913503170013427734 -0.04718009755015373230 -0.06847023218870162964 0.06283636391162872314 0.00157747219782322645 -0.33353698253631591797 0.02140028402209281921 0.12121143937110900879 0.27856734395027160645 -0.05768643319606781006 -0.23411989212036132812 0.06814649701118469238 0.15160237252712249756 0.24087865650653839111 -0.13996596634387969971 -0.07175233960151672363 -0.14178858697414398193 0.28987288475036621094
0.16671714186668395996 0.06621268391609191895 0.04766128957271575928 -0.02816182374954223633 0.01284427288919687271 -0.13988864421844482422 0.07097192108631134033 -0.17252406477928161621 -0.01876903325319290161 -0.13452316820621490479 -0.09229322522878646851 0.10720293223857879639 -0.12930665910243988037 -0.22236157953739166260 -0.17490713298320770264 -0.19765323400497436523 -0.38296642899513244629 0.73113942146301269531 0.25934609770774841309 0.09519889205694198608 -0.20200626552104949951 0.01981639862060546875 0.02471936121582984924 0.08641066402196884155 -0.10151904821395874023
0.05575571954250335693 0.15436831116676330566 0.12931908667087554932 -0.00759314233437180519 0.03715707734227180481 -0.03483921289443969727 -0.28444463014602661133 -0.03762077167630195618 0.05011123418807983398 -0.16361638903617858887 -0.18468375504016876221 0.12392681837081909180 -0.11229957640171051025 0.16071923077106475830 -0.14059484004974365234 -0.29422134160995483398 -0.30905449390411376953 -0.23103937506675720215 0.19418358802795410156 0.07489684969186782837 -0.36126837134361267090 0.02940284274518489838 -0.10032881051301956177 0.17863667011260986328 -0.14861379563808441162
-0.02832627110183238983 -0.02873173169791698456 0.08205122500658035278 -0.03951152041554450989 0.02629751339554786682 0.04720864444971084595 0.18279488384723663330 0.05889847874641418457 0.12396949529647827148 -0.23854871094226837158 -0.07129207253456115723 0.00615838402882218361 -0.05744495615363121033 0.08576026558876037598 0.11602606624364852905 0.27781328558921813965 -0.19517561793327331543 -0.27188393473625183105 0.16949668526649475098 -0.08041669428348541260 0.08410245180130004883 -0.27280735969543457031 -0.35464829206466674805 -0.42496740818023681641 0.09069243818521499634
-0.08478032797574996948 0.00113353005144745111 -0.01624456979334354401 -0.01035322528332471848 -0.02182034961879253387 -0.04935042932629585266 0.13045598566532135010 0.12301962822675704956 -0.07183378189802169800 0.28386789560317993164 0.02068385295569896698 0.06345032155513763428 0.17728930711746215820 0.00959727447479963303 -0.29535827040672302246 -0.26087433099746704102 -0.73451811075210571289 -0.05117912590503692627 0.33119416236877441406 0.14296372234821319580 0.07374559342861175537 -0.22108033299446105957 -0.22493775188922882080 -0.27166497707366943359 0.17984966933727264404
0.17377102375030517578 -0.14402842521667480469 0.05909518897533416748 0.00114260602276772261 0.04445126652717590332 -0.12335075438022613525 -0.08667382597923278809 -0.20923963189125061035 0.08211923390626907349 -0.23730993270874023438 -0.13942193984985351562 -0.04031191021203994751 -0.06823505461215972900 -0.04441015422344207764 -0.15382799506187438965 -0.21443410217761993408 -0.39871469140052795410 0.34108030796051025391 0.52245378494262695312 -0.40152117609977722168 -0.09076958149671554565 0.03071957267820835114 0.22348062694072723389 0.21165274083614349365 -0.25925099849700927734
0.02058775164186954498 0.10090854763984680176 -0.02962070517241954803 -0.02527306228876113892 0.04247149825096130371 -0.08544313907623291016 0.02097521163523197174 0.04969022795557975769 -0.09332871437072753906 0.05287262797355651855 0.03773215785622596741 -0.11231419444084167480 -0.13178105652332305908 0.05611792579293251038 -0.32196304202079772949 -0.38571015000343322754 -0.22532846033573150635 -0.14365917444229125977 -0.01379056274890899658 0.20594437420368194580 0.09762380272150039673 -0.28820914030075073242 -0.19996120035648345947 -0.31612613797187805176 0.51948601007461547852
-0.12764422595500946045 0.13339017331600189209 -0.03076050244271755219 -0.02644567377865314484 0.01603477820754051208 -0.11773709952831268311 -0.21350422501564025879 -0.22234842181205749512 0.02453001588582992554 -0.26454228162765502930 -0.21118375658988952637 -0.01182858925312757492 0.05586243793368339539 0.14984238147735595703 -0.24925318360328674316 -0.75467699766159057617 -0.33690157532691955566 -0.17165109515190124512 0.03318636119365692139 0.18472005426883697510 -0.16609787940979003906 0.24393489956855773926 0.22762104868888854980 0.27009189128875732422 -0.25080859661102294922
-0.06111702322959899902 0.10816842317581176758 0.01839100755751132965 -0.04491138458251953125 0.04734517633914947510 0.09665811061859130859 0.40890157222747802734 -0.05740952491760253906 -0.17449522018432617188 0.09125033020973205566 0.17320200800895690918 -0.06304886192083358765 -0.01760083809494972229 0.21249262988567352295 -0.13951109349727630615 0.15087924897670745850 -0.16278134286403656006 -0.14663824439048767090 0.05597088858485221863 -0.03081108257174491882 0.15671929717063903809 -0.12478412687778472900 -0.12416676431894302368 -0.29026922583580017090 0.14490708708763122559
-0.02374549210071563721 0.04841094091534614563 0.08796055614948272705 -0.08098347485065460205 0.11227265000343322754 -0.04719731211662292480 0.02899264544248580933 0.17394945025444030762 -0.26335966587066650391 -0.16775806248188018799 0.18642199039459228516 -0.16175946593284606934 -0.14212967455387115479 0.08475597947835922241 0.19765456020832061768 0.45149141550064086914 -0.07859228551387786865 0.06046285852789878845 0.15552325546741485596 0.00651198253035545349 0.31719633936882019043 -0.19881731271743774414 -0.43685758113861083984 -0.40625175833702087402 0.41999477148056030273
-0.03537663444876670837 -0.13747633993625640869 -0.03135873749852180481 0.00689067412167787552 -0.06867231428623199463 -0.07139216363430023193 -0.29523032903671264648 -0.07406926155090332031 0.09896147996187210083 -0.22895112633705139160 -0.16983272135257720947 0.06749961525201797485 -0.00058835092931985855 -0.23768742382526397705 0.23021148145198822021 -0.05213723704218864441 0.12357980757951736450 0.21927112340927124023 -0.08568421751260757446 -0.02348620072007179260 -0.26120653748512268066 0.16671073436737060547 0.20539827644824981689 0.45964562892913818359 -0.10603341460227966309
0.00868587661534547806 -0.01035329233855009079 0.10723080486059188843 -0.03834474459290504456 0.03554841503500938416 0.03260944038629531860 -0.05184461921453475952 0.09486659616231918335 -0.10441900789737701416 -0.16026188433170318604 0.01930515840649604797 -0.04180885478854179382 -0.05551994591951370239 0.26967269182205200195 -0.08958522230386734009 -0.52792584896087646484 -0.67094516754150390625 -0.01970415189862251282 -0.09042453765869140625 0.29226171970367431641 -0.01569006592035293579 -0.23063252866268157959 -0.37011566758155822754 -0.12622927129268646240 0.08647459745407104492
-0.07819418609142303467 0.07188609242439270020 0.05648397654294967651 -0.05754268914461135864 0.01441481243818998337 -0.04334535822272300720 0.03275990486145019531 0.19767613708972930908 -0.13788029551506042480 0.33618026971817016602 0.34854444861412048340 -0.13545073568820953369 -0.08086401969194412231 0.09900506585836410522 -0.00765270227566361427 0.45026454329490661621 -0.11488715559244155884 0.06848500669002532959 0.12298770993947982788 0.20311610400676727295 0.28958094120025634766 -0.23281250894069671631 -0.43289247155189514160 -0.38502690196037292480 0.63472574949264526367
-0.20882172882556915283 0.03797372430562973022 0.05668070912361145020 -0.04193057864904403687 0.10333316773176193237 -0.08613847941160202026 0.07296898216009140015 0.42660722136497497559 -0.14250555634498596191 0.02077503316104412079 0.29231882095336914062 -0.07709562778472900391 0.04225343093276023865 0.00523125659674406052 0.14638769626617431641 0.21612720191478729248 0.38039451837539672852 0.71534103155136108398 -0.35625079274177551270 0.16518363356590270996 -0.08597158640623092651 -0.01689517498016357422 -0.09663748741149902344 -0.11908543854951858521 0.23542635142803192139
0.02046735584735870361 -0.01963347196578979492 0.00158038525842130184 -0.01302319671958684921 0.01520934794098138809 0.01417120732367038727 0.01953208632767200470 -0.15554974973201751709 0.09882374852895736694 -0.22029834985733032227 -0.28728610277175903320 0.12705184519290924072 0.03122369199991226196 -0.16624858975410461426 0.01414928212761878967 -0.26500692963600158691 0.00021301364176906645 0.01950922608375549316 -0.04309175536036491394 -0.12517806887626647949 -0.29163163900375366211 0.15581183135509490967 0.25996392965316772461 0.29557487368583679199 -0.44168636202812194824
-0.07699209451675415039 0.11100842803716659546 0.00775182107463479042 0.05479573085904121399 -0.00971171073615550995 0.01179888192564249039 -0.21486130356788635254 -0.04268863052129745483 -0.06043130904436111450 0.00867323391139507294 -0.01391223073005676270 -0.09897641837596893311 0.08516040444374084473 0.00179756397847086191 0.25883394479751586914 -0.31676158308982849121 0.46996396780014038086 0.46571391820907592773 -0.11563672125339508057 -0.50533688068389892578 -0.12819345295429229736 0.11997088789939880371 0.32287603616714477539 0.18738581240177154541 -0.23447594046592712402
-0.20905713737010955811 -0.05494370311498641968 0.06144418194890022278 -0.04828950017690658569 0.04282644391059875488 -0.01683580316603183746 -0.02268058434128761292 0.22178806364536285400 -0.17390725016593933105 0.08415132761001586914 0.35413780808448791504 -0.19532081484794616699 -0.12067955732345581055 0.41873791813850402832 0.21985414624214172363 0.41864413022994995117 -0.02388970740139484406 0.29254335165023803711 0.04563677310943603516 0.50555449724197387695 -0.05767374113202095032 -0.20002144575119018555 -0.20737130939960479736 -0.18481290340423583984 0.43355518579483032227
0.17494359612464904785 -0.15679027140140533447 -0.12774914503097534180 -0.01450960524380207062 -0.10815034061670303345 -0.08012361079454421997 0.14726932346820831299 -0.20016191899776458740 0.07561675459146499634 -0.01714428514242172241 0.13595713675022125244 0.04504048079252243042 0.08603584021329879761 0.10307083278894424438 -0.19381561875343322754 0.04866616427898406982 -0.40671339631080627441 0.30448472499847412109 0.27220198512077331543 0.61431926488876342773 0.06386698782444000244 -0.19099518656730651855 -0.17743912339210510254 -0.08788166940212249756 0.23188935220241546631
-0.11749818921089172363 0.02905704639852046967 0.02960991300642490387 -0.00628123991191387177 0.02800107374787330627 0.05230050161480903625 0.24798588454723358154 -0.25541344285011291504 -0.12409087270498275757 0.02034048363566398621 -0.16977900266647338867 0.21800126135349273682 0.33671984076499938965 0.03850955143570899963 -0.30890378355979919434 -0.39463469386100769043 -0.15973958373069763184 -0.12244140356779098511 -0.08530259132385253906 0.05921961367130279541 -0.06935894489288330078 -0.07295863330364227295 -0.03753463923931121826 -0.10086898505687713623 0.01867068931460380554
0.08962111920118331909 0.05972174555063247681 0.00749590434134006500 0.03632957115769386292 -0.04105811566114425659 0.05446573719382286072 0.01183756254613399506 0.11110298335552215576 0.24785894155502319336 0.12490099668502807617 0.17729550600051879883 -0.02961186133325099945 0.09341808408498764038 -0.00907975155860185623 0.01175625342875719070 0.12286543846130371094 -0.38537415862083435059 -0.19248026609420776367 0.36601120233535766602 0.04518694058060646057 -0.12406677007675170898 -0.06562452018260955811 -0.12623374164104461670 0.07943519204854965210 -0.12259197235107421875
0.14639741182327270508 -0.09043860435485839844 -0.01793398521840572357 0.02778449654579162598 -0.01134233828634023666 0.10680881887674331665 -0.08309672027826309204 0.04408355429768562317 0.01458127703517675400 -0.01429172419011592865 -0.01295401155948638916 0.06770921498537063599 0.17933624982833862305 0.15289118885993957520 0.19180279970169067383 -0.00998398568481206894 0.33624881505966186523 -0.14699350297451019287 -0.44989758729934692383 -0.12954981625080108643 -0.18295387923717498779 0.08247469365596771240 0.15195953845977783203 0.30450430512428283691 -0.25711861252784729004
-0.05622763931751251221 -0.04302078858017921448 0.09944858402013778687 -0.06850189715623855591 0.05506704002618789673 -0.11476144939661026001 0.07943489402532577515 0.24091500043869018555 -0.19200833141803741455 0.13482078909873962402 0.37266212701797485352 -0.13731993734836578369 -0.25441718101501464844 -0.12271944433450698853 -0.00507143605500459671 0.43888604640960693359 0.02184475027024745941 -0.01007310859858989716 0.18277148902416229248 -0.00945982523262500763 0.36280357837677001953 -0.27662843465805053711 -0.49427810311317443848 -0.57109761238098144531 0.54045927524566650391
-0.19915612041950225830 0.00595852499827742577 0.02697320841252803802 -0.03901870176196098328 0.02536104805767536163 -0.00333713390864431858 0.09008462727069854736 0.04308484867215156555 -0.10121865570545196533 -0.06735976785421371460 0.10200814157724380493 -0.12267059087753295898 -0.09373090416193008423 0.12829442322254180908 0.11307881027460098267 0.33816781640052795410 -0.16137269139289855957 -0.08112818002700805664 0.25980186462402343750 0.17476418614387512207 0.20063868165016174316 -0.20441891252994537354 -0.25831946730613708496 -0.30000054836273193359 0.29263767600059509277
-0.06978725641965866089 -0.00506604555994272232 0.02569652162492275238 0.00944776926189661026 -0.03389564529061317444 0.02574327401816844940 0.41269913315773010254 -0.34042817354202270508 -0.15093721449375152588 -0.17229968309402465820 0.04033651947975158691 -0.01553982216864824295 0.20115785300731658936 0.26082867383956909180 -0.10713088512420654297 -0.50618368387222290039 0.24030788242816925049 -0.47511750459671020508 -0.03714613988995552063 0.08544322848320007324 0.01151990704238414764 -0.06034204736351966858 0.06948577612638473511 -0.03533951565623283386 0.05513428896665573120
-0.02602659724652767181 0.08248126506805419922 -0.00922389049082994461 0.04159864783287048340 -0.06841011345386505127 0.03242244198918342590 -0.01231987401843070984 0.07322102040052413940 0.08763526380062103271 0.01266531180590391159 0.08823446929454803467 0.01164399366825819016 0.16826203465461730957 0.04956455901265144348 -0.34767174720764160156 -0.03069425560534000397 -0.32231944799423217773 -0.63509911298751831055 0.36875036358833312988 0.16198475658893585205 0.16328595578670501709 -0.00875222403556108475 -0.41634604334831237793 -0.10429968684911727905 0.10655330121517181396
0.09949932992458343506 0.08933968096971511841 0.00003405578900128603 0.07499101012945175171 0.02687443792819976807 -0.00045925512677058578 -0.02784642577171325684 -0.39582291245460510254 -0.11305689066648483276 -0.14134773612022399902 -0.19493828713893890381 0.08452860265970230103 0.00823992490768432617 -0.03704266250133514404 -0.05193552002310752869 -0.04311113804578781128 -0.35519120097160339355 -0.05738641321659088135 0.16044387221336364746 0.07729052007198333740 -0.08694605529308319092 0.06690350919961929321 -0.00721899094060063362 -0.05035208910703659058 -0.13728848099708557129
0.07099633663892745972 -0.00504400208592414856 -0.05651215836405754089 0.03284215554594993591 0.00902231596410274506 0.07711129635572433472 -0.06799779832363128662 -0.06590718775987625122 -0.09164719283580780029 -0.14041018486022949219 -0.22651059925556182861 0.02483287639915943146 0.04462972655892372131 -0.11784906685352325439 0.20837537944316864014 -0.06645862758159637451 -0.03804120048880577087 0.12867136299610137939 -0.26000130176544189453 -0.24903972446918487549 -0.30299159884452819824 0.18817563354969024658 0.30985713005065917969 0.33037504553794860840 -0.28827375173568725586
0.03679671883583068848 0.04927094653248786926 0.06629916280508041382 0.01674085669219493866 0.03235816955566406250 -0.01859281770884990692 -0.11791326850652694702 -0.18427844345569610596 -0.00012783877900801599 -0.26972216367721557617 -0.20271103084087371826 0.03066429123282432556 -0.45305034518241882324 -0.19155579805374145508 -0.11229919642210006714 0.03504116833209991455 -0.50745934247970581055 0.00688854977488517761 0.45707952976226806641 0.14573521912097930908 -0.19889840483665466309 -0.31728187203407287598 -0.04632098972797393799 -0.16663275659084320068 0.18221431970596313477
-0.19822667539119720459 -0.02422623150050640106 0.03794984892010688782 -0.03888838738203048706 0.02000121399760246277 -0.06767222285270690918 0.28059151768684387207 0.13248381018638610840 -0.01292108464986085892 0.12332196533679962158 0.04407465085387229919 0.19850113987922668457 0.33647432923316955566 0.01497698482125997543 -0.20110905170440673828 0.00383094511926174164 -0.26893121004104614258 -0.09390179812908172607 -0.12583227455615997314 0.59222048521041870117 0.19192403554916381836 -0.26618623733520507812 -0.34359487891197204590 -0.20766754448413848877 0.33699873089790344238
-0.06360714137554168701 0.08811150491237640381 -0.02912128902971744537 0.01294616237282752991 0.00505612604320049286 0.07269205898046493530 0.04709554836153984070 -0.05918814986944198608 -0.26130267977714538574 0.46684128046035766602 -0.04013227298855781555 0.05154081434011459351 0.38370895385742187500 0.06310464441776275635 -0.24611878395080566406 0.13957430422306060791 0.11227383464574813843 0.36116436123847961426 -0.15871647000312805176 -0.13433995842933654785 0.12951630353927612305 0.16987092792987823486 0.30455085635185241699 0.39241892099380493164 -0.11950533092021942139
0.16843634843826293945 0.00826578866690397263 0.06131708249449729919 0.03572728484869003296 0.01022473629564046860 0.16938139498233795166 -0.06027824059128761292 -0.00205996539443731308 -0.07499093562364578247 0.01487141568213701248 0.21517391502857208252 -0.17183445394039154053 -0.16169357299804687500 -0.25928124785423278809 0.00151005631778389215 -0.22300042212009429932 0.45399469137191772461 0.07167363911867141724 -0.01538541726768016815 -0.09004538506269454956 -0.17829817533493041992 0.19778041541576385498 0.18198105692863464355 0.24667938053607940674 -0.00657231872901320457
-0.05848135799169540405 -0.09233842790126800537 -0.00348479230888187885 0.06109033897519111633 -0.02457323297858238220 0.06942576169967651367 -0.26400777697563171387 0.09786906838417053223 0.18295224010944366455 0.15893241763114929199 0.09744079411029815674 -0.02099250629544258118 0.22945265471935272217 -0.03281025961041450500 0.11132742464542388916 0.01583003439009189606 0.13855183124542236328 0.60178345441818237305 -0.02660854719579219818 -0.31389304995536804199 -0.26813435554504394531 0.17721551656723022461 0.28594425320625305176 0.39639160037040710449 -0.27377843856811523438
0.12193010747432708740 -0.10297916084527969360 0.01063578668981790543 0.01953657157719135284 -0.06465077400207519531 0.03880485892295837402 0.07112336903810501099 -0.21658566594123840332 0.19307431578636169434 -0.22521349787712097168 -0.08405601978302001953 0.15514065325260162354 -0.18730245530605316162 -0.10496450960636138916 0.30610546469688415527 0.61537486314773559570 0.30947473645210266113 0.09883829206228256226 -0.06815939396619796753 0.20846673846244812012 0.02799953520298004150 -0.11072731763124465942 -0.08789829909801483154 -0.24779368937015533447 0.32889661192893981934
0.08319210261106491089 0.08711411058902740479 -0.01884031854569911957 -0.02145051583647727966 -0.00344535009935498238 -0.01110436208546161652 -0.04989951848983764648 0.17472513020038604736 0.25072336196899414062 -0.19736367464065551758 -0.10918314754962921143 0.13094447553157806396 0.26896768808364868164 0.16908335685729980469 -0.01966352760791778564 -0.58029413223266601562 0.23585771024227142334 0.43284437060356140137 -0.23201733827590942383 0.09728866815567016602 -0.54955613613128662109 -0.01528374385088682175 0.29004096984863281250 0.25441753864288330078 -0.22070334851741790771
-0.05624037981033325195 0.09215495735406875610 -0.01727519556879997253 0.02120169252157211304 -0.03828207403421401978 -0.12482570856809616089 -0.29934361577033996582 0.28918880224227905273 0.22739867866039276123 -0.28103148937225341797 -0.11919819563627243042 0.01172099914401769638 -0.19355218112468719482 0.21025261282920837402 -0.08055943995714187622 -0.33132001757621765137 -0.61910170316696166992 0.04648146033287048340 -0.17099148035049438477 0.03455476835370063782 0.18715415894985198975 -0.36367884278297424316 -0.28949648141860961914 -0.26532888412475585938 0.43313768506050109863
-0.10045433789491653442 0.03419862687587738037 0.04183424636721611023 -0.06595661491155624390 0.01595694571733474731 -0.05603259429335594177 -0.06430240720510482788 0.36574724316596984863 -0.02689363993704319000 -0.00919071398675441742 0.23575936257839202881 -0.22885468602180480957 -0.36310225725173950195 0.09196931868791580200 0.11174482852220535278 0.33837661147117614746 -0.08583529293537139893 0.05953723192214965820 0.29352822899818420410 0.00157079682685434818 0.31506225466728210449 -0.27279776334762573242 -0.35061350464820861816 -0.41613903641700744629 0.41860055923461914062
0.06550034880638122559 -0.03575326502323150635 -0.02778094820678234100 -0.02187047526240348816 0.00663988571614027023 -0.04228125512599945068 0.21953077614307403564 -0.00652428576722741127 0.02954280376434326172 -0.09703500568866729736 0.01393631380051374435 0.06541591137647628784 -0.05850192904472351074 0.06446582823991775513 -0.12573021650314331055 0.24895656108856201172 -0.23966905474662780762 -0.31134685873985290527 0.20962442457675933838 0.32300657033920288086 0.19032576680183410645 -0.06386384367942810059 -0.32412886619567871094 -0.15237419307231903076 0.21100616455078125000
-0.08633427321910858154 0.00812342762947082520 -0.00360147305764257908 0.07022245973348617554 0.01022721547633409500 0.05093940719962120056 0.00514332670718431473 -0.32770130038261413574 -0.08722889423370361328 0.05920038372278213501 -0.11661074310541152954 -0.09093131124973297119 -0.37938579916954040527 -0.07382377237081527710 -0.07836399972438812256 0.07367343455553054810 -0.30376681685447692871 -0.30380704998970031738 0.41486623883247375488 -0.06250800937414169312 0.06585592776536941528 0.14027874171733856201 0.04272060096263885498 -0.07614865154027938843 -0.11260031908750534058
0.08354061096906661987 0.19997967779636383057 -0.04614791274070739746 0.11300057917833328247 0.04653383046388626099 0.14910998940467834473 0.09567521512508392334 -0.35663551092147827148 -0.18202944099903106689 -0.48505917191505432129 -0.26600226759910583496 0.10045521706342697144 0.11731798946857452393 0.09468279033899307251 -0.14114944636821746826 -0.71302056312561035156 0.20056769251823425293 -0.02999725937843322754 0.13602098822593688965 -0.14161191880702972412 -0.30009597539901733398 -0.05104013532400131226 0.22687269747257232666 0.12916485965251922607 0.12396119534969329834
-0.08133719116449356079 -0.02176927216351032257 -0.08231555670499801636 0.09908039867877960205 -0.01622214168310165405 0.16711838543415069580 -0.03543559834361076355 -0.15833294391632080078 0.23080168664455413818 -0.20304621756076812744 -0.04128566011786460876 0.04119224846363067627 0.03252404928207397461 -0.12984743714332580566 0.09390020370483398438 -0.06703139841556549072 -0.03973902016878128052 -0.03906264528632164001 -0.30899679660797119141 0.05517901852726936340 -0.22043356299400329590 0.14335951209068298340 0.28228241205215454102 0.17597569525241851807 -0.08804175257682800293
-0.00851519498974084854 -0.00222376640886068344 -0.01266176719218492508 -0.02253505215048789978 0.03651905059814453125 0.09903676062822341919 0.44376993179321289062 -0.06077823415398597717 -0.05244601890444755554 -0.10498096793889999390 0.09408973902463912964 0.09461189806461334229 0.19370418787002563477 0.05294701457023620605 -0.37838116288185119629 0.17018306255340576172 0.18650113046169281006 -0.09066435694694519043 0.14645755290985107422 0.17536520957946777344 0.20118953287601470947 -0.10480882227420806885 -0.01526820845901966095 -0.18667501211166381836 0.25101935863494873047
0.14635226130485534668 0.12145308405160903931 0.05803065001964569092 -0.00211008777841925621 0.03697751462459564209 -0.06825914978981018066 -0.29601168632507324219 -0.07944108545780181885 -0.23260666429996490479 -0.04914695769548416138 0.07059036195278167725 -0.01865026541054248810 -0.07808417081832885742 0.23550312221050262451 -0.06783194094896316528 -0.09626702219247817993 -0.23488505184650421143 -0.48069655895233154297 0.00737393181771039963 0.04349148645997047424 -0.10765136033296585083 -0.16224336624145507812 -0.17167976498603820801 -0.05660738795995712280 0.25408843159675598145
0.12074511498212814331 -0.15324705839157104492 -0.01966615952551364899 0.09147175401449203491 -0.02752268128097057343 0.04240870848298072815 0.04979981482028961182 -0.41002786159515380859 -0.03796901926398277283 -0.00233905040659010410 -0.26113113760948181152 0.07179784029722213745 -0.07236739993095397949 -0.32067927718162536621 -0.05921782925724983215 -0.08592313528060913086 0.12342086434364318848 0.59669548273086547852 -0.27205213904380798340 0.03595391660928726196 -0.42062559723854064941 0.24050223827362060547 0.51307493448257446289 0.32577249407768249512 -0.69857960939407348633
0.09017861634492874146 -0.05910786241292953491 -0.13043256103992462158 0.10684815049171447754 -0.08653582632541656494 0.15353424847126007080 -0.15456882119178771973 0.05679865926504135132 0.30494898557662963867 -0.10012230277061462402 0.11586513370275497437 -0.16026842594146728516 -0.11812493950128555298 -0.04679453745484352112 -0.04357643425464630127 -0.16467538475990295410 0.57664662599563598633 -0.25156968832015991211 -0.06419437378644943237 -0.16633109748363494873 -0.14075113832950592041 0.37056460976600646973 0.42627152800559997559 0.26106691360473632812 -0.31304299831390380859
-0.00772645557299256325 0.08585536479949951172 -0.00413182936608791351 -0.01884671300649642944 0.03224688023328781128 -0.07638982683420181274 0.03482320532202720642 0.25162866711616516113 0.01812085323035717010 -0.02247206307947635651 0.06912022083997726440 -0.14227832853794097900 0.06137574836611747742 0.12997834384441375732 -0.27193039655685424805 -0.59769314527511596680 -0.41728919744491577148 -0.12946739792823791504 0.11454429477453231812 -0.05663459748029708862 0.02306037582457065582 -0.01249669771641492844 0.01252679619938135147 0.02734423987567424774 0.00533916056156158447
0.11029142141342163086 -0.08296983689069747925 0.07035525888204574585 -0.00983183644711971283 -0.02632599137723445892 -0.00111090694554150105 -0.01600873097777366638 -0.02668038196861743927 -0.09984107315540313721 0.14216795563697814941 0.02751526981592178345 -0.04776949435472488403 0.07398124039173126221 -0.12972924113273620605 0.12099881470203399658 -0.15991090238094329834 0.41862070560455322266 0.17276637256145477295 -0.08317564427852630615 -0.22361065447330474854 -0.06612720340490341187 0.05211869627237319946 0.23313981294631958008 0.02487153559923171997 -0.16535925865173339844
-0.14708366990089416504 0.02289037965238094330 0.05385704338550567627 -0.02641989476978778839 -0.00294370483607053757 -0.09651283174753189087 -0.02320654317736625671 0.04049459472298622131 0.06466230005025863647 0.16849179565906524658 -0.00964345317333936691 0.02472281828522682190 0.25363555550575256348 -0.26835036277770996094 0.00380302220582962036 0.09588972479104995728 0.60109102725982666016 -0.18070545792579650879 -0.03717838600277900696 -0.53930926322937011719 0.10612574219703674316 0.29735150933265686035 0.28679123520851135254 0.30437982082366943359 -0.46964657306671142578
-0.08228629827499389648 -0.04776974394917488098 0.01869112439453601837 -0.02476289868354797363 0.00771605828776955605 -0.03509328141808509827 0.03753124549984931946 0.00880622118711471558 -0.19629345834255218506 -0.18930676579475402832 -0.18655554950237274170 0.02536240592598915100 -0.01849116757512092590 0.00453846203163266182 0.18853090703487396240 -0.00133079360239207745 0.29540672898292541504 0.46519562602043151855 -0.35689091682434082031 -0.01385241840034723282 -0.10610675811767578125 0.04614131525158882141 0.17918433248996734619 0.03694855794310569763 -0.03725449368357658386
0.12435563653707504272 0.07538554817438125610 0.00827580317854881287 0.02739914692938327789 -0.02883636392652988434 -0.09504532068967819214 -0.08901715278625488281 -0.22119823098182678223 0.01341959834098815918 -0.05246122553944587708 0.08993322402238845825 0.07522810995578765869 0.10183434933423995972 0.04132849350571632385 -0.36522111296653747559 0.03928754478693008423 -0.06146723777055740356 -0.21825456619262695312 0.12003207951784133911 0.11753366887569427490 0.03935529291629791260 -0.19974203407764434814 -0.22644329071044921875 -0.12188927084207534790 0.26172581315040588379
0.04509295895695686340 -0.06603948026895523071 0.02024472691118717194 0.00267310487106442451 -0.00883719697594642639 0.01629028469324111938 -0.08340497314929962158 -0.12431322038173675537 0.06313921511173248291 -0.52448999881744384766 -0.04243840649724006653 -0.20815902948379516602 -0.09400805830955505371 -0.07652799785137176514 0.06200959533452987671 -0.01294051203876733780 0.20174783468246459961 0.45716184377670288086 0.22670857608318328857 -0.14321929216384887695 -0.26296812295913696289 0.06340613961219787598 0.16546189785003662109 0.05306611582636833191 -0.05307103693485260010
