-0.11243214458227157593
0.06896667927503585815
-0.03416254743933677673
0.02680206671357154846
-0.02672099322080612183
0.05345688015222549438
0.26279661059379577637
0.27767959237098693848
0.11658332496881484985
0.08908863365650177002
-0.16092132031917572021
0.61373567581176757812
0.08464303612709045410
-0.26803284883499145508
-0.21847204864025115967
-0.48039731383323669434
-0.28831416368484497070
-0.36243298649787902832
-0.21408399939537048340
-0.68507939577102661133
-0.55035978555679321289
0.81044805049896240234
0.71559858322143554688
1.08133900165557861328
-0.84810763597488403320
