-0.02753332257270812988 -0.06043068319559097290 0.00384542066603899002 -0.01019677892327308655 0.01003136299550533295 0.00537862721830606461 -0.02232462726533412933 -0.15933528542518615723 0.33625692129135131836 0.03396280109882354736 0.06716273725032806396 -0.02335615642368793488 -0.17192645370960235596 -0.07877594232559204102 -0.08607520908117294312 -0.15192081034183502197 0.01976750232279300690 -0.60895889997482299805 -0.11041001975536346436 -0.15137889981269836426 -0.09107755869626998901 0.03739036247134208679 0.01279011089354753494 -0.04736842587590217590 -0.01782783865928649902
-0.00532022584229707718 0.05421542003750801086 0.00250017875805497169 0.00795262958854436874 0.02141932584345340729 0.02567959204316139221 0.00468715326860547066 -0.02846030704677104950 0.32943010330200195312 -0.08392274379730224609 0.06059382110834121704 -0.06590791046619415283 -0.09173331409692764282 0.14222995936870574951 -0.19597725570201873779 0.35333362221717834473 -0.33821460604667663574 -0.27271127700805664062 0.01195445470511913300 -0.34735551476478576660 -0.06985700130462646484 0.09633386880159378052 -0.01003590505570173264 -0.00684671429917216301 -0.05242144316434860229
0.10824435204267501831 -0.03233597800135612488 0.03949934244155883789 0.00155856716446578503 0.01402257941663265228 0.00890924688428640366 0.00197792192921042442 -0.17376354336738586426 -0.05060726031661033630 -0.01533653959631919861 0.10854690521955490112 -0.03357879444956779480 -0.01248552277684211731 0.01611156947910785675 0.31799045205116271973 0.20842058956623077393 -0.11844141036272048950 0.64806920289993286133 0.01641196198761463165 -0.43517401814460754395 0.00507086608558893204 0.04738350585103034973 0.04106942191720008850 0.12892092764377593994 0.02211039513349533081
0.80773943662643432617 -0.15443843603134155273 0.05744100362062454224 -0.01651648245751857758 0.02099354937672615051 0.00770084746181964874 0.01838190853595733643 -0.28232410550117492676 0.16153612732887268066 0.07081879675388336182 0.09901325404644012451 -0.04705189168453216553 -0.45282199978828430176 -0.15924745798110961914 -0.33967745304107666016 -0.27348801493644714355 -0.39839977025985717773 -0.37317451834678649902 0.23401173949241638184 0.18560448288917541504 0.01489325612783432007 -0.09701601415872573853 -0.05352585390210151672 -0.09583488106727600098 0.03031817823648452759
-0.13931719958782196045 0.03249299526214599609 -0.00617772992700338364 0.00859061442315578461 -0.00322152301669120789 0.00742377061396837234 0.03995198011398315430 -0.07974754273891448975 0.28708484768867492676 -0.02589513175189495087 0.14874966442584991455 -0.09310918301343917847 -0.40732714533805847168 -0.05282687023282051086 0.04023282602429389954 -0.40912857651710510254 0.18969501554965972900 -0.24131926894187927246 0.43153199553489685059 0.26967853307723999023 -0.06609941273927688599 -0.01917448081076145172 -0.09957002103328704834 -0.09144236147403717041 0.01024551782757043839
0.04150148481130599976 0.02397590689361095428 0.00380449788644909859 0.00710677867755293846 0.01769508980214595795 0.00907888542860746384 0.08268705755472183228 0.13974897563457489014 -0.09599261730909347534 0.08477902412414550781 0.11756862699985504150 -0.18344053626060485840 -0.06815414875745773315 0.08710149675607681274 -0.10626742988824844360 0.04537774994969367981 0.21577906608581542969 -0.11116902530193328857 0.02053545229136943817 0.24834895133972167969 -0.15805785357952117920 -0.11378441751003265381 -0.15557383000850677490 -0.13422828912734985352 0.11474393308162689209
0.20580214262008666992 -0.04659494012594223022 0.00097669113893061876 -0.00892548821866512299 -0.00360376993194222450 -0.00116582412738353014 -0.01313380617648363113 -0.16834592819213867188 0.26194360852241516113 -0.02084700018167495728 0.07772055268287658691 -0.09426748007535934448 0.03333315253257751465 -0.00953255780041217804 0.14951881766319274902 0.01228387653827667236 -0.09123566001653671265 0.40103247761726379395 -0.19377872347831726074 -0.11001623421907424927 -0.01618446037173271179 0.10497933626174926758 0.09472201019525527954 0.01807764545083045959 -0.07287710160017013550
0.34306052327156066895 0.03552972897887229919 -0.00990684516727924347 -0.00671006552875041962 0.00973982084542512894 0.01626060158014297485 0.01216704957187175751 -0.06485022604465484619 0.07722735404968261719 0.20063334703445434570 0.14084760844707489014 0.07673817873001098633 -0.07423453778028488159 -0.06577765941619873047 -0.07924859970808029175 0.27702423930168151855 0.15380746126174926758 -0.37241822481155395508 -0.04549609124660491943 -0.14858406782150268555 -0.04857082292437553406 0.03487760946154594421 0.00717971380800008774 -0.01717663556337356567 -0.03662932664155960083
0.07156747579574584961 -0.02369050495326519012 -0.00873614568263292313 0.00895610637962818146 0.01527359057217836380 -0.00565719744190573692 -0.00459736119955778122 0.06106733530759811401 -0.19239632785320281982 0.15848605334758758545 0.12013873457908630371 -0.06385156512260437012 0.09852834790945053101 0.09230896085500717163 -0.13133445382118225098 0.10755874216556549072 -0.15968602895736694336 -0.58222091197967529297 -0.12913380563259124756 0.03399363532662391663 -0.10891520231962203979 0.05630527809262275696 0.02380747534334659576 -0.00285364734008908272 -0.00894445832818746567
-0.05351527407765388489 -0.05233405902981758118 -0.02204062417149543762 0.00702458247542381287 -0.00362060824409127235 -0.00329903373494744301 0.02235970459878444672 -0.07528509944677352905 0.17052358388900756836 -0.14008696377277374268 -0.00416164984926581383 0.00545406807214021683 -0.02591644041240215302 -0.02474618516862392426 0.01451738085597753525 0.22496704757213592529 0.13436812162399291992 0.71816211938858032227 0.00721032684668898582 0.04930638894438743591 0.09700107574462890625 0.06324735283851623535 -0.02646706812083721161 0.03735956922173500061 -0.01119601074606180191
0.03527319058775901794 -0.00532912742346525192 -0.00981885660439729691 0.00058196188183501363 -0.00482096476480364799 -0.01668140292167663574 -0.08885992318391799927 0.04189747199416160583 0.17550319433212280273 -0.14777250587940216064 -0.24296584725379943848 0.14107552170753479004 0.03449755907058715820 -0.06728379428386688232 0.10012322664260864258 -0.13084687292575836182 -0.06760253757238388062 0.41934165358543395996 -0.03885620087385177612 0.01369134709239006042 0.07841651141643524170 0.07568959146738052368 -0.02564160525798797607 -0.02592301182448863983 -0.02975923009216785431
-0.21524082124233245850 0.03950583189725875854 -0.00971545930951833725 0.01020151469856500626 -0.00875672977417707443 -0.03313087299466133118 -0.02735902741551399231 -0.15752318501472473145 -0.09924270212650299072 0.16092224419116973877 0.07146006077527999878 -0.04415217787027359009 0.00942921824753284454 0.09404812753200531006 0.24600175023078918457 -0.15137612819671630859 0.77105659246444702148 -0.04661744087934494019 0.25637313723564147949 0.26262724399566650391 0.03858773037791252136 0.04010597243905067444 0.08055407553911209106 0.02476745098829269409 -0.09574354439973831177
0.00768484314903616905 -0.02649474889039993286 0.01102820318192243576 -0.01138479821383953094 -0.00761921843513846397 -0.01865109428763389587 -0.06336213648319244385 -0.00952661130577325821 0.21706108748912811279 -0.17756161093711853027 -0.05180819332599639893 0.01661496609449386597 -0.06031043827533721924 0.04977660253643989563 0.23443552851676940918 0.08840636909008026123 0.14618363976478576660 0.37008115649223327637 -0.01846586912870407104 0.10701619088649749756 0.06993231177330017090 0.03932482376694679260 0.04050077125430107117 0.03465165570378303528 -0.07436221092939376831
0.19139641523361206055 -0.03744558244943618774 0.00944885332137346268 -0.00683188112452626228 0.02645669877529144287 -0.00158959417603909969 0.03398505598306655884 -0.14298726618289947510 0.11347867548465728760 0.00822011847048997879 0.20518121123313903809 -0.28824207186698913574 -0.07697450369596481323 0.06690677255392074585 0.10237953066825866699 -0.02255860157310962677 -0.09039133787155151367 0.27868732810020446777 0.01264653261750936508 0.14674533903598785400 -0.03993259370326995850 0.03553893417119979858 0.02549858950078487396 0.03323371335864067078 0.04126226902008056641
-0.19180020689964294434 0.12348118424415588379 0.01016645785421133041 0.01300756540149450302 0.01392433047294616699 0.02012225799262523651 0.05162964388728141785 -0.02535426989197731018 0.22415715456008911133 -0.00237946282140910625 -0.02733007073402404785 0.03094419278204441071 0.13363511860370635986 0.04785054549574851990 -0.25531414151191711426 -0.34190174937248229980 -0.69392091035842895508 -0.64453411102294921875 0.24050359427928924561 -0.53658002614974975586 -0.03344768285751342773 0.03146838024258613586 0.04023497924208641052 0.01689456775784492493 0.00029734196141362190
-0.09650714695453643799 -0.00714544020593166351 -0.04010124877095222473 -0.02244216762483119965 -0.00335834943689405918 -0.02188129909336566925 -0.04996781051158905029 0.26844447851181030273 -0.12195434421300888062 -0.20656487345695495605 -0.13746787607669830322 0.05650559812784194946 -0.00806296896189451218 -0.09317844361066818237 0.13699324429035186768 -0.42858761548995971680 0.04937930032610893250 0.84414434432983398438 0.08697485178709030151 0.02020024135708808899 0.04401651397347450256 -0.06084856390953063965 0.12696491181850433350 0.00194264180026948452 0.03250073641538619995
-0.17689666152000427246 0.12511685490608215332 0.03460179641842842102 0.03329217433929443359 0.00918979104608297348 0.05075920373201370239 0.04950149357318878174 0.00447497004643082619 -0.26972728967666625977 0.17168381810188293457 0.21890170872211456299 -0.11830265820026397705 0.11023450642824172974 0.05998288840055465698 -0.19754873216152191162 0.57674437761306762695 -0.17978455126285552979 -0.99491500854492187500 -0.56476575136184692383 -0.06604009866714477539 -0.13146890699863433838 0.06585972011089324951 -0.02297588065266609192 0.02746892720460891724 -0.02540136687457561493
0.17723201215267181396 0.00171416066586971283 0.03454962000250816345 0.00972960330545902252 0.01554367877542972565 0.02607161924242973328 0.06973000615835189819 -0.15103641152381896973 0.13470320403575897217 0.03333263099193572998 -0.02436846867203712463 -0.01997432485222816467 -0.20312437415122985840 -0.23800328373908996582 -0.48117977380752563477 -0.00377401523292064667 -0.07981989532709121704 -0.45190358161926269531 -0.07601854205131530762 0.40027970075607299805 -0.08515893667936325073 -0.10172327607870101929 -0.07399870455265045166 -0.08574993908405303955 0.08301138132810592651
-0.04725646600127220154 -0.00129759986884891987 0.00341533985920250416 0.00849842745810747147 0.02123871073126792908 -0.01561688538640737534 0.00327788479626178741 -0.19232347607612609863 0.10193665325641632080 0.17871132493019104004 0.32916995882987976074 -0.11516309529542922974 0.18724659085273742676 0.15464614331722259521 0.05310540273785591125 0.01533491350710391998 0.10153726488351821899 -0.10805833339691162109 0.18292401731014251709 0.16698750853538513184 0.09964039921760559082 0.04917033016681671143 0.04181677103042602539 0.04594748467206954956 -0.01661599613726139069
-0.10308735817670822144 0.00249713705852627754 0.04437891021370887756 -0.00772900180891156197 0.00854454375803470612 0.00827264506369829178 0.01474018488079309464 -0.26131454110145568848 0.19464515149593353271 0.11221972852945327759 0.18800218403339385986 -0.31743392348289489746 0.27819588780403137207 -0.08217406272888183594 -0.34813860058784484863 0.25009262561798095703 0.03264524415135383606 -0.41375520825386047363 0.00666501186788082123 0.43804201483726501465 0.02017540112137794495 -0.02718457952141761780 -0.03742438182234764099 -0.01311913970857858658 0.06153705716133117676
0.05083750560879707336 0.10174978524446487427 0.02881672419607639313 0.02608774229884147644 0.01492314413189888000 0.01157390046864748001 -0.00245957542210817337 -0.08846907317638397217 -0.17367729544639587402 -0.02444504015147686005 -0.05795601010322570801 -0.01525389030575752258 0.14517615735530853271 0.15929612517356872559 0.06958191096782684326 -0.13466359674930572510 0.28483188152313232422 0.46064946055412292480 0.12885960936546325684 -0.27125477790832519531 0.04586063697934150696 0.07764733582735061646 0.00396298244595527649 0.02652256377041339874 -0.05971720069646835327
0.18595722317695617676 0.02654356136918067932 -0.00671175215393304825 -0.00409102346748113632 -0.00827352330088615417 0.00016196293290704489 0.01591371186077594757 -0.14354580640792846680 -0.18785077333450317383 -0.05126184597611427307 0.08605127036571502686 0.09290285408496856689 -0.07916156947612762451 -0.05394667759537696838 0.29583951830863952637 -0.15488755702972412109 -0.18128046393394470215 0.46592813730239868164 -0.19459556043148040771 -0.22240993380546569824 0.05826257541775703430 -0.02722439356148242950 -0.02171621471643447876 0.05375662073493003845 -0.04217064380645751953
-0.10585169494152069092 -0.03332044184207916260 0.00108152616303414106 -0.02542333677411079407 -0.01071800012141466141 -0.00870282389223575592 -0.02177174575626850128 -0.11729340255260467529 -0.11113844811916351318 -0.15378092229366302490 -0.03529934585094451904 0.07926731556653976440 -0.00753012252971529961 0.02473914064466953278 0.06939166784286499023 0.28193295001983642578 -0.13592447340488433838 0.25099682807922363281 -0.08734460175037384033 -0.04810248687863349915 0.06676349043846130371 0.01281287893652915955 0.01208216883242130280 0.03141721710562705994 -0.02987611107528209686
0.25826007127761840820 -0.03412888199090957642 0.03231461718678474426 -0.00676861032843589783 -0.00046376767568290234 0.01434937492012977600 -0.03122263401746749878 -0.05495657771825790405 -0.37428832054138183594 0.08904285728931427002 0.07117659598588943481 0.08104351162910461426 -0.01950545422732830048 0.01859377324581146240 0.31286194920539855957 -0.12687435746192932129 -0.09437982738018035889 0.53178590536117553711 -0.13878293335437774658 -0.05728237703442573547 0.08952759206295013428 0.01126852631568908691 0.06105633452534675598 0.06890532374382019043 -0.05688131973147392273
0.12305899709463119507 -0.07452182471752166748 -0.00482428260147571564 0.00011986400932073593 -0.00660402793437242508 -0.02196343429386615753 -0.01786701567471027374 0.17688123881816864014 0.18128940463066101074 -0.03627806156873703003 0.02392632886767387390 -0.10339967161417007446 -0.05476468801498413086 -0.08113244920969009399 -0.19642764329910278320 0.17287418246269226074 0.32626900076866149902 -0.60434424877166748047 0.22430332005023956299 0.51744496822357177734 -0.16045053303241729736 -0.03499174118041992188 -0.07250567525625228882 -0.09654188156127929688 0.09054106473922729492
0.11905202269554138184 -0.05745050683617591858 0.04680581390857696533 0.00986426044255495071 0.01791169308125972748 0.00084938912186771631 0.07202307879924774170 -0.21872602403163909912 -0.46313211321830749512 0.33222299814224243164 0.36799928545951843262 -0.22734275460243225098 0.20632649958133697510 -0.02286755666136741638 -0.16316872835159301758 0.49255454540252685547 0.16009345650672912598 -0.75708109140396118164 -0.26376551389694213867 0.07583666592836380005 0.00908554159104824066 0.03315048664808273315 0.09281864017248153687 0.04705787450075149536 -0.05388110131025314331
-0.28468713164329528809 0.03286349028348922729 -0.00540094403550028801 -0.00391186214983463287 -0.00435194000601768494 0.00359495915472507477 -0.00467397086322307587 0.00321850110776722431 0.28314119577407836914 -0.18495173752307891846 -0.06818703562021255493 -0.22800129652023315430 0.31980761885643005371 0.17569331824779510498 0.12069632112979888916 -0.09121280163526535034 0.36431056261062622070 0.49255353212356567383 0.18025037646293640137 0.27328565716743469238 0.07699351012706756592 -0.06159453094005584717 -0.03171404451131820679 -0.01186635438352823257 0.02191969938576221466
-0.00409809127449989319 0.04356808960437774658 -0.01062934473156929016 0.00441931327804923058 -0.01273178402334451675 -0.03072634898126125336 -0.00052838830742985010 0.07478066533803939819 -0.08181902021169662476 -0.01340667158365249634 -0.14035795629024505615 0.04266878217458724976 0.06451291590929031372 -0.11281467974185943604 -0.05451903864741325378 -0.18557500839233398438 0.22061835229396820068 -0.09163872152566909790 -0.15707233548164367676 0.37397241592407226562 0.08110198378562927246 -0.00120035384315997362 0.01323767006397247314 0.00904902443289756775 -0.02267704159021377563
-0.03652155026793479919 0.01770989969372749329 0.00067346799187362194 -0.00411538453772664070 0.02830808795988559723 0.02170467562973499298 0.02696556039154529572 0.04032166302204132080 -0.01505333371460437775 0.07885269075632095337 0.23783759772777557373 -0.14608585834503173828 0.08917161822319030762 0.16586498916149139404 0.06064485013484954834 0.03281372785568237305 0.28832316398620605469 -0.12739628553390502930 0.19365081191062927246 0.10058677941560745239 0.00211799726821482182 0.03169957920908927917 0.10612978786230087280 0.01690130308270454407 -0.05618935078382492065
-0.01544798910617828369 0.02798490971326828003 -0.02032515220344066620 0.00849860627204179764 0.01040203310549259186 0.02732709981501102448 0.00804578326642513275 -0.13647367060184478760 -0.14859165251255035400 0.18638803064823150635 0.13984937965869903564 -0.00040550262201577425 0.00749160675331950188 -0.06109372526407241821 0.00333247659727931023 -0.19311831891536712646 0.10734656453132629395 -0.25401252508163452148 0.19669851660728454590 -0.14371569454669952393 -0.00545045780017971992 0.03916553780436515808 0.06180050596594810486 0.05572662129998207092 0.00189583178143948317
-0.26115402579307556152 -0.09583781659603118896 0.00639830715954303741 -0.01410598400980234146 -0.01052261795848608017 0.00582197355106472969 0.00596751924604177475 -0.12947010993957519531 -0.02875364758074283600 0.09373439848423004150 -0.05473648384213447571 0.04391555115580558777 -0.00079095078399404883 0.13953900337219238281 -0.28425797820091247559 0.43491655588150024414 -0.13172233104705810547 -0.66624695062637329102 0.01469612121582031250 -0.02615151740610599518 -0.04291092604398727417 -0.00979150086641311646 -0.07489911466836929321 -0.08365786820650100708 0.04589547216892242432
-0.11595016717910766602 0.02986882999539375305 -0.03039305098354816437 -0.00843810755759477615 -0.00159806502051651478 -0.01713068783283233643 -0.05725554376840591431 0.17515668272972106934 0.13027134537696838379 -0.28072568774223327637 -0.51580154895782470703 0.18040254712104797363 0.07688698917627334595 -0.17243784666061401367 -0.15713991224765777588 -0.20643316209316253662 -0.18560907244682312012 0.12014672160148620605 -0.00583709776401519775 0.16129846870899200439 -0.01350621879100799561 0.06000368297100067139 -0.05045898258686065674 -0.07829458266496658325 0.03796057030558586121
-0.27130913734436035156 0.04460206627845764160 0.01270136050879955292 0.00020805398526135832 -0.00760725745931267738 -0.00211532856337726116 -0.00957689527422189713 0.17567144334316253662 -0.18197765946388244629 -0.03292543441057205200 -0.20014001429080963135 0.08106365054845809937 -0.06724113225936889648 0.07961971312761306763 -0.19615806639194488525 -0.11323213577270507812 -0.14754799008369445801 -0.18933635950088500977 0.07933847606182098389 -0.10441317409276962280 -0.09805536270141601562 -0.04217300936579704285 -0.04633901268243789673 -0.01340568996965885162 0.10769227892160415649
-0.20565636456012725830 -0.00188592111226171255 -0.00743130268529057503 -0.02149221673607826233 -0.00575285125523805618 0.00254357885569334030 -0.01249654404819011688 0.11052961647510528564 -0.26746872067451477051 -0.20776015520095825195 -0.25409066677093505859 0.12435283511877059937 -0.03914382308721542358 0.00712044816464185715 0.11434772610664367676 -0.01380576752126216888 -0.05980585888028144836 0.08427519351243972778 -0.18437200784683227539 -0.32107451558113098145 -0.06945779919624328613 0.00549371168017387390 0.04603678360581398010 0.02611064724624156952 -0.03092901036143302917
-0.03396705538034439087 -0.08270607888698577881 0.03216671571135520935 -0.02184986136853694916 0.01768447645008563995 -0.04011432081460952759 -0.01829483918845653534 -0.10685627907514572144 -0.33998337388038635254 0.29961413145065307617 0.35282430052757263184 -0.16847109794616699219 0.19540883600711822510 0.02462039142847061157 -0.00697355251759290695 0.53843778371810913086 0.38284569978713989258 -0.86225652694702148438 -0.25868871808052062988 0.28548175096511840820 0.03595744073390960693 0.03678374364972114563 0.03180748969316482544 0.03610410541296005249 -0.02891769073903560638
0.11233516037464141846 0.00963747128844261169 0.00331560196354985237 0.00761281792074441910 -0.00067304115509614348 -0.00131290103308856487 -0.01478856708854436874 -0.07516434043645858765 -0.18677955865859985352 -0.06857769936323165894 -0.14827969670295715332 0.20807169377803802490 -0.15375798940658569336 -0.07370803505182266235 0.27726063132286071777 -0.31213381886482238770 0.25959399342536926270 0.52257806062698364258 0.17609664797782897949 -0.43282115459442138672 -0.04738504067063331604 0.00223599025048315525 0.09924403578042984009 0.07611753791570663452 0.00874643307179212570
-0.31615322828292846680 -0.00011206750059500337 0.00604215590283274651 0.03634062036871910095 -0.00732299964874982834 0.01759408786892890930 0.02854117378592491150 -0.11681257933378219604 0.08621747791767120361 -0.07664278894662857056 0.00755286123603582382 0.08650375157594680786 -0.09223654866218566895 -0.01950505934655666351 0.05301303789019584656 0.31665980815887451172 0.11971935629844665527 0.91757935285568237305 -0.10771995782852172852 -0.04765725135803222656 0.08317074179649353027 0.07109106332063674927 -0.00692255795001983643 0.03128229081630706787 -0.01902934908866882324
0.03040259517729282379 0.05442111566662788391 0.01858176663517951965 0.01047714613378047943 0.02642918005585670471 0.00506711658090353012 0.02225358784198760986 -0.16406847536563873291 -0.07495358586311340332 0.25348523259162902832 0.35514760017395019531 -0.03364637866616249084 -0.01651317439973354340 -0.14297761023044586182 0.13183712959289550781 -0.34904247522354125977 -0.12053225189447402954 -0.07216385751962661743 -0.12105239927768707275 0.39680582284927368164 0.10774317383766174316 0.03855993971228599548 0.04497799277305603027 0.05592185258865356445 -0.03430834412574768066
-0.26930594444274902344 0.00376306660473346710 -0.01303233951330184937 -0.00426400359719991684 -0.02008961699903011322 -0.03410244360566139221 -0.00870124250650405884 0.09981001168489456177 -0.14052791893482208252 0.10298050194978713989 -0.05503387376666069031 -0.07994035631418228149 0.03420578688383102417 0.07576242089271545410 -0.32592260837554931641 0.01325480546802282333 -0.27689278125762939453 -0.59000378847122192383 0.00027475913520902395 0.44426330924034118652 0.08577439934015274048 0.00949089881032705307 -0.14489154517650604248 -0.00613851007074117661 0.03981956467032432556
-0.12973161041736602783 -0.03087856434285640717 -0.00230966275557875633 -0.00209938269108533859 -0.00955242570489645004 -0.00439949985593557358 -0.06572057306766510010 0.18076229095458984375 0.27697321772575378418 -0.24338921904563903809 -0.18096344172954559326 0.08877517282962799072 -0.07269617170095443726 0.10240854322910308838 0.24526667594909667969 -0.14384190738201141357 0.11496598273515701294 0.69343358278274536133 -0.07456546276807785034 -0.09763484448194503784 0.02208687178790569305 -0.04448538273572921753 0.06127028912305831909 -0.06138965114951133728 0.00003884662874042988
0.00101536908186972141 -0.03443881869316101074 0.02506480552256107330 -0.02943622134625911713 -0.00500086648389697075 -0.01142635103315114975 -0.03898723050951957703 -0.08146118372678756714 0.05744105204939842224 -0.02271743863821029663 -0.19848713278770446777 0.14149992167949676514 0.09338310360908508301 -0.04427355155348777771 0.08275348693132400513 -0.09316763281822204590 -0.29741543531417846680 0.44400823116302490234 0.00439024204388260841 -0.16520886123180389404 -0.02298158220946788788 -0.05878138169646263123 -0.04045116528868675232 -0.01037265174090862274 0.01316893659532070160
-0.33551052212715148926 0.01460410747677087784 0.01584726013243198395 0.00462094414979219437 -0.00194837141316384077 0.00694832019507884979 -0.01160883158445358276 0.01233044359833002090 -0.10701552778482437134 0.22543931007385253906 0.18946430087089538574 -0.12023118883371353149 0.19699062407016754150 0.07138514518737792969 -0.11380685865879058838 0.32908654212951660156 -0.07981060445308685303 -0.65457910299301147461 0.07203608751296997070 -0.00447050621733069420 -0.06655556708574295044 0.00587252061814069748 0.06230114400386810303 -0.07539947330951690674 -0.04758405685424804688
-0.16555783152580261230 0.00677184853702783585 -0.00228487583808600903 0.01502930559217929840 -0.04174529016017913818 0.00326195918023586273 -0.01725734584033489227 0.08301141858100891113 0.04212231189012527466 -0.17134869098663330078 -0.20825268328189849854 -0.00295373308472335339 -0.06447464972734451294 -0.04760903492569923401 -0.15760807693004608154 0.29239806532859802246 -0.09812070429325103760 0.14041644334793090820 -0.33100056648254394531 -0.19423259794712066650 -0.18999135494232177734 -0.06237683445215225220 0.00620591919869184494 -0.07235085219144821167 0.05147174373269081116
-0.08627013117074966431 0.03399543836712837219 0.03435288742184638977 -0.00186138600111007690 0.01264703832566738129 0.00586443208158016205 0.00995431654155254364 0.02899727970361709595 -0.36862251162528991699 0.12773956358432769775 0.27076545357704162598 -0.18308690190315246582 0.20996394753456115723 0.10809371620416641235 0.30407488346099853516 -0.44847458600997924805 0.24107672274112701416 0.69893515110015869141 0.12084005773067474365 -0.19814960658550262451 -0.08685878664255142212 0.04353053495287895203 -0.03673808276653289795 0.04410037770867347717 -0.01963258534669876099
-0.24588705599308013916 0.05587542057037353516 0.00678889453411102295 0.02439923584461212158 -0.01620007678866386414 0.02749679796397686005 0.02475535124540328979 -0.08433687686920166016 0.05435756966471672058 -0.10756571590900421143 0.00343656959012150764 0.07716354727745056152 -0.05567957460880279541 0.08432728797197341919 0.30892759561538696289 -0.22373929619789123535 -0.02064542472362518311 0.50780117511749267578 0.22290495038032531738 0.16679303348064422607 0.19107411801815032959 -0.00745829474180936813 0.00995923858135938644 0.06213440001010894775 0.00645628804340958595
0.26294112205505371094 -0.03198703378438949585 0.00926311314105987549 0.00592796411365270615 -0.00296113151125609875 0.00832744222134351730 -0.00283156218938529491 0.00544580258429050446 -0.07360408455133438110 -0.21625857055187225342 -0.23075501620769500732 0.10500957071781158447 -0.07466076314449310303 0.06486826390027999878 -0.12179712951183319092 -0.01731846667826175690 -0.11486282199621200562 0.01943529210984706879 -0.02315956354141235352 0.11062791943550109863 -0.00917345751076936722 0.02435519173741340637 -0.03682103380560874939 -0.01526326499879360199 0.00376253551803529263
0.22579436004161834717 -0.06045720726251602173 -0.00169416412245482206 0.00240653869695961475 -0.00326907401904463768 0.00994229130446910858 -0.01086284127086400986 0.08020836114883422852 -0.26828658580780029297 0.14747039973735809326 0.23706844449043273926 -0.27257752418518066406 0.08715669810771942139 -0.13834123313426971436 0.09535209834575653076 -0.53259998559951782227 -0.57516103982925415039 -0.19853173196315765381 0.18769267201423645020 -0.20154002308845520020 -0.03729082271456718445 0.03595901653170585632 -0.00194174377247691154 0.06328096985816955566 -0.01937589049339294434
0.03210809454321861267 -0.05709475278854370117 -0.02455138601362705231 -0.01559300906956195831 -0.02061827294528484344 -0.01800180599093437195 0.00676017627120018005 -0.01809612102806568146 -0.13844023644924163818 -0.01485358830541372299 0.09431105852127075195 -0.14785894751548767090 0.19088166952133178711 0.17249424755573272705 0.28185188770294189453 -0.05989653989672660828 0.05163131281733512878 0.35533973574638366699 0.02673888020217418671 0.21366417407989501953 -0.04928537458181381226 -0.02305456064641475677 -0.05502403527498245239 -0.03778734058141708374 0.02915887162089347839
-0.08396701514720916748 -0.02915800921618938446 0.01622551865875720978 -0.01335347071290016174 -0.00093702331651002169 -0.02947828918695449829 0.00245691463351249695 0.01781480759382247925 -0.21098700165748596191 -0.06300435960292816162 -0.04298068583011627197 -0.09488479793071746826 0.09716082364320755005 -0.07861853390932083130 -0.01727793179452419281 0.12166987359523773193 -0.04851873964071273804 -0.25445121526718139648 0.10913084447383880615 0.09107170999050140381 -0.08338054269552230835 -0.03163414075970649719 -0.05226897075772285461 -0.07576127350330352783 0.04729537665843963623
-0.41363850235939025879 0.03229523077607154846 0.00575078232213854790 0.01636389456689357758 -0.01124604884535074234 -0.02997876331210136414 -0.01082621980458498001 0.21240775287151336670 -0.24635283648967742920 -0.14300252497196197510 -0.09392093867063522339 -0.14943568408489227295 -0.09911658614873886108 -0.06221132352948188782 -0.22278186678886413574 -0.55587315559387207031 -0.13165980577468872070 -0.07864658534526824951 0.19006508588790893555 0.31158792972564697266 -0.04682920128107070923 -0.07684212177991867065 -0.08193402737379074097 -0.15456028282642364502 0.06570075452327728271
0.14048804342746734619 -0.01538235135376453400 0.01486086659133434296 -0.00940013490617275238 0.00024307041894644499 -0.01481546275317668915 -0.02671953849494457245 -0.12522827088832855225 0.15162856876850128174 -0.09078129380941390991 -0.08249089866876602173 0.12514796853065490723 -0.10333775728940963745 0.01498346123844385147 0.20691579580307006836 0.04132435843348503113 -0.14967705309391021729 0.36964395642280578613 -0.06041307002305984497 -0.20606635510921478271 0.04786434769630432129 0.02974042668938636780 0.08580826222896575928 -0.00747598474845290184 -0.00645475275814533234
-0.16637511551380157471 -0.11690058559179306030 -0.01224336307495832443 -0.02842162176966667175 -0.00660348916426301003 -0.01850344240665435791 -0.02191751636564731598 -0.17501822113990783691 -0.08334498107433319092 -0.02903607115149497986 0.02652751654386520386 -0.05581628531217575073 -0.11548466235399246216 0.19007745385169982910 0.13767489790916442871 0.41679877042770385742 -0.04289485514163970947 0.56907254457473754883 0.06041844561696052551 -0.14715011417865753174 0.00297493441030383110 -0.00399307021871209145 0.01072347350418567657 0.03061990439891815186 0.03594713658094406128
-0.04686244204640388489 0.02335570752620697021 -0.00310187786817550659 0.01882288232445716858 0.01257672533392906189 0.00316113047301769257 0.00454188324511051178 -0.05067816749215126038 0.15594162046909332275 -0.04254805296659469604 0.06937342882156372070 -0.11629845947027206421 0.03973253816366195679 0.18389263749122619629 -0.00576710095629096031 -0.03512057662010192871 0.13019646704196929932 0.02652798406779766083 0.03398330509662628174 0.02714372985064983368 0.01738576591014862061 0.00927378702908754349 -0.02001834847033023834 0.00601930171251296997 -0.01238558068871498108
-0.01752156205475330353 -0.10166791826486587524 0.01632401160895824432 -0.00371926976367831230 -0.01314166653901338577 -0.05772857740521430969 -0.02509515173733234406 0.06591966748237609863 0.25726211071014404297 0.21209725737571716309 0.19398249685764312744 -0.19840265810489654541 0.42410403490066528320 0.31223919987678527832 0.10039111971855163574 0.41693836450576782227 0.28114539384841918945 -0.51349991559982299805 -0.08765263110399246216 0.09647339582443237305 -0.06185743957757949829 -0.01892410032451152802 -0.02257053554058074951 -0.01196871418505907059 0.02090219780802726746
0.18805518746376037598 -0.13585281372070312500 -0.01521174982190132141 -0.01298041082918643951 -0.00144736107904464006 -0.00521649420261383057 -0.00587724987417459488 0.18855851888656616211 -0.19899904727935791016 0.15622717142105102539 0.04125400260090827942 -0.07251638174057006836 0.08101373910903930664 0.10338527709245681763 -0.20252637565135955811 0.23293812572956085205 -0.32337626814842224121 -0.69882321357727050781 -0.08338609337806701660 0.04327843710780143738 0.07915447652339935303 -0.11029447615146636963 -0.11533442884683609009 0.02032815478742122650 -0.01467667985707521439
-0.00245324708521366119 -0.00638815574347972870 0.03336819633841514587 -0.02080273441970348358 0.01648088172078132629 -0.03902161121368408203 -0.01369169540703296661 -0.10950129479169845581 0.18886597454547882080 0.10032508522272109985 0.25725090503692626953 -0.14171120524406433105 0.20359268784523010254 0.19810210168361663818 0.17716315388679504395 0.07445345818996429443 0.18767781555652618408 -0.17964129149913787842 0.04162767529487609863 0.18507701158523559570 -0.04024436324834823608 -0.01668212935328483582 0.06199740990996360779 0.04499978199601173401 0.00102046912070363760
-0.07142432034015655518 -0.06141265854239463806 0.02388514950871467590 -0.01533842831850051880 -0.01981499604880809784 -0.01305678952485322952 -0.02654550597071647644 -0.05500959977507591248 0.36148086190223693848 -0.20815734565258026123 -0.14436788856983184814 0.10681278258562088013 -0.15132574737071990967 -0.03127463907003402710 0.25212797522544860840 -0.25366088747978210449 0.30749979615211486816 0.39507663249969482422 -0.12170104682445526123 0.36954721808433532715 0.04691395908594131470 0.08080068230628967285 -0.03126945719122886658 0.04106586426496505737 -0.01576738990843296051
0.29260027408599853516 -0.01521108672022819519 0.01222771406173706055 0.00010284589370712638 0.01274633593857288361 0.02397430315613746643 0.04858477786183357239 -0.16125117242336273193 -0.11037386208772659302 0.16427886486053466797 0.22274419665336608887 -0.00421477248892188072 -0.32582578063011169434 -0.23165127635002136230 -0.31122446060180664062 0.11961668729782104492 -0.24118573963642120361 -0.20993904769420623779 0.02295741811394691467 0.15512135624885559082 -0.06073949113488197327 -0.02793005295097827911 -0.03178927302360534668 -0.00149232323747128248 0.05477954447269439697
-0.53015726804733276367 -0.02518183737993240356 -0.02760176360607147217 -0.01084274891763925552 -0.00809840857982635498 0.00563576957210898399 -0.03861285746097564697 0.19133517146110534668 -0.14367519319057464600 -0.16890354454517364502 -0.17033913731575012207 -0.06255639344453811646 0.20491276681423187256 0.02803697995841503143 0.12745912373065948486 -0.24360889196395874023 -0.53183978796005249023 0.11706342548131942749 -0.07356061786413192749 -0.11768823862075805664 -0.03516346961259841919 0.03106950409710407257 0.03210553154349327087 0.02273564040660858154 -0.08184400945901870728
0.00472847418859601021 0.01877578347921371460 0.00427039293572306633 0.02099448442459106445 -0.01303562708199024200 -0.00888776406645774841 0.03899706155061721802 -0.15647019445896148682 0.02063635364174842834 0.09673032164573669434 0.15769904851913452148 -0.03541810065507888794 -0.07459024339914321899 -0.07095118612051010132 0.07716856896877288818 0.07515414804220199585 -0.04115383327007293701 0.32239097356796264648 0.11409194767475128174 -0.13498499989509582520 0.10468932986259460449 0.08567366749048233032 -0.01188715361058712006 0.08021037280559539795 -0.06413708627223968506
-0.19194751977920532227 0.03044269606471061707 0.00667938357219099998 -0.01434470247477293015 -0.00032998851384036243 -0.01053375098854303360 0.01781882904469966888 -0.04436056315898895264 -0.02140159532427787781 0.20417143404483795166 0.30395531654357910156 -0.07326627522706985474 0.07629680633544921875 -0.07792950421571731567 0.07734525203704833984 0.10930984467267990112 0.18317542970180511475 -0.04511794447898864746 -0.10390838235616683960 -0.03707946091890335083 0.01561547163873910904 -0.00268119131214916706 0.04112400859594345093 0.00150498771108686924 0.03918760269880294800
0.28330388665199279785 -0.00004319805884733796 0.00382045283913612366 0.01199226081371307373 -0.02522810362279415131 -0.03267867118120193481 0.05669939145445823669 0.07808094471693038940 0.06279878318309783936 -0.04329000040888786316 -0.08641032874584197998 0.07034319639205932617 -0.19587273895740509033 -0.07982322573661804199 -0.06858912110328674316 -0.08539623767137527466 0.16456066071987152100 -0.32161355018615722656 -0.18119354546070098877 0.25865569710731506348 -0.01791680790483951569 -0.02428279258310794830 -0.06095823273062705994 -0.03228071331977844238 0.01432016026228666306
0.00351336272433400154 0.00622954266145825386 0.00668042199686169624 0.00823732651770114899 -0.00278956629335880280 -0.01081272307783365250 0.01360914669930934906 -0.06317123025655746460 0.07381656020879745483 0.17884312570095062256 0.18175368010997772217 -0.08087243139743804932 -0.07811839133501052856 -0.12170686572790145874 -0.17562893033027648926 0.38937810063362121582 0.03051261417567729950 -0.59390950202941894531 -0.11855342239141464233 0.21937203407287597656 0.06196527928113937378 0.07430355995893478394 0.03526582568883895874 0.02678921818733215332 0.00463501457124948502
-0.15361076593399047852 0.03953874483704566956 -0.03683030232787132263 -0.00095198774943128228 -0.00641482789069414139 0.00708312680944800377 -0.02158037945628166199 0.02473699487745761871 0.52525562047958374023 -0.28705310821533203125 -0.24237947165966033936 0.03924283012747764587 -0.04889541491866111755 -0.02205107919871807098 0.06242804601788520813 -0.20570738613605499268 0.10148263722658157349 0.07210779935121536255 0.08374287188053131104 0.22086322307586669922 -0.04266841337084770203 -0.12360966205596923828 -0.06925506889820098877 -0.05600572377443313599 0.05852905288338661194
-0.07995834201574325562 -0.07949028164148330688 -0.01473909895867109299 -0.00286593311466276646 0.01653227582573890686 0.00177889084443449974 0.06099599599838256836 0.01179542299360036850 0.03108326345682144165 -0.07039603590965270996 -0.12029638886451721191 0.10648973286151885986 0.07701268047094345093 -0.19924989342689514160 -0.11007886379957199097 -0.32552146911621093750 0.18961511552333831787 -0.36646440625190734863 -0.16558071970939636230 0.37947809696197509766 0.05139618739485740662 -0.01338649354875087738 -0.00575342448428273201 -0.02863213606178760529 0.01733374036848545074
0.14774383604526519775 -0.02616091631352901459 -0.00121262704487890005 -0.02080447599291801453 0.00290182442404329777 -0.03323204815387725830 -0.00544596556574106216 0.06054344400763511658 0.10284077376127243042 -0.13594248890876770020 -0.08333144336938858032 0.13387890160083770752 -0.03746226802468299866 0.11048367619514465332 -0.15970702469348907471 0.34061485528945922852 -0.21734809875488281250 0.48897412419319152832 -0.07351216673851013184 -0.09013003855943679810 -0.00302921631373465061 0.01612508296966552734 -0.06191276386380195618 -0.01230947114527225494 -0.00665694940835237503
0.06319689750671386719 -0.04044819250702857971 0.01016632094979286194 0.01228139549493789673 -0.00033591483952477574 -0.01433060690760612488 0.00516670802608132362 0.05995618179440498352 0.12904825806617736816 -0.12382160872220993042 -0.13990019261837005615 0.00090982363326475024 -0.04862950369715690613 -0.00311657926067709923 -0.17181873321533203125 0.27734163403511047363 0.34064900875091552734 0.10612672567367553711 0.13414631783962249756 -0.07924564182758331299 0.01822253875434398651 -0.10977922379970550537 -0.07154399901628494263 -0.08332700282335281372 0.12646053731441497803
0.34244325757026672363 0.00070112041430547833 0.01121152006089687347 -0.00336784357205033302 0.01131915487349033356 0.03848215565085411072 -0.00854634121060371399 -0.22602903842926025391 0.33884838223457336426 0.06413245946168899536 0.23303958773612976074 -0.07650270313024520874 -0.06715756654739379883 0.03258789703249931335 0.27218329906463623047 -0.50521707534790039062 -0.23410110175609588623 -0.06579794734716415405 0.21178847551345825195 -0.28706839680671691895 -0.09603086113929748535 -0.04153282567858695984 0.05603574961423873901 0.04321187734603881836 -0.01160911936312913895
-0.14378644526004791260 0.07536626607179641724 0.07571236044168472290 -0.01104888692498207092 0.02814000286161899567 0.06003993004560470581 -0.01555601041764020920 -0.26512876152992248535 0.19828853011131286621 0.10456819832324981689 0.20241767168045043945 -0.01386173628270626068 -0.01606084406375885010 0.05340113490819931030 0.09605158120393753052 0.34603729844093322754 0.27880725264549255371 -0.57775372266769409180 -0.02962032519280910492 0.12298114597797393799 -0.04369572177529335022 -0.00876404158771038055 0.03557908535003662109 -0.02017387188971042633 -0.12246156483888626099
-0.47007143497467041016 0.03991352394223213196 0.01879383251070976257 -0.00560338981449604034 -0.00061274791369214654 0.01152125652879476547 0.03306545689702033997 -0.05183422937989234924 -0.38550060987472534180 0.10849555581808090210 0.01139607001096010208 0.05065163597464561462 0.25982719659805297852 0.05690716952085494995 0.22562815248966217041 -0.41060784459114074707 -0.36306321620941162109 0.10723133385181427002 -0.02177948690950870514 -0.06435493379831314087 0.15364329516887664795 0.04893980920314788818 0.06882106512784957886 0.06124971434473991394 -0.04330250993371009827
-0.30614423751831054688 0.04587236791849136353 0.02937913313508033752 0.01584280468523502350 -0.01161200087517499924 -0.00368750514462590218 -0.02422862127423286438 0.02218805626034736633 0.21534048020839691162 -0.19063621759414672852 -0.18863292038440704346 -0.01608738861978054047 0.12222476303577423096 0.17918834090232849121 0.18186640739440917969 -0.20734441280364990234 0.41594529151916503906 0.50788462162017822266 0.09264618903398513794 0.42098879814147949219 0.17076383531093597412 -0.04509469866752624512 0.01557617168873548508 0.00075140671106055379 0.02359043061733245850
0.19854927062988281250 -0.04111930355429649353 0.01319766696542501450 0.00117189425509423018 0.00259523489512503147 -0.01607337407767772675 -0.01212485786527395248 0.00664401333779096603 0.14660724997520446777 -0.07293326407670974731 -0.01013448368757963181 -0.04285164922475814819 -0.05360052734613418579 0.16417828202247619629 0.04360378533601760864 0.28178712725639343262 0.15358355641365051270 0.24528241157531738281 -0.12572936713695526123 0.07880813628435134888 0.03556336089968681335 0.01418171357363462448 -0.03318343684077262878 -0.01898371055722236633 0.02631903439760208130
0.21842361986637115479 -0.00256491824984550476 0.02735686674714088440 0.00587935745716094971 -0.01417457032948732376 0.01052525267004966736 0.01984090916812419891 -0.09725817292928695679 0.29692429304122924805 0.14097972214221954346 0.08776792138814926147 0.00826817005872726440 -0.23661956191062927246 0.32967516779899597168 0.34925428032875061035 0.04062876477837562561 0.51786595582962036133 0.77155548334121704102 0.08718628436326980591 0.25144353508949279785 0.02876480668783187866 0.01193324942141771317 0.03306845948100090027 -0.06479351967573165894 -0.04363449662923812866
0.09833440929651260376 -0.05153686925768852234 -0.03834502398967742920 -0.00723398197442293167 0.00410005170851945877 0.02363447844982147217 0.02440157905220985413 -0.24234187602996826172 0.32530552148818969727 -0.05122979357838630676 0.22796568274497985840 -0.10017312318086624146 0.10861556977033615112 -0.11523378640413284302 0.14933699369430541992 0.03424726426601409912 0.37520459294319152832 0.33330774307250976562 -0.03904458880424499512 0.20991693437099456787 0.09972321987152099609 0.04905045777559280396 0.09313306212425231934 0.02124475687742233276 -0.14834678173065185547
-0.12359973043203353882 -0.02577684447169303894 0.02150341309607028961 -0.02066136337816715240 -0.00415279157459735870 -0.02727677486836910248 -0.01526202540844678879 0.01057992596179246902 0.12941528856754302979 -0.05105959251523017883 -0.03454080224037170410 0.01319600734859704971 0.20983795821666717529 0.05717795714735984802 0.14309476315975189209 0.24823737144470214844 -0.49362179636955261230 -0.03622090443968772888 -0.43767997622489929199 -0.23635952174663543701 0.00517566828057169914 0.06683123111724853516 -0.01770943962037563324 0.01632774993777275085 0.02493247017264366150
0.06183569133281707764 -0.02333753183484077454 0.04450284689664840698 0.00051378895295783877 0.02334996499121189117 0.02225127816200256348 0.03184458985924720764 -0.37920683622360229492 0.38810649514198303223 0.13974384963512420654 0.24773484468460083008 -0.15081894397735595703 -0.04542830586433410645 0.30779135227203369141 0.34356677532196044922 0.27098575234413146973 0.36481425166130065918 0.21789066493511199951 -0.07055256515741348267 -0.11704760044813156128 0.07559202611446380615 -0.01341750193387269974 0.01137305609881877899 0.00010591302998363972 -0.06171949580311775208
0.10918640345335006714 0.01043346803635358810 -0.01175437122583389282 0.00798719562590122223 0.00353226135484874249 0.02106908150017261505 -0.02473790198564529419 0.07816523313522338867 -0.15225943922996520996 -0.10602296888828277588 -0.11508932709693908691 0.05321156233549118042 -0.27248650789260864258 -0.08106077462434768677 -0.14135459065437316895 0.02808932028710842133 0.17768046259880065918 -0.33875671029090881348 0.01024456042796373367 0.21080404520034790039 -0.07858268171548843384 -0.08113469928503036499 -0.03173771128058433533 -0.07313156872987747192 0.06993050128221511841
-0.11820535361766815186 -0.02925637550652027130 0.03222476318478584290 -0.02166897803544998169 0.00250375061295926571 -0.01704529672861099243 0.00577716715633869171 -0.01502774190157651901 -0.17905420064926147461 0.23014611005783081055 0.20110565423965454102 -0.12808293104171752930 -0.01969677396118640900 -0.04982200637459754944 -0.04547557979822158813 -0.15043449401855468750 -0.75551050901412963867 -0.21271510422229766846 0.19762754440307617188 -0.40767288208007812500 -0.05919091030955314636 0.06496758013963699341 -0.01633337326347827911 0.07393526285886764526 -0.04324850067496299744
-0.23873777687549591064 0.02782374061644077301 -0.02863889746367931366 -0.00436539994552731514 -0.02027242444455623627 -0.00216114241629838943 -0.02162649482488632202 0.08742920309305191040 0.24462068080902099609 0.05481017008423805237 0.01851944997906684875 -0.16777814924716949463 0.18362689018249511719 0.09707319736480712891 -0.20336604118347167969 -0.00485772034153342247 0.03523809462785720825 -0.77452212572097778320 0.05311712995171546936 0.12446076422929763794 -0.07264377921819686890 -0.01041108835488557816 -0.03562510386109352112 -0.09042830020189285278 0.01009227987378835678
0.16020323336124420166 -0.04801791161298751831 0.00962855387479066849 -0.00188816303852945566 0.00914857257157564163 -0.00665443763136863708 -0.00548698659986257553 -0.19510613381862640381 0.32537111639976501465 -0.06857617199420928955 0.05661049857735633850 -0.01176905352622270584 0.05172583088278770447 -0.03574896603822708130 0.26182928681373596191 -0.10136548429727554321 0.34167128801345825195 0.35258707404136657715 -0.01812674850225448608 0.10778264701366424561 0.00961910188198089600 0.05868431925773620605 0.02938503213226795197 -0.00549625977873802185 -0.08846891671419143677
0.30359640717506408691 0.10457744449377059937 -0.00114519149065017700 0.04315656423568725586 -0.01259258575737476349 0.01639179326593875885 0.07809786498546600342 0.13088917732238769531 -0.15226322412490844727 -0.05675639957189559937 -0.17938943207263946533 0.17079706490039825439 -0.21000087261199951172 0.00266869971528649330 0.04436132684350013733 -0.19519495964050292969 0.17167147994041442871 -0.35643836855888366699 -0.39458507299423217773 0.41024062037467956543 -0.06837134063243865967 -0.04874533042311668396 -0.04529823735356330872 -0.03876750171184539795 0.00119887280743569136
-0.09553731232881546021 -0.03717223927378654480 0.02856359630823135376 -0.01535910274833440781 -0.01523505058139562607 0.00019675650401040912 -0.01284734252840280533 0.07764960080385208130 0.02653508447110652924 -0.03874532878398895264 0.03209115937352180481 -0.02183970808982849121 0.00130140688270330429 -0.10453178733587265015 -0.11102596670389175415 0.16248500347137451172 -0.51046496629714965820 0.00327352341264486313 -0.26351553201675415039 -0.01558106858283281326 -0.02745777554810047150 -0.05882701277732849121 0.00536438915878534317 -0.05237576737999916077 0.04512155801057815552
0.04099171981215476990 -0.02985304407775402069 -0.01161215268075466156 0.01672243513166904449 -0.01111788023263216019 0.00081485608825460076 -0.01143521349877119064 0.01910831220448017120 -0.18165098130702972412 0.03702593967318534851 -0.05150588601827621460 0.09456901252269744873 0.06273317337036132812 0.01072584278881549835 -0.06383085995912551880 0.28444066643714904785 -0.05913742631673812866 0.22849448025226593018 -0.14769335091114044189 0.07811426371335983276 0.07369903475046157837 0.00318382075056433678 0.02372035197913646698 0.01809521764516830444 -0.08064314723014831543
0.12924036383628845215 -0.00309345126152038574 0.00949153304100036621 -0.00016080850036814809 0.01292453613132238388 -0.02807490527629852295 -0.04755906015634536743 -0.17146903276443481445 -0.12411298602819442749 -0.01214695349335670471 -0.04654847458004951477 0.05272153764963150024 0.04608912765979766846 -0.09239535033702850342 0.40567314624786376953 0.22918410599231719971 -0.02080555446445941925 0.79120975732803344727 -0.09609245508909225464 -0.53662896156311035156 -0.03723252937197685242 0.05241325497627258301 -0.02252290956676006317 0.09114911407232284546 -0.05093809962272644043
-0.03539935126900672913 -0.06813597679138183594 -0.00624237442389130592 -0.00985966343432664871 -0.00513531966134905815 -0.01705460995435714722 -0.02124338410794734955 0.09226035326719284058 -0.11227213591337203979 0.06182756274938583374 0.12913407385349273682 -0.09967249631881713867 0.04209725186228752136 -0.11954683065414428711 0.18178878724575042725 -0.43215820193290710449 0.21697629988193511963 0.05857190862298011780 0.05996646359562873840 -0.12552356719970703125 -0.07400273531675338745 0.04730275273323059082 -0.06568463146686553955 0.04164738208055496216 -0.02281860075891017914
0.05912677198648452759 -0.00749474158510565758 0.02652777358889579773 -0.00328774796798825264 0.00349315023049712181 0.04272663220763206482 0.03322964534163475037 -0.09094099700450897217 0.00887239631265401840 0.10552707314491271973 0.08182538300752639771 0.03662342205643653870 -0.00378627446480095387 0.01974132098257541656 0.16067759692668914795 -0.34982502460479736328 0.27145773172378540039 0.14199928939342498779 0.22312773764133453369 0.10801550000905990601 -0.00258989259600639343 0.01475366577506065369 -0.00589683325961232185 0.05815233290195465088 0.03142715618014335632
0.13448895514011383057 0.03547316044569015503 -0.00639220885932445526 -0.00427200971171259880 0.00645592436194419861 -0.02520486712455749512 -0.01450815889984369278 -0.02685261145234107971 0.08536886423826217651 0.22519312798976898193 0.12369729578495025635 0.06441225111484527588 0.20626360177993774414 -0.03710951283574104309 -0.07456247508525848389 -0.06658405810594558716 0.32280626893043518066 -0.19056850671768188477 -0.21925117075443267822 0.61817026138305664062 0.01575450226664543152 0.05329828709363937378 -0.00163437554147094488 -0.02101962640881538391 -0.08977743238210678101
-0.21990931034088134766 -0.08192637562751770020 0.00623648893088102341 0.00180583039764314890 -0.01030529662966728210 -0.01650985330343246460 -0.00467223767191171646 -0.22714821994304656982 0.49820888042449951172 -0.15283155441284179688 0.05768394097685813904 0.10977450013160705566 -0.06321866810321807861 0.03277933597564697266 0.24353413283824920654 -0.31917643547058105469 0.18084685504436492920 0.60186809301376342773 0.34172651171684265137 0.10599006712436676025 0.10306026786565780640 -0.00528002157807350159 0.02899459004402160645 0.05101613327860832214 0.01248177140951156616
-0.17868177592754364014 0.07411091774702072144 -0.00232894648797810078 0.02607346326112747192 -0.00277684209868311882 0.00843614153563976288 0.03452654927968978882 -0.04782716929912567139 0.09385381639003753662 0.23388709127902984619 0.27182704210281372070 -0.14496101438999176025 0.08795539289712905884 -0.07042486965656280518 0.12880447506904602051 0.14956422150135040283 0.20358805358409881592 -0.01278612762689590454 0.00343882595188915730 -0.18674111366271972656 -0.00248642661608755589 0.00558104086667299271 0.02646016143262386322 0.02184892259538173676 0.00160655204672366381
-0.04505302011966705322 -0.00250200834125280380 0.01980756409466266632 0.00480771064758300781 0.00275790225714445114 -0.00553435366600751877 -0.00413082540035247803 -0.03503398969769477844 0.23020951449871063232 -0.01215493306517601013 -0.02211420796811580658 -0.07617107033729553223 0.10873192548751831055 -0.14600895345211029053 -0.30795982480049133301 0.04780884087085723877 0.09990959614515304565 -0.61572867631912231445 0.27665159106254577637 0.12793116271495819092 -0.04594333097338676453 0.06534592807292938232 0.02310155704617500305 0.03885256499052047729 0.03778563067317008972
0.28064462542533874512 -0.09730122983455657959 -0.01373068988323211670 -0.02848546579480171204 0.00734917446970939636 -0.01905566640198230743 -0.00132979638874530792 -0.00067014811793342233 -0.26259127259254455566 0.03583214804530143738 -0.01825315691530704498 0.03576540201902389526 -0.01623078063130378723 -0.11131896078586578369 0.05197818949818611145 0.19597303867340087891 -0.27849641442298889160 0.20407670736312866211 -0.16074842214584350586 -0.28225669264793395996 -0.05469140037894248962 -0.06470647454261779785 -0.12295822054147720337 -0.05671479925513267517 0.09241876006126403809
0.23011189699172973633 -0.10797482728958129883 0.00864194706082344055 -0.00274620321579277515 0.02099717408418655396 -0.01363389566540718079 -0.01429688557982444763 0.11495212465524673462 -0.15169277787208557129 -0.07423554360866546631 0.02930547855794429779 -0.23992507159709930420 0.22137744724750518799 0.11447762697935104370 0.03199853748083114624 0.24211214482784271240 -0.20466467738151550293 -0.31894198060035705566 -0.05813014879822731018 0.29000845551490783691 0.02444020286202430725 -0.09685902297496795654 -0.03910448774695396423 -0.07580087333917617798 0.06762298196554183960
-0.25640198588371276855 -0.00194071989972144365 -0.02801622077822685242 -0.02783093973994255066 -0.01344325300306081772 -0.02776152454316616058 -0.04439051449298858643 0.18112070858478546143 0.22258584201335906982 -0.17098340392112731934 -0.09922613948583602905 0.02922039851546287537 0.13340204954147338867 0.11896055191755294800 0.35500219464302062988 -0.23918063938617706299 0.34411504864692687988 0.11872927844524383545 0.02081660740077495575 -0.16917610168457031250 0.04060902446508407593 -0.01052748039364814758 -0.07704240083694458008 -0.00975065771490335464 0.03995259106159210205
-0.13845288753509521484 0.00690811406821012497 -0.03332804515957832336 0.01106786914169788361 -0.01757317408919334412 -0.01403960864990949631 -0.04045097529888153076 0.34133425354957580566 -0.38514477014541625977 -0.10573981702327728271 -0.30766397714614868164 0.19148053228855133057 0.02828423120081424713 -0.34899029135704040527 -0.29609638452529907227 -0.31333094835281372070 -0.42166709899902343750 -0.36361443996429443359 0.24429206550121307373 -0.08847205340862274170 0.02445290610194206238 0.03129600360989570618 0.00962484627962112427 0.00673160050064325333 0.10682499408721923828
-0.18355591595172882080 0.04366469383239746094 -0.03481970354914665222 -0.02833422459661960602 0.01167412847280502319 0.00527909770607948303 -0.00409684702754020691 0.00732689956203103065 0.15785545110702514648 -0.01205753535032272339 0.03235657885670661926 -0.00727822631597518921 0.04109281301498413086 -0.00992700550705194473 -0.24882808327674865723 -0.20674030482769012451 0.06524785608053207397 -0.70568460226058959961 0.12734858691692352295 0.42197737097740173340 -0.03949389234185218811 -0.00948154740035533905 0.06119517609477043152 -0.05142363160848617554 -0.05429039895534515381
0.14909246563911437988 0.03369058668613433838 0.01477983221411705017 0.00645930320024490356 0.00178156304173171520 -0.00167323451023548841 -0.02750429511070251465 0.03515551984310150146 -0.09523084759712219238 0.00196103798225522041 -0.16222634911537170410 0.25000369548797607422 -0.07331415265798568726 0.13062313199043273926 -0.04228403046727180481 -0.28927305340766906738 -0.11593868583440780640 -0.28179797530174255371 -0.05651559308171272278 0.01162537559866905212 -0.10650961101055145264 -0.08362848311662673950 -0.08922624588012695312 -0.01809377968311309814 0.04845554381608963013
-0.01923891156911849976 0.02921355888247489929 -0.02304145134985446930 0.04048458859324455261 -0.01923699676990509033 0.00944195501506328583 0.02144162356853485107 0.09909743070602416992 -0.27185055613517761230 -0.01352298352867364883 0.04314111918210983276 -0.01309383288025856018 0.12379258871078491211 0.02573656849563121796 -0.12012356519699096680 0.23901028931140899658 0.02299912832677364349 0.43028581142425537109 -0.08410896360874176025 0.05192668735980987549 0.06415985524654388428 -0.06584521383047103882 -0.05534810572862625122 0.01459571160376071930 0.08470383286476135254
0.19519418478012084961 0.00461424980312585831 0.00711873313412070274 0.00492237182334065437 0.01975274085998535156 0.02409075573086738586 0.01619190536439418793 -0.03000007010996341705 0.13106407225131988525 0.27881222963333129883 0.14735071361064910889 0.05545040220022201538 -0.01444812491536140442 -0.03380133956670761108 0.07265473157167434692 0.09326337277889251709 0.20140542089939117432 -0.24539448320865631104 -0.07051603496074676514 0.14670339226722717285 -0.13011948764324188232 0.04677001386880874634 -0.08146665990352630615 -0.04412565007805824280 -0.01920229941606521606
0.18830445408821105957 -0.09013132750988006592 -0.00478419754654169083 -0.02192527987062931061 0.00965957809239625931 -0.03222107514739036560 -0.01425056252628564835 0.05911430716514587402 0.03280833363533020020 -0.09219400584697723389 0.13828371465206146240 -0.13321879506111145020 0.14290770888328552246 -0.02596291713416576385 -0.07085838168859481812 -0.12092344462871551514 -0.55381655693054199219 0.28564143180847167969 0.11551824212074279785 -0.12323332577943801880 0.05918591842055320740 0.09530259668827056885 0.00559320393949747086 0.06305478513240814209 -0.04864883422851562500
-0.02408218383789062500 0.10594003647565841675 -0.05780562385916709900 0.01268773991614580154 -0.03759893402457237244 0.00734590878710150719 0.01071451324969530106 0.14643742144107818604 0.13559502363204956055 -0.20586177706718444824 -0.21935930848121643066 -0.05946016311645507812 0.12575998902320861816 0.04827292636036872864 -0.23279529809951782227 0.23524206876754760742 -0.48905807733535766602 0.15871031582355499268 -0.24544391036033630371 -0.53143393993377685547 -0.04943643882870674133 -0.05487107113003730774 -0.16024082899093627930 -0.06412438303232192993 0.07900685071945190430
