0.0657895 0.1292428
0.0675439 0.1449086
0.0675439 0.1475196
0.0692982 0.1553525
0.0692982 0.1631854
0.0710526 0.1710183
0.0710526 0.1762402
0.0728070 0.1866841
0.0728070 0.1919060
0.0745614 0.1945170
0.0745614 0.2023499
0.0745614 0.2075718
0.0763158 0.2101828
0.0763158 0.2232376
0.0780702 0.2284595
0.0780702 0.2336815
0.0780702 0.2389034
0.0780702 0.2441253
0.0815789 0.2545692
0.0833333 0.2650131
0.0850877 0.2728460
0.0868421 0.2806789
0.0885965 0.2911227
0.0921053 0.3041775
0.0938596 0.3093995
0.0956140 0.3198433
0.0956140 0.3224543
0.0991228 0.3328982
0.1008772 0.3381201
0.1096491 0.3537859
0.1219298 0.3772846
0.1254386 0.3851175
0.1289474 0.3903394
0.1359649 0.4033943
0.1377193 0.4086162
0.1447368 0.4138381
0.1464912 0.4138381
0.1517544 0.4164491
0.1570175 0.4190601
0.1622807 0.4242820
0.1675439 0.4268930
0.1798246 0.4268930
0.1868421 0.4268930
0.2131579 0.4242820
0.2289474 0.4242820
0.2359649 0.4242820
0.2517544 0.4242820
0.2640351 0.4242820
0.2780702 0.4190601
0.2921053 0.4112272
0.2991228 0.4060052
0.3114035 0.4033943
0.3289474 0.3955614
0.3359649 0.3903394
0.3394737 0.3851175
0.3587719 0.3720627
0.3745614 0.3616188
0.3833333 0.3563969
0.3850877 0.3511749
0.3850877 0.3485640
0.3868421 0.3459530
0.3921053 0.3433420
0.3921053 0.3355091
0.3938596 0.3302872
0.3956140 0.3250653
0.3956140 0.3172324
0.3956140 0.3041775
0.3938596 0.2963446
0.3921053 0.2937337
0.3921053 0.2885117
0.3903509 0.2859008
0.3885965 0.2806789
0.3868421 0.2780679
0.3833333 0.2754569
0.3780702 0.2754569
0.3745614 0.2754569
0.3710526 0.2754569
0.3622807 0.2754569
0.3535088 0.2780679
0.3482456 0.2806789
0.3429825 0.2911227
0.3394737 0.2989556
0.3394737 0.3041775
0.3377193 0.3093995
0.3377193 0.3120104
0.3377193 0.3302872
0.3342105 0.3563969
0.3342105 0.3720627
0.3342105 0.3798956
0.3342105 0.4007833
0.3394737 0.4138381
0.3447368 0.4242820
0.3517544 0.4373368
0.3587719 0.4503916
0.3657895 0.4556136
0.3728070 0.4608355
0.3798246 0.4686684
0.3921053 0.4765013
0.4026316 0.4765013
0.4219298 0.4765013
0.4324561 0.4765013
0.4482456 0.4765013
0.4552632 0.4738903
0.4657895 0.4660574
0.4710526 0.4608355
0.4815789 0.4530026
0.4921053 0.4477807
0.4973684 0.4425587
0.5078947 0.4399478
0.5289474 0.4242820
0.5587719 0.3877285
0.5833333 0.3720627
0.6149123 0.3511749
0.6535088 0.3276762
0.6675439 0.3041775
0.6833333 0.2832898
0.6973684 0.2728460
0.7026316 0.2650131
0.7061404 0.2571802
0.7149123 0.2467363
0.7271930 0.2310705
0.7394737 0.2206266
0.7500000 0.2101828
0.7552632 0.2023499
0.7587719 0.1971279
0.7640351 0.1892950
0.7657895 0.1892950
0.7657895 0.1866841
0.7675439 0.1866841
0.7675439 0.1840731
0.7675439 0.1814621
0.7675439 0.1788512
0.7675439 0.1762402
0.7692982 0.1736292
0.7692982 0.1710183
0.7692982 0.1684073
0.7692982 0.1631854
0.7692982 0.1579634
0.7692982 0.1553525
0.7692982 0.1527415
0.7675439 0.1527415
0.7675439 0.1501305
0.7622807 0.1449086
0.7552632 0.1396867
0.7500000 0.1396867
0.7447368 0.1370757
0.7429825 0.1370757
0.7412281 0.1370757
0.7412281 0.1344648
0.7394737 0.1344648
0.7377193 0.1344648
0.7377193 0.1318538
0.7359649 0.1318538
0.7342105 0.1292428
