-0.077179 0.33966
-0.076837 0.33963
-0.076456 0.33964
-0.076041 0.33968
-0.075608 0.33972
-0.075161 0.33976
-0.074716 0.3398
-0.07432 0.33977
-0.073953 0.33971
-0.073581 0.33964
-0.073169 0.33959
-0.072726 0.33956
-0.07224 0.33956
-0.071732 0.33957
-0.071259 0.33953
-0.070777 0.33949
-0.070278 0.33941
-0.06978 0.33935
-0.069298 0.33929
-0.068812 0.33924
-0.068286 0.33923
-0.067716 0.33926
-0.067115 0.3393
-0.066512 0.33934
-0.065906 0.33937
-0.065294 0.33941
-0.06468 0.33946
-0.064161 0.3394
-0.063601 0.33939
-0.062966 0.33944
-0.062342 0.33946
-0.061662 0.33951
-0.060912 0.3396
-0.060131 0.3397
-0.059373 0.33976
-0.058663 0.33975
-0.057947 0.33975
-0.057225 0.33975
-0.056488 0.33975
-0.055767 0.33975
-0.055048 0.33973
-0.054358 0.33967
-0.053684 0.3396
-0.052972 0.33955
-0.05223 0.33953
-0.051449 0.33954
-0.050668 0.33953
-0.049883 0.33951
-0.049107 0.33949
-0.048344 0.33945
-0.047646 0.33934
-0.046922 0.33925
-0.046148 0.33919
-0.045349 0.33914
-0.044551 0.33909
-0.043743 0.33902
-0.042963 0.33892
-0.042205 0.33879
-0.041449 0.33866
-0.040636 0.33859
-0.039782 0.33855
-0.038906 0.33852
-0.038058 0.33847
-0.037222 0.33841
-0.036379 0.33834
-0.035545 0.33826
-0.034696 0.3382
-0.033841 0.33812
-0.033017 0.33803
-0.032176 0.33795
-0.031332 0.33785
-0.030489 0.33774
-0.029658 0.33761
-0.028803 0.3375
-0.027859 0.33744
-0.026867 0.33741
-0.025854 0.33739
-0.024824 0.33739
-0.023747 0.33742
-0.022653 0.33745
-0.02158 0.33747
-0.020535 0.33745
-0.019534 0.33741
-0.018553 0.33736
-0.017561 0.33731
-0.016574 0.33725
-0.015565 0.3372
-0.014536 0.33716
-0.013474 0.33715
-0.012397 0.33716
-0.011352 0.33717
-0.010326 0.33718
-0.00925 0.33723
-0.008158 0.33728
-0.007063 0.33731
-0.005924 0.33737
-0.004767 0.33742
-0.003632 0.33748
-0.002517 0.33755
-0.001393 0.3376
-0.00024 0.33768
0.000939 0.33777
0.002168 0.3379
0.003424 0.33805
0.004675 0.3382
0.005889 0.33833
0.007108 0.33847
0.008361 0.33863
0.009635 0.3388
0.010912 0.33896
0.012285 0.33914
0.013647 0.33932
0.014939 0.33947
0.016182 0.33961
0.017384 0.33977
0.018595 0.33991
0.01985 0.34005
0.02117 0.34023
0.022536 0.34042
0.023863 0.3406
0.025229 0.3408
0.026617 0.34102
0.028036 0.34126
0.029462 0.34149
0.030891 0.34173
0.032329 0.34197
0.033731 0.3422
0.035138 0.34244
0.036573 0.34268
0.038031 0.34294
0.039491 0.34319
0.04097 0.34345
0.04247 0.34373
0.043951 0.344
0.045423 0.3443
0.046904 0.34456
0.04832 0.34477
0.049755 0.34497
0.051225 0.34519
0.052758 0.34547
0.054299 0.34576
0.055943 0.34608
0.057619 0.34641
0.059153 0.34669
0.060715 0.34699
0.062319 0.3473
0.0639 0.3476
0.065455 0.34789
0.067031 0.3482
0.068657 0.34853
0.070281 0.34886
0.071874 0.34917
0.07345 0.34944
0.075058 0.34973
0.076705 0.35003
0.07835 0.35035
0.080017 0.35066
0.081648 0.35096
0.083309 0.35128
0.08504 0.35163
0.086817 0.352
0.088608 0.35236
0.090428 0.35273
0.092264 0.35309
0.09413 0.35345
0.095996 0.3538
0.097884 0.35418
0.099785 0.35456
0.10171 0.35495
0.10364 0.35532
0.10561 0.35573
0.10757 0.35611
0.10951 0.35647
0.11148 0.35683
0.11345 0.35717
0.11542 0.35753
0.1174 0.35787
0.11939 0.35822
0.12139 0.35856
0.12338 0.3589
0.12535 0.35922
0.12734 0.35955
0.12938 0.35989
0.13145 0.36024
0.13353 0.3606
0.13569 0.36099
0.13788 0.36139
0.14005 0.36176
0.14219 0.36213
0.14432 0.36248
0.14638 0.36282
0.14841 0.36316
0.1505 0.3635
0.15261 0.36382
0.15466 0.36414
0.15679 0.36445
0.15896 0.36475
0.16115 0.36504
0.16332 0.36532
0.16555 0.36559
0.16777 0.36586
0.17 0.36612
0.17231 0.36641
0.17468 0.36669
0.17708 0.367
0.17956 0.36733
0.18201 0.36764
0.18436 0.36791
0.18668 0.36816
0.189 0.36842
0.19131 0.36868
0.19366 0.36894
0.196 0.36918
0.19832 0.36941
0.20064 0.36963
0.20301 0.36986
0.2054 0.3701
0.20777 0.37032
0.21014 0.37053
0.21252 0.37073
0.2149 0.37092
0.21727 0.37109
0.21958 0.37122
0.22191 0.37136
0.22423 0.37149
0.22657 0.37161
0.22894 0.37175
0.23131 0.37187
0.23375 0.372
0.23627 0.37214
0.23875 0.37228
0.24123 0.37242
0.24369 0.37255
0.24613 0.37268
0.24859 0.3728
0.25108 0.37293
0.25362 0.37306
0.25614 0.37319
0.25863 0.37331
0.26114 0.37341
0.26367 0.37351
0.26618 0.3736
0.26866 0.37367
0.27116 0.37374
0.27367 0.3738
0.27621 0.37387
0.27879 0.37392
0.28137 0.37398
0.28396 0.37403
0.28655 0.37406
0.28914 0.37409
0.29173 0.3741
0.29429 0.37411
0.29679 0.37411
0.2993 0.37409
0.30178 0.37406
0.30423 0.37402
0.30669 0.37398
0.3092 0.37394
0.31171 0.3739
0.31424 0.37387
0.31674 0.37383
0.3193 0.37377
0.32188 0.37371
0.32446 0.37365
0.32702 0.37358
0.32958 0.3735
0.33217 0.37342
0.33476 0.37334
0.33738 0.37324
0.33998 0.37316
0.34256 0.37307
0.34514 0.37297
0.3477 0.37286
0.35026 0.37275
0.35283 0.37265
0.35539 0.37253
0.35791 0.37241
0.36043 0.37228
0.36296 0.37213
0.36544 0.37199
0.36794 0.37184
0.37051 0.37169
0.37305 0.37151
0.37551 0.37132
0.37795 0.37111
0.38038 0.37089
0.38279 0.37066
0.38516 0.37043
0.38758 0.37018
0.39 0.36995
0.39244 0.3697
0.39491 0.36946
0.39737 0.36925
0.39979 0.36902
0.40219 0.36879
0.4046 0.36855
0.40699 0.36832
0.40939 0.36807
0.41174 0.36783
0.4141 0.36758
0.41647 0.36732
0.41885 0.36705
0.42124 0.36678
0.42365 0.36649
0.42605 0.36619
0.42844 0.36592
0.43079 0.36565
0.43312 0.36535
0.43546 0.36502
0.43776 0.3647
0.44009 0.36437
0.44249 0.36403
0.44489 0.36369
0.44727 0.36336
0.44962 0.36305
0.45196 0.36273
0.4543 0.3624
0.45666 0.36206
0.45904 0.36169
0.4614 0.36133
0.46369 0.36098
0.46599 0.36062
0.46828 0.36025
0.47054 0.3599
0.47279 0.35955
0.47514 0.35906
0.47745 0.35861
0.47966 0.35823
0.48179 0.35787
0.48387 0.35752
0.48596 0.35719
0.4881 0.35686
0.49028 0.3565
0.49234 0.35613
0.49437 0.35576
0.49636 0.3554
0.49844 0.35501
0.50054 0.35461
0.50267 0.35416
0.50484 0.35369
0.50705 0.35313
0.50919 0.35262
0.51121 0.35217
0.5132 0.35178
0.51518 0.3514
0.51718 0.35101
0.51916 0.35063
0.52114 0.35025
0.52306 0.34989
0.52497 0.34952
0.52688 0.34914
0.52882 0.34872
0.5307 0.34831
0.53259 0.34792
0.53449 0.34751
0.53633 0.34711
0.5381 0.34672
0.5399 0.34632
0.54169 0.34593
0.54351 0.34554
0.54539 0.34514
0.54729 0.3447
0.54918 0.34426
0.55106 0.34385
0.55292 0.34344
0.55477 0.34303
0.5566 0.34263
0.55842 0.34222
0.56027 0.34178
0.56212 0.34135
0.56395 0.34093
0.56568 0.34053
0.56738 0.34012
0.5691 0.33971
0.5708 0.33931
0.57252 0.33891
0.5742 0.33855
0.57581 0.33822
0.57739 0.33791
0.57896 0.33762
0.5805 0.33736
0.58203 0.33711
0.58361 0.33684
0.58518 0.33656
0.58674 0.33628
0.58827 0.33599
0.58977 0.3357
0.5913 0.33539
0.59286 0.33508
0.59441 0.33479
0.59594 0.3345
0.59744 0.3342
0.59891 0.33389
0.60036 0.33358
0.60182 0.33328
0.6033 0.33298
0.60475 0.33269
0.6062 0.33242
0.60761 0.33218
0.60897 0.33195
0.6103 0.33171
0.61167 0.33145
0.61305 0.33117
0.61446 0.33087
0.61583 0.33059
0.6172 0.33024
0.61851 0.32994
0.61979 0.32971
0.62104 0.32952
0.62227 0.32937
0.62352 0.3292
0.62478 0.32902
0.62601 0.32884
0.62723 0.32866
0.62842 0.3285
0.62959 0.32832
0.63073 0.32814
0.63183 0.32798
0.63289 0.32786
0.63393 0.32776
0.63497 0.32764
0.63602 0.3275
0.63705 0.32735
0.63808 0.32722
0.63913 0.3271
0.64017 0.32698
0.6412 0.32687
0.64219 0.32679
0.64318 0.3267
0.64421 0.32658
0.64521 0.32646
0.64621 0.32632
0.64717 0.32621
0.6481 0.32612
0.649 0.32603
0.64985 0.32597
0.65069 0.32589
0.65149 0.32584
0.65229 0.3258
0.6531 0.32576
0.65409 0.32544
0.65504 0.32518
0.65586 0.32507
0.6566 0.32508
0.65729 0.32515
0.65796 0.32523
0.65863 0.32533
0.65931 0.32541
0.66001 0.32545
0.66073 0.32542
0.66146 0.32538
0.66219 0.32531
0.6629 0.32525
0.6636 0.32519
0.66429 0.32516
0.66496 0.32514
0.66567 0.32509
0.66636 0.32504
0.667 0.32501
0.66757 0.32502
0.66817 0.32504
0.66883 0.32501
0.66951 0.32497
0.67014 0.32496
0.67084 0.32497
0.6715 0.325
0.67212 0.32501
0.67272 0.32501
0.67328 0.32506
0.67384 0.32509
0.6744 0.32512
0.67495 0.32516
0.67551 0.32519
0.67609 0.32516
0.67664 0.32516
0.67714 0.32519
0.67764 0.32522
0.67813 0.32526
0.67859 0.32529
0.679 0.32534
0.6794 0.32541
0.67983 0.32548
0.68027 0.32555
0.68071 0.32562
0.68117 0.32569
0.68164 0.32573
0.68215 0.32572
0.68269 0.32566
0.68324 0.3256
0.68371 0.32558
0.68407 0.32566
0.68452 0.3257
0.68499 0.32575
0.68545 0.32583
0.68593 0.3259
0.68643 0.32592
0.68695 0.32591
0.68745 0.32592
0.6879 0.32596
0.68835 0.32601
0.68878 0.32606
0.6892 0.32611
0.68964 0.32615
0.69008 0.32617
0.69048 0.32619
0.69092 0.32619
0.69135 0.32622
0.69173 0.3263
0.69204 0.32644
0.69238 0.32657
0.69276 0.32669
0.69314 0.3268
0.69353 0.32692
0.69391 0.32702
0.6943 0.32706
0.69471 0.3271
0.69511 0.32714
0.69547 0.32722
0.69582 0.32733
0.69619 0.32744
0.69657 0.32755
0.69693 0.32761
0.69732 0.32756
0.69771 0.32755
0.6981 0.32761
0.6985 0.32768
0.69889 0.32778
0.69926 0.32792
0.69962 0.32807
0.69997 0.32823
0.70032 0.32838
0.70068 0.32851
0.70105 0.32858
0.7014 0.32866
0.70175 0.32873
0.70211 0.32878
0.70241 0.32889
0.7027 0.32902
0.70299 0.32913
0.7033 0.32923
0.70364 0.32931
0.704 0.32935
0.70437 0.32937
0.70475 0.32938
0.70515 0.32939
0.7055 0.32941
