-0.07278922200202941895 0.04146974533796310425 -0.11336790770292282104 -0.17012484371662139893 0.21855293214321136475 0.07713042944669723511 0.03710593655705451965 0.28255984187126159668 0.09837130457162857056 -0.11889262497425079346 0.19435967504978179932 -0.12191379815340042114 -0.01188000664114952087 -0.03015909530222415924 -0.24867081642150878906 -0.14892669022083282471 -0.00039275427116081119 -0.13351207971572875977 0.12331485003232955933 0.08190899342298507690 -0.11693560332059860229 -0.01378086116164922714 -0.05241410061717033386 -0.10243497043848037720 0.04053682088851928711
-0.04594137519598007202 -0.03757363185286521912 -0.29798865318298339844 -0.01858157292008399963 0.16054053604602813721 0.04452157393097877502 -0.13875469565391540527 0.07748993486166000366 -0.07144670933485031128 -0.01017525419592857361 0.03192077204585075378 0.09317739307880401611 -0.00336958700791001320 -0.04075198620557785034 -0.05711537972092628479 0.14299219846725463867 -0.03197317197918891907 -0.09229991585016250610 -0.09607843309640884399 0.10223763436079025269 0.09926452487707138062 0.03619279712438583374 0.07130531966686248779 0.06731435656547546387 0.05177491158246994019
0.00734926480799913406 0.01388456672430038452 0.01340448204427957535 0.09480772912502288818 -0.08891214430332183838 -0.01950778998434543610 0.01743460446596145630 -0.05017172917723655701 0.00387245323508977890 -0.01436919718980789185 0.10181141644716262817 0.01752703264355659485 -0.02343899756669998169 -0.01480406709015369415 0.04487948864698410034 0.08838945627212524414 0.01014317013323307037 -0.06297752261161804199 0.09313715249300003052 -0.03106069937348365784 -0.02634272351861000061 0.06262628734111785889 0.05362481623888015747 -0.02673487365245819092 -0.00293089030310511589
-0.02111985534429550171 -0.02945865131914615631 -0.20977982878684997559 0.07114890217781066895 -0.07076875865459442139 0.05052433162927627563 -0.00918893702328205109 -0.12172801047563552856 -0.10171302407979965210 0.14523853361606597900 -0.05855123326182365417 0.10139238834381103516 0.08039821684360504150 -0.17305724322795867920 -0.01343984063714742661 0.11587518453598022461 0.01452147681266069412 0.05500071123242378235 -0.09080881625413894653 -0.12376328557729721069 0.13685347139835357666 -0.04949365183711051941 0.13576482236385345459 0.06907218694686889648 0.01636988297104835510
0.03514758497476577759 -0.06217466667294502258 -0.10583712160587310791 0.18482919037342071533 -0.19758215546607971191 -0.12237010151147842407 -0.01945923455059528351 0.09260866791009902954 -0.00339874718338251114 0.06133405491709709167 -0.02592865750193595886 0.05147342383861541748 -0.02256284840404987335 -0.03708906844258308411 0.03731359913945198059 0.05736145749688148499 0.04265140742063522339 0.09022682160139083862 -0.11425255984067916870 -0.02531628683209419250 0.08296601474285125732 -0.11274767667055130005 0.07202883064746856689 -0.00539105385541915894 -0.01482885610312223434
-0.00098649004939943552 -0.00811358820647001266 0.04301797598600387573 0.05643373355269432068 -0.08983769267797470093 -0.01926242373883724213 0.02009800076484680176 -0.04449456557631492615 0.03982159122824668884 -0.07822413742542266846 0.04834760725498199463 -0.04774249717593193054 0.00447938684374094009 -0.01719210296869277954 0.06159000098705291748 0.06611134856939315796 -0.01019021309912204742 -0.06974444538354873657 -0.07410345226526260376 0.00561649072915315628 0.02882771193981170654 0.03074615821242332458 0.01033676881343126297 0.08048795163631439209 0.05826947465538978577
0.00070824974682182074 0.05421758443117141724 0.08629782497882843018 0.20045311748981475830 -0.09889878332614898682 0.04730493947863578796 0.03045774810016155243 0.05959648638963699341 -0.06352863460779190063 0.03493311628699302673 -0.05679032206535339355 -0.07310768961906433105 -0.12966315448284149170 0.11558043211698532104 0.10477192699909210205 0.08578095585107803345 0.08301739394664764404 0.07643045485019683838 -0.04125939309597015381 0.10462961345911026001 0.08158262073993682861 -0.05800488591194152832 0.04073369130492210388 -0.03669397905468940735 -0.07730762660503387451
-0.06357337534427642822 -0.03488440811634063721 -0.00449862331151962280 -0.23325137794017791748 0.03771832585334777832 0.02376987971365451813 0.03148802742362022400 0.17386826872825622559 -0.06674054265022277832 -0.00372320692986249924 0.10247766971588134766 0.09390240162611007690 0.04250293597579002380 -0.04422093182802200317 -0.07612732052803039551 -0.09570567309856414795 -0.17599634826183319092 -0.05058772861957550049 0.07957242429256439209 0.05811693146824836731 -0.04225511476397514343 0.11874710023403167725 0.00170639879070222378 0.01937353983521461487 0.01418362930417060852
0.03998231515288352966 0.00682541215792298317 0.16263267397880554199 -0.35137259960174560547 -0.00781342759728431702 0.05870703607797622681 -0.08922041952610015869 -0.08980768918991088867 -0.04288215562701225281 -0.16667729616165161133 -0.00014563248259946704 -0.21607948839664459229 0.03536982461810112000 0.02382505871355533600 0.07257862389087677002 0.20346359908580780029 -0.04284654930233955383 -0.12946631014347076416 -0.07620059698820114136 0.19358322024345397949 0.04085433483123779297 0.04823103547096252441 -0.06310753524303436279 0.18626935780048370361 0.06160934269428253174
0.04843934997916221619 0.05357914417982101440 0.13716198503971099854 0.21775689721107482910 0.01260430365800857544 -0.05065436288714408875 0.08692862093448638916 -0.03926673904061317444 0.04269998893141746521 -0.04936328902840614319 0.04265846684575080872 -0.11102799326181411743 -0.07693874835968017578 0.16730448603630065918 0.12773303687572479248 0.39711779356002807617 -0.00560386013239622116 0.21003986895084381104 0.16094303131103515625 0.03139466047286987305 -0.03661694377660751343 0.19590033590793609619 0.02906163036823272705 -0.12181197851896286011 -0.10097686201333999634
-0.04635652899742126465 -0.00303221796639263630 -0.01984352245926856995 0.21388033032417297363 -0.19956226646900177002 0.03716842830181121826 -0.02190580032765865326 0.04587173089385032654 -0.18010123074054718018 0.09679365158081054688 0.08803877234458923340 0.12518632411956787109 0.02508929744362831116 -0.00198468030430376530 -0.15244664251804351807 0.04060550779104232788 -0.01390898413956165314 0.02454583719372749329 -0.12628111243247985840 0.04100242629647254944 0.10203292965888977051 -0.10857012867927551270 0.06925526261329650879 -0.04169571772217750549 -0.00303593976423144341
-0.01785186119377613068 0.00217577861621975899 -0.15155074000358581543 0.12950256466865539551 0.10854906588792800903 -0.01405402366071939468 -0.12577679753303527832 -0.13452580571174621582 -0.06161982938647270203 0.05216730758547782898 -0.04504861682653427124 0.11550697684288024902 0.02070073597133159637 0.13289740681648254395 0.18250696361064910889 0.20185258984565734863 -0.00673901196569204330 0.01660068146884441376 0.01941125094890594482 0.05960181355476379395 0.04886204376816749573 -0.09043519943952560425 0.00870595220476388931 0.03012714348733425140 -0.00618591438978910446
-0.03675263375043869019 0.02817014604806900024 0.29913118481636047363 -0.18742555379867553711 -0.06131607294082641602 0.05324803292751312256 -0.05910935625433921814 0.00545164803043007851 0.17034696042537689209 -0.14374108612537384033 0.03228952363133430481 -0.08250052481889724731 0.07902140915393829346 -0.09347666054964065552 -0.16348026692867279053 0.07051664590835571289 -0.00984881818294525146 0.00455664284527301788 -0.10227377712726593018 -0.02127251774072647095 0.10497456043958663940 -0.06714659184217453003 0.07361244410276412964 0.14302083849906921387 0.06681053340435028076
0.02954059839248657227 0.02033550664782524109 0.40428662300109863281 -0.40615785121917724609 -0.11351154744625091553 0.07990238070487976074 -0.02483361586928367615 -0.10298358649015426636 -0.00191658665426075459 0.01686393842101097107 0.15024569630622863770 0.00698868790641427040 0.04720002040266990662 -0.19024233520030975342 0.02611706405878067017 -0.24363037943840026855 -0.06761409342288970947 -0.08663648366928100586 -0.02928491309285163879 -0.31959918141365051270 -0.05100614577531814575 -0.05509698763489723206 -0.15011264383792877197 0.19516131281852722168 0.17056411504745483398
0.07032515853643417358 0.00444609485566616058 0.09797681123018264771 -0.02118060179054737091 0.05877330899238586426 0.04526421800255775452 -0.06567436456680297852 -0.34707936644554138184 0.09205185621976852417 0.10914570093154907227 -0.08742187172174453735 0.03442883491516113281 -0.02310357801616191864 0.08067548274993896484 0.08481102436780929565 0.07340249419212341309 -0.08188914507627487183 -0.00720279477536678314 0.16393442451953887939 0.06319664418697357178 -0.02089194953441619873 0.02786687575280666351 -0.01090771798044443130 0.04900906234979629517 0.02784093655645847321
0.02791683375835418701 -0.02926415205001831055 -0.00046862487215548754 0.30665528774261474609 0.20171645283699035645 -0.07911527156829833984 0.08598367124795913696 0.02191756479442119598 0.07190878689289093018 -0.11651155352592468262 0.04807676002383232117 -0.20734746754169464111 -0.07634076476097106934 0.08589784801006317139 0.23500292003154754639 0.01934185996651649475 0.11072044819593429565 0.12480033189058303833 0.07775151729583740234 -0.08783010393381118774 -0.02771718986332416534 0.03091074898838996887 -0.00302727613598108292 -0.16569793224334716797 -0.13264533877372741699
-0.02187173441052436829 -0.01474555488675832748 0.00973331462591886520 -0.05627989768981933594 0.12681581079959869385 0.01203395985066890717 -0.03528127446770668030 0.06062209978699684143 0.00359740667045116425 -0.04354923218488693237 -0.10437308251857757568 -0.04051340371370315552 0.03607645258307456970 -0.00988916400820016861 -0.02002280950546264648 -0.07595065981149673462 -0.01805641874670982361 -0.00179691857192665339 -0.10511282086372375488 -0.00360090215690433979 0.01709466800093650818 -0.08658132702112197876 -0.05467619001865386963 0.00091758236521854997 0.01993810385465621948
-0.00396473286673426628 0.04401942715048789978 0.04102392867207527161 -0.11761814355850219727 0.14311641454696655273 -0.02840325050055980682 -0.16740565001964569092 -0.18175353109836578369 -0.10563316196203231812 -0.10406879335641860962 -0.08817435055971145630 -0.16241686046123504639 -0.05243492871522903442 -0.04930143058300018311 0.15105779469013214111 -0.23398268222808837891 0.02746290713548660278 0.12406052649021148682 0.25954666733741760254 -0.24618694186210632324 -0.25787273049354553223 0.15082676708698272705 -0.08748185634613037109 0.01679939590394496918 0.11577649414539337158
-0.01341668888926506042 -0.03478610515594482422 -0.12148273736238479614 -0.15897560119628906250 0.05275912955403327942 -0.11717259883880615234 0.08400093764066696167 -0.16461251676082611084 0.14912584424018859863 0.05149188265204429626 -0.10852544009685516357 0.08616811782121658325 0.05819624289870262146 -0.25813889503479003906 -0.02687503769993782043 0.06714139878749847412 0.04221391677856445312 -0.08756846934556961060 -0.21294158697128295898 -0.10819798707962036133 0.02529890835285186768 -0.03855803608894348145 -0.07258173823356628418 0.18220236897468566895 0.16580367088317871094
-0.05886788293719291687 -0.06107713654637336731 -0.23232974112033843994 -0.04012008756399154663 0.23747614026069641113 -0.02622536942362785339 -0.02063171751797199249 0.07438012212514877319 0.06952121108770370483 -0.03397863730788230896 -0.10143189877271652222 -0.05360884591937065125 0.00729307625442743301 -0.00934706907719373703 0.04810390248894691467 -0.05955124273896217346 0.04323429614305496216 -0.08168584853410720825 -0.06326092034578323364 -0.01508092600852251053 0.05003344640135765076 0.05683062225580215454 -0.05032683536410331726 0.01777793280780315399 0.04710957035422325134
-0.05791055038571357727 -0.01551433745771646500 0.07146461308002471924 -0.22020839154720306396 -0.29567885398864746094 0.02313617430627346039 -0.04776317626237869263 0.12828892469406127930 0.01104235369712114334 -0.07963769137859344482 0.12486603111028671265 -0.00790885649621486664 -0.05072066932916641235 -0.19361425936222076416 0.06098512932658195496 0.15413911640644073486 -0.06409608572721481323 0.13152885437011718750 0.24628891050815582275 -0.16144698858261108398 -0.04935648664832115173 -0.02558543533086776733 -0.00006944559572730213 0.04361074417829513550 0.08490280061960220337
0.00735119264572858810 -0.00160243199206888676 0.06736965477466583252 0.13278082013130187988 -0.10940538346767425537 0.00280136964283883572 -0.00836435891687870026 -0.02913443744182586670 0.00032499711960554123 0.05219336971640586853 0.04656354710459709167 0.01382068730890750885 -0.03616635873913764954 -0.02780919894576072693 0.08847443014383316040 0.02815361134707927704 -0.00644402205944061279 0.00363007839769124985 0.14202138781547546387 -0.02344170026481151581 -0.03436592221260070801 0.02652871608734130859 0.06317336857318878174 -0.07966528087854385376 -0.02962566912174224854
0.03480115160346031189 0.06079345941543579102 0.09182419627904891968 0.01607180200517177582 -0.00992480479180812836 0.00408817268908023834 0.01726514287292957306 0.05789409577846527100 0.02226439304649829865 -0.00038259173743426800 -0.01553997490555047989 -0.08566931635141372681 -0.03423208370804786682 0.12752631306648254395 -0.04519690200686454773 0.01708676293492317200 0.05122545734047889709 0.08527063578367233276 0.12240894138813018799 -0.00915906671434640884 -0.09884938597679138184 -0.05062384158372879028 -0.10769280791282653809 -0.08098560571670532227 -0.02056879922747612000
0.04371584579348564148 -0.01576836779713630676 -0.14024211466312408447 0.19617062807083129883 0.23044264316558837891 -0.08483545482158660889 0.17309299111366271973 -0.10186674445867538452 0.07980484515428543091 -0.01739511825144290924 0.06293724477291107178 0.09200461208820343018 -0.06274861842393875122 0.17324586212635040283 -0.03569984436035156250 0.17033705115318298340 -0.03123573213815689087 0.07842835038900375366 0.27789452672004699707 -0.14189799129962921143 -0.10072380304336547852 0.08614940941333770752 -0.10335911810398101807 -0.02401444688439369202 -0.07056374102830886841
-0.01991176232695579529 -0.07240413874387741089 -0.11537870764732360840 -0.08463159948587417603 0.04067103192210197449 -0.03718486055731773376 -0.00521332724019885063 -0.08286176621913909912 -0.09384319931268692017 0.05171245336532592773 0.08424899727106094360 0.04138573631644248962 0.09236001968383789062 -0.11410968750715255737 0.06038440763950347900 -0.03026840277016162872 0.02035917714238166809 -0.16839548945426940918 -0.22673836350440979004 0.13136154413223266602 0.11311257630586624146 0.05643860250711441040 0.14049611985683441162 0.09291847795248031616 0.05361079052090644836
0.06258873641490936279 0.03090274520218372345 0.06827799975872039795 0.09991779923439025879 0.12344480305910110474 -0.00629658717662096024 -0.08056091517210006714 -0.40186861157417297363 -0.03519146144390106201 0.16628091037273406982 -0.16071844100952148438 0.02119814604520797729 -0.11875588446855545044 0.08338867872953414917 0.23492678999900817871 0.19954304397106170654 -0.04385107383131980896 0.18484823405742645264 0.32088309526443481445 -0.16642268002033233643 -0.04295012354850769043 -0.11295296996831893921 -0.07962596416473388672 0.01431089825928211212 -0.06854797899723052979
-0.00832595303654670715 0.03635066375136375427 -0.06416483968496322632 -0.12463237345218658447 -0.39059513807296752930 -0.06521672755479812622 0.04413635656237602234 0.11735769361257553101 0.09728387743234634399 -0.01506308838725090027 0.00058644497767090797 0.07003593444824218750 0.03099294193089008331 -0.08105550706386566162 -0.12171617150306701660 -0.27165868878364562988 -0.11632955819368362427 -0.32355585694313049316 0.09139358252286911011 0.20042519271373748779 0.01948481611907482147 0.01486990507692098618 0.05425343289971351624 0.03339162096381187439 -0.02645334415137767792
-0.00628953380510210991 0.01600191555917263031 -0.19545690715312957764 -0.05655165389180183411 -0.11284181475639343262 0.00972121208906173706 -0.08112042397260665894 -0.06806408613920211792 -0.00305555132217705250 0.07352502644062042236 -0.08033660054206848145 0.08518436551094055176 -0.06284034252166748047 0.04952080920338630676 0.12561313807964324951 0.11171481758356094360 0.01986107043921947479 -0.03169895708560943604 0.00540420645847916603 -0.03224400430917739868 0.05708081647753715515 0.00036790547892451286 -0.05009640380740165710 0.05431133881211280823 -0.07317994534969329834
0.01139081921428442001 -0.02142824046313762665 -0.00638789962977170944 -0.11508857458829879761 0.12279891967773437500 0.04110818356275558472 -0.03125344589352607727 0.02527431398630142212 -0.03530853986740112305 -0.01100917998701334000 -0.07695160061120986938 -0.00799653027206659317 0.04376054182648658752 0.03885308280587196350 -0.01956445351243019104 -0.08791951835155487061 0.03034630604088306427 -0.01068271324038505554 -0.12167421728372573853 0.00011606013868004084 0.05159722268581390381 -0.05917023867368698120 -0.06367927044630050659 0.03729564324021339417 0.02630926854908466339
0.01927996426820755005 0.07390615344047546387 0.19251188635826110840 -0.21854822337627410889 -0.31737697124481201172 -0.04426762834191322327 0.03150109574198722839 -0.10433471947908401489 0.03718860819935798645 -0.03861008584499359131 0.09913301467895507812 0.14968177676200866699 -0.10951478034257888794 0.03161441162228584290 -0.12109573185443878174 -0.01784174889326095581 -0.12978702783584594727 -0.07498915493488311768 0.07908961921930313110 -0.03254670277237892151 0.01245343312621116638 0.12486264854669570923 -0.05415438488125801086 -0.03408386558294296265 -0.07497932016849517822
-0.01719832979142665863 0.03172450885176658630 0.10850591957569122314 0.12637211382389068604 -0.30761593580245971680 0.11304093152284622192 -0.04094780609011650085 0.12742121517658233643 -0.08530601114034652710 0.09850579500198364258 0.16919672489166259766 0.16525909304618835449 0.03873733431100845337 0.11908701062202453613 -0.23256546258926391602 0.14037321507930755615 -0.03209680691361427307 -0.01520926970988512039 -0.18584011495113372803 0.00081358524039387703 -0.01147132366895675659 -0.16128401458263397217 0.03135262429714202881 0.07076665014028549194 0.02651898190379142761
0.00466864928603172302 0.01252551097422838211 0.23743596673011779785 0.00858078338205814362 -0.16749821603298187256 0.04878374561667442322 -0.05191079899668693542 0.02409608475863933563 -0.09356826543807983398 -0.03194705769419670105 0.08553973585367202759 0.01010224130004644394 0.12265388667583465576 -0.03800926357507705688 -0.23997120559215545654 -0.35961386561393737793 0.09495464712381362915 -0.19639779627323150635 -0.26752787828445434570 0.01639887876808643341 0.05117393657565116882 -0.02172872610390186310 0.00370965152978897095 0.03972219675779342651 -0.00349893257953226566
0.01358474977314472198 0.00891219079494476318 0.36654943227767944336 -0.02726076729595661163 0.03374815732240676880 0.03921813517808914185 -0.09415159374475479126 -0.10807560384273529053 -0.09145084768533706665 0.06730727106332778931 0.02844192832708358765 0.04529763758182525635 0.12494646757841110229 -0.09663312882184982300 -0.06202420219779014587 0.02549357712268829346 0.02924486808478832245 -0.02946390397846698761 -0.19421258568763732910 -0.00624436605721712112 0.13534161448478698730 0.03126832842826843262 -0.07840161770582199097 0.01062570139765739441 -0.00564419385045766830
0.00909696705639362335 0.04299417883157730103 0.06983074545860290527 -0.05919357016682624817 -0.07662679255008697510 -0.01677141897380352020 -0.01055009569972753525 0.00943286344408988953 -0.05009119957685470581 0.06323160976171493530 -0.05393635109066963196 0.04036691784858703613 0.09231523424386978149 -0.04618167504668235779 -0.02135151997208595276 0.02832981944084167480 -0.05573109164834022522 -0.11768619716167449951 0.00785716157406568527 0.10806543380022048950 -0.01070672087371349335 -0.00228101969696581364 0.11824388802051544189 0.04007925465703010559 0.06340451538562774658
0.05410124361515045166 -0.03234431520104408264 0.22373333573341369629 -0.21910253167152404785 -0.24206753075122833252 0.10515969991683959961 -0.22911430895328521729 -0.33610442280769348145 -0.14174506068229675293 0.25405049324035644531 -0.09490235894918441772 0.04177199676632881165 0.10427697747945785522 -0.09520817548036575317 -0.06874122470617294312 -0.19763450324535369873 -0.06802328675985336304 -0.22186884284019470215 0.13383238017559051514 0.08164896070957183838 -0.01623884029686450958 0.02985397912561893463 -0.02884514443576335907 -0.06252245604991912842 0.03875593468546867371
0.00161219970323145390 -0.03179645165801048279 0.03578615188598632812 -0.10716406255960464478 0.08209588378667831421 0.02688820101320743561 -0.01710568554699420929 0.08152583241462707520 -0.02567232958972454071 -0.03129014372825622559 -0.04881538823246955872 0.01489233784377574921 0.02018425799906253815 0.00478854915127158165 -0.05724694207310676575 -0.05747395753860473633 0.05178647488355636597 0.00240032398141920567 -0.11486227810382843018 -0.01547607127577066422 0.02875398471951484680 -0.06595568358898162842 -0.02965113334357738495 0.02353192307054996490 0.01745213940739631653
0.02932702377438545227 0.01387572567909955978 -0.03154654428362846375 0.03432163596153259277 -0.11654983460903167725 -0.03312504291534423828 0.02140155993402004242 -0.00726331910118460655 0.03183778747916221619 0.04747582226991653442 0.07935951650142669678 0.03286834433674812317 -0.03682869300246238708 -0.07356777042150497437 0.03356856107711791992 0.05388374254107475281 -0.00513106351718306541 0.02200843393802642822 0.09469856321811676025 -0.00834588054567575455 -0.04819749668240547180 0.07654681801795959473 0.05923501774668693542 -0.03694855049252510071 -0.01470982097089290619
0.02003887854516506195 0.05035352334380149841 0.26655575633049011230 -0.01527129858732223511 0.05251954123377799988 -0.03416656330227851868 -0.00031998846679925919 -0.13147574663162231445 0.20673462748527526855 0.04165325313806533813 -0.28763914108276367188 -0.15501375496387481689 -0.00744114909321069717 0.04114348813891410828 0.13826216757297515869 -0.01461718045175075531 0.15704391896724700928 0.16872355341911315918 0.01074902620166540146 -0.00718982983380556107 -0.10565987229347229004 -0.05788142234086990356 -0.12247432023286819458 -0.01960868760943412781 -0.06103503331542015076
0.00577530357986688614 -0.00065076415194198489 0.01458728779107332230 0.23552906513214111328 -0.16872274875640869141 0.03538819402456283569 0.08253509551286697388 0.00357573921792209148 -0.03993437066674232483 0.03394069522619247437 0.03379140421748161316 -0.08316336572170257568 -0.08189461380243301392 0.07617763429880142212 0.11191844195127487183 0.11664969474077224731 -0.00427259458228945732 0.15618945658206939697 -0.03052482567727565765 -0.09180729091167449951 0.10559237003326416016 -0.03340546414256095886 -0.00756909372285008430 -0.03031852096319198608 -0.11957219988107681274
-0.05207979679107666016 -0.01960498467087745667 0.19646029174327850342 -0.27105054259300231934 -0.06546798348426818848 0.03418263047933578491 0.02665354683995246887 0.16498398780822753906 0.06734039634466171265 -0.01055311039090156555 0.08256743103265762329 -0.05677059292793273926 -0.01948356814682483673 -0.09907616674900054932 -0.07093953341245651245 0.06519130617380142212 -0.01222097966820001602 0.20784439146518707275 0.19200496375560760498 0.02944415621459484100 -0.17065167427062988281 0.07043666392564773560 -0.08587069064378738403 0.06255289912223815918 0.00045890570618212223
-0.00883407238870859146 0.05674245953559875488 0.07094009965658187866 -0.07653732597827911377 -0.16148544847965240479 0.03871908783912658691 -0.09234263002872467041 -0.27996787428855895996 0.02631187066435813904 0.22985868155956268311 -0.14663365483283996582 0.13533009588718414307 0.01160235144197940826 -0.30723610520362854004 0.05046524852514266968 -0.20867612957954406738 0.08816117793321609497 0.08705402910709381104 0.00953340250998735428 -0.20027250051498413086 0.07782596349716186523 -0.12833370268344879150 0.09669784456491470337 0.04190785065293312073 0.04091762006282806396
-0.02272820845246315002 0.02835779450833797455 -0.10495468974113464355 0.08617766201496124268 -0.03970432654023170471 0.00384991872124373913 0.03020149655640125275 0.01696276478469371796 0.07877726852893829346 0.02715760655701160431 -0.02769056148827075958 0.03112457506358623505 -0.01396969892084598541 -0.09441630542278289795 -0.10373771935701370239 -0.16487497091293334961 0.06378133594989776611 -0.06085469946265220642 -0.07887481898069381714 0.04030656442046165466 -0.03447905182838439941 0.05844380334019660950 0.01383895985782146454 -0.06339165568351745605 0.02117759361863136292
0.02475631609559059143 0.01849284023046493530 -0.01940890029072761536 0.24527835845947265625 -0.17720206081867218018 0.01386895030736923218 0.08914919942617416382 -0.17665146291255950928 -0.04579308256506919861 0.10662189871072769165 -0.06321138143539428711 0.05078008398413658142 -0.08048924058675765991 0.15431010723114013672 0.13172268867492675781 0.15753065049648284912 -0.04342244938015937805 0.07446432858705520630 0.05473349243402481079 0.05475006625056266785 0.05858649685978889465 0.02716018632054328918 -0.00418353267014026642 -0.00715882843360304832 -0.04711961001157760620
0.04788192361593246460 0.03865139558911323547 -0.02831714972853660583 0.27452704310417175293 -0.13587313890457153320 0.04024068266153335571 0.00775261083617806435 -0.13900654017925262451 -0.01185229327529668808 0.07222826778888702393 -0.09539423137903213501 0.10421151667833328247 -0.09449224919080734253 0.06340771168470382690 0.18367539346218109131 -0.09108189493417739868 0.07537151128053665161 0.08987018465995788574 0.11978125572204589844 -0.03212337195873260498 -0.07499743998050689697 -0.07178422063589096069 -0.00510193314403295517 -0.06519047170877456665 -0.04455640166997909546
0.01195659022778272629 -0.02391986735165119171 0.06529163569211959839 -0.23318068683147430420 -0.02653853595256805420 -0.05320650711655616760 0.05211640521883964539 0.06348083913326263428 0.00137693271972239017 -0.08495752513408660889 0.09176371991634368896 -0.00675471406430006027 0.07785948365926742554 -0.11732038110494613647 -0.22096408903598785400 0.00692218728363513947 -0.07656044512987136841 -0.10566691309213638306 -0.06040362641215324402 -0.02115794271230697632 -0.00565616507083177567 0.10850830376148223877 0.05539451166987419128 0.02518048137426376343 0.01212599966675043106
0.00564137147739529610 0.03323268890380859375 0.12044258415699005127 -0.04132708534598350525 -0.07074613124132156372 0.04683382436633110046 -0.05409269779920578003 0.05249775573611259460 0.00478758057579398155 -0.05502491071820259094 0.07013373821973800659 0.05269589647650718689 0.04118392616510391235 -0.11735964566469192505 -0.06050168350338935852 0.01483121421188116074 -0.07390858978033065796 -0.08825322985649108887 -0.17264945805072784424 -0.05791634321212768555 -0.00785911735147237778 -0.08123668283224105835 -0.01318181958049535751 0.15496814250946044922 0.16879609227180480957
-0.02690660208463668823 -0.05380282178521156311 -0.28106707334518432617 0.00999778881669044495 0.08303964883089065552 -0.03587445989251136780 0.09194976836442947388 0.23685857653617858887 -0.09453336149454116821 -0.05065136030316352844 0.15068048238754272461 0.19080334901809692383 -0.01344373263418674469 0.00322442129254341125 -0.20274285972118377686 0.03259950503706932068 -0.20047004520893096924 -0.07233714312314987183 0.10935779660940170288 0.09602966159582138062 0.12086325138807296753 0.04946231469511985779 0.10334628820419311523 0.00480948481708765030 -0.01005318760871887207
0.01052954886108636856 0.00189100322313606739 -0.06851322203874588013 0.19637779891490936279 0.00289956689812242985 -0.00607725046575069427 -0.03127088397741317749 -0.09153250604867935181 -0.03320362046360969543 0.08555576205253601074 -0.10219556093215942383 0.00491683604195713997 -0.05301706865429878235 0.09218993782997131348 0.22211162745952606201 -0.05343061685562133789 0.09828431159257888794 0.02067163400352001190 0.09352027624845504761 -0.03258235380053520203 -0.02015133388340473175 -0.12239060550928115845 -0.04753616824746131897 -0.05108622089028358459 -0.05939768999814987183
-0.00743457814678549767 -0.01581638865172863007 0.03992812335491180420 -0.08819313347339630127 0.05622654408216476440 0.01938277482986450195 -0.04369457066059112549 0.08870014548301696777 0.01252129860222339630 0.00043756992090493441 -0.06012798473238945007 -0.00083576759789139032 0.04466114938259124756 -0.00260035693645477295 -0.00111862621270120144 -0.16120523214340209961 0.01757674664258956909 0.05487135052680969238 -0.04713760688900947571 -0.01781438849866390228 0.04622675105929374695 -0.05196816474199295044 -0.00238599488511681557 0.05084167793393135071 0.01202392019331455231
-0.00485900044441223145 -0.01658548973500728607 -0.08203119784593582153 0.06769189238548278809 -0.01879541017115116119 -0.01086279004812240601 0.03171143680810928345 0.06427896022796630859 0.00737026054412126541 0.05517335608601570129 -0.06628916412591934204 -0.02035415731370449066 -0.01357570476830005646 -0.02082505635917186737 0.08578203618526458740 -0.02050952427089214325 0.04158751666545867920 0.00882066506892442703 -0.00884573440998792648 -0.05338714271783828735 0.04477718472480773926 -0.11683419346809387207 0.04863356798887252808 -0.01501021999865770340 0.00120256608352065086
0.01346884202212095261 0.06060508266091346741 0.02437203563749790192 0.07136415690183639526 0.05575467273592948914 -0.02008897252380847931 -0.09502987563610076904 -0.38522088527679443359 0.00742975948378443718 0.25865158438682556152 -0.20295678079128265381 0.06947378814220428467 -0.08374007046222686768 0.05991044640541076660 0.24565432965755462646 0.08887004852294921875 0.06018869206309318542 0.23121997714042663574 0.32717999815940856934 -0.13444262742996215820 -0.11232665926218032837 -0.11234880983829498291 -0.06893506646156311035 -0.02759617380797863007 -0.06988546997308731079
0.04388641566038131714 0.00255401944741606712 -0.17643524706363677979 0.15813387930393218994 0.22010605037212371826 -0.11203227192163467407 0.18424984812736511230 -0.08978801220655441284 0.22473348677158355713 -0.03759953752160072327 -0.10081011056900024414 -0.06763039529323577881 -0.11295106261968612671 0.06269459426403045654 0.08196997642517089844 0.51474714279174804688 0.00110317871440201998 0.45330587029457092285 0.01153598539531230927 -0.30865618586540222168 0.09491317719221115112 -0.03733948245644569397 0.00675745680928230286 0.09307414293289184570 -0.03121635131537914276
-0.00426810979843139648 0.04706753045320510864 0.01306810043752193451 0.18370610475540161133 -0.06555683165788650513 -0.03132191672921180725 0.04142327606678009033 -0.11785715818405151367 0.01361284032464027405 0.00963833648711442947 0.00190186209511011839 0.00729762483388185501 -0.01923753693699836731 -0.06590757519006729126 -0.04232384264469146729 -0.08077075332403182983 0.07066269218921661377 0.07329744100570678711 -0.00134414469357579947 -0.06512825936079025269 -0.02226229384541511536 0.01137682888656854630 0.01428337674587965012 -0.03616038709878921509 -0.10024046152830123901
-0.02579580806195735931 -0.01173184625804424286 -0.03384269401431083679 0.33497872948646545410 0.11486627161502838135 0.00171991274692118168 0.04784451052546501160 0.07700487971305847168 0.09593903273344039917 -0.16246515512466430664 0.06893738359212875366 -0.18876487016677856445 -0.07775416970252990723 -0.05597978085279464722 0.13639497756958007812 0.06071991100907325745 0.09816022962331771851 0.14643087983131408691 -0.05944041535258293152 -0.17625194787979125977 0.00164103100541979074 -0.01236305106431245804 -0.01969823054969310760 -0.00363662233576178551 -0.01880884356796741486
0.03602971881628036499 0.03907504677772521973 0.15636900067329406738 -0.07776331901550292969 0.07708222419023513794 -0.02732961997389793396 -0.08061487227678298950 -0.37415161728858947754 -0.00709368754178285599 0.20473006367683410645 -0.19277425110340118408 0.01546001154929399490 -0.09304085373878479004 0.08317721635103225708 0.22596782445907592773 0.21023029088973999023 0.01891127042472362518 0.26602706313133239746 0.19841802120208740234 -0.08910726755857467651 -0.08301066607236862183 -0.05254854634404182434 -0.05087766051292419434 -0.02181185223162174225 -0.02030738815665245056
-0.01903914101421833038 -0.00913832336664199829 -0.06962119042873382568 0.03600657358765602112 -0.02860537357628345490 0.05801428481936454773 -0.05788539350032806396 -0.06628229469060897827 -0.04825431108474731445 0.00171553087420761585 -0.02162457443773746490 -0.05846329405903816223 -0.02201120182871818542 0.08073376864194869995 0.19751331210136413574 0.19395558536052703857 0.04414309933781623840 0.14424157142639160156 -0.05891298875212669373 -0.02602344565093517303 0.02217690832912921906 -0.09908585995435714722 -0.01288729440420866013 -0.03435312956571578979 0.00412449566647410393
0.01617990806698799133 -0.00483326613903045654 0.05502373352646827698 -0.13157494366168975830 -0.16106836497783660889 0.00513879116624593735 0.06230361387133598328 0.08284590393304824829 0.05992291122674942017 -0.19589342176914215088 0.19026947021484375000 -0.15345013141632080078 -0.13174480199813842773 -0.21291328966617584229 0.11241453140974044800 0.10542342811822891235 0.02931675873696804047 0.06708405911922454834 -0.29369831085205078125 -0.27546811103820800781 0.05914285778999328613 0.14915424585342407227 0.02556087635457515717 -0.06273919343948364258 0.15948823094367980957
0.00798514205962419510 0.06820451468229293823 0.28726133704185485840 0.06116277351975440979 -0.22248600423336029053 0.03005015105009078979 0.04574492201209068298 -0.06486528366804122925 0.06935466825962066650 -0.10962142050266265869 0.17058348655700683594 -0.10552266985177993774 -0.11034460365772247314 0.15389239788055419922 0.11291979253292083740 0.24340097606182098389 0.08282762020826339722 0.09808560460805892944 -0.19899360835552215576 -0.26996594667434692383 -0.17025303840637207031 -0.00112791359424591064 -0.03012570552527904510 0.01175853610038757324 0.09996335953474044800
0.01516463793814182281 0.07805845886468887329 0.21429757773876190186 0.02513450011610984802 -0.33455026149749755859 0.01413336023688316345 -0.04874528944492340088 -0.03643208369612693787 0.07235709577798843384 -0.03156709298491477966 -0.03244328126311302185 -0.12905457615852355957 -0.04633029550313949585 -0.11507757008075714111 0.14788004755973815918 0.16526214778423309326 -0.01279905717819929123 -0.08711186796426773071 -0.22901339828968048096 -0.08482742309570312500 0.20901052653789520264 -0.08453533053398132324 0.02716772072017192841 0.15957248210906982422 -0.02943388372659683228
-0.03416676074266433716 -0.03035931661725044250 -0.10869377106428146362 -0.17735920846462249756 0.01153787411749362946 0.07526558637619018555 -0.04464294388890266418 0.11942862719297409058 -0.18219482898712158203 -0.07773187756538391113 0.27059969305992126465 -0.01649830676615238190 -0.09367595613002777100 0.02847216278314590454 -0.02833414450287818909 0.18238629400730133057 -0.00897825974971055984 0.06334306299686431885 -0.10835947096347808838 0.01575613953173160553 0.01875809207558631897 0.02898351475596427917 0.03125731274485588074 -0.06914514303207397461 0.07213313877582550049
0.03910639509558677673 -0.09628535807132720947 -0.18185663223266601562 -0.11543089151382446289 0.16564580798149108887 -0.05928453803062438965 -0.02601707912981510162 0.09629022330045700073 -0.11299333721399307251 0.00004147726576775312 0.11036437004804611206 0.10985549539327621460 0.04684950411319732666 -0.02136124856770038605 -0.15221300721168518066 -0.17978179454803466797 -0.01485904678702354431 -0.03790383785963058472 0.12104256451129913330 -0.07711355388164520264 -0.22584219276905059814 0.18977788090705871582 -0.02694065868854522705 -0.09528951346874237061 0.09515711665153503418
-0.01409727800637483597 0.00283537968061864376 -0.25876796245574951172 0.10863087326288223267 0.08668258041143417358 -0.03559349104762077332 0.10701102018356323242 -0.08295017480850219727 0.17817987501621246338 -0.03176173195242881775 -0.11064837127923965454 -0.01515499129891395569 0.11358229070901870728 -0.02553703263401985168 -0.15607176721096038818 -0.20493136346340179443 -0.03134722262620925903 -0.15986238420009613037 -0.01432371512055397034 0.06151682510972023010 -0.05057140439748764038 0.02680924162268638611 -0.00712880119681358337 -0.01166462153196334839 0.09056206047534942627
-0.04978086799383163452 -0.03205686435103416443 -0.18961258232593536377 -0.06712835282087326050 0.03310222923755645752 0.03315434604883193970 0.01437871064990758896 0.22143854200839996338 0.00813637673854827881 -0.05257887393236160278 0.09527343511581420898 -0.08195781707763671875 0.04526511952280998230 -0.21285559237003326416 -0.13112583756446838379 -0.18176670372486114502 0.00121955713257193565 -0.07828669250011444092 -0.04710817337036132812 -0.00618096068501472473 -0.05235773697495460510 0.05920667573809623718 0.00279296003282070160 0.02441238798201084137 0.03090810216963291168
0.00388108147308230400 0.07180643081665039062 0.12549686431884765625 0.29007989168167114258 -0.25506049394607543945 0.15562790632247924805 -0.13222306966781616211 -0.00036783120594918728 -0.04566593840718269348 0.17334951460361480713 -0.19438022375106811523 0.08534654974937438965 0.05477892234921455383 -0.13229432702064514160 0.08096048980951309204 -0.04967316240072250366 -0.00106540671549737453 -0.05537068098783493042 0.18890440464019775391 0.04891282320022583008 -0.08250770717859268188 0.00831893645226955414 0.03389899060130119324 -0.03986240923404693604 -0.01782148890197277069
0.03258201107382774353 0.08077424019575119019 0.11554146558046340942 0.44406148791313171387 -0.13781221210956573486 0.04930212721228599548 0.17171739041805267334 -0.18109013140201568604 0.16543470323085784912 0.03425061330199241638 -0.08189486712217330933 0.04559451714158058167 -0.13368882238864898682 0.13859194517135620117 0.17656561732292175293 0.16435779631137847900 0.02700892463326454163 0.06905158609151840210 -0.08280687779188156128 0.09861492365598678589 0.15002727508544921875 -0.13407754898071289062 -0.02210171334445476532 0.10388992726802825928 -0.09867388755083084106
-0.01100190915167331696 0.04783395305275917053 0.10091510415077209473 -0.05995546281337738037 -0.02930108457803726196 0.00476934853941202164 -0.04129167273640632629 -0.05808556079864501953 -0.05716677010059356689 0.03599895164370536804 -0.05712956562638282776 0.01023712474852800369 0.05023679137229919434 -0.05712576955556869507 -0.02240357920527458191 0.00308630662038922310 -0.09426818788051605225 -0.16562810540199279785 0.09182379394769668579 0.05535039678215980530 0.01652296259999275208 0.00418350147083401680 0.03508679196238517761 0.04301972314715385437 0.02505445107817649841
0.00145558523945510387 0.02280846796929836273 0.09741010516881942749 0.01530009508132934570 0.04505968466401100159 -0.02688807807862758636 -0.01249450165778398514 -0.06862976402044296265 0.04829600825905799866 -0.00335989799350500107 -0.03711694478988647461 -0.17733129858970642090 -0.00129603443201631308 -0.00091071205679327250 0.12931849062442779541 0.13248121738433837891 0.09602805972099304199 0.02990620210766792297 -0.12994435429573059082 0.15362940728664398193 -0.05789765715599060059 -0.02249837666749954224 0.02592326700687408447 -0.09636456519365310669 -0.06209656223654747009
0.00732050323858857155 0.05834334343671798706 0.17430093884468078613 0.19465950131416320801 -0.28062418103218078613 0.05240922421216964722 -0.05808427929878234863 -0.02736640721559524536 -0.02849930524826049805 0.04115779697895050049 -0.06903938204050064087 0.05483482778072357178 -0.06080368533730506897 0.00567734660580754280 0.18966537714004516602 0.01120591349899768829 0.02344283089041709900 0.15108466148376464844 0.22697234153747558594 0.00616402598097920418 0.06099925935268402100 -0.04555055499076843262 -0.06190546974539756775 0.00546925188973546028 -0.14499028027057647705
-0.06664773821830749512 -0.01998512633144855499 -0.19399432837963104248 -0.07614976167678833008 -0.03203332051634788513 -0.01079273596405982971 0.19224934279918670654 0.34488898515701293945 -0.06229673698544502258 -0.11939564347267150879 0.16973346471786499023 0.10478711873292922974 0.01408307440578937531 0.06495883315801620483 -0.30429142713546752930 -0.16274827718734741211 -0.10612744092941284180 -0.22880223393440246582 0.13969388604164123535 0.21862742304801940918 0.06606535613536834717 0.08477338403463363647 0.00898750871419906616 0.00282266805879771709 0.04574898630380630493
0.00354160252027213573 0.00774769252166152000 -0.06737777590751647949 0.01332066021859645844 -0.01673898659646511078 0.03219599276781082153 0.08248028904199600220 0.39533174037933349609 0.05483198165893554688 -0.20376676321029663086 0.19976191222667694092 -0.00011059502867283300 0.10269464552402496338 -0.06722483038902282715 -0.28554481267929077148 -0.12899626791477203369 -0.02978078648447990417 -0.27986904978752136230 -0.14272835850715637207 0.25514066219329833984 0.04449836164712905884 0.08818842470645904541 0.05614015460014343262 0.00608633318915963173 0.01606988534331321716
-0.02832464873790740967 -0.02191436477005481720 -0.00766809284687042236 -0.19061368703842163086 0.01777851954102516174 0.04637850448489189148 -0.05640185996890068054 0.03194575011730194092 -0.05164866894483566284 0.02683380432426929474 -0.01130776945501565933 -0.00781701225787401199 -0.00018984870985150337 -0.01302268356084823608 0.00305787147954106331 0.16727112233638763428 -0.02924941666424274445 0.01948686689138412476 -0.06852490454912185669 -0.08223489671945571899 0.07142690569162368774 -0.03796943649649620056 -0.02718894742429256439 0.09078299254179000854 0.04319308325648307800
0.02285782061517238617 0.03973509371280670166 0.22316542267799377441 0.03620738908648490906 -0.04999836906790733337 0.02659978531301021576 -0.00809216685593128204 0.06861336529254913330 -0.06806300580501556396 0.02304208278656005859 0.05787408724427223206 0.02412924356758594513 -0.01403381489217281342 -0.13922466337680816650 -0.10542224347591400146 -0.09190019965171813965 -0.09049358218908309937 0.11691816151142120361 -0.06787824630737304688 -0.11557357758283615112 0.05554937198758125305 0.03283979743719100952 0.02456910163164138794 0.00520062958821654320 0.01004198472946882248
0.01152805425226688385 0.00025450790417380631 0.04836723208427429199 -0.05622508004307746887 0.03555226325988769531 0.01387061458081007004 -0.03393895179033279419 0.08938186615705490112 -0.09450893104076385498 0.03842680156230926514 -0.04878367483615875244 -0.00313517241738736629 0.03250468149781227112 0.02288680896162986755 0.03470209985971450806 -0.11645179986953735352 -0.06552398949861526489 -0.00822176318615674973 -0.00930897705256938934 -0.07961264252662658691 0.09484363347291946411 -0.06405416876077651978 0.03402436897158622742 0.01695590093731880188 0.02945259585976600647
0.00832737516611814499 0.01637517288327217102 -0.00658965809270739555 -0.05390551686286926270 -0.10150064527988433838 -0.06762487441301345825 0.01291757263243198395 -0.09559760987758636475 -0.01638433896005153656 0.05489924177527427673 -0.07574328035116195679 -0.01874796114861965179 -0.01396946422755718231 -0.02236689254641532898 0.15564101934432983398 0.22628259658813476562 0.05195899680256843567 0.13393327593803405762 0.11049474775791168213 -0.15979132056236267090 0.02281203307211399078 -0.06569541245698928833 0.01698112860321998596 0.01334669161587953568 0.04730572178959846497
-0.03017546236515045166 -0.00345673621632158756 -0.13645145297050476074 -0.01950416155159473419 -0.17921945452690124512 0.02115947753190994263 -0.02852501533925533295 -0.11052543669939041138 0.25002533197402954102 -0.03479845076799392700 -0.00504092499613761902 -0.02257985621690750122 0.05876078456640243530 -0.19932472705841064453 -0.02918242849409580231 -0.19872304797172546387 0.07715694606304168701 -0.11328253895044326782 -0.42458859086036682129 -0.20978173613548278809 0.16751970350742340088 -0.13561357557773590088 0.05016453191637992859 0.17030468583106994629 0.11847532540559768677
-0.03521917015314102173 -0.00280699413269758224 -0.01433622743934392929 -0.14556050300598144531 0.05939332395792007446 0.02280732803046703339 -0.08052738010883331299 0.04005915671586990356 -0.03481736034154891968 -0.00475692143663764000 0.04164420813322067261 -0.00591753609478473663 0.02972964383661746979 0.01672537624835968018 0.02951062470674514771 0.05287659913301467896 -0.02603764086961746216 0.02162833511829376221 -0.04890326038002967834 -0.14029560983180999756 0.04249536991119384766 -0.11174911260604858398 -0.01703176647424697876 0.06197414174675941467 0.05816011503338813782
0.03377945348620414734 -0.02030116133391857147 -0.08232478797435760498 0.08386459201574325562 0.05476666241884231567 -0.00454284250736236572 -0.03772507980465888977 -0.09131460636854171753 0.08826065063476562500 0.15458866953849792480 -0.17641109228134155273 -0.05510954931378364563 0.07517378777265548706 -0.11675459146499633789 0.16714456677436828613 -0.06935593485832214355 0.13225375115871429443 -0.01973717473447322845 -0.20014856755733489990 0.02181041240692138672 -0.01072465721517801285 -0.05046258866786956787 -0.00323486048728227615 0.05527035892009735107 0.02247516624629497528
0.00585174653679132462 0.01535026449710130692 0.10097336024045944214 -0.07319744676351547241 0.06901444494724273682 0.00741150742396712303 -0.17333859205245971680 -0.21557210385799407959 0.09739007800817489624 0.13511429727077484131 -0.29817813634872436523 -0.07362189888954162598 0.04696890339255332947 -0.15879437327384948730 0.17502991855144500732 -0.01221382990479469299 0.06931161880493164062 -0.01499058958142995834 0.02499257586896419525 -0.06665760278701782227 0.00896156858652830124 0.03730006143450737000 -0.01346137654036283493 -0.01133226975798606873 -0.06598570197820663452
0.00719641475006937981 0.00148043362423777580 0.23255980014801025391 -0.30644625425338745117 0.02564441412687301636 0.06493657082319259644 -0.13200905919075012207 0.14293509721755981445 -0.20098519325256347656 -0.00021342188119888306 0.10156372934579849243 -0.03046237118542194366 -0.04825842380523681641 -0.01581492461264133453 -0.04248924553394317627 -0.06016170606017112732 0.06776020675897598267 -0.00413038115948438644 -0.00775591656565666199 0.10408070683479309082 -0.22115261852741241455 0.12639033794403076172 -0.03482505306601524353 -0.17497171461582183838 0.04425480961799621582
-0.01015307195484638214 0.02031026035547256470 -0.03205659613013267517 -0.05544666573405265808 -0.09456770867109298706 -0.00721940491348505020 0.00979880616068840027 -0.03572333231568336487 0.02153613790869712830 0.02432792261242866516 0.07548417896032333374 -0.01675354503095149994 -0.02013671956956386566 0.04215715080499649048 0.02638947777450084686 0.13849672675132751465 -0.01773076131939888000 -0.00779168400913476944 0.12661358714103698730 -0.01025430019944906235 -0.07356412708759307861 0.05050197616219520569 0.01946121454238891602 -0.03415422141551971436 0.04211647063493728638
-0.00202388805337250233 0.00346275768242776394 0.22325263917446136475 -0.08076569437980651855 -0.27820116281509399414 0.04738292470574378967 0.01492543891072273254 -0.05073284357786178589 0.12431128323078155518 0.02830590866506099701 -0.04401036724448204041 0.02643172815442085266 0.05593632161617279053 0.00118826120160520077 0.09724906831979751587 0.01830426789820194244 0.04589989036321640015 0.05825022608041763306 -0.00846559554338455200 -0.16213130950927734375 -0.03593685105443000793 -0.05079176276922225952 -0.04105310514569282532 0.12903039157390594482 0.10102599859237670898
-0.05924440175294876099 -0.04320053011178970337 -0.07362543046474456787 -0.01336161606013774872 0.01236552838236093521 0.04614985734224319458 -0.05119641125202178955 0.09937484562397003174 -0.11374580860137939453 -0.03264267742633819580 0.06664767861366271973 -0.02661646343767642975 -0.01227706391364336014 -0.05216931924223899841 -0.00486041791737079620 -0.19477964937686920166 -0.06789636611938476562 -0.15826258063316345215 0.00494437012821435928 0.15594148635864257812 -0.01021833624690771103 0.04231015592813491821 -0.07896612584590911865 -0.02836759015917778015 -0.09372051060199737549
-0.03478535637259483337 -0.00347286206670105457 -0.01694832369685173035 -0.07742768526077270508 -0.06011020392179489136 0.00175900070462375879 0.10879069566726684570 0.25233459472656250000 -0.03994097188115119934 -0.11708682030439376831 0.12103223800659179688 0.02830250188708305359 0.03666064143180847168 -0.04461182281374931335 -0.09293951094150543213 -0.04275956004858016968 0.01285120379179716110 -0.05625562369823455811 -0.07635257393121719360 0.13892544806003570557 0.03286087140440940857 0.04790601134300231934 0.09147515147924423218 -0.02953542768955230713 -0.03220782428979873657
-0.00477034645155072212 -0.02240904048085212708 0.25090920925140380859 -0.15922868251800537109 -0.00265796505846083164 -0.05063785240054130554 0.07199969142675399780 0.05789191648364067078 0.15968340635299682617 -0.10398530215024948120 -0.06875507533550262451 -0.02094668708741664886 -0.02678341045975685120 -0.11743675172328948975 -0.07850316166877746582 0.09829620271921157837 0.04861513897776603699 0.02726604044437408447 0.04922387003898620605 -0.00420627323910593987 0.00689459545537829399 0.11013817042112350464 0.06686449795961380005 -0.14539358019828796387 0.06086219102144241333
-0.00236897566355764866 0.00533266365528106689 0.05183653533458709717 0.23831953108310699463 -0.11033266782760620117 -0.00646979082375764847 0.06529888510704040527 0.00820858404040336609 0.01729677617549896240 -0.11183533072471618652 0.04199313744902610779 -0.05444006249308586121 0.02697797864675521851 0.06663075089454650879 -0.09346018731594085693 -0.26848113536834716797 -0.01688560470938682556 -0.33460673689842224121 -0.01801495254039764404 -0.05334989354014396667 -0.07588000595569610596 0.06895748525857925415 -0.02855606004595756531 0.01959125325083732605 0.03449605032801628113
-0.01240679901093244553 0.01889175921678543091 0.10479877144098281860 0.01839242316782474518 0.04166432097554206848 0.01549941115081310272 -0.04844683408737182617 0.06264138221740722656 -0.06086917594075202942 0.02686378918588161469 -0.03941267728805541992 -0.01497299596667289734 0.01257950067520141602 -0.01486748177558183670 -0.00833114236593246460 -0.12146150320768356323 -0.02074838615953922272 -0.00982655119150876999 0.02553533576428890228 -0.01315361727029085159 0.02781252004206180573 -0.05998039245605468750 0.00635634455829858780 -0.01608072593808174133 0.01974351145327091217
0.03372976183891296387 0.05771974474191665649 -0.02798350527882575989 -0.05440769344568252563 -0.02854787372052669525 -0.03155831992626190186 -0.05663473904132843018 -0.07060065865516662598 -0.07129102200269699097 -0.00264059682376682758 0.10880561172962188721 0.17848391830921173096 0.00475011300295591354 0.10940748453140258789 -0.15843401849269866943 0.07906565815210342407 -0.16988392174243927002 -0.01449856255203485489 0.13432292640209197998 0.19520521163940429688 -0.01024331990629434586 0.12989990413188934326 0.09668482095003128052 -0.04889642447233200073 -0.10602106899023056030
-0.04094634950160980225 0.01839736104011535645 -0.00637818593531847000 -0.19592796266078948975 0.00539021613076329231 -0.01156117022037506104 0.05227288603782653809 0.05437343940138816833 0.00101206975523382425 -0.09914227575063705444 0.06788195669651031494 0.05305926874279975891 0.06747226417064666748 -0.13678319752216339111 -0.23930783569812774658 -0.02934930659830570221 -0.11654081195592880249 -0.02551407553255558014 -0.06669806689023971558 -0.07046758383512496948 0.07769878953695297241 0.13009303808212280273 0.03730705752968788147 0.02295734360814094543 0.04672733321785926819
0.00443415064364671707 0.02723830752074718475 -0.06756752729415893555 0.07157051563262939453 -0.10099019855260848999 -0.05160374194383621216 0.06651560962200164795 -0.02898957207798957825 0.06543143838644027710 0.04910362884402275085 0.04288684949278831482 -0.01419314555823802948 -0.04969071969389915466 -0.00148781924508512020 0.01032168883830308914 0.05809541419148445129 0.01392241008579730988 -0.00165452773217111826 0.15577682852745056152 -0.00455202255398035049 -0.03296378627419471741 0.09677665680646896362 0.03369517624378204346 -0.02321195229887962341 -0.03983642160892486572
0.00903545320034027100 0.06953062862157821655 0.18327595293521881104 -0.04761802405118942261 0.13970275223255157471 0.16609621047973632812 0.16678462922573089600 0.10687621682882308960 0.30838450789451599121 -0.13095383346080780029 -0.08729379624128341675 -0.01464638393372297287 -0.08488415181636810303 -0.05722796171903610229 -0.19616514444351196289 0.03262375667691230774 -0.04394286870956420898 0.05351196974515914917 0.08807911723852157593 -0.10331564396619796753 -0.18060551583766937256 0.08119869977235794067 -0.03216554597020149231 0.00025758441188372672 0.06283501535654067993
0.00388995325192809105 0.00120555865578353405 -0.01190330367535352707 -0.14162239432334899902 -0.04708223789930343628 0.06002802401781082153 -0.05683925747871398926 0.02305196970701217651 -0.04384832456707954407 0.01795767061412334442 0.00249410606920719147 -0.01123139448463916779 0.02598357573151588440 0.03418017923831939697 -0.03844107314944267273 0.12264518439769744873 -0.02722208760678768158 0.03449228778481483459 -0.07337763160467147827 -0.08884201198816299438 0.05698583647608757019 -0.11566434800624847412 -0.00835558492690324783 0.05523010343313217163 0.02665430679917335510
-0.02908113040030002594 0.02967608161270618439 0.39375981688499450684 -0.06037348508834838867 -0.39574590325355529785 0.18727637827396392822 -0.10070855170488357544 0.04221472144126892090 -0.03368114307522773743 -0.04643030837178230286 0.08309169858694076538 0.09656346589326858521 0.19388744235038757324 -0.05667212605476379395 -0.39877894520759582520 -0.11638235300779342651 -0.19613179564476013184 -0.38328871130943298340 -0.00185579922981560230 -0.01401777844876050949 0.27234447002410888672 -0.02239889837801456451 0.04926242306828498840 0.13225457072257995605 0.05578446388244628906
0.03770428523421287537 -0.00235759001225233078 0.16375331580638885498 0.02992350235581398010 -0.10202147066593170166 0.05498454347252845764 0.04208070784807205200 -0.01090465113520622253 -0.04432915523648262024 0.03084035404026508331 0.00618815608322620392 0.03166771680116653442 -0.01545653492212295532 -0.04371832311153411865 -0.06528111547231674194 -0.09266372770071029663 -0.01274504140019416809 -0.01104039419442415237 -0.00686979852616786957 0.08355067670345306396 0.04492466524243354797 0.00526252854615449905 0.03886944428086280823 0.01855400390923023224 -0.00835866387933492661
0.02698704041540622711 0.05421457439661026001 0.45949763059616088867 -0.33046245574951171875 -0.03824550285935401917 0.03759722039103507996 -0.10507033765316009521 -0.10548820346593856812 0.08317407220602035522 -0.00750804180279374123 -0.05657337978482246399 -0.09606274217367172241 0.08172087371349334717 0.01097219809889793396 -0.07216518372297286987 0.08095420151948928833 -0.06611356884241104126 0.06352742761373519897 0.11961857974529266357 -0.15688791871070861816 -0.19100005924701690674 -0.06423646211624145508 -0.08392418175935745239 -0.08240238577127456665 0.06789503991603851318
0.02027067914605140686 0.02815829962491989136 0.13600997626781463623 0.02759627625346183777 0.01917152665555477142 -0.00479135522618889809 -0.14592999219894409180 -0.26699137687683105469 0.08444364368915557861 0.11691325157880783081 -0.21191294491291046143 -0.00967415422201156616 0.05416980385780334473 -0.10355527698993682861 0.10571770370006561279 -0.10976190119981765747 0.04695058986544609070 -0.06569918990135192871 -0.03202810510993003845 -0.01895855739712715149 -0.02805239148437976837 -0.05922184512019157410 -0.00804649107158184052 -0.01802868209779262543 0.02392847649753093719
-0.05505587533116340637 -0.04249814525246620178 -0.06194766238331794739 -0.04013311862945556641 -0.03023183718323707581 0.02983069419860839844 0.11173090338706970215 0.42037576436996459961 0.01463521271944046021 -0.24246761202812194824 0.18951264023780822754 -0.03148397430777549744 0.07288146764039993286 -0.05931340157985687256 -0.28482124209403991699 -0.13746157288551330566 -0.03862765058875083923 -0.22366370260715484619 -0.30328100919723510742 0.13760840892791748047 0.10889328271150588989 0.11653121560811996460 0.08772761374711990356 0.02491366118192672729 0.00828630104660987854
-0.00820994935929775238 -0.00341764208860695362 0.20879901945590972900 -0.13314898312091827393 -0.15539540350437164307 0.04989147931337356567 -0.02372433058917522430 0.02173540554940700531 -0.01495194435119628906 0.06336859613656997681 0.01357938069850206375 0.02569973655045032501 0.02451768517494201660 -0.04360663518309593201 -0.05488998815417289734 0.09740063548088073730 -0.03898544609546661377 0.03092022985219955444 -0.07937569916248321533 -0.05264669656753540039 0.05613116174936294556 -0.07389352470636367798 -0.04331624880433082581 0.07399222254753112793 0.07881985604763031006
0.03511616215109825134 -0.04926230013370513916 0.02715889364480972290 0.05568037927150726318 0.09487270563840866089 0.01055703777819871902 -0.00391777139157056808 0.06527812033891677856 -0.01281782891601324081 0.00738074257969856262 -0.07976718246936798096 -0.00136199034750461578 -0.00117959571070969105 -0.02517454326152801514 -0.04884560778737068176 -0.09662182629108428955 0.00226636230945587158 0.00510821491479873657 -0.03480796515941619873 -0.05756811797618865967 0.07236818969249725342 -0.07062446326017379761 0.00761905964463949203 0.00478715403005480766 -0.03126089274883270264
0.02913065999746322632 0.01986484974622726440 -0.32819771766662597656 -0.16549225151538848877 0.21745502948760986328 -0.11710008233785629272 0.08027933537960052490 0.05633635818958282471 0.26218542456626892090 -0.08710043132305145264 0.01923930831253528595 -0.04291596636176109314 -0.06702648848295211792 -0.01137706171721220016 0.09003355354070663452 0.25116685032844543457 -0.00106255779974162579 -0.00323649402707815170 0.16632421314716339111 -0.01065065991133451462 -0.01706379465758800507 0.06186579167842864990 -0.01453518494963645935 -0.01391638442873954773 -0.03443789109587669373
0.01738643832504749298 0.00838430039584636688 -0.24736984074115753174 0.11800268292427062988 -0.19852988421916961670 0.01787606067955493927 0.03450994193553924561 0.09596922993659973145 0.09359580278396606445 -0.04575852304697036743 -0.08686623722314834595 -0.10054305195808410645 -0.03354366123676300049 0.07607657462358474731 0.06252884864807128906 0.13319440186023712158 -0.11749871820211410522 -0.04823592305183410645 -0.01872144825756549835 0.09777592867612838745 0.21721279621124267578 -0.02103084884583950043 -0.00161479436792433262 0.03751422092318534851 -0.01690547540783882141
