-0.24886967241764068604
-0.26510232686996459961
0.29155907034873962402
-0.30053412914276123047
-0.27271702885627746582
0.22066903114318847656
0.06162745878100395203
0.06017215177416801453
0.43159115314483642578
-0.20919966697692871094
-0.20151488482952117920
-0.15799930691719055176
0.45011571049690246582
0.43663755059242248535
0.27148023247718811035
0.71684485673904418945
0.63846939802169799805
0.51947802305221557617
0.94558751583099365234
1.28012764453887939453
1.18877017498016357422
0.83541554212570190430
-1.38626742362976074219
1.80168640613555908203
1.72328555583953857422
