0.03756125643849372864 -0.01675387099385261536 0.03369849920272827148 0.04191456735134124756 0.00259151915088295937 0.02281282842159271240 0.01738460920751094818 0.00227673561312258244 0.01472152862697839737 -0.03140525519847869873 0.00253506004810333252 0.03645789995789527893 -0.02317355759441852570 -0.02174832485616207123 0.01432598382234573364 -0.00535983871668577194 -0.22806409001350402832 0.03617876395583152771 0.01109341438859701157 0.05531517416238784790 0.06752683967351913452 -0.16155505180358886719 -0.18701033294200897217 -0.13613271713256835938 0.04560314491391181946
0.03119921125471591949 0.01659308560192584991 -0.02511343546211719513 0.02747115306556224823 0.00730736460536718369 -0.01113283727318048477 -0.00454054446890950203 -0.00431334553286433220 -0.00605699187144637108 -0.00891194306313991547 0.00463789561763405800 0.00606372952461242676 0.00601571379229426384 -0.00364534463733434677 0.00194910110440105200 0.00056048249825835228 -0.00100224371999502182 -0.00414771633222699165 0.00015433307271450758 -0.07775983214378356934 0.00580991152673959732 0.10513034462928771973 0.07433804124593734741 0.11737780272960662842 0.03146273642778396606
-0.40006434917449951172 0.05922066420316696167 -0.09242196381092071533 -0.05594807863235473633 0.02671752870082855225 -0.02472170069813728333 -0.01168460492044687271 0.00486711179837584496 -0.00436834432184696198 -0.00190235441550612450 0.02084920555353164673 -0.00897915754467248917 0.01034404989331960678 0.01866538077592849731 -0.00138901476748287678 0.02297100983560085297 0.07908781617879867554 -0.01333861984312534332 0.01470166351646184921 -0.09911683946847915649 -0.11145233362913131714 0.27493095397949218750 0.33467045426368713379 -0.16153505444526672363 0.10015373677015304565
-0.09801990538835525513 -0.10939394682645797729 -0.07881892472505569458 0.10413826256990432739 -0.02897538617253303528 0.04497816413640975952 0.02500778064131736755 0.02095493860542774200 -0.01896483078598976135 0.04165601730346679688 0.03268235549330711365 -0.02827338315546512604 0.03292388841509819031 0.04061621055006980896 -0.02171964570879936218 0.04364260286092758179 0.33259376883506774902 -0.04625108838081359863 -0.04173595085740089417 -0.11583442986011505127 -0.02658488601446151733 -0.05665051564574241638 0.07102404534816741943 0.45892247557640075684 0.19620378315448760986
0.02671140432357788086 0.07229574769735336304 -0.00334383780136704445 -0.01758727245032787323 0.00787144433706998825 0.03030865266919136047 -0.00620641512796282768 -0.00921541918069124222 -0.00681570917367935181 -0.01209719944745302200 0.00588479777798056602 -0.00783808063715696335 0.00021707567793782800 0.01117878872901201248 -0.00539017422124743462 0.01670948788523674011 0.02815580368041992188 -0.01119146682322025299 0.01267633307725191116 0.00597517099231481552 0.01600615493953227997 -0.09690078347921371460 -0.00193253974430263042 0.03493117168545722961 -0.01968427188694477081
0.11703433096408843994 0.02485675737261772156 0.00221221568062901497 -0.01155327912420034409 0.01166216377168893814 -0.02158762514591217041 0.00154405017383396626 -0.00665451819077134132 -0.00127492519095540047 0.00097128347260877490 -0.00474991835653781891 -0.00308943912386894226 0.00331981177441775799 -0.00223930925130844116 0.00284775393083691597 -0.00147382274735718966 0.01005461066961288452 -0.01454499643296003342 0.00714979739859700203 -0.06732539832592010498 -0.03146687895059585571 0.07984286546707153320 0.12176916003227233887 0.14154091477394104004 0.09901370108127593994
0.14915050566196441650 -0.04234950989484786987 0.00045776559272781014 0.00093154306523501873 0.00859809480607509613 0.00740018719807267189 0.01093375589698553085 0.00813739281147718430 0.00295247021131217480 -0.00494754407554864883 0.00401107640936970711 0.00150406931061297655 0.00136492552701383829 0.01435443665832281113 -0.00675164908170700073 0.01192944496870040894 0.00618294719606637955 0.01982682012021541595 -0.00246010883711278439 0.03880047425627708435 -0.00896046776324510574 -0.10060443729162216187 -0.09970969706773757935 -0.08911118656396865845 -0.05892609432339668274
0.05586465448141098022 0.00971916224807500839 0.01522411871701478958 0.00409257411956787109 -0.01199179422110319138 -0.03346817567944526672 -0.00268274825066328049 0.00472880853340029716 0.01089162472635507584 -0.01069322321563959122 -0.00530798919498920441 -0.00594978081062436104 0.00160116981714963913 0.00165458186529576778 0.00746069708839058876 -0.00236352905631065369 0.04624161869287490845 -0.00360431359149515629 0.00341672892682254314 -0.04801777377724647522 -0.01984995603561401367 0.08455836772918701172 0.10933529585599899292 0.06349431723356246948 0.05702795088291168213
0.06621039658784866333 -0.02547042630612850189 -0.00805146060883998871 0.00770962564274668694 0.00250274292193353176 -0.01368088554590940475 0.00957087054848670959 0.01186173409223556519 0.00460651097819209099 -0.01598492823541164398 0.01145121082663536072 0.00610822765156626701 -0.01139517780393362045 0.00099594437051564455 0.00310389837250113487 -0.00105348252691328526 0.00835891999304294586 -0.00595851009711623192 0.00318407942540943623 -0.02754173055291175842 -0.01404924504458904266 0.13657575845718383789 0.08175609260797500610 0.11133605241775512695 0.10559584945440292358
0.00063879392109811306 -0.11653432250022888184 -0.03527498990297317505 -0.05862466990947723389 0.00451069790869951248 -0.01247186213731765747 -0.00548949465155601501 0.01394133642315864563 0.01344393286854028702 0.02106679417192935944 0.01563671790063381195 0.00057765201199799776 0.00934361107647418976 -0.00571094779297709465 0.00266430294141173363 -0.00509246531873941422 0.06250628829002380371 0.00558129744604229927 0.02298084087669849396 0.05997747555375099182 0.05529024079442024231 -0.28287595510482788086 -0.08698835223913192749 0.25323665142059326172 0.02852832525968551636
-0.19358642399311065674 0.00492344237864017487 -0.00439075147733092308 -0.01349863223731517792 0.00072100141551345587 -0.00403348216786980629 0.00808875821530818939 0.01035401131957769394 -0.00323183415457606316 -0.00062185607384890318 -0.01471068989485502243 0.00834287889301776886 0.00222694920375943184 -0.00047484913375228643 -0.00476071238517761230 0.00122298207134008408 -0.04053136333823204041 0.00128694355953484774 0.01055166404694318771 0.09187790006399154663 0.03142431750893592834 -0.10554986447095870972 -0.12175919860601425171 -0.12324614822864532471 -0.08454784750938415527
-0.09769370406866073608 0.26044049859046936035 -0.07347939163446426392 -0.07101258635520935059 0.01980587095022201538 0.06943327933549880981 0.02663838118314743042 0.04139014706015586853 -0.05235135182738304138 0.07103146612644195557 0.02916734293103218079 -0.05533585697412490845 0.04990532249212265015 0.04431471601128578186 -0.05181335657835006714 0.06138358265161514282 0.27525863051414489746 -0.03698383271694183350 0.00298942625522613525 0.08664903044700622559 0.07612928003072738647 -0.26706245541572570801 0.03497794643044471741 0.29038995504379272461 0.11129570752382278442
0.07325888425111770630 0.00848069041967391968 0.00015680704382248223 0.02881832607090473175 0.00466915732249617577 -0.01732392981648445129 0.00386737100780010223 0.00805956870317459106 -0.00637435354292392731 -0.00752039114013314247 -0.00887958891689777374 0.00225230585783720016 0.00122223468497395515 0.00544806243851780891 0.00605478463694453239 0.00453591626137495041 0.01998640224337577820 -0.00686329556629061699 0.00340314209461212158 -0.05617307871580123901 0.00319872237741947174 0.14777557551860809326 0.03309622406959533691 0.16591601073741912842 0.10135088860988616943
0.13171213865280151367 -0.03265089914202690125 -0.01490544807165861130 -0.00923158694058656693 0.00896332599222660065 0.00368739990517497063 0.01013928744941949844 0.00640965066850185394 0.01293958257883787155 0.00722920522093772888 -0.00059264025185257196 0.00432674074545502663 -0.00862401816993951797 -0.01195439137518405914 0.01067555509507656097 -0.01812288910150527954 -0.01293528079986572266 -0.00623340671882033348 0.02194450981914997101 -0.04629120975732803345 -0.00235094991512596607 0.12733490765094757080 0.09840669482946395874 0.10758898407220840454 0.02438181266188621521
-0.10455486923456192017 0.01989394240081310272 -0.00899576302617788315 -0.01671838015317916870 0.00125711469445377588 0.01406616065651178360 -0.00098075275309383869 -0.00259850802831351757 0.00334064709022641182 0.00693510519340634346 0.00772696826606988907 -0.01013582386076450348 0.01051055453717708588 0.00264334166422486305 0.01690698228776454926 0.00473367562517523766 0.00395816750824451447 0.01547117717564105988 -0.00721350684762001038 0.01491684839129447937 -0.01093369722366333008 -0.07537648081779479980 -0.05488992482423782349 0.03917894139885902405 -0.08923839777708053589
-0.09193345159292221069 0.01958476006984710693 0.00079401145922020078 -0.00501810386776924133 -0.01385091431438922882 0.01205617841333150864 0.00330509641207754612 0.00703934999182820320 -0.00533448578789830208 -0.00984939839690923691 -0.01196919195353984833 -0.01469928398728370667 0.00009323464473709464 0.00104401400312781334 0.00271161505952477455 0.00191084167454391718 0.01618933305144309998 0.00451031420379877090 -0.00442598573863506317 0.05777208507061004639 0.02406023070216178894 -0.10657416284084320068 -0.10748212039470672607 -0.11000949144363403320 -0.05302310734987258911
-0.09379795938730239868 0.02136109396815299988 -0.02283527515828609467 -0.05507393181324005127 -0.00497193727642297745 0.01643843948841094971 0.00757938344031572342 0.00597613491117954254 -0.00395370833575725555 0.00623446051031351089 0.01082111988216638565 -0.00602999562397599220 -0.00074951001442968845 -0.00130007427651435137 -0.00270968349650502205 0.01270752772688865662 -0.02427360974252223969 0.00027320784283801913 0.00511374371126294136 0.02491313591599464417 -0.00008053152123466134 -0.15731900930404663086 0.08123118430376052856 0.22658558189868927002 0.12248527258634567261
0.16368784010410308838 -0.02696793526411056519 0.01486374251544475555 0.03783506155014038086 0.01066134497523307800 -0.01406870502978563309 0.00014425869449041784 -0.01810511387884616852 -0.01132660172879695892 -0.01113248895853757858 -0.00264115026220679283 0.00278088171035051346 -0.00840517506003379822 0.00350323622114956379 -0.00761685334146022797 -0.00337963085621595383 -0.00013923045480623841 -0.00372099503874778748 -0.03000654466450214386 0.01970835775136947632 -0.02286339551210403442 0.06608912348747253418 -0.01009060163050889969 0.01719778589904308319 0.02377827093005180359
-0.52382719516754150391 0.19274035096168518066 0.09243704378604888916 -0.00923847872763872147 -0.02412055246531963348 -0.02805952914059162140 -0.00287310429848730564 0.00045295956078916788 0.00612914329394698143 -0.00855023693293333054 0.00072707177605479956 -0.02129544876515865326 0.00026917480863630772 0.01130038034170866013 -0.00830135308206081390 0.02149907872080802917 0.18420337140560150146 -0.02408651076257228851 -0.01543013472110033035 0.09889525175094604492 -0.02902345918118953705 0.40798506140708923340 0.11821817606687545776 0.07249135524034500122 -0.22770161926746368408
0.10056160390377044678 -0.00219091051258146763 -0.00211630575358867645 0.02973529137670993805 0.01596461609005928040 0.00167108373716473579 0.00733480136841535568 0.00085862900596112013 -0.00538256578147411346 -0.01180963683873414993 -0.00360909919254481792 0.00816423539072275162 0.00532687874510884285 0.00984378717839717865 -0.02707610279321670532 -0.00500227883458137512 -0.01114200800657272339 -0.02434165403246879578 -0.00278759538196027279 -0.06976011395454406738 -0.01958116330206394196 0.10563665628433227539 0.11535322666168212891 0.08438225835561752319 0.06105836480855941772
-0.32070407271385192871 0.01482903957366943359 0.14867648482322692871 0.02140134014189243317 0.03878429532051086426 0.01402537245303392410 0.00799650046974420547 -0.00700085656717419624 -0.01132933516055345535 0.00695103406906127930 0.02172342687845230103 -0.01726676523685455322 0.02274488843977451324 -0.00171059509739279747 -0.01889063790440559387 0.00397024117410182953 0.08408778160810470581 -0.04144841432571411133 -0.00385482143610715866 -0.14907337725162506104 -0.08167276531457901001 0.25668519735336303711 0.65270453691482543945 0.31974309682846069336 0.60438406467437744141
0.05241372063755989075 -0.03336096927523612976 -0.01759207621216773987 -0.00145537499338388443 -0.00601989915594458580 0.00472166435793042183 -0.01042765006422996521 0.00253712129779160023 0.00160593225155025721 -0.01498688384890556335 -0.00431771809235215187 -0.00177757185883820057 -0.00854941550642251968 0.00066694297129288316 -0.00511808693408966064 -0.00833732075989246368 0.00478264410048723221 0.00191039999481290579 -0.01219614036381244659 -0.04884242638945579529 0.00818816479295492172 0.11161935329437255859 0.03876395896077156067 0.07869846373796463013 0.03383140265941619873
0.04438440874218940735 -0.00640268949791789055 -0.00986118428409099579 0.00770053360611200333 0.00626262230798602104 -0.01461571082472801208 -0.00949506461620330811 0.00699556479230523109 0.00496182125061750412 -0.00995873380452394485 -0.00814349204301834106 -0.00573627976700663567 0.00513238925486803055 -0.02028228342533111572 -0.01099869515746831894 -0.00147012993693351746 -0.05947558209300041199 -0.01152750011533498764 0.00679212063550949097 -0.04509790241718292236 -0.04201312735676765442 0.05213902518153190613 0.08595731109380722046 0.12057167291641235352 0.02461617439985275269
-0.10998604446649551392 0.02309418655931949615 -0.04102912172675132751 -0.00552152609452605247 0.01526079978793859482 -0.02153650484979152679 0.00472822971642017365 -0.00023125077132135630 0.00157884682994335890 -0.01059494633227586746 -0.00575881218537688255 0.01113903801888227463 0.00083494209684431553 -0.01533607207238674164 -0.00526522705331444740 -0.01033952366560697556 -0.02179638855159282684 -0.00726830912753939629 0.02139510586857795715 -0.06513410061597824097 -0.02522549591958522797 0.11453440040349960327 0.05726318433880805969 0.10534983873367309570 0.07020451128482818604
0.08533510565757751465 0.01314754411578178406 -0.00658947648480534554 -0.01439077500253915787 -0.01065991353243589401 -0.01140736136585474014 0.00096832483541220427 -0.00339965033344924450 0.00047334205009974539 0.00715928198769688606 -0.00230338051915168762 -0.00105512468144297600 0.00217316066846251488 -0.00447481870651245117 -0.01281780097633600235 -0.00412914901971817017 -0.01486759074032306671 -0.00098933582194149494 0.02116108871996402740 -0.05628369748592376709 -0.01057253964245319366 0.09830532968044281006 0.11567953228950500488 0.08029688894748687744 0.07790956646203994751
0.12860053777694702148 -0.03909632563591003418 -0.01689568534493446350 0.00253161531873047352 -0.01312492787837982178 0.01211213693022727966 -0.00986154377460479736 0.00894876383244991302 -0.00474654883146286011 0.00776718091219663620 0.00030557397985830903 -0.01255057752132415771 0.00512481713667511940 0.00039092605584301054 -0.00089472479885444045 0.01493339519947767258 -0.02138631977140903473 -0.01191004458814859390 -0.01175060588866472244 0.06878972053527832031 0.02452728152275085449 -0.07607833296060562134 -0.07327477633953094482 -0.18828047811985015869 -0.07287230342626571655
0.21834902465343475342 0.00020072830375283957 0.00624911068007349968 0.00044055259786546230 -0.00431141536682844162 0.00163642817642539740 -0.00429870560765266418 -0.00204342324286699295 -0.00450017163529992104 -0.00642198789864778519 0.00668107671663165092 -0.01271876133978366852 -0.00840967893600463867 0.01047081872820854187 0.00500335451215505600 0.02286438643932342529 -0.01462743990123271942 0.01562050823122262955 0.00634868908673524857 0.05386471375823020935 -0.00223429384641349316 -0.12413533031940460205 -0.07136138528585433960 -0.13604697585105895996 -0.07943473756313323975
0.04211242124438285828 -0.06389173865318298340 -0.00554854841902852058 0.01331931352615356445 0.00925270467996597290 -0.00065135775366798043 -0.01021253224462270737 -0.00929263513535261154 0.01377156283706426620 -0.00698623340576887131 -0.01215627416968345642 0.00945849344134330750 0.00530823832377791405 0.00315443752333521843 0.00219113030470907688 -0.00407577538862824440 0.01513722166419029236 -0.00965137220919132233 0.00326767680235207081 -0.01492180768400430679 -0.01700192317366600037 0.12047795206308364868 0.01088754925876855850 -0.09482939541339874268 0.01052290387451648712
-0.07058867812156677246 0.07429709285497665405 -0.01506739482283592224 0.02380635216832160950 -0.02185066230595111847 -0.00836142525076866150 -0.00562640279531478882 0.00800927355885505676 0.00733078410848975182 0.00239489483647048473 -0.00080956425517797470 0.00860157422721385956 -0.00663982285186648369 -0.00487075839191675186 0.00138734513893723488 0.00347044412046670914 0.02622791565954685211 0.00111396983265876770 -0.00918459426611661911 -0.04737256467342376709 0.00612697051838040352 0.10511279106140136719 0.04418859630823135376 0.07168602943420410156 0.06062031537294387817
0.11817659437656402588 -0.02230784296989440918 0.00417269486933946609 0.01162192784249782562 0.02223651856184005737 -0.02765049226582050323 -0.00474567338824272156 -0.00163016864098608494 0.00277322903275489807 -0.00743218185380101204 -0.00576766021549701691 0.01205578353255987167 0.00047939806245267391 0.00549572054296731949 0.00659360829740762711 -0.01436841487884521484 -0.00414320547133684158 -0.00158251961693167686 -0.00329805538058280945 -0.05349462479352951050 -0.01004449464380741119 0.05660456418991088867 0.04771067574620246887 0.04095750674605369568 0.05122661590576171875
0.33375495672225952148 0.17391631007194519043 0.06253375858068466187 0.05542330443859100342 -0.03119580075144767761 -0.04439442977309226990 -0.03782259672880172729 -0.04488687962293624878 0.04525243118405342102 -0.03815878927707672119 -0.03970702737569808960 0.02113686688244342804 -0.02216937579214572906 -0.02961234375834465027 0.05558457970619201660 -0.08487571775913238525 -0.37069547176361083984 0.03785187751054763794 0.04199632629752159119 0.05826324224472045898 0.09602274745702743530 -0.44808191061019897461 -0.53454011678695678711 0.05083884671330451965 -0.17029088735580444336
-0.53026860952377319336 -0.26111584901809692383 -0.14437034726142883301 0.00860589649528264999 0.05278610438108444214 0.00768945924937725067 0.05022802948951721191 0.02462925761938095093 -0.04053495824337005615 0.03429673612117767334 0.01293427404016256332 -0.04388535395264625549 0.04336044937372207642 0.04504802078008651733 -0.07576475292444229126 0.06493838876485824585 0.49535420536994934082 -0.03952560201287269592 -0.05704249441623687744 -0.13199469447135925293 -0.10506604611873626709 0.51154673099517822266 0.57120311260223388672 -0.16306543350219726562 0.44365653395652770996
-0.11478495597839355469 -0.04622749239206314087 -0.00228340015746653080 0.06320434063673019409 -0.04076641425490379333 -0.02294838242232799530 -0.04679685086011886597 -0.01697904244065284729 0.00346567831002175808 -0.03028776496648788452 -0.00396812800318002701 0.00946769211441278458 -0.02048112824559211731 -0.03436949104070663452 0.01063511800020933151 -0.02260200120508670807 -0.22758793830871582031 0.03374244645237922668 0.01026532705873250961 0.11961145699024200439 0.04778097942471504211 -0.16073574125766754150 -0.21761542558670043945 -0.06668261438608169556 -0.10822694003582000732
-0.65078806877136230469 -0.03540199249982833862 -0.18468450009822845459 -0.08385422825813293457 0.00948612112551927567 0.02191028557717800140 0.01263583078980445862 0.02667966857552528381 -0.04410459846258163452 0.02152590639889240265 0.02707211673259735107 -0.02821413800120353699 0.02509663067758083344 0.03431532531976699829 -0.02132525295019149780 0.06090548634529113770 0.15439508855342864990 -0.04470470175147056580 -0.02014168724417686462 -0.12123481929302215576 -0.10998217016458511353 0.37065955996513366699 0.10230156779289245605 -0.69194728136062622070 -0.36028012633323669434
0.54074597358703613281 -0.05255107581615447998 -0.08710262924432754517 -0.04999992623925209045 -0.00248808669857680798 -0.01582160592079162598 0.00568691361695528030 0.00388300931081175804 -0.00876758992671966553 0.01676755025982856750 0.00520910276100039482 0.00831066630780696869 -0.00363752152770757675 -0.01523642800748348236 0.00786919798702001572 -0.01629231311380863190 0.01172626297920942307 -0.00699570775032043457 -0.01861476711928844452 -0.14499185979366302490 -0.00292678596451878548 -0.61901813745498657227 -0.38309282064437866211 -0.06551350653171539307 0.32294481992721557617
0.05740102007985115051 -0.04223310574889183044 0.00486330222338438034 -0.02743311785161495209 -0.00762216700240969658 0.00187250575982034206 -0.00724861258640885353 0.01189152523875236511 0.00895701907575130463 -0.00200472609139978886 0.00676738517358899117 0.00552673544734716415 0.01336236298084259033 0.00967847742140293121 -0.00570886721834540367 0.01575716957449913025 0.04133640229701995850 -0.00562109611928462982 -0.01323693059384822845 0.01664864271879196167 0.03376942127943038940 -0.13031181693077087402 -0.06693075597286224365 -0.08572167903184890747 -0.05369561538100242615
0.10915821045637130737 0.03261066600680351257 0.00569935934618115425 0.01675570569932460785 0.02996770665049552917 -0.01865246519446372986 0.00547716952860355377 -0.00918544922024011612 0.01100583840161561966 -0.00247050914913415909 -0.00396442599594593048 0.00731687434017658234 -0.00246779574081301689 -0.00571698509156703949 0.00028446508804336190 -0.00087080511730164289 0.01338169910013675690 -0.00496325362473726273 0.00050930556608363986 -0.06506999582052230835 -0.02373136952519416809 0.10011281073093414307 0.13559356331825256348 0.11695251613855361938 0.07403431832790374756
0.71295911073684692383 -0.19306862354278564453 -0.05629142373800277710 0.04375522583723068237 -0.01912838220596313477 0.01232781633734703064 0.01126914005726575851 -0.01487553305923938751 0.01343201100826263428 -0.02638311684131622314 -0.02331401593983173370 0.02435284107923507690 -0.01344231422990560532 -0.01504822820425033569 0.02608746849000453949 -0.04396003112196922302 -0.17247126996517181396 0.01580386981368064880 -0.00139633915387094021 -0.00025782926240935922 0.04944062605500221252 -0.32770928740501403809 -0.34215945005416870117 0.08598548918962478638 -0.20136092603206634521
0.11877211183309555054 -0.01306402776390314102 -0.00435484712943434715 0.01910418272018432617 0.00134097342379391193 -0.02884221635758876801 -0.00416920334100723267 0.00653527211397886276 0.00994994957000017166 -0.00587071292102336884 -0.00170669669751077890 0.00686750002205371857 0.00103160273283720016 -0.00653287116438150406 0.00019765202887356281 0.00539194606244564056 0.01621426641941070557 -0.02122959308326244354 0.02564251422882080078 -0.06415122747421264648 -0.01187238004058599472 0.12868428230285644531 0.07778112590312957764 0.12637567520141601562 0.02405882067978382111
0.43046757578849792480 0.15130020678043365479 -0.03645937517285346985 -0.03704583644866943359 -0.01362880971282720566 0.02668788842856884003 0.00863267108798027039 -0.00313670001924037933 0.01182417944073677063 -0.01115263998508453369 -0.01100792177021503448 0.00458888895809650421 -0.00477367220446467400 -0.01892563700675964355 0.00390460947528481483 -0.02870589680969715118 -0.16649107635021209717 0.03901685029268264771 0.03031277656555175781 0.06641631573438644409 -0.11106707155704498291 1.00642418861389160156 0.19318734109401702881 -1.41973686218261718750 -0.45854413509368896484
-0.00008853661711327732 -0.03253196552395820618 0.00712856790050864220 -0.05360263213515281677 0.04302775859832763672 -0.00065811281092464924 0.02525663748383522034 0.02550485357642173767 -0.01792813837528228760 0.00475746998563408852 0.01834854483604431152 -0.01076014433056116104 0.03197560459375381470 0.01749502867460250854 -0.03008404374122619629 0.05336679145693778992 0.20716324448585510254 -0.02717968821525573730 -0.01045990455895662308 -0.04942904785275459290 -0.03212010115385055542 -0.10639243572950363159 0.00380730279721319675 -0.03160950541496276855 -0.04026026651263237000
0.13977217674255371094 -0.02397590503096580505 0.02255205810070037842 0.04467795416712760925 -0.00666179182007908821 -0.01581210829317569733 -0.00262653152458369732 -0.00112813781015574932 0.01585335470736026764 -0.01310924068093299866 -0.00158835842739790678 -0.00131611083634197712 0.00226274086162447929 0.00061248242855072021 0.01795397885143756866 -0.00780261447653174400 -0.04582447558641433716 -0.01387161575257778168 0.02278646267950534821 -0.01149743422865867615 0.00438092183321714401 0.13922551274299621582 -0.02105639502406120300 -0.07071863859891891479 -0.03659610822796821594
0.07337951660156250000 -0.01398137956857681274 -0.03942083567380905151 -0.05852441489696502686 -0.00449037924408912659 -0.01888066716492176056 0.00217045703902840614 0.00822188053280115128 -0.01178499311208724976 0.00955833680927753448 0.00249317078851163387 -0.01061780005693435669 -0.00601444672793149948 -0.02648168615996837616 0.01525714248418807983 -0.02340187132358551025 -0.05009281635284423828 0.01641090586781501770 -0.02171806059777736664 -0.02926698513329029083 -0.01530366577208042145 0.16192212700843811035 0.03662382438778877258 -0.09504328668117523193 0.05568385869264602661
-0.03447662666440010071 -0.00481750117614865303 0.00436839880421757698 -0.00712752481922507286 -0.00786975584924221039 0.00684025092050433159 0.00493011437356472015 -0.00625409418717026711 0.00072764104697853327 -0.00600859755650162697 0.01679554209113121033 -0.00197142455726861954 -0.00655467389151453972 0.00479996623471379280 0.00114937336184084415 -0.00181509403046220541 0.01976672001183032990 -0.00330011406913399696 0.01652669347822666168 0.06646285951137542725 -0.02433875389397144318 -0.10681976377964019775 -0.10342554003000259399 -0.03802797198295593262 -0.05731782317161560059
-0.16464599967002868652 0.04361256584525108337 -0.01633843965828418732 -0.04830267652869224548 -0.00480863032862544060 0.00463189790025353432 -0.00161380995996296406 0.00102842436172068119 0.00388266029767692089 0.01648716069757938385 0.00379609945230185986 -0.00752815976738929749 0.00157932145521044731 -0.00028813758399337530 0.00151776638813316822 -0.00329921441152691841 0.05775566026568412781 0.00009161829075310379 0.01348318625241518021 0.04076807573437690735 0.01157588325440883636 -0.11726237088441848755 -0.03396101295948028564 0.01968810148537158966 -0.02950298413634300232
-0.08762180805206298828 0.03536086156964302063 -0.10266841948032379150 -0.13413304090499877930 -0.00005580871948041022 0.03324480727314949036 0.03729797527194023132 0.04956131428480148315 -0.03556491062045097351 0.01461230497807264328 0.03223416209220886230 -0.04399342462420463562 0.05083337426185607910 0.05291670188307762146 -0.04869532957673072815 0.05687255039811134338 0.36206647753715515137 -0.03564733639359474182 -0.04013646021485328674 -0.18027698993682861328 -0.11666120588779449463 0.09332731366157531738 -0.14546447992324829102 0.17033198475837707520 0.02134524099528789520
-0.04819166660308837891 -0.04341466352343559265 0.04149213805794715881 -0.02662468329071998596 -0.00121176708489656448 -0.04777284711599349976 -0.05626514554023742676 -0.03560840710997581482 0.03072573244571685791 -0.03880026564002037048 -0.04353842511773109436 0.02869404852390289307 -0.02769211493432521820 -0.04523756727576255798 0.04641035199165344238 -0.06750140339136123657 -0.36018660664558410645 0.02231705375015735626 0.03416735306382179260 0.05863616243004798889 0.01319336611777544022 -0.09185586124658584595 0.09366544336080551147 -0.01728395745158195496 0.11357112973928451538
-0.00442154612392187119 0.01176329422742128372 -0.02440517581999301910 0.00672275386750698090 -0.01366991922259330750 -0.02106080576777458191 -0.00382773485034704208 -0.00771345756947994232 0.00042457386734895408 -0.00491450447589159012 0.00163546577095985413 -0.00171215878799557686 -0.00959670450538396835 0.00376217276789247990 0.00463601201772689819 0.01685346104204654694 -0.00346470437943935394 -0.01022592280060052872 0.00858626049011945724 -0.04538245126605033875 -0.02051790058612823486 0.14236591756343841553 0.09077925235033035278 0.08801671862602233887 0.07071384787559509277
0.06381004303693771362 0.01389126479625701904 0.00955202709883451462 0.00867724418640136719 0.01241801865398883820 -0.00080209813313558698 -0.00501575041562318802 0.00239242450334131718 0.00323255104012787342 -0.00099389022216200829 -0.00886917021125555038 0.00669762305915355682 -0.00293901422992348671 0.00094171159435063601 -0.00329373218119144440 -0.00421476550400257111 -0.00449011009186506271 -0.00103903294075280428 0.00166187784634530544 -0.06405791640281677246 -0.02242099121212959290 0.13454662263393402100 0.05513228476047515869 0.03937254846096038818 0.02816342562437057495
-0.14417110383510589600 -0.01031873654574155807 -0.00765251647680997849 -0.00197465810924768448 -0.00092529400717467070 -0.02180147729814052582 -0.00259904912672936916 -0.00076415832154452801 0.00066805578535422683 0.00412140879780054092 -0.00517819356173276901 0.00167169142514467239 -0.00443533062934875488 -0.00141679134685546160 0.00536064011976122856 0.01509239803999662399 0.01149165909737348557 0.01424875669181346893 0.02244035340845584869 -0.05200821161270141602 -0.01027312222868204117 0.10926427692174911499 0.05512956529855728149 0.08082433044910430908 0.04772760719060897827
0.11355823278427124023 -0.00399177847430109978 0.00684918323531746864 0.04174062609672546387 -0.00361109897494316101 -0.00821124576032161713 -0.00043741957051679492 0.00620386842638254166 0.00715558137744665146 -0.00126360752619802952 0.00874182861298322678 -0.00154887186363339424 0.00294040446169674397 0.01303474046289920807 0.00230086524970829487 -0.00290716369636356831 -0.00475459126755595207 -0.02339721843600273132 0.01755229756236076355 -0.07176081091165542603 -0.00606755027547478676 0.07561344653367996216 0.09517677128314971924 0.06993392854928970337 0.08490412682294845581
0.06074351072311401367 -0.03175475820899009705 0.01833934523165225983 0.00150349282193928957 -0.01485208142548799515 0.01341199129819869995 0.01443540025502443314 0.01219278387725353241 -0.00063296296866610646 0.00779595831409096718 -0.00419065728783607483 -0.01787949725985527039 0.00578881148248910904 -0.00285579659976065159 -0.00221178890205919743 -0.00199078535661101341 0.04630552232265472412 0.00144268455915153027 0.00615653395652770996 0.04413145780563354492 0.00656213378533720970 -0.06355604529380798340 -0.10047599673271179199 -0.08133316040039062500 -0.10471930354833602905
0.08165534585714340210 -0.10062607377767562866 0.02247427031397819519 0.03587647899985313416 -0.01723001524806022644 -0.01495194528251886368 -0.00905569829046726227 0.00779715180397033691 0.01937552541494369507 -0.03169642388820648193 -0.01631999574601650238 -0.00447771744802594185 -0.01593120023608207703 -0.00813467241823673248 0.02059845998883247375 -0.03207448124885559082 0.05134924501180648804 0.00767600443214178085 0.00848600454628467560 -0.05998258292675018311 -0.02765098214149475098 0.05994801595807075500 0.08960019052028656006 0.08297772705554962158 0.07537798583507537842
0.06886079162359237671 -0.05642830953001976013 0.00024305962142534554 -0.00759195908904075623 0.00397704960778355598 -0.01403280440717935562 -0.01472306437790393829 0.00897532701492309570 0.01479303371161222458 -0.00763889215886592865 -0.01435440592467784882 0.00095656135817989707 0.00600648950785398483 -0.00958839897066354752 -0.00995437987148761749 0.00220642727799713612 -0.00658590532839298248 0.00164230447262525558 0.01677347719669342041 -0.09585294872522354126 -0.00584848131984472275 0.07567487657070159912 0.05587907508015632629 0.09835044294595718384 0.10858441889286041260
0.07895705848932266235 -0.03499091044068336487 0.01659514755010604858 0.00234676757827401161 0.00540743162855505943 -0.01512516103684902191 -0.01258146762847900391 0.01152350381016731262 0.00905250106006860733 -0.01742543838918209076 -0.00022433442063629627 0.00395665084943175316 -0.01007863227277994156 -0.01341232378035783768 -0.00063240528106689453 -0.00413617631420493126 0.05111431702971458435 0.01348059810698032379 0.00146061554551124573 -0.04105846956372261047 -0.00387242995202541351 0.04304745048284530640 0.06296525150537490845 0.09695822000503540039 0.04435753822326660156
-0.22297289967536926270 0.01012901309877634048 -0.09311443567276000977 0.06531361490488052368 0.03448586165904998779 0.00371962552890181541 -0.00361554161645472050 0.01095719914883375168 -0.01264108438044786453 -0.01483625639230012894 0.00060741160996258259 -0.00906325317919254303 -0.02588652633130550385 0.00089742732234299183 0.02345694042742252350 -0.01788146421313285828 -0.09422355145215988159 0.00279053719714283943 0.03206199407577514648 0.05815772712230682373 -0.04471113532781600952 0.56397157907485961914 0.51631659269332885742 -0.63705515861511230469 -0.02737743034958839417
-0.16150304675102233887 0.02420025691390037537 -0.00134989910293370485 -0.00066762103233486414 -0.00266296695917844772 0.00417453749105334282 -0.01259151659905910492 0.01079020556062459946 0.00625032093375921249 -0.00015214695304166526 -0.00168971554376184940 0.00852104090154170990 -0.02019232511520385742 -0.00048217937001027167 -0.00428203865885734558 -0.01139561552554368973 -0.04614621773362159729 0.00674904743209481239 0.00365216843783855438 -0.03216540813446044922 -0.00379479187540709972 0.11977996677160263062 0.08312609791755676270 0.09755823016166687012 0.11140859127044677734
0.12261069566011428833 -0.01463174726814031601 -0.00219151261262595654 -0.00538591481745243073 0.00420718267560005188 0.03016629628837108612 0.01218902505934238434 0.00355367804877460003 -0.00821714475750923157 0.00558552425354719162 0.00689030904322862625 -0.00265506422147154808 0.00795925315469503403 0.00432529347017407417 -0.01478283666074275970 0.00475609442219138145 -0.04092310741543769836 0.00950639322400093079 0.01320149283856153488 0.05463296547532081604 0.00566494325175881386 -0.13736376166343688965 -0.09759709984064102173 -0.06637092679738998413 -0.04754101857542991638
-0.15519896149635314941 0.01971221156418323517 -0.02498367428779602051 0.02009969204664230347 -0.01416364870965480804 -0.00148442923091351986 -0.00083667691797018051 -0.00005090293416287750 0.00046305329306051135 -0.01133375987410545349 -0.00627325614914298058 -0.00429984414950013161 -0.00816071219742298126 -0.00904364511370658875 0.00617389101535081863 -0.00853038392961025238 0.03746055811643600464 0.00164873572066426277 -0.02109681628644466400 -0.06084972620010375977 -0.03543611243367195129 0.03304208070039749146 0.04077832773327827454 0.10848857462406158447 0.01969223283231258392
0.12591856718063354492 -0.13087008893489837646 -0.07368455827236175537 -0.02831860445439815521 0.03889705240726470947 0.02627907693386077881 0.01209834404289722443 0.02123816311359405518 -0.01167186908423900604 0.02082221210002899170 0.03234212473034858704 -0.02011287957429885864 0.03389175981283187866 0.03236625716090202332 -0.01509298477321863174 0.06112339720129966736 0.18845199048519134521 -0.04746548086404800415 -0.04576305672526359558 -0.09525182098150253296 -0.06415081024169921875 0.00140743376687169075 -0.00551254115998744965 0.03708376362919807434 0.00201764400117099285
-0.08346625417470932007 -0.04490252211689949036 0.00352271040901541710 -0.00310656428337097168 -0.00636012246832251549 0.00561794871464371681 0.02026512473821640015 0.00634969631209969521 0.00748979859054088593 -0.02429960854351520538 -0.00314226094633340836 -0.00606106268242001534 0.00388632412068545818 -0.00376013247296214104 -0.00339507404714822769 -0.00247113732621073723 0.06696376949548721313 -0.00449053151533007622 -0.01015963498502969742 -0.08585032820701599121 -0.01341776829212903976 0.09794012457132339478 0.08201106637716293335 0.10760540515184402466 0.10192693769931793213
-0.01478934753686189651 -0.01901091635227203369 0.02059395983815193176 0.03711666911840438843 0.00163163815159350634 -0.00363069935701787472 -0.01299316808581352234 -0.01743007078766822815 0.00896982010453939438 -0.01522816251963376999 -0.01403069216758012772 -0.00379008147865533829 0.00427847728133201599 0.00034818984568119049 0.00847738888114690781 -0.01023259013891220093 -0.03294510766863822937 0.00111541117075830698 0.01170866936445236206 -0.03147822618484497070 -0.02712097764015197754 0.11373415589332580566 0.08425407111644744873 0.11163098365068435669 0.11020398885011672974
-0.10451751202344894409 0.01916323043406009674 -0.00592476176097989082 -0.00108586438000202179 0.00910953339189291000 0.00165475090034306049 0.00291020050644874573 0.00592929404228925705 0.00328879570588469505 -0.00565500417724251747 -0.00418041925877332687 0.00640574702993035316 0.01015161443501710892 -0.01763877086341381073 -0.01146749593317508698 -0.03021513670682907104 0.00680833403021097183 -0.01807411387562751770 0.00067935278639197350 -0.05726709589362144470 -0.02423888258635997772 0.08909864723682403564 0.08551381528377532959 0.07566919177770614624 0.03792933747172355652
0.01716223731637001038 0.05079454928636550903 0.01255293469876050949 -0.03137780353426933289 -0.00649052439257502556 0.01135001145303249359 0.00470947287976741791 -0.00593082420527935028 -0.00142853753641247749 -0.01284686662256717682 -0.00283169909380376339 0.00961141474545001984 -0.00108418043237179518 -0.01325675379484891891 -0.00164639216382056475 0.01413212344050407410 -0.02455296553671360016 -0.01013443805277347565 -0.00421267189085483551 0.04533594846725463867 -0.01221279520541429520 -0.14479485154151916504 -0.13618139922618865967 -0.05717474594712257385 -0.10640023648738861084
0.65161913633346557617 -0.12111079692840576172 -0.08237902820110321045 0.02672703936696052551 -0.00274558900855481625 0.00049532344564795494 0.00973032601177692413 -0.00365363829769194126 -0.00266500888392329216 0.00348676508292555809 -0.00338955596089363098 0.00679843593388795853 0.00568175967782735825 -0.00726471003144979477 0.00029107026057317853 -0.01556334923952817917 -0.03911682963371276855 0.01314922235906124115 0.00464324699714779854 0.04896995052695274353 0.12643651664257049561 -0.55398809909820556641 -0.33320406079292297363 0.44319283962249755859 0.00459068082273006439
-0.37679216265678405762 0.13850452005863189697 -0.03101029433310031891 -0.09520470350980758667 0.00302602862939238548 0.00243331142701208591 0.02693986333906650543 0.01882597245275974274 -0.01258333679288625717 0.03680689632892608643 0.01940207742154598236 -0.01770753413438796997 0.03901139274239540100 0.00984795298427343369 -0.01455748546868562698 0.03085719048976898193 0.25684672594070434570 -0.02716153673827648163 -0.01842416450381278992 -0.10475239157676696777 -0.06654794514179229736 0.22063079476356506348 0.22234287858009338379 0.08201104402542114258 0.15956205129623413086
0.13295316696166992188 0.05518150329589843750 -0.00296975229866802692 0.00175372185185551643 0.00852004345506429672 -0.01897382177412509918 -0.00140270031988620758 0.00744958734139800072 0.00534374918788671494 0.01034695375710725784 -0.00286495801992714405 0.00554578471928834915 -0.00907415337860584259 0.00959021318703889847 -0.00419888505712151527 -0.00733130285516381264 0.00069330842234194279 -0.02321273274719715118 0.00274816178716719151 -0.01538444496691226959 -0.03955002501606941223 0.13504627346992492676 0.11333923041820526123 0.11322824656963348389 0.06529995799064636230
0.03235686197876930237 -0.05497150123119354248 0.04668715596199035645 0.03203813359141349792 -0.01912279985845088959 -0.00397254293784499168 -0.01766803115606307983 0.00413632811978459358 -0.00155088445171713829 0.00615318678319454193 -0.01845222525298595428 0.01137769501656293869 0.00213228887878358364 0.00398585107177495956 0.01043124869465827942 0.00060068711172789335 -0.07685214281082153320 -0.01417591143399477005 0.00249469233676791191 -0.07300629466772079468 -0.02860853075981140137 0.17301306128501892090 0.06773303449153900146 -0.10922861844301223755 -0.01730314642190933228
-0.28455916047096252441 -0.02377118356525897980 -0.02316709794104099274 0.00620625540614128113 0.01697533577680587769 -0.01929320394992828369 -0.00646216096356511116 -0.02914245799183845520 0.01224425528198480606 -0.01930790394544601440 -0.02656175941228866577 0.02169379219412803650 -0.02611891366541385651 -0.02916283532977104187 0.02692233398556709290 -0.01602371037006378174 -0.09989725053310394287 -0.00012763797712977976 0.01971367001533508301 -0.05821045860648155212 0.06827864795923233032 -0.40109676122665405273 -0.35823050141334533691 0.30271902680397033691 -0.15661630034446716309
0.08792073279619216919 0.28933516144752502441 -0.07591781765222549438 -0.04618804529309272766 0.00989111792296171188 0.00924108829349279404 -0.00218050321564078331 0.01072177849709987640 -0.00243158661760389805 0.01538975071161985397 0.01427936647087335587 -0.01418916508555412292 0.01213718578219413757 0.01258333027362823486 -0.02600945532321929932 0.04456946998834609985 0.21555127203464508057 -0.00982858426868915558 -0.01934954896569252014 -0.08059525489807128906 -0.06648830324411392212 0.19604949653148651123 0.29801613092422485352 -0.13684996962547302246 0.03649483621120452881
-0.04998872056603431702 0.00421323440968990326 0.01429973263293504715 0.02442339435219764709 0.00086073722923174500 -0.03482175990939140320 -0.00362702389247715473 -0.01000927388668060303 -0.00281955674290657043 -0.00004703128070104867 -0.00058415957028046250 0.00343105243518948555 -0.00886385515332221985 0.00881082378327846527 -0.00734724989160895348 0.01281241513788700104 -0.01782019808888435364 -0.00171023595612496138 -0.00381262553855776787 -0.05286711081862449646 0.01809775084257125854 0.05063976719975471497 0.10296741873025894165 0.12738025188446044922 0.11049113422632217407
0.82400459051132202148 -0.02450678311288356781 -0.03950511291623115540 -0.01623742096126079559 -0.04924989864230155945 0.01157868001610040665 -0.00986466463655233383 -0.01621176488697528839 0.00848207995295524597 -0.02245905995368957520 -0.00678225513547658920 0.01060415897518396378 -0.01735517568886280060 -0.01673165522515773773 0.01986325345933437347 -0.03768637403845787048 -0.29754161834716796875 0.00877823960036039352 0.02496541664004325867 0.07964178919792175293 0.11882026493549346924 -0.30080270767211914062 -0.23051902651786804199 -0.31549069285392761230 -0.28156301379203796387
-0.20845517516136169434 0.05648939684033393860 -0.02058458328247070312 -0.03484595194458961487 -0.00625156238675117493 0.01398774515837430954 -0.00202328851446509361 -0.00318058300763368607 -0.01245331764221191406 -0.00872888416051864624 -0.01291802432388067245 -0.01495486125349998474 -0.00727580394595861435 -0.00308314780704677105 0.00299567659385502338 -0.00851853471249341965 0.00609573721885681152 -0.01001074817031621933 -0.01701197586953639984 0.01043989975005388260 0.03677182272076606750 -0.13834930956363677979 0.00797162577509880066 0.01546945422887802124 -0.03530218452215194702
-0.04154261574149131775 -0.07877446711063385010 0.04488920792937278748 0.04694912210106849670 -0.04281417652964591980 -0.00378586817532777786 -0.02130006998777389526 -0.02703631669282913208 0.02583919093012809753 -0.01295536849647760391 -0.00554078351706266403 0.01818971149623394012 -0.03421153500676155090 -0.04577361047267913818 0.05461528524756431580 -0.07422410696744918823 -0.35535672307014465332 0.06399933993816375732 0.03776102885603904724 0.08991366624832153320 0.01523899286985397339 0.40579390525817871094 0.73291116952896118164 -0.03011037781834602356 0.74597162008285522461
-0.19667534530162811279 0.05322602763772010803 0.00415901839733123779 0.01215455681085586548 -0.00313325668685138226 0.00550840143114328384 -0.02129296772181987762 -0.00685262866318225861 -0.00135745608713477850 -0.01625690422952175140 0.00226597860455513000 0.01205950602889060974 -0.00661013554781675339 -0.00037087604869157076 0.00168045656755566597 -0.00205454602837562561 -0.05366799235343933105 0.00541907967999577522 -0.01509030908346176147 0.00048991688527166843 0.01730262674391269684 -0.30287644267082214355 -0.22204092144966125488 0.54375767707824707031 -0.24478182196617126465
0.08040723949670791626 -0.01661044172942638397 0.01893950439989566803 0.01997096650302410126 0.03583265095949172974 -0.01188430469483137131 -0.01243751961737871170 -0.01900577917695045471 0.03768970444798469543 -0.01820847764611244202 -0.02264589443802833557 0.03013621643185615540 -0.02964150719344615936 -0.02077264524996280670 0.03009874373674392700 -0.04764231666922569275 -0.24177211523056030273 0.03607032075524330139 0.01673636585474014282 -0.00187909521628171206 -0.04390076547861099243 0.29466578364372253418 0.30139607191085815430 -0.04849380627274513245 0.21650201082229614258
0.36182445287704467773 0.01530945021659135818 0.06679657846689224243 0.12215681374073028564 -0.02366661094129085541 -0.00381392706185579300 -0.02664205990731716156 -0.01492176856845617294 0.01384530402719974518 -0.01466196402907371521 0.00113723892718553543 0.01280140597373247147 0.00042064732406288385 -0.01105063315480947495 0.00374956848099827766 -0.04122020304203033447 -0.19061444699764251709 0.02749674580991268158 0.03467629104852676392 0.16270209848880767822 0.02096780017018318176 -0.27751627564430236816 -0.29110395908355712891 -0.04927751421928405762 -0.17558769881725311279
-0.11306170374155044556 0.03133484348654747009 -0.02084110863506793976 -0.01911958307027816772 -0.01475910190492868423 0.01250678114593029022 -0.00083639286458492279 0.00224875053390860558 0.00186546868644654751 -0.00095560034969821572 -0.00973001215606927872 0.00943595729768276215 0.01075399480760097504 0.00734419049695134163 0.00627315603196620941 0.00422986689954996109 -0.00625375565141439438 0.00107900775037705898 -0.00379803543910384178 0.04394929856061935425 0.01647594012320041656 -0.10120696574449539185 -0.09686540812253952026 -0.09235631674528121948 -0.07748799026012420654
-0.11762582510709762573 -0.08630381524562835693 -0.01270118262618780136 -0.04937167838215827942 0.03567802906036376953 0.00593880284577608109 -0.00098612415604293346 0.01671924628317356110 -0.01526287849992513657 0.02537043578922748566 0.02470686100423336029 -0.01664573885500431061 -0.00162266183178871870 0.01485794037580490112 -0.00452236458659172058 0.00416659703478217125 0.10346967726945877075 -0.01512832473963499069 0.00044403810170479119 -0.02826875075697898865 0.00633463216945528984 -0.31270617246627807617 -0.51421546936035156250 0.45478200912475585938 -0.14385628700256347656
0.01760244928300380707 0.01021991204470396042 -0.00135106022935360670 -0.01465902011841535568 -0.00698960945010185242 -0.00377085292711853981 -0.01409901306033134460 0.00393396196886897087 -0.00513977371156215668 -0.00701736845076084137 -0.00791634432971477509 0.01464794948697090149 0.00373513204976916313 -0.00716859381645917892 -0.01235258486121892929 -0.02405655197799205780 0.06200340017676353455 -0.02463342808187007904 -0.00409024022519588470 -0.05189613625407218933 -0.02239158749580383301 0.07036684453487396240 0.08850650489330291748 0.11425723880529403687 0.05132393166422843933
0.15401397645473480225 -0.00799551978707313538 0.00224956939928233624 0.06513449549674987793 0.00716566992923617363 -0.01948309689760208130 0.00166499265469610691 -0.00276840454898774624 -0.00866086408495903015 -0.01750589907169342041 0.00203832378610968590 0.01019797381013631821 0.00475882366299629211 -0.01057654805481433868 0.01592727005481719971 0.00921070016920566559 -0.06530270725488662720 -0.00178371393121778965 -0.00466004293411970139 -0.03576632961630821228 -0.02419285662472248077 0.11592891067266464233 0.08554779738187789917 -0.02542842179536819458 0.01961168088018894196
0.11026159673929214478 -0.00423883879557251930 -0.00307352771051228046 -0.00842904672026634216 0.01078852359205484390 -0.00352465733885765076 -0.00562829710543155670 0.00233375909738242626 0.00131981191225349903 -0.00796902272850275040 -0.00664355326443910599 0.01103629637509584427 0.00429558241739869118 -0.00548909744247794151 0.00184661219827830791 -0.02172252349555492401 0.02309294417500495911 -0.00226717675104737282 -0.00365709606558084488 -0.05097230896353721619 -0.01829326525330543518 0.11753406375646591187 0.10980707406997680664 0.08263196051120758057 0.04950856417417526245
0.09170688688755035400 0.02126420848071575165 0.01045862864702939987 -0.00005451080505736172 -0.00751505047082901001 0.00331442151218652725 -0.01328186783939599991 0.00036204198841005564 -0.00337252905592322350 -0.00362199754454195499 -0.00127426465041935444 0.00990911852568387985 -0.01190854981541633606 -0.01120505481958389282 0.00419680075719952583 0.00085226143710315228 -0.02579393051564693451 -0.01981299370527267456 -0.00411487650126218796 -0.01944318227469921112 -0.01731079816818237305 0.11596161872148513794 0.09130214154720306396 0.04427647590637207031 0.07398260384798049927
-0.62313294410705566406 0.08654239028692245483 0.09297478944063186646 0.06106273084878921509 -0.04096715897321701050 -0.04176604375243186951 -0.05533505231142044067 -0.03766252472996711731 0.00915698241442441940 -0.01124651823192834854 -0.02592019550502300262 -0.00947890151292085648 -0.01944605819880962372 0.02261949330568313599 0.01178834214806556702 0.01349513605237007141 0.02024438604712486267 -0.00695608742535114288 0.05338181555271148682 0.25799643993377685547 0.16892135143280029297 -0.47560933232307434082 -0.20554956793785095215 0.03650416806340217590 -0.42994549870491027832
0.12237978726625442505 -0.00392227061092853546 -0.01351717114448547363 0.01712352968752384186 0.01424372196197509766 -0.01293509267270565033 -0.01538061536848545074 -0.02073330245912075043 -0.00095605169190093875 0.00085267832037061453 0.00601567281410098076 0.01240640785545110703 -0.00833329744637012482 0.00201798579655587673 0.00203263806179165840 -0.02030557766556739807 0.01996400393545627594 -0.00432302476838231087 0.00413692835718393326 -0.07789752632379531860 -0.00627804780378937721 0.11065752804279327393 0.10727898776531219482 0.07560744881629943848 0.05339543521404266357
-0.49063891172409057617 0.17502813041210174561 0.11901925504207611084 -0.04096567630767822266 0.02785887569189071655 0.01283585000783205032 0.03614853695034980774 0.04735637083649635315 -0.03087399527430534363 0.01924575492739677429 0.02260808460414409637 -0.04280756041407585144 0.03260495513677597046 0.04024122282862663269 -0.05384118482470512390 0.08341766893863677979 0.32095342874526977539 -0.02537703514099121094 -0.00153033575043082237 -0.02842607349157333374 -0.05939195305109024048 0.37780374288558959961 0.19065801799297332764 0.30684208869934082031 -0.05882795900106430054
-0.00095141696510836482 -0.01514128968119621277 -0.00894492305815219879 0.03331226855516433716 -0.04804340749979019165 -0.01551782898604869843 -0.01785464584827423096 -0.03277521580457687378 0.01761175133287906647 -0.02746664173901081085 -0.00624912232160568237 0.02691806852817535400 -0.02063975483179092407 -0.01334568392485380173 0.01946751214563846588 -0.04153546690940856934 -0.08980040997266769409 0.02034596167504787445 0.02995742484927177429 0.02209432981908321381 -0.00040448317304253578 0.06878818571567535400 0.02132693305611610413 -0.00552199641242623329 0.02732484601438045502
0.12743766605854034424 -0.02199088409543037415 0.03884453326463699341 0.01238328777253627777 -0.01167551241815090179 -0.01040113996714353561 -0.00051728961989283562 0.02332084253430366516 -0.00655902922153472900 0.00097185245249420404 0.00489397952333092690 -0.00827081408351659775 -0.00446465518325567245 -0.01138606853783130646 -0.00498669082298874855 0.00647652940824627876 -0.03269491344690322876 0.00065654271747916937 -0.01599546708166599274 -0.02619022503495216370 -0.01289480831474065781 0.15721026062965393066 0.02354899048805236816 -0.00464590219780802727 -0.03032233752310276031
0.05764120072126388550 0.12457788735628128052 0.01630854792892932892 -0.00849286746233701706 0.01460322737693786621 0.03833454847335815430 0.00384485279209911823 0.01279122196137905121 -0.02499528415501117706 0.02591814845800399780 0.01353520993143320084 -0.02263700589537620544 0.01678702980279922485 0.00921633094549179077 -0.00395093858242034912 0.01785267144441604614 0.03063209727406501770 0.00842614378780126572 0.02373206429183483124 -0.01317469403147697449 -0.09059713780879974365 0.29390755295753479004 0.14543980360031127930 -0.12602689862251281738 0.10869602859020233154
0.08933134377002716064 0.06865232437849044800 0.03585691377520561218 -0.01450014021247625351 0.04953218623995780945 -0.01414789818227291107 -0.01492015272378921509 -0.02786776423454284668 0.03518905118107795715 -0.02100108191370964050 -0.02635053172707557678 0.02961573190987110138 -0.04714006558060646057 -0.03218194842338562012 0.03990419954061508179 -0.07478574663400650024 -0.32529076933860778809 0.05135165154933929443 0.03097335435450077057 0.05445728823542594910 0.03479291498661041260 0.05701967701315879822 -0.01659482531249523163 -0.09797855466604232788 0.05721259489655494690
-0.05716191232204437256 0.06366659700870513916 -0.05035743117332458496 0.01495326403528451920 0.01677791774272918701 -0.00882517825812101364 0.01039454154670238495 -0.01332623604685068130 -0.00030935602262616158 0.00633614649996161461 -0.02029942348599433899 0.00395644083619117737 0.00568408658728003502 -0.01043605804443359375 0.00408125994727015495 -0.01978011243045330048 -0.01336565054953098297 0.00899555534124374390 -0.00113261875230818987 -0.04173754155635833740 0.02976086363196372986 0.07439228147268295288 0.03298216685652732849 0.09425992518663406372 0.04323470965027809143
0.23210099339485168457 0.02980235405266284943 0.09307614713907241821 0.07950714975595474243 -0.06353821605443954468 -0.04532180726528167725 -0.03595775738358497620 -0.03824857994914054871 0.06113486364483833313 -0.02927912212908267975 -0.04947724938392639160 0.04055526107549667358 -0.03459108620882034302 -0.04518982395529747009 0.04408919811248779297 -0.10651267319917678833 -0.52791309356689453125 0.06376607716083526611 0.06022929400205612183 0.16633383929729461670 0.08940849453210830688 -0.04030983522534370422 -0.04861483722925186157 -0.31689053773880004883 0.15614373981952667236
0.08988402038812637329 -0.04456672444939613342 0.01414004061371088028 -0.01545819547027349472 0.00531961955130100250 0.02288723923265933990 -0.01990143954753875732 0.00384576199576258659 -0.00166940945200622082 0.00015823083231225610 0.00075715599814429879 -0.01362218894064426422 0.00648356648162007332 -0.01030820049345493317 0.01079022511839866638 -0.00345114758238196373 -0.02634027600288391113 -0.01228429097682237625 -0.00405925279483199120 0.03285767138004302979 -0.00099736289121210575 -0.13655294477939605713 -0.04574723541736602783 -0.08717119693756103516 -0.04896961152553558350
-0.67654347419738769531 0.14391288161277770996 0.01833739876747131348 -0.01905882544815540314 0.01460527442395687103 -0.00846526864916086197 -0.00152474152855575085 -0.00626010959967970848 0.00620038108900189400 0.02131480909883975983 0.00786999613046646118 -0.01050583925098180771 -0.00064983183983713388 -0.00063863559626042843 0.01221518218517303467 0.01392333861440420151 0.06458268314599990845 -0.01558888144791126251 -0.01494109630584716797 -0.04853936284780502319 -0.11873383820056915283 0.51163738965988159180 0.26092243194580078125 -0.34125408530235290527 0.08986403793096542358
0.11959669739007949829 -0.14717744290828704834 -0.13168758153915405273 -0.02276083081960678101 -0.02034649625420570374 -0.01176601741462945938 0.03141480311751365662 -0.01103086583316326141 -0.01783236116170883179 0.00941881071776151657 -0.00529237510636448860 0.00234689912758767605 -0.00451157754287123680 0.00166658894158899784 0.01300059352070093155 -0.00941438041627407074 -0.08740746974945068359 -0.00030034434166736901 0.03156469017267227173 -0.03466378897428512573 0.00406438438221812248 -0.35537534952163696289 -0.71545273065567016602 0.16337262094020843506 -0.50434041023254394531
-0.47160616517066955566 0.01605713926255702972 0.15786181390285491943 0.01595289260149002075 0.01934373565018177032 0.02275192737579345703 0.00123598636128008366 0.00016964506357908249 -0.01162057928740978241 0.01600575260818004608 0.02401966229081153870 -0.01277528610080480576 0.00342793948948383331 0.01831662282347679138 -0.02137988805770874023 0.04121559485793113708 0.15749189257621765137 -0.03443744406104087830 -0.00204054522328078747 0.03354321792721748352 -0.01430948637425899506 0.52692073583602905273 0.55532109737396240234 -0.27728056907653808594 0.29673868417739868164
0.16025781631469726562 -0.00106776086613535881 0.04115151613950729370 0.00305879209190607071 -0.00845199264585971832 0.01046318560838699341 -0.00082775205373764038 -0.00670222006738185883 0.00238475995138287544 0.00784466695040464401 0.01097937766462564468 0.00269275438040494919 -0.00046297206426970661 0.01513290870934724808 -0.01545954681932926178 0.01392413768917322159 -0.00700516486540436745 0.01064726430922746658 0.01146720815449953079 0.08846095949411392212 0.02403914742171764374 -0.08559371531009674072 -0.09561607986688613892 -0.07480929791927337646 -0.03250302374362945557
-0.10739875584840774536 0.04832066968083381653 0.05291401594877243042 0.02382262237370014191 -0.02493300102651119232 0.00585020985454320908 -0.00104872055817395449 -0.02232339605689048767 0.01068177074193954468 -0.02113873884081840515 -0.01738443970680236816 0.00438906857743859291 -0.00258073327131569386 -0.01801842451095581055 0.00858523603528738022 -0.01214993000030517578 -0.08381894230842590332 0.00781010277569293976 0.01853275671601295471 0.06384032964706420898 0.04692840203642845154 -0.33757045865058898926 -0.25902029871940612793 0.38320779800415039062 0.03387811779975891113
-0.15512283146381378174 0.05519974976778030396 -0.00197729724459350109 -0.03016291558742523193 -0.01423828583210706711 -0.00589900929480791092 0.01233517657965421677 0.01424096431583166122 -0.01977402530610561371 0.00699838250875473022 -0.00087857886683195829 0.00135365594178438187 0.00955694261938333511 -0.00529777910560369492 -0.00270547461695969105 -0.00065959175117313862 0.01059909164905548096 -0.01287203282117843628 -0.00384755153208971024 0.03049445524811744690 0.00351424608379602432 -0.08900266140699386597 -0.03580140322446823120 0.03179324045777320862 -0.08100149035453796387
0.00237964768894016743 -0.00614605797454714775 -0.05979167297482490540 -0.00777809973806142807 0.00304880784824490547 -0.01876780949532985687 0.00728192226961255074 -0.00854570046067237854 0.00603830022737383842 -0.00645473087206482887 0.00509865861386060715 0.00626918673515319824 -0.01743505150079727173 0.00967479217797517776 -0.01218282710760831833 0.00854994542896747589 -0.04661285132169723511 -0.00456708716228604317 -0.00188279023859649897 0.00527588790282607079 -0.00396438874304294586 0.14577141404151916504 0.01265159063041210175 -0.00528879836201667786 0.07587386667728424072
