-0.35362839698791503906
-0.25450670719146728516
0.11945364624261856079
-0.08725145459175109863
-0.03719567507505416870
0.04654558002948760986
0.09033985435962677002
-0.07278975844383239746
-0.10412207990884780884
-0.09783555567264556885
0.15866047143936157227
0.11595245450735092163
0.18697683513164520264
0.18248575925827026367
0.18544174730777740479
0.19999404251575469971
0.25085720419883728027
0.34895613789558410645
0.51274770498275756836
0.49000987410545349121
0.63652741909027099609
0.73790121078491210938
-0.81796032190322875977
0.87597656250000000000
1.12327682971954345703
