-2.2258 13.962 -51.19
3.3014 7.6891 9.1965
27.276 -7.3438 -2.3662
-10.469 -31.859 -11.418
-20.109 31.513 4.5882
-39.298 -10.364 -9.6037
3.3014 -46.425 -57.463
27.276 -34.863 -72.496
-10.469 -25.811 -97.011
-20.109 -41.817 -33.639
-39.298 -27.625 -75.516
3.3014 74.348 -44.918
27.276 62.786 -29.885
-10.469 53.734 -5.3698
-20.109 69.74 -68.742
-39.298 55.548 -26.865
58.161 7.6891 -56.717
46.598 -7.3438 -80.692
37.547 -31.859 -42.947
53.553 31.513 -33.307
39.361 -10.364 -14.118
-62.613 7.6891 -45.663
-51.05 -7.3438 -21.689
-41.998 -31.859 -59.434
-58.004 31.513 -69.074
-43.812 -10.364 -88.263
3.3014 20.234 -111.58
27.276 35.267 -100.01
-10.469 59.782 -90.963
-20.109 -3.59 -106.97
-39.298 38.287 -92.777
