0.55980181694030761719
-0.49756973981857299805
-0.56944584846496582031
-0.67451173067092895508
0.83017379045486450195
1.02846503257751464844
1.38398361206054687500
-1.25602138042449951172
-1.26464259624481201172
1.50449025630950927734
1.39536488056182861328
1.18494141101837158203
1.64621782302856445312
1.46940159797668457031
1.69637179374694824219
-1.74601614475250244141
-1.47801625728607177734
1.27147674560546875000
1.27760422229766845703
-1.46022343635559082031
1.42778396606445312500
-1.55834746360778808594
1.53668665885925292969
1.62796521186828613281
1.80131685733795166016
